319, 22, 2, 2, 33, 0
319, 22, 1, 3, 22, 0
319, 22, 3, 7, 26, 0
319, 22, 1, 8, 37, 0
319, 22, 2, 14, 30, 0
319, 22, 0, 14, 39, 0
319, 22, 3, 17, 29, 0
319, 22, 2, 18, 27, 0
319, 22, 3, 18, 37, 0
319, 22, 3, 21, 26, 0
319, 22, 1, 21, 33, 0
319, 22, 0, 22, 37, 0
319, 22, 1, 23, 27, 0
319, 22, 2, 25, 32, 0
319, 22, 3, 26, 41, 0
319, 22, 0, 28, 25, 0
319, 22, 2, 28, 32, 0
319, 22, 3, 28, 36, 0
319, 22, 1, 30, 29, 0
319, 22, 0, 30, 38, 0
319, 22, 3, 32, 24, 0
319, 22, 2, 33, 26, 0
319, 22, 1, 34, 41, 0
319, 22, 2, 34, 47, 0
319, 22, 1, 35, 24, 0
319, 22, 0, 38, 27, 0
319, 22, 2, 38, 41, 0
319, 22, 0, 38, 48, 0
319, 22, 3, 40, 24, 0
319, 22, 2, 41, 30, 0
319, 22, 1, 41, 47, 0
319, 22, 2, 43, 22, 0
319, 22, 2, 43, 44, 0
319, 22, 1, 44, 27, 0
319, 22, 1, 46, 21, 0
319, 22, 1, 46, 33, 0
319, 22, 3, 46, 40, 0
319, 22, 2, 47, 18, 0
319, 22, 0, 47, 30, 0
319, 22, 3, 48, 27, 0
319, 22, 1, 50, 15, 0
319, 22, 0, 50, 24, 0
319, 22, 3, 52, 23, 0
319, 22, 0, 53, 13, 0
319, 22, 3, 53, 18, 0
319, 22, 3, 57, 21, 0
319, 22, 1, 59, 14, 0
319, 22, 0, 61, 19, 0
319, 22, 1, 62, 15, 0
319, 22, 2, 62, 21, 0
319, 22, 3, 1, 35, 1
319, 22, 3, 3, 20, 1
319, 22, 1, 4, 36, 1
319, 22, 0, 6, 39, 1
319, 22, 0, 7, 22, 1
319, 22, 2, 9, 24, 1
319, 22, 2, 9, 41, 1
319, 22, 3, 10, 26, 1
319, 22, 0, 12, 24, 1
319, 22, 3, 12, 43, 1
319, 22, 2, 15, 25, 1
319, 22, 0, 17, 44, 1
319, 22, 0, 18, 23, 1
319, 22, 3, 19, 25, 1
319, 22, 2, 19, 39, 1
319, 22, 2, 22, 43, 1
319, 22, 0, 24, 25, 1
319, 22, 3, 24, 43, 1
319, 22, 1, 25, 23, 1
319, 22, 2, 27, 45, 1
319, 22, 3, 29, 34, 1
319, 22, 1, 30, 48, 1
319, 22, 2, 31, 31, 1
319, 22, 3, 33, 19, 1
319, 22, 3, 33, 29, 1
319, 22, 0, 33, 51, 1
319, 22, 2, 34, 39, 1
319, 22, 1, 38, 23, 1
319, 22, 0, 38, 31, 1
319, 22, 1, 38, 36, 1
319, 22, 3, 38, 52, 1
319, 22, 3, 39, 20, 1
319, 22, 3, 42, 49, 1
319, 22, 2, 43, 20, 1
319, 22, 3, 46, 16, 1
319, 22, 2, 47, 45, 1
319, 22, 1, 48, 36, 1
319, 22, 0, 50, 39, 1
319, 22, 1, 51, 12, 1
319, 22, 3, 51, 26, 1
319, 22, 1, 52, 31, 1
319, 22, 3, 54, 26, 1
319, 22, 0, 55, 12, 1
319, 22, 2, 57, 23, 1
319, 22, 1, 60, 11, 1
319, 22, 2, 60, 25, 1
320, 22, 0, 0, 22, 0
320, 22, 3, 0, 23, 0
320, 22, 2, 0, 28, 0
320, 22, 1, 1, 26, 0
320, 22, 3, 1, 28, 0
320, 22, 2, 1, 29, 0
320, 22, 1, 1, 31, 0
320, 22, 3, 1, 32, 0
320, 22, 1, 2, 22, 0
320, 22, 0, 2, 23, 0
320, 22, 2, 2, 32, 0
320, 22, 2, 3, 23, 0
320, 22, 3, 3, 24, 0
320, 22, 3, 3, 27, 0
320, 22, 2, 3, 28, 0
320, 22, 1, 3, 29, 0
320, 22, 0, 3, 33, 0
320, 22, 3, 4, 29, 0
320, 22, 2, 4, 33, 0
320, 22, 0, 5, 28, 0
320, 22, 1, 5, 29, 0
320, 22, 2, 5, 34, 0
320, 22, 0, 7, 34, 0
320, 22, 2, 7, 35, 0
320, 22, 0, 8, 31, 0
320, 22, 2, 8, 36, 0
320, 22, 1, 9, 36, 0
320, 22, 0, 9, 37, 0
320, 22, 0, 10, 28, 0
320, 22, 1, 10, 31, 0
320, 22, 1, 10, 37, 0
320, 22, 0, 10, 38, 0
320, 22, 1, 12, 27, 0
320, 22, 2, 12, 31, 0
320, 22, 3, 12, 39, 0
320, 22, 3, 13, 28, 0
320, 22, 2, 13, 29, 0
320, 22, 0, 13, 39, 0
320, 22, 1, 14, 28, 0
320, 22, 2, 14, 29, 0
320, 22, 0, 14, 34, 0
320, 22, 1, 14, 38, 0
320, 22, 3, 15, 30, 0
320, 22, 1, 15, 34, 0
320, 22, 3, 15, 37, 0
320, 22, 2, 15, 39, 0
320, 22, 1, 16, 30, 0
320, 22, 1, 16, 31, 0
320, 22, 0, 17, 28, 0
320, 22, 0, 17, 30, 0
320, 22, 2, 17, 33, 0
320, 22, 3, 17, 37, 0
320, 22, 0, 17, 38, 0
320, 22, 0, 17, 39, 0
320, 22, 3, 18, 28, 0
320, 22, 2, 18, 29, 0
320, 22, 3, 18, 30, 0
320, 22, 1, 18, 36, 0
320, 22, 2, 19, 27, 0
320, 22, 1, 19, 28, 0
320, 22, 0, 19, 36, 0
320, 22, 1, 20, 27, 0
320, 22, 0, 20, 33, 0
320, 22, 0, 21, 27, 0
320, 22, 0, 21, 29, 0
320, 22, 3, 21, 32, 0
320, 22, 1, 21, 34, 0
320, 22, 3, 21, 36, 0
320, 22, 2, 21, 37, 0
320, 22, 2, 22, 27, 0
320, 22, 1, 22, 33, 0
320, 22, 2, 22, 36, 0
320, 22, 3, 22, 38, 0
320, 22, 3, 23, 28, 0
320, 22, 3, 23, 31, 0
320, 22, 0, 23, 37, 0
320, 22, 1, 23, 38, 0
320, 22, 1, 24, 27, 0
320, 22, 2, 24, 28, 0
320, 22, 2, 24, 29, 0
320, 22, 3, 24, 32, 0
320, 22, 1, 25, 27, 0
320, 22, 1, 25, 31, 0
320, 22, 0, 25, 33, 0
320, 22, 0, 25, 40, 0
320, 22, 1, 26, 28, 0
320, 22, 0, 26, 32, 0
320, 22, 2, 26, 40, 0
320, 22, 3, 27, 26, 0
320, 22, 2, 27, 32, 0
320, 22, 3, 27, 33, 0
320, 22, 3, 27, 36, 0
320, 22, 1, 27, 41, 0
320, 22, 2, 28, 26, 0
320, 22, 0, 28, 31, 0
320, 22, 2, 28, 37, 0
320, 22, 3, 28, 41, 0
320, 22, 0, 28, 42, 0
320, 22, 0, 29, 25, 0
320, 22, 0, 29, 26, 0
320, 22, 3, 29, 29, 0
320, 22, 1, 29, 37, 0
320, 22, 3, 29, 38, 0
320, 22, 3, 30, 25, 0
320, 22, 0, 30, 28, 0
320, 22, 0, 30, 39, 0
320, 22, 1, 30, 40, 0
320, 22, 0, 30, 44, 0
320, 22, 1, 30, 45, 0
320, 22, 1, 31, 25, 0
320, 22, 1, 31, 28, 0
320, 22, 3, 31, 40, 0
320, 22, 2, 31, 41, 0
320, 22, 1, 31, 43, 0
320, 22, 3, 31, 44, 0
320, 22, 3, 32, 27, 0
320, 22, 2, 32, 41, 0
320, 22, 2, 32, 44, 0
320, 22, 1, 32, 45, 0
320, 22, 2, 33, 24, 0
320, 22, 1, 33, 27, 0
320, 22, 1, 33, 41, 0
320, 22, 3, 33, 42, 0
320, 22, 1, 34, 24, 0
320, 22, 0, 34, 25, 0
320, 22, 3, 34, 27, 0
320, 22, 2, 34, 42, 0
320, 22, 0, 34, 45, 0
320, 22, 2, 34, 46, 0
320, 22, 3, 35, 43, 0
320, 22, 3, 35, 46, 0
320, 22, 2, 36, 25, 0
320, 22, 2, 37, 27, 0
320, 22, 3, 37, 42, 0
320, 22, 0, 37, 44, 0
320, 22, 2, 38, 42, 0
320, 22, 0, 38, 46, 0
320, 22, 0, 38, 47, 0
320, 22, 0, 39, 25, 0
320, 22, 3, 39, 27, 0
320, 22, 1, 39, 41, 0
320, 22, 1, 39, 44, 0
320, 22, 1, 39, 47, 0
320, 22, 2, 39, 48, 0
320, 22, 1, 40, 25, 0
320, 22, 0, 40, 39, 0
320, 22, 3, 40, 47, 0
320, 22, 2, 41, 24, 0
320, 22, 0, 41, 27, 0
320, 22, 3, 41, 29, 0
320, 22, 1, 41, 36, 0
320, 22, 2, 41, 37, 0
320, 22, 3, 41, 43, 0
320, 22, 1, 42, 30, 0
320, 22, 0, 42, 31, 0
320, 22, 3, 42, 32, 0
320, 22, 3, 42, 33, 0
320, 22, 0, 42, 34, 0
320, 22, 2, 42, 35, 0
320, 22, 2, 42, 44, 0
320, 22, 2, 42, 45, 0
320, 22, 2, 43, 23, 0
320, 22, 0, 43, 25, 0
320, 22, 0, 43, 27, 0
320, 22, 0, 43, 28, 0
320, 22, 3, 43, 30, 0
320, 22, 2, 43, 31, 0
320, 22, 0, 43, 33, 0
320, 22, 2, 43, 36, 0
320, 22, 2, 43, 38, 0
320, 22, 3, 43, 41, 0
320, 22, 1, 43, 43, 0
320, 22, 3, 43, 45, 0
320, 22, 3, 44, 22, 0
320, 22, 2, 44, 26, 0
320, 22, 1, 44, 28, 0
320, 22, 1, 44, 42, 0
320, 22, 0, 44, 43, 0
320, 22, 0, 45, 22, 0
320, 22, 2, 45, 24, 0
320, 22, 1, 45, 27, 0
320, 22, 2, 45, 28, 0
320, 22, 1, 45, 31, 0
320, 22, 2, 45, 33, 0
320, 22, 2, 45, 35, 0
320, 22, 0, 45, 38, 0
320, 22, 3, 45, 40, 0
320, 22, 1, 45, 42, 0
320, 22, 1, 46, 22, 0
320, 22, 2, 46, 24, 0
320, 22, 1, 46, 25, 0
320, 22, 0, 46, 30, 0
320, 22, 1, 46, 32, 0
320, 22, 0, 46, 34, 0
320, 22, 0, 46, 37, 0
320, 22, 2, 46, 39, 0
320, 22, 1, 47, 19, 0
320, 22, 0, 47, 20, 0
320, 22, 2, 47, 21, 0
320, 22, 1, 47, 27, 0
320, 22, 3, 47, 28, 0
320, 22, 3, 47, 29, 0
320, 22, 1, 47, 31, 0
320, 22, 0, 47, 32, 0
320, 22, 0, 48, 16, 0
320, 22, 0, 48, 17, 0
320, 22, 0, 48, 18, 0
320, 22, 2, 48, 19, 0
320, 22, 3, 48, 24, 0
320, 22, 3, 48, 26, 0
320, 22, 0, 49, 15, 0
320, 22, 3, 49, 16, 0
320, 22, 2, 49, 17, 0
320, 22, 2, 49, 18, 0
320, 22, 0, 49, 22, 0
320, 22, 1, 49, 25, 0
320, 22, 2, 49, 26, 0
320, 22, 1, 50, 16, 0
320, 22, 2, 51, 14, 0
320, 22, 0, 51, 15, 0
320, 22, 2, 51, 21, 0
320, 22, 0, 51, 23, 0
320, 22, 1, 51, 24, 0
320, 22, 3, 52, 14, 0
320, 22, 2, 52, 16, 0
320, 22, 3, 52, 18, 0
320, 22, 2, 52, 22, 0
320, 22, 0, 53, 14, 0
320, 22, 2, 53, 15, 0
320, 22, 0, 53, 17, 0
320, 22, 2, 53, 20, 0
320, 22, 0, 53, 22, 0
320, 22, 1, 54, 14, 0
320, 22, 1, 54, 16, 0
320, 22, 3, 54, 17, 0
320, 22, 1, 54, 18, 0
320, 22, 1, 54, 22, 0
320, 22, 2, 55, 15, 0
320, 22, 0, 55, 16, 0
320, 22, 3, 56, 15, 0
320, 22, 3, 56, 16, 0
320, 22, 1, 56, 21, 0
320, 22, 1, 57, 15, 0
320, 22, 2, 57, 17, 0
320, 22, 3, 57, 20, 0
320, 22, 2, 58, 15, 0
320, 22, 2, 58, 21, 0
320, 22, 0, 59, 15, 0
320, 22, 1, 60, 14, 0
320, 22, 3, 60, 18, 0
320, 22, 3, 60, 19, 0
320, 22, 0, 60, 22, 0
320, 22, 3, 61, 14, 0
320, 22, 1, 61, 18, 0
320, 22, 0, 61, 20, 0
320, 22, 1, 61, 22, 0
320, 22, 1, 62, 17, 0
320, 22, 0, 62, 19, 0
320, 22, 0, 63, 16, 0
320, 22, 2, 63, 20, 0
320, 22, 2, 1, 18, 1
320, 22, 0, 1, 36, 1
320, 22, 3, 2, 19, 1
320, 22, 1, 3, 19, 1
320, 22, 1, 3, 35, 1
320, 22, 0, 3, 38, 1
320, 22, 0, 4, 20, 1
320, 22, 2, 4, 37, 1
320, 22, 2, 5, 22, 1
320, 22, 3, 5, 36, 1
320, 22, 3, 6, 23, 1
320, 22, 2, 6, 38, 1
320, 22, 1, 6, 40, 1
320, 22, 1, 7, 23, 1
320, 22, 3, 7, 40, 1
320, 22, 0, 8, 24, 1
320, 22, 0, 9, 25, 1
320, 22, 1, 9, 26, 1
320, 22, 2, 10, 25, 1
320, 22, 0, 10, 41, 1
320, 22, 1, 11, 42, 1
320, 22, 2, 11, 43, 1
320, 22, 0, 12, 25, 1
320, 22, 2, 12, 42, 1
320, 22, 3, 12, 44, 1
320, 22, 2, 13, 24, 1
320, 22, 2, 13, 25, 1
320, 22, 1, 13, 43, 1
320, 22, 1, 14, 25, 1
320, 22, 3, 14, 42, 1
320, 22, 1, 15, 26, 1
320, 22, 0, 16, 25, 1
320, 22, 3, 17, 24, 1
320, 22, 1, 17, 25, 1
320, 22, 2, 17, 41, 1
320, 22, 0, 17, 43, 1
320, 22, 2, 18, 24, 1
320, 22, 3, 18, 40, 1
320, 22, 1, 18, 44, 1
320, 22, 1, 19, 23, 1
320, 22, 3, 19, 24, 1
320, 22, 0, 19, 40, 1
320, 22, 2, 19, 41, 1
320, 22, 0, 20, 24, 1
320, 22, 3, 20, 39, 1
320, 22, 0, 20, 40, 1
320, 22, 1, 21, 40, 1
320, 22, 2, 22, 41, 1
320, 22, 3, 22, 42, 1
320, 22, 3, 23, 24, 1
320, 22, 0, 23, 43, 1
320, 22, 2, 24, 24, 1
320, 22, 1, 24, 42, 1
320, 22, 1, 25, 24, 1
320, 22, 3, 25, 44, 1
320, 22, 0, 26, 23, 1
320, 22, 0, 26, 24, 1
320, 22, 2, 26, 43, 1
320, 22, 0, 26, 45, 1
320, 22, 1, 27, 46, 1
320, 22, 2, 28, 46, 1
320, 22, 1, 29, 22, 1
320, 22, 3, 29, 48, 1
320, 22, 3, 30, 22, 1
320, 22, 3, 30, 34, 1
320, 22, 0, 30, 35, 1
320, 22, 0, 30, 49, 1
320, 22, 1, 31, 21, 1
320, 22, 2, 31, 22, 1
320, 22, 2, 31, 32, 1
320, 22, 2, 31, 49, 1
320, 22, 3, 32, 19, 1
320, 22, 1, 32, 31, 1
320, 22, 1, 32, 48, 1
320, 22, 2, 33, 20, 1
320, 22, 0, 33, 30, 1
320, 22, 1, 33, 38, 1
320, 22, 2, 33, 50, 1
320, 22, 0, 34, 19, 1
320, 22, 3, 34, 29, 1
320, 22, 3, 34, 51, 1
320, 22, 2, 35, 39, 1
320, 22, 0, 36, 21, 1
320, 22, 1, 36, 22, 1
320, 22, 3, 37, 22, 1
320, 22, 2, 37, 30, 1
320, 22, 0, 37, 51, 1
320, 22, 1, 38, 20, 1
320, 22, 2, 38, 22, 1
320, 22, 0, 38, 30, 1
320, 22, 3, 38, 38, 1
320, 22, 1, 38, 51, 1
320, 22, 0, 39, 19, 1
320, 22, 3, 39, 22, 1
320, 22, 3, 39, 31, 1
320, 22, 1, 39, 32, 1
320, 22, 1, 39, 34, 1
320, 22, 0, 39, 36, 1
320, 22, 2, 39, 52, 1
320, 22, 3, 40, 19, 1
320, 22, 2, 40, 20, 1
320, 22, 3, 40, 50, 1
320, 22, 0, 41, 18, 1
320, 22, 0, 41, 49, 1
320, 22, 0, 42, 20, 1
320, 22, 1, 42, 50, 1
320, 22, 3, 43, 19, 1
320, 22, 3, 43, 48, 1
320, 22, 2, 43, 49, 1
320, 22, 0, 44, 18, 1
320, 22, 2, 44, 20, 1
320, 22, 2, 45, 16, 1
320, 22, 1, 45, 19, 1
320, 22, 0, 45, 45, 1
320, 22, 0, 46, 13, 1
320, 22, 3, 46, 15, 1
320, 22, 2, 46, 44, 1
320, 22, 1, 46, 46, 1
320, 22, 0, 47, 43, 1
320, 22, 3, 47, 44, 1
320, 22, 1, 48, 13, 1
320, 22, 2, 48, 42, 1
320, 22, 1, 48, 43, 1
320, 22, 2, 49, 13, 1
320, 22, 3, 49, 34, 1
320, 22, 1, 49, 36, 1
320, 22, 2, 49, 38, 1
320, 22, 2, 49, 39, 1
320, 22, 1, 50, 12, 1
320, 22, 3, 50, 29, 1
320, 22, 1, 50, 32, 1
320, 22, 0, 50, 33, 1
320, 22, 0, 50, 38, 1
320, 22, 3, 50, 40, 1
320, 22, 3, 51, 10, 1
320, 22, 2, 51, 11, 1
320, 22, 3, 51, 27, 1
320, 22, 2, 51, 28, 1
320, 22, 2, 51, 31, 1
320, 22, 1, 51, 39, 1
320, 22, 1, 52, 10, 1
320, 22, 0, 52, 26, 1
320, 22, 1, 52, 30, 1
320, 22, 3, 52, 32, 1
320, 22, 0, 53, 11, 1
320, 22, 2, 53, 26, 1
320, 22, 0, 53, 30, 1
320, 22, 2, 54, 10, 1
320, 22, 0, 54, 24, 1
320, 22, 1, 54, 25, 1
320, 22, 3, 54, 27, 1
320, 22, 0, 55, 11, 1
320, 22, 3, 55, 27, 1
320, 22, 3, 56, 9, 1
320, 22, 3, 56, 12, 1
320, 22, 2, 56, 24, 1
320, 22, 2, 57, 12, 1
320, 22, 1, 57, 13, 1
320, 22, 1, 57, 24, 1
320, 22, 1, 57, 27, 1
320, 22, 1, 58, 12, 1
320, 22, 3, 58, 24, 1
320, 22, 0, 59, 10, 1
320, 22, 0, 59, 25, 1
320, 22, 3, 60, 12, 1
320, 22, 2, 60, 24, 1
320, 22, 0, 61, 11, 1
320, 22, 2, 61, 25, 1
320, 22, 3, 62, 12, 1
320, 22, 3, 62, 24, 1
320, 22, 0, 62, 27, 1
320, 22, 2, 63, 12, 1
321, 22, 3, 0, 32, 0
321, 22, 2, 4, 28, 0
321, 22, 2, 27, 35, 0
321, 22, 3, 29, 44, 0
321, 22, 3, 35, 27, 0
321, 22, 1, 36, 42, 0
321, 22, 0, 40, 38, 0
321, 22, 2, 41, 46, 0
321, 22, 0, 45, 41, 0
321, 22, 1, 46, 35, 0
321, 22, 0, 52, 15, 0
321, 22, 3, 55, 14, 0
321, 22, 2, 55, 22, 0
321, 22, 1, 59, 22, 0
321, 22, 3, 1, 19, 1
321, 22, 1, 2, 35, 1
321, 22, 2, 3, 39, 1
321, 22, 0, 5, 23, 1
321, 22, 3, 10, 43, 1
321, 22, 2, 18, 25, 1
321, 22, 0, 18, 41, 1
321, 22, 3, 20, 41, 1
321, 22, 0, 25, 43, 1
321, 22, 1, 25, 45, 1
321, 22, 0, 30, 23, 1
321, 22, 1, 31, 48, 1
321, 22, 2, 32, 32, 1
321, 22, 1, 36, 30, 1
321, 22, 1, 37, 23, 1
321, 22, 0, 37, 38, 1
321, 22, 2, 41, 50, 1
321, 22, 2, 44, 19, 1
321, 22, 3, 46, 45, 1
321, 22, 3, 47, 42, 1
321, 22, 2, 49, 33, 1
321, 22, 1, 50, 28, 1
321, 22, 3, 52, 11, 1
321, 22, 0, 53, 25, 1
321, 22, 0, 54, 11, 1
321, 22, 0, 57, 11, 1
321, 22, 2, 59, 24, 1
321, 22, 1, 61, 12, 1
321, 22, 3, 61, 24, 1
321, 22, 1, 63, 13, 1
652, 22, 1, 4, 25, 0
653, 22, 1, 0, 29, 0
653, 22, 0, 1, 22, 0
653, 22, 2, 5, 30, 0
653, 22, 2, 10, 32, 0
654, 22, 2, 7, 27, 0
8822, 9, 3, 0, 18, 0
8822, 0, 0, 0, 19, 0
8822, 9, 0, 0, 20, 0
8822, 9, 3, 0, 34, 0
8822, 0, 0, 0, 35, 0
8822, 0, 0, 0, 36, 0
8822, 0, 0, 0, 37, 0
8822, 0, 0, 0, 38, 0
8822, 0, 0, 0, 39, 0
8822, 0, 0, 0, 40, 0
8822, 9, 0, 0, 41, 0
8822, 9, 3, 1, 10, 0
8822, 0, 0, 1, 11, 0
8822, 0, 0, 1, 12, 0
8822, 0, 0, 1, 13, 0
8822, 0, 0, 1, 14, 0
8822, 9, 0, 1, 15, 0
8822, 9, 3, 1, 16, 0
8822, 1, 3, 1, 18, 0
8822, 0, 1, 1, 20, 0
8822, 0, 3, 1, 34, 0
8822, 1, 0, 1, 41, 0
8822, 9, 0, 1, 42, 0
8822, 0, 3, 2, 10, 0
8822, 1, 0, 2, 15, 0
8822, 1, 3, 2, 16, 0
8822, 1, 0, 2, 20, 0
8822, 9, 0, 2, 21, 0
8822, 0, 3, 2, 34, 0
8822, 9, 2, 3, 10, 0
8822, 1, 2, 3, 11, 0
8822, 0, 1, 3, 21, 0
8822, 9, 2, 4, 11, 0
8822, 1, 2, 4, 12, 0
8822, 1, 1, 4, 15, 0
8822, 1, 0, 4, 21, 0
8822, 0, 0, 4, 22, 0
8822, 9, 0, 4, 24, 0
8822, 9, 2, 4, 34, 0
8822, 1, 2, 4, 35, 0
8822, 9, 2, 5, 12, 0
8822, 0, 2, 5, 13, 0
8822, 0, 2, 5, 14, 0
8822, 9, 1, 5, 15, 0
8822, 0, 1, 5, 24, 0
8822, 0, 3, 5, 35, 0
8822, 1, 0, 6, 24, 0
8822, 9, 0, 6, 25, 0
8822, 9, 2, 6, 35, 0
8822, 1, 2, 6, 36, 0
8822, 0, 1, 7, 25, 0
8822, 9, 2, 7, 36, 0
8822, 0, 2, 7, 37, 0
8822, 1, 2, 7, 38, 0
8822, 1, 0, 8, 25, 0
8822, 0, 0, 8, 26, 0
8822, 9, 0, 8, 27, 0
8822, 9, 2, 9, 38, 0
8822, 1, 2, 9, 39, 0
8822, 0, 1, 10, 27, 0
8822, 0, 3, 10, 39, 0
8822, 1, 1, 11, 26, 0
8822, 9, 1, 11, 27, 0
8822, 9, 2, 11, 39, 0
8822, 1, 2, 11, 40, 0
8822, 0, 1, 12, 26, 0
8822, 0, 3, 12, 40, 0
8822, 1, 0, 13, 26, 0
8822, 9, 0, 13, 27, 0
8822, 9, 2, 14, 40, 0
8822, 1, 2, 14, 41, 0
8822, 1, 0, 15, 27, 0
8822, 0, 0, 15, 28, 0
8822, 9, 0, 15, 29, 0
8822, 9, 3, 15, 40, 0
8822, 1, 3, 15, 41, 0
8822, 1, 1, 16, 27, 0
8822, 0, 2, 16, 28, 0
8822, 9, 1, 16, 29, 0
8822, 1, 1, 17, 26, 0
8822, 9, 1, 17, 27, 0
8822, 9, 3, 17, 39, 0
8822, 1, 3, 17, 40, 0
8822, 9, 3, 18, 38, 0
8822, 1, 3, 18, 39, 0
8822, 0, 1, 19, 26, 0
8822, 9, 3, 19, 37, 0
8822, 1, 3, 19, 38, 0
8822, 1, 1, 20, 25, 0
8822, 9, 1, 20, 26, 0
8822, 9, 2, 20, 37, 0
8822, 1, 2, 20, 38, 0
8822, 0, 1, 21, 25, 0
8822, 9, 2, 21, 38, 0
8822, 1, 2, 21, 39, 0
8822, 0, 1, 22, 25, 0
8822, 9, 2, 22, 39, 0
8822, 1, 2, 22, 40, 0
8822, 1, 0, 23, 25, 0
8822, 9, 0, 23, 26, 0
8822, 9, 2, 23, 40, 0
8822, 1, 2, 23, 41, 0
8822, 1, 1, 25, 25, 0
8822, 9, 1, 25, 26, 0
8822, 9, 2, 25, 41, 0
8822, 1, 2, 25, 42, 0
8822, 0, 1, 26, 25, 0
8822, 0, 3, 26, 42, 0
8822, 1, 1, 27, 24, 0
8822, 9, 1, 27, 25, 0
8822, 9, 2, 27, 42, 0
8822, 1, 2, 27, 43, 0
8822, 1, 1, 28, 23, 0
8822, 9, 1, 28, 24, 0
8822, 9, 3, 28, 33, 0
8822, 9, 0, 28, 35, 0
8822, 9, 2, 28, 43, 0
8822, 1, 2, 28, 45, 0
8822, 1, 0, 29, 23, 0
8822, 9, 0, 29, 24, 0
8822, 9, 3, 29, 30, 0
8822, 9, 0, 29, 31, 0
8822, 9, 3, 29, 32, 0
8822, 1, 3, 29, 33, 0
8822, 1, 0, 29, 35, 0
8822, 9, 0, 29, 36, 0
8822, 9, 2, 29, 45, 0
8822, 1, 2, 29, 46, 0
8822, 1, 0, 30, 31, 0
8822, 1, 3, 30, 32, 0
8822, 1, 0, 30, 36, 0
8822, 9, 0, 30, 37, 0
8822, 9, 2, 30, 46, 0
8822, 1, 2, 30, 47, 0
8822, 1, 1, 31, 23, 0
8822, 9, 1, 31, 24, 0
8822, 9, 3, 31, 29, 0
8822, 1, 3, 31, 30, 0
8822, 1, 0, 31, 37, 0
8822, 9, 0, 31, 39, 0
8822, 9, 3, 31, 46, 0
8822, 1, 3, 31, 47, 0
8822, 0, 1, 32, 23, 0
8822, 9, 3, 32, 28, 0
8822, 1, 3, 32, 29, 0
8822, 0, 1, 32, 39, 0
8822, 9, 2, 32, 46, 0
8822, 1, 2, 32, 47, 0
8822, 0, 3, 33, 28, 0
8822, 1, 0, 33, 39, 0
8822, 9, 0, 33, 40, 0
8822, 9, 2, 33, 47, 0
8822, 1, 2, 33, 48, 0
8822, 0, 1, 34, 23, 0
8822, 0, 3, 34, 48, 0
8822, 0, 1, 35, 23, 0
8822, 0, 3, 35, 28, 0
8822, 1, 0, 35, 40, 0
8822, 9, 0, 35, 41, 0
8822, 9, 3, 35, 47, 0
8822, 1, 3, 35, 48, 0
8822, 1, 0, 36, 23, 0
8822, 9, 0, 36, 24, 0
8822, 0, 3, 36, 28, 0
8822, 1, 1, 36, 40, 0
8822, 9, 1, 36, 41, 0
8822, 9, 2, 36, 47, 0
8822, 1, 2, 36, 48, 0
8822, 0, 1, 37, 24, 0
8822, 9, 2, 37, 28, 0
8822, 1, 2, 37, 29, 0
8822, 0, 1, 37, 40, 0
8822, 9, 2, 37, 48, 0
8822, 1, 2, 37, 49, 0
8822, 9, 3, 38, 28, 0
8822, 1, 3, 38, 29, 0
8822, 1, 1, 38, 39, 0
8822, 9, 1, 38, 40, 0
8822, 1, 1, 39, 23, 0
8822, 9, 1, 39, 24, 0
8822, 0, 3, 39, 28, 0
8822, 1, 1, 39, 29, 0
8822, 1, 2, 39, 30, 0
8822, 1, 1, 39, 37, 0
8822, 9, 1, 39, 39, 0
8822, 0, 3, 39, 49, 0
8822, 0, 1, 40, 23, 0
8822, 9, 2, 40, 28, 0
8822, 9, 1, 40, 29, 0
8822, 9, 2, 40, 30, 0
8822, 1, 2, 40, 31, 0
8822, 1, 1, 40, 33, 0
8822, 1, 2, 40, 34, 0
8822, 1, 1, 40, 35, 0
8822, 0, 2, 40, 36, 0
8822, 9, 1, 40, 37, 0
8822, 9, 3, 40, 48, 0
8822, 1, 3, 40, 49, 0
8822, 0, 1, 41, 23, 0
8822, 9, 2, 41, 31, 0
8822, 9, 1, 41, 33, 0
8822, 9, 2, 41, 34, 0
8822, 9, 1, 41, 35, 0
8822, 0, 3, 41, 48, 0
8822, 1, 1, 42, 21, 0
8822, 0, 2, 42, 22, 0
8822, 9, 1, 42, 23, 0
8822, 9, 3, 42, 47, 0
8822, 1, 3, 42, 48, 0
8822, 0, 1, 43, 21, 0
8822, 9, 3, 43, 46, 0
8822, 1, 3, 43, 47, 0
8822, 0, 1, 44, 21, 0
8822, 9, 3, 44, 44, 0
8822, 0, 0, 44, 45, 0
8822, 1, 3, 44, 46, 0
8822, 1, 1, 45, 20, 0
8822, 9, 1, 45, 21, 0
8822, 9, 3, 45, 43, 0
8822, 1, 3, 45, 44, 0
8822, 1, 1, 46, 17, 0
8822, 0, 2, 46, 19, 0
8822, 9, 1, 46, 20, 0
8822, 9, 3, 46, 41, 0
8822, 0, 0, 46, 42, 0
8822, 1, 3, 46, 43, 0
8822, 1, 1, 47, 15, 0
8822, 0, 2, 47, 16, 0
8822, 9, 1, 47, 17, 0
8822, 9, 3, 47, 33, 0
8822, 9, 0, 47, 34, 0
8822, 9, 3, 47, 35, 0
8822, 9, 0, 47, 37, 0
8822, 9, 3, 47, 38, 0
8822, 9, 0, 47, 39, 0
8822, 9, 3, 47, 40, 0
8822, 1, 3, 47, 41, 0
8822, 1, 1, 48, 14, 0
8822, 9, 1, 48, 15, 0
8822, 9, 3, 48, 28, 0
8822, 9, 0, 48, 29, 0
8822, 9, 3, 48, 30, 0
8822, 9, 0, 48, 31, 0
8822, 9, 3, 48, 32, 0
8822, 1, 3, 48, 33, 0
8822, 1, 0, 48, 34, 0
8822, 1, 3, 48, 35, 0
8822, 1, 0, 48, 37, 0
8822, 1, 3, 48, 38, 0
8822, 1, 0, 48, 39, 0
8822, 1, 3, 48, 40, 0
8822, 0, 1, 49, 14, 0
8822, 9, 3, 49, 27, 0
8822, 1, 3, 49, 28, 0
8822, 1, 0, 49, 29, 0
8822, 1, 3, 49, 30, 0
8822, 1, 0, 49, 31, 0
8822, 1, 3, 49, 32, 0
8822, 1, 1, 50, 13, 0
8822, 9, 1, 50, 14, 0
8822, 9, 3, 50, 25, 0
8822, 0, 0, 50, 26, 0
8822, 1, 3, 50, 27, 0
8822, 0, 1, 51, 13, 0
8822, 1, 1, 52, 12, 0
8822, 9, 1, 52, 13, 0
8822, 9, 3, 52, 24, 0
8822, 1, 3, 52, 25, 0
8822, 0, 1, 53, 12, 0
8822, 9, 3, 53, 23, 0
8822, 1, 3, 53, 24, 0
8822, 1, 0, 54, 12, 0
8822, 9, 0, 54, 13, 0
8822, 0, 3, 54, 23, 0
8822, 0, 1, 55, 13, 0
8822, 0, 3, 55, 23, 0
8822, 1, 0, 56, 13, 0
8822, 9, 0, 56, 14, 0
8822, 9, 3, 56, 22, 0
8822, 1, 3, 56, 23, 0
8822, 1, 1, 58, 13, 0
8822, 9, 1, 58, 14, 0
8822, 9, 2, 58, 22, 0
8822, 1, 2, 58, 23, 0
8822, 0, 1, 59, 13, 0
8822, 0, 3, 59, 23, 0
8822, 0, 1, 60, 13, 0
8822, 0, 3, 60, 23, 0
8822, 0, 1, 61, 13, 0
8822, 1, 0, 62, 13, 0
8822, 9, 0, 62, 14, 0
8822, 9, 3, 62, 22, 0
8822, 1, 3, 62, 23, 0
8822, 1, 0, 63, 14, 0
8822, 9, 0, 63, 15, 0
8822, 9, 3, 63, 21, 0
8822, 1, 3, 63, 22, 0
8823, 9, 3, 31, 33, 1
8823, 0, 0, 31, 34, 1
8823, 0, 0, 31, 35, 1
8823, 9, 0, 31, 36, 1
8823, 0, 3, 32, 33, 1
8823, 1, 0, 32, 36, 1
8823, 9, 0, 32, 37, 1
8823, 9, 3, 33, 32, 1
8823, 1, 3, 33, 33, 1
8823, 0, 1, 33, 37, 1
8823, 9, 3, 34, 30, 1
8823, 0, 0, 34, 31, 1
8823, 1, 3, 34, 32, 1
8823, 1, 0, 34, 37, 1
8823, 9, 0, 34, 38, 1
8823, 9, 2, 35, 30, 1
8823, 1, 2, 35, 31, 1
8823, 0, 1, 35, 38, 1
8823, 0, 3, 36, 31, 1
8823, 1, 1, 36, 37, 1
8823, 9, 1, 36, 38, 1
8823, 9, 2, 37, 31, 1
8823, 1, 2, 37, 32, 1
8823, 1, 1, 37, 35, 1
8823, 0, 2, 37, 36, 1
8823, 9, 1, 37, 37, 1
8823, 9, 2, 38, 32, 1
8823, 0, 2, 38, 33, 1
8823, 0, 2, 38, 34, 1
8823, 9, 1, 38, 35, 1
8824, 10, 1, 32, 34, 1
8824, 10, 1, 32, 35, 1
8824, 10, 1, 33, 34, 1
8824, 10, 1, 33, 35, 1
8824, 10, 1, 33, 36, 1
8824, 10, 1, 34, 33, 1
8824, 10, 1, 34, 34, 1
8824, 10, 1, 34, 35, 1
8824, 10, 1, 34, 36, 1
8824, 10, 1, 35, 32, 1
8824, 10, 1, 35, 33, 1
8824, 10, 1, 35, 34, 1
8824, 10, 1, 35, 35, 1
8824, 10, 1, 35, 36, 1
8824, 10, 1, 35, 37, 1
8824, 10, 1, 36, 32, 1
8824, 10, 1, 36, 33, 1
8824, 10, 1, 36, 34, 1
8824, 10, 1, 36, 35, 1
8824, 10, 1, 36, 36, 1
8824, 10, 1, 37, 33, 1
8824, 10, 1, 37, 34, 1
8825, 10, 0, 1, 19, 0
8825, 10, 2, 1, 35, 0
8825, 10, 2, 1, 36, 0
8825, 10, 2, 1, 37, 0
8825, 10, 2, 1, 38, 0
8825, 10, 2, 1, 39, 0
8825, 10, 2, 1, 40, 0
8825, 10, 1, 2, 11, 0
8825, 10, 1, 2, 12, 0
8825, 10, 1, 2, 13, 0
8825, 10, 1, 2, 14, 0
8825, 10, 1, 2, 17, 0
8825, 10, 1, 2, 18, 0
8825, 10, 1, 2, 19, 0
8825, 10, 2, 2, 35, 0
8825, 10, 2, 2, 36, 0
8825, 10, 2, 2, 37, 0
8825, 10, 2, 2, 38, 0
8825, 10, 2, 2, 39, 0
8825, 10, 2, 2, 40, 0
8825, 10, 2, 2, 41, 0
8825, 10, 2, 2, 42, 0
8825, 10, 1, 3, 12, 0
8825, 10, 1, 3, 13, 0
8825, 10, 1, 3, 14, 0
8825, 10, 1, 3, 15, 0
8825, 10, 1, 3, 16, 0
8825, 10, 1, 3, 17, 0
8825, 10, 1, 3, 18, 0
8825, 10, 1, 3, 19, 0
8825, 10, 1, 3, 20, 0
8825, 10, 2, 3, 35, 0
8825, 10, 2, 3, 36, 0
8825, 10, 2, 3, 37, 0
8825, 10, 2, 3, 38, 0
8825, 10, 2, 3, 39, 0
8825, 10, 2, 3, 40, 0
8825, 10, 2, 3, 41, 0
8825, 10, 2, 3, 42, 0
8825, 10, 2, 3, 43, 0
8825, 10, 1, 4, 13, 0
8825, 10, 1, 4, 14, 0
8825, 10, 1, 4, 16, 0
8825, 10, 1, 4, 17, 0
8825, 10, 1, 4, 18, 0
8825, 10, 1, 4, 19, 0
8825, 10, 1, 4, 20, 0
8825, 10, 2, 4, 36, 0
8825, 10, 2, 4, 37, 0
8825, 10, 2, 4, 38, 0
8825, 10, 2, 4, 39, 0
8825, 10, 2, 4, 40, 0
8825, 10, 2, 4, 41, 0
8825, 10, 2, 4, 42, 0
8825, 10, 2, 4, 43, 0
8825, 10, 2, 4, 44, 0
8825, 10, 1, 5, 17, 0
8825, 10, 1, 5, 18, 0
8825, 10, 1, 5, 19, 0
8825, 10, 1, 5, 20, 0
8825, 10, 1, 5, 21, 0
8825, 10, 1, 5, 22, 0
8825, 10, 1, 5, 23, 0
8825, 10, 2, 5, 36, 0
8825, 10, 2, 5, 37, 0
8825, 10, 2, 5, 38, 0
8825, 10, 2, 5, 39, 0
8825, 10, 2, 5, 40, 0
8825, 10, 2, 5, 41, 0
8825, 10, 2, 5, 42, 0
8825, 10, 2, 5, 43, 0
8825, 10, 2, 5, 44, 0
8825, 10, 2, 5, 45, 0
8825, 10, 1, 6, 18, 0
8825, 10, 1, 6, 19, 0
8825, 10, 1, 6, 20, 0
8825, 10, 1, 6, 21, 0
8825, 10, 1, 6, 22, 0
8825, 10, 1, 6, 23, 0
8825, 10, 2, 6, 37, 0
8825, 10, 2, 6, 38, 0
8825, 10, 2, 6, 39, 0
8825, 10, 2, 6, 40, 0
8825, 10, 2, 6, 41, 0
8825, 10, 2, 6, 42, 0
8825, 10, 2, 6, 43, 0
8825, 10, 2, 6, 44, 0
8825, 10, 2, 6, 45, 0
8825, 10, 1, 7, 19, 0
8825, 10, 1, 7, 20, 0
8825, 10, 1, 7, 21, 0
8825, 10, 1, 7, 22, 0
8825, 10, 1, 7, 23, 0
8825, 10, 1, 7, 24, 0
8825, 10, 2, 7, 39, 0
8825, 10, 2, 7, 40, 0
8825, 10, 2, 7, 41, 0
8825, 10, 2, 7, 42, 0
8825, 10, 2, 7, 43, 0
8825, 10, 2, 7, 44, 0
8825, 10, 2, 7, 45, 0
8825, 10, 2, 7, 46, 0
8825, 10, 1, 8, 20, 0
8825, 10, 1, 8, 21, 0
8825, 10, 1, 8, 22, 0
8825, 10, 1, 8, 23, 0
8825, 10, 1, 8, 24, 0
8825, 10, 2, 8, 39, 0
8825, 10, 2, 8, 40, 0
8825, 10, 2, 8, 41, 0
8825, 10, 2, 8, 42, 0
8825, 10, 2, 8, 43, 0
8825, 10, 2, 8, 44, 0
8825, 10, 2, 8, 45, 0
8825, 10, 2, 8, 46, 0
8825, 10, 1, 9, 21, 0
8825, 10, 1, 9, 22, 0
8825, 10, 1, 9, 23, 0
8825, 10, 1, 9, 24, 0
8825, 10, 1, 9, 25, 0
8825, 10, 1, 9, 26, 0
8825, 10, 2, 9, 40, 0
8825, 10, 2, 9, 41, 0
8825, 10, 2, 9, 42, 0
8825, 10, 2, 9, 43, 0
8825, 10, 2, 9, 44, 0
8825, 10, 2, 9, 45, 0
8825, 10, 2, 9, 46, 0
8825, 10, 1, 10, 22, 0
8825, 10, 1, 10, 23, 0
8825, 10, 1, 10, 24, 0
8825, 10, 1, 10, 25, 0
8825, 10, 1, 10, 26, 0
8825, 10, 2, 10, 40, 0
8825, 10, 2, 10, 41, 0
8825, 10, 2, 10, 42, 0
8825, 10, 2, 10, 43, 0
8825, 10, 2, 10, 44, 0
8825, 10, 2, 10, 45, 0
8825, 10, 2, 10, 46, 0
8825, 10, 2, 10, 47, 0
8825, 10, 1, 11, 22, 0
8825, 10, 1, 11, 23, 0
8825, 10, 1, 11, 24, 0
8825, 10, 1, 11, 25, 0
8825, 10, 2, 11, 41, 0
8825, 10, 2, 11, 42, 0
8825, 10, 2, 11, 43, 0
8825, 10, 2, 11, 44, 0
8825, 10, 2, 11, 45, 0
8825, 10, 2, 11, 46, 0
8825, 10, 2, 11, 47, 0
8825, 10, 1, 12, 22, 0
8825, 10, 1, 12, 23, 0
8825, 10, 1, 12, 24, 0
8825, 10, 1, 12, 25, 0
8825, 10, 2, 12, 41, 0
8825, 10, 2, 12, 42, 0
8825, 10, 2, 12, 43, 0
8825, 10, 2, 12, 44, 0
8825, 10, 2, 12, 45, 0
8825, 10, 2, 12, 46, 0
8825, 10, 2, 12, 47, 0
8825, 10, 2, 12, 48, 0
8825, 10, 1, 13, 22, 0
8825, 10, 1, 13, 23, 0
8825, 10, 1, 13, 24, 0
8825, 10, 1, 13, 25, 0
8825, 10, 2, 13, 41, 0
8825, 10, 2, 13, 42, 0
8825, 10, 2, 13, 43, 0
8825, 10, 2, 13, 44, 0
8825, 10, 2, 13, 45, 0
8825, 10, 2, 13, 46, 0
8825, 10, 2, 13, 47, 0
8825, 10, 2, 13, 48, 0
8825, 10, 1, 14, 22, 0
8825, 10, 1, 14, 23, 0
8825, 10, 1, 14, 24, 0
8825, 10, 1, 14, 25, 0
8825, 10, 1, 14, 26, 0
8825, 10, 2, 14, 42, 0
8825, 10, 2, 14, 43, 0
8825, 10, 2, 14, 44, 0
8825, 10, 2, 14, 45, 0
8825, 10, 2, 14, 46, 0
8825, 10, 2, 14, 47, 0
8825, 10, 2, 14, 48, 0
8825, 10, 1, 15, 22, 0
8825, 10, 1, 15, 23, 0
8825, 10, 1, 15, 24, 0
8825, 10, 1, 15, 25, 0
8825, 10, 1, 15, 26, 0
8825, 10, 2, 15, 42, 0
8825, 10, 2, 15, 43, 0
8825, 10, 2, 15, 44, 0
8825, 10, 2, 15, 45, 0
8825, 10, 2, 15, 46, 0
8825, 10, 2, 15, 47, 0
8825, 10, 2, 15, 48, 0
8825, 10, 1, 16, 22, 0
8825, 10, 1, 16, 23, 0
8825, 10, 1, 16, 24, 0
8825, 10, 1, 16, 25, 0
8825, 10, 1, 16, 26, 0
8825, 10, 2, 16, 41, 0
8825, 10, 2, 16, 42, 0
8825, 10, 2, 16, 43, 0
8825, 10, 2, 16, 44, 0
8825, 10, 2, 16, 45, 0
8825, 10, 2, 16, 46, 0
8825, 10, 2, 16, 47, 0
8825, 10, 2, 16, 48, 0
8825, 10, 1, 17, 22, 0
8825, 10, 1, 17, 23, 0
8825, 10, 1, 17, 24, 0
8825, 10, 1, 17, 25, 0
8825, 10, 2, 17, 41, 0
8825, 10, 2, 17, 42, 0
8825, 10, 2, 17, 43, 0
8825, 10, 2, 17, 44, 0
8825, 10, 2, 17, 45, 0
8825, 10, 2, 17, 46, 0
8825, 10, 2, 17, 47, 0
8825, 10, 2, 17, 48, 0
8825, 10, 1, 18, 22, 0
8825, 10, 1, 18, 23, 0
8825, 10, 1, 18, 24, 0
8825, 10, 1, 18, 25, 0
8825, 10, 2, 18, 40, 0
8825, 10, 2, 18, 41, 0
8825, 10, 2, 18, 42, 0
8825, 10, 2, 18, 43, 0
8825, 10, 2, 18, 44, 0
8825, 10, 2, 18, 45, 0
8825, 10, 2, 18, 46, 0
8825, 10, 2, 18, 47, 0
8825, 10, 2, 18, 48, 0
8825, 10, 1, 19, 21, 0
8825, 10, 1, 19, 22, 0
8825, 10, 1, 19, 23, 0
8825, 10, 1, 19, 24, 0
8825, 10, 1, 19, 25, 0
8825, 10, 2, 19, 39, 0
8825, 10, 2, 19, 40, 0
8825, 10, 2, 19, 41, 0
8825, 10, 2, 19, 42, 0
8825, 10, 2, 19, 43, 0
8825, 10, 2, 19, 44, 0
8825, 10, 2, 19, 45, 0
8825, 10, 2, 19, 46, 0
8825, 10, 2, 19, 47, 0
8825, 10, 2, 19, 48, 0
8825, 10, 2, 20, 20, 0
8825, 10, 1, 20, 21, 0
8825, 10, 1, 20, 22, 0
8825, 10, 1, 20, 23, 0
8825, 10, 1, 20, 24, 0
8825, 10, 2, 20, 39, 0
8825, 10, 2, 20, 40, 0
8825, 10, 2, 20, 41, 0
8825, 10, 2, 20, 42, 0
8825, 10, 2, 20, 43, 0
8825, 10, 2, 20, 44, 0
8825, 10, 2, 20, 45, 0
8825, 10, 2, 20, 46, 0
8825, 10, 2, 20, 47, 0
8825, 10, 2, 20, 48, 0
8825, 10, 2, 21, 20, 0
8825, 10, 1, 21, 21, 0
8825, 10, 1, 21, 22, 0
8825, 10, 1, 21, 23, 0
8825, 10, 1, 21, 24, 0
8825, 10, 2, 21, 40, 0
8825, 10, 2, 21, 41, 0
8825, 10, 2, 21, 42, 0
8825, 10, 2, 21, 43, 0
8825, 10, 2, 21, 44, 0
8825, 10, 2, 21, 45, 0
8825, 10, 2, 21, 46, 0
8825, 10, 2, 21, 47, 0
8825, 10, 2, 21, 48, 0
8825, 10, 2, 22, 20, 0
8825, 10, 1, 22, 21, 0
8825, 10, 1, 22, 22, 0
8825, 10, 1, 22, 23, 0
8825, 10, 1, 22, 24, 0
8825, 10, 2, 22, 41, 0
8825, 10, 2, 22, 42, 0
8825, 10, 2, 22, 43, 0
8825, 10, 2, 22, 44, 0
8825, 10, 2, 22, 45, 0
8825, 10, 2, 22, 46, 0
8825, 10, 2, 22, 47, 0
8825, 10, 2, 22, 48, 0
8825, 10, 2, 23, 19, 0
8825, 10, 2, 23, 20, 0
8825, 10, 1, 23, 21, 0
8825, 10, 1, 23, 22, 0
8825, 10, 1, 23, 23, 0
8825, 10, 1, 23, 24, 0
8825, 10, 2, 23, 42, 0
8825, 10, 2, 23, 43, 0
8825, 10, 2, 23, 44, 0
8825, 10, 2, 23, 45, 0
8825, 10, 2, 23, 46, 0
8825, 10, 2, 23, 47, 0
8825, 10, 2, 23, 48, 0
8825, 10, 2, 23, 49, 0
8825, 10, 2, 24, 19, 0
8825, 10, 2, 24, 20, 0
8825, 10, 1, 24, 21, 0
8825, 10, 1, 24, 22, 0
8825, 10, 1, 24, 23, 0
8825, 10, 1, 24, 24, 0
8825, 10, 1, 24, 25, 0
8825, 10, 2, 24, 42, 0
8825, 10, 2, 24, 43, 0
8825, 10, 2, 24, 44, 0
8825, 10, 2, 24, 45, 0
8825, 10, 2, 24, 46, 0
8825, 10, 2, 24, 47, 0
8825, 10, 2, 24, 48, 0
8825, 10, 2, 24, 49, 0
8825, 10, 2, 25, 19, 0
8825, 10, 2, 25, 20, 0
8825, 10, 2, 25, 21, 0
8825, 10, 1, 25, 22, 0
8825, 10, 1, 25, 23, 0
8825, 10, 1, 25, 24, 0
8825, 10, 2, 25, 43, 0
8825, 10, 2, 25, 44, 0
8825, 10, 2, 25, 45, 0
8825, 10, 2, 25, 46, 0
8825, 10, 2, 25, 47, 0
8825, 10, 2, 25, 48, 0
8825, 10, 2, 25, 49, 0
8825, 10, 2, 25, 50, 0
8825, 10, 2, 26, 18, 0
8825, 10, 2, 26, 19, 0
8825, 10, 2, 26, 20, 0
8825, 10, 1, 26, 21, 0
8825, 10, 1, 26, 22, 0
8825, 10, 1, 26, 23, 0
8825, 10, 1, 26, 24, 0
8825, 10, 2, 26, 43, 0
8825, 10, 2, 26, 44, 0
8825, 10, 2, 26, 45, 0
8825, 10, 2, 26, 46, 0
8825, 10, 2, 26, 47, 0
8825, 10, 2, 26, 48, 0
8825, 10, 2, 26, 49, 0
8825, 10, 2, 26, 50, 0
8825, 10, 2, 26, 51, 0
8825, 10, 2, 27, 18, 0
8825, 10, 2, 27, 19, 0
8825, 10, 2, 27, 20, 0
8825, 10, 1, 27, 21, 0
8825, 10, 1, 27, 22, 0
8825, 10, 1, 27, 23, 0
8825, 10, 2, 27, 44, 0
8825, 10, 2, 27, 45, 0
8825, 10, 2, 27, 46, 0
8825, 10, 2, 27, 47, 0
8825, 10, 2, 27, 48, 0
8825, 10, 2, 27, 49, 0
8825, 10, 2, 27, 50, 0
8825, 10, 2, 27, 51, 0
8825, 10, 2, 27, 52, 0
8825, 10, 2, 28, 18, 0
8825, 10, 2, 28, 19, 0
8825, 10, 2, 28, 20, 0
8825, 10, 1, 28, 21, 0
8825, 10, 1, 28, 22, 0
8825, 10, 2, 28, 46, 0
8825, 10, 2, 28, 47, 0
8825, 10, 2, 28, 48, 0
8825, 10, 2, 28, 49, 0
8825, 10, 2, 28, 50, 0
8825, 10, 2, 28, 51, 0
8825, 10, 2, 28, 52, 0
8825, 10, 2, 29, 18, 0
8825, 10, 2, 29, 19, 0
8825, 10, 2, 29, 20, 0
8825, 10, 1, 29, 21, 0
8825, 10, 1, 29, 22, 0
8825, 10, 1, 29, 34, 0
8825, 10, 2, 29, 47, 0
8825, 10, 2, 29, 48, 0
8825, 10, 2, 29, 49, 0
8825, 10, 2, 29, 50, 0
8825, 10, 2, 29, 51, 0
8825, 10, 2, 29, 52, 0
8825, 10, 2, 29, 53, 0
8825, 10, 2, 30, 18, 0
8825, 10, 2, 30, 19, 0
8825, 10, 1, 30, 20, 0
8825, 10, 1, 30, 21, 0
8825, 10, 1, 30, 22, 0
8825, 10, 1, 30, 23, 0
8825, 10, 1, 30, 33, 0
8825, 10, 1, 30, 34, 0
8825, 10, 1, 30, 35, 0
8825, 10, 2, 30, 48, 0
8825, 10, 2, 30, 49, 0
8825, 10, 2, 30, 50, 0
8825, 10, 2, 30, 51, 0
8825, 10, 2, 30, 52, 0
8825, 10, 2, 30, 53, 0
8825, 10, 2, 31, 18, 0
8825, 10, 2, 31, 19, 0
8825, 10, 1, 31, 20, 0
8825, 10, 1, 31, 21, 0
8825, 10, 1, 31, 22, 0
8825, 10, 1, 31, 31, 0
8825, 10, 1, 31, 32, 0
8825, 10, 1, 31, 33, 0
8825, 10, 1, 31, 34, 0
8825, 10, 1, 31, 35, 0
8825, 10, 1, 31, 36, 0
8825, 10, 2, 31, 48, 0
8825, 10, 2, 31, 49, 0
8825, 10, 2, 31, 50, 0
8825, 10, 2, 31, 51, 0
8825, 10, 2, 31, 52, 0
8825, 10, 2, 31, 53, 0
8825, 10, 2, 31, 54, 0
8825, 10, 2, 32, 18, 0
8825, 10, 2, 32, 19, 0
8825, 10, 1, 32, 20, 0
8825, 10, 1, 32, 21, 0
8825, 10, 1, 32, 22, 0
8825, 10, 1, 32, 30, 0
8825, 10, 1, 32, 31, 0
8825, 10, 1, 32, 32, 0
8825, 10, 1, 32, 33, 0
8825, 10, 1, 32, 34, 0
8825, 10, 1, 32, 35, 0
8825, 10, 1, 32, 36, 0
8825, 10, 1, 32, 37, 0
8825, 10, 1, 32, 38, 0
8825, 10, 2, 32, 48, 0
8825, 10, 2, 32, 49, 0
8825, 10, 2, 32, 50, 0
8825, 10, 2, 32, 51, 0
8825, 10, 2, 32, 52, 0
8825, 10, 2, 32, 53, 0
8825, 10, 2, 32, 54, 0
8825, 10, 2, 33, 18, 0
8825, 10, 2, 33, 19, 0
8825, 10, 1, 33, 20, 0
8825, 10, 1, 33, 21, 0
8825, 10, 1, 33, 22, 0
8825, 10, 1, 33, 29, 0
8825, 10, 1, 33, 30, 0
8825, 10, 1, 33, 31, 0
8825, 10, 1, 33, 32, 0
8825, 10, 1, 33, 33, 0
8825, 10, 1, 33, 34, 0
8825, 10, 1, 33, 35, 0
8825, 10, 1, 33, 36, 0
8825, 10, 1, 33, 37, 0
8825, 10, 1, 33, 38, 0
8825, 10, 2, 33, 49, 0
8825, 10, 2, 33, 50, 0
8825, 10, 2, 33, 51, 0
8825, 10, 2, 33, 52, 0
8825, 10, 2, 33, 53, 0
8825, 10, 2, 33, 54, 0
8825, 10, 2, 34, 18, 0
8825, 10, 2, 34, 19, 0
8825, 10, 1, 34, 20, 0
8825, 10, 1, 34, 21, 0
8825, 10, 1, 34, 22, 0
8825, 10, 1, 34, 29, 0
8825, 10, 1, 34, 30, 0
8825, 10, 1, 34, 31, 0
8825, 10, 1, 34, 32, 0
8825, 10, 1, 34, 33, 0
8825, 10, 1, 34, 34, 0
8825, 10, 1, 34, 35, 0
8825, 10, 1, 34, 36, 0
8825, 10, 1, 34, 37, 0
8825, 10, 1, 34, 38, 0
8825, 10, 1, 34, 39, 0
8825, 10, 2, 34, 49, 0
8825, 10, 2, 34, 50, 0
8825, 10, 2, 34, 51, 0
8825, 10, 2, 34, 52, 0
8825, 10, 2, 34, 53, 0
8825, 10, 2, 34, 54, 0
8825, 10, 2, 35, 18, 0
8825, 10, 2, 35, 19, 0
8825, 10, 1, 35, 20, 0
8825, 10, 1, 35, 21, 0
8825, 10, 1, 35, 22, 0
8825, 10, 1, 35, 29, 0
8825, 10, 1, 35, 30, 0
8825, 10, 1, 35, 31, 0
8825, 10, 1, 35, 32, 0
8825, 10, 1, 35, 33, 0
8825, 10, 1, 35, 34, 0
8825, 10, 1, 35, 35, 0
8825, 10, 1, 35, 36, 0
8825, 10, 1, 35, 37, 0
8825, 10, 1, 35, 38, 0
8825, 10, 1, 35, 39, 0
8825, 10, 2, 35, 49, 0
8825, 10, 2, 35, 50, 0
8825, 10, 2, 35, 51, 0
8825, 10, 2, 35, 52, 0
8825, 10, 2, 35, 53, 0
8825, 10, 2, 35, 54, 0
8825, 10, 2, 36, 18, 0
8825, 10, 2, 36, 19, 0
8825, 10, 1, 36, 20, 0
8825, 10, 1, 36, 21, 0
8825, 10, 1, 36, 22, 0
8825, 10, 1, 36, 29, 0
8825, 10, 1, 36, 30, 0
8825, 10, 1, 36, 31, 0
8825, 10, 1, 36, 32, 0
8825, 10, 1, 36, 33, 0
8825, 10, 1, 36, 34, 0
8825, 10, 1, 36, 35, 0
8825, 10, 1, 36, 36, 0
8825, 10, 1, 36, 37, 0
8825, 10, 1, 36, 38, 0
8825, 10, 1, 36, 39, 0
8825, 10, 2, 36, 49, 0
8825, 10, 2, 36, 50, 0
8825, 10, 2, 36, 51, 0
8825, 10, 2, 36, 52, 0
8825, 10, 2, 36, 53, 0
8825, 10, 2, 36, 54, 0
8825, 10, 2, 36, 55, 0
8825, 10, 2, 37, 18, 0
8825, 10, 2, 37, 19, 0
8825, 10, 1, 37, 20, 0
8825, 10, 1, 37, 21, 0
8825, 10, 1, 37, 22, 0
8825, 10, 1, 37, 23, 0
8825, 10, 1, 37, 30, 0
8825, 10, 1, 37, 31, 0
8825, 10, 1, 37, 32, 0
8825, 10, 1, 37, 33, 0
8825, 10, 1, 37, 34, 0
8825, 10, 1, 37, 35, 0
8825, 10, 1, 37, 36, 0
8825, 10, 1, 37, 37, 0
8825, 10, 1, 37, 38, 0
8825, 10, 1, 37, 39, 0
8825, 10, 2, 37, 50, 0
8825, 10, 2, 37, 51, 0
8825, 10, 2, 37, 52, 0
8825, 10, 2, 37, 53, 0
8825, 10, 2, 37, 54, 0
8825, 10, 2, 37, 55, 0
8825, 10, 2, 38, 17, 0
8825, 10, 2, 38, 18, 0
8825, 10, 2, 38, 19, 0
8825, 10, 1, 38, 20, 0
8825, 10, 1, 38, 21, 0
8825, 10, 1, 38, 22, 0
8825, 10, 1, 38, 23, 0
8825, 10, 1, 38, 30, 0
8825, 10, 1, 38, 31, 0
8825, 10, 1, 38, 32, 0
8825, 10, 1, 38, 33, 0
8825, 10, 1, 38, 34, 0
8825, 10, 1, 38, 35, 0
8825, 10, 1, 38, 36, 0
8825, 10, 1, 38, 37, 0
8825, 10, 1, 38, 38, 0
8825, 10, 2, 38, 50, 0
8825, 10, 2, 38, 51, 0
8825, 10, 2, 38, 52, 0
8825, 10, 2, 38, 53, 0
8825, 10, 2, 38, 54, 0
8825, 10, 2, 38, 55, 0
8825, 10, 2, 39, 16, 0
8825, 10, 2, 39, 17, 0
8825, 10, 2, 39, 18, 0
8825, 10, 2, 39, 19, 0
8825, 10, 1, 39, 20, 0
8825, 10, 1, 39, 21, 0
8825, 10, 1, 39, 22, 0
8825, 10, 1, 39, 31, 0
8825, 10, 1, 39, 32, 0
8825, 10, 1, 39, 33, 0
8825, 10, 1, 39, 34, 0
8825, 10, 1, 39, 35, 0
8825, 10, 1, 39, 36, 0
8825, 10, 2, 39, 50, 0
8825, 10, 2, 39, 51, 0
8825, 10, 2, 39, 52, 0
8825, 10, 2, 39, 53, 0
8825, 10, 2, 39, 54, 0
8825, 10, 2, 39, 55, 0
8825, 10, 2, 40, 15, 0
8825, 10, 2, 40, 16, 0
8825, 10, 2, 40, 17, 0
8825, 10, 2, 40, 18, 0
8825, 10, 1, 40, 19, 0
8825, 10, 1, 40, 20, 0
8825, 10, 1, 40, 21, 0
8825, 10, 1, 40, 22, 0
8825, 10, 1, 40, 32, 0
8825, 10, 2, 40, 50, 0
8825, 10, 2, 40, 51, 0
8825, 10, 2, 40, 52, 0
8825, 10, 2, 40, 53, 0
8825, 10, 2, 40, 54, 0
8825, 10, 2, 40, 55, 0
8825, 10, 2, 41, 14, 0
8825, 10, 2, 41, 15, 0
8825, 10, 2, 41, 16, 0
8825, 10, 2, 41, 17, 0
8825, 10, 2, 41, 18, 0
8825, 10, 1, 41, 19, 0
8825, 10, 1, 41, 20, 0
8825, 10, 1, 41, 21, 0
8825, 10, 1, 41, 22, 0
8825, 10, 2, 41, 49, 0
8825, 10, 2, 41, 50, 0
8825, 10, 2, 41, 51, 0
8825, 10, 2, 41, 52, 0
8825, 10, 2, 41, 53, 0
8825, 10, 2, 41, 54, 0
8825, 10, 2, 41, 55, 0
8825, 10, 2, 42, 13, 0
8825, 10, 2, 42, 14, 0
8825, 10, 2, 42, 15, 0
8825, 10, 2, 42, 16, 0
8825, 10, 2, 42, 17, 0
8825, 10, 1, 42, 18, 0
8825, 10, 1, 42, 19, 0
8825, 10, 1, 42, 20, 0
8825, 10, 2, 42, 49, 0
8825, 10, 2, 42, 50, 0
8825, 10, 2, 42, 51, 0
8825, 10, 2, 42, 52, 0
8825, 10, 2, 42, 53, 0
8825, 10, 2, 42, 54, 0
8825, 10, 2, 42, 55, 0
8825, 10, 2, 43, 12, 0
8825, 10, 2, 43, 13, 0
8825, 10, 2, 43, 14, 0
8825, 10, 2, 43, 15, 0
8825, 10, 2, 43, 16, 0
8825, 10, 2, 43, 17, 0
8825, 10, 1, 43, 18, 0
8825, 10, 1, 43, 19, 0
8825, 10, 1, 43, 20, 0
8825, 10, 2, 43, 48, 0
8825, 10, 2, 43, 49, 0
8825, 10, 2, 43, 50, 0
8825, 10, 2, 43, 51, 0
8825, 10, 2, 43, 52, 0
8825, 10, 2, 43, 53, 0
8825, 10, 2, 43, 54, 0
8825, 10, 2, 44, 11, 0
8825, 10, 2, 44, 12, 0
8825, 10, 2, 44, 13, 0
8825, 10, 2, 44, 14, 0
8825, 10, 2, 44, 15, 0
8825, 10, 2, 44, 16, 0
8825, 10, 2, 44, 17, 0
8825, 10, 1, 44, 18, 0
8825, 10, 1, 44, 19, 0
8825, 10, 1, 44, 20, 0
8825, 10, 2, 44, 47, 0
8825, 10, 2, 44, 48, 0
8825, 10, 2, 44, 49, 0
8825, 10, 2, 44, 50, 0
8825, 10, 2, 44, 51, 0
8825, 10, 2, 44, 52, 0
8825, 10, 2, 44, 53, 0
8825, 10, 2, 45, 10, 0
8825, 10, 2, 45, 11, 0
8825, 10, 2, 45, 12, 0
8825, 10, 2, 45, 13, 0
8825, 10, 2, 45, 14, 0
8825, 10, 2, 45, 15, 0
8825, 10, 2, 45, 16, 0
8825, 10, 2, 45, 17, 0
8825, 10, 1, 45, 18, 0
8825, 10, 1, 45, 19, 0
8825, 10, 2, 45, 45, 0
8825, 10, 2, 45, 46, 0
8825, 10, 2, 45, 47, 0
8825, 10, 2, 45, 48, 0
8825, 10, 2, 45, 49, 0
8825, 10, 2, 45, 50, 0
8825, 10, 2, 45, 51, 0
8825, 10, 2, 45, 52, 0
8825, 10, 2, 46, 9, 0
8825, 10, 2, 46, 10, 0
8825, 10, 2, 46, 11, 0
8825, 10, 2, 46, 12, 0
8825, 10, 2, 46, 13, 0
8825, 10, 2, 46, 14, 0
8825, 10, 2, 46, 15, 0
8825, 10, 2, 46, 16, 0
8825, 10, 2, 46, 44, 0
8825, 10, 2, 46, 45, 0
8825, 10, 2, 46, 46, 0
8825, 10, 2, 46, 47, 0
8825, 10, 2, 46, 48, 0
8825, 10, 2, 46, 49, 0
8825, 10, 2, 46, 50, 0
8825, 10, 2, 46, 51, 0
8825, 10, 2, 47, 9, 0
8825, 10, 2, 47, 10, 0
8825, 10, 2, 47, 11, 0
8825, 10, 2, 47, 12, 0
8825, 10, 2, 47, 13, 0
8825, 10, 2, 47, 14, 0
8825, 10, 2, 47, 42, 0
8825, 10, 2, 47, 43, 0
8825, 10, 2, 47, 44, 0
8825, 10, 2, 47, 45, 0
8825, 10, 2, 47, 46, 0
8825, 10, 2, 47, 47, 0
8825, 10, 2, 47, 48, 0
8825, 10, 2, 47, 49, 0
8825, 10, 2, 47, 50, 0
8825, 10, 2, 48, 8, 0
8825, 10, 2, 48, 9, 0
8825, 10, 2, 48, 10, 0
8825, 10, 2, 48, 11, 0
8825, 10, 2, 48, 12, 0
8825, 10, 2, 48, 13, 0
8825, 10, 2, 48, 36, 0
8825, 10, 2, 48, 41, 0
8825, 10, 2, 48, 42, 0
8825, 10, 2, 48, 43, 0
8825, 10, 2, 48, 44, 0
8825, 10, 2, 48, 45, 0
8825, 10, 2, 48, 46, 0
8825, 10, 2, 48, 47, 0
8825, 10, 2, 48, 48, 0
8825, 10, 2, 48, 49, 0
8825, 10, 2, 49, 8, 0
8825, 10, 2, 49, 9, 0
8825, 10, 2, 49, 10, 0
8825, 10, 2, 49, 11, 0
8825, 10, 2, 49, 12, 0
8825, 10, 2, 49, 13, 0
8825, 10, 2, 49, 33, 0
8825, 10, 2, 49, 34, 0
8825, 10, 2, 49, 35, 0
8825, 10, 2, 49, 36, 0
8825, 10, 2, 49, 37, 0
8825, 10, 2, 49, 38, 0
8825, 10, 2, 49, 39, 0
8825, 10, 2, 49, 40, 0
8825, 10, 2, 49, 41, 0
8825, 10, 2, 49, 42, 0
8825, 10, 2, 49, 43, 0
8825, 10, 2, 49, 44, 0
8825, 10, 2, 49, 45, 0
8825, 10, 2, 49, 46, 0
8825, 10, 2, 49, 47, 0
8825, 10, 2, 49, 48, 0
8825, 10, 2, 50, 7, 0
8825, 10, 2, 50, 8, 0
8825, 10, 2, 50, 9, 0
8825, 10, 2, 50, 10, 0
8825, 10, 2, 50, 11, 0
8825, 10, 2, 50, 12, 0
8825, 10, 2, 50, 28, 0
8825, 10, 2, 50, 29, 0
8825, 10, 2, 50, 30, 0
8825, 10, 2, 50, 31, 0
8825, 10, 2, 50, 32, 0
8825, 10, 2, 50, 33, 0
8825, 10, 2, 50, 34, 0
8825, 10, 2, 50, 35, 0
8825, 10, 2, 50, 36, 0
8825, 10, 2, 50, 37, 0
8825, 10, 2, 50, 38, 0
8825, 10, 2, 50, 39, 0
8825, 10, 2, 50, 40, 0
8825, 10, 2, 50, 41, 0
8825, 10, 2, 50, 42, 0
8825, 10, 2, 50, 43, 0
8825, 10, 2, 50, 44, 0
8825, 10, 2, 50, 45, 0
8825, 10, 2, 50, 46, 0
8825, 10, 2, 50, 47, 0
8825, 10, 2, 51, 7, 0
8825, 10, 2, 51, 8, 0
8825, 10, 2, 51, 9, 0
8825, 10, 2, 51, 10, 0
8825, 10, 2, 51, 11, 0
8825, 10, 2, 51, 12, 0
8825, 10, 2, 51, 26, 0
8825, 10, 2, 51, 27, 0
8825, 10, 2, 51, 28, 0
8825, 10, 2, 51, 29, 0
8825, 10, 2, 51, 30, 0
8825, 10, 2, 51, 31, 0
8825, 10, 2, 51, 32, 0
8825, 10, 2, 51, 33, 0
8825, 10, 2, 51, 34, 0
8825, 10, 2, 51, 35, 0
8825, 10, 2, 51, 36, 0
8825, 10, 2, 51, 37, 0
8825, 10, 2, 51, 38, 0
8825, 10, 2, 51, 39, 0
8825, 10, 2, 51, 40, 0
8825, 10, 2, 51, 41, 0
8825, 10, 2, 51, 42, 0
8825, 10, 2, 51, 43, 0
8825, 10, 2, 51, 44, 0
8825, 10, 2, 51, 45, 0
8825, 10, 2, 52, 7, 0
8825, 10, 2, 52, 8, 0
8825, 10, 2, 52, 9, 0
8825, 10, 2, 52, 10, 0
8825, 10, 2, 52, 11, 0
8825, 10, 2, 52, 26, 0
8825, 10, 2, 52, 27, 0
8825, 10, 2, 52, 28, 0
8825, 10, 2, 52, 29, 0
8825, 10, 2, 52, 30, 0
8825, 10, 2, 52, 31, 0
8825, 10, 2, 52, 32, 0
8825, 10, 2, 52, 33, 0
8825, 10, 2, 52, 34, 0
8825, 10, 2, 52, 35, 0
8825, 10, 2, 52, 36, 0
8825, 10, 2, 52, 37, 0
8825, 10, 2, 52, 38, 0
8825, 10, 2, 52, 39, 0
8825, 10, 2, 52, 40, 0
8825, 10, 2, 52, 41, 0
8825, 10, 2, 52, 42, 0
8825, 10, 2, 52, 43, 0
8825, 10, 2, 52, 44, 0
8825, 10, 2, 53, 7, 0
8825, 10, 2, 53, 8, 0
8825, 10, 2, 53, 9, 0
8825, 10, 2, 53, 10, 0
8825, 10, 2, 53, 11, 0
8825, 10, 2, 53, 25, 0
8825, 10, 2, 53, 26, 0
8825, 10, 2, 53, 27, 0
8825, 10, 2, 53, 28, 0
8825, 10, 2, 53, 29, 0
8825, 10, 2, 53, 30, 0
8825, 10, 2, 53, 31, 0
8825, 10, 2, 53, 32, 0
8825, 10, 2, 53, 33, 0
8825, 10, 2, 53, 34, 0
8825, 10, 2, 53, 35, 0
8825, 10, 2, 53, 36, 0
8825, 10, 2, 53, 37, 0
8825, 10, 2, 53, 38, 0
8825, 10, 2, 53, 39, 0
8825, 10, 2, 54, 7, 0
8825, 10, 2, 54, 8, 0
8825, 10, 2, 54, 9, 0
8825, 10, 2, 54, 10, 0
8825, 10, 2, 54, 11, 0
8825, 10, 2, 54, 24, 0
8825, 10, 2, 54, 25, 0
8825, 10, 2, 54, 26, 0
8825, 10, 2, 54, 27, 0
8825, 10, 2, 54, 28, 0
8825, 10, 2, 54, 29, 0
8825, 10, 2, 54, 30, 0
8825, 10, 2, 54, 31, 0
8825, 10, 2, 54, 32, 0
8825, 10, 2, 54, 33, 0
8825, 10, 2, 54, 34, 0
8825, 10, 2, 55, 7, 0
8825, 10, 2, 55, 8, 0
8825, 10, 2, 55, 9, 0
8825, 10, 2, 55, 10, 0
8825, 10, 2, 55, 11, 0
8825, 10, 2, 55, 12, 0
8825, 10, 2, 55, 24, 0
8825, 10, 2, 55, 25, 0
8825, 10, 2, 55, 26, 0
8825, 10, 2, 55, 27, 0
8825, 10, 2, 55, 28, 0
8825, 10, 2, 55, 29, 0
8825, 10, 2, 55, 30, 0
8825, 10, 2, 55, 31, 0
8825, 10, 2, 55, 32, 0
8825, 10, 2, 56, 8, 0
8825, 10, 2, 56, 9, 0
8825, 10, 2, 56, 10, 0
8825, 10, 2, 56, 11, 0
8825, 10, 2, 56, 12, 0
8825, 10, 2, 56, 24, 0
8825, 10, 2, 56, 25, 0
8825, 10, 2, 56, 26, 0
8825, 10, 2, 56, 27, 0
8825, 10, 2, 56, 28, 0
8825, 10, 2, 56, 29, 0
8825, 10, 2, 56, 30, 0
8825, 10, 2, 57, 8, 0
8825, 10, 2, 57, 9, 0
8825, 10, 2, 57, 10, 0
8825, 10, 2, 57, 11, 0
8825, 10, 2, 57, 12, 0
8825, 10, 2, 57, 13, 0
8825, 10, 2, 57, 23, 0
8825, 10, 2, 57, 24, 0
8825, 10, 2, 57, 25, 0
8825, 10, 2, 57, 26, 0
8825, 10, 2, 57, 27, 0
8825, 10, 2, 57, 28, 0
8825, 10, 2, 57, 29, 0
8825, 10, 2, 58, 8, 0
8825, 10, 2, 58, 9, 0
8825, 10, 2, 58, 10, 0
8825, 10, 2, 58, 11, 0
8825, 10, 2, 58, 12, 0
8825, 10, 2, 58, 24, 0
8825, 10, 2, 58, 25, 0
8825, 10, 2, 58, 26, 0
8825, 10, 2, 58, 27, 0
8825, 10, 2, 58, 28, 0
8825, 10, 2, 58, 29, 0
8825, 10, 2, 59, 7, 0
8825, 10, 2, 59, 8, 0
8825, 10, 2, 59, 9, 0
8825, 10, 2, 59, 10, 0
8825, 10, 2, 59, 11, 0
8825, 10, 2, 59, 12, 0
8825, 10, 2, 59, 24, 0
8825, 10, 2, 59, 25, 0
8825, 10, 2, 59, 26, 0
8825, 10, 2, 59, 27, 0
8825, 10, 2, 59, 28, 0
8825, 10, 2, 59, 29, 0
8825, 10, 2, 60, 7, 0
8825, 10, 2, 60, 8, 0
8825, 10, 2, 60, 9, 0
8825, 10, 2, 60, 10, 0
8825, 10, 2, 60, 11, 0
8825, 10, 2, 60, 12, 0
8825, 10, 2, 60, 24, 0
8825, 10, 2, 60, 25, 0
8825, 10, 2, 60, 26, 0
8825, 10, 2, 60, 27, 0
8825, 10, 2, 60, 28, 0
8825, 10, 2, 60, 29, 0
8825, 10, 2, 61, 7, 0
8825, 10, 2, 61, 8, 0
8825, 10, 2, 61, 9, 0
8825, 10, 2, 61, 10, 0
8825, 10, 2, 61, 11, 0
8825, 10, 2, 61, 12, 0
8825, 10, 2, 61, 24, 0
8825, 10, 2, 61, 25, 0
8825, 10, 2, 61, 26, 0
8825, 10, 2, 61, 27, 0
8825, 10, 2, 61, 28, 0
8825, 10, 2, 61, 29, 0
8825, 10, 2, 61, 30, 0
8825, 10, 2, 62, 7, 0
8825, 10, 2, 62, 8, 0
8825, 10, 2, 62, 9, 0
8825, 10, 2, 62, 10, 0
8825, 10, 2, 62, 11, 0
8825, 10, 2, 62, 12, 0
8825, 10, 2, 62, 24, 0
8825, 10, 2, 62, 25, 0
8825, 10, 2, 62, 26, 0
8825, 10, 2, 62, 27, 0
8825, 10, 2, 62, 28, 0
8825, 10, 2, 62, 29, 0
8825, 10, 2, 62, 30, 0
8825, 10, 2, 62, 31, 0
8825, 10, 2, 63, 6, 0
8825, 10, 2, 63, 7, 0
8825, 10, 2, 63, 8, 0
8825, 10, 2, 63, 9, 0
8825, 10, 2, 63, 10, 0
8825, 10, 2, 63, 11, 0
8825, 10, 2, 63, 12, 0
8825, 10, 2, 63, 13, 0
8825, 10, 2, 63, 23, 0
8825, 10, 2, 63, 24, 0
8825, 10, 2, 63, 25, 0
8825, 10, 2, 63, 26, 0
8825, 10, 2, 63, 27, 0
8825, 10, 2, 63, 28, 0
8825, 10, 2, 63, 29, 0
8825, 10, 2, 63, 30, 0
8825, 10, 2, 63, 31, 0
8825, 10, 2, 63, 32, 0
8825, 10, 2, 63, 33, 0
8825, 10, 2, 63, 34, 0
8827, 10, 3, 2, 43, 0
8827, 10, 3, 3, 44, 0
8827, 10, 3, 4, 45, 0
8827, 10, 1, 5, 16, 0
8827, 10, 1, 6, 17, 0
8827, 10, 3, 6, 46, 0
8827, 10, 1, 7, 18, 0
8827, 10, 1, 8, 19, 0
8827, 10, 1, 9, 20, 0
8827, 10, 3, 9, 47, 0
8827, 10, 1, 10, 21, 0
8827, 10, 3, 11, 48, 0
8827, 10, 2, 18, 21, 0
8827, 10, 2, 19, 20, 0
8827, 10, 2, 22, 19, 0
8827, 10, 3, 22, 49, 0
8827, 10, 3, 24, 50, 0
8827, 10, 2, 25, 18, 0
8827, 10, 3, 25, 51, 0
8827, 10, 3, 26, 52, 0
8827, 10, 3, 28, 53, 0
8827, 10, 3, 30, 54, 0
8827, 10, 3, 35, 55, 0
8827, 10, 2, 37, 17, 0
8827, 10, 2, 38, 16, 0
8827, 10, 2, 39, 15, 0
8827, 10, 2, 40, 14, 0
8827, 10, 2, 41, 13, 0
8827, 10, 2, 42, 12, 0
8827, 10, 2, 43, 11, 0
8827, 10, 0, 43, 55, 0
8827, 10, 2, 44, 10, 0
8827, 10, 0, 44, 54, 0
8827, 10, 2, 45, 9, 0
8827, 10, 0, 45, 53, 0
8827, 10, 0, 46, 52, 0
8827, 10, 2, 47, 8, 0
8827, 10, 0, 47, 51, 0
8827, 10, 0, 48, 50, 0
8827, 10, 2, 49, 7, 0
8827, 10, 0, 49, 49, 0
8827, 10, 0, 50, 48, 0
8827, 10, 0, 51, 46, 0
8827, 10, 0, 52, 45, 0
8827, 10, 0, 53, 40, 0
8827, 10, 0, 54, 35, 0
8827, 10, 0, 55, 33, 0
8827, 10, 1, 56, 7, 0
8827, 10, 0, 56, 31, 0
8827, 10, 0, 57, 30, 0
8827, 10, 2, 58, 7, 0
8827, 10, 3, 60, 30, 0
8827, 10, 3, 61, 31, 0
8827, 10, 2, 62, 6, 0
8827, 10, 3, 62, 32, 0
8827, 10, 2, 63, 5, 0
8827, 10, 3, 63, 35, 0
8828, 10, 3, 1, 21, 0
8828, 10, 0, 22, 26, 0
8828, 10, 1, 32, 40, 0
8828, 10, 2, 35, 42, 0
8828, 10, 3, 37, 47, 0
8828, 10, 1, 40, 40, 0
8828, 10, 0, 41, 44, 0
8828, 10, 2, 42, 41, 0
8828, 10, 2, 42, 46, 0
8829, 10, 3, 33, 46, 0
8829, 10, 1, 36, 45, 0
8829, 10, 2, 37, 41, 0
8829, 10, 0, 39, 43, 0
8830, 10, 1, 31, 45, 0
8830, 10, 2, 34, 44, 0
8830, 10, 0, 37, 46, 0
8830, 10, 3, 39, 40, 0
8830, 10, 0, 39, 46, 0
8830, 10, 2, 41, 42, 0
8830, 10, 1, 42, 42, 0
9746, 0, 0, 1, 17, 0
9746, 0, 3, 3, 34, 0
9746, 0, 0, 4, 23, 0
9746, 0, 3, 8, 38, 0
9746, 0, 1, 9, 27, 0
9746, 0, 3, 13, 40, 0
9746, 0, 1, 14, 27, 0
9746, 0, 3, 16, 40, 0
9746, 0, 1, 18, 26, 0
9746, 0, 1, 24, 26, 0
9746, 0, 3, 24, 41, 0
9746, 0, 0, 28, 34, 0
9746, 0, 2, 28, 44, 0
9746, 0, 1, 30, 24, 0
9746, 0, 3, 30, 30, 0
9746, 0, 0, 31, 38, 0
9746, 0, 1, 33, 23, 0
9746, 0, 3, 34, 28, 0
9746, 0, 1, 34, 40, 0
9746, 0, 1, 38, 24, 0
9746, 0, 3, 38, 49, 0
9746, 0, 2, 39, 38, 0
9746, 0, 2, 41, 32, 0
9746, 0, 2, 46, 18, 0
9746, 0, 0, 47, 36, 0
9746, 0, 3, 51, 25, 0
9746, 0, 1, 57, 14, 0
9746, 0, 3, 57, 22, 0
9746, 0, 3, 61, 23, 0
9763, 10, 0, 5, 34, 0
9764, 10, 2, 4, 31, 0
9765, 10, 0, 5, 25, 0
9766, 10, 3, 0, 30, 0
9766, 10, 2, 2, 22, 0
9766, 10, 0, 11, 31, 0
9767, 10, 0, 6, 26, 0
10028, 10, 0, 0, 11, 0
10028, 10, 3, 0, 12, 0
