319, 22, 0, 1, 19, 0
319, 22, 1, 4, 52, 0
319, 22, 3, 4, 58, 0
319, 22, 3, 5, 18, 0
319, 22, 0, 5, 42, 0
319, 22, 2, 7, 34, 0
319, 22, 3, 8, 14, 0
319, 22, 3, 8, 26, 0
319, 22, 3, 8, 49, 0
319, 22, 2, 9, 59, 0
319, 22, 0, 11, 34, 0
319, 22, 0, 12, 44, 0
319, 22, 3, 13, 43, 0
319, 22, 1, 13, 50, 0
319, 22, 2, 14, 22, 0
319, 22, 0, 14, 27, 0
319, 22, 0, 14, 54, 0
319, 22, 1, 15, 4, 0
319, 22, 1, 16, 45, 0
319, 22, 2, 18, 5, 0
319, 22, 3, 18, 9, 0
319, 22, 3, 19, 47, 0
319, 22, 1, 20, 13, 0
319, 22, 0, 20, 48, 0
319, 22, 0, 21, 15, 0
319, 22, 2, 21, 46, 0
319, 22, 1, 21, 49, 0
319, 22, 1, 22, 47, 0
319, 22, 2, 22, 52, 0
319, 22, 1, 23, 44, 0
319, 22, 3, 24, 3, 0
319, 22, 3, 25, 51, 0
319, 22, 0, 26, 7, 0
319, 22, 0, 27, 46, 0
319, 22, 2, 27, 51, 0
319, 22, 3, 29, 22, 0
319, 22, 2, 29, 49, 0
319, 22, 2, 30, 29, 0
319, 22, 0, 31, 47, 0
319, 22, 3, 32, 49, 0
319, 22, 3, 35, 24, 0
319, 22, 2, 35, 27, 0
319, 22, 3, 37, 3, 0
319, 22, 1, 39, 26, 0
319, 22, 1, 41, 24, 0
319, 22, 0, 41, 29, 0
319, 22, 0, 43, 11, 0
319, 22, 1, 43, 27, 0
319, 22, 2, 45, 4, 0
319, 22, 2, 46, 30, 0
319, 22, 0, 60, 28, 0
319, 22, 0, 61, 32, 0
319, 22, 0, 0, 13, 1
319, 22, 1, 0, 47, 1
319, 22, 1, 1, 24, 1
319, 22, 3, 1, 41, 1
319, 22, 2, 1, 55, 1
319, 22, 2, 2, 10, 1
319, 22, 1, 2, 12, 1
319, 22, 1, 2, 36, 1
319, 22, 3, 2, 62, 1
319, 22, 0, 3, 29, 1
319, 22, 3, 4, 22, 1
319, 22, 2, 5, 27, 1
319, 22, 0, 5, 32, 1
319, 22, 3, 6, 12, 1
319, 22, 0, 7, 1, 1
319, 22, 2, 8, 61, 1
319, 22, 3, 9, 1, 1
319, 22, 0, 9, 5, 1
319, 22, 1, 9, 11, 1
319, 22, 3, 11, 31, 1
319, 22, 2, 12, 8, 1
319, 22, 3, 13, 5, 1
319, 22, 0, 13, 11, 1
319, 22, 0, 14, 47, 1
319, 22, 1, 15, 62, 1
319, 22, 3, 16, 14, 1
319, 22, 2, 17, 17, 1
319, 22, 0, 19, 52, 1
319, 22, 2, 20, 24, 1
319, 22, 3, 20, 56, 1
319, 22, 3, 21, 0, 1
319, 22, 2, 21, 42, 1
319, 22, 1, 23, 19, 1
319, 22, 1, 24, 42, 1
319, 22, 2, 25, 58, 1
319, 22, 2, 27, 0, 1
319, 22, 0, 27, 24, 1
319, 22, 2, 29, 6, 1
319, 22, 1, 29, 10, 1
319, 22, 0, 32, 44, 1
319, 22, 1, 32, 54, 1
319, 22, 3, 33, 6, 1
319, 22, 1, 34, 42, 1
319, 22, 2, 35, 45, 1
319, 22, 3, 35, 52, 1
319, 22, 1, 36, 0, 1
319, 22, 0, 37, 39, 1
319, 22, 0, 39, 38, 1
319, 22, 0, 41, 0, 1
319, 22, 1, 43, 16, 1
319, 22, 0, 44, 14, 1
319, 22, 3, 46, 1, 1
319, 22, 3, 46, 37, 1
319, 22, 2, 48, 3, 1
319, 22, 2, 48, 19, 1
319, 22, 1, 48, 35, 1
319, 22, 0, 48, 38, 1
319, 22, 0, 53, 18, 1
319, 22, 1, 54, 16, 1
320, 22, 3, 0, 19, 0
320, 22, 0, 0, 20, 0
320, 22, 1, 1, 17, 0
320, 22, 2, 1, 20, 0
320, 22, 0, 2, 16, 0
320, 22, 2, 2, 18, 0
320, 22, 1, 2, 19, 0
320, 22, 0, 2, 51, 0
320, 22, 2, 2, 52, 0
320, 22, 1, 3, 45, 0
320, 22, 0, 3, 46, 0
320, 22, 2, 3, 47, 0
320, 22, 3, 3, 48, 0
320, 22, 2, 3, 49, 0
320, 22, 0, 3, 50, 0
320, 22, 3, 3, 51, 0
320, 22, 3, 3, 52, 0
320, 22, 1, 3, 53, 0
320, 22, 0, 3, 58, 0
320, 22, 2, 4, 17, 0
320, 22, 2, 4, 19, 0
320, 22, 0, 4, 38, 0
320, 22, 2, 4, 42, 0
320, 22, 3, 4, 43, 0
320, 22, 3, 4, 45, 0
320, 22, 3, 4, 46, 0
320, 22, 1, 4, 47, 0
320, 22, 2, 4, 49, 0
320, 22, 1, 4, 50, 0
320, 22, 0, 4, 51, 0
320, 22, 2, 4, 53, 0
320, 22, 0, 4, 54, 0
320, 22, 2, 4, 55, 0
320, 22, 1, 4, 57, 0
320, 22, 2, 4, 59, 0
320, 22, 0, 5, 16, 0
320, 22, 1, 5, 17, 0
320, 22, 3, 5, 19, 0
320, 22, 3, 5, 36, 0
320, 22, 2, 5, 37, 0
320, 22, 1, 5, 41, 0
320, 22, 1, 5, 43, 0
320, 22, 2, 5, 44, 0
320, 22, 0, 5, 45, 0
320, 22, 3, 5, 46, 0
320, 22, 0, 5, 48, 0
320, 22, 3, 5, 49, 0
320, 22, 3, 5, 50, 0
320, 22, 0, 5, 51, 0
320, 22, 3, 5, 52, 0
320, 22, 1, 5, 53, 0
320, 22, 0, 5, 54, 0
320, 22, 1, 5, 56, 0
320, 22, 3, 5, 57, 0
320, 22, 0, 5, 58, 0
320, 22, 3, 6, 16, 0
320, 22, 0, 6, 18, 0
320, 22, 1, 6, 19, 0
320, 22, 1, 6, 39, 0
320, 22, 3, 6, 41, 0
320, 22, 0, 6, 42, 0
320, 22, 1, 6, 43, 0
320, 22, 1, 6, 44, 0
320, 22, 1, 6, 45, 0
320, 22, 2, 6, 46, 0
320, 22, 3, 6, 49, 0
320, 22, 0, 6, 50, 0
320, 22, 2, 6, 53, 0
320, 22, 0, 6, 55, 0
320, 22, 3, 6, 56, 0
320, 22, 2, 6, 57, 0
320, 22, 1, 7, 16, 0
320, 22, 3, 7, 20, 0
320, 22, 2, 7, 42, 0
320, 22, 3, 7, 43, 0
320, 22, 1, 7, 46, 0
320, 22, 1, 7, 49, 0
320, 22, 0, 7, 50, 0
320, 22, 1, 7, 53, 0
320, 22, 3, 7, 54, 0
320, 22, 1, 7, 55, 0
320, 22, 0, 7, 57, 0
320, 22, 2, 8, 15, 0
320, 22, 3, 8, 16, 0
320, 22, 1, 8, 17, 0
320, 22, 0, 8, 21, 0
320, 22, 3, 8, 22, 0
320, 22, 2, 8, 23, 0
320, 22, 2, 8, 24, 0
320, 22, 3, 8, 25, 0
320, 22, 0, 8, 39, 0
320, 22, 2, 8, 44, 0
320, 22, 0, 8, 46, 0
320, 22, 2, 8, 48, 0
320, 22, 0, 8, 50, 0
320, 22, 1, 8, 51, 0
320, 22, 0, 8, 54, 0
320, 22, 0, 8, 58, 0
320, 22, 1, 9, 23, 0
320, 22, 2, 9, 24, 0
320, 22, 0, 9, 25, 0
320, 22, 1, 9, 44, 0
320, 22, 0, 9, 45, 0
320, 22, 0, 9, 47, 0
320, 22, 3, 9, 49, 0
320, 22, 3, 9, 53, 0
320, 22, 3, 9, 58, 0
320, 22, 0, 10, 15, 0
320, 22, 2, 10, 22, 0
320, 22, 0, 10, 24, 0
320, 22, 1, 10, 26, 0
320, 22, 0, 10, 34, 0
320, 22, 1, 10, 43, 0
320, 22, 0, 10, 44, 0
320, 22, 1, 10, 46, 0
320, 22, 3, 10, 52, 0
320, 22, 1, 10, 57, 0
320, 22, 3, 10, 58, 0
320, 22, 2, 10, 59, 0
320, 22, 1, 11, 19, 0
320, 22, 3, 11, 23, 0
320, 22, 1, 11, 35, 0
320, 22, 3, 11, 44, 0
320, 22, 2, 11, 45, 0
320, 22, 2, 11, 46, 0
320, 22, 1, 11, 47, 0
320, 22, 0, 11, 51, 0
320, 22, 3, 11, 52, 0
320, 22, 2, 11, 53, 0
320, 22, 2, 11, 54, 0
320, 22, 0, 11, 58, 0
320, 22, 2, 12, 15, 0
320, 22, 0, 12, 18, 0
320, 22, 2, 12, 34, 0
320, 22, 3, 12, 41, 0
320, 22, 2, 12, 43, 0
320, 22, 2, 12, 45, 0
320, 22, 3, 12, 46, 0
320, 22, 0, 12, 50, 0
320, 22, 1, 12, 51, 0
320, 22, 2, 12, 53, 0
320, 22, 0, 12, 55, 0
320, 22, 2, 12, 57, 0
320, 22, 2, 12, 58, 0
320, 22, 3, 13, 15, 0
320, 22, 0, 13, 16, 0
320, 22, 1, 13, 17, 0
320, 22, 2, 13, 18, 0
320, 22, 0, 13, 23, 0
320, 22, 3, 13, 28, 0
320, 22, 3, 13, 33, 0
320, 22, 2, 13, 42, 0
320, 22, 2, 13, 49, 0
320, 22, 1, 13, 51, 0
320, 22, 3, 13, 53, 0
320, 22, 2, 13, 54, 0
320, 22, 3, 13, 57, 0
320, 22, 2, 13, 58, 0
320, 22, 3, 14, 3, 0
320, 22, 3, 14, 19, 0
320, 22, 1, 14, 20, 0
320, 22, 1, 14, 26, 0
320, 22, 3, 14, 28, 0
320, 22, 1, 14, 29, 0
320, 22, 1, 14, 41, 0
320, 22, 3, 14, 50, 0
320, 22, 3, 14, 51, 0
320, 22, 1, 14, 52, 0
320, 22, 0, 14, 53, 0
320, 22, 1, 14, 55, 0
320, 22, 3, 14, 56, 0
320, 22, 1, 14, 57, 0
320, 22, 2, 14, 58, 0
320, 22, 0, 14, 59, 0
320, 22, 1, 15, 2, 0
320, 22, 0, 15, 3, 0
320, 22, 1, 15, 20, 0
320, 22, 3, 15, 21, 0
320, 22, 2, 15, 22, 0
320, 22, 2, 15, 27, 0
320, 22, 1, 15, 28, 0
320, 22, 0, 15, 29, 0
320, 22, 0, 15, 39, 0
320, 22, 3, 15, 51, 0
320, 22, 0, 15, 52, 0
320, 22, 1, 15, 53, 0
320, 22, 0, 15, 54, 0
320, 22, 1, 15, 55, 0
320, 22, 0, 15, 56, 0
320, 22, 3, 15, 57, 0
320, 22, 2, 16, 3, 0
320, 22, 3, 16, 4, 0
320, 22, 2, 16, 5, 0
320, 22, 1, 16, 6, 0
320, 22, 0, 16, 22, 0
320, 22, 1, 16, 23, 0
320, 22, 2, 16, 27, 0
320, 22, 1, 16, 44, 0
320, 22, 3, 16, 53, 0
320, 22, 0, 16, 55, 0
320, 22, 3, 17, 3, 0
320, 22, 0, 17, 5, 0
320, 22, 0, 17, 6, 0
320, 22, 3, 17, 7, 0
320, 22, 1, 17, 8, 0
320, 22, 0, 17, 9, 0
320, 22, 0, 17, 24, 0
320, 22, 3, 17, 26, 0
320, 22, 0, 17, 35, 0
320, 22, 3, 17, 39, 0
320, 22, 1, 17, 41, 0
320, 22, 2, 17, 45, 0
320, 22, 0, 18, 3, 0
320, 22, 3, 18, 4, 0
320, 22, 1, 18, 6, 0
320, 22, 2, 18, 8, 0
320, 22, 0, 18, 43, 0
320, 22, 3, 18, 46, 0
320, 22, 1, 18, 47, 0
320, 22, 2, 19, 2, 0
320, 22, 2, 19, 3, 0
320, 22, 3, 19, 5, 0
320, 22, 0, 19, 9, 0
320, 22, 2, 19, 44, 0
320, 22, 1, 19, 45, 0
320, 22, 2, 19, 48, 0
320, 22, 0, 20, 44, 0
320, 22, 3, 20, 45, 0
320, 22, 1, 20, 46, 0
320, 22, 3, 20, 47, 0
320, 22, 3, 20, 49, 0
320, 22, 0, 21, 5, 0
320, 22, 1, 21, 7, 0
320, 22, 3, 21, 29, 0
320, 22, 3, 21, 33, 0
320, 22, 3, 21, 47, 0
320, 22, 0, 21, 50, 0
320, 22, 0, 22, 29, 0
320, 22, 0, 22, 32, 0
320, 22, 0, 22, 37, 0
320, 22, 1, 22, 46, 0
320, 22, 0, 22, 48, 0
320, 22, 3, 22, 49, 0
320, 22, 1, 22, 50, 0
320, 22, 2, 22, 51, 0
320, 22, 0, 23, 3, 0
320, 22, 3, 23, 5, 0
320, 22, 2, 23, 8, 0
320, 22, 1, 23, 31, 0
320, 22, 1, 23, 37, 0
320, 22, 3, 23, 45, 0
320, 22, 2, 23, 48, 0
320, 22, 1, 23, 49, 0
320, 22, 2, 23, 50, 0
320, 22, 3, 23, 51, 0
320, 22, 3, 23, 52, 0
320, 22, 3, 24, 4, 0
320, 22, 3, 24, 7, 0
320, 22, 3, 24, 27, 0
320, 22, 2, 24, 28, 0
320, 22, 2, 24, 31, 0
320, 22, 1, 24, 37, 0
320, 22, 3, 24, 38, 0
320, 22, 3, 24, 46, 0
320, 22, 0, 24, 48, 0
320, 22, 1, 24, 49, 0
320, 22, 2, 24, 50, 0
320, 22, 3, 24, 52, 0
320, 22, 1, 25, 3, 0
320, 22, 2, 25, 4, 0
320, 22, 1, 25, 5, 0
320, 22, 1, 25, 6, 0
320, 22, 0, 25, 7, 0
320, 22, 1, 25, 27, 0
320, 22, 3, 25, 29, 0
320, 22, 0, 25, 32, 0
320, 22, 2, 25, 37, 0
320, 22, 3, 25, 40, 0
320, 22, 2, 25, 45, 0
320, 22, 2, 25, 46, 0
320, 22, 3, 25, 47, 0
320, 22, 1, 25, 48, 0
320, 22, 0, 25, 52, 0
320, 22, 0, 26, 5, 0
320, 22, 3, 26, 8, 0
320, 22, 2, 26, 17, 0
320, 22, 2, 26, 39, 0
320, 22, 0, 26, 46, 0
320, 22, 2, 26, 47, 0
320, 22, 1, 26, 48, 0
320, 22, 2, 27, 28, 0
320, 22, 0, 27, 30, 0
320, 22, 2, 27, 40, 0
320, 22, 3, 27, 47, 0
320, 22, 0, 27, 48, 0
320, 22, 3, 28, 13, 0
320, 22, 2, 28, 27, 0
320, 22, 2, 29, 13, 0
320, 22, 3, 29, 16, 0
320, 22, 3, 29, 19, 0
320, 22, 0, 29, 26, 0
320, 22, 1, 29, 27, 0
320, 22, 0, 29, 41, 0
320, 22, 3, 29, 47, 0
320, 22, 0, 29, 48, 0
320, 22, 2, 29, 50, 0
320, 22, 0, 30, 20, 0
320, 22, 3, 30, 21, 0
320, 22, 2, 30, 23, 0
320, 22, 1, 30, 26, 0
320, 22, 1, 30, 27, 0
320, 22, 2, 30, 30, 0
320, 22, 1, 30, 38, 0
320, 22, 2, 30, 40, 0
320, 22, 1, 30, 47, 0
320, 22, 3, 30, 48, 0
320, 22, 1, 30, 49, 0
320, 22, 1, 30, 50, 0
320, 22, 2, 31, 12, 0
320, 22, 1, 31, 23, 0
320, 22, 3, 31, 26, 0
320, 22, 0, 31, 27, 0
320, 22, 3, 31, 29, 0
320, 22, 3, 31, 30, 0
320, 22, 1, 31, 40, 0
320, 22, 2, 31, 48, 0
320, 22, 3, 31, 49, 0
320, 22, 0, 32, 10, 0
320, 22, 2, 32, 11, 0
320, 22, 2, 32, 18, 0
320, 22, 2, 32, 22, 0
320, 22, 3, 32, 25, 0
320, 22, 2, 32, 26, 0
320, 22, 1, 33, 10, 0
320, 22, 0, 33, 15, 0
320, 22, 1, 33, 25, 0
320, 22, 2, 34, 10, 0
320, 22, 3, 34, 16, 0
320, 22, 3, 34, 29, 0
320, 22, 1, 34, 35, 0
320, 22, 0, 34, 38, 0
320, 22, 1, 35, 9, 0
320, 22, 0, 35, 23, 0
320, 22, 2, 35, 25, 0
320, 22, 1, 35, 26, 0
320, 22, 3, 35, 31, 0
320, 22, 2, 35, 32, 0
320, 22, 3, 35, 37, 0
320, 22, 2, 36, 26, 0
320, 22, 1, 36, 29, 0
320, 22, 0, 36, 31, 0
320, 22, 2, 37, 6, 0
320, 22, 0, 37, 7, 0
320, 22, 1, 37, 13, 0
320, 22, 3, 37, 26, 0
320, 22, 2, 37, 30, 0
320, 22, 2, 37, 32, 0
320, 22, 0, 37, 36, 0
320, 22, 0, 38, 3, 0
320, 22, 0, 38, 14, 0
320, 22, 3, 38, 26, 0
320, 22, 3, 38, 29, 0
320, 22, 0, 38, 30, 0
320, 22, 1, 38, 36, 0
320, 22, 1, 39, 3, 0
320, 22, 3, 39, 13, 0
320, 22, 0, 39, 15, 0
320, 22, 2, 39, 27, 0
320, 22, 1, 39, 29, 0
320, 22, 1, 39, 33, 0
320, 22, 0, 39, 34, 0
320, 22, 2, 39, 35, 0
320, 22, 3, 39, 36, 0
320, 22, 2, 40, 5, 0
320, 22, 1, 40, 10, 0
320, 22, 3, 40, 11, 0
320, 22, 1, 40, 13, 0
320, 22, 1, 40, 14, 0
320, 22, 1, 40, 18, 0
320, 22, 2, 40, 19, 0
320, 22, 0, 40, 23, 0
320, 22, 1, 40, 26, 0
320, 22, 2, 40, 27, 0
320, 22, 3, 40, 30, 0
320, 22, 0, 40, 32, 0
320, 22, 0, 40, 34, 0
320, 22, 3, 40, 35, 0
320, 22, 1, 41, 4, 0
320, 22, 0, 41, 9, 0
320, 22, 0, 41, 11, 0
320, 22, 2, 41, 12, 0
320, 22, 0, 41, 20, 0
320, 22, 1, 41, 23, 0
320, 22, 1, 41, 33, 0
320, 22, 2, 41, 34, 0
320, 22, 0, 41, 35, 0
320, 22, 0, 42, 3, 0
320, 22, 3, 42, 4, 0
320, 22, 3, 42, 8, 0
320, 22, 1, 42, 9, 0
320, 22, 2, 42, 10, 0
320, 22, 0, 42, 11, 0
320, 22, 3, 42, 12, 0
320, 22, 1, 42, 20, 0
320, 22, 2, 42, 22, 0
320, 22, 2, 42, 23, 0
320, 22, 3, 42, 24, 0
320, 22, 3, 42, 29, 0
320, 22, 1, 42, 30, 0
320, 22, 2, 42, 32, 0
320, 22, 1, 42, 33, 0
320, 22, 2, 42, 34, 0
320, 22, 2, 43, 3, 0
320, 22, 2, 43, 7, 0
320, 22, 0, 43, 24, 0
320, 22, 0, 43, 29, 0
320, 22, 0, 43, 32, 0
320, 22, 3, 43, 33, 0
320, 22, 3, 44, 3, 0
320, 22, 1, 44, 4, 0
320, 22, 3, 44, 6, 0
320, 22, 3, 44, 21, 0
320, 22, 2, 44, 32, 0
320, 22, 0, 44, 33, 0
320, 22, 2, 45, 5, 0
320, 22, 0, 45, 6, 0
320, 22, 0, 45, 21, 0
320, 22, 3, 45, 22, 0
320, 22, 1, 45, 23, 0
320, 22, 1, 45, 31, 0
320, 22, 3, 45, 32, 0
320, 22, 0, 46, 5, 0
320, 22, 0, 46, 29, 0
320, 22, 2, 46, 31, 0
320, 22, 3, 46, 32, 0
320, 22, 3, 47, 27, 0
320, 22, 2, 47, 29, 0
320, 22, 1, 47, 30, 0
320, 22, 0, 47, 31, 0
320, 22, 1, 47, 32, 0
320, 22, 2, 48, 30, 0
320, 22, 2, 48, 31, 0
320, 22, 3, 49, 25, 0
320, 22, 1, 50, 20, 0
320, 22, 1, 50, 30, 0
320, 22, 2, 50, 38, 0
320, 22, 1, 51, 26, 0
320, 22, 0, 54, 20, 0
320, 22, 0, 54, 26, 0
320, 22, 2, 54, 30, 0
320, 22, 0, 58, 31, 0
320, 22, 3, 58, 36, 0
320, 22, 1, 59, 27, 0
320, 22, 2, 59, 30, 0
320, 22, 1, 59, 36, 0
320, 22, 3, 60, 32, 0
320, 22, 3, 61, 26, 0
320, 22, 2, 61, 31, 0
320, 22, 1, 61, 33, 0
320, 22, 3, 61, 43, 0
320, 22, 2, 0, 12, 1
320, 22, 2, 0, 22, 1
320, 22, 1, 0, 23, 1
320, 22, 1, 0, 41, 1
320, 22, 2, 0, 42, 1
320, 22, 1, 0, 43, 1
320, 22, 0, 0, 45, 1
320, 22, 1, 0, 46, 1
320, 22, 2, 0, 48, 1
320, 22, 0, 0, 49, 1
320, 22, 2, 0, 53, 1
320, 22, 1, 0, 55, 1
320, 22, 3, 0, 56, 1
320, 22, 0, 0, 57, 1
320, 22, 3, 0, 59, 1
320, 22, 1, 0, 60, 1
320, 22, 0, 1, 12, 1
320, 22, 0, 1, 26, 1
320, 22, 0, 1, 37, 1
320, 22, 2, 1, 39, 1
320, 22, 2, 1, 40, 1
320, 22, 3, 1, 42, 1
320, 22, 2, 1, 43, 1
320, 22, 3, 1, 49, 1
320, 22, 2, 1, 61, 1
320, 22, 2, 1, 62, 1
320, 22, 1, 2, 9, 1
320, 22, 0, 2, 13, 1
320, 22, 2, 2, 23, 1
320, 22, 1, 2, 24, 1
320, 22, 2, 2, 28, 1
320, 22, 1, 2, 35, 1
320, 22, 1, 2, 37, 1
320, 22, 0, 2, 41, 1
320, 22, 0, 2, 61, 1
320, 22, 0, 3, 10, 1
320, 22, 3, 3, 11, 1
320, 22, 0, 3, 24, 1
320, 22, 0, 3, 25, 1
320, 22, 0, 3, 26, 1
320, 22, 3, 3, 27, 1
320, 22, 3, 3, 33, 1
320, 22, 2, 3, 36, 1
320, 22, 1, 3, 62, 1
320, 22, 3, 4, 10, 1
320, 22, 3, 4, 13, 1
320, 22, 0, 4, 23, 1
320, 22, 1, 4, 25, 1
320, 22, 2, 4, 27, 1
320, 22, 1, 4, 63, 1
320, 22, 3, 5, 12, 1
320, 22, 2, 5, 13, 1
320, 22, 3, 5, 23, 1
320, 22, 2, 5, 25, 1
320, 22, 0, 6, 13, 1
320, 22, 3, 6, 25, 1
320, 22, 0, 6, 29, 1
320, 22, 1, 6, 60, 1
320, 22, 0, 6, 61, 1
320, 22, 3, 6, 62, 1
320, 22, 1, 7, 12, 1
320, 22, 1, 7, 28, 1
320, 22, 1, 7, 29, 1
320, 22, 1, 8, 0, 1
320, 22, 0, 8, 1, 1
320, 22, 3, 8, 2, 1
320, 22, 0, 8, 3, 1
320, 22, 2, 8, 11, 1
320, 22, 1, 9, 0, 1
320, 22, 2, 9, 2, 1
320, 22, 1, 9, 4, 1
320, 22, 2, 9, 10, 1
320, 22, 2, 9, 12, 1
320, 22, 1, 9, 31, 1
320, 22, 3, 9, 61, 1
320, 22, 2, 9, 62, 1
320, 22, 3, 10, 1, 1
320, 22, 0, 10, 10, 1
320, 22, 3, 10, 11, 1
320, 22, 0, 10, 31, 1
320, 22, 0, 10, 32, 1
320, 22, 3, 11, 7, 1
320, 22, 2, 11, 8, 1
320, 22, 3, 11, 30, 1
320, 22, 2, 12, 5, 1
320, 22, 0, 12, 7, 1
320, 22, 0, 12, 9, 1
320, 22, 1, 12, 11, 1
320, 22, 1, 12, 31, 1
320, 22, 1, 13, 6, 1
320, 22, 1, 13, 8, 1
320, 22, 1, 13, 9, 1
320, 22, 0, 13, 10, 1
320, 22, 2, 13, 31, 1
320, 22, 3, 14, 11, 1
320, 22, 3, 14, 46, 1
320, 22, 2, 15, 13, 1
320, 22, 0, 15, 47, 1
320, 22, 1, 16, 15, 1
320, 22, 2, 16, 16, 1
320, 22, 2, 16, 17, 1
320, 22, 0, 16, 18, 1
320, 22, 0, 17, 13, 1
320, 22, 3, 17, 14, 1
320, 22, 1, 17, 16, 1
320, 22, 1, 17, 50, 1
320, 22, 2, 18, 17, 1
320, 22, 3, 18, 18, 1
320, 22, 2, 18, 51, 1
320, 22, 2, 19, 23, 1
320, 22, 3, 19, 24, 1
320, 22, 0, 19, 25, 1
320, 22, 3, 19, 53, 1
320, 22, 1, 19, 57, 1
320, 22, 3, 20, 25, 1
320, 22, 0, 20, 53, 1
320, 22, 1, 21, 1, 1
320, 22, 2, 21, 18, 1
320, 22, 1, 21, 24, 1
320, 22, 0, 21, 25, 1
320, 22, 3, 21, 57, 1
320, 22, 2, 21, 58, 1
320, 22, 0, 22, 0, 1
320, 22, 3, 22, 1, 1
320, 22, 0, 22, 18, 1
320, 22, 1, 22, 55, 1
320, 22, 0, 22, 56, 1
320, 22, 1, 23, 0, 1
320, 22, 1, 23, 18, 1
320, 22, 3, 23, 41, 1
320, 22, 2, 23, 42, 1
320, 22, 2, 24, 19, 1
320, 22, 0, 24, 24, 1
320, 22, 2, 24, 56, 1
320, 22, 3, 24, 57, 1
320, 22, 2, 25, 23, 1
320, 22, 2, 26, 0, 1
320, 22, 1, 26, 23, 1
320, 22, 3, 26, 24, 1
320, 22, 2, 26, 25, 1
320, 22, 1, 26, 42, 1
320, 22, 1, 26, 56, 1
320, 22, 1, 26, 57, 1
320, 22, 0, 27, 22, 1
320, 22, 1, 27, 25, 1
320, 22, 2, 27, 56, 1
320, 22, 1, 28, 2, 1
320, 22, 0, 28, 5, 1
320, 22, 0, 28, 44, 1
320, 22, 2, 28, 53, 1
320, 22, 3, 28, 56, 1
320, 22, 3, 29, 5, 1
320, 22, 0, 29, 7, 1
320, 22, 3, 29, 8, 1
320, 22, 0, 29, 53, 1
320, 22, 0, 29, 54, 1
320, 22, 3, 29, 55, 1
320, 22, 2, 30, 6, 1
320, 22, 1, 30, 7, 1
320, 22, 2, 30, 44, 1
320, 22, 0, 30, 53, 1
320, 22, 1, 31, 53, 1
320, 22, 0, 31, 55, 1
320, 22, 2, 32, 6, 1
320, 22, 3, 32, 53, 1
320, 22, 3, 33, 5, 1
320, 22, 0, 33, 43, 1
320, 22, 0, 33, 44, 1
320, 22, 0, 33, 45, 1
320, 22, 2, 33, 53, 1
320, 22, 1, 33, 54, 1
320, 22, 0, 34, 4, 1
320, 22, 0, 34, 45, 1
320, 22, 3, 34, 46, 1
320, 22, 3, 34, 47, 1
320, 22, 2, 34, 48, 1
320, 22, 3, 34, 49, 1
320, 22, 2, 34, 52, 1
320, 22, 0, 35, 41, 1
320, 22, 3, 35, 43, 1
320, 22, 2, 35, 44, 1
320, 22, 1, 35, 46, 1
320, 22, 2, 35, 47, 1
320, 22, 0, 35, 49, 1
320, 22, 2, 35, 50, 1
320, 22, 1, 35, 51, 1
320, 22, 0, 35, 53, 1
320, 22, 1, 36, 1, 1
320, 22, 1, 36, 42, 1
320, 22, 1, 36, 49, 1
320, 22, 1, 36, 51, 1
320, 22, 2, 37, 0, 1
320, 22, 1, 37, 40, 1
320, 22, 2, 37, 41, 1
320, 22, 2, 38, 40, 1
320, 22, 3, 39, 0, 1
320, 22, 0, 39, 39, 1
320, 22, 1, 39, 40, 1
320, 22, 0, 40, 0, 1
320, 22, 0, 40, 39, 1
320, 22, 3, 41, 38, 1
320, 22, 2, 41, 39, 1
320, 22, 2, 42, 37, 1
320, 22, 3, 42, 39, 1
320, 22, 1, 43, 0, 1
320, 22, 0, 43, 15, 1
320, 22, 2, 43, 17, 1
320, 22, 1, 43, 38, 1
320, 22, 2, 44, 1, 1
320, 22, 1, 44, 9, 1
320, 22, 3, 44, 13, 1
320, 22, 3, 44, 15, 1
320, 22, 1, 44, 16, 1
320, 22, 3, 44, 18, 1
320, 22, 0, 44, 36, 1
320, 22, 1, 45, 0, 1
320, 22, 3, 45, 1, 1
320, 22, 0, 45, 8, 1
320, 22, 2, 45, 10, 1
320, 22, 0, 45, 13, 1
320, 22, 1, 45, 14, 1
320, 22, 0, 45, 18, 1
320, 22, 0, 45, 37, 1
320, 22, 0, 46, 0, 1
320, 22, 3, 46, 9, 1
320, 22, 1, 46, 11, 1
320, 22, 2, 46, 12, 1
320, 22, 2, 46, 18, 1
320, 22, 3, 46, 19, 1
320, 22, 3, 46, 39, 1
320, 22, 3, 47, 0, 1
320, 22, 2, 47, 1, 1
320, 22, 0, 47, 2, 1
320, 22, 3, 47, 7, 1
320, 22, 0, 47, 19, 1
320, 22, 1, 47, 20, 1
320, 22, 2, 47, 22, 1
320, 22, 2, 47, 35, 1
320, 22, 1, 47, 38, 1
320, 22, 1, 48, 1, 1
320, 22, 2, 48, 2, 1
320, 22, 2, 48, 6, 1
320, 22, 1, 48, 20, 1
320, 22, 3, 48, 21, 1
320, 22, 3, 48, 34, 1
320, 22, 0, 48, 37, 1
320, 22, 2, 48, 40, 1
320, 22, 3, 49, 1, 1
320, 22, 3, 49, 3, 1
320, 22, 0, 49, 4, 1
320, 22, 2, 50, 2, 1
320, 22, 0, 51, 0, 1
320, 22, 0, 51, 1, 1
320, 22, 1, 52, 5, 1
320, 22, 3, 52, 17, 1
320, 22, 0, 52, 18, 1
320, 22, 0, 53, 4, 1
320, 22, 0, 53, 16, 1
320, 22, 0, 53, 17, 1
320, 22, 2, 54, 9, 1
320, 22, 3, 54, 15, 1
320, 22, 1, 54, 17, 1
321, 22, 1, 2, 53, 0
321, 22, 2, 4, 44, 0
321, 22, 3, 4, 48, 0
321, 22, 2, 6, 47, 0
321, 22, 3, 6, 54, 0
321, 22, 3, 7, 15, 0
321, 22, 2, 7, 21, 0
321, 22, 1, 9, 50, 0
321, 22, 2, 10, 23, 0
321, 22, 0, 10, 45, 0
321, 22, 0, 11, 57, 0
321, 22, 0, 12, 14, 0
321, 22, 3, 12, 52, 0
321, 22, 3, 13, 56, 0
321, 22, 1, 15, 58, 0
321, 22, 1, 16, 21, 0
321, 22, 2, 16, 54, 0
321, 22, 3, 17, 4, 0
321, 22, 1, 18, 48, 0
321, 22, 1, 20, 3, 0
321, 22, 2, 20, 10, 0
321, 22, 0, 20, 12, 0
321, 22, 3, 20, 14, 0
321, 22, 2, 21, 45, 0
321, 22, 0, 22, 3, 0
321, 22, 1, 22, 45, 0
321, 22, 3, 23, 47, 0
321, 22, 2, 24, 51, 0
321, 22, 3, 25, 49, 0
321, 22, 0, 26, 40, 0
321, 22, 0, 28, 47, 0
321, 22, 1, 28, 50, 0
321, 22, 1, 35, 22, 0
321, 22, 3, 36, 27, 0
321, 22, 2, 37, 29, 0
321, 22, 2, 38, 35, 0
321, 22, 3, 39, 14, 0
321, 22, 0, 40, 24, 0
321, 22, 0, 40, 29, 0
321, 22, 2, 41, 10, 0
321, 22, 0, 41, 19, 0
321, 22, 1, 41, 30, 0
321, 22, 3, 43, 34, 0
321, 22, 2, 45, 30, 0
321, 22, 3, 0, 25, 1
321, 22, 3, 0, 58, 1
321, 22, 1, 1, 13, 1
321, 22, 0, 1, 45, 1
321, 22, 3, 1, 48, 1
321, 22, 2, 1, 60, 1
321, 22, 0, 3, 9, 1
321, 22, 0, 3, 31, 1
321, 22, 2, 4, 14, 1
321, 22, 3, 5, 21, 1
321, 22, 1, 5, 61, 1
321, 22, 2, 6, 26, 1
321, 22, 3, 8, 4, 1
321, 22, 1, 11, 32, 1
321, 22, 0, 12, 60, 1
321, 22, 1, 14, 45, 1
321, 22, 3, 14, 62, 1
321, 22, 0, 15, 16, 1
321, 22, 2, 17, 51, 1
321, 22, 1, 19, 59, 1
321, 22, 0, 19, 61, 1
321, 22, 1, 20, 0, 1
321, 22, 2, 20, 26, 1
321, 22, 1, 22, 17, 1
321, 22, 0, 22, 41, 1
321, 22, 3, 23, 57, 1
321, 22, 1, 26, 43, 1
321, 22, 2, 27, 1, 1
321, 22, 0, 27, 23, 1
321, 22, 3, 28, 24, 1
321, 22, 1, 28, 54, 1
321, 22, 3, 29, 9, 1
321, 22, 0, 33, 7, 1
321, 22, 1, 35, 2, 1
321, 22, 2, 42, 0, 1
321, 22, 2, 43, 18, 1
321, 22, 2, 45, 19, 1
321, 22, 0, 45, 36, 1
321, 22, 3, 48, 4, 1
321, 22, 1, 48, 22, 1
321, 22, 0, 49, 0, 1
321, 22, 1, 50, 4, 1
321, 22, 3, 51, 18, 1
321, 22, 0, 54, 10, 1
471, 10, 1, 12, 2, 0
471, 10, 2, 25, 34, 0
471, 10, 0, 29, 31, 0
471, 10, 2, 32, 23, 0
471, 10, 1, 32, 39, 0
472, 10, 1, 15, 7, 0
472, 10, 1, 19, 34, 0
472, 10, 3, 29, 33, 0
473, 10, 1, 16, 1, 0
473, 10, 1, 23, 32, 0
473, 10, 2, 23, 34, 0
473, 10, 1, 26, 32, 0
473, 10, 3, 35, 7, 0
474, 10, 3, 21, 34, 0
474, 10, 1, 22, 27, 0
474, 10, 3, 31, 32, 0
474, 10, 2, 45, 26, 0
475, 22, 3, 3, 20, 0
475, 22, 1, 3, 54, 0
475, 22, 1, 6, 15, 0
475, 22, 0, 6, 52, 0
475, 22, 2, 7, 22, 0
475, 22, 0, 7, 44, 0
475, 22, 0, 8, 33, 0
475, 22, 1, 8, 45, 0
475, 22, 3, 10, 51, 0
475, 22, 0, 13, 14, 0
475, 22, 2, 13, 52, 0
475, 22, 2, 14, 2, 0
475, 22, 0, 14, 18, 0
475, 22, 1, 16, 9, 0
475, 22, 1, 16, 24, 0
475, 22, 0, 17, 10, 0
475, 22, 2, 18, 2, 0
475, 22, 2, 19, 13, 0
475, 22, 3, 20, 15, 0
475, 22, 3, 24, 2, 0
475, 22, 1, 25, 2, 0
475, 22, 0, 25, 53, 0
475, 22, 0, 26, 6, 0
475, 22, 1, 27, 18, 0
475, 22, 3, 29, 30, 0
475, 22, 3, 29, 42, 0
475, 22, 2, 30, 41, 0
475, 22, 2, 32, 9, 0
475, 22, 0, 35, 38, 0
475, 22, 0, 36, 6, 0
475, 22, 3, 41, 15, 0
475, 22, 1, 42, 2, 0
476, 22, 0, 4, 56, 0
476, 22, 1, 5, 47, 0
476, 22, 3, 5, 55, 0
476, 22, 2, 6, 48, 0
476, 22, 3, 7, 33, 0
476, 22, 3, 7, 45, 0
476, 22, 0, 7, 51, 0
476, 22, 1, 7, 58, 0
476, 22, 0, 9, 15, 0
476, 22, 3, 9, 26, 0
476, 22, 0, 9, 34, 0
476, 22, 1, 11, 28, 0
476, 22, 2, 11, 56, 0
476, 22, 2, 12, 13, 0
476, 22, 0, 12, 47, 0
476, 22, 3, 12, 54, 0
476, 22, 2, 13, 29, 0
476, 22, 2, 13, 55, 0
476, 22, 3, 17, 46, 0
476, 22, 2, 18, 35, 0
476, 22, 1, 19, 37, 0
476, 22, 1, 19, 49, 0
476, 22, 3, 22, 33, 0
476, 22, 3, 24, 16, 0
476, 22, 1, 25, 33, 0
476, 22, 0, 26, 37, 0
476, 22, 2, 27, 31, 0
476, 22, 3, 27, 34, 0
476, 22, 0, 28, 46, 0
476, 22, 2, 32, 48, 0
476, 22, 0, 33, 32, 0
476, 22, 0, 41, 18, 0
476, 22, 2, 42, 13, 0
476, 22, 1, 43, 20, 0
476, 22, 3, 45, 3, 0
476, 22, 0, 46, 4, 0
595, 10, 0, 52, 36, 0
595, 10, 0, 55, 36, 0
595, 10, 3, 57, 21, 0
650, 4, 2, 61, 29, 0
650, 4, 2, 61, 31, 0
650, 4, 2, 61, 33, 0
650, 4, 2, 61, 35, 0
706, 5, 3, 51, 20, 0
848, 10, 2, 54, 26, 0
849, 10, 3, 51, 26, 0
849, 10, 3, 52, 26, 0
889, 4, 3, 56, 39, 0
890, 5, 2, 58, 41, 0
917, 22, 3, 51, 27, 0
917, 22, 0, 51, 29, 0
917, 22, 2, 58, 27, 0
917, 22, 1, 58, 29, 0
917, 22, 3, 59, 37, 0
917, 22, 0, 59, 41, 0
917, 22, 2, 61, 37, 0
917, 22, 1, 61, 41, 0
918, 22, 3, 51, 28, 0
918, 22, 2, 52, 27, 0
918, 22, 0, 52, 29, 0
918, 22, 2, 53, 27, 0
918, 22, 0, 53, 29, 0
918, 22, 2, 54, 27, 0
918, 22, 0, 54, 29, 0
918, 22, 2, 55, 27, 0
918, 22, 0, 55, 29, 0
918, 22, 2, 56, 27, 0
918, 22, 0, 56, 29, 0
918, 22, 2, 57, 27, 0
918, 22, 0, 57, 29, 0
918, 22, 1, 58, 28, 0
918, 22, 3, 59, 38, 0
918, 22, 3, 59, 39, 0
918, 22, 3, 59, 40, 0
918, 22, 2, 60, 37, 0
918, 22, 0, 60, 41, 0
918, 22, 1, 61, 38, 0
918, 22, 1, 61, 39, 0
918, 22, 1, 61, 40, 0
1088, 10, 3, 56, 21, 0
1088, 10, 3, 56, 22, 0
1088, 10, 1, 60, 22, 0
1096, 11, 2, 56, 39, 0
1102, 11, 3, 52, 35, 0
1102, 10, 0, 52, 43, 0
1102, 10, 0, 53, 35, 0
1102, 11, 2, 53, 37, 0
1102, 11, 1, 53, 43, 0
1102, 11, 0, 55, 35, 0
1102, 11, 1, 55, 37, 0
1102, 10, 1, 56, 43, 0
1530, 0, 1, 51, 38, 0
1530, 0, 1, 54, 38, 0
1530, 0, 2, 58, 36, 0
1631, 0, 0, 50, 21, 0
1631, 0, 0, 50, 22, 0
1631, 0, 0, 50, 23, 0
1631, 0, 0, 50, 24, 0
1631, 2, 0, 50, 25, 0
1631, 0, 0, 50, 26, 0
1631, 0, 0, 50, 27, 0
1631, 0, 0, 50, 29, 0
1631, 0, 0, 50, 30, 0
1631, 2, 3, 50, 31, 0
1631, 0, 0, 50, 32, 0
1631, 0, 0, 50, 33, 0
1631, 0, 0, 50, 34, 0
1631, 0, 0, 50, 35, 0
1631, 0, 0, 50, 36, 0
1631, 0, 0, 50, 37, 0
1631, 2, 0, 50, 38, 0
1631, 0, 0, 50, 39, 0
1631, 0, 0, 50, 40, 0
1631, 0, 0, 50, 41, 0
1631, 0, 0, 50, 42, 0
1631, 0, 0, 50, 43, 0
1631, 0, 1, 51, 25, 0
1631, 0, 3, 51, 31, 0
1631, 0, 1, 52, 25, 0
1631, 0, 3, 52, 31, 0
1631, 0, 1, 52, 38, 0
1631, 0, 2, 52, 39, 0
1631, 0, 2, 52, 40, 0
1631, 0, 2, 52, 41, 0
1631, 0, 2, 52, 42, 0
1631, 0, 2, 52, 43, 0
1631, 0, 3, 53, 31, 0
1631, 0, 1, 53, 38, 0
1631, 0, 2, 54, 21, 0
1631, 0, 2, 54, 22, 0
1631, 0, 2, 54, 23, 0
1631, 0, 2, 54, 24, 0
1631, 2, 1, 54, 25, 0
1631, 0, 3, 54, 31, 0
1631, 0, 1, 55, 25, 0
1631, 0, 3, 55, 31, 0
1631, 0, 1, 55, 38, 0
1631, 0, 2, 55, 39, 0
1631, 0, 2, 55, 40, 0
1631, 0, 2, 55, 41, 0
1631, 0, 2, 55, 42, 0
1631, 0, 2, 55, 43, 0
1631, 0, 1, 56, 25, 0
1631, 0, 3, 56, 31, 0
1631, 0, 1, 56, 38, 0
1631, 0, 1, 57, 25, 0
1631, 0, 3, 57, 31, 0
1631, 2, 2, 58, 31, 0
1631, 0, 2, 58, 32, 0
1631, 0, 2, 58, 33, 0
1631, 0, 2, 58, 34, 0
1631, 0, 2, 58, 35, 0
1631, 0, 2, 58, 37, 0
1631, 2, 1, 58, 38, 0
1631, 0, 2, 58, 39, 0
1631, 0, 2, 58, 40, 0
1631, 0, 2, 58, 41, 0
1631, 0, 2, 58, 42, 0
1631, 0, 2, 58, 43, 0
1631, 0, 1, 59, 25, 0
1631, 0, 1, 60, 25, 0
1631, 0, 1, 61, 25, 0
1658, 2, 3, 50, 20, 0
1658, 0, 3, 50, 44, 0
1658, 0, 3, 51, 44, 0
1658, 0, 3, 52, 44, 0
1658, 0, 3, 53, 44, 0
1658, 2, 2, 54, 20, 0
1658, 0, 3, 54, 44, 0
1658, 1, 1, 55, 19, 0
1658, 9, 1, 55, 20, 0
1658, 0, 3, 55, 44, 0
1658, 0, 1, 56, 19, 0
1658, 0, 3, 56, 44, 0
1658, 0, 1, 57, 19, 0
1658, 0, 3, 57, 44, 0
1658, 0, 1, 58, 19, 0
1658, 0, 3, 58, 44, 0
1658, 0, 1, 59, 19, 0
1658, 0, 3, 59, 44, 0
1658, 0, 1, 60, 19, 0
1658, 0, 3, 60, 44, 0
1658, 1, 0, 61, 19, 0
1658, 9, 0, 61, 20, 0
1658, 0, 3, 61, 44, 0
1658, 1, 0, 62, 20, 0
1658, 0, 0, 62, 21, 0
1658, 0, 0, 62, 22, 0
1658, 0, 0, 62, 23, 0
1658, 0, 0, 62, 24, 0
1658, 0, 0, 62, 25, 0
1658, 0, 0, 62, 26, 0
1658, 0, 0, 62, 27, 0
1658, 0, 0, 62, 28, 0
1658, 0, 0, 62, 29, 0
1658, 0, 0, 62, 30, 0
1658, 0, 0, 62, 31, 0
1658, 0, 0, 62, 32, 0
1658, 0, 0, 62, 33, 0
1658, 0, 0, 62, 34, 0
1658, 0, 0, 62, 35, 0
1658, 0, 0, 62, 36, 0
1658, 0, 0, 62, 37, 0
1658, 0, 0, 62, 38, 0
1658, 0, 0, 62, 39, 0
1658, 0, 0, 62, 40, 0
1658, 0, 0, 62, 41, 0
1658, 0, 0, 62, 42, 0
1658, 0, 0, 62, 43, 0
1658, 1, 3, 62, 44, 0
1659, 0, 3, 51, 20, 0
1659, 0, 3, 52, 20, 0
1659, 0, 3, 53, 20, 0
2107, 10, 0, 9, 56, 0
2568, 10, 2, 51, 41, 0
2573, 10, 2, 54, 41, 0
2574, 10, 2, 57, 41, 0
3471, 22, 3, 37, 4, 0
3471, 22, 2, 43, 6, 0
3472, 22, 3, 37, 5, 0
3472, 22, 0, 38, 4, 0
3472, 22, 2, 39, 5, 0
3472, 22, 1, 40, 4, 0
3474, 5, 0, 50, 22, 0
3474, 4, 1, 50, 30, 0
3474, 5, 0, 50, 33, 0
3474, 5, 0, 50, 36, 0
3474, 5, 0, 50, 42, 0
3474, 5, 3, 52, 20, 0
3474, 4, 3, 52, 26, 0
3474, 5, 3, 52, 31, 0
3474, 5, 1, 52, 38, 0
3474, 4, 0, 53, 42, 0
3474, 5, 2, 54, 23, 0
3474, 4, 1, 54, 30, 0
3474, 5, 3, 54, 31, 0
3474, 4, 0, 55, 23, 0
3474, 5, 1, 55, 38, 0
3474, 5, 3, 56, 31, 0
3474, 4, 0, 56, 42, 0
3474, 4, 3, 57, 26, 0
3474, 4, 3, 58, 20, 0
3474, 4, 1, 58, 30, 0
3474, 5, 1, 58, 38, 0
3474, 4, 3, 59, 26, 0
3474, 4, 0, 59, 32, 0
3474, 4, 0, 59, 38, 0
3474, 4, 1, 60, 43, 0
3474, 4, 2, 61, 23, 0
3474, 4, 2, 61, 28, 0
3474, 4, 2, 61, 36, 0
3474, 4, 2, 61, 41, 0
3749, 22, 0, 9, 57, 0
3750, 22, 1, 7, 56, 0
3750, 22, 2, 8, 55, 0
3750, 22, 3, 8, 56, 0
3750, 22, 3, 8, 57, 0
3750, 22, 2, 9, 54, 0
3750, 22, 0, 9, 55, 0
3750, 22, 0, 10, 55, 0
3750, 22, 0, 11, 55, 0
3751, 22, 0, 10, 56, 0
5243, 22, 3, 52, 28, 0
5243, 22, 3, 53, 28, 0
5243, 22, 3, 54, 28, 0
5243, 22, 3, 55, 28, 0
5243, 22, 3, 56, 28, 0
5243, 22, 3, 57, 28, 0
5243, 22, 2, 60, 38, 0
5243, 22, 2, 60, 39, 0
5243, 22, 2, 60, 40, 0
5631, 10, 2, 40, 2, 0
6210, 22, 0, 8, 36, 0
6210, 22, 0, 9, 36, 0
6210, 22, 0, 10, 36, 0
6210, 22, 0, 11, 36, 0
6210, 22, 0, 12, 36, 0
6210, 22, 0, 13, 36, 0
6210, 22, 0, 14, 36, 0
6210, 22, 0, 15, 36, 0
6210, 22, 0, 16, 36, 0
6210, 22, 0, 17, 36, 0
6210, 22, 0, 18, 36, 0
6210, 22, 0, 19, 36, 0
6210, 22, 0, 20, 36, 0
6210, 22, 0, 21, 36, 0
6210, 22, 3, 22, 6, 0
6210, 22, 3, 22, 7, 0
6210, 22, 3, 22, 8, 0
6210, 22, 3, 22, 9, 0
6210, 22, 3, 22, 10, 0
6210, 22, 3, 22, 11, 0
6210, 22, 3, 22, 12, 0
6210, 22, 0, 22, 36, 0
6210, 22, 0, 23, 36, 0
6210, 22, 0, 24, 14, 0
6210, 22, 0, 24, 36, 0
6210, 22, 0, 25, 14, 0
6210, 22, 0, 25, 36, 0
6210, 22, 0, 26, 14, 0
6210, 22, 0, 26, 36, 0
6210, 22, 0, 27, 14, 0
6210, 22, 0, 28, 14, 0
6210, 22, 1, 28, 30, 0
6210, 22, 3, 28, 31, 0
6210, 22, 3, 28, 32, 0
6210, 22, 3, 28, 33, 0
6210, 22, 3, 28, 34, 0
6210, 22, 0, 29, 14, 0
6210, 22, 0, 30, 14, 0
6210, 22, 0, 30, 28, 0
6210, 22, 0, 31, 14, 0
6210, 22, 1, 31, 22, 0
6210, 22, 0, 31, 28, 0
6210, 22, 0, 32, 28, 0
6210, 22, 2, 32, 34, 0
6210, 22, 2, 33, 34, 0
6210, 22, 1, 34, 22, 0
6210, 22, 1, 34, 23, 0
6210, 22, 1, 34, 24, 0
6210, 22, 1, 34, 25, 0
6210, 22, 1, 34, 26, 0
6210, 22, 0, 34, 34, 0
6210, 22, 0, 35, 11, 0
6210, 22, 1, 35, 16, 0
6210, 22, 1, 35, 17, 0
6210, 22, 1, 35, 18, 0
6210, 22, 1, 35, 19, 0
6210, 22, 0, 35, 28, 0
6210, 22, 0, 35, 34, 0
6210, 22, 0, 36, 11, 0
6210, 22, 0, 36, 28, 0
6210, 22, 0, 36, 34, 0
6210, 22, 0, 37, 28, 0
6210, 22, 1, 38, 23, 0
6210, 22, 0, 38, 28, 0
6210, 22, 0, 39, 28, 0
6210, 22, 2, 40, 25, 0
6210, 22, 0, 40, 28, 0
6210, 22, 0, 40, 31, 0
6210, 22, 0, 41, 31, 0
6210, 22, 0, 42, 31, 0
6210, 22, 0, 43, 28, 0
6210, 22, 0, 46, 28, 0
6299, 10, 2, 31, 49, 0
7044, 10, 0, 7, 36, 0
7044, 10, 3, 22, 5, 0
7044, 10, 1, 31, 23, 0
7044, 10, 0, 31, 34, 0
7044, 10, 2, 37, 11, 0
7044, 10, 2, 47, 28, 0
7045, 22, 2, 23, 14, 0
7045, 22, 1, 28, 29, 0
7045, 22, 3, 28, 35, 0
7045, 22, 1, 31, 21, 0
7045, 22, 1, 33, 12, 0
7045, 22, 0, 33, 20, 0
7045, 22, 0, 34, 14, 0
7045, 22, 2, 36, 21, 0
7045, 22, 0, 37, 21, 0
7045, 22, 1, 38, 32, 0
7045, 22, 3, 38, 33, 0
7045, 22, 2, 39, 25, 0
7045, 22, 0, 41, 25, 0
7045, 22, 3, 44, 30, 0
7046, 22, 2, 22, 14, 0
7046, 22, 1, 28, 28, 0
7046, 22, 3, 28, 36, 0
7046, 22, 1, 31, 20, 0
7046, 22, 1, 33, 11, 0
7046, 22, 0, 34, 20, 0
7046, 22, 0, 35, 14, 0
7046, 22, 2, 35, 21, 0
7046, 22, 0, 38, 21, 0
7046, 22, 2, 38, 25, 0
7046, 22, 1, 38, 31, 0
7046, 22, 3, 38, 34, 0
7046, 22, 0, 42, 25, 0
7046, 22, 3, 44, 31, 0
7047, 22, 2, 23, 13, 0
7047, 22, 3, 27, 35, 0
7047, 22, 1, 29, 29, 0
7047, 22, 1, 32, 21, 0
7047, 22, 0, 33, 21, 0
7047, 22, 1, 34, 12, 0
7047, 22, 0, 34, 15, 0
7047, 22, 2, 36, 20, 0
7047, 22, 0, 37, 22, 0
7047, 22, 3, 37, 33, 0
7047, 22, 2, 39, 24, 0
7047, 22, 1, 39, 32, 0
7047, 22, 0, 41, 26, 0
7047, 22, 3, 43, 30, 0
7048, 22, 2, 22, 13, 0
7048, 22, 3, 27, 36, 0
7048, 22, 1, 29, 28, 0
7048, 22, 1, 32, 20, 0
7048, 22, 1, 34, 11, 0
7048, 22, 0, 34, 21, 0
7048, 22, 0, 35, 15, 0
7048, 22, 2, 35, 20, 0
7048, 22, 3, 37, 34, 0
7048, 22, 0, 38, 22, 0
7048, 22, 2, 38, 24, 0
7048, 22, 1, 39, 31, 0
7048, 22, 0, 42, 26, 0
7048, 22, 3, 43, 31, 0
8785, 10, 0, 60, 42, 0
8786, 0, 1, 57, 38, 0
8787, 0, 1, 58, 25, 0
8788, 0, 1, 53, 25, 0
8789, 0, 0, 50, 28, 0
8794, 10, 1, 51, 21, 0
8797, 10, 2, 55, 25, 0
8799, 10, 3, 59, 21, 0
8814, 10, 0, 51, 42, 0
8814, 10, 0, 54, 42, 0
8815, 10, 0, 57, 42, 0
8816, 10, 2, 53, 32, 0
8816, 10, 2, 57, 32, 0
8817, 10, 2, 51, 32, 0
8817, 10, 2, 55, 32, 0
8822, 0, 1, 0, 15, 0
8822, 0, 1, 1, 15, 0
8822, 9, 2, 1, 21, 0
8822, 1, 2, 1, 22, 0
8822, 1, 1, 1, 46, 0
8822, 1, 2, 1, 47, 0
8822, 1, 1, 1, 50, 0
8822, 0, 2, 1, 51, 0
8822, 0, 2, 1, 52, 0
8822, 0, 2, 1, 53, 0
8822, 1, 2, 1, 54, 0
8822, 1, 1, 1, 56, 0
8822, 0, 2, 1, 57, 0
8822, 0, 2, 1, 58, 0
8822, 1, 2, 1, 59, 0
8822, 1, 1, 2, 14, 0
8822, 9, 1, 2, 15, 0
8822, 9, 3, 2, 21, 0
8822, 1, 3, 2, 22, 0
8822, 1, 1, 2, 42, 0
8822, 1, 2, 2, 43, 0
8822, 1, 1, 2, 44, 0
8822, 0, 2, 2, 45, 0
8822, 9, 1, 2, 46, 0
8822, 9, 2, 2, 47, 0
8822, 0, 2, 2, 48, 0
8822, 9, 1, 2, 50, 0
8822, 9, 2, 2, 54, 0
8822, 9, 1, 2, 56, 0
8822, 9, 2, 2, 59, 0
8822, 1, 2, 2, 60, 0
8822, 1, 0, 3, 14, 0
8822, 9, 0, 3, 15, 0
8822, 0, 3, 3, 21, 0
8822, 1, 1, 3, 37, 0
8822, 0, 2, 3, 38, 0
8822, 1, 2, 3, 39, 0
8822, 1, 1, 3, 41, 0
8822, 9, 1, 3, 42, 0
8822, 9, 2, 3, 43, 0
8822, 9, 1, 3, 44, 0
8822, 0, 3, 3, 60, 0
8822, 9, 3, 4, 20, 0
8822, 1, 3, 4, 21, 0
8822, 1, 1, 4, 35, 0
8822, 9, 1, 4, 37, 0
8822, 9, 2, 4, 39, 0
8822, 9, 1, 4, 41, 0
8822, 0, 3, 4, 60, 0
8822, 1, 1, 5, 14, 0
8822, 9, 1, 5, 15, 0
8822, 1, 1, 5, 33, 0
8822, 0, 2, 5, 34, 0
8822, 9, 1, 5, 35, 0
8822, 9, 3, 5, 59, 0
8822, 1, 3, 5, 60, 0
8822, 0, 1, 6, 14, 0
8822, 9, 2, 6, 20, 0
8822, 0, 2, 6, 21, 0
8822, 1, 2, 6, 23, 0
8822, 1, 1, 6, 32, 0
8822, 9, 1, 6, 33, 0
8822, 0, 3, 6, 59, 0
8822, 1, 1, 7, 13, 0
8822, 9, 1, 7, 14, 0
8822, 9, 2, 7, 23, 0
8822, 0, 2, 7, 24, 0
8822, 0, 2, 7, 26, 0
8822, 1, 2, 7, 27, 0
8822, 0, 3, 7, 59, 0
8822, 0, 1, 8, 13, 0
8822, 0, 3, 8, 27, 0
8822, 0, 1, 8, 32, 0
8822, 9, 2, 8, 59, 0
8822, 1, 2, 8, 60, 0
8822, 1, 0, 9, 13, 0
8822, 9, 0, 9, 14, 0
8822, 0, 3, 9, 27, 0
8822, 1, 0, 9, 32, 0
8822, 9, 0, 9, 33, 0
8822, 0, 3, 9, 60, 0
8822, 1, 1, 10, 2, 0
8822, 1, 2, 10, 3, 0
8822, 0, 1, 10, 14, 0
8822, 9, 2, 10, 27, 0
8822, 1, 2, 10, 29, 0
8822, 0, 1, 10, 33, 0
8822, 0, 3, 10, 60, 0
8822, 1, 1, 11, 1, 0
8822, 9, 1, 11, 2, 0
8822, 9, 2, 11, 3, 0
8822, 1, 2, 11, 4, 0
8822, 1, 1, 11, 12, 0
8822, 0, 2, 11, 13, 0
8822, 9, 1, 11, 14, 0
8822, 0, 3, 11, 29, 0
8822, 9, 3, 11, 59, 0
8822, 1, 3, 11, 60, 0
8822, 0, 1, 12, 1, 0
8822, 0, 3, 12, 4, 0
8822, 9, 2, 12, 29, 0
8822, 1, 2, 12, 30, 0
8822, 1, 1, 12, 32, 0
8822, 9, 1, 12, 33, 0
8822, 0, 3, 12, 59, 0
8822, 1, 1, 13, 0, 0
8822, 9, 1, 13, 1, 0
8822, 0, 3, 13, 4, 0
8822, 1, 0, 13, 12, 0
8822, 9, 0, 13, 13, 0
8822, 0, 1, 13, 32, 0
8822, 9, 3, 13, 44, 0
8822, 0, 0, 13, 45, 0
8822, 0, 0, 13, 47, 0
8822, 9, 0, 13, 48, 0
8822, 9, 2, 13, 59, 0
8822, 1, 2, 13, 60, 0
8822, 1, 0, 14, 0, 0
8822, 9, 0, 14, 1, 0
8822, 9, 2, 14, 4, 0
8822, 1, 2, 14, 5, 0
8822, 1, 1, 14, 6, 0
8822, 0, 2, 14, 7, 0
8822, 0, 2, 14, 8, 0
8822, 1, 2, 14, 9, 0
8822, 1, 0, 14, 13, 0
8822, 9, 0, 14, 14, 0
8822, 9, 3, 14, 15, 0
8822, 0, 0, 14, 16, 0
8822, 9, 0, 14, 17, 0
8822, 9, 2, 14, 30, 0
8822, 9, 1, 14, 32, 0
8822, 9, 3, 14, 42, 0
8822, 0, 0, 14, 43, 0
8822, 1, 3, 14, 44, 0
8822, 1, 0, 14, 48, 0
8822, 9, 0, 14, 49, 0
8822, 0, 3, 14, 60, 0
8822, 1, 1, 15, 0, 0
8822, 9, 1, 15, 1, 0
8822, 9, 2, 15, 5, 0
8822, 9, 1, 15, 6, 0
8822, 9, 2, 15, 9, 0
8822, 1, 2, 15, 10, 0
8822, 1, 0, 15, 14, 0
8822, 1, 3, 15, 15, 0
8822, 1, 0, 15, 17, 0
8822, 9, 0, 15, 19, 0
8822, 9, 2, 15, 42, 0
8822, 0, 2, 15, 43, 0
8822, 0, 2, 15, 45, 0
8822, 1, 2, 15, 46, 0
8822, 1, 0, 15, 49, 0
8822, 9, 0, 15, 50, 0
8822, 9, 3, 15, 59, 0
8822, 1, 3, 15, 60, 0
8822, 0, 1, 16, 0, 0
8822, 9, 2, 16, 10, 0
8822, 1, 2, 16, 11, 0
8822, 1, 0, 16, 19, 0
8822, 9, 0, 16, 20, 0
8822, 9, 2, 16, 46, 0
8822, 1, 2, 16, 47, 0
8822, 1, 0, 16, 50, 0
8822, 0, 0, 16, 51, 0
8822, 9, 0, 16, 52, 0
8822, 9, 3, 16, 56, 0
8822, 0, 0, 16, 57, 0
8822, 0, 0, 16, 58, 0
8822, 1, 3, 16, 59, 0
8822, 0, 1, 17, 0, 0
8822, 0, 3, 17, 11, 0
8822, 1, 0, 17, 20, 0
8822, 0, 0, 17, 22, 0
8822, 9, 0, 17, 23, 0
8822, 9, 2, 17, 47, 0
8822, 1, 2, 17, 49, 0
8822, 1, 0, 17, 52, 0
8822, 0, 0, 17, 53, 0
8822, 0, 0, 17, 55, 0
8822, 1, 3, 17, 56, 0
8822, 1, 0, 18, 0, 0
8822, 9, 0, 18, 1, 0
8822, 9, 3, 18, 10, 0
8822, 1, 3, 18, 11, 0
8822, 1, 1, 18, 12, 0
8822, 0, 2, 18, 13, 0
8822, 1, 2, 18, 14, 0
8822, 1, 0, 18, 23, 0
8822, 0, 0, 18, 25, 0
8822, 9, 0, 18, 26, 0
8822, 9, 2, 18, 49, 0
8822, 1, 2, 18, 50, 0
8822, 0, 1, 19, 1, 0
8822, 9, 2, 19, 10, 0
8822, 9, 1, 19, 12, 0
8822, 9, 2, 19, 14, 0
8822, 0, 2, 19, 15, 0
8822, 1, 2, 19, 16, 0
8822, 1, 0, 19, 26, 0
8822, 0, 0, 19, 27, 0
8822, 9, 0, 19, 28, 0
8822, 0, 3, 19, 50, 0
8822, 1, 0, 20, 1, 0
8822, 9, 0, 20, 2, 0
8822, 9, 2, 20, 16, 0
8822, 1, 2, 20, 17, 0
8822, 9, 3, 20, 41, 0
8822, 0, 0, 20, 42, 0
8822, 9, 0, 20, 43, 0
8822, 9, 2, 20, 50, 0
8822, 1, 2, 20, 52, 0
8822, 9, 3, 21, 16, 0
8822, 1, 3, 21, 17, 0
8822, 1, 1, 21, 26, 0
8822, 0, 2, 21, 27, 0
8822, 9, 1, 21, 28, 0
8822, 9, 3, 21, 40, 0
8822, 1, 3, 21, 41, 0
8822, 1, 0, 21, 43, 0
8822, 9, 0, 21, 44, 0
8822, 9, 2, 21, 52, 0
8822, 1, 2, 21, 53, 0
8822, 0, 1, 22, 2, 0
8822, 1, 1, 22, 25, 0
8822, 9, 1, 22, 26, 0
8822, 1, 1, 22, 43, 0
8822, 9, 1, 22, 44, 0
8822, 9, 2, 22, 53, 0
8822, 1, 2, 22, 54, 0
8822, 1, 1, 23, 1, 0
8822, 9, 1, 23, 2, 0
8822, 9, 2, 23, 16, 0
8822, 1, 2, 23, 17, 0
8822, 1, 0, 23, 25, 0
8822, 9, 0, 23, 26, 0
8822, 0, 3, 23, 40, 0
8822, 9, 3, 23, 53, 0
8822, 1, 3, 23, 54, 0
8822, 0, 1, 24, 1, 0
8822, 0, 3, 24, 17, 0
8822, 1, 1, 24, 25, 0
8822, 9, 1, 24, 26, 0
8822, 9, 2, 24, 40, 0
8822, 1, 2, 24, 41, 0
8822, 1, 0, 24, 43, 0
8822, 9, 0, 24, 44, 0
8822, 9, 2, 24, 53, 0
8822, 1, 2, 24, 54, 0
8822, 1, 1, 24, 63, 0
8822, 9, 2, 25, 17, 0
8822, 1, 2, 25, 18, 0
8822, 1, 0, 25, 25, 0
8822, 9, 0, 25, 26, 0
8822, 0, 3, 25, 41, 0
8822, 0, 1, 25, 44, 0
8822, 9, 2, 25, 54, 0
8822, 1, 2, 25, 55, 0
8822, 1, 1, 25, 62, 0
8822, 9, 1, 25, 63, 0
8822, 1, 0, 26, 1, 0
8822, 9, 0, 26, 2, 0
8822, 9, 3, 26, 3, 0
8822, 9, 0, 26, 4, 0
8822, 9, 2, 26, 18, 0
8822, 1, 2, 26, 19, 0
8822, 1, 0, 26, 26, 0
8822, 9, 0, 26, 27, 0
8822, 0, 1, 26, 44, 0
8822, 9, 3, 26, 52, 0
8822, 9, 0, 26, 53, 0
8822, 9, 3, 26, 54, 0
8822, 1, 3, 26, 55, 0
8822, 0, 1, 26, 62, 0
8822, 1, 0, 27, 2, 0
8822, 1, 3, 27, 3, 0
8822, 1, 0, 27, 4, 0
8822, 0, 0, 27, 5, 0
8822, 9, 0, 27, 6, 0
8822, 9, 3, 27, 8, 0
8822, 9, 0, 27, 9, 0
8822, 9, 3, 27, 10, 0
8822, 9, 0, 27, 12, 0
8822, 1, 1, 27, 26, 0
8822, 9, 1, 27, 27, 0
8822, 9, 2, 27, 41, 0
8822, 1, 2, 27, 42, 0
8822, 1, 0, 27, 44, 0
8822, 9, 0, 27, 45, 0
8822, 1, 0, 27, 53, 0
8822, 1, 3, 27, 54, 0
8822, 0, 1, 27, 62, 0
8822, 1, 0, 28, 6, 0
8822, 0, 0, 28, 7, 0
8822, 1, 3, 28, 8, 0
8822, 1, 0, 28, 9, 0
8822, 1, 3, 28, 10, 0
8822, 1, 1, 28, 11, 0
8822, 9, 1, 28, 12, 0
8822, 9, 2, 28, 19, 0
8822, 1, 2, 28, 20, 0
8822, 1, 1, 28, 21, 0
8822, 1, 2, 28, 23, 0
8822, 1, 1, 28, 25, 0
8822, 9, 1, 28, 26, 0
8822, 9, 2, 28, 42, 0
8822, 1, 2, 28, 43, 0
8822, 9, 3, 28, 51, 0
8822, 1, 3, 28, 52, 0
8822, 1, 1, 28, 61, 0
8822, 9, 1, 28, 62, 0
8822, 1, 0, 29, 11, 0
8822, 9, 0, 29, 12, 0
8822, 9, 2, 29, 20, 0
8822, 9, 1, 29, 21, 0
8822, 9, 2, 29, 23, 0
8822, 1, 2, 29, 24, 0
8822, 0, 3, 29, 43, 0
8822, 1, 0, 29, 45, 0
8822, 9, 0, 29, 46, 0
8822, 9, 2, 29, 51, 0
8822, 1, 2, 29, 52, 0
8822, 0, 1, 29, 61, 0
8822, 1, 1, 30, 8, 0
8822, 0, 2, 30, 9, 0
8822, 1, 2, 30, 10, 0
8822, 1, 1, 30, 11, 0
8822, 9, 1, 30, 12, 0
8822, 0, 3, 30, 24, 0
8822, 0, 1, 30, 25, 0
8822, 9, 3, 30, 42, 0
8822, 1, 3, 30, 43, 0
8822, 1, 1, 30, 45, 0
8822, 9, 1, 30, 46, 0
8822, 0, 3, 30, 52, 0
8822, 1, 1, 30, 60, 0
8822, 9, 1, 30, 61, 0
8822, 1, 1, 31, 7, 0
8822, 9, 1, 31, 8, 0
8822, 9, 2, 31, 10, 0
8822, 9, 1, 31, 11, 0
8822, 9, 2, 31, 24, 0
8822, 9, 1, 31, 25, 0
8822, 9, 3, 31, 41, 0
8822, 1, 3, 31, 42, 0
8822, 1, 0, 31, 45, 0
8822, 9, 0, 31, 46, 0
8822, 9, 3, 31, 51, 0
8822, 1, 3, 31, 52, 0
8822, 0, 1, 31, 60, 0
8822, 1, 0, 32, 7, 0
8822, 9, 0, 32, 8, 0
8822, 1, 0, 32, 46, 0
8822, 9, 0, 32, 47, 0
8822, 9, 3, 32, 50, 0
8822, 1, 3, 32, 51, 0
8822, 1, 1, 32, 59, 0
8822, 9, 1, 32, 60, 0
8822, 1, 0, 33, 8, 0
8822, 9, 0, 33, 9, 0
8822, 0, 3, 33, 41, 0
8822, 1, 0, 33, 47, 0
8822, 0, 0, 33, 48, 0
8822, 1, 3, 33, 50, 0
8822, 0, 1, 33, 59, 0
8822, 1, 1, 34, 6, 0
8822, 0, 2, 34, 7, 0
8822, 9, 1, 34, 9, 0
8822, 9, 3, 34, 39, 0
8822, 0, 0, 34, 40, 0
8822, 1, 3, 34, 41, 0
8822, 1, 1, 34, 58, 0
8822, 9, 1, 34, 59, 0
8822, 1, 1, 35, 3, 0
8822, 1, 2, 35, 4, 0
8822, 1, 1, 35, 5, 0
8822, 9, 1, 35, 6, 0
8822, 0, 3, 35, 39, 0
8822, 1, 1, 35, 57, 0
8822, 9, 1, 35, 58, 0
8822, 1, 1, 36, 2, 0
8822, 9, 1, 36, 3, 0
8822, 9, 2, 36, 4, 0
8822, 9, 1, 36, 5, 0
8822, 9, 3, 36, 37, 0
8822, 0, 0, 36, 38, 0
8822, 1, 3, 36, 39, 0
8822, 0, 1, 36, 57, 0
8822, 1, 1, 37, 1, 0
8822, 9, 1, 37, 2, 0
8822, 0, 3, 37, 37, 0
8822, 0, 1, 37, 57, 0
8822, 1, 0, 38, 1, 0
8822, 9, 0, 38, 2, 0
8822, 0, 1, 38, 57, 0
8822, 1, 1, 39, 1, 0
8822, 9, 1, 39, 2, 0
8822, 0, 3, 39, 37, 0
8822, 1, 1, 39, 56, 0
8822, 9, 1, 39, 57, 0
8822, 0, 1, 40, 1, 0
8822, 9, 3, 40, 16, 0
8822, 9, 0, 40, 17, 0
8822, 9, 3, 40, 36, 0
8822, 1, 3, 40, 37, 0
8822, 0, 1, 40, 56, 0
8822, 0, 1, 41, 1, 0
8822, 0, 3, 41, 16, 0
8822, 0, 3, 41, 36, 0
8822, 1, 1, 41, 55, 0
8822, 9, 1, 41, 56, 0
8822, 9, 3, 42, 14, 0
8822, 0, 0, 42, 15, 0
8822, 1, 3, 42, 16, 0
8822, 1, 0, 42, 17, 0
8822, 0, 0, 42, 18, 0
8822, 9, 0, 42, 19, 0
8822, 9, 3, 42, 35, 0
8822, 1, 3, 42, 36, 0
8822, 1, 1, 42, 54, 0
8822, 9, 1, 42, 55, 0
8822, 1, 0, 43, 1, 0
8822, 9, 0, 43, 2, 0
8822, 9, 3, 43, 8, 0
8822, 0, 0, 43, 9, 0
8822, 9, 0, 43, 10, 0
8822, 9, 3, 43, 12, 0
8822, 1, 3, 43, 14, 0
8822, 0, 1, 43, 19, 0
8822, 0, 3, 43, 35, 0
8822, 0, 1, 43, 54, 0
8822, 0, 1, 44, 2, 0
8822, 9, 3, 44, 7, 0
8822, 1, 3, 44, 8, 0
8822, 1, 0, 44, 10, 0
8822, 0, 0, 44, 11, 0
8822, 1, 3, 44, 12, 0
8822, 1, 0, 44, 19, 0
8822, 9, 0, 44, 20, 0
8822, 9, 3, 44, 34, 0
8822, 1, 3, 44, 35, 0
8822, 1, 1, 44, 53, 0
8822, 9, 1, 44, 54, 0
8822, 0, 1, 45, 2, 0
8822, 0, 1, 45, 20, 0
8822, 9, 3, 45, 33, 0
8822, 1, 3, 45, 34, 0
8822, 1, 1, 45, 52, 0
8822, 9, 1, 45, 53, 0
8822, 1, 0, 46, 2, 0
8822, 9, 0, 46, 3, 0
8822, 9, 3, 46, 6, 0
8822, 1, 3, 46, 7, 0
8822, 1, 0, 46, 20, 0
8822, 0, 0, 46, 21, 0
8822, 0, 0, 46, 22, 0
8822, 9, 0, 46, 23, 0
8822, 0, 1, 46, 52, 0
8822, 1, 0, 47, 3, 0
8822, 0, 0, 47, 4, 0
8822, 0, 0, 47, 5, 0
8822, 1, 3, 47, 6, 0
8822, 0, 1, 47, 23, 0
8822, 0, 3, 47, 33, 0
8822, 1, 1, 47, 50, 0
8822, 0, 2, 47, 51, 0
8822, 9, 1, 47, 52, 0
8822, 1, 0, 48, 23, 0
8822, 9, 0, 48, 24, 0
8822, 9, 3, 48, 32, 0
8822, 1, 3, 48, 33, 0
8822, 1, 1, 48, 48, 0
8822, 0, 2, 48, 49, 0
8822, 9, 1, 48, 50, 0
8822, 1, 1, 49, 19, 0
8822, 0, 2, 49, 20, 0
8822, 0, 2, 49, 21, 0
8822, 0, 2, 49, 22, 0
8822, 0, 2, 49, 23, 0
8822, 9, 1, 49, 24, 0
8822, 9, 2, 49, 32, 0
8822, 0, 2, 49, 33, 0
8822, 0, 2, 49, 34, 0
8822, 0, 2, 49, 35, 0
8822, 0, 2, 49, 36, 0
8822, 0, 2, 49, 37, 0
8822, 0, 2, 49, 38, 0
8822, 0, 2, 49, 39, 0
8822, 0, 2, 49, 40, 0
8822, 0, 2, 49, 41, 0
8822, 0, 2, 49, 42, 0
8822, 0, 2, 49, 43, 0
8822, 0, 2, 49, 44, 0
8822, 0, 2, 49, 45, 0
8822, 0, 2, 49, 46, 0
8822, 0, 2, 49, 47, 0
8822, 9, 1, 49, 48, 0
8822, 0, 1, 50, 19, 0
8822, 0, 1, 51, 19, 0
8822, 0, 1, 52, 19, 0
8822, 0, 1, 53, 19, 0
8822, 1, 1, 54, 18, 0
8822, 9, 1, 54, 19, 0
8822, 0, 2, 55, 0, 0
8822, 1, 2, 55, 1, 0
8822, 1, 1, 55, 4, 0
8822, 0, 2, 55, 5, 0
8822, 1, 2, 55, 6, 0
8822, 1, 1, 55, 13, 0
8822, 1, 2, 55, 14, 0
8822, 1, 1, 55, 15, 0
8822, 1, 2, 55, 16, 0
8822, 1, 1, 55, 17, 0
8822, 9, 1, 55, 18, 0
8822, 9, 2, 56, 1, 0
8822, 0, 2, 56, 2, 0
8822, 0, 2, 56, 3, 0
8822, 9, 1, 56, 4, 0
8822, 9, 2, 56, 6, 0
8822, 0, 2, 56, 7, 0
8822, 0, 2, 56, 8, 0
8822, 0, 2, 56, 9, 0
8822, 0, 2, 56, 10, 0
8822, 0, 2, 56, 11, 0
8822, 0, 2, 56, 12, 0
8822, 9, 1, 56, 13, 0
8822, 9, 2, 56, 14, 0
8822, 9, 1, 56, 15, 0
8822, 9, 2, 56, 16, 0
8822, 9, 1, 56, 17, 0
8823, 9, 3, 1, 2, 1
8823, 0, 0, 1, 3, 1
8823, 9, 0, 1, 4, 1
8823, 9, 3, 1, 6, 1
8823, 0, 0, 1, 7, 1
8823, 9, 0, 1, 8, 1
8823, 0, 3, 2, 2, 1
8823, 1, 0, 2, 4, 1
8823, 0, 0, 2, 5, 1
8823, 1, 3, 2, 6, 1
8823, 0, 1, 2, 8, 1
8823, 9, 2, 3, 2, 1
8823, 1, 2, 3, 3, 1
8823, 0, 1, 3, 8, 1
8823, 0, 3, 4, 3, 1
8823, 1, 0, 4, 8, 1
8823, 9, 0, 4, 9, 1
8823, 9, 3, 5, 2, 1
8823, 1, 3, 5, 3, 1
8823, 0, 1, 5, 9, 1
8823, 0, 3, 6, 2, 1
8823, 1, 0, 6, 9, 1
8823, 9, 0, 6, 10, 1
8823, 9, 2, 7, 2, 1
8823, 0, 2, 7, 3, 1
8823, 0, 2, 7, 4, 1
8823, 1, 2, 7, 5, 1
8823, 0, 1, 7, 10, 1
8823, 9, 2, 8, 5, 1
8823, 1, 2, 8, 6, 1
8823, 1, 1, 8, 9, 1
8823, 9, 1, 8, 10, 1
8823, 0, 3, 9, 6, 1
8823, 0, 1, 9, 9, 1
8823, 9, 2, 10, 6, 1
8823, 0, 2, 10, 7, 1
8823, 0, 2, 10, 8, 1
8823, 9, 1, 10, 9, 1
8823, 9, 3, 19, 21, 1
8823, 9, 0, 19, 22, 1
8823, 9, 3, 20, 20, 1
8823, 1, 3, 20, 21, 1
8823, 1, 0, 20, 22, 1
8823, 9, 0, 20, 23, 1
8823, 9, 3, 21, 19, 1
8823, 1, 3, 21, 20, 1
8823, 0, 1, 21, 23, 1
8823, 9, 2, 22, 19, 1
8823, 1, 2, 22, 20, 1
8823, 0, 3, 23, 20, 1
8823, 1, 1, 23, 22, 1
8823, 9, 1, 23, 23, 1
8823, 9, 2, 24, 20, 1
8823, 1, 2, 24, 21, 1
8823, 0, 1, 24, 22, 1
8823, 9, 2, 25, 21, 1
8823, 9, 1, 25, 22, 1
8823, 9, 3, 28, 0, 1
8823, 9, 0, 28, 1, 1
8823, 0, 3, 29, 0, 1
8823, 1, 0, 29, 1, 1
8823, 0, 0, 29, 2, 1
8823, 9, 0, 29, 3, 1
8823, 9, 2, 30, 0, 1
8823, 1, 2, 30, 1, 1
8823, 1, 0, 30, 3, 1
8823, 0, 0, 30, 4, 1
8823, 9, 0, 30, 5, 1
8823, 0, 3, 31, 1, 1
8823, 0, 1, 31, 5, 1
8823, 9, 3, 32, 0, 1
8823, 1, 3, 32, 1, 1
8823, 1, 1, 32, 3, 1
8823, 0, 2, 32, 4, 1
8823, 9, 1, 32, 5, 1
8823, 0, 3, 33, 0, 1
8823, 1, 1, 33, 2, 1
8823, 9, 1, 33, 3, 1
8823, 0, 3, 34, 0, 1
8823, 1, 1, 34, 1, 1
8823, 9, 1, 34, 2, 1
8823, 9, 2, 35, 0, 1
8823, 9, 1, 35, 1, 1
8823, 9, 3, 36, 44, 1
8823, 0, 0, 36, 45, 1
8823, 0, 0, 36, 46, 1
8823, 9, 0, 36, 47, 1
8823, 9, 3, 37, 42, 1
8823, 0, 0, 37, 43, 1
8823, 1, 3, 37, 44, 1
8823, 0, 1, 37, 47, 1
8823, 0, 3, 38, 42, 1
8823, 0, 1, 38, 47, 1
8823, 9, 3, 39, 41, 1
8823, 1, 3, 39, 42, 1
8823, 0, 1, 39, 47, 1
8823, 1, 1, 40, 46, 1
8823, 9, 1, 40, 47, 1
8823, 9, 3, 41, 40, 1
8823, 1, 3, 41, 41, 1
8823, 0, 1, 41, 46, 1
8823, 0, 3, 42, 40, 1
8823, 1, 1, 42, 45, 1
8823, 9, 1, 42, 46, 1
8823, 9, 3, 43, 39, 1
8823, 1, 3, 43, 40, 1
8823, 1, 1, 43, 44, 1
8823, 9, 1, 43, 45, 1
8823, 0, 3, 44, 39, 1
8823, 0, 1, 44, 44, 1
8823, 9, 2, 45, 39, 1
8823, 1, 2, 45, 40, 1
8823, 1, 1, 45, 43, 1
8823, 9, 1, 45, 44, 1
8823, 9, 3, 46, 13, 1
8823, 0, 0, 46, 14, 1
8823, 9, 0, 46, 16, 1
8823, 9, 2, 46, 40, 1
8823, 0, 2, 46, 41, 1
8823, 0, 2, 46, 42, 1
8823, 9, 1, 46, 43, 1
8823, 9, 3, 47, 11, 1
8823, 0, 0, 47, 12, 1
8823, 1, 3, 47, 13, 1
8823, 1, 0, 47, 16, 1
8823, 0, 0, 47, 17, 1
8823, 9, 0, 47, 18, 1
8823, 9, 3, 48, 8, 1
8823, 0, 0, 48, 9, 1
8823, 0, 0, 48, 10, 1
8823, 1, 3, 48, 11, 1
8823, 0, 1, 48, 18, 1
8823, 9, 3, 49, 6, 1
8823, 0, 0, 49, 7, 1
8823, 1, 3, 49, 8, 1
8823, 1, 1, 49, 17, 1
8823, 9, 1, 49, 18, 1
8823, 9, 3, 50, 5, 1
8823, 1, 3, 50, 6, 1
8823, 0, 1, 50, 17, 1
8823, 9, 2, 51, 5, 1
8823, 1, 2, 51, 6, 1
8823, 1, 1, 51, 15, 1
8823, 0, 2, 51, 16, 1
8823, 9, 1, 51, 17, 1
8823, 0, 3, 52, 6, 1
8823, 1, 1, 52, 9, 1
8823, 1, 2, 52, 10, 1
8823, 0, 1, 52, 15, 1
8823, 9, 2, 53, 6, 1
8823, 0, 2, 53, 7, 1
8823, 0, 2, 53, 8, 1
8823, 9, 1, 53, 9, 1
8823, 9, 2, 53, 10, 1
8823, 1, 2, 53, 11, 1
8823, 1, 1, 53, 12, 1
8823, 1, 2, 53, 13, 1
8823, 1, 1, 53, 14, 1
8823, 9, 1, 53, 15, 1
8823, 9, 2, 54, 11, 1
8823, 9, 1, 54, 12, 1
8823, 9, 2, 54, 13, 1
8823, 9, 1, 54, 14, 1
8824, 10, 1, 2, 3, 1
8824, 10, 1, 2, 7, 1
8824, 10, 1, 3, 4, 1
8824, 10, 1, 3, 5, 1
8824, 10, 1, 3, 6, 1
8824, 10, 1, 3, 7, 1
8824, 10, 1, 4, 4, 1
8824, 10, 1, 4, 5, 1
8824, 10, 1, 4, 6, 1
8824, 10, 1, 4, 7, 1
8824, 10, 1, 5, 4, 1
8824, 10, 1, 5, 5, 1
8824, 10, 1, 5, 6, 1
8824, 10, 1, 5, 7, 1
8824, 10, 1, 5, 8, 1
8824, 10, 1, 6, 3, 1
8824, 10, 1, 6, 4, 1
8824, 10, 1, 6, 5, 1
8824, 10, 1, 6, 6, 1
8824, 10, 1, 6, 7, 1
8824, 10, 1, 6, 8, 1
8824, 10, 1, 7, 6, 1
8824, 10, 1, 7, 7, 1
8824, 10, 1, 7, 8, 1
8824, 10, 1, 7, 9, 1
8824, 10, 1, 8, 7, 1
8824, 10, 1, 8, 8, 1
8824, 10, 1, 9, 7, 1
8824, 10, 1, 9, 8, 1
8824, 10, 1, 21, 21, 1
8824, 10, 1, 21, 22, 1
8824, 10, 1, 22, 21, 1
8824, 10, 1, 22, 22, 1
8824, 10, 1, 23, 21, 1
8824, 10, 1, 30, 2, 1
8824, 10, 1, 31, 2, 1
8824, 10, 1, 31, 3, 1
8824, 10, 1, 31, 4, 1
8824, 10, 1, 32, 2, 1
8824, 10, 1, 33, 1, 1
8824, 10, 1, 37, 45, 1
8824, 10, 1, 37, 46, 1
8824, 10, 1, 38, 43, 1
8824, 10, 1, 38, 44, 1
8824, 10, 1, 38, 45, 1
8824, 10, 1, 38, 46, 1
8824, 10, 1, 39, 43, 1
8824, 10, 1, 39, 44, 1
8824, 10, 1, 39, 45, 1
8824, 10, 1, 39, 46, 1
8824, 10, 1, 40, 42, 1
8824, 10, 1, 40, 43, 1
8824, 10, 1, 40, 44, 1
8824, 10, 1, 40, 45, 1
8824, 10, 1, 41, 42, 1
8824, 10, 1, 41, 43, 1
8824, 10, 1, 41, 44, 1
8824, 10, 1, 41, 45, 1
8824, 10, 1, 42, 41, 1
8824, 10, 1, 42, 42, 1
8824, 10, 1, 42, 43, 1
8824, 10, 1, 42, 44, 1
8824, 10, 1, 43, 41, 1
8824, 10, 1, 43, 42, 1
8824, 10, 1, 43, 43, 1
8824, 10, 1, 44, 40, 1
8824, 10, 1, 44, 41, 1
8824, 10, 1, 44, 42, 1
8824, 10, 1, 44, 43, 1
8824, 10, 1, 45, 41, 1
8824, 10, 1, 45, 42, 1
8824, 10, 1, 47, 14, 1
8824, 10, 1, 47, 15, 1
8824, 10, 1, 48, 12, 1
8824, 10, 1, 48, 13, 1
8824, 10, 1, 48, 14, 1
8824, 10, 1, 48, 15, 1
8824, 10, 1, 48, 16, 1
8824, 10, 1, 48, 17, 1
8824, 10, 1, 49, 9, 1
8824, 10, 1, 49, 10, 1
8824, 10, 1, 49, 11, 1
8824, 10, 1, 49, 12, 1
8824, 10, 1, 49, 13, 1
8824, 10, 1, 49, 14, 1
8824, 10, 1, 49, 15, 1
8824, 10, 1, 49, 16, 1
8824, 10, 1, 50, 7, 1
8824, 10, 1, 50, 8, 1
8824, 10, 1, 50, 9, 1
8824, 10, 1, 50, 10, 1
8824, 10, 1, 50, 11, 1
8824, 10, 1, 50, 12, 1
8824, 10, 1, 50, 13, 1
8824, 10, 1, 50, 14, 1
8824, 10, 1, 50, 15, 1
8824, 10, 1, 50, 16, 1
8824, 10, 1, 51, 7, 1
8824, 10, 1, 51, 8, 1
8824, 10, 1, 51, 9, 1
8824, 10, 1, 51, 10, 1
8824, 10, 1, 51, 11, 1
8824, 10, 1, 51, 12, 1
8824, 10, 1, 51, 13, 1
8824, 10, 1, 51, 14, 1
8824, 10, 1, 52, 7, 1
8824, 10, 1, 52, 11, 1
8824, 10, 1, 52, 12, 1
8824, 10, 1, 52, 13, 1
8824, 10, 1, 52, 14, 1
8825, 10, 0, 0, 0, 0
8825, 10, 3, 0, 1, 0
8825, 10, 3, 0, 2, 0
8825, 10, 3, 0, 3, 0
8825, 10, 3, 0, 4, 0
8825, 10, 3, 0, 5, 0
8825, 10, 3, 0, 6, 0
8825, 10, 3, 0, 7, 0
8825, 10, 3, 0, 8, 0
8825, 10, 3, 0, 9, 0
8825, 10, 3, 0, 10, 0
8825, 10, 3, 0, 11, 0
8825, 10, 3, 0, 12, 0
8825, 10, 3, 0, 13, 0
8825, 10, 3, 0, 14, 0
8825, 10, 3, 0, 22, 0
8825, 10, 3, 0, 23, 0
8825, 10, 3, 0, 24, 0
8825, 10, 3, 0, 25, 0
8825, 10, 3, 0, 26, 0
8825, 10, 3, 0, 27, 0
8825, 10, 3, 0, 28, 0
8825, 10, 3, 0, 29, 0
8825, 10, 3, 0, 30, 0
8825, 10, 3, 0, 31, 0
8825, 10, 3, 0, 32, 0
8825, 10, 3, 0, 33, 0
8825, 10, 3, 0, 34, 0
8825, 10, 3, 0, 35, 0
8825, 10, 3, 0, 36, 0
8825, 10, 3, 0, 37, 0
8825, 10, 3, 0, 38, 0
8825, 10, 3, 0, 39, 0
8825, 10, 3, 0, 40, 0
8825, 10, 3, 0, 41, 0
8825, 10, 3, 0, 42, 0
8825, 10, 3, 0, 43, 0
8825, 10, 3, 0, 44, 0
8825, 10, 3, 0, 45, 0
8825, 10, 3, 0, 46, 0
8825, 10, 3, 0, 47, 0
8825, 10, 3, 0, 48, 0
8825, 10, 3, 0, 49, 0
8825, 10, 3, 0, 50, 0
8825, 10, 3, 0, 51, 0
8825, 10, 3, 0, 52, 0
8825, 10, 3, 0, 53, 0
8825, 10, 3, 0, 54, 0
8825, 10, 3, 0, 55, 0
8825, 10, 3, 0, 56, 0
8825, 10, 3, 0, 57, 0
8825, 10, 3, 0, 58, 0
8825, 10, 3, 0, 59, 0
8825, 10, 3, 0, 60, 0
8825, 10, 3, 0, 61, 0
8825, 10, 3, 0, 62, 0
8825, 10, 0, 0, 63, 0
8825, 10, 3, 1, 0, 0
8825, 10, 3, 1, 1, 0
8825, 10, 3, 1, 2, 0
8825, 10, 3, 1, 3, 0
8825, 10, 3, 1, 4, 0
8825, 10, 3, 1, 5, 0
8825, 10, 3, 1, 6, 0
8825, 10, 3, 1, 7, 0
8825, 10, 3, 1, 8, 0
8825, 10, 3, 1, 9, 0
8825, 10, 3, 1, 10, 0
8825, 10, 3, 1, 11, 0
8825, 10, 3, 1, 12, 0
8825, 10, 3, 1, 13, 0
8825, 10, 3, 1, 14, 0
8825, 10, 3, 1, 23, 0
8825, 10, 3, 1, 24, 0
8825, 10, 3, 1, 25, 0
8825, 10, 3, 1, 26, 0
8825, 10, 3, 1, 27, 0
8825, 10, 3, 1, 28, 0
8825, 10, 3, 1, 29, 0
8825, 10, 3, 1, 30, 0
8825, 10, 3, 1, 31, 0
8825, 10, 3, 1, 32, 0
8825, 10, 3, 1, 33, 0
8825, 10, 3, 1, 34, 0
8825, 10, 3, 1, 35, 0
8825, 10, 3, 1, 36, 0
8825, 10, 3, 1, 37, 0
8825, 10, 3, 1, 38, 0
8825, 10, 3, 1, 39, 0
8825, 10, 3, 1, 40, 0
8825, 10, 3, 1, 41, 0
8825, 10, 3, 1, 42, 0
8825, 10, 3, 1, 43, 0
8825, 10, 3, 1, 44, 0
8825, 10, 3, 1, 45, 0
8825, 10, 3, 1, 48, 0
8825, 10, 3, 1, 49, 0
8825, 10, 3, 1, 55, 0
8825, 10, 3, 1, 60, 0
8825, 10, 3, 1, 61, 0
8825, 10, 3, 1, 62, 0
8825, 10, 3, 1, 63, 0
8825, 10, 3, 2, 0, 0
8825, 10, 3, 2, 1, 0
8825, 10, 3, 2, 2, 0
8825, 10, 3, 2, 3, 0
8825, 10, 3, 2, 4, 0
8825, 10, 3, 2, 5, 0
8825, 10, 3, 2, 6, 0
8825, 10, 3, 2, 7, 0
8825, 10, 3, 2, 8, 0
8825, 10, 3, 2, 9, 0
8825, 10, 3, 2, 10, 0
8825, 10, 3, 2, 11, 0
8825, 10, 3, 2, 12, 0
8825, 10, 3, 2, 13, 0
8825, 10, 3, 2, 23, 0
8825, 10, 3, 2, 24, 0
8825, 10, 3, 2, 25, 0
8825, 10, 3, 2, 26, 0
8825, 10, 3, 2, 27, 0
8825, 10, 3, 2, 28, 0
8825, 10, 3, 2, 29, 0
8825, 10, 3, 2, 30, 0
8825, 10, 3, 2, 31, 0
8825, 10, 3, 2, 32, 0
8825, 10, 3, 2, 33, 0
8825, 10, 3, 2, 34, 0
8825, 10, 3, 2, 35, 0
8825, 10, 3, 2, 36, 0
8825, 10, 3, 2, 37, 0
8825, 10, 3, 2, 38, 0
8825, 10, 3, 2, 39, 0
8825, 10, 3, 2, 40, 0
8825, 10, 3, 2, 41, 0
8825, 10, 3, 2, 61, 0
8825, 10, 3, 2, 62, 0
8825, 10, 3, 2, 63, 0
8825, 10, 3, 3, 0, 0
8825, 10, 3, 3, 1, 0
8825, 10, 3, 3, 2, 0
8825, 10, 3, 3, 3, 0
8825, 10, 3, 3, 4, 0
8825, 10, 3, 3, 5, 0
8825, 10, 3, 3, 6, 0
8825, 10, 3, 3, 7, 0
8825, 10, 3, 3, 8, 0
8825, 10, 3, 3, 9, 0
8825, 10, 3, 3, 10, 0
8825, 10, 3, 3, 11, 0
8825, 10, 3, 3, 12, 0
8825, 10, 3, 3, 13, 0
8825, 10, 3, 3, 22, 0
8825, 10, 3, 3, 23, 0
8825, 10, 3, 3, 24, 0
8825, 10, 3, 3, 25, 0
8825, 10, 3, 3, 26, 0
8825, 10, 3, 3, 27, 0
8825, 10, 3, 3, 28, 0
8825, 10, 3, 3, 29, 0
8825, 10, 3, 3, 30, 0
8825, 10, 3, 3, 31, 0
8825, 10, 3, 3, 32, 0
8825, 10, 3, 3, 33, 0
8825, 10, 3, 3, 34, 0
8825, 10, 3, 3, 35, 0
8825, 10, 3, 3, 36, 0
8825, 10, 3, 3, 40, 0
8825, 10, 3, 3, 61, 0
8825, 10, 3, 3, 62, 0
8825, 10, 3, 3, 63, 0
8825, 10, 3, 4, 0, 0
8825, 10, 3, 4, 1, 0
8825, 10, 3, 4, 2, 0
8825, 10, 3, 4, 3, 0
8825, 10, 3, 4, 4, 0
8825, 10, 3, 4, 5, 0
8825, 10, 3, 4, 6, 0
8825, 10, 3, 4, 7, 0
8825, 10, 3, 4, 8, 0
8825, 10, 3, 4, 9, 0
8825, 10, 3, 4, 10, 0
8825, 10, 3, 4, 11, 0
8825, 10, 3, 4, 12, 0
8825, 10, 3, 4, 13, 0
8825, 10, 3, 4, 14, 0
8825, 10, 3, 4, 22, 0
8825, 10, 3, 4, 23, 0
8825, 10, 3, 4, 24, 0
8825, 10, 3, 4, 25, 0
8825, 10, 3, 4, 26, 0
8825, 10, 3, 4, 27, 0
8825, 10, 3, 4, 28, 0
8825, 10, 3, 4, 29, 0
8825, 10, 3, 4, 30, 0
8825, 10, 3, 4, 31, 0
8825, 10, 3, 4, 32, 0
8825, 10, 3, 4, 33, 0
8825, 10, 3, 4, 34, 0
8825, 10, 3, 4, 61, 0
8825, 10, 3, 4, 62, 0
8825, 10, 3, 4, 63, 0
8825, 10, 3, 5, 0, 0
8825, 10, 3, 5, 1, 0
8825, 10, 3, 5, 2, 0
8825, 10, 3, 5, 3, 0
8825, 10, 3, 5, 4, 0
8825, 10, 3, 5, 5, 0
8825, 10, 3, 5, 6, 0
8825, 10, 3, 5, 7, 0
8825, 10, 3, 5, 8, 0
8825, 10, 3, 5, 9, 0
8825, 10, 3, 5, 10, 0
8825, 10, 3, 5, 11, 0
8825, 10, 3, 5, 12, 0
8825, 10, 3, 5, 13, 0
8825, 10, 3, 5, 21, 0
8825, 10, 3, 5, 22, 0
8825, 10, 3, 5, 23, 0
8825, 10, 3, 5, 24, 0
8825, 10, 3, 5, 25, 0
8825, 10, 3, 5, 26, 0
8825, 10, 3, 5, 27, 0
8825, 10, 3, 5, 28, 0
8825, 10, 3, 5, 29, 0
8825, 10, 3, 5, 30, 0
8825, 10, 3, 5, 31, 0
8825, 10, 3, 5, 32, 0
8825, 10, 3, 5, 61, 0
8825, 10, 3, 5, 62, 0
8825, 10, 3, 5, 63, 0
8825, 10, 3, 6, 0, 0
8825, 10, 3, 6, 1, 0
8825, 10, 3, 6, 2, 0
8825, 10, 3, 6, 3, 0
8825, 10, 3, 6, 4, 0
8825, 10, 3, 6, 5, 0
8825, 10, 3, 6, 6, 0
8825, 10, 3, 6, 7, 0
8825, 10, 3, 6, 8, 0
8825, 10, 3, 6, 9, 0
8825, 10, 3, 6, 10, 0
8825, 10, 3, 6, 11, 0
8825, 10, 3, 6, 12, 0
8825, 10, 3, 6, 13, 0
8825, 10, 3, 6, 24, 0
8825, 10, 3, 6, 25, 0
8825, 10, 3, 6, 26, 0
8825, 10, 3, 6, 27, 0
8825, 10, 3, 6, 28, 0
8825, 10, 3, 6, 29, 0
8825, 10, 3, 6, 30, 0
8825, 10, 3, 6, 31, 0
8825, 10, 3, 6, 60, 0
8825, 10, 3, 6, 61, 0
8825, 10, 3, 6, 62, 0
8825, 10, 3, 6, 63, 0
8825, 10, 3, 7, 0, 0
8825, 10, 3, 7, 1, 0
8825, 10, 3, 7, 2, 0
8825, 10, 3, 7, 3, 0
8825, 10, 3, 7, 4, 0
8825, 10, 3, 7, 5, 0
8825, 10, 3, 7, 6, 0
8825, 10, 3, 7, 7, 0
8825, 10, 3, 7, 8, 0
8825, 10, 3, 7, 9, 0
8825, 10, 3, 7, 10, 0
8825, 10, 3, 7, 11, 0
8825, 10, 3, 7, 12, 0
8825, 10, 3, 7, 28, 0
8825, 10, 3, 7, 29, 0
8825, 10, 3, 7, 30, 0
8825, 10, 3, 7, 31, 0
8825, 10, 3, 7, 60, 0
8825, 10, 3, 7, 61, 0
8825, 10, 3, 7, 62, 0
8825, 10, 3, 7, 63, 0
8825, 10, 3, 8, 0, 0
8825, 10, 3, 8, 1, 0
8825, 10, 3, 8, 2, 0
8825, 10, 3, 8, 3, 0
8825, 10, 3, 8, 4, 0
8825, 10, 3, 8, 5, 0
8825, 10, 3, 8, 6, 0
8825, 10, 3, 8, 7, 0
8825, 10, 3, 8, 8, 0
8825, 10, 3, 8, 9, 0
8825, 10, 3, 8, 10, 0
8825, 10, 3, 8, 11, 0
8825, 10, 3, 8, 12, 0
8825, 10, 3, 8, 28, 0
8825, 10, 3, 8, 29, 0
8825, 10, 3, 8, 30, 0
8825, 10, 3, 8, 31, 0
8825, 10, 3, 8, 61, 0
8825, 10, 3, 8, 62, 0
8825, 10, 3, 8, 63, 0
8825, 10, 3, 9, 0, 0
8825, 10, 3, 9, 1, 0
8825, 10, 3, 9, 2, 0
8825, 10, 3, 9, 3, 0
8825, 10, 3, 9, 4, 0
8825, 10, 3, 9, 5, 0
8825, 10, 3, 9, 6, 0
8825, 10, 3, 9, 7, 0
8825, 10, 3, 9, 8, 0
8825, 10, 3, 9, 9, 0
8825, 10, 3, 9, 10, 0
8825, 10, 3, 9, 11, 0
8825, 10, 3, 9, 12, 0
8825, 10, 3, 9, 28, 0
8825, 10, 3, 9, 29, 0
8825, 10, 3, 9, 30, 0
8825, 10, 3, 9, 31, 0
8825, 10, 3, 9, 61, 0
8825, 10, 3, 9, 62, 0
8825, 10, 3, 9, 63, 0
8825, 10, 3, 10, 0, 0
8825, 10, 3, 10, 1, 0
8825, 10, 3, 10, 4, 0
8825, 10, 3, 10, 5, 0
8825, 10, 3, 10, 6, 0
8825, 10, 3, 10, 7, 0
8825, 10, 3, 10, 8, 0
8825, 10, 3, 10, 9, 0
8825, 10, 3, 10, 10, 0
8825, 10, 3, 10, 11, 0
8825, 10, 3, 10, 12, 0
8825, 10, 3, 10, 13, 0
8825, 10, 3, 10, 30, 0
8825, 10, 3, 10, 31, 0
8825, 10, 3, 10, 32, 0
8825, 10, 3, 10, 61, 0
8825, 10, 3, 10, 62, 0
8825, 10, 3, 10, 63, 0
8825, 10, 3, 11, 0, 0
8825, 10, 3, 11, 5, 0
8825, 10, 3, 11, 6, 0
8825, 10, 3, 11, 7, 0
8825, 10, 3, 11, 8, 0
8825, 10, 3, 11, 9, 0
8825, 10, 3, 11, 10, 0
8825, 10, 3, 11, 11, 0
8825, 10, 3, 11, 30, 0
8825, 10, 3, 11, 31, 0
8825, 10, 3, 11, 32, 0
8825, 10, 3, 11, 61, 0
8825, 10, 3, 11, 62, 0
8825, 10, 3, 11, 63, 0
8825, 10, 0, 12, 0, 0
8825, 10, 3, 12, 5, 0
8825, 10, 3, 12, 6, 0
8825, 10, 3, 12, 7, 0
8825, 10, 3, 12, 8, 0
8825, 10, 3, 12, 9, 0
8825, 10, 3, 12, 10, 0
8825, 10, 3, 12, 11, 0
8825, 10, 3, 12, 31, 0
8825, 10, 3, 12, 60, 0
8825, 10, 3, 12, 61, 0
8825, 10, 3, 12, 62, 0
8825, 10, 3, 12, 63, 0
8825, 10, 3, 13, 5, 0
8825, 10, 3, 13, 6, 0
8825, 10, 3, 13, 7, 0
8825, 10, 3, 13, 8, 0
8825, 10, 3, 13, 9, 0
8825, 10, 3, 13, 10, 0
8825, 10, 3, 13, 11, 0
8825, 10, 3, 13, 31, 0
8825, 10, 3, 13, 61, 0
8825, 10, 3, 13, 62, 0
8825, 10, 3, 13, 63, 0
8825, 10, 3, 14, 10, 0
8825, 10, 3, 14, 11, 0
8825, 10, 3, 14, 12, 0
8825, 10, 3, 14, 45, 0
8825, 10, 3, 14, 46, 0
8825, 10, 3, 14, 47, 0
8825, 10, 3, 14, 61, 0
8825, 10, 3, 14, 62, 0
8825, 10, 3, 14, 63, 0
8825, 10, 3, 15, 11, 0
8825, 10, 3, 15, 12, 0
8825, 10, 3, 15, 13, 0
8825, 10, 3, 15, 16, 0
8825, 10, 3, 15, 47, 0
8825, 10, 3, 15, 48, 0
8825, 10, 3, 15, 61, 0
8825, 10, 3, 15, 62, 0
8825, 10, 3, 15, 63, 0
8825, 10, 3, 16, 12, 0
8825, 10, 3, 16, 13, 0
8825, 10, 3, 16, 14, 0
8825, 10, 3, 16, 15, 0
8825, 10, 3, 16, 16, 0
8825, 10, 3, 16, 17, 0
8825, 10, 3, 16, 18, 0
8825, 10, 3, 16, 48, 0
8825, 10, 3, 16, 49, 0
8825, 10, 3, 16, 60, 0
8825, 10, 3, 16, 61, 0
8825, 10, 3, 16, 62, 0
8825, 10, 3, 16, 63, 0
8825, 10, 3, 17, 12, 0
8825, 10, 3, 17, 13, 0
8825, 10, 3, 17, 14, 0
8825, 10, 3, 17, 15, 0
8825, 10, 3, 17, 16, 0
8825, 10, 3, 17, 17, 0
8825, 10, 3, 17, 18, 0
8825, 10, 3, 17, 19, 0
8825, 10, 3, 17, 50, 0
8825, 10, 3, 17, 51, 0
8825, 10, 3, 17, 57, 0
8825, 10, 3, 17, 58, 0
8825, 10, 3, 17, 59, 0
8825, 10, 3, 17, 60, 0
8825, 10, 3, 17, 61, 0
8825, 10, 3, 17, 62, 0
8825, 10, 3, 17, 63, 0
8825, 10, 3, 18, 15, 0
8825, 10, 3, 18, 16, 0
8825, 10, 3, 18, 17, 0
8825, 10, 3, 18, 18, 0
8825, 10, 3, 18, 19, 0
8825, 10, 3, 18, 20, 0
8825, 10, 3, 18, 21, 0
8825, 10, 3, 18, 22, 0
8825, 10, 3, 18, 51, 0
8825, 10, 3, 18, 52, 0
8825, 10, 3, 18, 53, 0
8825, 10, 3, 18, 54, 0
8825, 10, 3, 18, 55, 0
8825, 10, 3, 18, 56, 0
8825, 10, 3, 18, 57, 0
8825, 10, 3, 18, 58, 0
8825, 10, 3, 18, 59, 0
8825, 10, 3, 18, 60, 0
8825, 10, 3, 18, 61, 0
8825, 10, 3, 18, 62, 0
8825, 10, 3, 18, 63, 0
8825, 10, 0, 19, 0, 0
8825, 10, 3, 19, 17, 0
8825, 10, 3, 19, 18, 0
8825, 10, 3, 19, 19, 0
8825, 10, 3, 19, 20, 0
8825, 10, 3, 19, 21, 0
8825, 10, 3, 19, 22, 0
8825, 10, 3, 19, 23, 0
8825, 10, 3, 19, 24, 0
8825, 10, 3, 19, 25, 0
8825, 10, 3, 19, 51, 0
8825, 10, 3, 19, 52, 0
8825, 10, 3, 19, 53, 0
8825, 10, 3, 19, 54, 0
8825, 10, 3, 19, 55, 0
8825, 10, 3, 19, 56, 0
8825, 10, 3, 19, 57, 0
8825, 10, 3, 19, 58, 0
8825, 10, 3, 19, 59, 0
8825, 10, 3, 19, 60, 0
8825, 10, 3, 19, 61, 0
8825, 10, 3, 19, 62, 0
8825, 10, 3, 19, 63, 0
8825, 10, 0, 20, 0, 0
8825, 10, 3, 20, 18, 0
8825, 10, 3, 20, 19, 0
8825, 10, 3, 20, 20, 0
8825, 10, 3, 20, 21, 0
8825, 10, 3, 20, 22, 0
8825, 10, 3, 20, 23, 0
8825, 10, 3, 20, 24, 0
8825, 10, 3, 20, 25, 0
8825, 10, 3, 20, 26, 0
8825, 10, 3, 20, 27, 0
8825, 10, 3, 20, 53, 0
8825, 10, 3, 20, 54, 0
8825, 10, 3, 20, 55, 0
8825, 10, 3, 20, 56, 0
8825, 10, 3, 20, 57, 0
8825, 10, 3, 20, 58, 0
8825, 10, 3, 20, 59, 0
8825, 10, 3, 20, 60, 0
8825, 10, 3, 20, 61, 0
8825, 10, 3, 20, 62, 0
8825, 10, 3, 20, 63, 0
8825, 10, 0, 21, 0, 0
8825, 10, 0, 21, 1, 0
8825, 10, 3, 21, 18, 0
8825, 10, 3, 21, 19, 0
8825, 10, 3, 21, 20, 0
8825, 10, 3, 21, 21, 0
8825, 10, 3, 21, 22, 0
8825, 10, 3, 21, 23, 0
8825, 10, 3, 21, 24, 0
8825, 10, 3, 21, 25, 0
8825, 10, 3, 21, 42, 0
8825, 10, 3, 21, 54, 0
8825, 10, 3, 21, 55, 0
8825, 10, 3, 21, 56, 0
8825, 10, 3, 21, 57, 0
8825, 10, 3, 21, 58, 0
8825, 10, 3, 21, 59, 0
8825, 10, 3, 21, 60, 0
8825, 10, 3, 21, 61, 0
8825, 10, 3, 21, 62, 0
8825, 10, 3, 21, 63, 0
8825, 10, 0, 22, 0, 0
8825, 10, 0, 22, 1, 0
8825, 10, 3, 22, 17, 0
8825, 10, 3, 22, 18, 0
8825, 10, 3, 22, 19, 0
8825, 10, 3, 22, 20, 0
8825, 10, 3, 22, 21, 0
8825, 10, 3, 22, 22, 0
8825, 10, 3, 22, 23, 0
8825, 10, 3, 22, 24, 0
8825, 10, 3, 22, 41, 0
8825, 10, 3, 22, 42, 0
8825, 10, 3, 22, 55, 0
8825, 10, 3, 22, 56, 0
8825, 10, 3, 22, 57, 0
8825, 10, 3, 22, 58, 0
8825, 10, 3, 22, 59, 0
8825, 10, 3, 22, 60, 0
8825, 10, 3, 22, 61, 0
8825, 10, 3, 22, 62, 0
8825, 10, 3, 22, 63, 0
8825, 10, 0, 23, 0, 0
8825, 10, 3, 23, 18, 0
8825, 10, 3, 23, 19, 0
8825, 10, 3, 23, 20, 0
8825, 10, 3, 23, 21, 0
8825, 10, 3, 23, 22, 0
8825, 10, 3, 23, 23, 0
8825, 10, 3, 23, 24, 0
8825, 10, 3, 23, 41, 0
8825, 10, 3, 23, 42, 0
8825, 10, 3, 23, 55, 0
8825, 10, 3, 23, 56, 0
8825, 10, 3, 23, 57, 0
8825, 10, 3, 23, 58, 0
8825, 10, 3, 23, 59, 0
8825, 10, 3, 23, 60, 0
8825, 10, 3, 23, 61, 0
8825, 10, 3, 23, 62, 0
8825, 10, 0, 23, 63, 0
8825, 10, 0, 24, 0, 0
8825, 10, 3, 24, 18, 0
8825, 10, 3, 24, 19, 0
8825, 10, 3, 24, 20, 0
8825, 10, 3, 24, 21, 0
8825, 10, 3, 24, 22, 0
8825, 10, 3, 24, 23, 0
8825, 10, 3, 24, 24, 0
8825, 10, 3, 24, 42, 0
8825, 10, 3, 24, 55, 0
8825, 10, 3, 24, 56, 0
8825, 10, 3, 24, 57, 0
8825, 10, 3, 24, 58, 0
8825, 10, 3, 24, 59, 0
8825, 10, 3, 24, 60, 0
8825, 10, 3, 24, 61, 0
8825, 10, 0, 24, 62, 0
8825, 10, 0, 25, 0, 0
8825, 10, 3, 25, 19, 0
8825, 10, 3, 25, 20, 0
8825, 10, 3, 25, 21, 0
8825, 10, 3, 25, 22, 0
8825, 10, 3, 25, 23, 0
8825, 10, 3, 25, 24, 0
8825, 10, 3, 25, 42, 0
8825, 10, 3, 25, 43, 0
8825, 10, 3, 25, 56, 0
8825, 10, 3, 25, 57, 0
8825, 10, 3, 25, 58, 0
8825, 10, 3, 25, 59, 0
8825, 10, 3, 25, 60, 0
8825, 10, 0, 25, 61, 0
8825, 10, 0, 26, 0, 0
8825, 10, 3, 26, 20, 0
8825, 10, 3, 26, 21, 0
8825, 10, 3, 26, 22, 0
8825, 10, 3, 26, 23, 0
8825, 10, 3, 26, 24, 0
8825, 10, 3, 26, 25, 0
8825, 10, 3, 26, 42, 0
8825, 10, 3, 26, 43, 0
8825, 10, 3, 26, 56, 0
8825, 10, 3, 26, 57, 0
8825, 10, 3, 26, 58, 0
8825, 10, 3, 26, 59, 0
8825, 10, 3, 26, 60, 0
8825, 10, 1, 26, 61, 0
8825, 10, 0, 27, 0, 0
8825, 10, 3, 27, 1, 0
8825, 10, 3, 27, 20, 0
8825, 10, 3, 27, 21, 0
8825, 10, 3, 27, 22, 0
8825, 10, 3, 27, 23, 0
8825, 10, 3, 27, 24, 0
8825, 10, 3, 27, 25, 0
8825, 10, 3, 27, 43, 0
8825, 10, 3, 27, 55, 0
8825, 10, 3, 27, 56, 0
8825, 10, 3, 27, 57, 0
8825, 10, 3, 27, 58, 0
8825, 10, 3, 27, 59, 0
8825, 10, 3, 27, 60, 0
8825, 10, 1, 27, 61, 0
8825, 10, 3, 28, 0, 0
8825, 10, 3, 28, 1, 0
8825, 10, 3, 28, 2, 0
8825, 10, 3, 28, 3, 0
8825, 10, 3, 28, 4, 0
8825, 10, 3, 28, 5, 0
8825, 10, 3, 28, 24, 0
8825, 10, 3, 28, 44, 0
8825, 10, 3, 28, 53, 0
8825, 10, 3, 28, 54, 0
8825, 10, 3, 28, 55, 0
8825, 10, 3, 28, 56, 0
8825, 10, 3, 28, 57, 0
8825, 10, 3, 28, 58, 0
8825, 10, 3, 28, 59, 0
8825, 10, 3, 28, 60, 0
8825, 10, 3, 29, 0, 0
8825, 10, 3, 29, 1, 0
8825, 10, 3, 29, 2, 0
8825, 10, 3, 29, 3, 0
8825, 10, 3, 29, 4, 0
8825, 10, 3, 29, 5, 0
8825, 10, 3, 29, 6, 0
8825, 10, 3, 29, 7, 0
8825, 10, 3, 29, 8, 0
8825, 10, 3, 29, 9, 0
8825, 10, 3, 29, 10, 0
8825, 10, 3, 29, 44, 0
8825, 10, 3, 29, 53, 0
8825, 10, 3, 29, 54, 0
8825, 10, 3, 29, 55, 0
8825, 10, 3, 29, 56, 0
8825, 10, 3, 29, 57, 0
8825, 10, 3, 29, 58, 0
8825, 10, 3, 29, 59, 0
8825, 10, 0, 29, 60, 0
8825, 10, 3, 30, 0, 0
8825, 10, 3, 30, 1, 0
8825, 10, 3, 30, 2, 0
8825, 10, 3, 30, 3, 0
8825, 10, 3, 30, 4, 0
8825, 10, 3, 30, 5, 0
8825, 10, 3, 30, 6, 0
8825, 10, 3, 30, 7, 0
8825, 10, 3, 30, 44, 0
8825, 10, 3, 30, 53, 0
8825, 10, 3, 30, 54, 0
8825, 10, 3, 30, 55, 0
8825, 10, 3, 30, 56, 0
8825, 10, 3, 30, 57, 0
8825, 10, 3, 30, 58, 0
8825, 10, 3, 30, 59, 0
8825, 10, 3, 31, 0, 0
8825, 10, 3, 31, 1, 0
8825, 10, 3, 31, 2, 0
8825, 10, 3, 31, 3, 0
8825, 10, 3, 31, 4, 0
8825, 10, 3, 31, 5, 0
8825, 10, 3, 31, 6, 0
8825, 10, 0, 31, 43, 0
8825, 10, 3, 31, 44, 0
8825, 10, 3, 31, 53, 0
8825, 10, 3, 31, 54, 0
8825, 10, 3, 31, 55, 0
8825, 10, 3, 31, 56, 0
8825, 10, 3, 31, 57, 0
8825, 10, 3, 31, 58, 0
8825, 10, 0, 31, 59, 0
8825, 10, 3, 32, 0, 0
8825, 10, 3, 32, 1, 0
8825, 10, 3, 32, 2, 0
8825, 10, 3, 32, 3, 0
8825, 10, 3, 32, 4, 0
8825, 10, 3, 32, 5, 0
8825, 10, 3, 32, 6, 0
8825, 10, 0, 32, 42, 0
8825, 10, 0, 32, 43, 0
8825, 10, 3, 32, 44, 0
8825, 10, 3, 32, 45, 0
8825, 10, 3, 32, 52, 0
8825, 10, 3, 32, 53, 0
8825, 10, 3, 32, 54, 0
8825, 10, 3, 32, 55, 0
8825, 10, 3, 32, 56, 0
8825, 10, 0, 32, 57, 0
8825, 10, 0, 32, 58, 0
8825, 10, 3, 33, 0, 0
8825, 10, 3, 33, 1, 0
8825, 10, 3, 33, 2, 0
8825, 10, 3, 33, 3, 0
8825, 10, 3, 33, 4, 0
8825, 10, 3, 33, 5, 0
8825, 10, 3, 33, 6, 0
8825, 10, 3, 33, 7, 0
8825, 10, 0, 33, 42, 0
8825, 10, 0, 33, 43, 0
8825, 10, 3, 33, 44, 0
8825, 10, 3, 33, 45, 0
8825, 10, 3, 33, 46, 0
8825, 10, 3, 33, 51, 0
8825, 10, 3, 33, 52, 0
8825, 10, 3, 33, 53, 0
8825, 10, 3, 33, 54, 0
8825, 10, 3, 33, 55, 0
8825, 10, 3, 33, 56, 0
8825, 10, 0, 33, 57, 0
8825, 10, 1, 33, 58, 0
8825, 10, 3, 34, 0, 0
8825, 10, 3, 34, 1, 0
8825, 10, 3, 34, 2, 0
8825, 10, 3, 34, 3, 0
8825, 10, 3, 34, 4, 0
8825, 10, 3, 34, 5, 0
8825, 10, 0, 34, 42, 0
8825, 10, 0, 34, 43, 0
8825, 10, 3, 34, 44, 0
8825, 10, 3, 34, 45, 0
8825, 10, 3, 34, 46, 0
8825, 10, 3, 34, 47, 0
8825, 10, 3, 34, 48, 0
8825, 10, 3, 34, 49, 0
8825, 10, 3, 34, 50, 0
8825, 10, 3, 34, 51, 0
8825, 10, 3, 34, 52, 0
8825, 10, 3, 34, 53, 0
8825, 10, 3, 34, 54, 0
8825, 10, 3, 34, 55, 0
8825, 10, 3, 34, 56, 0
8825, 10, 1, 34, 57, 0
8825, 10, 3, 35, 0, 0
8825, 10, 3, 35, 1, 0
8825, 10, 3, 35, 2, 0
8825, 10, 0, 35, 40, 0
8825, 10, 0, 35, 41, 0
8825, 10, 0, 35, 42, 0
8825, 10, 0, 35, 43, 0
8825, 10, 0, 35, 44, 0
8825, 10, 0, 35, 45, 0
8825, 10, 0, 35, 46, 0
8825, 10, 3, 35, 47, 0
8825, 10, 3, 35, 48, 0
8825, 10, 3, 35, 49, 0
8825, 10, 3, 35, 50, 0
8825, 10, 3, 35, 51, 0
8825, 10, 3, 35, 52, 0
8825, 10, 3, 35, 53, 0
8825, 10, 3, 35, 54, 0
8825, 10, 3, 35, 55, 0
8825, 10, 0, 35, 56, 0
8825, 10, 3, 36, 0, 0
8825, 10, 3, 36, 1, 0
8825, 10, 0, 36, 40, 0
8825, 10, 0, 36, 41, 0
8825, 10, 0, 36, 42, 0
8825, 10, 0, 36, 43, 0
8825, 10, 3, 36, 44, 0
8825, 10, 3, 36, 45, 0
8825, 10, 0, 36, 46, 0
8825, 10, 3, 36, 47, 0
8825, 10, 3, 36, 48, 0
8825, 10, 3, 36, 49, 0
8825, 10, 3, 36, 50, 0
8825, 10, 3, 36, 51, 0
8825, 10, 3, 36, 52, 0
8825, 10, 3, 36, 53, 0
8825, 10, 3, 36, 54, 0
8825, 10, 3, 36, 55, 0
8825, 10, 1, 36, 56, 0
8825, 10, 0, 37, 0, 0
8825, 10, 0, 37, 38, 0
8825, 10, 0, 37, 39, 0
8825, 10, 0, 37, 40, 0
8825, 10, 0, 37, 41, 0
8825, 10, 0, 37, 42, 0
8825, 10, 3, 37, 43, 0
8825, 10, 0, 37, 44, 0
8825, 10, 3, 37, 45, 0
8825, 10, 3, 37, 46, 0
8825, 10, 3, 37, 47, 0
8825, 10, 3, 37, 48, 0
8825, 10, 3, 37, 49, 0
8825, 10, 3, 37, 50, 0
8825, 10, 3, 37, 51, 0
8825, 10, 3, 37, 52, 0
8825, 10, 3, 37, 53, 0
8825, 10, 3, 37, 54, 0
8825, 10, 0, 37, 55, 0
8825, 10, 1, 37, 56, 0
8825, 10, 0, 38, 0, 0
8825, 10, 0, 38, 38, 0
8825, 10, 0, 38, 39, 0
8825, 10, 0, 38, 40, 0
8825, 10, 3, 38, 41, 0
8825, 10, 0, 38, 42, 0
8825, 10, 3, 38, 43, 0
8825, 10, 3, 38, 44, 0
8825, 10, 3, 38, 45, 0
8825, 10, 3, 38, 46, 0
8825, 10, 3, 38, 47, 0
8825, 10, 3, 38, 48, 0
8825, 10, 3, 38, 49, 0
8825, 10, 3, 38, 50, 0
8825, 10, 3, 38, 51, 0
8825, 10, 3, 38, 52, 0
8825, 10, 3, 38, 53, 0
8825, 10, 0, 38, 54, 0
8825, 10, 0, 38, 55, 0
8825, 10, 1, 38, 56, 0
8825, 10, 0, 39, 0, 0
8825, 10, 3, 39, 38, 0
8825, 10, 0, 39, 39, 0
8825, 10, 3, 39, 40, 0
8825, 10, 3, 39, 41, 0
8825, 10, 3, 39, 42, 0
8825, 10, 3, 39, 43, 0
8825, 10, 3, 39, 44, 0
8825, 10, 3, 39, 45, 0
8825, 10, 3, 39, 46, 0
8825, 10, 3, 39, 47, 0
8825, 10, 3, 39, 48, 0
8825, 10, 3, 39, 49, 0
8825, 10, 3, 39, 50, 0
8825, 10, 3, 39, 51, 0
8825, 10, 3, 39, 52, 0
8825, 10, 3, 39, 53, 0
8825, 10, 0, 39, 54, 0
8825, 10, 1, 39, 55, 0
8825, 10, 0, 40, 0, 0
8825, 10, 3, 40, 38, 0
8825, 10, 3, 40, 39, 0
8825, 10, 3, 40, 40, 0
8825, 10, 3, 40, 41, 0
8825, 10, 3, 40, 42, 0
8825, 10, 3, 40, 43, 0
8825, 10, 3, 40, 44, 0
8825, 10, 3, 40, 45, 0
8825, 10, 3, 40, 46, 0
8825, 10, 3, 40, 47, 0
8825, 10, 3, 40, 48, 0
8825, 10, 3, 40, 49, 0
8825, 10, 3, 40, 50, 0
8825, 10, 3, 40, 51, 0
8825, 10, 3, 40, 52, 0
8825, 10, 0, 40, 53, 0
8825, 10, 0, 40, 54, 0
8825, 10, 1, 40, 55, 0
8825, 10, 0, 41, 0, 0
8825, 10, 0, 41, 37, 0
8825, 10, 0, 41, 38, 0
8825, 10, 3, 41, 39, 0
8825, 10, 3, 41, 40, 0
8825, 10, 3, 41, 41, 0
8825, 10, 3, 41, 42, 0
8825, 10, 3, 41, 43, 0
8825, 10, 3, 41, 44, 0
8825, 10, 3, 41, 45, 0
8825, 10, 3, 41, 46, 0
8825, 10, 3, 41, 47, 0
8825, 10, 3, 41, 48, 0
8825, 10, 3, 41, 49, 0
8825, 10, 3, 41, 50, 0
8825, 10, 3, 41, 51, 0
8825, 10, 3, 41, 52, 0
8825, 10, 0, 41, 53, 0
8825, 10, 1, 41, 54, 0
8825, 10, 0, 42, 0, 0
8825, 10, 0, 42, 37, 0
8825, 10, 3, 42, 38, 0
8825, 10, 3, 42, 39, 0
8825, 10, 3, 42, 40, 0
8825, 10, 3, 42, 41, 0
8825, 10, 3, 42, 42, 0
8825, 10, 3, 42, 43, 0
8825, 10, 3, 42, 44, 0
8825, 10, 3, 42, 45, 0
8825, 10, 3, 42, 46, 0
8825, 10, 3, 42, 47, 0
8825, 10, 3, 42, 48, 0
8825, 10, 3, 42, 49, 0
8825, 10, 3, 42, 50, 0
8825, 10, 3, 42, 51, 0
8825, 10, 3, 42, 52, 0
8825, 10, 0, 42, 53, 0
8825, 10, 0, 43, 0, 0
8825, 10, 0, 43, 15, 0
8825, 10, 0, 43, 16, 0
8825, 10, 0, 43, 17, 0
8825, 10, 0, 43, 18, 0
8825, 10, 0, 43, 36, 0
8825, 10, 0, 43, 37, 0
8825, 10, 3, 43, 38, 0
8825, 10, 3, 43, 39, 0
8825, 10, 3, 43, 40, 0
8825, 10, 3, 43, 41, 0
8825, 10, 3, 43, 42, 0
8825, 10, 3, 43, 43, 0
8825, 10, 3, 43, 44, 0
8825, 10, 3, 43, 45, 0
8825, 10, 3, 43, 46, 0
8825, 10, 3, 43, 47, 0
8825, 10, 3, 43, 48, 0
8825, 10, 3, 43, 49, 0
8825, 10, 3, 43, 50, 0
8825, 10, 3, 43, 51, 0
8825, 10, 0, 43, 52, 0
8825, 10, 1, 43, 53, 0
8825, 10, 0, 44, 0, 0
8825, 10, 0, 44, 1, 0
8825, 10, 0, 44, 9, 0
8825, 10, 0, 44, 13, 0
8825, 10, 0, 44, 14, 0
8825, 10, 0, 44, 15, 0
8825, 10, 0, 44, 16, 0
8825, 10, 0, 44, 17, 0
8825, 10, 0, 44, 18, 0
8825, 10, 0, 44, 36, 0
8825, 10, 0, 44, 37, 0
8825, 10, 3, 44, 38, 0
8825, 10, 3, 44, 39, 0
8825, 10, 3, 44, 40, 0
8825, 10, 3, 44, 41, 0
8825, 10, 3, 44, 42, 0
8825, 10, 3, 44, 43, 0
8825, 10, 3, 44, 44, 0
8825, 10, 3, 44, 45, 0
8825, 10, 3, 44, 46, 0
8825, 10, 3, 44, 47, 0
8825, 10, 3, 44, 48, 0
8825, 10, 3, 44, 49, 0
8825, 10, 3, 44, 50, 0
8825, 10, 3, 44, 51, 0
8825, 10, 0, 44, 52, 0
8825, 10, 0, 45, 0, 0
8825, 10, 0, 45, 1, 0
8825, 10, 0, 45, 8, 0
8825, 10, 0, 45, 9, 0
8825, 10, 0, 45, 10, 0
8825, 10, 0, 45, 11, 0
8825, 10, 0, 45, 12, 0
8825, 10, 0, 45, 13, 0
8825, 10, 0, 45, 14, 0
8825, 10, 0, 45, 15, 0
8825, 10, 0, 45, 16, 0
8825, 10, 0, 45, 17, 0
8825, 10, 0, 45, 18, 0
8825, 10, 0, 45, 19, 0
8825, 10, 0, 45, 35, 0
8825, 10, 0, 45, 36, 0
8825, 10, 3, 45, 37, 0
8825, 10, 3, 45, 38, 0
8825, 10, 3, 45, 39, 0
8825, 10, 3, 45, 40, 0
8825, 10, 3, 45, 41, 0
8825, 10, 3, 45, 42, 0
8825, 10, 3, 45, 43, 0
8825, 10, 3, 45, 44, 0
8825, 10, 3, 45, 45, 0
8825, 10, 3, 45, 46, 0
8825, 10, 3, 45, 47, 0
8825, 10, 3, 45, 48, 0
8825, 10, 3, 45, 49, 0
8825, 10, 3, 45, 50, 0
8825, 10, 3, 45, 51, 0
8825, 10, 0, 46, 0, 0
8825, 10, 0, 46, 1, 0
8825, 10, 0, 46, 8, 0
8825, 10, 0, 46, 9, 0
8825, 10, 0, 46, 10, 0
8825, 10, 0, 46, 11, 0
8825, 10, 0, 46, 12, 0
8825, 10, 0, 46, 13, 0
8825, 10, 0, 46, 14, 0
8825, 10, 0, 46, 15, 0
8825, 10, 0, 46, 16, 0
8825, 10, 0, 46, 17, 0
8825, 10, 0, 46, 18, 0
8825, 10, 0, 46, 19, 0
8825, 10, 0, 46, 34, 0
8825, 10, 0, 46, 35, 0
8825, 10, 0, 46, 36, 0
8825, 10, 0, 46, 37, 0
8825, 10, 3, 46, 38, 0
8825, 10, 3, 46, 39, 0
8825, 10, 3, 46, 40, 0
8825, 10, 3, 46, 41, 0
8825, 10, 3, 46, 42, 0
8825, 10, 3, 46, 43, 0
8825, 10, 3, 46, 44, 0
8825, 10, 3, 46, 45, 0
8825, 10, 3, 46, 46, 0
8825, 10, 3, 46, 47, 0
8825, 10, 3, 46, 48, 0
8825, 10, 3, 46, 49, 0
8825, 10, 3, 46, 50, 0
8825, 10, 0, 46, 51, 0
8825, 10, 0, 47, 0, 0
8825, 10, 0, 47, 1, 0
8825, 10, 0, 47, 2, 0
8825, 10, 0, 47, 7, 0
8825, 10, 0, 47, 8, 0
8825, 10, 0, 47, 9, 0
8825, 10, 0, 47, 10, 0
8825, 10, 0, 47, 11, 0
8825, 10, 0, 47, 12, 0
8825, 10, 0, 47, 13, 0
8825, 10, 0, 47, 14, 0
8825, 10, 0, 47, 15, 0
8825, 10, 0, 47, 16, 0
8825, 10, 0, 47, 17, 0
8825, 10, 0, 47, 18, 0
8825, 10, 0, 47, 19, 0
8825, 10, 0, 47, 20, 0
8825, 10, 0, 47, 21, 0
8825, 10, 0, 47, 22, 0
8825, 10, 0, 47, 34, 0
8825, 10, 0, 47, 35, 0
8825, 10, 0, 47, 36, 0
8825, 10, 0, 47, 37, 0
8825, 10, 3, 47, 38, 0
8825, 10, 3, 47, 39, 0
8825, 10, 3, 47, 40, 0
8825, 10, 3, 47, 41, 0
8825, 10, 3, 47, 42, 0
8825, 10, 3, 47, 43, 0
8825, 10, 3, 47, 44, 0
8825, 10, 3, 47, 45, 0
8825, 10, 3, 47, 46, 0
8825, 10, 3, 47, 47, 0
8825, 10, 3, 47, 48, 0
8825, 10, 0, 47, 49, 0
8825, 10, 0, 48, 0, 0
8825, 10, 0, 48, 1, 0
8825, 10, 0, 48, 2, 0
8825, 10, 0, 48, 3, 0
8825, 10, 0, 48, 4, 0
8825, 10, 0, 48, 5, 0
8825, 10, 0, 48, 6, 0
8825, 10, 0, 48, 7, 0
8825, 10, 0, 48, 8, 0
8825, 10, 0, 48, 9, 0
8825, 10, 0, 48, 10, 0
8825, 10, 0, 48, 11, 0
8825, 10, 0, 48, 12, 0
8825, 10, 0, 48, 13, 0
8825, 10, 0, 48, 14, 0
8825, 10, 0, 48, 15, 0
8825, 10, 0, 48, 16, 0
8825, 10, 0, 48, 17, 0
8825, 10, 0, 48, 18, 0
8825, 10, 0, 48, 19, 0
8825, 10, 0, 48, 20, 0
8825, 10, 0, 48, 21, 0
8825, 10, 0, 48, 22, 0
8825, 10, 3, 48, 34, 0
8825, 10, 3, 48, 35, 0
8825, 10, 3, 48, 36, 0
8825, 10, 3, 48, 37, 0
8825, 10, 3, 48, 38, 0
8825, 10, 3, 48, 39, 0
8825, 10, 3, 48, 40, 0
8825, 10, 3, 48, 41, 0
8825, 10, 3, 48, 42, 0
8825, 10, 3, 48, 43, 0
8825, 10, 3, 48, 44, 0
8825, 10, 0, 48, 45, 0
8825, 10, 0, 48, 46, 0
8825, 10, 0, 48, 47, 0
8825, 10, 0, 49, 0, 0
8825, 10, 0, 49, 1, 0
8825, 10, 0, 49, 2, 0
8825, 10, 0, 49, 3, 0
8825, 10, 0, 49, 4, 0
8825, 10, 0, 49, 5, 0
8825, 10, 0, 49, 6, 0
8825, 10, 0, 49, 7, 0
8825, 10, 0, 49, 8, 0
8825, 10, 0, 49, 9, 0
8825, 10, 0, 49, 10, 0
8825, 10, 0, 49, 11, 0
8825, 10, 0, 49, 12, 0
8825, 10, 0, 49, 13, 0
8825, 10, 0, 49, 14, 0
8825, 10, 0, 49, 15, 0
8825, 10, 0, 49, 16, 0
8825, 10, 0, 49, 17, 0
8825, 10, 0, 49, 18, 0
8825, 10, 0, 50, 0, 0
8825, 10, 0, 50, 1, 0
8825, 10, 0, 50, 2, 0
8825, 10, 0, 50, 3, 0
8825, 10, 0, 50, 4, 0
8825, 10, 0, 50, 5, 0
8825, 10, 0, 50, 6, 0
8825, 10, 0, 50, 7, 0
8825, 10, 0, 50, 8, 0
8825, 10, 0, 50, 9, 0
8825, 10, 0, 50, 10, 0
8825, 10, 0, 50, 11, 0
8825, 10, 0, 50, 12, 0
8825, 10, 0, 50, 13, 0
8825, 10, 0, 50, 14, 0
8825, 10, 0, 50, 15, 0
8825, 10, 0, 50, 16, 0
8825, 10, 0, 50, 17, 0
8825, 10, 0, 50, 18, 0
8825, 10, 0, 51, 0, 0
8825, 10, 0, 51, 1, 0
8825, 10, 0, 51, 2, 0
8825, 10, 0, 51, 3, 0
8825, 10, 0, 51, 4, 0
8825, 10, 0, 51, 5, 0
8825, 10, 0, 51, 6, 0
8825, 10, 0, 51, 7, 0
8825, 10, 0, 51, 8, 0
8825, 10, 0, 51, 9, 0
8825, 10, 0, 51, 10, 0
8825, 10, 0, 51, 11, 0
8825, 10, 0, 51, 12, 0
8825, 10, 0, 51, 13, 0
8825, 10, 0, 51, 14, 0
8825, 10, 0, 51, 15, 0
8825, 10, 0, 51, 16, 0
8825, 10, 0, 51, 17, 0
8825, 10, 0, 51, 18, 0
8825, 10, 0, 52, 0, 0
8825, 10, 0, 52, 1, 0
8825, 10, 0, 52, 2, 0
8825, 10, 0, 52, 3, 0
8825, 10, 0, 52, 4, 0
8825, 10, 0, 52, 5, 0
8825, 10, 0, 52, 6, 0
8825, 10, 0, 52, 7, 0
8825, 10, 0, 52, 8, 0
8825, 10, 0, 52, 9, 0
8825, 10, 0, 52, 10, 0
8825, 10, 0, 52, 11, 0
8825, 10, 0, 52, 12, 0
8825, 10, 0, 52, 13, 0
8825, 10, 0, 52, 14, 0
8825, 10, 0, 52, 15, 0
8825, 10, 0, 52, 16, 0
8825, 10, 0, 52, 17, 0
8825, 10, 0, 52, 18, 0
8825, 10, 0, 53, 0, 0
8825, 10, 0, 53, 1, 0
8825, 10, 0, 53, 2, 0
8825, 10, 0, 53, 3, 0
8825, 10, 0, 53, 4, 0
8825, 10, 0, 53, 5, 0
8825, 10, 0, 53, 6, 0
8825, 10, 0, 53, 7, 0
8825, 10, 0, 53, 8, 0
8825, 10, 0, 53, 9, 0
8825, 10, 0, 53, 10, 0
8825, 10, 0, 53, 11, 0
8825, 10, 0, 53, 12, 0
8825, 10, 0, 53, 13, 0
8825, 10, 0, 53, 14, 0
8825, 10, 0, 53, 15, 0
8825, 10, 0, 53, 16, 0
8825, 10, 0, 53, 17, 0
8825, 10, 1, 53, 18, 0
8825, 10, 0, 54, 0, 0
8825, 10, 0, 54, 1, 0
8825, 10, 0, 54, 2, 0
8825, 10, 0, 54, 3, 0
8825, 10, 0, 54, 4, 0
8825, 10, 0, 54, 5, 0
8825, 10, 0, 54, 6, 0
8825, 10, 0, 54, 7, 0
8825, 10, 0, 54, 8, 0
8825, 10, 0, 54, 9, 0
8825, 10, 0, 54, 10, 0
8825, 10, 0, 54, 11, 0
8825, 10, 0, 54, 12, 0
8825, 10, 0, 54, 13, 0
8825, 10, 0, 54, 14, 0
8825, 10, 0, 54, 15, 0
8825, 10, 0, 54, 16, 0
8825, 10, 1, 54, 17, 0
8825, 10, 0, 55, 2, 0
8825, 10, 0, 55, 3, 0
8825, 10, 0, 55, 7, 0
8825, 10, 0, 55, 8, 0
8825, 10, 0, 55, 9, 0
8825, 10, 0, 55, 10, 0
8825, 10, 0, 55, 11, 0
8825, 10, 1, 55, 12, 0
8828, 10, 1, 19, 46, 0
8828, 10, 2, 23, 46, 0
8828, 10, 0, 26, 49, 0
8828, 10, 3, 28, 48, 0
8828, 10, 3, 30, 51, 0
8828, 10, 3, 38, 41, 1
8828, 10, 0, 44, 17, 1
8828, 10, 2, 45, 9, 1
8828, 10, 0, 45, 38, 1
8828, 10, 2, 52, 16, 1
8829, 10, 1, 18, 44, 0
8829, 10, 3, 19, 4, 0
8829, 10, 2, 24, 45, 0
8829, 10, 0, 25, 50, 0
8829, 10, 3, 27, 50, 0
8829, 10, 3, 28, 49, 0
8829, 10, 3, 31, 9, 0
8829, 10, 2, 32, 36, 0
8829, 10, 3, 40, 15, 0
8829, 10, 2, 48, 7, 1
8829, 10, 2, 50, 18, 1
8830, 10, 1, 13, 34, 0
8830, 10, 2, 21, 48, 0
8830, 10, 3, 21, 51, 0
8830, 10, 1, 24, 47, 0
8830, 10, 3, 26, 45, 0
8830, 10, 3, 26, 50, 0
8830, 10, 0, 26, 51, 0
8830, 10, 1, 27, 49, 0
8830, 10, 0, 31, 50, 0
8830, 10, 3, 44, 5, 0
8831, 10, 0, 8, 36, 0
8831, 10, 3, 22, 6, 0
8831, 10, 3, 28, 32, 0
8831, 10, 2, 30, 22, 0
8831, 10, 2, 32, 34, 0
8831, 10, 2, 52, 30, 0
8836, 22, 0, 32, 14, 0
8836, 22, 0, 33, 28, 0
8836, 22, 0, 41, 28, 0
8836, 22, 2, 45, 28, 0
8837, 22, 0, 32, 13, 0
8837, 22, 0, 33, 27, 0
8837, 22, 0, 41, 27, 0
8837, 22, 2, 45, 29, 0
8838, 22, 0, 33, 14, 0
8838, 22, 0, 34, 28, 0
8838, 22, 0, 42, 28, 0
8838, 22, 2, 44, 28, 0
8839, 22, 0, 33, 13, 0
8839, 22, 0, 34, 27, 0
8839, 22, 0, 42, 27, 0
8839, 22, 2, 44, 29, 0
8841, 5, 1, 51, 25, 0
8841, 5, 2, 54, 21, 0
9746, 0, 3, 0, 21, 0
9746, 0, 2, 2, 49, 0
9746, 0, 2, 2, 55, 0
9746, 0, 1, 4, 15, 0
9746, 0, 2, 4, 36, 0
9746, 0, 2, 4, 40, 0
9746, 0, 3, 5, 20, 0
9746, 0, 2, 6, 22, 0
9746, 0, 2, 7, 25, 0
9746, 0, 1, 7, 32, 0
9746, 0, 2, 10, 28, 0
9746, 0, 1, 11, 33, 0
9746, 0, 1, 12, 12, 0
9746, 0, 3, 13, 30, 0
9746, 0, 0, 13, 46, 0
9746, 0, 2, 14, 31, 0
9746, 0, 0, 15, 18, 0
9746, 0, 2, 15, 44, 0
9746, 0, 0, 17, 21, 0
9746, 0, 2, 17, 48, 0
9746, 0, 0, 17, 54, 0
9746, 0, 0, 18, 24, 0
9746, 0, 2, 19, 11, 0
9746, 0, 1, 20, 28, 0
9746, 0, 2, 20, 51, 0
9746, 0, 1, 21, 2, 0
9746, 0, 3, 22, 16, 0
9746, 0, 3, 22, 40, 0
9746, 0, 1, 23, 43, 0
9746, 0, 1, 25, 1, 0
9746, 0, 3, 26, 41, 0
9746, 0, 0, 27, 11, 0
9746, 0, 3, 27, 19, 0
9746, 0, 3, 27, 52, 0
9746, 0, 2, 28, 22, 0
9746, 0, 1, 28, 45, 0
9746, 0, 1, 29, 25, 0
9746, 0, 3, 32, 41, 0
9746, 0, 0, 33, 49, 0
9746, 0, 2, 34, 8, 0
9746, 0, 3, 38, 37, 0
9746, 0, 1, 41, 17, 0
9746, 0, 1, 42, 1, 0
9746, 0, 0, 43, 13, 0
9746, 0, 3, 45, 7, 0
9746, 0, 3, 46, 33, 0
9747, 0, 1, 22, 23, 1
9747, 0, 3, 40, 41, 1
9747, 0, 0, 46, 15, 1
