1460, 10, 0, 47, 0, 2
1460, 10, 0, 47, 1, 2
1460, 10, 0, 47, 2, 2
1460, 10, 0, 47, 3, 2
1460, 10, 0, 47, 4, 2
1460, 10, 0, 47, 5, 2
1460, 10, 0, 47, 6, 2
1460, 10, 0, 47, 7, 2
1460, 10, 0, 47, 8, 2
1460, 10, 0, 47, 9, 2
1460, 10, 0, 47, 10, 2
1460, 10, 0, 47, 11, 2
1460, 10, 0, 47, 12, 2
1460, 10, 0, 47, 13, 2
1460, 10, 0, 47, 14, 2
1460, 10, 0, 47, 15, 2
1460, 10, 0, 47, 16, 2
1460, 10, 0, 47, 17, 2
1460, 10, 0, 47, 18, 2
1460, 10, 0, 47, 19, 2
1460, 10, 0, 47, 20, 2
1460, 10, 0, 47, 21, 2
1460, 10, 0, 47, 22, 2
1460, 10, 0, 47, 23, 2
1460, 10, 0, 47, 24, 2
1460, 10, 0, 47, 25, 2
1460, 10, 0, 47, 26, 2
1460, 10, 0, 47, 27, 2
1460, 10, 0, 47, 28, 2
1460, 10, 0, 47, 29, 2
1460, 10, 0, 47, 30, 2
1460, 10, 0, 47, 31, 2
1460, 10, 0, 47, 32, 2
1460, 10, 0, 47, 33, 2
1460, 10, 0, 47, 34, 2
1460, 10, 0, 47, 35, 2
1460, 10, 0, 47, 36, 2
1460, 10, 0, 47, 37, 2
1460, 10, 0, 47, 38, 2
1460, 10, 0, 47, 39, 2
1460, 10, 0, 47, 40, 2
1460, 10, 0, 47, 41, 2
1460, 10, 0, 47, 42, 2
1460, 10, 0, 47, 43, 2
1460, 10, 0, 47, 44, 2
1460, 10, 0, 47, 45, 2
1460, 10, 0, 47, 46, 2
1460, 10, 0, 47, 47, 2
1460, 10, 0, 47, 48, 2
1460, 10, 0, 47, 49, 2
1460, 10, 0, 47, 50, 2
1460, 10, 0, 47, 51, 2
1460, 10, 0, 47, 52, 2
1460, 10, 0, 47, 53, 2
1460, 10, 0, 47, 54, 2
1460, 10, 0, 47, 55, 2
1460, 10, 0, 47, 56, 2
1460, 10, 0, 47, 57, 2
1460, 10, 0, 47, 58, 2
1460, 10, 0, 47, 59, 2
1460, 10, 0, 47, 60, 2
1460, 10, 0, 47, 61, 2
1460, 10, 0, 47, 62, 2
1460, 10, 0, 47, 63, 2
1460, 10, 0, 48, 0, 2
1460, 10, 0, 48, 1, 2
1460, 10, 0, 48, 2, 2
1460, 10, 0, 48, 3, 2
1460, 10, 0, 48, 4, 2
1460, 10, 0, 48, 5, 2
1460, 10, 0, 48, 6, 2
1460, 10, 0, 48, 7, 2
1460, 10, 0, 48, 8, 2
1460, 10, 0, 48, 9, 2
1460, 10, 0, 48, 10, 2
1460, 10, 0, 48, 11, 2
1460, 10, 0, 48, 12, 2
1460, 10, 0, 48, 13, 2
1460, 10, 0, 48, 14, 2
1460, 10, 0, 48, 15, 2
1460, 10, 0, 48, 16, 2
1460, 10, 0, 48, 17, 2
1460, 10, 0, 48, 18, 2
1460, 10, 0, 48, 19, 2
1460, 10, 0, 48, 20, 2
1460, 10, 0, 48, 21, 2
1460, 10, 0, 48, 22, 2
1460, 10, 0, 48, 23, 2
1460, 10, 0, 48, 24, 2
1460, 10, 0, 48, 25, 2
1460, 10, 0, 48, 26, 2
1460, 10, 0, 48, 27, 2
1460, 10, 0, 48, 28, 2
1460, 10, 0, 48, 29, 2
1460, 10, 0, 48, 30, 2
1460, 10, 0, 48, 31, 2
1460, 10, 0, 48, 32, 2
1460, 10, 0, 48, 33, 2
1460, 10, 0, 48, 34, 2
1460, 10, 0, 48, 35, 2
1460, 10, 0, 48, 36, 2
1460, 10, 0, 48, 37, 2
1460, 10, 0, 48, 38, 2
1460, 10, 0, 48, 39, 2
1460, 10, 0, 48, 40, 2
1460, 10, 0, 48, 41, 2
1460, 10, 0, 48, 42, 2
1460, 10, 0, 48, 43, 2
1460, 10, 0, 48, 44, 2
1460, 10, 0, 48, 45, 2
1460, 10, 0, 48, 46, 2
1460, 10, 0, 48, 47, 2
1460, 10, 0, 48, 48, 2
1460, 10, 0, 48, 49, 2
1460, 10, 0, 48, 50, 2
1460, 10, 0, 48, 51, 2
1460, 10, 0, 48, 52, 2
1460, 10, 0, 48, 53, 2
1460, 10, 0, 48, 54, 2
1460, 10, 0, 48, 55, 2
1460, 10, 0, 48, 56, 2
1460, 10, 0, 48, 57, 2
1460, 10, 0, 48, 58, 2
1460, 10, 0, 48, 59, 2
1460, 10, 0, 48, 60, 2
1460, 10, 0, 48, 61, 2
1460, 10, 0, 48, 62, 2
1460, 10, 0, 48, 63, 2
1460, 10, 0, 49, 0, 2
1460, 10, 0, 49, 1, 2
1460, 10, 0, 49, 2, 2
1460, 10, 0, 49, 3, 2
1460, 10, 0, 49, 4, 2
1460, 10, 0, 49, 5, 2
1460, 10, 0, 49, 6, 2
1460, 10, 0, 49, 7, 2
1460, 10, 0, 49, 8, 2
1460, 10, 0, 49, 9, 2
1460, 10, 0, 49, 10, 2
1460, 10, 0, 49, 11, 2
1460, 10, 0, 49, 12, 2
1460, 10, 0, 49, 13, 2
1460, 10, 0, 49, 14, 2
1460, 10, 0, 49, 15, 2
1460, 10, 0, 49, 16, 2
1460, 10, 0, 49, 17, 2
1460, 10, 0, 49, 18, 2
1460, 10, 0, 49, 19, 2
1460, 10, 0, 49, 20, 2
1460, 10, 0, 49, 21, 2
1460, 10, 0, 49, 22, 2
1460, 10, 0, 49, 23, 2
1460, 10, 0, 49, 24, 2
1460, 10, 0, 49, 25, 2
1460, 10, 0, 49, 26, 2
1460, 10, 0, 49, 27, 2
1460, 10, 0, 49, 28, 2
1460, 10, 0, 49, 29, 2
1460, 10, 0, 49, 30, 2
1460, 10, 0, 49, 31, 2
1460, 10, 0, 49, 32, 2
1460, 10, 0, 49, 33, 2
1460, 10, 0, 49, 34, 2
1460, 10, 0, 49, 35, 2
1460, 10, 0, 49, 36, 2
1460, 10, 0, 49, 37, 2
1460, 10, 0, 49, 38, 2
1460, 10, 0, 49, 39, 2
1460, 10, 0, 49, 40, 2
1460, 10, 0, 49, 41, 2
1460, 10, 0, 49, 42, 2
1460, 10, 0, 49, 43, 2
1460, 10, 0, 49, 44, 2
1460, 10, 0, 49, 45, 2
1460, 10, 0, 49, 46, 2
1460, 10, 0, 49, 47, 2
1460, 10, 0, 49, 48, 2
1460, 10, 0, 49, 49, 2
1460, 10, 0, 49, 50, 2
1460, 10, 0, 49, 51, 2
1460, 10, 0, 49, 52, 2
1460, 10, 0, 49, 53, 2
1460, 10, 0, 49, 54, 2
1460, 10, 0, 49, 55, 2
1460, 10, 0, 49, 56, 2
1460, 10, 0, 49, 57, 2
1460, 10, 0, 49, 58, 2
1460, 10, 0, 49, 59, 2
1460, 10, 0, 49, 60, 2
1460, 10, 0, 49, 61, 2
1460, 10, 0, 49, 62, 2
1460, 10, 0, 49, 63, 2
1460, 10, 0, 50, 0, 2
1460, 10, 0, 50, 1, 2
1460, 10, 0, 50, 2, 2
1460, 10, 0, 50, 3, 2
1460, 10, 0, 50, 4, 2
1460, 10, 0, 50, 5, 2
1460, 10, 0, 50, 6, 2
1460, 10, 0, 50, 7, 2
1460, 10, 0, 50, 8, 2
1460, 10, 0, 50, 9, 2
1460, 10, 0, 50, 10, 2
1460, 10, 0, 50, 11, 2
1460, 10, 0, 50, 12, 2
1460, 10, 0, 50, 13, 2
1460, 10, 0, 50, 14, 2
1460, 10, 0, 50, 15, 2
1460, 10, 0, 50, 16, 2
1460, 10, 0, 50, 17, 2
1460, 10, 0, 50, 18, 2
1460, 10, 0, 50, 19, 2
1460, 10, 0, 50, 20, 2
1460, 10, 0, 50, 21, 2
1460, 10, 0, 50, 22, 2
1460, 10, 0, 50, 23, 2
1460, 10, 0, 50, 24, 2
1460, 10, 0, 50, 25, 2
1460, 10, 0, 50, 26, 2
1460, 10, 0, 50, 27, 2
1460, 10, 0, 50, 28, 2
1460, 10, 0, 50, 29, 2
1460, 10, 0, 50, 30, 2
1460, 10, 0, 50, 31, 2
1460, 10, 0, 50, 32, 2
1460, 10, 0, 50, 33, 2
1460, 10, 0, 50, 34, 2
1460, 10, 0, 50, 35, 2
1460, 10, 0, 50, 36, 2
1460, 10, 0, 50, 37, 2
1460, 10, 0, 50, 38, 2
1460, 10, 0, 50, 39, 2
1460, 10, 0, 50, 40, 2
1460, 10, 0, 50, 41, 2
1460, 10, 0, 50, 42, 2
1460, 10, 0, 50, 43, 2
1460, 10, 0, 50, 44, 2
1460, 10, 0, 50, 45, 2
1460, 10, 0, 50, 46, 2
1460, 10, 0, 50, 47, 2
1460, 10, 0, 50, 48, 2
1460, 10, 0, 50, 49, 2
1460, 10, 0, 50, 50, 2
1460, 10, 0, 50, 51, 2
1460, 10, 0, 50, 52, 2
1460, 10, 0, 50, 53, 2
1460, 10, 0, 50, 54, 2
1460, 10, 0, 50, 55, 2
1460, 10, 0, 50, 56, 2
1460, 10, 0, 50, 57, 2
1460, 10, 0, 50, 58, 2
1460, 10, 0, 50, 59, 2
1460, 10, 0, 50, 60, 2
1460, 10, 0, 50, 61, 2
1460, 10, 0, 50, 62, 2
1460, 10, 0, 50, 63, 2
1460, 10, 0, 51, 0, 2
1460, 10, 0, 51, 1, 2
1460, 10, 0, 51, 2, 2
1460, 10, 0, 51, 3, 2
1460, 10, 0, 51, 4, 2
1460, 10, 0, 51, 5, 2
1460, 10, 0, 51, 6, 2
1460, 10, 0, 51, 7, 2
1460, 10, 0, 51, 8, 2
1460, 10, 0, 51, 9, 2
1460, 10, 0, 51, 10, 2
1460, 10, 0, 51, 11, 2
1460, 10, 0, 51, 12, 2
1460, 10, 0, 51, 13, 2
1460, 10, 0, 51, 14, 2
1460, 10, 0, 51, 15, 2
1460, 10, 0, 51, 16, 2
1460, 10, 0, 51, 17, 2
1460, 10, 0, 51, 18, 2
1460, 10, 0, 51, 19, 2
1460, 10, 0, 51, 20, 2
1460, 10, 0, 51, 21, 2
1460, 10, 0, 51, 22, 2
1460, 10, 0, 51, 23, 2
1460, 10, 0, 51, 24, 2
1460, 10, 0, 51, 25, 2
1460, 10, 0, 51, 26, 2
1460, 10, 0, 51, 27, 2
1460, 10, 0, 51, 28, 2
1460, 10, 0, 51, 29, 2
1460, 10, 0, 51, 30, 2
1460, 10, 0, 51, 31, 2
1460, 10, 0, 51, 32, 2
1460, 10, 0, 51, 33, 2
1460, 10, 0, 51, 34, 2
1460, 10, 0, 51, 35, 2
1460, 10, 0, 51, 36, 2
1460, 10, 0, 51, 37, 2
1460, 10, 0, 51, 38, 2
1460, 10, 0, 51, 39, 2
1460, 10, 0, 51, 40, 2
1460, 10, 0, 51, 41, 2
1460, 10, 0, 51, 42, 2
1460, 10, 0, 51, 43, 2
1460, 10, 0, 51, 44, 2
1460, 10, 0, 51, 45, 2
1460, 10, 0, 51, 46, 2
1460, 10, 0, 51, 47, 2
1460, 10, 0, 51, 48, 2
1460, 10, 0, 51, 49, 2
1460, 10, 0, 51, 50, 2
1460, 10, 0, 51, 51, 2
1460, 10, 0, 51, 52, 2
1460, 10, 0, 51, 53, 2
1460, 10, 0, 51, 54, 2
1460, 10, 0, 51, 55, 2
1460, 10, 0, 51, 56, 2
1460, 10, 0, 51, 57, 2
1460, 10, 0, 51, 58, 2
1460, 10, 0, 51, 59, 2
1460, 10, 0, 51, 60, 2
1460, 10, 0, 51, 61, 2
1460, 10, 0, 51, 62, 2
1460, 10, 0, 51, 63, 2
1460, 10, 0, 52, 0, 2
1460, 10, 0, 52, 1, 2
1460, 10, 0, 52, 2, 2
1460, 10, 0, 52, 3, 2
1460, 10, 0, 52, 4, 2
1460, 10, 0, 52, 5, 2
1460, 10, 0, 52, 6, 2
1460, 10, 0, 52, 7, 2
1460, 10, 0, 52, 8, 2
1460, 10, 0, 52, 9, 2
1460, 10, 0, 52, 10, 2
1460, 10, 0, 52, 11, 2
1460, 10, 0, 52, 12, 2
1460, 10, 0, 52, 13, 2
1460, 10, 0, 52, 14, 2
1460, 10, 0, 52, 15, 2
1460, 10, 0, 52, 16, 2
1460, 10, 0, 52, 17, 2
1460, 10, 0, 52, 18, 2
1460, 10, 0, 52, 19, 2
1460, 10, 0, 52, 20, 2
1460, 10, 0, 52, 21, 2
1460, 10, 0, 52, 22, 2
1460, 10, 0, 52, 23, 2
1460, 10, 0, 52, 24, 2
1460, 10, 0, 52, 25, 2
1460, 10, 0, 52, 26, 2
1460, 10, 0, 52, 27, 2
1460, 10, 0, 52, 28, 2
1460, 10, 0, 52, 29, 2
1460, 10, 0, 52, 30, 2
1460, 10, 0, 52, 31, 2
1460, 10, 0, 52, 32, 2
1460, 10, 0, 52, 33, 2
1460, 10, 0, 52, 34, 2
1460, 10, 0, 52, 35, 2
1460, 10, 0, 52, 36, 2
1460, 10, 0, 52, 37, 2
1460, 10, 0, 52, 38, 2
1460, 10, 0, 52, 39, 2
1460, 10, 0, 52, 40, 2
1460, 10, 0, 52, 41, 2
1460, 10, 0, 52, 42, 2
1460, 10, 0, 52, 43, 2
1460, 10, 0, 52, 44, 2
1460, 10, 0, 52, 45, 2
1460, 10, 0, 52, 46, 2
1460, 10, 0, 52, 47, 2
1460, 10, 0, 52, 48, 2
1460, 10, 0, 52, 49, 2
1460, 10, 0, 52, 50, 2
1460, 10, 0, 52, 51, 2
1460, 10, 0, 52, 52, 2
1460, 10, 0, 52, 53, 2
1460, 10, 0, 52, 54, 2
1460, 10, 0, 52, 55, 2
1460, 10, 0, 52, 56, 2
1460, 10, 0, 52, 57, 2
1460, 10, 0, 52, 58, 2
1460, 10, 0, 52, 59, 2
1460, 10, 0, 52, 60, 2
1460, 10, 0, 52, 61, 2
1460, 10, 0, 52, 62, 2
1460, 10, 0, 52, 63, 2
1460, 10, 0, 53, 0, 2
1460, 10, 0, 53, 1, 2
1460, 10, 0, 53, 2, 2
1460, 10, 0, 53, 3, 2
1460, 10, 0, 53, 4, 2
1460, 10, 0, 53, 5, 2
1460, 10, 0, 53, 6, 2
1460, 10, 0, 53, 7, 2
1460, 10, 0, 53, 8, 2
1460, 10, 0, 53, 9, 2
1460, 10, 0, 53, 10, 2
1460, 10, 0, 53, 11, 2
1460, 10, 0, 53, 12, 2
1460, 10, 0, 53, 13, 2
1460, 10, 0, 53, 14, 2
1460, 10, 0, 53, 15, 2
1460, 10, 0, 53, 16, 2
1460, 10, 0, 53, 17, 2
1460, 10, 0, 53, 18, 2
1460, 10, 0, 53, 19, 2
1460, 10, 0, 53, 20, 2
1460, 10, 0, 53, 21, 2
1460, 10, 0, 53, 22, 2
1460, 10, 0, 53, 23, 2
1460, 10, 0, 53, 24, 2
1460, 10, 0, 53, 25, 2
1460, 10, 0, 53, 26, 2
1460, 10, 0, 53, 27, 2
1460, 10, 0, 53, 28, 2
1460, 10, 0, 53, 29, 2
1460, 10, 0, 53, 30, 2
1460, 10, 0, 53, 31, 2
1460, 10, 0, 53, 32, 2
1460, 10, 0, 53, 33, 2
1460, 10, 0, 53, 34, 2
1460, 10, 0, 53, 35, 2
1460, 10, 0, 53, 36, 2
1460, 10, 0, 53, 37, 2
1460, 10, 0, 53, 38, 2
1460, 10, 0, 53, 39, 2
1460, 10, 0, 53, 40, 2
1460, 10, 0, 53, 41, 2
1460, 10, 0, 53, 42, 2
1460, 10, 0, 53, 43, 2
1460, 10, 0, 53, 44, 2
1460, 10, 0, 53, 45, 2
1460, 10, 0, 53, 46, 2
1460, 10, 0, 53, 47, 2
1460, 10, 0, 53, 48, 2
1460, 10, 0, 53, 49, 2
1460, 10, 0, 53, 50, 2
1460, 10, 0, 53, 51, 2
1460, 10, 0, 53, 52, 2
1460, 10, 0, 53, 53, 2
1460, 10, 0, 53, 54, 2
1460, 10, 0, 53, 55, 2
1460, 10, 0, 53, 56, 2
1460, 10, 0, 53, 57, 2
1460, 10, 0, 53, 58, 2
1460, 10, 0, 53, 59, 2
1460, 10, 0, 53, 60, 2
1460, 10, 0, 53, 61, 2
1460, 10, 0, 53, 62, 2
1460, 10, 0, 53, 63, 2
1460, 10, 0, 54, 0, 2
1460, 10, 0, 54, 1, 2
1460, 10, 0, 54, 2, 2
1460, 10, 0, 54, 3, 2
1460, 10, 0, 54, 4, 2
1460, 10, 0, 54, 5, 2
1460, 10, 0, 54, 6, 2
1460, 10, 0, 54, 7, 2
1460, 10, 0, 54, 8, 2
1460, 10, 0, 54, 9, 2
1460, 10, 0, 54, 10, 2
1460, 10, 0, 54, 11, 2
1460, 10, 0, 54, 12, 2
1460, 10, 0, 54, 13, 2
1460, 10, 0, 54, 14, 2
1460, 10, 0, 54, 15, 2
1460, 10, 0, 54, 16, 2
1460, 10, 0, 54, 17, 2
1460, 10, 0, 54, 18, 2
1460, 10, 0, 54, 19, 2
1460, 10, 0, 54, 20, 2
1460, 10, 0, 54, 21, 2
1460, 10, 0, 54, 22, 2
1460, 10, 0, 54, 23, 2
1460, 10, 0, 54, 24, 2
1460, 10, 0, 54, 25, 2
1460, 10, 0, 54, 26, 2
1460, 10, 0, 54, 27, 2
1460, 10, 0, 54, 28, 2
1460, 10, 0, 54, 29, 2
1460, 10, 0, 54, 30, 2
1460, 10, 0, 54, 31, 2
1460, 10, 0, 54, 32, 2
1460, 10, 0, 54, 33, 2
1460, 10, 0, 54, 34, 2
1460, 10, 0, 54, 35, 2
1460, 10, 0, 54, 36, 2
1460, 10, 0, 54, 37, 2
1460, 10, 0, 54, 38, 2
1460, 10, 0, 54, 39, 2
1460, 10, 0, 54, 40, 2
1460, 10, 0, 54, 41, 2
1460, 10, 0, 54, 42, 2
1460, 10, 0, 54, 43, 2
1460, 10, 0, 54, 44, 2
1460, 10, 0, 54, 45, 2
1460, 10, 0, 54, 46, 2
1460, 10, 0, 54, 47, 2
1460, 10, 0, 54, 48, 2
1460, 10, 0, 54, 49, 2
1460, 10, 0, 54, 50, 2
1460, 10, 0, 54, 51, 2
1460, 10, 0, 54, 52, 2
1460, 10, 0, 54, 53, 2
1460, 10, 0, 54, 54, 2
1460, 10, 0, 54, 55, 2
1460, 10, 0, 54, 56, 2
1460, 10, 0, 54, 57, 2
1460, 10, 0, 54, 58, 2
1460, 10, 0, 54, 59, 2
1460, 10, 0, 54, 60, 2
1460, 10, 0, 54, 61, 2
1460, 10, 0, 54, 62, 2
1460, 10, 0, 54, 63, 2
1460, 10, 0, 55, 0, 2
1460, 10, 0, 55, 1, 2
1460, 10, 0, 55, 2, 2
1460, 10, 0, 55, 3, 2
1460, 10, 0, 55, 4, 2
1460, 10, 0, 55, 5, 2
1460, 10, 0, 55, 6, 2
1460, 10, 0, 55, 7, 2
1460, 10, 0, 55, 8, 2
1460, 10, 0, 55, 9, 2
1460, 10, 0, 55, 10, 2
1460, 10, 0, 55, 11, 2
1460, 10, 0, 55, 12, 2
1460, 10, 0, 55, 13, 2
1460, 10, 0, 55, 14, 2
1460, 10, 0, 55, 15, 2
1460, 10, 0, 55, 16, 2
1460, 10, 0, 55, 17, 2
1460, 10, 0, 55, 18, 2
1460, 10, 0, 55, 19, 2
1460, 10, 0, 55, 20, 2
1460, 10, 0, 55, 21, 2
1460, 10, 0, 55, 22, 2
1460, 10, 0, 55, 23, 2
1460, 10, 0, 55, 24, 2
1460, 10, 0, 55, 25, 2
1460, 10, 0, 55, 26, 2
1460, 10, 0, 55, 27, 2
1460, 10, 0, 55, 28, 2
1460, 10, 0, 55, 29, 2
1460, 10, 0, 55, 30, 2
1460, 10, 0, 55, 31, 2
1460, 10, 0, 55, 32, 2
1460, 10, 0, 55, 33, 2
1460, 10, 0, 55, 34, 2
1460, 10, 0, 55, 35, 2
1460, 10, 0, 55, 36, 2
1460, 10, 0, 55, 37, 2
1460, 10, 0, 55, 38, 2
1460, 10, 0, 55, 39, 2
1460, 10, 0, 55, 40, 2
1460, 10, 0, 55, 41, 2
1460, 10, 0, 55, 42, 2
1460, 10, 0, 55, 43, 2
1460, 10, 0, 55, 44, 2
1460, 10, 0, 55, 45, 2
1460, 10, 0, 55, 46, 2
1460, 10, 0, 55, 47, 2
1460, 10, 0, 55, 48, 2
1460, 10, 0, 55, 49, 2
1460, 10, 0, 55, 50, 2
1460, 10, 0, 55, 51, 2
1460, 10, 0, 55, 52, 2
1460, 10, 0, 55, 53, 2
1460, 10, 0, 55, 54, 2
1460, 10, 0, 55, 55, 2
1460, 10, 0, 55, 56, 2
1460, 10, 0, 55, 57, 2
1460, 10, 0, 55, 58, 2
1460, 10, 0, 55, 59, 2
1460, 10, 0, 55, 60, 2
1460, 10, 0, 55, 61, 2
1460, 10, 0, 55, 62, 2
1460, 10, 0, 55, 63, 2
1460, 10, 0, 56, 0, 2
1460, 10, 0, 56, 1, 2
1460, 10, 0, 56, 2, 2
1460, 10, 0, 56, 3, 2
1460, 10, 0, 56, 4, 2
1460, 10, 0, 56, 5, 2
1460, 10, 0, 56, 6, 2
1460, 10, 0, 56, 7, 2
1460, 10, 0, 56, 8, 2
1460, 10, 0, 56, 9, 2
1460, 10, 0, 56, 10, 2
1460, 10, 0, 56, 11, 2
1460, 10, 0, 56, 12, 2
1460, 10, 0, 56, 13, 2
1460, 10, 0, 56, 14, 2
1460, 10, 0, 56, 15, 2
1460, 10, 0, 56, 16, 2
1460, 10, 0, 56, 17, 2
1460, 10, 0, 56, 18, 2
1460, 10, 0, 56, 19, 2
1460, 10, 0, 56, 20, 2
1460, 10, 0, 56, 21, 2
1460, 10, 0, 56, 22, 2
1460, 10, 0, 56, 23, 2
1460, 10, 0, 56, 24, 2
1460, 10, 0, 56, 25, 2
1460, 10, 0, 56, 26, 2
1460, 10, 0, 56, 27, 2
1460, 10, 0, 56, 28, 2
1460, 10, 0, 56, 29, 2
1460, 10, 0, 56, 30, 2
1460, 10, 0, 56, 31, 2
1460, 10, 0, 56, 32, 2
1460, 10, 0, 56, 33, 2
1460, 10, 0, 56, 34, 2
1460, 10, 0, 56, 35, 2
1460, 10, 0, 56, 36, 2
1460, 10, 0, 56, 37, 2
1460, 10, 0, 56, 38, 2
1460, 10, 0, 56, 39, 2
1460, 10, 0, 56, 40, 2
1460, 10, 0, 56, 41, 2
1460, 10, 0, 56, 42, 2
1460, 10, 0, 56, 43, 2
1460, 10, 0, 56, 44, 2
1460, 10, 0, 56, 45, 2
1460, 10, 0, 56, 46, 2
1460, 10, 0, 56, 47, 2
1460, 10, 0, 56, 48, 2
1460, 10, 0, 56, 49, 2
1460, 10, 0, 56, 50, 2
1460, 10, 0, 56, 51, 2
1460, 10, 0, 56, 52, 2
1460, 10, 0, 56, 53, 2
1460, 10, 0, 56, 54, 2
1460, 10, 0, 56, 55, 2
1460, 10, 0, 56, 56, 2
1460, 10, 0, 56, 57, 2
1460, 10, 0, 56, 58, 2
1460, 10, 0, 56, 59, 2
1460, 10, 0, 56, 60, 2
1460, 10, 0, 56, 61, 2
1460, 10, 0, 56, 62, 2
1460, 10, 0, 56, 63, 2
1460, 10, 0, 57, 0, 2
1460, 10, 0, 57, 1, 2
1460, 10, 0, 57, 2, 2
1460, 10, 0, 57, 3, 2
1460, 10, 0, 57, 4, 2
1460, 10, 0, 57, 5, 2
1460, 10, 0, 57, 6, 2
1460, 10, 0, 57, 7, 2
1460, 10, 0, 57, 8, 2
1460, 10, 0, 57, 9, 2
1460, 10, 0, 57, 10, 2
1460, 10, 0, 57, 11, 2
1460, 10, 0, 57, 12, 2
1460, 10, 0, 57, 13, 2
1460, 10, 0, 57, 14, 2
1460, 10, 0, 57, 15, 2
1460, 10, 0, 57, 16, 2
1460, 10, 0, 57, 17, 2
1460, 10, 0, 57, 18, 2
1460, 10, 0, 57, 19, 2
1460, 10, 0, 57, 20, 2
1460, 10, 0, 57, 21, 2
1460, 10, 0, 57, 22, 2
1460, 10, 0, 57, 23, 2
1460, 10, 0, 57, 24, 2
1460, 10, 0, 57, 25, 2
1460, 10, 0, 57, 26, 2
1460, 10, 0, 57, 27, 2
1460, 10, 0, 57, 28, 2
1460, 10, 0, 57, 29, 2
1460, 10, 0, 57, 30, 2
1460, 10, 0, 57, 31, 2
1460, 10, 0, 57, 32, 2
1460, 10, 0, 57, 33, 2
1460, 10, 0, 57, 34, 2
1460, 10, 0, 57, 35, 2
1460, 10, 0, 57, 36, 2
1460, 10, 0, 57, 37, 2
1460, 10, 0, 57, 38, 2
1460, 10, 0, 57, 39, 2
1460, 10, 0, 57, 40, 2
1460, 10, 0, 57, 41, 2
1460, 10, 0, 57, 42, 2
1460, 10, 0, 57, 43, 2
1460, 10, 0, 57, 44, 2
1460, 10, 0, 57, 45, 2
1460, 10, 0, 57, 46, 2
1460, 10, 0, 57, 47, 2
1460, 10, 0, 57, 48, 2
1460, 10, 0, 57, 49, 2
1460, 10, 0, 57, 50, 2
1460, 10, 0, 57, 51, 2
1460, 10, 0, 57, 52, 2
1460, 10, 0, 57, 53, 2
1460, 10, 0, 57, 54, 2
1460, 10, 0, 57, 55, 2
1460, 10, 0, 57, 56, 2
1460, 10, 0, 57, 57, 2
1460, 10, 0, 57, 58, 2
1460, 10, 0, 57, 59, 2
1460, 10, 0, 57, 60, 2
1460, 10, 0, 57, 61, 2
1460, 10, 0, 57, 62, 2
1460, 10, 0, 57, 63, 2
1460, 10, 0, 58, 0, 2
1460, 10, 0, 58, 1, 2
1460, 10, 0, 58, 2, 2
1460, 10, 0, 58, 3, 2
1460, 10, 0, 58, 4, 2
1460, 10, 0, 58, 5, 2
1460, 10, 0, 58, 6, 2
1460, 10, 0, 58, 7, 2
1460, 10, 0, 58, 8, 2
1460, 10, 0, 58, 9, 2
1460, 10, 0, 58, 10, 2
1460, 10, 0, 58, 11, 2
1460, 10, 0, 58, 12, 2
1460, 10, 0, 58, 13, 2
1460, 10, 0, 58, 14, 2
1460, 10, 0, 58, 15, 2
1460, 10, 0, 58, 16, 2
1460, 10, 0, 58, 17, 2
1460, 10, 0, 58, 18, 2
1460, 10, 0, 58, 19, 2
1460, 10, 0, 58, 20, 2
1460, 10, 0, 58, 21, 2
1460, 10, 0, 58, 22, 2
1460, 10, 0, 58, 23, 2
1460, 10, 0, 58, 24, 2
1460, 10, 0, 58, 25, 2
1460, 10, 0, 58, 26, 2
1460, 10, 0, 58, 27, 2
1460, 10, 0, 58, 28, 2
1460, 10, 0, 58, 29, 2
1460, 10, 0, 58, 30, 2
1460, 10, 0, 58, 31, 2
1460, 10, 0, 58, 32, 2
1460, 10, 0, 58, 33, 2
1460, 10, 0, 58, 34, 2
1460, 10, 0, 58, 35, 2
1460, 10, 0, 58, 36, 2
1460, 10, 0, 58, 37, 2
1460, 10, 0, 58, 38, 2
1460, 10, 0, 58, 39, 2
1460, 10, 0, 58, 40, 2
1460, 10, 0, 58, 41, 2
1460, 10, 0, 58, 42, 2
1460, 10, 0, 58, 43, 2
1460, 10, 0, 58, 44, 2
1460, 10, 0, 58, 45, 2
1460, 10, 0, 58, 46, 2
1460, 10, 0, 58, 47, 2
1460, 10, 0, 58, 48, 2
1460, 10, 0, 58, 49, 2
1460, 10, 0, 58, 50, 2
1460, 10, 0, 58, 51, 2
1460, 10, 0, 58, 52, 2
1460, 10, 0, 58, 53, 2
1460, 10, 0, 58, 54, 2
1460, 10, 0, 58, 55, 2
1460, 10, 0, 58, 56, 2
1460, 10, 0, 58, 57, 2
1460, 10, 0, 58, 58, 2
1460, 10, 0, 58, 59, 2
1460, 10, 0, 58, 60, 2
1460, 10, 0, 58, 61, 2
1460, 10, 0, 58, 62, 2
1460, 10, 0, 58, 63, 2
1460, 10, 0, 59, 0, 2
1460, 10, 0, 59, 1, 2
1460, 10, 0, 59, 2, 2
1460, 10, 0, 59, 3, 2
1460, 10, 0, 59, 4, 2
1460, 10, 0, 59, 5, 2
1460, 10, 0, 59, 6, 2
1460, 10, 0, 59, 7, 2
1460, 10, 0, 59, 8, 2
1460, 10, 0, 59, 9, 2
1460, 10, 0, 59, 10, 2
1460, 10, 0, 59, 11, 2
1460, 10, 0, 59, 12, 2
1460, 10, 0, 59, 13, 2
1460, 10, 0, 59, 14, 2
1460, 10, 0, 59, 15, 2
1460, 10, 0, 59, 16, 2
1460, 10, 0, 59, 17, 2
1460, 10, 0, 59, 18, 2
1460, 10, 0, 59, 19, 2
1460, 10, 0, 59, 20, 2
1460, 10, 0, 59, 21, 2
1460, 10, 0, 59, 22, 2
1460, 10, 0, 59, 23, 2
1460, 10, 0, 59, 24, 2
1460, 10, 0, 59, 25, 2
1460, 10, 0, 59, 26, 2
1460, 10, 0, 59, 27, 2
1460, 10, 0, 59, 28, 2
1460, 10, 0, 59, 29, 2
1460, 10, 0, 59, 30, 2
1460, 10, 0, 59, 31, 2
1460, 10, 0, 59, 32, 2
1460, 10, 0, 59, 33, 2
1460, 10, 0, 59, 34, 2
1460, 10, 0, 59, 35, 2
1460, 10, 0, 59, 36, 2
1460, 10, 0, 59, 37, 2
1460, 10, 0, 59, 38, 2
1460, 10, 0, 59, 39, 2
1460, 10, 0, 59, 40, 2
1460, 10, 0, 59, 41, 2
1460, 10, 0, 59, 42, 2
1460, 10, 0, 59, 43, 2
1460, 10, 0, 59, 44, 2
1460, 10, 0, 59, 45, 2
1460, 10, 0, 59, 46, 2
1460, 10, 0, 59, 47, 2
1460, 10, 0, 59, 48, 2
1460, 10, 0, 59, 49, 2
1460, 10, 0, 59, 50, 2
1460, 10, 0, 59, 51, 2
1460, 10, 0, 59, 52, 2
1460, 10, 0, 59, 53, 2
1460, 10, 0, 59, 54, 2
1460, 10, 0, 59, 55, 2
1460, 10, 0, 59, 56, 2
1460, 10, 0, 59, 57, 2
1460, 10, 0, 59, 58, 2
1460, 10, 0, 59, 59, 2
1460, 10, 0, 59, 60, 2
1460, 10, 0, 59, 61, 2
1460, 10, 0, 59, 62, 2
1460, 10, 0, 59, 63, 2
1460, 10, 0, 60, 0, 2
1460, 10, 0, 60, 1, 2
1460, 10, 0, 60, 2, 2
1460, 10, 0, 60, 3, 2
1460, 10, 0, 60, 4, 2
1460, 10, 0, 60, 5, 2
1460, 10, 0, 60, 6, 2
1460, 10, 0, 60, 7, 2
1460, 10, 0, 60, 8, 2
1460, 10, 0, 60, 9, 2
1460, 10, 0, 60, 10, 2
1460, 10, 0, 60, 11, 2
1460, 10, 0, 60, 12, 2
1460, 10, 0, 60, 13, 2
1460, 10, 0, 60, 14, 2
1460, 10, 0, 60, 15, 2
1460, 10, 0, 60, 16, 2
1460, 10, 0, 60, 17, 2
1460, 10, 0, 60, 18, 2
1460, 10, 0, 60, 19, 2
1460, 10, 0, 60, 20, 2
1460, 10, 0, 60, 21, 2
1460, 10, 0, 60, 22, 2
1460, 10, 0, 60, 23, 2
1460, 10, 0, 60, 24, 2
1460, 10, 0, 60, 25, 2
1460, 10, 0, 60, 26, 2
1460, 10, 0, 60, 27, 2
1460, 10, 0, 60, 28, 2
1460, 10, 0, 60, 29, 2
1460, 10, 0, 60, 30, 2
1460, 10, 0, 60, 31, 2
1460, 10, 0, 60, 32, 2
1460, 10, 0, 60, 33, 2
1460, 10, 0, 60, 34, 2
1460, 10, 0, 60, 35, 2
1460, 10, 0, 60, 36, 2
1460, 10, 0, 60, 37, 2
1460, 10, 0, 60, 38, 2
1460, 10, 0, 60, 39, 2
1460, 10, 0, 60, 40, 2
1460, 10, 0, 60, 41, 2
1460, 10, 0, 60, 42, 2
1460, 10, 0, 60, 43, 2
1460, 10, 0, 60, 44, 2
1460, 10, 0, 60, 45, 2
1460, 10, 0, 60, 46, 2
1460, 10, 0, 60, 47, 2
1460, 10, 0, 60, 48, 2
1460, 10, 0, 60, 49, 2
1460, 10, 0, 60, 50, 2
1460, 10, 0, 60, 51, 2
1460, 10, 0, 60, 52, 2
1460, 10, 0, 60, 53, 2
1460, 10, 0, 60, 54, 2
1460, 10, 0, 60, 55, 2
1460, 10, 0, 60, 56, 2
1460, 10, 0, 60, 57, 2
1460, 10, 0, 60, 58, 2
1460, 10, 0, 60, 59, 2
1460, 10, 0, 60, 60, 2
1460, 10, 0, 60, 61, 2
1460, 10, 0, 60, 62, 2
1460, 10, 0, 60, 63, 2
1460, 10, 0, 61, 0, 2
1460, 10, 0, 61, 1, 2
1460, 10, 0, 61, 2, 2
1460, 10, 0, 61, 3, 2
1460, 10, 0, 61, 4, 2
1460, 10, 0, 61, 5, 2
1460, 10, 0, 61, 6, 2
1460, 10, 0, 61, 7, 2
1460, 10, 0, 61, 8, 2
1460, 10, 0, 61, 9, 2
1460, 10, 0, 61, 10, 2
1460, 10, 0, 61, 11, 2
1460, 10, 0, 61, 12, 2
1460, 10, 0, 61, 13, 2
1460, 10, 0, 61, 14, 2
1460, 10, 0, 61, 15, 2
1460, 10, 0, 61, 16, 2
1460, 10, 0, 61, 17, 2
1460, 10, 0, 61, 18, 2
1460, 10, 0, 61, 19, 2
1460, 10, 0, 61, 20, 2
1460, 10, 0, 61, 21, 2
1460, 10, 0, 61, 22, 2
1460, 10, 0, 61, 23, 2
1460, 10, 0, 61, 24, 2
1460, 10, 0, 61, 25, 2
1460, 10, 0, 61, 26, 2
1460, 10, 0, 61, 27, 2
1460, 10, 0, 61, 28, 2
1460, 10, 0, 61, 29, 2
1460, 10, 0, 61, 30, 2
1460, 10, 0, 61, 31, 2
1460, 10, 0, 61, 32, 2
1460, 10, 0, 61, 33, 2
1460, 10, 0, 61, 34, 2
1460, 10, 0, 61, 35, 2
1460, 10, 0, 61, 36, 2
1460, 10, 0, 61, 37, 2
1460, 10, 0, 61, 38, 2
1460, 10, 0, 61, 39, 2
1460, 10, 0, 61, 40, 2
1460, 10, 0, 61, 41, 2
1460, 10, 0, 61, 42, 2
1460, 10, 0, 61, 43, 2
1460, 10, 0, 61, 44, 2
1460, 10, 0, 61, 45, 2
1460, 10, 0, 61, 46, 2
1460, 10, 0, 61, 47, 2
1460, 10, 0, 61, 48, 2
1460, 10, 0, 61, 49, 2
1460, 10, 0, 61, 50, 2
1460, 10, 0, 61, 51, 2
1460, 10, 0, 61, 52, 2
1460, 10, 0, 61, 53, 2
1460, 10, 0, 61, 54, 2
1460, 10, 0, 61, 55, 2
1460, 10, 0, 61, 56, 2
1460, 10, 0, 61, 57, 2
1460, 10, 0, 61, 58, 2
1460, 10, 0, 61, 59, 2
1460, 10, 0, 61, 60, 2
1460, 10, 0, 61, 61, 2
1460, 10, 0, 61, 62, 2
1460, 10, 0, 61, 63, 2
1460, 10, 0, 62, 0, 2
1460, 10, 0, 62, 1, 2
1460, 10, 0, 62, 2, 2
1460, 10, 0, 62, 3, 2
1460, 10, 0, 62, 4, 2
1460, 10, 0, 62, 5, 2
1460, 10, 0, 62, 6, 2
1460, 10, 0, 62, 7, 2
1460, 10, 0, 62, 8, 2
1460, 10, 0, 62, 9, 2
1460, 10, 0, 62, 10, 2
1460, 10, 0, 62, 11, 2
1460, 10, 0, 62, 12, 2
1460, 10, 0, 62, 13, 2
1460, 10, 0, 62, 14, 2
1460, 10, 0, 62, 15, 2
1460, 10, 0, 62, 16, 2
1460, 10, 0, 62, 17, 2
1460, 10, 0, 62, 18, 2
1460, 10, 0, 62, 19, 2
1460, 10, 0, 62, 20, 2
1460, 10, 0, 62, 21, 2
1460, 10, 0, 62, 22, 2
1460, 10, 0, 62, 23, 2
1460, 10, 0, 62, 24, 2
1460, 10, 0, 62, 25, 2
1460, 10, 0, 62, 26, 2
1460, 10, 0, 62, 27, 2
1460, 10, 0, 62, 28, 2
1460, 10, 0, 62, 29, 2
1460, 10, 0, 62, 30, 2
1460, 10, 0, 62, 31, 2
1460, 10, 0, 62, 32, 2
1460, 10, 0, 62, 33, 2
1460, 10, 0, 62, 34, 2
1460, 10, 0, 62, 35, 2
1460, 10, 0, 62, 36, 2
1460, 10, 0, 62, 37, 2
1460, 10, 0, 62, 38, 2
1460, 10, 0, 62, 39, 2
1460, 10, 0, 62, 40, 2
1460, 10, 0, 62, 41, 2
1460, 10, 0, 62, 42, 2
1460, 10, 0, 62, 43, 2
1460, 10, 0, 62, 44, 2
1460, 10, 0, 62, 45, 2
1460, 10, 0, 62, 46, 2
1460, 10, 0, 62, 47, 2
1460, 10, 0, 62, 48, 2
1460, 10, 0, 62, 49, 2
1460, 10, 0, 62, 50, 2
1460, 10, 0, 62, 51, 2
1460, 10, 0, 62, 52, 2
1460, 10, 0, 62, 53, 2
1460, 10, 0, 62, 54, 2
1460, 10, 0, 62, 55, 2
1460, 10, 0, 62, 56, 2
1460, 10, 0, 62, 57, 2
1460, 10, 0, 62, 58, 2
1460, 10, 0, 62, 59, 2
1460, 10, 0, 62, 60, 2
1460, 10, 0, 62, 61, 2
1460, 10, 0, 62, 62, 2
1460, 10, 0, 62, 63, 2
1460, 10, 0, 63, 0, 2
1460, 10, 0, 63, 1, 2
1460, 10, 0, 63, 2, 2
1460, 10, 0, 63, 3, 2
1460, 10, 0, 63, 4, 2
1460, 10, 0, 63, 5, 2
1460, 10, 0, 63, 6, 2
1460, 10, 0, 63, 7, 2
1460, 10, 0, 63, 8, 2
1460, 10, 0, 63, 9, 2
1460, 10, 0, 63, 10, 2
1460, 10, 0, 63, 11, 2
1460, 10, 0, 63, 12, 2
1460, 10, 0, 63, 13, 2
1460, 10, 0, 63, 14, 2
1460, 10, 0, 63, 15, 2
1460, 10, 0, 63, 16, 2
1460, 10, 0, 63, 17, 2
1460, 10, 0, 63, 18, 2
1460, 10, 0, 63, 19, 2
1460, 10, 0, 63, 20, 2
1460, 10, 0, 63, 21, 2
1460, 10, 0, 63, 22, 2
1460, 10, 0, 63, 23, 2
1460, 10, 0, 63, 24, 2
1460, 10, 0, 63, 25, 2
1460, 10, 0, 63, 26, 2
1460, 10, 0, 63, 27, 2
1460, 10, 0, 63, 28, 2
1460, 10, 0, 63, 29, 2
1460, 10, 0, 63, 30, 2
1460, 10, 0, 63, 31, 2
1460, 10, 0, 63, 32, 2
1460, 10, 0, 63, 33, 2
1460, 10, 0, 63, 34, 2
1460, 10, 0, 63, 35, 2
1460, 10, 0, 63, 36, 2
1460, 10, 0, 63, 37, 2
1460, 10, 0, 63, 38, 2
1460, 10, 0, 63, 39, 2
1460, 10, 0, 63, 40, 2
1460, 10, 0, 63, 41, 2
1460, 10, 0, 63, 42, 2
1460, 10, 0, 63, 43, 2
1460, 10, 0, 63, 44, 2
1460, 10, 0, 63, 45, 2
1460, 10, 0, 63, 46, 2
1460, 10, 0, 63, 47, 2
1460, 10, 0, 63, 48, 2
1460, 10, 0, 63, 49, 2
1460, 10, 0, 63, 50, 2
1460, 10, 0, 63, 51, 2
1460, 10, 0, 63, 52, 2
1460, 10, 0, 63, 53, 2
1460, 10, 0, 63, 54, 2
1460, 10, 0, 63, 55, 2
1460, 10, 0, 63, 56, 2
1460, 10, 0, 63, 57, 2
1460, 10, 0, 63, 58, 2
1460, 10, 0, 63, 59, 2
1460, 10, 0, 63, 60, 2
1460, 10, 0, 63, 61, 2
1460, 10, 0, 63, 62, 2
1460, 10, 0, 63, 63, 2
