184, 22, 0, 2, 4, 1
184, 22, 2, 2, 17, 1
184, 22, 2, 2, 53, 1
184, 22, 3, 3, 11, 1
184, 22, 1, 3, 25, 1
184, 22, 0, 3, 35, 1
184, 22, 0, 4, 61, 1
184, 22, 1, 5, 3, 1
184, 22, 2, 10, 3, 1
184, 22, 2, 10, 11, 1
184, 22, 1, 10, 17, 1
184, 22, 2, 10, 28, 1
184, 22, 3, 10, 31, 1
184, 22, 1, 10, 58, 1
184, 22, 1, 11, 19, 1
184, 22, 3, 11, 21, 1
184, 22, 1, 11, 43, 1
184, 22, 2, 12, 16, 1
184, 22, 2, 13, 54, 1
184, 22, 0, 14, 44, 1
184, 22, 0, 14, 58, 1
184, 22, 3, 15, 52, 1
184, 22, 3, 16, 3, 1
184, 22, 3, 18, 10, 1
184, 22, 0, 20, 23, 1
184, 22, 0, 22, 3, 1
184, 22, 3, 22, 21, 1
184, 22, 3, 23, 12, 1
184, 22, 1, 23, 17, 1
184, 22, 2, 24, 23, 1
184, 22, 1, 24, 29, 1
184, 22, 3, 25, 57, 1
184, 22, 0, 27, 40, 1
184, 22, 2, 27, 51, 1
184, 22, 1, 30, 3, 1
184, 22, 3, 30, 16, 1
184, 22, 0, 30, 25, 1
184, 22, 2, 30, 31, 1
184, 22, 2, 30, 35, 1
184, 22, 3, 31, 44, 1
184, 22, 2, 31, 47, 1
184, 22, 0, 35, 60, 1
184, 22, 0, 37, 28, 1
184, 22, 2, 38, 3, 1
184, 22, 3, 38, 35, 1
184, 22, 0, 40, 26, 1
184, 22, 2, 41, 14, 1
184, 22, 3, 41, 18, 1
184, 22, 0, 41, 39, 1
184, 22, 3, 42, 59, 1
184, 22, 1, 43, 26, 1
184, 22, 0, 44, 17, 1
184, 22, 2, 44, 60, 1
184, 22, 1, 46, 24, 1
184, 22, 1, 47, 20, 1
184, 22, 2, 47, 38, 1
184, 22, 3, 49, 58, 1
184, 22, 3, 50, 63, 1
184, 22, 3, 51, 3, 1
184, 22, 3, 52, 38, 1
184, 22, 3, 53, 21, 1
184, 22, 0, 53, 47, 1
184, 22, 0, 53, 49, 1
184, 22, 1, 53, 59, 1
184, 22, 0, 54, 38, 1
184, 22, 3, 54, 59, 1
184, 22, 2, 58, 8, 1
184, 22, 2, 58, 38, 1
184, 22, 0, 59, 4, 1
184, 22, 0, 59, 46, 1
184, 22, 1, 59, 50, 1
184, 22, 2, 59, 62, 1
184, 22, 0, 60, 16, 1
184, 22, 2, 60, 31, 1
184, 22, 3, 60, 36, 1
184, 22, 0, 60, 40, 1
184, 22, 3, 61, 12, 1
184, 22, 1, 61, 21, 1
184, 22, 1, 61, 43, 1
184, 22, 1, 61, 52, 1
184, 22, 3, 61, 56, 1
184, 22, 0, 0, 9, 3
184, 22, 3, 0, 16, 3
184, 22, 2, 0, 23, 3
184, 22, 0, 0, 39, 3
184, 22, 0, 0, 44, 3
184, 22, 2, 0, 48, 3
184, 22, 1, 0, 56, 3
184, 22, 3, 0, 60, 3
184, 22, 2, 1, 0, 3
184, 22, 3, 1, 46, 3
184, 22, 2, 1, 58, 3
184, 22, 2, 12, 0, 3
184, 22, 3, 24, 0, 3
184, 22, 0, 39, 0, 3
184, 22, 0, 49, 0, 3
184, 22, 1, 58, 0, 3
184, 22, 1, 62, 27, 3
184, 22, 2, 62, 60, 3
184, 22, 2, 63, 0, 3
184, 22, 3, 63, 6, 3
184, 22, 0, 63, 17, 3
184, 22, 2, 63, 34, 3
184, 22, 0, 63, 44, 3
184, 22, 0, 63, 49, 3
184, 22, 1, 63, 58, 3
184, 22, 3, 63, 62, 3
185, 22, 0, 1, 4, 1
185, 22, 0, 1, 5, 1
185, 22, 0, 1, 13, 1
185, 22, 0, 1, 19, 1
185, 22, 3, 1, 26, 1
185, 22, 2, 1, 27, 1
185, 22, 2, 1, 28, 1
185, 22, 1, 1, 35, 1
185, 22, 3, 1, 52, 1
185, 22, 2, 1, 53, 1
185, 22, 0, 1, 63, 1
185, 22, 1, 2, 2, 1
185, 22, 3, 2, 6, 1
185, 22, 2, 2, 8, 1
185, 22, 1, 2, 10, 1
185, 22, 3, 2, 11, 1
185, 22, 1, 2, 13, 1
185, 22, 1, 2, 15, 1
185, 22, 3, 2, 16, 1
185, 22, 0, 2, 18, 1
185, 22, 3, 2, 20, 1
185, 22, 3, 2, 22, 1
185, 22, 3, 2, 24, 1
185, 22, 2, 2, 26, 1
185, 22, 2, 2, 28, 1
185, 22, 1, 2, 29, 1
185, 22, 1, 2, 32, 1
185, 22, 1, 2, 33, 1
185, 22, 0, 2, 35, 1
185, 22, 0, 2, 36, 1
185, 22, 2, 2, 42, 1
185, 22, 1, 2, 48, 1
185, 22, 3, 2, 50, 1
185, 22, 1, 2, 51, 1
185, 22, 0, 2, 52, 1
185, 22, 1, 2, 54, 1
185, 22, 1, 2, 60, 1
185, 22, 2, 2, 61, 1
185, 22, 3, 2, 62, 1
185, 22, 1, 2, 63, 1
185, 22, 1, 3, 1, 1
185, 22, 1, 3, 3, 1
185, 22, 1, 3, 4, 1
185, 22, 2, 3, 5, 1
185, 22, 3, 3, 7, 1
185, 22, 2, 3, 8, 1
185, 22, 3, 3, 10, 1
185, 22, 2, 3, 12, 1
185, 22, 3, 3, 14, 1
185, 22, 2, 3, 15, 1
185, 22, 1, 3, 17, 1
185, 22, 1, 3, 18, 1
185, 22, 1, 3, 19, 1
185, 22, 2, 3, 22, 1
185, 22, 1, 3, 23, 1
185, 22, 3, 3, 24, 1
185, 22, 1, 3, 26, 1
185, 22, 0, 3, 27, 1
185, 22, 0, 3, 28, 1
185, 22, 2, 3, 30, 1
185, 22, 1, 3, 31, 1
185, 22, 3, 3, 34, 1
185, 22, 2, 3, 36, 1
185, 22, 3, 3, 38, 1
185, 22, 0, 3, 39, 1
185, 22, 2, 3, 41, 1
185, 22, 1, 3, 42, 1
185, 22, 1, 3, 45, 1
185, 22, 3, 3, 46, 1
185, 22, 2, 3, 47, 1
185, 22, 1, 3, 48, 1
185, 22, 2, 3, 50, 1
185, 22, 1, 3, 51, 1
185, 22, 3, 3, 52, 1
185, 22, 3, 3, 53, 1
185, 22, 0, 3, 54, 1
185, 22, 3, 3, 55, 1
185, 22, 0, 3, 56, 1
185, 22, 2, 3, 57, 1
185, 22, 2, 3, 58, 1
185, 22, 1, 3, 59, 1
185, 22, 0, 3, 60, 1
185, 22, 3, 3, 61, 1
185, 22, 3, 3, 62, 1
185, 22, 2, 4, 1, 1
185, 22, 3, 4, 2, 1
185, 22, 3, 4, 4, 1
185, 22, 1, 4, 5, 1
185, 22, 3, 4, 6, 1
185, 22, 2, 4, 8, 1
185, 22, 1, 4, 9, 1
185, 22, 3, 4, 10, 1
185, 22, 1, 4, 11, 1
185, 22, 0, 4, 24, 1
185, 22, 0, 4, 25, 1
185, 22, 0, 4, 32, 1
185, 22, 3, 4, 33, 1
185, 22, 0, 4, 35, 1
185, 22, 2, 4, 36, 1
185, 22, 0, 4, 37, 1
185, 22, 1, 4, 40, 1
185, 22, 3, 4, 41, 1
185, 22, 3, 4, 43, 1
185, 22, 2, 4, 44, 1
185, 22, 1, 4, 45, 1
185, 22, 3, 4, 46, 1
185, 22, 2, 4, 47, 1
185, 22, 3, 4, 53, 1
185, 22, 2, 4, 54, 1
185, 22, 0, 4, 55, 1
185, 22, 2, 4, 57, 1
185, 22, 2, 4, 58, 1
185, 22, 3, 4, 59, 1
185, 22, 1, 4, 60, 1
185, 22, 1, 4, 62, 1
185, 22, 3, 4, 63, 1
185, 22, 3, 5, 2, 1
185, 22, 2, 5, 4, 1
185, 22, 0, 5, 9, 1
185, 22, 0, 5, 10, 1
185, 22, 1, 5, 34, 1
185, 22, 1, 5, 35, 1
185, 22, 2, 5, 36, 1
185, 22, 3, 5, 38, 1
185, 22, 1, 5, 39, 1
185, 22, 0, 5, 46, 1
185, 22, 3, 5, 55, 1
185, 22, 0, 6, 2, 1
185, 22, 1, 7, 2, 1
185, 22, 0, 7, 3, 1
185, 22, 1, 8, 1, 1
185, 22, 3, 8, 3, 1
185, 22, 3, 8, 4, 1
185, 22, 2, 8, 54, 1
185, 22, 0, 8, 55, 1
185, 22, 3, 9, 1, 1
185, 22, 1, 9, 3, 1
185, 22, 2, 9, 4, 1
185, 22, 1, 9, 18, 1
185, 22, 0, 9, 54, 1
185, 22, 1, 9, 55, 1
185, 22, 2, 9, 56, 1
185, 22, 1, 9, 57, 1
185, 22, 3, 10, 2, 1
185, 22, 0, 10, 4, 1
185, 22, 0, 10, 18, 1
185, 22, 0, 10, 19, 1
185, 22, 2, 10, 20, 1
185, 22, 2, 10, 21, 1
185, 22, 2, 10, 22, 1
185, 22, 3, 10, 25, 1
185, 22, 3, 10, 26, 1
185, 22, 1, 10, 27, 1
185, 22, 0, 10, 29, 1
185, 22, 3, 10, 32, 1
185, 22, 3, 10, 33, 1
185, 22, 0, 10, 34, 1
185, 22, 1, 10, 35, 1
185, 22, 3, 10, 54, 1
185, 22, 0, 11, 2, 1
185, 22, 1, 11, 3, 1
185, 22, 3, 11, 16, 1
185, 22, 3, 11, 18, 1
185, 22, 1, 11, 20, 1
185, 22, 3, 11, 22, 1
185, 22, 3, 11, 34, 1
185, 22, 2, 11, 35, 1
185, 22, 2, 11, 36, 1
185, 22, 2, 11, 37, 1
185, 22, 1, 11, 42, 1
185, 22, 2, 11, 54, 1
185, 22, 3, 11, 58, 1
185, 22, 0, 12, 3, 1
185, 22, 2, 12, 17, 1
185, 22, 1, 12, 19, 1
185, 22, 3, 12, 44, 1
185, 22, 3, 12, 54, 1
185, 22, 2, 12, 58, 1
185, 22, 1, 13, 2, 1
185, 22, 2, 13, 3, 1
185, 22, 2, 13, 8, 1
185, 22, 0, 13, 16, 1
185, 22, 1, 13, 17, 1
185, 22, 0, 13, 18, 1
185, 22, 0, 13, 19, 1
185, 22, 2, 13, 22, 1
185, 22, 2, 13, 44, 1
185, 22, 1, 13, 58, 1
185, 22, 1, 14, 2, 1
185, 22, 2, 14, 4, 1
185, 22, 1, 14, 17, 1
185, 22, 3, 15, 2, 1
185, 22, 2, 15, 3, 1
185, 22, 0, 15, 45, 1
185, 22, 3, 15, 47, 1
185, 22, 2, 15, 51, 1
185, 22, 1, 15, 53, 1
185, 22, 0, 15, 54, 1
185, 22, 3, 15, 58, 1
185, 22, 0, 16, 1, 1
185, 22, 1, 16, 2, 1
185, 22, 2, 17, 1, 1
185, 22, 1, 17, 2, 1
185, 22, 0, 17, 3, 1
185, 22, 0, 17, 22, 1
185, 22, 2, 17, 58, 1
185, 22, 3, 18, 1, 1
185, 22, 0, 18, 3, 1
185, 22, 2, 18, 4, 1
185, 22, 1, 18, 11, 1
185, 22, 3, 18, 22, 1
185, 22, 1, 18, 58, 1
185, 22, 0, 19, 2, 1
185, 22, 3, 19, 3, 1
185, 22, 2, 19, 9, 1
185, 22, 0, 19, 10, 1
185, 22, 0, 19, 11, 1
185, 22, 1, 19, 22, 1
185, 22, 1, 19, 40, 1
185, 22, 3, 19, 41, 1
185, 22, 2, 19, 48, 1
185, 22, 2, 19, 49, 1
185, 22, 0, 19, 58, 1
185, 22, 1, 20, 3, 1
185, 22, 2, 20, 4, 1
185, 22, 3, 20, 11, 1
185, 22, 0, 20, 12, 1
185, 22, 2, 20, 21, 1
185, 22, 3, 20, 40, 1
185, 22, 0, 20, 41, 1
185, 22, 1, 20, 48, 1
185, 22, 3, 20, 49, 1
185, 22, 3, 20, 50, 1
185, 22, 0, 20, 51, 1
185, 22, 1, 20, 52, 1
185, 22, 2, 20, 53, 1
185, 22, 3, 20, 55, 1
185, 22, 1, 20, 56, 1
185, 22, 2, 20, 57, 1
185, 22, 1, 20, 58, 1
185, 22, 0, 21, 2, 1
185, 22, 1, 21, 3, 1
185, 22, 0, 21, 12, 1
185, 22, 2, 21, 20, 1
185, 22, 0, 21, 22, 1
185, 22, 0, 21, 23, 1
185, 22, 1, 21, 40, 1
185, 22, 2, 21, 48, 1
185, 22, 3, 21, 57, 1
185, 22, 1, 22, 1, 1
185, 22, 2, 22, 2, 1
185, 22, 1, 22, 9, 1
185, 22, 0, 22, 10, 1
185, 22, 0, 22, 12, 1
185, 22, 1, 22, 13, 1
185, 22, 0, 22, 23, 1
185, 22, 1, 22, 24, 1
185, 22, 0, 22, 40, 1
185, 22, 0, 22, 48, 1
185, 22, 1, 22, 57, 1
185, 22, 3, 23, 2, 1
185, 22, 3, 23, 4, 1
185, 22, 3, 23, 10, 1
185, 22, 3, 23, 11, 1
185, 22, 2, 23, 13, 1
185, 22, 0, 23, 15, 1
185, 22, 2, 23, 16, 1
185, 22, 3, 23, 18, 1
185, 22, 1, 23, 22, 1
185, 22, 0, 23, 24, 1
185, 22, 1, 23, 40, 1
185, 22, 1, 23, 48, 1
185, 22, 3, 23, 57, 1
185, 22, 0, 24, 3, 1
185, 22, 2, 24, 4, 1
185, 22, 2, 24, 11, 1
185, 22, 2, 24, 12, 1
185, 22, 3, 24, 20, 1
185, 22, 2, 24, 22, 1
185, 22, 3, 24, 25, 1
185, 22, 0, 24, 27, 1
185, 22, 2, 24, 28, 1
185, 22, 3, 24, 30, 1
185, 22, 2, 24, 32, 1
185, 22, 1, 24, 33, 1
185, 22, 0, 24, 34, 1
185, 22, 0, 24, 49, 1
185, 22, 1, 24, 50, 1
185, 22, 2, 24, 57, 1
185, 22, 3, 25, 2, 1
185, 22, 2, 25, 3, 1
185, 22, 2, 25, 21, 1
185, 22, 3, 25, 22, 1
185, 22, 2, 25, 23, 1
185, 22, 3, 25, 24, 1
185, 22, 3, 25, 33, 1
185, 22, 0, 25, 34, 1
185, 22, 0, 25, 51, 1
185, 22, 2, 26, 3, 1
185, 22, 2, 26, 12, 1
185, 22, 1, 26, 51, 1
185, 22, 0, 26, 57, 1
185, 22, 3, 27, 2, 1
185, 22, 0, 27, 12, 1
185, 22, 3, 27, 57, 1
185, 22, 1, 28, 2, 1
185, 22, 3, 28, 12, 1
185, 22, 0, 28, 51, 1
185, 22, 1, 29, 2, 1
185, 22, 2, 29, 3, 1
185, 22, 1, 29, 4, 1
185, 22, 2, 29, 12, 1
185, 22, 3, 29, 51, 1
185, 22, 1, 29, 58, 1
185, 22, 0, 29, 59, 1
185, 22, 2, 30, 2, 1
185, 22, 0, 30, 13, 1
185, 22, 1, 30, 17, 1
185, 22, 0, 30, 21, 1
185, 22, 3, 30, 23, 1
185, 22, 1, 30, 24, 1
185, 22, 0, 30, 26, 1
185, 22, 3, 30, 27, 1
185, 22, 2, 30, 29, 1
185, 22, 1, 30, 30, 1
185, 22, 0, 30, 32, 1
185, 22, 3, 30, 33, 1
185, 22, 2, 30, 34, 1
185, 22, 0, 30, 36, 1
185, 22, 1, 30, 37, 1
185, 22, 2, 30, 38, 1
185, 22, 0, 30, 39, 1
185, 22, 1, 30, 40, 1
185, 22, 2, 30, 60, 1
185, 22, 3, 31, 2, 1
185, 22, 3, 31, 3, 1
185, 22, 3, 31, 4, 1
185, 22, 3, 31, 39, 1
185, 22, 2, 31, 40, 1
185, 22, 2, 31, 41, 1
185, 22, 2, 31, 42, 1
185, 22, 3, 31, 43, 1
185, 22, 1, 31, 46, 1
185, 22, 0, 31, 48, 1
185, 22, 3, 31, 49, 1
185, 22, 3, 31, 51, 1
185, 22, 2, 32, 2, 1
185, 22, 1, 32, 50, 1
185, 22, 0, 32, 51, 1
185, 22, 0, 33, 1, 1
185, 22, 2, 33, 3, 1
185, 22, 0, 34, 1, 1
185, 22, 1, 34, 3, 1
185, 22, 0, 34, 60, 1
185, 22, 1, 35, 1, 1
185, 22, 2, 35, 2, 1
185, 22, 0, 35, 4, 1
185, 22, 3, 36, 3, 1
185, 22, 0, 36, 4, 1
185, 22, 3, 36, 27, 1
185, 22, 0, 36, 28, 1
185, 22, 0, 36, 29, 1
185, 22, 2, 36, 60, 1
185, 22, 3, 37, 2, 1
185, 22, 2, 37, 4, 1
185, 22, 2, 37, 25, 1
185, 22, 3, 37, 26, 1
185, 22, 2, 37, 27, 1
185, 22, 1, 37, 29, 1
185, 22, 1, 37, 30, 1
185, 22, 2, 37, 33, 1
185, 22, 3, 37, 34, 1
185, 22, 1, 37, 60, 1
185, 22, 0, 38, 2, 1
185, 22, 1, 38, 4, 1
185, 22, 1, 38, 20, 1
185, 22, 1, 38, 21, 1
185, 22, 1, 38, 22, 1
185, 22, 2, 38, 23, 1
185, 22, 3, 38, 24, 1
185, 22, 3, 38, 25, 1
185, 22, 2, 38, 26, 1
185, 22, 2, 38, 27, 1
185, 22, 1, 38, 29, 1
185, 22, 1, 38, 30, 1
185, 22, 0, 38, 59, 1
185, 22, 3, 38, 60, 1
185, 22, 1, 39, 4, 1
185, 22, 1, 39, 20, 1
185, 22, 0, 39, 27, 1
185, 22, 2, 39, 30, 1
185, 22, 1, 39, 35, 1
185, 22, 1, 39, 59, 1
185, 22, 2, 40, 2, 1
185, 22, 0, 40, 3, 1
185, 22, 2, 40, 10, 1
185, 22, 1, 40, 11, 1
185, 22, 2, 40, 18, 1
185, 22, 0, 40, 19, 1
185, 22, 3, 40, 27, 1
185, 22, 3, 40, 29, 1
185, 22, 3, 40, 36, 1
185, 22, 0, 40, 37, 1
185, 22, 2, 40, 38, 1
185, 22, 0, 40, 39, 1
185, 22, 0, 41, 1, 1
185, 22, 0, 41, 2, 1
185, 22, 1, 41, 3, 1
185, 22, 0, 41, 10, 1
185, 22, 1, 41, 11, 1
185, 22, 3, 41, 12, 1
185, 22, 2, 41, 15, 1
185, 22, 1, 41, 16, 1
185, 22, 1, 41, 26, 1
185, 22, 1, 41, 38, 1
185, 22, 2, 41, 53, 1
185, 22, 3, 41, 54, 1
185, 22, 1, 41, 59, 1
185, 22, 3, 42, 2, 1
185, 22, 2, 42, 3, 1
185, 22, 3, 42, 17, 1
185, 22, 2, 42, 19, 1
185, 22, 1, 42, 25, 1
185, 22, 2, 42, 26, 1
185, 22, 2, 42, 27, 1
185, 22, 3, 42, 53, 1
185, 22, 0, 42, 54, 1
185, 22, 2, 43, 2, 1
185, 22, 2, 43, 18, 1
185, 22, 1, 43, 19, 1
185, 22, 0, 43, 25, 1
185, 22, 3, 43, 27, 1
185, 22, 0, 43, 38, 1
185, 22, 0, 43, 53, 1
185, 22, 2, 43, 60, 1
185, 22, 3, 44, 3, 1
185, 22, 2, 44, 18, 1
185, 22, 3, 44, 19, 1
185, 22, 1, 44, 24, 1
185, 22, 2, 44, 25, 1
185, 22, 3, 44, 26, 1
185, 22, 0, 44, 27, 1
185, 22, 1, 44, 53, 1
185, 22, 3, 45, 3, 1
185, 22, 0, 45, 17, 1
185, 22, 0, 45, 18, 1
185, 22, 1, 45, 19, 1
185, 22, 2, 45, 24, 1
185, 22, 3, 45, 26, 1
185, 22, 0, 45, 60, 1
185, 22, 3, 46, 2, 1
185, 22, 0, 46, 3, 1
185, 22, 0, 46, 18, 1
185, 22, 1, 46, 19, 1
185, 22, 0, 46, 20, 1
185, 22, 2, 46, 21, 1
185, 22, 0, 46, 22, 1
185, 22, 2, 46, 25, 1
185, 22, 0, 46, 53, 1
185, 22, 1, 47, 3, 1
185, 22, 2, 47, 4, 1
185, 22, 2, 47, 5, 1
185, 22, 1, 47, 19, 1
185, 22, 3, 47, 21, 1
185, 22, 3, 47, 22, 1
185, 22, 3, 47, 24, 1
185, 22, 1, 47, 25, 1
185, 22, 2, 47, 60, 1
185, 22, 2, 48, 2, 1
185, 22, 1, 48, 3, 1
185, 22, 3, 48, 5, 1
185, 22, 0, 48, 20, 1
185, 22, 3, 48, 21, 1
185, 22, 2, 48, 22, 1
185, 22, 0, 48, 24, 1
185, 22, 1, 48, 25, 1
185, 22, 3, 48, 38, 1
185, 22, 0, 48, 52, 1
185, 22, 0, 48, 53, 1
185, 22, 2, 48, 60, 1
185, 22, 1, 49, 2, 1
185, 22, 3, 49, 4, 1
185, 22, 1, 49, 22, 1
185, 22, 1, 49, 52, 1
185, 22, 2, 49, 53, 1
185, 22, 1, 49, 54, 1
185, 22, 3, 49, 59, 1
185, 22, 1, 49, 60, 1
185, 22, 2, 50, 3, 1
185, 22, 3, 50, 4, 1
185, 22, 0, 50, 38, 1
185, 22, 2, 50, 52, 1
185, 22, 3, 50, 58, 1
185, 22, 0, 50, 59, 1
185, 22, 0, 50, 60, 1
185, 22, 1, 50, 61, 1
185, 22, 0, 50, 62, 1
185, 22, 1, 51, 2, 1
185, 22, 0, 51, 4, 1
185, 22, 1, 51, 38, 1
185, 22, 1, 51, 52, 1
185, 22, 1, 52, 1, 1
185, 22, 0, 52, 2, 1
185, 22, 2, 52, 3, 1
185, 22, 2, 52, 21, 1
185, 22, 0, 52, 46, 1
185, 22, 0, 52, 52, 1
185, 22, 3, 53, 1, 1
185, 22, 3, 53, 3, 1
185, 22, 2, 53, 4, 1
185, 22, 2, 53, 5, 1
185, 22, 3, 53, 38, 1
185, 22, 2, 53, 45, 1
185, 22, 1, 53, 46, 1
185, 22, 3, 53, 48, 1
185, 22, 1, 53, 50, 1
185, 22, 3, 54, 1, 1
185, 22, 2, 54, 2, 1
185, 22, 2, 54, 4, 1
185, 22, 3, 54, 5, 1
185, 22, 2, 54, 6, 1
185, 22, 0, 55, 2, 1
185, 22, 1, 55, 4, 1
185, 22, 1, 55, 6, 1
185, 22, 1, 55, 7, 1
185, 22, 2, 55, 21, 1
185, 22, 0, 55, 59, 1
185, 22, 0, 56, 2, 1
185, 22, 0, 56, 4, 1
185, 22, 1, 56, 5, 1
185, 22, 3, 56, 6, 1
185, 22, 2, 56, 7, 1
185, 22, 2, 56, 8, 1
185, 22, 3, 56, 20, 1
185, 22, 2, 56, 21, 1
185, 22, 3, 56, 58, 1
185, 22, 1, 56, 59, 1
185, 22, 0, 57, 4, 1
185, 22, 0, 57, 7, 1
185, 22, 3, 57, 9, 1
185, 22, 0, 57, 20, 1
185, 22, 1, 57, 21, 1
185, 22, 2, 57, 38, 1
185, 22, 1, 57, 39, 1
185, 22, 2, 58, 3, 1
185, 22, 2, 58, 5, 1
185, 22, 0, 58, 7, 1
185, 22, 2, 58, 9, 1
185, 22, 2, 58, 10, 1
185, 22, 1, 58, 11, 1
185, 22, 3, 58, 37, 1
185, 22, 0, 58, 39, 1
185, 22, 0, 58, 41, 1
185, 22, 2, 58, 42, 1
185, 22, 2, 58, 44, 1
185, 22, 1, 58, 45, 1
185, 22, 1, 58, 46, 1
185, 22, 3, 58, 47, 1
185, 22, 3, 58, 49, 1
185, 22, 3, 59, 3, 1
185, 22, 2, 59, 5, 1
185, 22, 1, 59, 6, 1
185, 22, 0, 59, 8, 1
185, 22, 1, 59, 9, 1
185, 22, 2, 59, 11, 1
185, 22, 2, 59, 28, 1
185, 22, 0, 59, 33, 1
185, 22, 1, 59, 34, 1
185, 22, 2, 59, 35, 1
185, 22, 3, 59, 36, 1
185, 22, 3, 59, 37, 1
185, 22, 3, 59, 38, 1
185, 22, 1, 59, 39, 1
185, 22, 3, 59, 40, 1
185, 22, 0, 59, 41, 1
185, 22, 3, 59, 43, 1
185, 22, 2, 59, 45, 1
185, 22, 3, 59, 48, 1
185, 22, 1, 59, 49, 1
185, 22, 2, 59, 51, 1
185, 22, 1, 59, 60, 1
185, 22, 0, 59, 61, 1
185, 22, 3, 59, 63, 1
185, 22, 3, 60, 3, 1
185, 22, 0, 60, 4, 1
185, 22, 1, 60, 5, 1
185, 22, 3, 60, 7, 1
185, 22, 3, 60, 8, 1
185, 22, 3, 60, 9, 1
185, 22, 0, 60, 10, 1
185, 22, 0, 60, 11, 1
185, 22, 3, 60, 12, 1
185, 22, 2, 60, 13, 1
185, 22, 3, 60, 14, 1
185, 22, 0, 60, 15, 1
185, 22, 3, 60, 17, 1
185, 22, 3, 60, 25, 1
185, 22, 0, 60, 26, 1
185, 22, 1, 60, 27, 1
185, 22, 1, 60, 28, 1
185, 22, 0, 60, 30, 1
185, 22, 1, 60, 32, 1
185, 22, 3, 60, 33, 1
185, 22, 2, 60, 35, 1
185, 22, 2, 60, 38, 1
185, 22, 0, 60, 41, 1
185, 22, 0, 60, 42, 1
185, 22, 1, 60, 43, 1
185, 22, 2, 60, 44, 1
185, 22, 0, 60, 46, 1
185, 22, 2, 60, 48, 1
185, 22, 3, 60, 49, 1
185, 22, 2, 60, 50, 1
185, 22, 2, 60, 51, 1
185, 22, 0, 60, 52, 1
185, 22, 1, 60, 57, 1
185, 22, 3, 60, 59, 1
185, 22, 3, 60, 60, 1
185, 22, 1, 60, 61, 1
185, 22, 2, 60, 62, 1
185, 22, 3, 60, 63, 1
185, 22, 1, 61, 3, 1
185, 22, 2, 61, 4, 1
185, 22, 3, 61, 5, 1
185, 22, 0, 61, 13, 1
185, 22, 1, 61, 14, 1
185, 22, 1, 61, 15, 1
185, 22, 2, 61, 17, 1
185, 22, 0, 61, 18, 1
185, 22, 2, 61, 20, 1
185, 22, 3, 61, 22, 1
185, 22, 1, 61, 23, 1
185, 22, 2, 61, 24, 1
185, 22, 2, 61, 29, 1
185, 22, 3, 61, 30, 1
185, 22, 0, 61, 31, 1
185, 22, 1, 61, 32, 1
185, 22, 2, 61, 34, 1
185, 22, 1, 61, 35, 1
185, 22, 1, 61, 36, 1
185, 22, 1, 61, 37, 1
185, 22, 0, 61, 39, 1
185, 22, 3, 61, 40, 1
185, 22, 3, 61, 41, 1
185, 22, 3, 61, 42, 1
185, 22, 2, 61, 44, 1
185, 22, 0, 61, 46, 1
185, 22, 0, 61, 47, 1
185, 22, 2, 61, 48, 1
185, 22, 3, 61, 51, 1
185, 22, 1, 61, 53, 1
185, 22, 0, 61, 54, 1
185, 22, 0, 61, 57, 1
185, 22, 1, 62, 9, 1
185, 22, 2, 62, 10, 1
185, 22, 3, 62, 11, 1
185, 22, 0, 62, 12, 1
185, 22, 1, 62, 19, 1
185, 22, 1, 62, 20, 1
185, 22, 3, 62, 24, 1
185, 22, 3, 62, 29, 1
185, 22, 2, 62, 31, 1
185, 22, 0, 62, 38, 1
185, 22, 2, 62, 40, 1
185, 22, 3, 62, 47, 1
185, 22, 0, 62, 51, 1
185, 22, 1, 62, 52, 1
185, 22, 2, 62, 53, 1
185, 22, 2, 62, 54, 1
185, 22, 3, 62, 55, 1
185, 22, 3, 62, 56, 1
185, 22, 1, 63, 39, 1
185, 22, 0, 0, 0, 3
185, 22, 3, 0, 2, 3
185, 22, 2, 0, 8, 3
185, 22, 1, 0, 10, 3
185, 22, 0, 0, 17, 3
185, 22, 3, 0, 22, 3
185, 22, 1, 0, 31, 3
185, 22, 0, 0, 38, 3
185, 22, 3, 0, 40, 3
185, 22, 1, 0, 42, 3
185, 22, 0, 0, 43, 3
185, 22, 3, 0, 45, 3
185, 22, 1, 0, 46, 3
185, 22, 0, 0, 47, 3
185, 22, 3, 0, 49, 3
185, 22, 2, 0, 55, 3
185, 22, 1, 0, 57, 3
185, 22, 0, 0, 58, 3
185, 22, 3, 0, 59, 3
185, 22, 1, 0, 61, 3
185, 22, 2, 1, 40, 3
185, 22, 2, 1, 45, 3
185, 22, 1, 5, 0, 3
185, 22, 3, 6, 0, 3
185, 22, 3, 11, 0, 3
185, 22, 0, 13, 0, 3
185, 22, 1, 25, 0, 3
185, 22, 2, 28, 0, 3
185, 22, 3, 38, 0, 3
185, 22, 0, 43, 0, 3
185, 22, 2, 48, 0, 3
185, 22, 2, 57, 0, 3
185, 22, 3, 62, 0, 3
185, 22, 2, 62, 26, 3
185, 22, 3, 62, 59, 3
185, 22, 3, 62, 61, 3
185, 22, 1, 63, 1, 3
185, 22, 1, 63, 16, 3
185, 22, 3, 63, 27, 3
185, 22, 0, 63, 35, 3
185, 22, 1, 63, 42, 3
185, 22, 2, 63, 43, 3
185, 22, 1, 63, 60, 3
185, 22, 2, 63, 61, 3
185, 22, 0, 63, 63, 3
186, 22, 3, 2, 14, 1
186, 22, 0, 2, 19, 1
186, 22, 1, 2, 27, 1
186, 22, 2, 3, 9, 1
186, 22, 2, 3, 32, 1
186, 22, 1, 3, 49, 1
186, 22, 2, 3, 63, 1
186, 22, 3, 4, 38, 1
186, 22, 0, 4, 42, 1
186, 22, 3, 4, 56, 1
186, 22, 1, 6, 4, 1
186, 22, 0, 8, 2, 1
186, 22, 1, 9, 21, 1
186, 22, 3, 10, 30, 1
186, 22, 3, 11, 41, 1
186, 22, 0, 12, 18, 1
186, 22, 3, 14, 3, 1
186, 22, 0, 14, 54, 1
186, 22, 1, 15, 46, 1
186, 22, 3, 16, 58, 1
186, 22, 2, 18, 2, 1
186, 22, 2, 20, 9, 1
186, 22, 3, 21, 11, 1
186, 22, 2, 23, 20, 1
186, 22, 0, 24, 2, 1
186, 22, 3, 24, 21, 1
186, 22, 0, 24, 31, 1
186, 22, 2, 28, 57, 1
186, 22, 3, 30, 22, 1
186, 22, 1, 30, 28, 1
186, 22, 2, 31, 45, 1
186, 22, 3, 34, 2, 1
186, 22, 0, 39, 28, 1
186, 22, 1, 40, 59, 1
186, 22, 2, 41, 13, 1
186, 22, 1, 41, 28, 1
186, 22, 2, 45, 1, 1
186, 22, 2, 45, 25, 1
186, 22, 3, 45, 53, 1
186, 22, 0, 46, 60, 1
186, 22, 1, 48, 4, 1
186, 22, 3, 48, 23, 1
186, 22, 0, 49, 38, 1
186, 22, 3, 51, 59, 1
186, 22, 3, 52, 45, 1
186, 22, 2, 52, 59, 1
186, 22, 0, 53, 2, 1
186, 22, 3, 53, 51, 1
186, 22, 1, 54, 21, 1
186, 22, 3, 55, 5, 1
186, 22, 3, 55, 58, 1
186, 22, 2, 59, 12, 1
186, 22, 0, 59, 42, 1
186, 22, 0, 60, 24, 1
186, 22, 3, 60, 29, 1
186, 22, 2, 60, 34, 1
186, 22, 1, 60, 47, 1
186, 22, 0, 60, 58, 1
186, 22, 3, 61, 10, 1
186, 22, 1, 61, 19, 1
186, 22, 2, 61, 50, 1
186, 22, 2, 62, 39, 1
186, 22, 3, 0, 1, 3
186, 22, 2, 0, 7, 3
186, 22, 1, 0, 24, 3
186, 22, 0, 0, 30, 3
186, 22, 3, 0, 41, 3
186, 22, 2, 1, 44, 3
186, 22, 1, 1, 57, 3
186, 22, 0, 14, 0, 3
186, 22, 1, 37, 0, 3
186, 22, 1, 47, 0, 3
186, 22, 2, 61, 0, 3
186, 22, 2, 62, 62, 3
186, 22, 3, 63, 7, 3
186, 22, 0, 63, 15, 3
186, 22, 1, 63, 22, 3
186, 22, 2, 63, 26, 3
186, 22, 3, 63, 45, 3
186, 22, 0, 63, 59, 3
387, 10, 3, 39, 21, 1
423, 10, 0, 39, 23, 1
616, 10, 2, 43, 20, 1
692, 10, 2, 42, 22, 1
693, 10, 1, 45, 23, 1
907, 5, 0, 46, 23, 1
908, 4, 3, 43, 20, 1
1019, 4, 0, 39, 24, 1
1019, 4, 1, 42, 23, 1
1020, 4, 0, 39, 23, 1
1020, 4, 1, 43, 23, 1
1021, 4, 0, 39, 22, 1
1021, 4, 1, 44, 23, 1
1111, 10, 2, 42, 20, 1
1111, 10, 2, 44, 20, 1
1459, 1, 1, 0, 3, 1
1459, 0, 2, 0, 4, 1
1459, 0, 2, 0, 5, 1
1459, 1, 2, 0, 6, 1
1459, 1, 1, 0, 11, 1
1459, 0, 2, 0, 12, 1
1459, 0, 2, 0, 13, 1
1459, 0, 2, 0, 14, 1
1459, 1, 2, 0, 15, 1
1459, 1, 1, 0, 18, 1
1459, 0, 2, 0, 19, 1
1459, 0, 2, 0, 20, 1
1459, 1, 2, 0, 21, 1
1459, 1, 1, 0, 25, 1
1459, 0, 2, 0, 26, 1
1459, 0, 2, 0, 27, 1
1459, 0, 2, 0, 28, 1
1459, 1, 2, 0, 29, 1
1459, 1, 1, 0, 32, 1
1459, 0, 2, 0, 33, 1
1459, 0, 2, 0, 34, 1
1459, 0, 2, 0, 35, 1
1459, 0, 2, 0, 36, 1
1459, 1, 2, 0, 37, 1
1459, 1, 1, 0, 50, 1
1459, 0, 2, 0, 51, 1
1459, 0, 2, 0, 52, 1
1459, 0, 2, 0, 53, 1
1459, 1, 2, 0, 54, 1
1459, 1, 1, 0, 62, 1
1459, 0, 2, 0, 63, 1
1459, 1, 1, 1, 1, 1
1459, 0, 2, 1, 2, 1
1459, 9, 1, 1, 3, 1
1459, 9, 2, 1, 6, 1
1459, 0, 2, 1, 7, 1
1459, 0, 2, 1, 8, 1
1459, 0, 2, 1, 9, 1
1459, 0, 2, 1, 10, 1
1459, 9, 1, 1, 11, 1
1459, 9, 2, 1, 15, 1
1459, 0, 2, 1, 16, 1
1459, 0, 2, 1, 17, 1
1459, 9, 1, 1, 18, 1
1459, 9, 2, 1, 21, 1
1459, 0, 2, 1, 22, 1
1459, 0, 2, 1, 23, 1
1459, 0, 2, 1, 24, 1
1459, 9, 1, 1, 25, 1
1459, 9, 2, 1, 29, 1
1459, 0, 2, 1, 30, 1
1459, 0, 2, 1, 31, 1
1459, 9, 1, 1, 32, 1
1459, 9, 2, 1, 37, 1
1459, 0, 2, 1, 38, 1
1459, 1, 2, 1, 39, 1
1459, 1, 1, 1, 41, 1
1459, 0, 2, 1, 42, 1
1459, 1, 2, 1, 43, 1
1459, 1, 1, 1, 47, 1
1459, 0, 2, 1, 48, 1
1459, 0, 2, 1, 49, 1
1459, 9, 1, 1, 50, 1
1459, 9, 2, 1, 54, 1
1459, 0, 2, 1, 55, 1
1459, 1, 2, 1, 56, 1
1459, 1, 1, 1, 59, 1
1459, 0, 2, 1, 60, 1
1459, 0, 2, 1, 61, 1
1459, 9, 1, 1, 62, 1
1459, 1, 1, 2, 0, 1
1459, 9, 1, 2, 1, 1
1459, 9, 2, 2, 39, 1
1459, 0, 2, 2, 40, 1
1459, 9, 1, 2, 41, 1
1459, 9, 2, 2, 43, 1
1459, 0, 2, 2, 44, 1
1459, 0, 2, 2, 45, 1
1459, 0, 2, 2, 46, 1
1459, 9, 1, 2, 47, 1
1459, 9, 2, 2, 56, 1
1459, 0, 2, 2, 57, 1
1459, 0, 2, 2, 58, 1
1459, 9, 1, 2, 59, 1
1459, 0, 1, 3, 0, 1
1459, 1, 0, 4, 0, 1
1459, 9, 0, 4, 1, 1
1459, 0, 1, 5, 1, 1
1459, 0, 1, 6, 1, 1
1459, 1, 1, 7, 0, 1
1459, 9, 1, 7, 1, 1
1459, 0, 1, 8, 0, 1
1459, 0, 1, 9, 0, 1
1459, 1, 0, 10, 0, 1
1459, 9, 0, 10, 1, 1
1459, 0, 1, 11, 1, 1
1459, 0, 1, 12, 1, 1
1459, 0, 1, 13, 1, 1
1459, 0, 1, 14, 1, 1
1459, 1, 1, 15, 0, 1
1459, 9, 1, 15, 1, 1
1459, 0, 1, 16, 0, 1
1459, 0, 1, 17, 0, 1
1459, 0, 1, 18, 0, 1
1459, 0, 1, 19, 0, 1
1459, 1, 0, 20, 0, 1
1459, 9, 0, 20, 1, 1
1459, 1, 1, 21, 0, 1
1459, 9, 1, 21, 1, 1
1459, 0, 1, 22, 0, 1
1459, 1, 0, 23, 0, 1
1459, 9, 0, 23, 1, 1
1459, 0, 1, 24, 1, 1
1459, 0, 1, 25, 1, 1
1459, 1, 1, 26, 0, 1
1459, 9, 1, 26, 1, 1
1459, 1, 0, 27, 0, 1
1459, 9, 0, 27, 1, 1
1459, 0, 1, 28, 1, 1
1459, 1, 1, 29, 0, 1
1459, 9, 1, 29, 1, 1
1459, 0, 1, 30, 0, 1
1459, 0, 1, 31, 0, 1
1459, 9, 1, 32, 0, 1
1459, 9, 0, 33, 0, 1
1459, 0, 1, 34, 0, 1
1459, 0, 1, 35, 0, 1
1459, 1, 0, 36, 0, 1
1459, 9, 0, 36, 1, 1
1459, 0, 1, 37, 1, 1
1459, 0, 1, 39, 1, 1
1459, 1, 1, 40, 0, 1
1459, 9, 1, 40, 1, 1
1459, 0, 1, 41, 0, 1
1459, 1, 0, 42, 0, 1
1459, 9, 0, 42, 1, 1
1459, 0, 1, 43, 1, 1
1459, 1, 1, 44, 0, 1
1459, 9, 1, 44, 1, 1
1459, 0, 1, 45, 0, 1
1459, 1, 0, 46, 0, 1
1459, 9, 0, 46, 1, 1
1459, 0, 1, 47, 1, 1
1459, 0, 1, 48, 1, 1
1459, 0, 1, 49, 1, 1
1459, 1, 1, 50, 0, 1
1459, 9, 1, 50, 1, 1
1459, 0, 1, 51, 0, 1
1459, 0, 1, 52, 0, 1
1459, 0, 1, 53, 0, 1
1459, 0, 1, 54, 0, 1
1459, 0, 1, 55, 0, 1
1459, 1, 0, 56, 0, 1
1459, 9, 0, 56, 1, 1
1459, 0, 1, 57, 1, 1
1459, 0, 1, 58, 1, 1
1459, 1, 1, 59, 0, 1
1459, 9, 1, 59, 1, 1
1459, 1, 0, 60, 0, 1
1459, 9, 0, 60, 1, 1
1459, 0, 1, 61, 1, 1
1459, 9, 3, 61, 25, 1
1459, 0, 0, 61, 26, 1
1459, 0, 0, 61, 27, 1
1459, 9, 0, 61, 28, 1
1459, 9, 3, 61, 58, 1
1459, 0, 0, 61, 59, 1
1459, 0, 0, 61, 60, 1
1459, 0, 0, 61, 61, 1
1459, 0, 0, 61, 62, 1
1459, 0, 0, 61, 63, 1
1459, 1, 0, 62, 1, 1
1459, 9, 0, 62, 2, 1
1459, 9, 3, 62, 5, 1
1459, 0, 0, 62, 6, 1
1459, 0, 0, 62, 7, 1
1459, 9, 0, 62, 8, 1
1459, 9, 3, 62, 14, 1
1459, 0, 0, 62, 15, 1
1459, 0, 0, 62, 16, 1
1459, 0, 0, 62, 17, 1
1459, 9, 0, 62, 18, 1
1459, 9, 3, 62, 21, 1
1459, 0, 0, 62, 22, 1
1459, 9, 0, 62, 23, 1
1459, 0, 3, 62, 25, 1
1459, 0, 1, 62, 28, 1
1459, 9, 3, 62, 33, 1
1459, 0, 0, 62, 34, 1
1459, 0, 0, 62, 35, 1
1459, 9, 0, 62, 36, 1
1459, 9, 3, 62, 41, 1
1459, 0, 0, 62, 42, 1
1459, 0, 0, 62, 43, 1
1459, 0, 0, 62, 44, 1
1459, 0, 0, 62, 45, 1
1459, 9, 0, 62, 46, 1
1459, 9, 3, 62, 48, 1
1459, 0, 0, 62, 49, 1
1459, 9, 0, 62, 50, 1
1459, 9, 3, 62, 57, 1
1459, 1, 3, 62, 58, 1
1459, 1, 0, 63, 2, 1
1459, 0, 0, 63, 3, 1
1459, 0, 0, 63, 4, 1
1459, 1, 3, 63, 5, 1
1459, 1, 0, 63, 8, 1
1459, 0, 0, 63, 9, 1
1459, 0, 0, 63, 10, 1
1459, 0, 0, 63, 11, 1
1459, 0, 0, 63, 12, 1
1459, 0, 0, 63, 13, 1
1459, 1, 3, 63, 14, 1
1459, 1, 0, 63, 18, 1
1459, 0, 0, 63, 19, 1
1459, 0, 0, 63, 20, 1
1459, 1, 3, 63, 21, 1
1459, 1, 0, 63, 23, 1
1459, 0, 0, 63, 24, 1
1459, 1, 3, 63, 25, 1
1459, 1, 0, 63, 28, 1
1459, 9, 0, 63, 29, 1
1459, 9, 3, 63, 30, 1
1459, 0, 0, 63, 31, 1
1459, 0, 0, 63, 32, 1
1459, 1, 3, 63, 33, 1
1459, 1, 0, 63, 36, 1
1459, 0, 0, 63, 37, 1
1459, 9, 0, 63, 38, 1
1459, 9, 3, 63, 40, 1
1459, 1, 3, 63, 41, 1
1459, 1, 0, 63, 46, 1
1459, 0, 0, 63, 47, 1
1459, 1, 3, 63, 48, 1
1459, 1, 0, 63, 50, 1
1459, 0, 0, 63, 51, 1
1459, 0, 0, 63, 52, 1
1459, 0, 0, 63, 53, 1
1459, 0, 0, 63, 54, 1
1459, 0, 0, 63, 55, 1
1459, 0, 0, 63, 56, 1
1459, 1, 3, 63, 57, 1
1460, 10, 1, 0, 0, 2
1460, 10, 1, 0, 1, 2
1460, 10, 1, 0, 2, 2
1460, 10, 1, 0, 7, 2
1460, 10, 1, 0, 8, 2
1460, 10, 1, 0, 9, 2
1460, 10, 1, 0, 10, 2
1460, 10, 1, 0, 16, 2
1460, 10, 1, 0, 17, 2
1460, 10, 1, 0, 22, 2
1460, 10, 1, 0, 23, 2
1460, 10, 1, 0, 24, 2
1460, 10, 1, 0, 30, 2
1460, 10, 1, 0, 31, 2
1460, 10, 1, 0, 38, 2
1460, 10, 1, 0, 39, 2
1460, 10, 1, 0, 40, 2
1460, 10, 1, 0, 41, 2
1460, 10, 1, 0, 42, 2
1460, 10, 1, 0, 43, 2
1460, 10, 1, 0, 44, 2
1460, 10, 1, 0, 45, 2
1460, 10, 1, 0, 46, 2
1460, 10, 1, 0, 47, 2
1460, 10, 1, 0, 48, 2
1460, 10, 1, 0, 49, 2
1460, 10, 1, 0, 55, 2
1460, 10, 1, 0, 56, 2
1460, 10, 1, 0, 57, 2
1460, 10, 1, 0, 58, 2
1460, 10, 1, 0, 59, 2
1460, 10, 1, 0, 60, 2
1460, 10, 1, 0, 61, 2
1460, 10, 1, 1, 0, 2
1460, 10, 1, 1, 40, 2
1460, 10, 1, 1, 44, 2
1460, 10, 1, 1, 45, 2
1460, 10, 1, 1, 46, 2
1460, 10, 1, 1, 57, 2
1460, 10, 1, 1, 58, 2
1460, 10, 1, 5, 0, 2
1460, 10, 1, 6, 0, 2
1460, 10, 1, 11, 0, 2
1460, 10, 1, 12, 0, 2
1460, 10, 1, 13, 0, 2
1460, 10, 1, 14, 0, 2
1460, 10, 1, 24, 0, 2
1460, 10, 1, 25, 0, 2
1460, 10, 1, 28, 0, 2
1460, 10, 1, 37, 0, 2
1460, 10, 1, 38, 0, 2
1460, 10, 1, 39, 0, 2
1460, 10, 1, 43, 0, 2
1460, 10, 1, 47, 0, 2
1460, 10, 1, 48, 0, 2
1460, 10, 1, 49, 0, 2
1460, 10, 1, 57, 0, 2
1460, 10, 1, 58, 0, 2
1460, 10, 1, 61, 0, 2
1460, 10, 1, 62, 0, 2
1460, 10, 1, 62, 26, 2
1460, 10, 1, 62, 27, 2
1460, 10, 1, 62, 59, 2
1460, 10, 1, 62, 60, 2
1460, 10, 1, 62, 61, 2
1460, 10, 1, 62, 62, 2
1460, 10, 1, 62, 63, 2
1460, 10, 1, 63, 0, 2
1460, 10, 1, 63, 1, 2
1460, 10, 1, 63, 6, 2
1460, 10, 1, 63, 7, 2
1460, 10, 1, 63, 15, 2
1460, 10, 1, 63, 16, 2
1460, 10, 1, 63, 17, 2
1460, 10, 1, 63, 22, 2
1460, 10, 1, 63, 26, 2
1460, 10, 1, 63, 27, 2
1460, 10, 1, 63, 34, 2
1460, 10, 1, 63, 35, 2
1460, 10, 1, 63, 42, 2
1460, 10, 1, 63, 43, 2
1460, 10, 1, 63, 44, 2
1460, 10, 1, 63, 45, 2
1460, 10, 1, 63, 49, 2
1460, 10, 1, 63, 58, 2
1460, 10, 1, 63, 59, 2
1460, 10, 1, 63, 60, 2
1460, 10, 1, 63, 61, 2
1460, 10, 1, 63, 62, 2
1460, 10, 1, 63, 63, 2
1469, 1, 1, 0, 3, 2
1469, 0, 2, 0, 4, 2
1469, 0, 2, 0, 5, 2
1469, 1, 2, 0, 6, 2
1469, 1, 1, 0, 11, 2
1469, 0, 2, 0, 12, 2
1469, 0, 2, 0, 13, 2
1469, 0, 2, 0, 14, 2
1469, 1, 2, 0, 15, 2
1469, 1, 1, 0, 18, 2
1469, 0, 2, 0, 19, 2
1469, 0, 2, 0, 20, 2
1469, 1, 2, 0, 21, 2
1469, 1, 1, 0, 25, 2
1469, 0, 2, 0, 26, 2
1469, 0, 2, 0, 27, 2
1469, 0, 2, 0, 28, 2
1469, 1, 2, 0, 29, 2
1469, 1, 1, 0, 32, 2
1469, 0, 2, 0, 33, 2
1469, 0, 2, 0, 34, 2
1469, 0, 2, 0, 35, 2
1469, 0, 2, 0, 36, 2
1469, 1, 2, 0, 37, 2
1469, 1, 1, 0, 50, 2
1469, 0, 2, 0, 51, 2
1469, 0, 2, 0, 52, 2
1469, 0, 2, 0, 53, 2
1469, 1, 2, 0, 54, 2
1469, 1, 1, 0, 62, 2
1469, 0, 2, 0, 63, 2
1469, 1, 1, 1, 1, 2
1469, 0, 2, 1, 2, 2
1469, 9, 1, 1, 3, 2
1469, 9, 2, 1, 6, 2
1469, 0, 2, 1, 7, 2
1469, 0, 2, 1, 8, 2
1469, 0, 2, 1, 9, 2
1469, 0, 2, 1, 10, 2
1469, 9, 1, 1, 11, 2
1469, 9, 2, 1, 15, 2
1469, 0, 2, 1, 16, 2
1469, 0, 2, 1, 17, 2
1469, 9, 1, 1, 18, 2
1469, 9, 2, 1, 21, 2
1469, 0, 2, 1, 22, 2
1469, 0, 2, 1, 23, 2
1469, 0, 2, 1, 24, 2
1469, 9, 1, 1, 25, 2
1469, 9, 2, 1, 29, 2
1469, 0, 2, 1, 30, 2
1469, 0, 2, 1, 31, 2
1469, 9, 1, 1, 32, 2
1469, 9, 2, 1, 37, 2
1469, 0, 2, 1, 38, 2
1469, 1, 2, 1, 39, 2
1469, 1, 1, 1, 41, 2
1469, 0, 2, 1, 42, 2
1469, 1, 2, 1, 43, 2
1469, 1, 1, 1, 47, 2
1469, 0, 2, 1, 48, 2
1469, 0, 2, 1, 49, 2
1469, 9, 1, 1, 50, 2
1469, 9, 2, 1, 54, 2
1469, 0, 2, 1, 55, 2
1469, 1, 2, 1, 56, 2
1469, 1, 1, 1, 59, 2
1469, 0, 2, 1, 60, 2
1469, 0, 2, 1, 61, 2
1469, 9, 1, 1, 62, 2
1469, 1, 1, 2, 0, 2
1469, 9, 1, 2, 1, 2
1469, 9, 2, 2, 39, 2
1469, 0, 2, 2, 40, 2
1469, 9, 1, 2, 41, 2
1469, 9, 2, 2, 43, 2
1469, 0, 2, 2, 44, 2
1469, 0, 2, 2, 45, 2
1469, 0, 2, 2, 46, 2
1469, 9, 1, 2, 47, 2
1469, 9, 2, 2, 56, 2
1469, 0, 2, 2, 57, 2
1469, 0, 2, 2, 58, 2
1469, 9, 1, 2, 59, 2
1469, 0, 1, 3, 0, 2
1469, 1, 0, 4, 0, 2
1469, 9, 0, 4, 1, 2
1469, 0, 1, 5, 1, 2
1469, 0, 1, 6, 1, 2
1469, 1, 1, 7, 0, 2
1469, 9, 1, 7, 1, 2
1469, 0, 1, 8, 0, 2
1469, 0, 1, 9, 0, 2
1469, 1, 0, 10, 0, 2
1469, 9, 0, 10, 1, 2
1469, 0, 1, 11, 1, 2
1469, 0, 1, 12, 1, 2
1469, 0, 1, 13, 1, 2
1469, 0, 1, 14, 1, 2
1469, 1, 1, 15, 0, 2
1469, 9, 1, 15, 1, 2
1469, 0, 1, 16, 0, 2
1469, 0, 1, 17, 0, 2
1469, 0, 1, 18, 0, 2
1469, 0, 1, 19, 0, 2
1469, 1, 0, 20, 0, 2
1469, 9, 0, 20, 1, 2
1469, 1, 1, 21, 0, 2
1469, 9, 1, 21, 1, 2
1469, 0, 1, 22, 0, 2
1469, 1, 0, 23, 0, 2
1469, 9, 0, 23, 1, 2
1469, 0, 1, 24, 1, 2
1469, 0, 1, 25, 1, 2
1469, 1, 1, 26, 0, 2
1469, 9, 1, 26, 1, 2
1469, 1, 0, 27, 0, 2
1469, 9, 0, 27, 1, 2
1469, 0, 1, 28, 1, 2
1469, 1, 1, 29, 0, 2
1469, 9, 1, 29, 1, 2
1469, 0, 1, 30, 0, 2
1469, 0, 1, 31, 0, 2
1469, 9, 1, 32, 0, 2
1469, 9, 0, 33, 0, 2
1469, 0, 1, 34, 0, 2
1469, 0, 1, 35, 0, 2
1469, 1, 0, 36, 0, 2
1469, 9, 0, 36, 1, 2
1469, 0, 1, 37, 1, 2
1469, 0, 1, 38, 1, 2
1469, 0, 1, 39, 1, 2
1469, 1, 1, 40, 0, 2
1469, 9, 1, 40, 1, 2
1469, 0, 1, 41, 0, 2
1469, 1, 0, 42, 0, 2
1469, 9, 0, 42, 1, 2
1469, 0, 1, 43, 1, 2
1469, 1, 1, 44, 0, 2
1469, 9, 1, 44, 1, 2
1469, 0, 1, 45, 0, 2
1469, 1, 0, 46, 0, 2
1469, 9, 0, 46, 1, 2
1469, 0, 1, 47, 1, 2
1469, 0, 1, 48, 1, 2
1469, 0, 1, 49, 1, 2
1469, 1, 1, 50, 0, 2
1469, 9, 1, 50, 1, 2
1469, 0, 1, 51, 0, 2
1469, 0, 1, 52, 0, 2
1469, 0, 1, 53, 0, 2
1469, 0, 1, 54, 0, 2
1469, 0, 1, 55, 0, 2
1469, 1, 0, 56, 0, 2
1469, 9, 0, 56, 1, 2
1469, 0, 1, 57, 1, 2
1469, 0, 1, 58, 1, 2
1469, 1, 1, 59, 0, 2
1469, 9, 1, 59, 1, 2
1469, 1, 0, 60, 0, 2
1469, 9, 0, 60, 1, 2
1469, 0, 1, 61, 1, 2
1469, 9, 3, 61, 25, 2
1469, 0, 0, 61, 26, 2
1469, 0, 0, 61, 27, 2
1469, 9, 0, 61, 28, 2
1469, 9, 3, 61, 58, 2
1469, 0, 0, 61, 59, 2
1469, 0, 0, 61, 60, 2
1469, 0, 0, 61, 61, 2
1469, 0, 0, 61, 62, 2
1469, 0, 0, 61, 63, 2
1469, 1, 0, 62, 1, 2
1469, 9, 0, 62, 2, 2
1469, 9, 3, 62, 5, 2
1469, 0, 0, 62, 6, 2
1469, 0, 0, 62, 7, 2
1469, 9, 0, 62, 8, 2
1469, 9, 3, 62, 14, 2
1469, 0, 0, 62, 15, 2
1469, 0, 0, 62, 16, 2
1469, 0, 0, 62, 17, 2
1469, 9, 0, 62, 18, 2
1469, 9, 3, 62, 21, 2
1469, 0, 0, 62, 22, 2
1469, 9, 0, 62, 23, 2
1469, 0, 3, 62, 25, 2
1469, 0, 1, 62, 28, 2
1469, 9, 3, 62, 33, 2
1469, 0, 0, 62, 34, 2
1469, 0, 0, 62, 35, 2
1469, 9, 0, 62, 36, 2
1469, 9, 3, 62, 41, 2
1469, 0, 0, 62, 42, 2
1469, 0, 0, 62, 43, 2
1469, 0, 0, 62, 44, 2
1469, 0, 0, 62, 45, 2
1469, 9, 0, 62, 46, 2
1469, 9, 3, 62, 48, 2
1469, 0, 0, 62, 49, 2
1469, 9, 0, 62, 50, 2
1469, 9, 3, 62, 57, 2
1469, 1, 3, 62, 58, 2
1469, 1, 0, 63, 2, 2
1469, 0, 0, 63, 3, 2
1469, 0, 0, 63, 4, 2
1469, 1, 3, 63, 5, 2
1469, 1, 0, 63, 8, 2
1469, 0, 0, 63, 9, 2
1469, 0, 0, 63, 10, 2
1469, 0, 0, 63, 11, 2
1469, 0, 0, 63, 12, 2
1469, 0, 0, 63, 13, 2
1469, 1, 3, 63, 14, 2
1469, 1, 0, 63, 18, 2
1469, 0, 0, 63, 19, 2
1469, 0, 0, 63, 20, 2
1469, 1, 3, 63, 21, 2
1469, 1, 0, 63, 23, 2
1469, 0, 0, 63, 24, 2
1469, 1, 3, 63, 25, 2
1469, 1, 0, 63, 28, 2
1469, 9, 0, 63, 29, 2
1469, 9, 3, 63, 30, 2
1469, 0, 0, 63, 31, 2
1469, 0, 0, 63, 32, 2
1469, 1, 3, 63, 33, 2
1469, 1, 0, 63, 36, 2
1469, 0, 0, 63, 37, 2
1469, 9, 0, 63, 38, 2
1469, 9, 3, 63, 40, 2
1469, 1, 3, 63, 41, 2
1469, 1, 0, 63, 46, 2
1469, 0, 0, 63, 47, 2
1469, 1, 3, 63, 48, 2
1469, 1, 0, 63, 50, 2
1469, 0, 0, 63, 51, 2
1469, 0, 0, 63, 52, 2
1469, 0, 0, 63, 53, 2
1469, 0, 0, 63, 54, 2
1469, 0, 0, 63, 55, 2
1469, 0, 0, 63, 56, 2
1469, 1, 3, 63, 57, 2
1631, 1, 1, 38, 20, 1
1631, 0, 2, 38, 21, 1
1631, 0, 2, 38, 22, 1
1631, 0, 2, 38, 23, 1
1631, 0, 2, 38, 24, 1
1631, 0, 2, 38, 25, 1
1631, 1, 2, 38, 26, 1
1631, 0, 1, 39, 20, 1
1631, 0, 3, 39, 26, 1
1631, 0, 1, 40, 20, 1
1631, 0, 3, 40, 26, 1
1631, 1, 1, 41, 19, 1
1631, 9, 1, 41, 20, 1
1631, 9, 3, 41, 24, 1
1631, 0, 0, 41, 25, 1
1631, 1, 3, 41, 26, 1
1631, 0, 1, 42, 19, 1
1631, 0, 3, 42, 24, 1
1631, 0, 1, 43, 19, 1
1631, 0, 3, 43, 24, 1
1631, 0, 1, 44, 19, 1
1631, 0, 3, 44, 24, 1
1631, 0, 1, 45, 19, 1
1631, 0, 3, 45, 24, 1
1631, 1, 0, 46, 19, 1
1631, 0, 0, 46, 20, 1
1631, 0, 0, 46, 21, 1
1631, 0, 0, 46, 23, 1
1631, 1, 3, 46, 24, 1
1640, 16, 1, 39, 21, 2
1640, 12, 2, 39, 22, 2
1640, 12, 2, 39, 23, 2
1640, 12, 2, 39, 24, 2
1640, 16, 2, 39, 25, 2
1640, 12, 1, 40, 21, 2
1640, 17, 3, 40, 22, 2
1640, 17, 3, 40, 23, 2
1640, 14, 3, 40, 24, 2
1640, 16, 3, 40, 25, 2
1640, 13, 1, 41, 20, 2
1640, 14, 1, 41, 21, 2
1640, 17, 3, 41, 22, 2
1640, 14, 3, 41, 23, 2
1640, 13, 3, 41, 24, 2
1640, 12, 1, 42, 20, 2
1640, 17, 3, 42, 21, 2
1640, 17, 3, 42, 22, 2
1640, 12, 3, 42, 23, 2
1640, 12, 1, 43, 20, 2
1640, 17, 3, 43, 21, 2
1640, 17, 3, 43, 22, 2
1640, 12, 3, 43, 23, 2
1640, 12, 1, 44, 20, 2
1640, 17, 3, 44, 21, 2
1640, 17, 3, 44, 22, 2
1640, 12, 3, 44, 23, 2
1640, 16, 0, 45, 20, 2
1640, 12, 0, 45, 21, 2
1640, 12, 0, 45, 22, 2
1640, 16, 3, 45, 23, 2
1793, 19, 1, 38, 20, 2
1793, 18, 2, 38, 21, 2
1793, 18, 2, 38, 22, 2
1793, 18, 2, 38, 23, 2
1793, 18, 2, 38, 24, 2
1793, 18, 2, 38, 25, 2
1793, 19, 2, 38, 26, 2
1793, 18, 1, 39, 20, 2
1793, 18, 3, 39, 26, 2
1793, 18, 1, 40, 20, 2
1793, 18, 3, 40, 26, 2
1793, 19, 1, 41, 19, 2
1793, 18, 0, 41, 25, 2
1793, 19, 3, 41, 26, 2
1793, 18, 1, 42, 19, 2
1793, 18, 3, 42, 24, 2
1793, 18, 1, 43, 19, 2
1793, 18, 3, 43, 24, 2
1793, 18, 1, 44, 19, 2
1793, 18, 3, 44, 24, 2
1793, 18, 1, 45, 19, 2
1793, 18, 3, 45, 24, 2
1793, 19, 0, 46, 19, 2
1793, 18, 0, 46, 20, 2
1793, 18, 0, 46, 21, 2
1793, 18, 0, 46, 22, 2
1793, 18, 0, 46, 23, 2
1793, 19, 3, 46, 24, 2
1822, 4, 2, 45, 21, 1
3222, 10, 1, 38, 1, 1
3243, 10, 3, 7, 53, 0
3243, 10, 2, 9, 33, 0
3243, 10, 3, 18, 39, 0
3243, 10, 0, 18, 47, 0
3243, 10, 1, 19, 56, 0
3243, 10, 2, 23, 32, 0
3243, 10, 0, 29, 38, 0
3243, 10, 3, 30, 49, 0
3243, 10, 1, 36, 58, 0
3243, 10, 3, 39, 9, 0
3243, 10, 2, 39, 37, 0
3243, 10, 2, 40, 52, 0
3243, 10, 0, 47, 51, 0
3243, 10, 1, 48, 58, 0
3243, 10, 1, 51, 44, 0
3243, 10, 3, 54, 57, 0
3243, 10, 2, 55, 19, 0
3246, 10, 3, 8, 54, 1
3246, 10, 0, 10, 34, 1
3246, 10, 2, 19, 40, 1
3246, 10, 2, 20, 57, 1
3246, 10, 0, 30, 39, 1
3246, 10, 1, 31, 50, 1
3246, 10, 3, 37, 59, 1
3246, 10, 2, 40, 10, 1
3246, 10, 1, 41, 53, 1
3246, 10, 2, 48, 52, 1
3246, 10, 0, 49, 59, 1
3246, 10, 3, 56, 20, 1
3247, 10, 2, 10, 26, 0
3247, 10, 2, 10, 27, 0
3247, 10, 2, 10, 29, 0
3247, 10, 2, 10, 30, 0
3247, 10, 2, 10, 32, 0
3247, 10, 2, 11, 37, 0
3247, 10, 2, 11, 41, 0
3247, 10, 1, 12, 58, 0
3247, 10, 3, 13, 22, 0
3247, 10, 3, 13, 54, 0
3247, 10, 0, 15, 47, 0
3247, 10, 0, 15, 51, 0
3247, 10, 3, 18, 22, 0
3247, 10, 1, 18, 58, 0
3247, 10, 0, 20, 51, 0
3247, 10, 0, 20, 52, 0
3247, 10, 0, 20, 54, 0
3247, 10, 0, 20, 55, 0
3247, 10, 3, 22, 40, 0
3247, 10, 1, 22, 48, 0
3247, 10, 2, 23, 16, 0
3247, 10, 2, 23, 18, 0
3247, 10, 1, 23, 57, 0
3247, 10, 2, 24, 26, 0
3247, 10, 2, 24, 29, 0
3247, 10, 2, 24, 31, 0
3247, 10, 1, 26, 12, 0
3247, 10, 3, 27, 40, 0
3247, 10, 3, 27, 51, 0
3247, 10, 1, 27, 57, 0
3247, 10, 3, 29, 51, 0
3247, 10, 0, 30, 17, 0
3247, 10, 0, 30, 23, 0
3247, 10, 0, 30, 25, 0
3247, 10, 0, 30, 26, 0
3247, 10, 0, 30, 29, 0
3247, 10, 0, 30, 31, 0
3247, 10, 0, 30, 33, 0
3247, 10, 0, 30, 35, 0
3247, 10, 0, 30, 36, 0
3247, 10, 0, 30, 37, 0
3247, 10, 0, 31, 42, 0
3247, 10, 0, 31, 44, 0
3247, 10, 0, 31, 46, 0
3247, 10, 0, 31, 48, 0
3247, 10, 3, 34, 39, 0
3247, 10, 1, 34, 60, 0
3247, 10, 1, 35, 60, 0
3247, 10, 0, 37, 32, 0
3247, 10, 0, 37, 33, 0
3247, 10, 3, 38, 39, 0
3247, 10, 0, 41, 16, 0
3247, 10, 3, 43, 38, 0
3247, 10, 1, 44, 53, 0
3247, 10, 3, 44, 60, 0
3247, 10, 3, 48, 38, 0
3247, 10, 3, 50, 38, 0
3247, 10, 0, 50, 63, 0
3247, 10, 3, 51, 52, 0
3247, 10, 3, 53, 21, 0
3247, 10, 3, 53, 38, 0
3247, 10, 0, 53, 49, 0
3247, 10, 3, 54, 21, 0
3247, 10, 3, 56, 38, 0
3248, 10, 2, 10, 25, 0
3248, 10, 0, 10, 31, 0
3248, 10, 3, 12, 54, 0
3248, 10, 3, 13, 58, 0
3248, 10, 0, 15, 46, 0
3248, 10, 1, 16, 58, 0
3248, 10, 0, 20, 53, 0
3248, 10, 0, 23, 17, 0
3248, 10, 2, 24, 27, 0
3248, 10, 0, 24, 30, 0
3248, 10, 1, 28, 51, 0
3248, 10, 2, 30, 16, 0
3248, 10, 0, 30, 21, 0
3248, 10, 2, 30, 24, 0
3248, 10, 0, 30, 28, 0
3248, 10, 2, 30, 34, 0
3248, 10, 2, 31, 47, 0
3248, 10, 2, 41, 13, 0
3248, 10, 2, 41, 15, 0
3248, 10, 1, 45, 53, 0
3248, 10, 1, 45, 60, 0
3248, 10, 3, 50, 21, 0
3248, 10, 1, 52, 21, 0
3248, 10, 1, 52, 59, 0
3248, 10, 1, 54, 38, 0
3249, 10, 0, 10, 24, 0
3249, 10, 1, 11, 54, 0
3249, 10, 1, 14, 58, 0
3249, 10, 1, 17, 22, 0
3249, 10, 3, 17, 58, 0
3249, 10, 0, 23, 15, 0
3249, 10, 3, 23, 40, 0
3249, 10, 0, 24, 28, 0
3249, 10, 3, 24, 57, 0
3249, 10, 1, 26, 57, 0
3249, 10, 1, 27, 12, 0
3249, 10, 1, 28, 40, 0
3249, 10, 0, 30, 14, 0
3249, 10, 0, 30, 22, 0
3249, 10, 0, 30, 30, 0
3249, 10, 0, 30, 32, 0
3249, 10, 2, 31, 43, 0
3249, 10, 3, 33, 39, 0
3249, 10, 3, 40, 59, 0
3249, 10, 0, 41, 14, 0
3249, 10, 3, 46, 53, 0
3249, 10, 3, 47, 60, 0
3249, 10, 3, 49, 38, 0
3249, 10, 2, 50, 62, 0
3249, 10, 1, 51, 21, 0
3249, 10, 3, 51, 38, 0
3249, 10, 0, 53, 48, 0
3249, 10, 3, 53, 59, 0
3249, 10, 3, 55, 38, 0
3252, 10, 1, 42, 59, 0
3254, 10, 0, 15, 48, 1
3254, 10, 3, 24, 40, 1
3254, 10, 2, 30, 18, 1
3255, 10, 2, 11, 38, 1
3255, 10, 1, 14, 22, 1
3255, 10, 3, 31, 60, 1
3255, 10, 1, 35, 39, 1
3255, 10, 1, 44, 38, 1
3255, 10, 0, 49, 55, 1
3256, 10, 2, 41, 45, 0
3256, 10, 2, 16, 30, 1
3256, 10, 2, 41, 45, 1
3256, 10, 0, 49, 30, 1
3256, 10, 3, 50, 10, 1
3257, 10, 2, 16, 30, 0
3257, 10, 1, 33, 55, 0
3257, 10, 0, 49, 30, 0
3257, 10, 3, 50, 10, 0
3258, 10, 2, 23, 48, 0
3258, 10, 2, 28, 57, 0
3258, 10, 2, 29, 12, 0
3258, 10, 0, 29, 59, 0
3258, 10, 0, 37, 34, 0
3258, 10, 2, 39, 35, 0
3259, 10, 0, 11, 42, 0
3260, 10, 1, 9, 57, 0
3260, 10, 3, 13, 44, 0
3260, 10, 2, 14, 52, 0
3260, 10, 1, 24, 50, 0
3260, 10, 2, 52, 50, 0
3261, 10, 2, 10, 28, 0
3261, 10, 1, 15, 58, 0
3261, 10, 1, 25, 57, 0
3261, 10, 3, 28, 12, 0
3261, 10, 0, 30, 15, 0
3261, 10, 0, 30, 27, 0
3261, 10, 2, 31, 45, 0
3261, 10, 3, 41, 59, 0
3261, 10, 3, 46, 60, 0
3261, 10, 3, 47, 38, 0
3261, 10, 3, 52, 38, 0
3270, 0, 0, 46, 22, 1
3272, 10, 0, 45, 20, 1
3274, 10, 2, 24, 34, 1
3310, 10, 2, 3, 14, 0
3310, 10, 2, 3, 29, 0
3310, 10, 2, 3, 50, 0
3310, 10, 2, 4, 17, 0
3310, 10, 2, 4, 26, 0
3310, 10, 2, 4, 42, 0
3310, 10, 2, 4, 59, 0
3310, 10, 2, 5, 35, 0
3310, 10, 2, 5, 46, 0
3310, 10, 2, 5, 55, 0
3310, 10, 0, 8, 22, 0
3310, 10, 1, 9, 4, 0
3310, 10, 3, 9, 16, 0
3310, 10, 0, 9, 19, 0
3310, 10, 1, 9, 23, 0
3310, 10, 1, 10, 12, 0
3310, 10, 1, 10, 23, 0
3310, 10, 3, 11, 15, 0
3310, 10, 1, 11, 23, 0
3310, 10, 3, 12, 15, 0
3310, 10, 2, 12, 22, 0
3310, 10, 3, 13, 15, 0
3310, 10, 2, 14, 16, 0
3310, 10, 2, 14, 17, 0
3310, 10, 2, 14, 18, 0
3310, 10, 2, 15, 12, 0
3310, 10, 0, 17, 9, 0
3310, 10, 0, 17, 10, 0
3310, 10, 3, 18, 8, 0
3310, 10, 1, 19, 4, 0
3310, 10, 3, 19, 8, 0
3310, 10, 0, 19, 22, 0
3310, 10, 3, 20, 8, 0
3310, 10, 1, 20, 23, 0
3310, 10, 3, 21, 8, 0
3310, 10, 1, 22, 14, 0
3310, 10, 3, 22, 19, 0
3310, 10, 1, 23, 14, 0
3310, 10, 3, 23, 19, 0
3310, 10, 1, 23, 25, 0
3310, 10, 3, 24, 19, 0
3310, 10, 1, 24, 25, 0
3310, 10, 2, 25, 12, 0
3310, 10, 2, 26, 22, 0
3310, 10, 1, 27, 3, 0
3310, 10, 0, 35, 27, 0
3310, 10, 0, 36, 30, 0
3310, 10, 1, 37, 5, 0
3310, 10, 0, 37, 24, 0
3310, 10, 1, 37, 31, 0
3310, 10, 0, 38, 20, 0
3310, 10, 0, 38, 21, 0
3310, 10, 3, 41, 17, 0
3310, 10, 1, 42, 28, 0
3310, 10, 1, 43, 3, 0
3310, 10, 3, 44, 16, 0
3310, 10, 1, 46, 26, 0
3310, 10, 1, 47, 5, 0
3310, 10, 1, 48, 5, 0
3310, 10, 2, 49, 21, 0
3310, 10, 2, 49, 22, 0
3310, 10, 2, 49, 23, 0
3310, 10, 1, 51, 4, 0
3310, 10, 0, 57, 38, 0
3310, 10, 0, 57, 39, 0
3310, 10, 0, 59, 60, 0
3310, 10, 0, 59, 61, 0
3311, 10, 2, 3, 20, 0
3311, 10, 2, 4, 18, 0
3311, 10, 2, 4, 27, 0
3311, 10, 2, 5, 11, 0
3311, 10, 2, 5, 47, 0
3311, 10, 2, 5, 56, 0
3311, 10, 0, 8, 21, 0
3311, 10, 0, 9, 11, 0
3311, 10, 2, 13, 20, 0
3311, 10, 0, 14, 12, 0
3311, 10, 1, 19, 12, 0
3311, 10, 0, 19, 21, 0
3311, 10, 3, 22, 8, 0
3311, 10, 1, 23, 5, 0
3311, 10, 2, 26, 23, 0
3311, 10, 1, 36, 5, 0
3311, 10, 0, 37, 23, 0
3311, 10, 0, 38, 19, 0
3311, 10, 3, 45, 16, 0
3311, 10, 1, 46, 5, 0
3311, 10, 2, 49, 24, 0
3311, 10, 0, 57, 37, 0
3311, 10, 0, 57, 44, 0
3311, 10, 0, 58, 34, 0
3311, 10, 0, 58, 63, 0
3311, 10, 0, 59, 16, 0
3311, 10, 0, 59, 25, 0
3311, 10, 0, 59, 32, 0
3311, 10, 0, 59, 59, 0
3311, 10, 0, 60, 20, 0
3311, 10, 0, 60, 23, 0
3311, 10, 0, 60, 56, 0
3312, 10, 2, 4, 16, 0
3312, 10, 2, 4, 23, 0
3312, 10, 2, 5, 8, 0
3312, 10, 2, 5, 32, 0
3312, 10, 2, 5, 45, 0
3312, 10, 2, 5, 54, 0
3312, 10, 2, 6, 37, 0
3312, 10, 0, 8, 17, 0
3312, 10, 1, 15, 4, 0
3312, 10, 3, 21, 19, 0
3312, 10, 1, 24, 5, 0
3312, 10, 2, 24, 10, 0
3312, 10, 2, 26, 21, 0
3312, 10, 0, 35, 28, 0
3312, 10, 1, 38, 5, 0
3312, 10, 1, 38, 31, 0
3312, 10, 3, 40, 17, 0
3312, 10, 1, 41, 4, 0
3312, 10, 3, 43, 16, 0
3312, 10, 1, 43, 28, 0
3312, 10, 1, 47, 26, 0
3312, 10, 1, 49, 5, 0
3312, 10, 2, 49, 20, 0
3312, 10, 0, 52, 5, 0
3312, 10, 0, 57, 45, 0
3312, 10, 0, 58, 12, 0
3312, 10, 0, 58, 35, 0
3312, 10, 0, 59, 26, 0
3312, 10, 0, 59, 52, 0
3312, 10, 0, 60, 18, 0
3312, 10, 0, 60, 21, 0
3312, 10, 0, 60, 54, 0
3313, 10, 1, 28, 4, 0
3313, 10, 1, 55, 9, 0
3313, 10, 1, 59, 17, 0
3314, 10, 3, 3, 21, 0
3314, 10, 2, 4, 12, 0
3314, 10, 3, 4, 31, 0
3314, 10, 2, 4, 48, 0
3314, 10, 3, 4, 52, 0
3314, 10, 2, 5, 5, 0
3314, 10, 2, 5, 40, 0
3314, 10, 3, 5, 61, 0
3314, 10, 2, 5, 62, 0
3314, 10, 2, 6, 39, 0
3314, 10, 2, 11, 4, 0
3314, 10, 3, 11, 10, 0
3314, 10, 1, 13, 4, 0
3314, 10, 1, 17, 4, 0
3314, 10, 2, 21, 4, 0
3314, 10, 1, 22, 4, 0
3314, 10, 2, 25, 4, 0
3314, 10, 1, 30, 5, 0
3314, 10, 2, 31, 5, 0
3314, 10, 2, 32, 4, 0
3314, 10, 1, 35, 4, 0
3314, 10, 1, 45, 4, 0
3314, 10, 1, 53, 6, 0
3314, 10, 1, 54, 7, 0
3314, 10, 1, 57, 10, 0
3314, 10, 1, 57, 41, 0
3314, 10, 0, 58, 36, 0
3314, 10, 1, 58, 50, 0
3314, 10, 1, 59, 13, 0
3314, 10, 0, 59, 27, 0
3314, 10, 1, 59, 29, 0
3314, 10, 0, 59, 30, 0
3314, 10, 1, 59, 31, 0
3315, 10, 3, 4, 21, 0
3315, 10, 2, 5, 12, 0
3315, 10, 3, 5, 31, 0
3315, 10, 2, 5, 48, 0
3315, 10, 3, 5, 52, 0
3315, 10, 0, 6, 14, 0
3315, 10, 1, 6, 15, 0
3315, 10, 2, 6, 40, 0
3315, 10, 3, 6, 61, 0
3315, 10, 2, 6, 62, 0
3315, 10, 3, 7, 14, 0
3315, 10, 2, 7, 15, 0
3315, 10, 2, 7, 39, 0
3315, 10, 2, 11, 5, 0
3315, 10, 3, 11, 9, 0
3315, 10, 0, 12, 7, 0
3315, 10, 3, 12, 10, 0
3315, 10, 1, 13, 5, 0
3315, 10, 1, 17, 5, 0
3315, 10, 2, 21, 5, 0
3315, 10, 1, 22, 5, 0
3315, 10, 2, 25, 5, 0
3315, 10, 1, 30, 6, 0
3315, 10, 2, 31, 6, 0
3315, 10, 2, 32, 5, 0
3315, 10, 1, 35, 5, 0
3315, 10, 1, 45, 5, 0
3315, 10, 1, 52, 6, 0
3315, 10, 1, 53, 7, 0
3315, 10, 1, 56, 41, 0
3315, 10, 0, 57, 36, 0
3315, 10, 1, 57, 50, 0
3315, 10, 1, 58, 13, 0
3315, 10, 0, 58, 27, 0
3315, 10, 1, 58, 29, 0
3315, 10, 0, 58, 30, 0
3315, 10, 1, 58, 31, 0
3316, 10, 2, 4, 22, 0
3316, 10, 2, 5, 44, 0
3316, 10, 2, 5, 53, 0
3316, 10, 2, 5, 57, 0
3316, 10, 1, 12, 4, 0
3316, 10, 1, 16, 4, 0
3316, 10, 1, 39, 5, 0
3316, 10, 0, 57, 46, 0
3316, 10, 0, 57, 49, 0
3316, 10, 0, 58, 28, 0
3316, 10, 0, 59, 58, 0
3316, 10, 0, 60, 19, 0
3316, 10, 0, 60, 22, 0
3316, 10, 0, 60, 55, 0
3317, 10, 2, 4, 13, 0
3317, 10, 2, 4, 19, 0
3317, 10, 2, 4, 28, 0
3317, 10, 2, 4, 49, 0
3317, 10, 2, 5, 6, 0
3317, 10, 2, 5, 25, 0
3317, 10, 2, 5, 41, 0
3317, 10, 2, 5, 58, 0
3317, 10, 2, 5, 63, 0
3317, 10, 2, 6, 10, 0
3317, 10, 2, 6, 34, 0
3317, 10, 1, 7, 5, 0
3317, 10, 0, 8, 20, 0
3317, 10, 0, 9, 10, 0
3317, 10, 1, 10, 5, 0
3317, 10, 2, 12, 11, 0
3317, 10, 3, 13, 7, 0
3317, 10, 2, 13, 21, 0
3317, 10, 0, 14, 11, 0
3317, 10, 1, 18, 12, 0
3317, 10, 0, 19, 20, 0
3317, 10, 1, 20, 5, 0
3317, 10, 3, 23, 8, 0
3317, 10, 2, 26, 24, 0
3317, 10, 1, 29, 5, 0
3317, 10, 1, 34, 4, 0
3317, 10, 0, 37, 22, 0
3317, 10, 0, 38, 18, 0
3317, 10, 1, 44, 4, 0
3317, 10, 3, 46, 16, 0
3317, 10, 2, 49, 25, 0
3317, 10, 1, 56, 10, 0
3317, 10, 0, 56, 40, 0
3317, 10, 0, 57, 43, 0
3317, 10, 0, 57, 48, 0
3317, 10, 0, 58, 33, 0
3317, 10, 0, 58, 62, 0
3317, 10, 0, 59, 15, 0
3317, 10, 0, 59, 24, 0
3317, 10, 0, 59, 57, 0
3318, 10, 2, 4, 15, 0
3318, 10, 2, 4, 30, 0
3318, 10, 2, 4, 51, 0
3318, 10, 2, 5, 7, 0
3318, 10, 2, 5, 24, 0
3318, 10, 2, 5, 43, 0
3318, 10, 2, 5, 60, 0
3318, 10, 1, 6, 5, 0
3318, 10, 2, 6, 9, 0
3318, 10, 2, 6, 33, 0
3318, 10, 2, 6, 36, 0
3318, 10, 2, 7, 38, 0
3318, 10, 1, 8, 5, 0
3318, 10, 0, 8, 18, 0
3318, 10, 3, 10, 9, 0
3318, 10, 0, 12, 8, 0
3318, 10, 1, 14, 5, 0
3318, 10, 1, 18, 5, 0
3318, 10, 3, 20, 19, 0
3318, 10, 2, 24, 9, 0
3318, 10, 1, 26, 4, 0
3318, 10, 2, 26, 20, 0
3318, 10, 1, 33, 4, 0
3318, 10, 0, 35, 29, 0
3318, 10, 3, 39, 17, 0
3318, 10, 1, 39, 31, 0
3318, 10, 1, 40, 5, 0
3318, 10, 1, 42, 4, 0
3318, 10, 3, 42, 16, 0
3318, 10, 1, 44, 28, 0
3318, 10, 1, 48, 26, 0
3318, 10, 2, 49, 19, 0
3318, 10, 1, 50, 5, 0
3318, 10, 0, 54, 8, 0
3318, 10, 0, 57, 11, 0
3318, 10, 0, 57, 42, 0
3318, 10, 0, 57, 47, 0
3318, 10, 0, 58, 51, 0
3318, 10, 0, 59, 14, 0
3318, 10, 0, 59, 53, 0
3319, 10, 0, 7, 7, 0
3319, 10, 1, 7, 8, 0
3319, 10, 3, 8, 7, 0
3319, 10, 2, 8, 8, 0
3319, 10, 0, 8, 16, 0
3319, 10, 1, 8, 23, 0
3319, 10, 1, 9, 12, 0
3319, 10, 2, 12, 23, 0
3319, 10, 3, 14, 8, 0
3319, 10, 2, 14, 9, 0
3319, 10, 1, 14, 13, 0
3319, 10, 3, 14, 15, 0
3319, 10, 2, 15, 13, 0
3319, 10, 0, 17, 8, 0
3319, 10, 1, 17, 11, 0
3319, 10, 1, 19, 23, 0
3319, 10, 1, 21, 14, 0
3319, 10, 1, 22, 25, 0
3319, 10, 2, 24, 14, 0
3319, 10, 3, 25, 11, 0
3319, 10, 3, 25, 19, 0
3319, 10, 2, 25, 25, 0
3319, 10, 0, 35, 26, 0
3319, 10, 1, 36, 31, 0
3319, 10, 2, 40, 30, 0
3319, 10, 3, 47, 17, 0
3320, 10, 0, 10, 15, 0
3320, 10, 2, 11, 12, 0
3320, 10, 1, 13, 9, 0
3320, 10, 2, 14, 19, 0
3320, 10, 3, 15, 11, 0
3320, 10, 1, 20, 13, 0
3320, 10, 1, 21, 24, 0
3320, 10, 2, 25, 13, 0
3320, 10, 0, 36, 25, 0
3320, 10, 2, 41, 29, 0
3320, 10, 2, 45, 27, 0
3320, 10, 3, 48, 18, 0
3362, 5, 0, 46, 21, 1
