1459, 1, 1, 32, 63, 1
1459, 1, 0, 33, 63, 1
1460, 10, 0, 0, 47, 2
1460, 10, 0, 0, 48, 2
1460, 10, 0, 0, 49, 2
1460, 10, 0, 0, 50, 2
1460, 10, 0, 0, 51, 2
1460, 10, 0, 0, 52, 2
1460, 10, 0, 0, 53, 2
1460, 10, 0, 0, 54, 2
1460, 10, 0, 0, 55, 2
1460, 10, 0, 0, 56, 2
1460, 10, 0, 0, 57, 2
1460, 10, 0, 0, 58, 2
1460, 10, 0, 0, 59, 2
1460, 10, 0, 0, 60, 2
1460, 10, 0, 0, 61, 2
1460, 10, 0, 0, 62, 2
1460, 10, 0, 0, 63, 2
1460, 10, 0, 1, 47, 2
1460, 10, 0, 1, 48, 2
1460, 10, 0, 1, 49, 2
1460, 10, 0, 1, 50, 2
1460, 10, 0, 1, 51, 2
1460, 10, 0, 1, 52, 2
1460, 10, 0, 1, 53, 2
1460, 10, 0, 1, 54, 2
1460, 10, 0, 1, 55, 2
1460, 10, 0, 1, 56, 2
1460, 10, 0, 1, 57, 2
1460, 10, 0, 1, 58, 2
1460, 10, 0, 1, 59, 2
1460, 10, 0, 1, 60, 2
1460, 10, 0, 1, 61, 2
1460, 10, 0, 1, 62, 2
1460, 10, 0, 1, 63, 2
1460, 10, 0, 2, 47, 2
1460, 10, 0, 2, 48, 2
1460, 10, 0, 2, 49, 2
1460, 10, 0, 2, 50, 2
1460, 10, 0, 2, 51, 2
1460, 10, 0, 2, 52, 2
1460, 10, 0, 2, 53, 2
1460, 10, 0, 2, 54, 2
1460, 10, 0, 2, 55, 2
1460, 10, 0, 2, 56, 2
1460, 10, 0, 2, 57, 2
1460, 10, 0, 2, 58, 2
1460, 10, 0, 2, 59, 2
1460, 10, 0, 2, 60, 2
1460, 10, 0, 2, 61, 2
1460, 10, 0, 2, 62, 2
1460, 10, 0, 2, 63, 2
1460, 10, 0, 3, 47, 2
1460, 10, 0, 3, 48, 2
1460, 10, 0, 3, 49, 2
1460, 10, 0, 3, 50, 2
1460, 10, 0, 3, 51, 2
1460, 10, 0, 3, 52, 2
1460, 10, 0, 3, 53, 2
1460, 10, 0, 3, 54, 2
1460, 10, 0, 3, 55, 2
1460, 10, 0, 3, 56, 2
1460, 10, 0, 3, 57, 2
1460, 10, 0, 3, 58, 2
1460, 10, 0, 3, 59, 2
1460, 10, 0, 3, 60, 2
1460, 10, 0, 3, 61, 2
1460, 10, 0, 3, 62, 2
1460, 10, 0, 3, 63, 2
1460, 10, 0, 4, 47, 2
1460, 10, 0, 4, 48, 2
1460, 10, 0, 4, 49, 2
1460, 10, 0, 4, 50, 2
1460, 10, 0, 4, 51, 2
1460, 10, 0, 4, 52, 2
1460, 10, 0, 4, 53, 2
1460, 10, 0, 4, 54, 2
1460, 10, 0, 4, 55, 2
1460, 10, 0, 4, 56, 2
1460, 10, 0, 4, 57, 2
1460, 10, 0, 4, 58, 2
1460, 10, 0, 4, 59, 2
1460, 10, 0, 4, 60, 2
1460, 10, 0, 4, 61, 2
1460, 10, 0, 4, 62, 2
1460, 10, 0, 4, 63, 2
1460, 10, 0, 5, 47, 2
1460, 10, 0, 5, 48, 2
1460, 10, 0, 5, 49, 2
1460, 10, 0, 5, 50, 2
1460, 10, 0, 5, 51, 2
1460, 10, 0, 5, 52, 2
1460, 10, 0, 5, 53, 2
1460, 10, 0, 5, 54, 2
1460, 10, 0, 5, 55, 2
1460, 10, 0, 5, 56, 2
1460, 10, 0, 5, 57, 2
1460, 10, 0, 5, 58, 2
1460, 10, 0, 5, 59, 2
1460, 10, 0, 5, 60, 2
1460, 10, 0, 5, 61, 2
1460, 10, 0, 5, 62, 2
1460, 10, 0, 5, 63, 2
1460, 10, 0, 6, 47, 2
1460, 10, 0, 6, 48, 2
1460, 10, 0, 6, 49, 2
1460, 10, 0, 6, 50, 2
1460, 10, 0, 6, 51, 2
1460, 10, 0, 6, 52, 2
1460, 10, 0, 6, 53, 2
1460, 10, 0, 6, 54, 2
1460, 10, 0, 6, 55, 2
1460, 10, 0, 6, 56, 2
1460, 10, 0, 6, 57, 2
1460, 10, 0, 6, 58, 2
1460, 10, 0, 6, 59, 2
1460, 10, 0, 6, 60, 2
1460, 10, 0, 6, 61, 2
1460, 10, 0, 6, 62, 2
1460, 10, 0, 6, 63, 2
1460, 10, 0, 7, 47, 2
1460, 10, 0, 7, 48, 2
1460, 10, 0, 7, 49, 2
1460, 10, 0, 7, 50, 2
1460, 10, 0, 7, 51, 2
1460, 10, 0, 7, 52, 2
1460, 10, 0, 7, 53, 2
1460, 10, 0, 7, 54, 2
1460, 10, 0, 7, 55, 2
1460, 10, 0, 7, 56, 2
1460, 10, 0, 7, 57, 2
1460, 10, 0, 7, 58, 2
1460, 10, 0, 7, 59, 2
1460, 10, 0, 7, 60, 2
1460, 10, 0, 7, 61, 2
1460, 10, 0, 7, 62, 2
1460, 10, 0, 7, 63, 2
1460, 10, 0, 8, 47, 2
1460, 10, 0, 8, 48, 2
1460, 10, 0, 8, 49, 2
1460, 10, 0, 8, 50, 2
1460, 10, 0, 8, 51, 2
1460, 10, 0, 8, 52, 2
1460, 10, 0, 8, 53, 2
1460, 10, 0, 8, 54, 2
1460, 10, 0, 8, 55, 2
1460, 10, 0, 8, 56, 2
1460, 10, 0, 8, 57, 2
1460, 10, 0, 8, 58, 2
1460, 10, 0, 8, 59, 2
1460, 10, 0, 8, 60, 2
1460, 10, 0, 8, 61, 2
1460, 10, 0, 8, 62, 2
1460, 10, 0, 8, 63, 2
1460, 10, 0, 9, 47, 2
1460, 10, 0, 9, 48, 2
1460, 10, 0, 9, 49, 2
1460, 10, 0, 9, 50, 2
1460, 10, 0, 9, 51, 2
1460, 10, 0, 9, 52, 2
1460, 10, 0, 9, 53, 2
1460, 10, 0, 9, 54, 2
1460, 10, 0, 9, 55, 2
1460, 10, 0, 9, 56, 2
1460, 10, 0, 9, 57, 2
1460, 10, 0, 9, 58, 2
1460, 10, 0, 9, 59, 2
1460, 10, 0, 9, 60, 2
1460, 10, 0, 9, 61, 2
1460, 10, 0, 9, 62, 2
1460, 10, 0, 9, 63, 2
1460, 10, 0, 10, 47, 2
1460, 10, 0, 10, 48, 2
1460, 10, 0, 10, 49, 2
1460, 10, 0, 10, 50, 2
1460, 10, 0, 10, 51, 2
1460, 10, 0, 10, 52, 2
1460, 10, 0, 10, 53, 2
1460, 10, 0, 10, 54, 2
1460, 10, 0, 10, 55, 2
1460, 10, 0, 10, 56, 2
1460, 10, 0, 10, 57, 2
1460, 10, 0, 10, 58, 2
1460, 10, 0, 10, 59, 2
1460, 10, 0, 10, 60, 2
1460, 10, 0, 10, 61, 2
1460, 10, 0, 10, 62, 2
1460, 10, 0, 10, 63, 2
1460, 10, 0, 11, 47, 2
1460, 10, 0, 11, 48, 2
1460, 10, 0, 11, 49, 2
1460, 10, 0, 11, 50, 2
1460, 10, 0, 11, 51, 2
1460, 10, 0, 11, 52, 2
1460, 10, 0, 11, 53, 2
1460, 10, 0, 11, 54, 2
1460, 10, 0, 11, 55, 2
1460, 10, 0, 11, 56, 2
1460, 10, 0, 11, 57, 2
1460, 10, 0, 11, 58, 2
1460, 10, 0, 11, 59, 2
1460, 10, 0, 11, 60, 2
1460, 10, 0, 11, 61, 2
1460, 10, 0, 11, 62, 2
1460, 10, 0, 11, 63, 2
1460, 10, 0, 12, 47, 2
1460, 10, 0, 12, 48, 2
1460, 10, 0, 12, 49, 2
1460, 10, 0, 12, 50, 2
1460, 10, 0, 12, 51, 2
1460, 10, 0, 12, 52, 2
1460, 10, 0, 12, 53, 2
1460, 10, 0, 12, 54, 2
1460, 10, 0, 12, 55, 2
1460, 10, 0, 12, 56, 2
1460, 10, 0, 12, 57, 2
1460, 10, 0, 12, 58, 2
1460, 10, 0, 12, 59, 2
1460, 10, 0, 12, 60, 2
1460, 10, 0, 12, 61, 2
1460, 10, 0, 12, 62, 2
1460, 10, 0, 12, 63, 2
1460, 10, 0, 13, 47, 2
1460, 10, 0, 13, 48, 2
1460, 10, 0, 13, 49, 2
1460, 10, 0, 13, 50, 2
1460, 10, 0, 13, 51, 2
1460, 10, 0, 13, 52, 2
1460, 10, 0, 13, 53, 2
1460, 10, 0, 13, 54, 2
1460, 10, 0, 13, 55, 2
1460, 10, 0, 13, 56, 2
1460, 10, 0, 13, 57, 2
1460, 10, 0, 13, 58, 2
1460, 10, 0, 13, 59, 2
1460, 10, 0, 13, 60, 2
1460, 10, 0, 13, 61, 2
1460, 10, 0, 13, 62, 2
1460, 10, 0, 13, 63, 2
1460, 10, 0, 14, 47, 2
1460, 10, 0, 14, 48, 2
1460, 10, 0, 14, 49, 2
1460, 10, 0, 14, 50, 2
1460, 10, 0, 14, 51, 2
1460, 10, 0, 14, 52, 2
1460, 10, 0, 14, 53, 2
1460, 10, 0, 14, 54, 2
1460, 10, 0, 14, 55, 2
1460, 10, 0, 14, 56, 2
1460, 10, 0, 14, 57, 2
1460, 10, 0, 14, 58, 2
1460, 10, 0, 14, 59, 2
1460, 10, 0, 14, 60, 2
1460, 10, 0, 14, 61, 2
1460, 10, 0, 14, 62, 2
1460, 10, 0, 14, 63, 2
1460, 10, 0, 15, 47, 2
1460, 10, 0, 15, 48, 2
1460, 10, 0, 15, 49, 2
1460, 10, 0, 15, 50, 2
1460, 10, 0, 15, 51, 2
1460, 10, 0, 15, 52, 2
1460, 10, 0, 15, 53, 2
1460, 10, 0, 15, 54, 2
1460, 10, 0, 15, 55, 2
1460, 10, 0, 15, 56, 2
1460, 10, 0, 15, 57, 2
1460, 10, 0, 15, 58, 2
1460, 10, 0, 15, 59, 2
1460, 10, 0, 15, 60, 2
1460, 10, 0, 15, 61, 2
1460, 10, 0, 15, 62, 2
1460, 10, 0, 15, 63, 2
1460, 10, 0, 16, 47, 2
1460, 10, 0, 16, 48, 2
1460, 10, 0, 16, 49, 2
1460, 10, 0, 16, 50, 2
1460, 10, 0, 16, 51, 2
1460, 10, 0, 16, 52, 2
1460, 10, 0, 16, 53, 2
1460, 10, 0, 16, 54, 2
1460, 10, 0, 16, 55, 2
1460, 10, 0, 16, 56, 2
1460, 10, 0, 16, 57, 2
1460, 10, 0, 16, 58, 2
1460, 10, 0, 16, 59, 2
1460, 10, 0, 16, 60, 2
1460, 10, 0, 16, 61, 2
1460, 10, 0, 16, 62, 2
1460, 10, 0, 16, 63, 2
1460, 10, 0, 17, 47, 2
1460, 10, 0, 17, 48, 2
1460, 10, 0, 17, 49, 2
1460, 10, 0, 17, 50, 2
1460, 10, 0, 17, 51, 2
1460, 10, 0, 17, 52, 2
1460, 10, 0, 17, 53, 2
1460, 10, 0, 17, 54, 2
1460, 10, 0, 17, 55, 2
1460, 10, 0, 17, 56, 2
1460, 10, 0, 17, 57, 2
1460, 10, 0, 17, 58, 2
1460, 10, 0, 17, 59, 2
1460, 10, 0, 17, 60, 2
1460, 10, 0, 17, 61, 2
1460, 10, 0, 17, 62, 2
1460, 10, 0, 17, 63, 2
1460, 10, 0, 18, 47, 2
1460, 10, 0, 18, 48, 2
1460, 10, 0, 18, 49, 2
1460, 10, 0, 18, 50, 2
1460, 10, 0, 18, 51, 2
1460, 10, 0, 18, 52, 2
1460, 10, 0, 18, 53, 2
1460, 10, 0, 18, 54, 2
1460, 10, 0, 18, 55, 2
1460, 10, 0, 18, 56, 2
1460, 10, 0, 18, 57, 2
1460, 10, 0, 18, 58, 2
1460, 10, 0, 18, 59, 2
1460, 10, 0, 18, 60, 2
1460, 10, 0, 18, 61, 2
1460, 10, 0, 18, 62, 2
1460, 10, 0, 18, 63, 2
1460, 10, 0, 19, 47, 2
1460, 10, 0, 19, 48, 2
1460, 10, 0, 19, 49, 2
1460, 10, 0, 19, 50, 2
1460, 10, 0, 19, 51, 2
1460, 10, 0, 19, 52, 2
1460, 10, 0, 19, 53, 2
1460, 10, 0, 19, 54, 2
1460, 10, 0, 19, 55, 2
1460, 10, 0, 19, 56, 2
1460, 10, 0, 19, 57, 2
1460, 10, 0, 19, 58, 2
1460, 10, 0, 19, 59, 2
1460, 10, 0, 19, 60, 2
1460, 10, 0, 19, 61, 2
1460, 10, 0, 19, 62, 2
1460, 10, 0, 19, 63, 2
1460, 10, 0, 20, 47, 2
1460, 10, 0, 20, 48, 2
1460, 10, 0, 20, 49, 2
1460, 10, 0, 20, 50, 2
1460, 10, 0, 20, 51, 2
1460, 10, 0, 20, 52, 2
1460, 10, 0, 20, 53, 2
1460, 10, 0, 20, 54, 2
1460, 10, 0, 20, 55, 2
1460, 10, 0, 20, 56, 2
1460, 10, 0, 20, 57, 2
1460, 10, 0, 20, 58, 2
1460, 10, 0, 20, 59, 2
1460, 10, 0, 20, 60, 2
1460, 10, 0, 20, 61, 2
1460, 10, 0, 20, 62, 2
1460, 10, 0, 20, 63, 2
1460, 10, 0, 21, 47, 2
1460, 10, 0, 21, 48, 2
1460, 10, 0, 21, 49, 2
1460, 10, 0, 21, 50, 2
1460, 10, 0, 21, 51, 2
1460, 10, 0, 21, 52, 2
1460, 10, 0, 21, 53, 2
1460, 10, 0, 21, 54, 2
1460, 10, 0, 21, 55, 2
1460, 10, 0, 21, 56, 2
1460, 10, 0, 21, 57, 2
1460, 10, 0, 21, 58, 2
1460, 10, 0, 21, 59, 2
1460, 10, 0, 21, 60, 2
1460, 10, 0, 21, 61, 2
1460, 10, 0, 21, 62, 2
1460, 10, 0, 21, 63, 2
1460, 10, 0, 22, 47, 2
1460, 10, 0, 22, 48, 2
1460, 10, 0, 22, 49, 2
1460, 10, 0, 22, 50, 2
1460, 10, 0, 22, 51, 2
1460, 10, 0, 22, 52, 2
1460, 10, 0, 22, 53, 2
1460, 10, 0, 22, 54, 2
1460, 10, 0, 22, 55, 2
1460, 10, 0, 22, 56, 2
1460, 10, 0, 22, 57, 2
1460, 10, 0, 22, 58, 2
1460, 10, 0, 22, 59, 2
1460, 10, 0, 22, 60, 2
1460, 10, 0, 22, 61, 2
1460, 10, 0, 22, 62, 2
1460, 10, 0, 22, 63, 2
1460, 10, 0, 23, 47, 2
1460, 10, 0, 23, 48, 2
1460, 10, 0, 23, 49, 2
1460, 10, 0, 23, 50, 2
1460, 10, 0, 23, 51, 2
1460, 10, 0, 23, 52, 2
1460, 10, 0, 23, 53, 2
1460, 10, 0, 23, 54, 2
1460, 10, 0, 23, 55, 2
1460, 10, 0, 23, 56, 2
1460, 10, 0, 23, 57, 2
1460, 10, 0, 23, 58, 2
1460, 10, 0, 23, 59, 2
1460, 10, 0, 23, 60, 2
1460, 10, 0, 23, 61, 2
1460, 10, 0, 23, 62, 2
1460, 10, 0, 23, 63, 2
1460, 10, 0, 24, 47, 2
1460, 10, 0, 24, 48, 2
1460, 10, 0, 24, 49, 2
1460, 10, 0, 24, 50, 2
1460, 10, 0, 24, 51, 2
1460, 10, 0, 24, 52, 2
1460, 10, 0, 24, 53, 2
1460, 10, 0, 24, 54, 2
1460, 10, 0, 24, 55, 2
1460, 10, 0, 24, 56, 2
1460, 10, 0, 24, 57, 2
1460, 10, 0, 24, 58, 2
1460, 10, 0, 24, 59, 2
1460, 10, 0, 24, 60, 2
1460, 10, 0, 24, 61, 2
1460, 10, 0, 24, 62, 2
1460, 10, 0, 24, 63, 2
1460, 10, 0, 25, 47, 2
1460, 10, 0, 25, 48, 2
1460, 10, 0, 25, 49, 2
1460, 10, 0, 25, 50, 2
1460, 10, 0, 25, 51, 2
1460, 10, 0, 25, 52, 2
1460, 10, 0, 25, 53, 2
1460, 10, 0, 25, 54, 2
1460, 10, 0, 25, 55, 2
1460, 10, 0, 25, 56, 2
1460, 10, 0, 25, 57, 2
1460, 10, 0, 25, 58, 2
1460, 10, 0, 25, 59, 2
1460, 10, 0, 25, 60, 2
1460, 10, 0, 25, 61, 2
1460, 10, 0, 25, 62, 2
1460, 10, 0, 25, 63, 2
1460, 10, 0, 26, 47, 2
1460, 10, 0, 26, 48, 2
1460, 10, 0, 26, 49, 2
1460, 10, 0, 26, 50, 2
1460, 10, 0, 26, 51, 2
1460, 10, 0, 26, 52, 2
1460, 10, 0, 26, 53, 2
1460, 10, 0, 26, 54, 2
1460, 10, 0, 26, 55, 2
1460, 10, 0, 26, 56, 2
1460, 10, 0, 26, 57, 2
1460, 10, 0, 26, 58, 2
1460, 10, 0, 26, 59, 2
1460, 10, 0, 26, 60, 2
1460, 10, 0, 26, 61, 2
1460, 10, 0, 26, 62, 2
1460, 10, 0, 26, 63, 2
1460, 10, 0, 27, 47, 2
1460, 10, 0, 27, 48, 2
1460, 10, 0, 27, 49, 2
1460, 10, 0, 27, 50, 2
1460, 10, 0, 27, 51, 2
1460, 10, 0, 27, 52, 2
1460, 10, 0, 27, 53, 2
1460, 10, 0, 27, 54, 2
1460, 10, 0, 27, 55, 2
1460, 10, 0, 27, 56, 2
1460, 10, 0, 27, 57, 2
1460, 10, 0, 27, 58, 2
1460, 10, 0, 27, 59, 2
1460, 10, 0, 27, 60, 2
1460, 10, 0, 27, 61, 2
1460, 10, 0, 27, 62, 2
1460, 10, 0, 27, 63, 2
1460, 10, 0, 28, 47, 2
1460, 10, 0, 28, 48, 2
1460, 10, 0, 28, 49, 2
1460, 10, 0, 28, 50, 2
1460, 10, 0, 28, 51, 2
1460, 10, 0, 28, 52, 2
1460, 10, 0, 28, 53, 2
1460, 10, 0, 28, 54, 2
1460, 10, 0, 28, 55, 2
1460, 10, 0, 28, 56, 2
1460, 10, 0, 28, 57, 2
1460, 10, 0, 28, 58, 2
1460, 10, 0, 28, 59, 2
1460, 10, 0, 28, 60, 2
1460, 10, 0, 28, 61, 2
1460, 10, 0, 28, 62, 2
1460, 10, 0, 28, 63, 2
1460, 10, 0, 29, 47, 2
1460, 10, 0, 29, 48, 2
1460, 10, 0, 29, 49, 2
1460, 10, 0, 29, 50, 2
1460, 10, 0, 29, 51, 2
1460, 10, 0, 29, 52, 2
1460, 10, 0, 29, 53, 2
1460, 10, 0, 29, 54, 2
1460, 10, 0, 29, 55, 2
1460, 10, 0, 29, 56, 2
1460, 10, 0, 29, 57, 2
1460, 10, 0, 29, 58, 2
1460, 10, 0, 29, 59, 2
1460, 10, 0, 29, 60, 2
1460, 10, 0, 29, 61, 2
1460, 10, 0, 29, 62, 2
1460, 10, 0, 29, 63, 2
1460, 10, 0, 30, 47, 2
1460, 10, 0, 30, 48, 2
1460, 10, 0, 30, 49, 2
1460, 10, 0, 30, 50, 2
1460, 10, 0, 30, 51, 2
1460, 10, 0, 30, 52, 2
1460, 10, 0, 30, 53, 2
1460, 10, 0, 30, 54, 2
1460, 10, 0, 30, 55, 2
1460, 10, 0, 30, 56, 2
1460, 10, 0, 30, 57, 2
1460, 10, 0, 30, 58, 2
1460, 10, 0, 30, 59, 2
1460, 10, 0, 30, 60, 2
1460, 10, 0, 30, 61, 2
1460, 10, 0, 30, 62, 2
1460, 10, 0, 30, 63, 2
1460, 10, 0, 31, 47, 2
1460, 10, 0, 31, 48, 2
1460, 10, 0, 31, 49, 2
1460, 10, 0, 31, 50, 2
1460, 10, 0, 31, 51, 2
1460, 10, 0, 31, 52, 2
1460, 10, 0, 31, 53, 2
1460, 10, 0, 31, 54, 2
1460, 10, 0, 31, 55, 2
1460, 10, 0, 31, 56, 2
1460, 10, 0, 31, 57, 2
1460, 10, 0, 31, 58, 2
1460, 10, 0, 31, 59, 2
1460, 10, 0, 31, 60, 2
1460, 10, 0, 31, 61, 2
1460, 10, 0, 31, 62, 2
1460, 10, 0, 31, 63, 2
1460, 10, 0, 32, 47, 2
1460, 10, 0, 32, 48, 2
1460, 10, 0, 32, 49, 2
1460, 10, 0, 32, 50, 2
1460, 10, 0, 32, 51, 2
1460, 10, 0, 32, 52, 2
1460, 10, 0, 32, 53, 2
1460, 10, 0, 32, 54, 2
1460, 10, 0, 32, 55, 2
1460, 10, 0, 32, 56, 2
1460, 10, 0, 32, 57, 2
1460, 10, 0, 32, 58, 2
1460, 10, 0, 32, 59, 2
1460, 10, 0, 32, 60, 2
1460, 10, 0, 32, 61, 2
1460, 10, 0, 32, 62, 2
1460, 10, 0, 33, 47, 2
1460, 10, 0, 33, 48, 2
1460, 10, 0, 33, 49, 2
1460, 10, 0, 33, 50, 2
1460, 10, 0, 33, 51, 2
1460, 10, 0, 33, 52, 2
1460, 10, 0, 33, 53, 2
1460, 10, 0, 33, 54, 2
1460, 10, 0, 33, 55, 2
1460, 10, 0, 33, 56, 2
1460, 10, 0, 33, 57, 2
1460, 10, 0, 33, 58, 2
1460, 10, 0, 33, 59, 2
1460, 10, 0, 33, 60, 2
1460, 10, 0, 33, 61, 2
1460, 10, 0, 33, 62, 2
1460, 10, 0, 34, 47, 2
1460, 10, 0, 34, 48, 2
1460, 10, 0, 34, 49, 2
1460, 10, 0, 34, 50, 2
1460, 10, 0, 34, 51, 2
1460, 10, 0, 34, 52, 2
1460, 10, 0, 34, 53, 2
1460, 10, 0, 34, 54, 2
1460, 10, 0, 34, 55, 2
1460, 10, 0, 34, 56, 2
1460, 10, 0, 34, 57, 2
1460, 10, 0, 34, 58, 2
1460, 10, 0, 34, 59, 2
1460, 10, 0, 34, 60, 2
1460, 10, 0, 34, 61, 2
1460, 10, 0, 34, 62, 2
1460, 10, 0, 34, 63, 2
1460, 10, 0, 35, 47, 2
1460, 10, 0, 35, 48, 2
1460, 10, 0, 35, 49, 2
1460, 10, 0, 35, 50, 2
1460, 10, 0, 35, 51, 2
1460, 10, 0, 35, 52, 2
1460, 10, 0, 35, 53, 2
1460, 10, 0, 35, 54, 2
1460, 10, 0, 35, 55, 2
1460, 10, 0, 35, 56, 2
1460, 10, 0, 35, 57, 2
1460, 10, 0, 35, 58, 2
1460, 10, 0, 35, 59, 2
1460, 10, 0, 35, 60, 2
1460, 10, 0, 35, 61, 2
1460, 10, 0, 35, 62, 2
1460, 10, 0, 35, 63, 2
1460, 10, 0, 36, 47, 2
1460, 10, 0, 36, 48, 2
1460, 10, 0, 36, 49, 2
1460, 10, 0, 36, 50, 2
1460, 10, 0, 36, 51, 2
1460, 10, 0, 36, 52, 2
1460, 10, 0, 36, 53, 2
1460, 10, 0, 36, 54, 2
1460, 10, 0, 36, 55, 2
1460, 10, 0, 36, 56, 2
1460, 10, 0, 36, 57, 2
1460, 10, 0, 36, 58, 2
1460, 10, 0, 36, 59, 2
1460, 10, 0, 36, 60, 2
1460, 10, 0, 36, 61, 2
1460, 10, 0, 36, 62, 2
1460, 10, 0, 36, 63, 2
1460, 10, 0, 37, 47, 2
1460, 10, 0, 37, 48, 2
1460, 10, 0, 37, 49, 2
1460, 10, 0, 37, 50, 2
1460, 10, 0, 37, 51, 2
1460, 10, 0, 37, 52, 2
1460, 10, 0, 37, 53, 2
1460, 10, 0, 37, 54, 2
1460, 10, 0, 37, 55, 2
1460, 10, 0, 37, 56, 2
1460, 10, 0, 37, 57, 2
1460, 10, 0, 37, 58, 2
1460, 10, 0, 37, 59, 2
1460, 10, 0, 37, 60, 2
1460, 10, 0, 37, 61, 2
1460, 10, 0, 37, 62, 2
1460, 10, 0, 37, 63, 2
1460, 10, 0, 38, 47, 2
1460, 10, 0, 38, 48, 2
1460, 10, 0, 38, 49, 2
1460, 10, 0, 38, 50, 2
1460, 10, 0, 38, 51, 2
1460, 10, 0, 38, 52, 2
1460, 10, 0, 38, 53, 2
1460, 10, 0, 38, 54, 2
1460, 10, 0, 38, 55, 2
1460, 10, 0, 38, 56, 2
1460, 10, 0, 38, 57, 2
1460, 10, 0, 38, 58, 2
1460, 10, 0, 38, 59, 2
1460, 10, 0, 38, 60, 2
1460, 10, 0, 38, 61, 2
1460, 10, 0, 38, 62, 2
1460, 10, 0, 38, 63, 2
1460, 10, 0, 39, 47, 2
1460, 10, 0, 39, 48, 2
1460, 10, 0, 39, 49, 2
1460, 10, 0, 39, 50, 2
1460, 10, 0, 39, 51, 2
1460, 10, 0, 39, 52, 2
1460, 10, 0, 39, 53, 2
1460, 10, 0, 39, 54, 2
1460, 10, 0, 39, 55, 2
1460, 10, 0, 39, 56, 2
1460, 10, 0, 39, 57, 2
1460, 10, 0, 39, 58, 2
1460, 10, 0, 39, 59, 2
1460, 10, 0, 39, 60, 2
1460, 10, 0, 39, 61, 2
1460, 10, 0, 39, 62, 2
1460, 10, 0, 39, 63, 2
1460, 10, 0, 40, 47, 2
1460, 10, 0, 40, 48, 2
1460, 10, 0, 40, 49, 2
1460, 10, 0, 40, 50, 2
1460, 10, 0, 40, 51, 2
1460, 10, 0, 40, 52, 2
1460, 10, 0, 40, 53, 2
1460, 10, 0, 40, 54, 2
1460, 10, 0, 40, 55, 2
1460, 10, 0, 40, 56, 2
1460, 10, 0, 40, 57, 2
1460, 10, 0, 40, 58, 2
1460, 10, 0, 40, 59, 2
1460, 10, 0, 40, 60, 2
1460, 10, 0, 40, 61, 2
1460, 10, 0, 40, 62, 2
1460, 10, 0, 40, 63, 2
1460, 10, 0, 41, 47, 2
1460, 10, 0, 41, 48, 2
1460, 10, 0, 41, 49, 2
1460, 10, 0, 41, 50, 2
1460, 10, 0, 41, 51, 2
1460, 10, 0, 41, 52, 2
1460, 10, 0, 41, 53, 2
1460, 10, 0, 41, 54, 2
1460, 10, 0, 41, 55, 2
1460, 10, 0, 41, 56, 2
1460, 10, 0, 41, 57, 2
1460, 10, 0, 41, 58, 2
1460, 10, 0, 41, 59, 2
1460, 10, 0, 41, 60, 2
1460, 10, 0, 41, 61, 2
1460, 10, 0, 41, 62, 2
1460, 10, 0, 41, 63, 2
1460, 10, 0, 42, 47, 2
1460, 10, 0, 42, 48, 2
1460, 10, 0, 42, 49, 2
1460, 10, 0, 42, 50, 2
1460, 10, 0, 42, 51, 2
1460, 10, 0, 42, 52, 2
1460, 10, 0, 42, 53, 2
1460, 10, 0, 42, 54, 2
1460, 10, 0, 42, 55, 2
1460, 10, 0, 42, 56, 2
1460, 10, 0, 42, 57, 2
1460, 10, 0, 42, 58, 2
1460, 10, 0, 42, 59, 2
1460, 10, 0, 42, 60, 2
1460, 10, 0, 42, 61, 2
1460, 10, 0, 42, 62, 2
1460, 10, 0, 42, 63, 2
1460, 10, 0, 43, 47, 2
1460, 10, 0, 43, 48, 2
1460, 10, 0, 43, 49, 2
1460, 10, 0, 43, 50, 2
1460, 10, 0, 43, 51, 2
1460, 10, 0, 43, 52, 2
1460, 10, 0, 43, 53, 2
1460, 10, 0, 43, 54, 2
1460, 10, 0, 43, 55, 2
1460, 10, 0, 43, 56, 2
1460, 10, 0, 43, 57, 2
1460, 10, 0, 43, 58, 2
1460, 10, 0, 43, 59, 2
1460, 10, 0, 43, 60, 2
1460, 10, 0, 43, 61, 2
1460, 10, 0, 43, 62, 2
1460, 10, 0, 43, 63, 2
1460, 10, 0, 44, 47, 2
1460, 10, 0, 44, 48, 2
1460, 10, 0, 44, 49, 2
1460, 10, 0, 44, 50, 2
1460, 10, 0, 44, 51, 2
1460, 10, 0, 44, 52, 2
1460, 10, 0, 44, 53, 2
1460, 10, 0, 44, 54, 2
1460, 10, 0, 44, 55, 2
1460, 10, 0, 44, 56, 2
1460, 10, 0, 44, 57, 2
1460, 10, 0, 44, 58, 2
1460, 10, 0, 44, 59, 2
1460, 10, 0, 44, 60, 2
1460, 10, 0, 44, 61, 2
1460, 10, 0, 44, 62, 2
1460, 10, 0, 44, 63, 2
1460, 10, 0, 45, 47, 2
1460, 10, 0, 45, 48, 2
1460, 10, 0, 45, 49, 2
1460, 10, 0, 45, 50, 2
1460, 10, 0, 45, 51, 2
1460, 10, 0, 45, 52, 2
1460, 10, 0, 45, 53, 2
1460, 10, 0, 45, 54, 2
1460, 10, 0, 45, 55, 2
1460, 10, 0, 45, 56, 2
1460, 10, 0, 45, 57, 2
1460, 10, 0, 45, 58, 2
1460, 10, 0, 45, 59, 2
1460, 10, 0, 45, 60, 2
1460, 10, 0, 45, 61, 2
1460, 10, 0, 45, 62, 2
1460, 10, 0, 45, 63, 2
1460, 10, 0, 46, 47, 2
1460, 10, 0, 46, 48, 2
1460, 10, 0, 46, 49, 2
1460, 10, 0, 46, 50, 2
1460, 10, 0, 46, 51, 2
1460, 10, 0, 46, 52, 2
1460, 10, 0, 46, 53, 2
1460, 10, 0, 46, 54, 2
1460, 10, 0, 46, 55, 2
1460, 10, 0, 46, 56, 2
1460, 10, 0, 46, 57, 2
1460, 10, 0, 46, 58, 2
1460, 10, 0, 46, 59, 2
1460, 10, 0, 46, 60, 2
1460, 10, 0, 46, 61, 2
1460, 10, 0, 46, 62, 2
1460, 10, 0, 46, 63, 2
1460, 10, 0, 47, 47, 2
1460, 10, 0, 47, 48, 2
1460, 10, 0, 47, 49, 2
1460, 10, 0, 47, 50, 2
1460, 10, 0, 47, 51, 2
1460, 10, 0, 47, 52, 2
1460, 10, 0, 47, 53, 2
1460, 10, 0, 47, 54, 2
1460, 10, 0, 47, 55, 2
1460, 10, 0, 47, 56, 2
1460, 10, 0, 47, 57, 2
1460, 10, 0, 47, 58, 2
1460, 10, 0, 47, 59, 2
1460, 10, 0, 47, 60, 2
1460, 10, 0, 47, 61, 2
1460, 10, 0, 47, 62, 2
1460, 10, 0, 47, 63, 2
1460, 10, 0, 48, 47, 2
1460, 10, 0, 48, 48, 2
1460, 10, 0, 48, 49, 2
1460, 10, 0, 48, 50, 2
1460, 10, 0, 48, 51, 2
1460, 10, 0, 48, 52, 2
1460, 10, 0, 48, 53, 2
1460, 10, 0, 48, 54, 2
1460, 10, 0, 48, 55, 2
1460, 10, 0, 48, 56, 2
1460, 10, 0, 48, 57, 2
1460, 10, 0, 48, 58, 2
1460, 10, 0, 48, 59, 2
1460, 10, 0, 48, 60, 2
1460, 10, 0, 48, 61, 2
1460, 10, 0, 48, 62, 2
1460, 10, 0, 48, 63, 2
1460, 10, 0, 49, 47, 2
1460, 10, 0, 49, 48, 2
1460, 10, 0, 49, 49, 2
1460, 10, 0, 49, 50, 2
1460, 10, 0, 49, 51, 2
1460, 10, 0, 49, 52, 2
1460, 10, 0, 49, 53, 2
1460, 10, 0, 49, 54, 2
1460, 10, 0, 49, 55, 2
1460, 10, 0, 49, 56, 2
1460, 10, 0, 49, 57, 2
1460, 10, 0, 49, 58, 2
1460, 10, 0, 49, 59, 2
1460, 10, 0, 49, 60, 2
1460, 10, 0, 49, 61, 2
1460, 10, 0, 49, 62, 2
1460, 10, 0, 49, 63, 2
1460, 10, 0, 50, 47, 2
1460, 10, 0, 50, 48, 2
1460, 10, 0, 50, 49, 2
1460, 10, 0, 50, 50, 2
1460, 10, 0, 50, 51, 2
1460, 10, 0, 50, 52, 2
1460, 10, 0, 50, 53, 2
1460, 10, 0, 50, 54, 2
1460, 10, 0, 50, 55, 2
1460, 10, 0, 50, 56, 2
1460, 10, 0, 50, 57, 2
1460, 10, 0, 50, 58, 2
1460, 10, 0, 50, 59, 2
1460, 10, 0, 50, 60, 2
1460, 10, 0, 50, 61, 2
1460, 10, 0, 50, 62, 2
1460, 10, 0, 50, 63, 2
1460, 10, 0, 51, 47, 2
1460, 10, 0, 51, 48, 2
1460, 10, 0, 51, 49, 2
1460, 10, 0, 51, 50, 2
1460, 10, 0, 51, 51, 2
1460, 10, 0, 51, 52, 2
1460, 10, 0, 51, 53, 2
1460, 10, 0, 51, 54, 2
1460, 10, 0, 51, 55, 2
1460, 10, 0, 51, 56, 2
1460, 10, 0, 51, 57, 2
1460, 10, 0, 51, 58, 2
1460, 10, 0, 51, 59, 2
1460, 10, 0, 51, 60, 2
1460, 10, 0, 51, 61, 2
1460, 10, 0, 51, 62, 2
1460, 10, 0, 51, 63, 2
1460, 10, 0, 52, 47, 2
1460, 10, 0, 52, 48, 2
1460, 10, 0, 52, 49, 2
1460, 10, 0, 52, 50, 2
1460, 10, 0, 52, 51, 2
1460, 10, 0, 52, 52, 2
1460, 10, 0, 52, 53, 2
1460, 10, 0, 52, 54, 2
1460, 10, 0, 52, 55, 2
1460, 10, 0, 52, 56, 2
1460, 10, 0, 52, 57, 2
1460, 10, 0, 52, 58, 2
1460, 10, 0, 52, 59, 2
1460, 10, 0, 52, 60, 2
1460, 10, 0, 52, 61, 2
1460, 10, 0, 52, 62, 2
1460, 10, 0, 52, 63, 2
1460, 10, 0, 53, 47, 2
1460, 10, 0, 53, 48, 2
1460, 10, 0, 53, 49, 2
1460, 10, 0, 53, 50, 2
1460, 10, 0, 53, 51, 2
1460, 10, 0, 53, 52, 2
1460, 10, 0, 53, 53, 2
1460, 10, 0, 53, 54, 2
1460, 10, 0, 53, 55, 2
1460, 10, 0, 53, 56, 2
1460, 10, 0, 53, 57, 2
1460, 10, 0, 53, 58, 2
1460, 10, 0, 53, 59, 2
1460, 10, 0, 53, 60, 2
1460, 10, 0, 53, 61, 2
1460, 10, 0, 53, 62, 2
1460, 10, 0, 53, 63, 2
1460, 10, 0, 54, 47, 2
1460, 10, 0, 54, 48, 2
1460, 10, 0, 54, 49, 2
1460, 10, 0, 54, 50, 2
1460, 10, 0, 54, 51, 2
1460, 10, 0, 54, 52, 2
1460, 10, 0, 54, 53, 2
1460, 10, 0, 54, 54, 2
1460, 10, 0, 54, 55, 2
1460, 10, 0, 54, 56, 2
1460, 10, 0, 54, 57, 2
1460, 10, 0, 54, 58, 2
1460, 10, 0, 54, 59, 2
1460, 10, 0, 54, 60, 2
1460, 10, 0, 54, 61, 2
1460, 10, 0, 54, 62, 2
1460, 10, 0, 54, 63, 2
1460, 10, 0, 55, 47, 2
1460, 10, 0, 55, 48, 2
1460, 10, 0, 55, 49, 2
1460, 10, 0, 55, 50, 2
1460, 10, 0, 55, 51, 2
1460, 10, 0, 55, 52, 2
1460, 10, 0, 55, 53, 2
1460, 10, 0, 55, 54, 2
1460, 10, 0, 55, 55, 2
1460, 10, 0, 55, 56, 2
1460, 10, 0, 55, 57, 2
1460, 10, 0, 55, 58, 2
1460, 10, 0, 55, 59, 2
1460, 10, 0, 55, 60, 2
1460, 10, 0, 55, 61, 2
1460, 10, 0, 55, 62, 2
1460, 10, 0, 55, 63, 2
1460, 10, 0, 56, 47, 2
1460, 10, 0, 56, 48, 2
1460, 10, 0, 56, 49, 2
1460, 10, 0, 56, 50, 2
1460, 10, 0, 56, 51, 2
1460, 10, 0, 56, 52, 2
1460, 10, 0, 56, 53, 2
1460, 10, 0, 56, 54, 2
1460, 10, 0, 56, 55, 2
1460, 10, 0, 56, 56, 2
1460, 10, 0, 56, 57, 2
1460, 10, 0, 56, 58, 2
1460, 10, 0, 56, 59, 2
1460, 10, 0, 56, 60, 2
1460, 10, 0, 56, 61, 2
1460, 10, 0, 56, 62, 2
1460, 10, 0, 56, 63, 2
1460, 10, 0, 57, 47, 2
1460, 10, 0, 57, 48, 2
1460, 10, 0, 57, 49, 2
1460, 10, 0, 57, 50, 2
1460, 10, 0, 57, 51, 2
1460, 10, 0, 57, 52, 2
1460, 10, 0, 57, 53, 2
1460, 10, 0, 57, 54, 2
1460, 10, 0, 57, 55, 2
1460, 10, 0, 57, 56, 2
1460, 10, 0, 57, 57, 2
1460, 10, 0, 57, 58, 2
1460, 10, 0, 57, 59, 2
1460, 10, 0, 57, 60, 2
1460, 10, 0, 57, 61, 2
1460, 10, 0, 57, 62, 2
1460, 10, 0, 57, 63, 2
1460, 10, 0, 58, 47, 2
1460, 10, 0, 58, 48, 2
1460, 10, 0, 58, 49, 2
1460, 10, 0, 58, 50, 2
1460, 10, 0, 58, 51, 2
1460, 10, 0, 58, 52, 2
1460, 10, 0, 58, 53, 2
1460, 10, 0, 58, 54, 2
1460, 10, 0, 58, 55, 2
1460, 10, 0, 58, 56, 2
1460, 10, 0, 58, 57, 2
1460, 10, 0, 58, 58, 2
1460, 10, 0, 58, 59, 2
1460, 10, 0, 58, 60, 2
1460, 10, 0, 58, 61, 2
1460, 10, 0, 58, 62, 2
1460, 10, 0, 58, 63, 2
1460, 10, 0, 59, 47, 2
1460, 10, 0, 59, 48, 2
1460, 10, 0, 59, 49, 2
1460, 10, 0, 59, 50, 2
1460, 10, 0, 59, 51, 2
1460, 10, 0, 59, 52, 2
1460, 10, 0, 59, 53, 2
1460, 10, 0, 59, 54, 2
1460, 10, 0, 59, 55, 2
1460, 10, 0, 59, 56, 2
1460, 10, 0, 59, 57, 2
1460, 10, 0, 59, 58, 2
1460, 10, 0, 59, 59, 2
1460, 10, 0, 59, 60, 2
1460, 10, 0, 59, 61, 2
1460, 10, 0, 59, 62, 2
1460, 10, 0, 59, 63, 2
1460, 10, 0, 60, 47, 2
1460, 10, 0, 60, 48, 2
1460, 10, 0, 60, 49, 2
1460, 10, 0, 60, 50, 2
1460, 10, 0, 60, 51, 2
1460, 10, 0, 60, 52, 2
1460, 10, 0, 60, 53, 2
1460, 10, 0, 60, 54, 2
1460, 10, 0, 60, 55, 2
1460, 10, 0, 60, 56, 2
1460, 10, 0, 60, 57, 2
1460, 10, 0, 60, 58, 2
1460, 10, 0, 60, 59, 2
1460, 10, 0, 60, 60, 2
1460, 10, 0, 60, 61, 2
1460, 10, 0, 60, 62, 2
1460, 10, 0, 60, 63, 2
1460, 10, 0, 61, 47, 2
1460, 10, 0, 61, 48, 2
1460, 10, 0, 61, 49, 2
1460, 10, 0, 61, 50, 2
1460, 10, 0, 61, 51, 2
1460, 10, 0, 61, 52, 2
1460, 10, 0, 61, 53, 2
1460, 10, 0, 61, 54, 2
1460, 10, 0, 61, 55, 2
1460, 10, 0, 61, 56, 2
1460, 10, 0, 61, 57, 2
1460, 10, 0, 61, 58, 2
1460, 10, 0, 61, 59, 2
1460, 10, 0, 61, 60, 2
1460, 10, 0, 61, 61, 2
1460, 10, 0, 61, 62, 2
1460, 10, 0, 61, 63, 2
1460, 10, 0, 62, 47, 2
1460, 10, 0, 62, 48, 2
1460, 10, 0, 62, 49, 2
1460, 10, 0, 62, 50, 2
1460, 10, 0, 62, 51, 2
1460, 10, 0, 62, 52, 2
1460, 10, 0, 62, 53, 2
1460, 10, 0, 62, 54, 2
1460, 10, 0, 62, 55, 2
1460, 10, 0, 62, 56, 2
1460, 10, 0, 62, 57, 2
1460, 10, 0, 62, 58, 2
1460, 10, 0, 62, 59, 2
1460, 10, 0, 62, 60, 2
1460, 10, 0, 62, 61, 2
1460, 10, 0, 62, 62, 2
1460, 10, 0, 62, 63, 2
1460, 10, 0, 63, 47, 2
1460, 10, 0, 63, 48, 2
1460, 10, 0, 63, 49, 2
1460, 10, 0, 63, 50, 2
1460, 10, 0, 63, 51, 2
1460, 10, 0, 63, 52, 2
1460, 10, 0, 63, 53, 2
1460, 10, 0, 63, 54, 2
1460, 10, 0, 63, 55, 2
1460, 10, 0, 63, 56, 2
1460, 10, 0, 63, 57, 2
1460, 10, 0, 63, 58, 2
1460, 10, 0, 63, 59, 2
1460, 10, 0, 63, 60, 2
1460, 10, 0, 63, 61, 2
1460, 10, 0, 63, 62, 2
1460, 10, 0, 63, 63, 2
1469, 1, 1, 32, 63, 2
1469, 1, 0, 33, 63, 2
