319, 22, 1, 0, 46, 0
319, 22, 0, 0, 56, 0
320, 22, 3, 0, 45, 0
320, 22, 0, 0, 47, 0
320, 22, 1, 0, 49, 0
320, 22, 3, 0, 51, 0
320, 22, 1, 0, 53, 0
320, 22, 3, 0, 55, 0
320, 22, 0, 0, 57, 0
320, 22, 3, 0, 61, 0
320, 22, 2, 1, 46, 0
320, 22, 0, 1, 50, 0
320, 22, 2, 1, 52, 0
320, 22, 0, 1, 54, 0
320, 22, 1, 1, 56, 0
320, 22, 2, 1, 58, 0
320, 22, 1, 1, 59, 0
320, 22, 0, 1, 61, 0
320, 22, 2, 1, 62, 0
320, 22, 2, 2, 60, 0
320, 22, 3, 2, 61, 0
320, 22, 1, 2, 63, 0
321, 22, 2, 0, 50, 0
321, 22, 1, 1, 53, 0
321, 22, 3, 1, 60, 0
321, 22, 2, 2, 62, 0
1175, 10, 0, 5, 40, 0
1175, 10, 3, 6, 39, 0
1175, 10, 2, 20, 55, 0
1175, 10, 3, 22, 57, 0
1175, 10, 3, 24, 23, 0
1175, 10, 1, 56, 31, 0
1176, 10, 1, 4, 38, 0
1176, 10, 2, 6, 38, 0
1176, 10, 2, 19, 53, 0
1176, 10, 0, 20, 56, 0
1176, 10, 2, 21, 54, 0
1176, 10, 2, 24, 22, 0
1176, 10, 1, 48, 36, 0
1176, 10, 2, 54, 32, 0
1176, 10, 1, 57, 32, 0
1177, 10, 2, 4, 36, 0
1177, 10, 0, 5, 38, 0
1177, 10, 1, 22, 56, 0
1177, 10, 2, 25, 23, 0
1177, 10, 0, 26, 27, 0
1177, 10, 0, 47, 35, 0
1177, 10, 2, 49, 36, 0
1177, 10, 1, 55, 32, 0
1177, 10, 3, 57, 33, 0
1189, 10, 3, 24, 16, 0
1189, 10, 2, 25, 16, 0
1189, 10, 0, 31, 12, 0
1189, 10, 3, 31, 14, 0
1189, 10, 1, 32, 13, 0
1189, 10, 2, 35, 7, 0
1189, 10, 0, 44, 14, 0
1189, 10, 1, 45, 15, 0
1194, 10, 1, 36, 1, 0
1194, 10, 3, 38, 1, 0
1194, 10, 2, 39, 0, 0
1194, 10, 2, 48, 17, 0
1194, 10, 1, 48, 20, 0
1194, 10, 3, 49, 13, 0
1194, 10, 0, 49, 21, 0
1194, 10, 3, 50, 21, 0
1194, 10, 0, 54, 17, 0
1194, 10, 0, 61, 15, 0
1194, 10, 3, 61, 16, 0
2759, 22, 0, 30, 53, 0
3547, 22, 3, 2, 50, 0
3547, 22, 0, 2, 52, 0
3547, 22, 3, 3, 56, 0
3547, 22, 2, 3, 57, 0
3547, 22, 1, 3, 58, 0
3547, 22, 0, 4, 7, 0
3547, 22, 1, 5, 5, 0
3547, 22, 2, 5, 7, 0
3547, 22, 3, 5, 8, 0
3547, 22, 1, 6, 8, 0
3547, 22, 0, 6, 35, 0
3547, 22, 0, 7, 4, 0
3547, 22, 2, 7, 5, 0
3547, 22, 1, 7, 36, 0
3547, 22, 1, 8, 36, 0
3547, 22, 0, 8, 37, 0
3547, 22, 0, 8, 38, 0
3547, 22, 3, 9, 36, 0
3547, 22, 2, 9, 37, 0
3547, 22, 1, 9, 38, 0
3547, 22, 3, 16, 13, 0
3547, 22, 2, 17, 13, 0
3547, 22, 0, 17, 16, 0
3547, 22, 1, 18, 17, 0
3547, 22, 3, 18, 39, 0
3547, 22, 1, 18, 48, 0
3547, 22, 2, 18, 49, 0
3547, 22, 0, 18, 52, 0
3547, 22, 1, 19, 13, 0
3547, 22, 2, 19, 39, 0
3547, 22, 1, 19, 50, 0
3547, 22, 3, 20, 10, 0
3547, 22, 0, 20, 14, 0
3547, 22, 2, 20, 17, 0
3547, 22, 3, 20, 39, 0
3547, 22, 0, 21, 12, 0
3547, 22, 3, 21, 35, 0
3547, 22, 2, 21, 36, 0
3547, 22, 0, 22, 15, 0
3547, 22, 1, 22, 34, 0
3547, 22, 2, 22, 35, 0
3547, 22, 3, 23, 15, 0
3547, 22, 3, 23, 35, 0
3547, 22, 0, 23, 48, 0
3547, 22, 0, 24, 47, 0
3547, 22, 1, 24, 51, 0
3547, 22, 0, 25, 51, 0
3547, 22, 0, 25, 52, 0
3547, 22, 3, 26, 52, 0
3547, 22, 2, 27, 38, 0
3547, 22, 1, 28, 39, 0
3547, 22, 0, 28, 46, 0
3547, 22, 1, 29, 47, 0
3547, 22, 2, 31, 17, 0
3547, 22, 1, 32, 17, 0
3547, 22, 0, 33, 1, 0
3547, 22, 0, 33, 16, 0
3547, 22, 3, 33, 18, 0
3547, 22, 0, 33, 20, 0
3547, 22, 1, 34, 16, 0
3547, 22, 3, 34, 17, 0
3547, 22, 1, 35, 4, 0
3547, 22, 3, 35, 16, 0
3547, 22, 3, 35, 17, 0
3547, 22, 1, 35, 20, 0
3547, 22, 2, 36, 1, 0
3547, 22, 3, 36, 3, 0
3547, 22, 3, 36, 16, 0
3547, 22, 3, 36, 17, 0
3547, 22, 3, 37, 2, 0
3547, 22, 3, 37, 3, 0
3547, 22, 0, 37, 16, 0
3547, 22, 0, 37, 17, 0
3547, 22, 3, 37, 19, 0
3547, 22, 3, 38, 1, 0
3547, 22, 3, 38, 17, 0
3547, 22, 1, 39, 17, 0
3547, 22, 2, 39, 20, 0
3547, 22, 0, 42, 17, 0
3547, 22, 2, 43, 21, 0
3547, 22, 1, 44, 1, 0
3547, 22, 1, 44, 21, 0
3547, 22, 0, 44, 22, 0
3547, 22, 3, 44, 48, 0
3547, 22, 3, 45, 4, 0
3547, 22, 1, 45, 23, 0
3547, 22, 2, 45, 54, 0
3547, 22, 2, 46, 18, 0
3547, 22, 1, 46, 23, 0
3547, 22, 2, 46, 48, 0
3547, 22, 3, 46, 49, 0
3547, 22, 1, 46, 50, 0
3547, 22, 1, 46, 53, 0
3547, 22, 2, 46, 58, 0
3547, 22, 2, 47, 2, 0
3547, 22, 1, 47, 19, 0
3547, 22, 2, 47, 23, 0
3547, 22, 0, 47, 24, 0
3547, 22, 0, 47, 25, 0
3547, 22, 0, 47, 29, 0
3547, 22, 2, 47, 30, 0
3547, 22, 0, 47, 47, 0
3547, 22, 2, 47, 48, 0
3547, 22, 1, 47, 49, 0
3547, 22, 1, 47, 59, 0
3547, 22, 3, 48, 21, 0
3547, 22, 0, 48, 25, 0
3547, 22, 0, 48, 26, 0
3547, 22, 1, 48, 30, 0
3547, 22, 3, 48, 31, 0
3547, 22, 3, 48, 60, 0
3547, 22, 3, 49, 11, 0
3547, 22, 1, 49, 15, 0
3547, 22, 0, 49, 16, 0
3547, 22, 0, 49, 31, 0
3547, 22, 0, 49, 41, 0
3547, 22, 1, 49, 50, 0
3547, 22, 3, 49, 51, 0
3547, 22, 0, 49, 61, 0
3547, 22, 2, 50, 15, 0
3547, 22, 2, 50, 40, 0
3547, 22, 2, 50, 41, 0
3547, 22, 3, 50, 62, 0
3547, 22, 2, 51, 13, 0
3547, 22, 3, 51, 15, 0
3547, 22, 2, 51, 55, 0
3547, 22, 0, 51, 57, 0
3547, 22, 2, 52, 9, 0
3547, 22, 0, 52, 16, 0
3547, 22, 1, 52, 19, 0
3547, 22, 0, 52, 21, 0
3547, 22, 3, 52, 30, 0
3547, 22, 1, 52, 31, 0
3547, 22, 1, 52, 40, 0
3547, 22, 1, 52, 56, 0
3547, 22, 3, 53, 19, 0
3547, 22, 0, 53, 30, 0
3547, 22, 0, 54, 8, 0
3547, 22, 1, 54, 9, 0
3547, 22, 0, 54, 13, 0
3547, 22, 3, 54, 15, 0
3547, 22, 2, 54, 18, 0
3547, 22, 3, 54, 19, 0
3547, 22, 1, 55, 18, 0
3547, 22, 2, 55, 54, 0
3547, 22, 0, 56, 8, 0
3547, 22, 1, 56, 52, 0
3547, 22, 1, 59, 20, 0
3547, 22, 0, 60, 31, 0
3547, 22, 3, 60, 34, 0
3547, 22, 3, 61, 32, 0
3547, 22, 2, 61, 33, 0
3547, 22, 1, 61, 38, 0
3547, 22, 0, 62, 33, 0
3547, 22, 1, 62, 34, 0
3547, 22, 0, 62, 38, 0
3547, 22, 3, 62, 39, 0
3547, 22, 2, 63, 35, 0
3547, 22, 2, 63, 38, 0
3548, 22, 1, 2, 49, 0
3548, 22, 2, 2, 51, 0
3548, 22, 0, 3, 51, 0
3548, 22, 1, 4, 5, 0
3548, 22, 2, 4, 6, 0
3548, 22, 0, 4, 8, 0
3548, 22, 3, 5, 4, 0
3548, 22, 2, 6, 3, 0
3548, 22, 3, 6, 4, 0
3548, 22, 3, 6, 5, 0
3548, 22, 3, 7, 35, 0
3548, 22, 2, 8, 35, 0
3548, 22, 1, 10, 37, 0
3548, 22, 0, 10, 38, 0
3548, 22, 2, 11, 39, 0
3548, 22, 1, 12, 40, 0
3548, 22, 0, 13, 40, 0
3548, 22, 3, 14, 40, 0
3548, 22, 3, 14, 41, 0
3548, 22, 3, 15, 13, 0
3548, 22, 2, 16, 12, 0
3548, 22, 1, 17, 11, 0
3548, 22, 0, 17, 17, 0
3548, 22, 3, 17, 39, 0
3548, 22, 1, 17, 46, 0
3548, 22, 0, 18, 12, 0
3548, 22, 2, 18, 13, 0
3548, 22, 2, 18, 38, 0
3548, 22, 2, 18, 51, 0
3548, 22, 1, 18, 53, 0
3548, 22, 3, 19, 14, 0
3548, 22, 2, 19, 38, 0
3548, 22, 3, 19, 51, 0
3548, 22, 2, 20, 35, 0
3548, 22, 3, 20, 36, 0
3548, 22, 2, 20, 38, 0
3548, 22, 3, 21, 11, 0
3548, 22, 2, 21, 17, 0
3548, 22, 1, 21, 34, 0
3548, 22, 0, 21, 37, 0
3548, 22, 1, 21, 39, 0
3548, 22, 3, 22, 16, 0
3548, 22, 3, 22, 33, 0
3548, 22, 2, 22, 36, 0
3548, 22, 1, 23, 9, 0
3548, 22, 1, 23, 14, 0
3548, 22, 0, 23, 34, 0
3548, 22, 1, 23, 36, 0
3548, 22, 1, 24, 9, 0
3548, 22, 2, 24, 35, 0
3548, 22, 2, 24, 46, 0
3548, 22, 1, 24, 48, 0
3548, 22, 2, 25, 9, 0
3548, 22, 2, 26, 38, 0
3548, 22, 1, 26, 39, 0
3548, 22, 0, 26, 51, 0
3548, 22, 3, 27, 37, 0
3548, 22, 0, 27, 39, 0
3548, 22, 3, 27, 40, 0
3548, 22, 1, 27, 46, 0
3548, 22, 3, 27, 52, 0
3548, 22, 2, 28, 38, 0
3548, 22, 2, 28, 45, 0
3548, 22, 2, 28, 52, 0
3548, 22, 3, 30, 17, 0
3548, 22, 3, 32, 1, 0
3548, 22, 2, 32, 16, 0
3548, 22, 1, 32, 20, 0
3548, 22, 2, 33, 0, 0
3548, 22, 0, 33, 2, 0
3548, 22, 1, 33, 15, 0
3548, 22, 0, 33, 21, 0
3548, 22, 1, 34, 1, 0
3548, 22, 3, 34, 4, 0
3548, 22, 0, 34, 15, 0
3548, 22, 3, 34, 19, 0
3548, 22, 2, 34, 20, 0
3548, 22, 3, 35, 1, 0
3548, 22, 2, 35, 3, 0
3548, 22, 0, 35, 5, 0
3548, 22, 3, 35, 19, 0
3548, 22, 2, 36, 0, 0
3548, 22, 0, 36, 2, 0
3548, 22, 1, 36, 20, 0
3548, 22, 2, 36, 21, 0
3548, 22, 1, 37, 0, 0
3548, 22, 3, 38, 0, 0
3548, 22, 2, 38, 16, 0
3548, 22, 1, 38, 20, 0
3548, 22, 2, 39, 1, 0
3548, 22, 1, 39, 16, 0
3548, 22, 0, 39, 21, 0
3548, 22, 0, 40, 18, 0
3548, 22, 3, 40, 19, 0
3548, 22, 3, 40, 20, 0
3548, 22, 3, 43, 49, 0
3548, 22, 0, 44, 49, 0
3548, 22, 2, 45, 3, 0
3548, 22, 0, 45, 5, 0
3548, 22, 2, 45, 48, 0
3548, 22, 1, 46, 4, 0
3548, 22, 0, 46, 29, 0
3548, 22, 2, 46, 47, 0
3548, 22, 3, 46, 54, 0
3548, 22, 1, 46, 55, 0
3548, 22, 1, 47, 27, 0
3548, 22, 2, 47, 46, 0
3548, 22, 0, 47, 56, 0
3548, 22, 1, 47, 58, 0
3548, 22, 3, 48, 29, 0
3548, 22, 1, 48, 46, 0
3548, 22, 2, 49, 14, 0
3548, 22, 3, 49, 25, 0
3548, 22, 2, 49, 26, 0
3548, 22, 2, 49, 30, 0
3548, 22, 3, 49, 40, 0
3548, 22, 0, 49, 60, 0
3548, 22, 3, 50, 10, 0
3548, 22, 2, 50, 14, 0
3548, 22, 2, 50, 25, 0
3548, 22, 1, 51, 14, 0
3548, 22, 3, 51, 30, 0
3548, 22, 3, 51, 61, 0
3548, 22, 2, 52, 15, 0
3548, 22, 1, 52, 41, 0
3548, 22, 3, 52, 46, 0
3548, 22, 0, 53, 8, 0
3548, 22, 2, 53, 16, 0
3548, 22, 1, 53, 29, 0
3548, 22, 0, 53, 42, 0
3548, 22, 2, 53, 44, 0
3548, 22, 1, 53, 50, 0
3548, 22, 2, 54, 14, 0
3548, 22, 2, 54, 30, 0
3548, 22, 0, 54, 50, 0
3548, 22, 1, 54, 51, 0
3548, 22, 2, 56, 44, 0
3548, 22, 1, 57, 43, 0
3548, 22, 1, 57, 51, 0
3548, 22, 1, 57, 52, 0
3548, 22, 1, 58, 9, 0
3548, 22, 2, 58, 10, 0
3548, 22, 0, 58, 21, 0
3548, 22, 0, 59, 21, 0
3548, 22, 2, 59, 31, 0
3548, 22, 1, 60, 20, 0
3548, 22, 1, 60, 38, 0
3548, 22, 3, 61, 31, 0
3548, 22, 0, 61, 39, 0
3548, 22, 0, 62, 32, 0
3548, 22, 2, 62, 40, 0
3548, 22, 1, 63, 33, 0
3548, 22, 3, 63, 39, 0
3549, 22, 3, 2, 48, 0
3549, 22, 3, 3, 5, 0
3549, 22, 2, 3, 6, 0
3549, 22, 0, 3, 8, 0
3549, 22, 3, 3, 9, 0
3549, 22, 1, 3, 50, 0
3549, 22, 3, 3, 52, 0
3549, 22, 0, 4, 4, 0
3549, 22, 2, 4, 9, 0
3549, 22, 3, 5, 2, 0
3549, 22, 1, 5, 3, 0
3549, 22, 1, 6, 2, 0
3549, 22, 1, 6, 36, 0
3549, 22, 0, 7, 2, 0
3549, 22, 3, 7, 37, 0
3549, 22, 2, 7, 38, 0
3549, 22, 1, 9, 35, 0
3549, 22, 2, 10, 36, 0
3549, 22, 0, 11, 38, 0
3549, 22, 3, 15, 14, 0
3549, 22, 0, 15, 15, 0
3549, 22, 1, 16, 16, 0
3549, 22, 2, 16, 17, 0
3549, 22, 1, 16, 46, 0
3549, 22, 3, 17, 15, 0
3549, 22, 3, 19, 18, 0
3549, 22, 0, 19, 49, 0
3549, 22, 0, 20, 18, 0
3549, 22, 1, 20, 34, 0
3549, 22, 2, 20, 37, 0
3549, 22, 3, 21, 10, 0
3549, 22, 0, 21, 33, 0
3549, 22, 1, 22, 11, 0
3549, 22, 0, 22, 12, 0
3549, 22, 3, 22, 37, 0
3549, 22, 1, 22, 39, 0
3549, 22, 0, 23, 10, 0
3549, 22, 3, 23, 13, 0
3549, 22, 1, 23, 16, 0
3549, 22, 0, 23, 37, 0
3549, 22, 0, 23, 40, 0
3549, 22, 2, 23, 50, 0
3549, 22, 3, 24, 7, 0
3549, 22, 0, 24, 8, 0
3549, 22, 3, 24, 10, 0
3549, 22, 2, 24, 15, 0
3549, 22, 0, 24, 34, 0
3549, 22, 1, 24, 36, 0
3549, 22, 3, 24, 42, 0
3549, 22, 1, 24, 50, 0
3549, 22, 2, 25, 8, 0
3549, 22, 2, 25, 11, 0
3549, 22, 1, 25, 12, 0
3549, 22, 3, 25, 35, 0
3549, 22, 2, 25, 38, 0
3549, 22, 3, 25, 42, 0
3549, 22, 3, 25, 43, 0
3549, 22, 2, 25, 45, 0
3549, 22, 3, 25, 46, 0
3549, 22, 2, 26, 10, 0
3549, 22, 1, 26, 37, 0
3549, 22, 1, 27, 10, 0
3549, 22, 0, 27, 36, 0
3549, 22, 3, 27, 41, 0
3549, 22, 1, 27, 45, 0
3549, 22, 1, 27, 51, 0
3549, 22, 0, 28, 36, 0
3549, 22, 0, 28, 37, 0
3549, 22, 0, 28, 40, 0
3549, 22, 0, 28, 51, 0
3549, 22, 1, 29, 38, 0
3549, 22, 0, 29, 39, 0
3549, 22, 3, 29, 46, 0
3549, 22, 0, 29, 48, 0
3549, 22, 3, 29, 51, 0
3549, 22, 2, 30, 16, 0
3549, 22, 2, 30, 41, 0
3549, 22, 3, 30, 42, 0
3549, 22, 3, 31, 16, 0
3549, 22, 1, 31, 18, 0
3549, 22, 0, 31, 40, 0
3549, 22, 0, 32, 18, 0
3549, 22, 3, 32, 19, 0
3549, 22, 0, 33, 14, 0
3549, 22, 2, 34, 13, 0
3549, 22, 1, 34, 14, 0
3549, 22, 2, 35, 13, 0
3549, 22, 3, 35, 15, 0
3549, 22, 1, 36, 4, 0
3549, 22, 2, 36, 13, 0
3549, 22, 2, 36, 15, 0
3549, 22, 2, 37, 14, 0
3549, 22, 3, 37, 15, 0
3549, 22, 1, 38, 15, 0
3549, 22, 0, 38, 21, 0
3549, 22, 1, 38, 22, 0
3549, 22, 0, 39, 0, 0
3549, 22, 2, 39, 2, 0
3549, 22, 3, 40, 1, 0
3549, 22, 0, 40, 16, 0
3549, 22, 0, 40, 17, 0
3549, 22, 3, 41, 18, 0
3549, 22, 2, 41, 20, 0
3549, 22, 2, 43, 48, 0
3549, 22, 2, 46, 30, 0
3549, 22, 3, 47, 55, 0
3549, 22, 1, 47, 57, 0
3549, 22, 1, 48, 11, 0
3549, 22, 1, 48, 28, 0
3549, 22, 1, 48, 40, 0
3549, 22, 0, 48, 58, 0
3549, 22, 3, 48, 59, 0
3549, 22, 2, 49, 10, 0
3549, 22, 2, 49, 29, 0
3549, 22, 1, 49, 32, 0
3549, 22, 3, 49, 42, 0
3549, 22, 0, 50, 9, 0
3549, 22, 3, 50, 30, 0
3549, 22, 2, 50, 39, 0
3549, 22, 2, 50, 61, 0
3549, 22, 3, 51, 9, 0
3549, 22, 2, 51, 31, 0
3549, 22, 2, 52, 8, 0
3549, 22, 2, 52, 29, 0
3549, 22, 0, 52, 39, 0
3549, 22, 1, 52, 43, 0
3549, 22, 1, 52, 49, 0
3549, 22, 2, 53, 15, 0
3549, 22, 3, 53, 28, 0
3549, 22, 3, 53, 40, 0
3549, 22, 1, 53, 41, 0
3549, 22, 2, 54, 7, 0
3549, 22, 0, 54, 29, 0
3549, 22, 2, 54, 40, 0
3549, 22, 1, 54, 41, 0
3549, 22, 2, 55, 7, 0
3549, 22, 0, 55, 13, 0
3549, 22, 1, 55, 17, 0
3549, 22, 0, 55, 19, 0
3549, 22, 0, 55, 29, 0
3549, 22, 1, 55, 30, 0
3549, 22, 3, 56, 12, 0
3549, 22, 1, 56, 30, 0
3549, 22, 2, 57, 8, 0
3549, 22, 0, 57, 11, 0
3549, 22, 2, 57, 12, 0
3549, 22, 0, 57, 30, 0
3549, 22, 1, 57, 44, 0
3549, 22, 3, 57, 45, 0
3549, 22, 2, 57, 53, 0
3549, 22, 1, 58, 11, 0
3549, 22, 3, 58, 31, 0
3549, 22, 3, 58, 45, 0
3549, 22, 3, 58, 52, 0
3549, 22, 2, 59, 38, 0
3549, 22, 1, 60, 39, 0
3549, 22, 0, 61, 30, 0
3549, 22, 1, 61, 40, 0
3549, 22, 1, 62, 31, 0
3549, 22, 3, 62, 41, 0
3549, 22, 3, 63, 32, 0
3549, 22, 0, 63, 40, 0
3550, 0, 0, 18, 27, 0
3550, 0, 1, 26, 2, 0
3550, 0, 0, 27, 3, 0
3550, 0, 3, 27, 4, 0
3550, 0, 1, 28, 2, 0
3550, 0, 0, 28, 3, 0
3550, 0, 2, 36, 61, 0
3550, 0, 2, 36, 63, 0
3550, 0, 1, 37, 61, 0
3550, 0, 1, 37, 62, 0
3550, 0, 0, 38, 62, 0
3550, 0, 3, 54, 44, 0
3550, 0, 1, 55, 14, 0
3879, 10, 1, 2, 11, 0
3879, 10, 1, 2, 24, 0
3879, 10, 3, 2, 53, 0
3879, 10, 0, 3, 60, 0
3879, 10, 3, 4, 27, 0
3879, 10, 2, 4, 57, 0
3879, 10, 2, 5, 12, 0
3879, 10, 0, 5, 22, 0
3879, 10, 1, 5, 54, 0
3879, 10, 3, 7, 16, 0
3879, 10, 0, 8, 5, 0
3879, 10, 2, 8, 32, 0
3879, 10, 1, 11, 33, 0
3879, 10, 0, 13, 18, 0
3879, 10, 2, 14, 1, 0
3879, 10, 3, 14, 5, 0
3879, 10, 1, 17, 8, 0
3879, 10, 2, 21, 3, 0
3879, 10, 3, 21, 6, 0
3879, 10, 0, 26, 6, 0
3879, 10, 2, 26, 11, 0
3879, 10, 1, 26, 20, 0
3879, 10, 3, 28, 14, 0
3879, 10, 2, 29, 2, 0
3879, 10, 0, 30, 18, 0
3879, 10, 1, 30, 28, 0
3879, 10, 3, 32, 21, 0
3879, 10, 0, 35, 23, 0
3879, 10, 3, 36, 4, 0
3879, 10, 2, 41, 23, 0
3879, 10, 0, 41, 26, 0
3879, 10, 3, 41, 55, 0
3879, 10, 3, 42, 9, 0
3879, 10, 1, 42, 16, 0
3879, 10, 2, 44, 24, 0
3879, 10, 0, 44, 50, 0
3879, 10, 2, 45, 0, 0
3879, 10, 0, 45, 18, 0
3879, 10, 0, 45, 21, 0
3879, 10, 0, 46, 14, 0
3879, 10, 2, 48, 0, 0
3879, 10, 3, 48, 22, 0
3879, 10, 2, 48, 47, 0
3879, 10, 2, 48, 55, 0
3879, 10, 2, 49, 4, 0
3879, 10, 2, 50, 42, 0
3879, 10, 3, 51, 1, 0
3879, 10, 2, 53, 21, 0
3879, 10, 3, 54, 0, 0
3879, 10, 2, 56, 15, 0
3879, 10, 1, 56, 18, 0
3879, 10, 1, 56, 22, 0
3879, 10, 1, 57, 3, 0
3879, 10, 0, 57, 40, 0
3879, 10, 1, 58, 44, 0
3879, 10, 1, 59, 17, 0
3879, 10, 3, 60, 3, 0
3879, 10, 2, 60, 47, 0
3881, 10, 3, 8, 13, 0
3881, 10, 0, 10, 18, 0
3881, 10, 0, 11, 1, 0
3881, 10, 0, 11, 10, 0
3881, 10, 3, 16, 22, 0
3881, 10, 0, 17, 31, 0
3881, 10, 2, 20, 22, 0
3881, 10, 2, 32, 25, 0
3881, 10, 0, 32, 32, 0
3881, 10, 0, 41, 6, 0
3881, 10, 3, 42, 58, 0
3881, 10, 1, 44, 6, 0
3881, 10, 0, 52, 60, 0
3881, 10, 0, 55, 59, 0
3881, 10, 0, 57, 25, 0
3881, 10, 3, 59, 20, 0
3881, 10, 3, 61, 6, 0
3881, 10, 1, 61, 26, 0
3882, 10, 1, 8, 10, 0
3882, 10, 2, 11, 4, 0
3882, 10, 2, 11, 7, 0
3882, 10, 1, 14, 9, 0
3882, 10, 1, 19, 28, 0
3882, 10, 0, 33, 29, 0
3882, 10, 1, 35, 26, 0
3882, 10, 2, 42, 3, 0
3882, 10, 1, 53, 56, 0
3882, 10, 3, 57, 56, 0
3882, 10, 1, 59, 53, 0
3883, 10, 2, 4, 50, 0
3883, 10, 2, 5, 6, 0
3883, 10, 3, 6, 2, 0
3883, 10, 0, 8, 0, 0
3883, 10, 1, 8, 8, 0
3883, 10, 1, 8, 19, 0
3883, 10, 0, 10, 23, 0
3883, 10, 3, 12, 21, 0
3883, 10, 2, 12, 29, 0
3883, 10, 0, 14, 18, 0
3883, 10, 2, 14, 31, 0
3883, 10, 1, 17, 28, 0
3883, 10, 2, 20, 31, 0
3883, 10, 1, 21, 1, 0
3883, 10, 3, 22, 16, 0
3883, 10, 3, 23, 32, 0
3883, 10, 3, 24, 3, 0
3883, 10, 0, 24, 7, 0
3883, 10, 1, 27, 9, 0
3883, 10, 0, 28, 30, 0
3883, 10, 2, 29, 12, 0
3883, 10, 1, 30, 31, 0
3883, 10, 0, 31, 0, 0
3883, 10, 3, 34, 5, 0
3883, 10, 2, 35, 32, 0
3883, 10, 3, 36, 29, 0
3883, 10, 0, 36, 59, 0
3883, 10, 1, 42, 53, 0
3883, 10, 0, 44, 27, 0
3883, 10, 2, 45, 3, 0
3883, 10, 0, 45, 53, 0
3883, 10, 0, 45, 58, 0
3883, 10, 0, 47, 4, 0
3883, 10, 2, 47, 12, 0
3883, 10, 0, 49, 14, 0
3883, 10, 2, 49, 45, 0
3883, 10, 3, 51, 21, 0
3883, 10, 2, 51, 45, 0
3883, 10, 2, 52, 4, 0
3883, 10, 2, 53, 15, 0
3883, 10, 2, 53, 49, 0
3883, 10, 2, 54, 24, 0
3883, 10, 3, 55, 62, 0
3883, 10, 2, 56, 45, 0
3883, 10, 0, 57, 13, 0
3883, 10, 2, 59, 1, 0
3883, 10, 0, 59, 6, 0
3883, 10, 1, 59, 15, 0
3883, 10, 1, 59, 23, 0
3883, 10, 1, 59, 51, 0
3883, 10, 0, 60, 42, 0
3883, 10, 3, 61, 45, 0
3883, 10, 2, 62, 52, 0
3885, 10, 2, 9, 39, 0
3885, 10, 2, 13, 13, 0
3885, 10, 2, 26, 47, 0
3885, 10, 1, 32, 2, 0
3885, 10, 0, 38, 14, 0
3885, 10, 2, 41, 20, 0
3885, 10, 0, 49, 52, 0
3885, 10, 2, 54, 3, 0
3885, 10, 2, 58, 59, 0
3885, 10, 0, 59, 12, 0
3885, 10, 1, 60, 56, 0
3886, 10, 2, 2, 44, 0
3886, 10, 0, 2, 47, 0
3886, 10, 1, 3, 46, 0
3886, 10, 1, 4, 34, 0
3886, 10, 1, 7, 50, 0
3886, 10, 0, 9, 42, 0
3886, 10, 2, 11, 38, 0
3886, 10, 3, 12, 40, 0
3886, 10, 3, 22, 28, 0
3886, 10, 2, 24, 6, 0
3886, 10, 2, 25, 15, 0
3886, 10, 0, 25, 60, 0
3886, 10, 0, 26, 9, 0
3886, 10, 0, 26, 30, 0
3886, 10, 1, 27, 16, 0
3886, 10, 1, 28, 23, 0
3886, 10, 1, 29, 1, 0
3886, 10, 3, 30, 60, 0
3886, 10, 2, 33, 5, 0
3886, 10, 2, 33, 56, 0
3886, 10, 1, 35, 58, 0
3886, 10, 0, 36, 20, 0
3886, 10, 0, 36, 55, 0
3886, 10, 0, 38, 0, 0
3886, 10, 1, 38, 22, 0
3886, 10, 1, 38, 53, 0
3886, 10, 0, 39, 55, 0
3886, 10, 1, 40, 17, 0
3886, 10, 3, 41, 19, 0
3886, 10, 3, 41, 53, 0
3886, 10, 2, 42, 51, 0
3886, 10, 0, 44, 19, 0
3886, 10, 3, 54, 14, 0
3886, 10, 3, 55, 41, 0
3886, 10, 3, 61, 23, 0
3886, 10, 2, 62, 19, 0
3887, 10, 2, 5, 8, 0
3887, 10, 1, 8, 2, 0
3887, 10, 2, 11, 15, 0
3887, 10, 3, 13, 23, 0
3887, 10, 0, 14, 28, 0
3887, 10, 1, 16, 18, 0
3887, 10, 3, 21, 19, 0
3887, 10, 0, 30, 5, 0
3887, 10, 3, 31, 57, 0
3887, 10, 2, 36, 56, 0
3887, 10, 1, 39, 58, 0
3887, 10, 0, 44, 55, 0
3887, 10, 2, 49, 58, 0
3887, 10, 2, 52, 53, 0
3887, 10, 1, 56, 53, 0
3892, 10, 3, 3, 16, 0
3892, 10, 0, 14, 34, 0
3892, 10, 3, 18, 1, 0
3892, 10, 0, 24, 17, 0
3892, 10, 2, 25, 33, 0
3892, 10, 2, 33, 17, 0
3892, 10, 0, 44, 61, 0
3892, 10, 3, 61, 59, 0
3893, 10, 2, 49, 56, 0
3894, 10, 1, 1, 3, 0
3894, 10, 0, 9, 48, 0
3894, 10, 0, 12, 27, 0
3894, 10, 1, 15, 50, 0
3894, 10, 3, 16, 14, 0
3894, 10, 3, 17, 25, 0
3894, 10, 2, 19, 12, 0
3894, 10, 0, 19, 19, 0
3894, 10, 0, 21, 13, 0
3894, 10, 1, 23, 44, 0
3894, 10, 2, 30, 55, 0
3894, 10, 1, 31, 15, 0
3894, 10, 1, 31, 41, 0
3894, 10, 1, 33, 53, 0
3894, 10, 0, 35, 14, 0
3894, 10, 3, 35, 21, 0
3894, 10, 0, 38, 2, 0
3894, 10, 0, 44, 29, 0
3894, 10, 0, 47, 51, 0
3894, 10, 2, 47, 53, 0
3894, 10, 2, 52, 10, 0
3894, 10, 3, 52, 12, 0
3894, 10, 3, 52, 17, 0
3894, 10, 1, 56, 35, 0
3894, 10, 1, 58, 48, 0
3894, 10, 3, 59, 32, 0
3894, 10, 0, 61, 34, 0
3895, 10, 1, 5, 48, 0
3895, 10, 0, 6, 35, 0
3895, 10, 3, 12, 46, 0
3895, 10, 3, 13, 52, 0
3895, 10, 2, 14, 21, 0
3895, 10, 2, 18, 15, 0
3895, 10, 0, 20, 15, 0
3895, 10, 1, 21, 40, 0
3895, 10, 2, 23, 28, 0
3895, 10, 2, 23, 41, 0
3895, 10, 1, 24, 10, 0
3895, 10, 1, 36, 40, 0
3895, 10, 2, 36, 52, 0
3895, 10, 2, 37, 20, 0
3895, 10, 2, 42, 0, 0
3895, 10, 1, 42, 29, 0
3895, 10, 0, 45, 46, 0
3895, 10, 1, 50, 11, 0
3895, 10, 0, 50, 16, 0
3895, 10, 2, 50, 50, 0
3895, 10, 3, 51, 23, 0
3895, 10, 3, 51, 48, 0
3895, 10, 0, 52, 51, 0
3895, 10, 3, 54, 11, 0
3895, 10, 0, 55, 9, 0
3896, 10, 0, 2, 2, 0
3896, 10, 0, 4, 49, 0
3896, 10, 3, 5, 35, 0
3896, 10, 2, 7, 37, 0
3896, 10, 0, 7, 47, 0
3896, 10, 1, 8, 49, 0
3896, 10, 2, 11, 47, 0
3896, 10, 1, 15, 53, 0
3896, 10, 1, 16, 16, 0
3896, 10, 2, 17, 12, 0
3896, 10, 0, 18, 14, 0
3896, 10, 0, 19, 17, 0
3896, 10, 2, 19, 21, 0
3896, 10, 1, 19, 23, 0
3896, 10, 0, 20, 11, 0
3896, 10, 3, 21, 9, 0
3896, 10, 1, 21, 12, 0
3896, 10, 2, 22, 12, 0
3896, 10, 3, 22, 15, 0
3896, 10, 3, 25, 20, 0
3896, 10, 2, 28, 56, 0
3896, 10, 2, 30, 21, 0
3896, 10, 1, 31, 43, 0
3896, 10, 1, 32, 24, 0
3896, 10, 3, 33, 15, 0
3896, 10, 2, 33, 40, 0
3896, 10, 1, 33, 55, 0
3896, 10, 0, 34, 28, 0
3896, 10, 0, 34, 52, 0
3896, 10, 3, 35, 2, 0
3896, 10, 3, 35, 51, 0
3896, 10, 3, 35, 53, 0
3896, 10, 2, 35, 60, 0
3896, 10, 0, 37, 1, 0
3896, 10, 0, 37, 51, 0
3896, 10, 1, 37, 54, 0
3896, 10, 2, 39, 4, 0
3896, 10, 3, 40, 0, 0
3896, 10, 1, 40, 3, 0
3896, 10, 2, 43, 2, 0
3896, 10, 0, 44, 47, 0
3896, 10, 2, 45, 49, 0
3896, 10, 3, 47, 43, 0
3896, 10, 3, 47, 50, 0
3896, 10, 1, 48, 50, 0
3896, 10, 0, 51, 47, 0
3896, 10, 0, 51, 56, 0
3896, 10, 1, 52, 14, 0
3896, 10, 1, 52, 50, 0
3896, 10, 1, 53, 59, 0
3896, 10, 0, 54, 59, 0
3896, 10, 0, 55, 36, 0
3896, 10, 3, 55, 55, 0
3896, 10, 1, 56, 11, 0
3896, 10, 3, 57, 10, 0
3896, 10, 1, 57, 43, 0
3896, 10, 3, 58, 35, 0
3896, 10, 0, 59, 47, 0
3896, 10, 2, 61, 33, 0
3896, 10, 0, 63, 34, 0
3897, 10, 3, 0, 4, 0
3897, 10, 3, 1, 2, 0
3897, 10, 0, 1, 6, 0
3897, 10, 1, 2, 5, 0
3897, 10, 3, 3, 35, 0
3897, 10, 3, 3, 45, 0
3897, 10, 1, 4, 47, 0
3897, 10, 2, 7, 48, 0
3897, 10, 0, 8, 36, 0
3897, 10, 1, 8, 38, 0
3897, 10, 3, 8, 47, 0
3897, 10, 1, 11, 46, 0
3897, 10, 1, 12, 52, 0
3897, 10, 0, 13, 45, 0
3897, 10, 2, 14, 51, 0
3897, 10, 3, 15, 45, 0
3897, 10, 2, 15, 49, 0
3897, 10, 3, 16, 25, 0
3897, 10, 2, 17, 21, 0
3897, 10, 1, 17, 39, 0
3897, 10, 0, 19, 25, 0
3897, 10, 3, 20, 39, 0
3897, 10, 1, 20, 40, 0
3897, 10, 2, 21, 39, 0
3897, 10, 2, 22, 32, 0
3897, 10, 3, 22, 39, 0
3897, 10, 0, 23, 40, 0
3897, 10, 2, 24, 43, 0
3897, 10, 0, 27, 57, 0
3897, 10, 1, 29, 57, 0
3897, 10, 2, 30, 54, 0
3897, 10, 3, 32, 44, 0
3897, 10, 3, 32, 54, 0
3897, 10, 0, 33, 41, 0
3897, 10, 0, 33, 52, 0
3897, 10, 1, 34, 40, 0
3897, 10, 3, 34, 50, 0
3897, 10, 2, 34, 57, 0
3897, 10, 0, 36, 51, 0
3897, 10, 2, 38, 28, 0
3897, 10, 1, 38, 41, 0
3897, 10, 0, 38, 60, 0
3897, 10, 1, 39, 52, 0
3897, 10, 1, 40, 22, 0
3897, 10, 2, 43, 46, 0
3897, 10, 0, 47, 45, 0
3897, 10, 2, 49, 12, 0
3897, 10, 0, 50, 13, 0
3897, 10, 2, 50, 46, 0
3897, 10, 1, 51, 10, 0
3897, 10, 2, 51, 40, 0
3897, 10, 2, 53, 9, 0
3897, 10, 0, 53, 36, 0
3897, 10, 0, 54, 10, 0
3897, 10, 3, 55, 8, 0
3897, 10, 1, 55, 31, 0
3897, 10, 3, 56, 41, 0
3897, 10, 2, 56, 43, 0
3897, 10, 1, 57, 44, 0
3897, 10, 0, 58, 12, 0
3897, 10, 1, 58, 32, 0
3897, 10, 2, 58, 36, 0
3897, 10, 0, 58, 43, 0
3897, 10, 1, 59, 37, 0
3897, 10, 2, 60, 34, 0
3897, 10, 0, 62, 22, 0
3897, 10, 3, 63, 35, 0
3898, 22, 3, 2, 34, 0
3898, 22, 0, 2, 35, 0
3898, 22, 2, 2, 43, 0
3898, 22, 1, 3, 44, 0
3898, 22, 0, 7, 42, 0
3898, 22, 3, 8, 41, 0
3898, 22, 1, 8, 42, 0
3898, 22, 3, 9, 42, 0
3898, 22, 3, 9, 43, 0
3898, 22, 1, 10, 43, 0
3898, 22, 1, 18, 47, 0
3898, 22, 2, 19, 46, 0
3898, 22, 3, 19, 47, 0
3898, 22, 1, 19, 48, 0
3898, 22, 1, 20, 57, 0
3898, 22, 2, 22, 58, 0
3898, 22, 0, 23, 59, 0
3898, 22, 1, 24, 59, 0
3898, 22, 3, 28, 58, 0
3898, 22, 2, 36, 45, 0
3898, 22, 1, 37, 44, 0
3898, 22, 0, 40, 41, 0
3898, 22, 0, 41, 33, 0
3898, 22, 3, 41, 42, 0
3898, 22, 2, 41, 43, 0
3898, 22, 3, 42, 32, 0
3898, 22, 3, 42, 42, 0
3898, 22, 1, 43, 42, 0
3898, 22, 3, 44, 31, 0
3898, 22, 0, 46, 36, 0
3898, 22, 1, 46, 37, 0
3898, 22, 2, 46, 38, 0
3898, 22, 0, 47, 36, 0
3898, 22, 3, 47, 37, 0
3899, 22, 1, 0, 25, 0
3899, 22, 3, 0, 26, 0
3899, 22, 2, 7, 41, 0
3899, 22, 1, 7, 43, 0
3899, 22, 1, 8, 43, 0
3899, 22, 0, 10, 42, 0
3899, 22, 3, 17, 45, 0
3899, 22, 2, 17, 47, 0
3899, 22, 0, 18, 46, 0
3899, 22, 1, 20, 47, 0
3899, 22, 3, 21, 57, 0
3899, 22, 0, 21, 58, 0
3899, 22, 2, 23, 58, 0
3899, 22, 1, 25, 59, 0
3899, 22, 3, 26, 58, 0
3899, 22, 2, 27, 59, 0
3899, 22, 3, 35, 46, 0
3899, 22, 0, 36, 44, 0
3899, 22, 1, 36, 48, 0
3899, 22, 1, 37, 45, 0
3899, 22, 2, 37, 46, 0
3899, 22, 0, 38, 39, 0
3899, 22, 3, 40, 39, 0
3899, 22, 1, 41, 32, 0
3899, 22, 2, 41, 34, 0
3899, 22, 1, 41, 41, 0
3899, 22, 0, 42, 31, 0
3899, 22, 2, 42, 40, 0
3899, 22, 3, 43, 32, 0
3899, 22, 1, 45, 38, 0
3899, 22, 1, 46, 35, 0
3899, 22, 0, 46, 39, 0
3899, 22, 3, 47, 38, 0
3899, 22, 2, 48, 37, 0
3902, 10, 1, 9, 36, 0
3902, 10, 2, 27, 23, 0
3903, 10, 2, 8, 35, 0
3904, 10, 3, 5, 36, 0
3904, 10, 1, 8, 37, 0
3905, 10, 3, 15, 26, 0
3906, 10, 2, 25, 28, 0
3907, 22, 3, 3, 53, 0
3907, 22, 3, 3, 60, 0
3907, 22, 2, 3, 61, 0
3907, 22, 0, 4, 53, 0
3907, 22, 2, 5, 54, 0
3907, 22, 3, 5, 56, 0
3907, 22, 0, 5, 59, 0
3907, 22, 1, 5, 62, 0
3907, 22, 0, 6, 57, 0
3907, 22, 1, 7, 54, 0
3907, 22, 2, 10, 6, 0
3907, 22, 3, 11, 11, 0
3907, 22, 1, 12, 1, 0
3907, 22, 0, 14, 11, 0
3907, 22, 3, 15, 32, 0
3907, 22, 3, 16, 5, 0
3907, 22, 3, 16, 7, 0
3907, 22, 2, 17, 33, 0
3907, 22, 1, 19, 30, 0
3907, 22, 3, 19, 31, 0
3907, 22, 0, 19, 36, 0
3907, 22, 2, 20, 27, 0
3907, 22, 1, 20, 28, 0
3907, 22, 1, 20, 32, 0
3907, 22, 0, 21, 28, 0
3907, 22, 3, 21, 29, 0
3907, 22, 0, 21, 30, 0
3907, 22, 3, 22, 17, 0
3907, 22, 2, 24, 33, 0
3907, 22, 1, 25, 7, 0
3907, 22, 2, 26, 13, 0
3907, 22, 3, 27, 33, 0
3907, 22, 3, 29, 14, 0
3907, 22, 1, 29, 59, 0
3907, 22, 0, 30, 34, 0
3907, 22, 1, 30, 59, 0
3907, 22, 1, 31, 32, 0
3907, 22, 2, 32, 57, 0
3907, 22, 2, 33, 27, 0
3907, 22, 2, 33, 34, 0
3907, 22, 3, 34, 55, 0
3907, 22, 3, 34, 57, 0
3907, 22, 2, 35, 25, 0
3907, 22, 0, 35, 54, 0
3907, 22, 3, 36, 26, 0
3907, 22, 1, 36, 58, 0
3907, 22, 0, 37, 28, 0
3907, 22, 0, 39, 53, 0
3907, 22, 1, 40, 24, 0
3907, 22, 1, 40, 28, 0
3907, 22, 3, 41, 8, 0
3907, 22, 1, 42, 11, 0
3907, 22, 0, 42, 25, 0
3907, 22, 3, 43, 27, 0
3907, 22, 1, 43, 51, 0
3907, 22, 2, 44, 9, 0
3907, 22, 1, 44, 26, 0
3907, 22, 0, 44, 57, 0
3907, 22, 3, 45, 50, 0
3907, 22, 0, 46, 6, 0
3907, 22, 2, 47, 63, 0
3907, 22, 2, 49, 62, 0
3907, 22, 2, 50, 44, 0
3907, 22, 3, 50, 49, 0
3907, 22, 0, 50, 58, 0
3907, 22, 1, 50, 63, 0
3907, 22, 3, 51, 19, 0
3907, 22, 0, 52, 63, 0
3907, 22, 2, 53, 62, 0
3907, 22, 2, 55, 21, 0
3907, 22, 1, 55, 56, 0
3907, 22, 0, 55, 58, 0
3907, 22, 3, 55, 60, 0
3907, 22, 2, 56, 16, 0
3907, 22, 0, 56, 48, 0
3907, 22, 3, 57, 5, 0
3907, 22, 3, 57, 18, 0
3907, 22, 1, 57, 24, 0
3907, 22, 1, 57, 42, 0
3907, 22, 2, 57, 59, 0
3907, 22, 3, 57, 63, 0
3907, 22, 2, 58, 25, 0
3907, 22, 2, 58, 56, 0
3907, 22, 3, 58, 58, 0
3907, 22, 1, 58, 61, 0
3907, 22, 2, 59, 4, 0
3907, 22, 3, 59, 58, 0
3907, 22, 1, 60, 24, 0
3907, 22, 0, 60, 43, 0
3907, 22, 3, 60, 46, 0
3907, 22, 0, 60, 58, 0
3907, 22, 1, 60, 61, 0
3907, 22, 2, 60, 62, 0
3907, 22, 0, 61, 20, 0
3907, 22, 0, 61, 22, 0
3907, 22, 0, 61, 27, 0
3907, 22, 2, 61, 53, 0
3907, 22, 0, 61, 55, 0
3907, 22, 1, 61, 63, 0
3907, 22, 1, 62, 4, 0
3907, 22, 2, 62, 17, 0
3907, 22, 2, 62, 48, 0
3907, 22, 1, 62, 53, 0
3907, 22, 3, 62, 60, 0
3907, 22, 3, 63, 28, 0
3907, 22, 3, 63, 59, 0
3907, 22, 0, 63, 60, 0
3907, 22, 0, 63, 61, 0
3908, 22, 2, 2, 54, 0
3908, 22, 1, 3, 55, 0
3908, 22, 1, 4, 26, 0
3908, 22, 3, 4, 51, 0
3908, 22, 2, 4, 62, 0
3908, 22, 2, 5, 50, 0
3908, 22, 0, 5, 57, 0
3908, 22, 1, 6, 10, 0
3908, 22, 0, 6, 22, 0
3908, 22, 0, 6, 54, 0
3908, 22, 3, 8, 3, 0
3908, 22, 2, 8, 7, 0
3908, 22, 3, 8, 16, 0
3908, 22, 2, 10, 20, 0
3908, 22, 0, 13, 3, 0
3908, 22, 0, 14, 2, 0
3908, 22, 1, 14, 29, 0
3908, 22, 1, 15, 11, 0
3908, 22, 2, 15, 18, 0
3908, 22, 0, 16, 1, 0
3908, 22, 3, 16, 24, 0
3908, 22, 2, 16, 28, 0
3908, 22, 3, 17, 22, 0
3908, 22, 1, 18, 4, 0
3908, 22, 0, 18, 10, 0
3908, 22, 3, 19, 8, 0
3908, 22, 0, 19, 26, 0
3908, 22, 0, 19, 33, 0
3908, 22, 3, 20, 5, 0
3908, 22, 2, 20, 23, 0
3908, 22, 2, 21, 8, 0
3908, 22, 1, 21, 22, 0
3908, 22, 1, 22, 1, 0
3908, 22, 3, 22, 5, 0
3908, 22, 1, 22, 6, 0
3908, 22, 0, 25, 4, 0
3908, 22, 2, 26, 7, 0
3908, 22, 3, 26, 60, 0
3908, 22, 1, 28, 7, 0
3908, 22, 3, 30, 13, 0
3908, 22, 1, 30, 19, 0
3908, 22, 1, 31, 1, 0
3908, 22, 0, 31, 60, 0
3908, 22, 3, 32, 3, 0
3908, 22, 2, 32, 30, 0
3908, 22, 3, 32, 59, 0
3908, 22, 1, 33, 4, 0
3908, 22, 3, 33, 32, 0
3908, 22, 2, 34, 21, 0
3908, 22, 0, 34, 31, 0
3908, 22, 1, 35, 30, 0
3908, 22, 2, 35, 57, 0
3908, 22, 3, 36, 25, 0
3908, 22, 3, 37, 5, 0
3908, 22, 3, 37, 27, 0
3908, 22, 3, 38, 52, 0
3908, 22, 2, 38, 54, 0
3908, 22, 1, 38, 55, 0
3908, 22, 3, 40, 53, 0
3908, 22, 2, 40, 55, 0
3908, 22, 2, 41, 7, 0
3908, 22, 0, 41, 51, 0
3908, 22, 3, 42, 3, 0
3908, 22, 2, 42, 5, 0
3908, 22, 2, 42, 10, 0
3908, 22, 3, 42, 50, 0
3908, 22, 1, 43, 8, 0
3908, 22, 0, 43, 16, 0
3908, 22, 2, 43, 24, 0
3908, 22, 1, 44, 5, 0
3908, 22, 0, 44, 11, 0
3908, 22, 0, 44, 28, 0
3908, 22, 2, 44, 52, 0
3908, 22, 3, 45, 8, 0
3908, 22, 0, 45, 20, 0
3908, 22, 1, 45, 26, 0
3908, 22, 1, 46, 24, 0
3908, 22, 3, 46, 52, 0
3908, 22, 1, 46, 57, 0
3908, 22, 3, 46, 61, 0
3908, 22, 0, 47, 12, 0
3908, 22, 3, 47, 20, 0
3908, 22, 2, 47, 22, 0
3908, 22, 2, 48, 2, 0
3908, 22, 3, 48, 24, 0
3908, 22, 2, 48, 56, 0
3908, 22, 0, 49, 55, 0
3908, 22, 1, 49, 57, 0
3908, 22, 1, 50, 1, 0
3908, 22, 0, 50, 6, 0
3908, 22, 3, 51, 22, 0
3908, 22, 0, 51, 60, 0
3908, 22, 2, 53, 2, 0
3908, 22, 2, 53, 5, 0
3908, 22, 1, 53, 22, 0
3908, 22, 1, 54, 25, 0
3908, 22, 2, 54, 55, 0
3908, 22, 2, 54, 56, 0
3908, 22, 2, 54, 60, 0
3908, 22, 2, 56, 14, 0
3908, 22, 3, 56, 54, 0
3908, 22, 2, 56, 55, 0
3908, 22, 1, 56, 61, 0
3908, 22, 2, 57, 4, 0
3908, 22, 0, 57, 15, 0
3908, 22, 0, 57, 26, 0
3908, 22, 1, 57, 55, 0
3908, 22, 1, 58, 13, 0
3908, 22, 2, 58, 15, 0
3908, 22, 3, 59, 3, 0
3908, 22, 3, 59, 50, 0
3908, 22, 0, 59, 59, 0
3908, 22, 0, 60, 15, 0
3908, 22, 1, 60, 49, 0
3908, 22, 2, 60, 50, 0
3908, 22, 0, 60, 52, 0
3908, 22, 2, 61, 8, 0
3908, 22, 3, 61, 16, 0
3908, 22, 2, 61, 17, 0
3908, 22, 3, 61, 28, 0
3908, 22, 2, 61, 56, 0
3908, 22, 3, 62, 44, 0
3908, 22, 0, 62, 51, 0
3908, 22, 1, 62, 52, 0
3908, 22, 3, 62, 59, 0
3909, 22, 0, 2, 13, 0
3909, 22, 3, 2, 25, 0
3909, 22, 2, 2, 26, 0
3909, 22, 1, 3, 19, 0
3909, 22, 2, 3, 24, 0
3909, 22, 0, 4, 11, 0
3909, 22, 1, 4, 13, 0
3909, 22, 1, 4, 17, 0
3909, 22, 3, 5, 9, 0
3909, 22, 0, 5, 17, 0
3909, 22, 1, 5, 27, 0
3909, 22, 0, 5, 53, 0
3909, 22, 2, 6, 14, 0
3909, 22, 1, 6, 24, 0
3909, 22, 0, 7, 8, 0
3909, 22, 3, 7, 17, 0
3909, 22, 0, 7, 22, 0
3909, 22, 0, 8, 1, 0
3909, 22, 3, 8, 18, 0
3909, 22, 2, 8, 20, 0
3909, 22, 0, 9, 2, 0
3909, 22, 0, 9, 18, 0
3909, 22, 2, 9, 19, 0
3909, 22, 2, 9, 32, 0
3909, 22, 1, 10, 3, 0
3909, 22, 2, 10, 7, 0
3909, 22, 0, 11, 3, 0
3909, 22, 1, 11, 9, 0
3909, 22, 1, 11, 20, 0
3909, 22, 1, 11, 23, 0
3909, 22, 3, 11, 35, 0
3909, 22, 0, 12, 12, 0
3909, 22, 3, 12, 19, 0
3909, 22, 0, 12, 22, 0
3909, 22, 0, 12, 30, 0
3909, 22, 3, 13, 1, 0
3909, 22, 1, 13, 6, 0
3909, 22, 2, 13, 11, 0
3909, 22, 0, 13, 34, 0
3909, 22, 0, 14, 3, 0
3909, 22, 3, 14, 7, 0
3909, 22, 2, 14, 23, 0
3909, 22, 3, 14, 30, 0
3909, 22, 3, 15, 1, 0
3909, 22, 2, 15, 5, 0
3909, 22, 1, 15, 25, 0
3909, 22, 0, 15, 28, 0
3909, 22, 2, 16, 3, 0
3909, 22, 2, 16, 9, 0
3909, 22, 3, 16, 11, 0
3909, 22, 0, 17, 24, 0
3909, 22, 2, 17, 29, 0
3909, 22, 0, 18, 8, 0
3909, 22, 1, 20, 3, 0
3909, 22, 1, 21, 1, 0
3909, 22, 1, 22, 8, 0
3909, 22, 3, 23, 3, 0
3909, 22, 0, 23, 5, 0
3909, 22, 2, 23, 6, 0
3909, 22, 3, 23, 33, 0
3909, 22, 1, 28, 31, 0
3909, 22, 2, 32, 22, 0
3909, 22, 1, 33, 23, 0
3909, 22, 2, 34, 3, 0
3909, 22, 1, 34, 23, 0
3909, 22, 2, 35, 22, 0
3909, 22, 3, 35, 28, 0
3909, 22, 2, 36, 28, 0
3909, 22, 3, 37, 6, 0
3909, 22, 3, 37, 23, 0
3909, 22, 3, 37, 31, 0
3909, 22, 0, 38, 5, 0
3909, 22, 0, 38, 25, 0
3909, 22, 1, 38, 29, 0
3909, 22, 1, 40, 26, 0
3909, 22, 2, 40, 30, 0
3909, 22, 3, 41, 21, 0
3909, 22, 0, 41, 24, 0
3909, 22, 3, 41, 56, 0
3909, 22, 0, 42, 60, 0
3909, 22, 0, 43, 22, 0
3909, 22, 2, 43, 55, 0
3909, 22, 3, 44, 3, 0
3909, 22, 3, 44, 25, 0
3909, 22, 1, 44, 51, 0
3909, 22, 3, 44, 58, 0
3909, 22, 1, 45, 1, 0
3909, 22, 2, 45, 24, 0
3909, 22, 1, 45, 27, 0
3909, 22, 2, 46, 59, 0
3909, 22, 1, 47, 5, 0
3909, 22, 0, 48, 1, 0
3909, 22, 3, 49, 2, 0
3909, 22, 2, 49, 5, 0
3909, 22, 1, 49, 54, 0
3909, 22, 3, 51, 5, 0
3909, 22, 3, 51, 44, 0
3909, 22, 0, 51, 46, 0
3909, 22, 2, 51, 50, 0
3909, 22, 0, 51, 52, 0
3909, 22, 3, 52, 45, 0
3909, 22, 2, 52, 53, 0
3909, 22, 1, 52, 54, 0
3909, 22, 1, 53, 20, 0
3909, 22, 3, 53, 48, 0
3909, 22, 0, 53, 55, 0
3909, 22, 3, 53, 57, 0
3909, 22, 3, 54, 21, 0
3909, 22, 0, 55, 23, 0
3909, 22, 0, 55, 46, 0
3909, 22, 2, 55, 63, 0
3909, 22, 0, 57, 20, 0
3909, 22, 0, 57, 22, 0
3909, 22, 1, 57, 27, 0
3909, 22, 1, 57, 41, 0
3909, 22, 2, 57, 47, 0
3909, 22, 2, 57, 57, 0
3909, 22, 0, 57, 60, 0
3909, 22, 1, 58, 5, 0
3909, 22, 0, 58, 47, 0
3909, 22, 0, 58, 53, 0
3909, 22, 3, 58, 62, 0
3909, 22, 3, 59, 18, 0
3909, 22, 1, 59, 22, 0
3909, 22, 2, 59, 26, 0
3909, 22, 0, 59, 40, 0
3909, 22, 1, 59, 43, 0
3909, 22, 3, 59, 49, 0
3909, 22, 3, 59, 53, 0
3909, 22, 1, 59, 54, 0
3909, 22, 2, 59, 63, 0
3909, 22, 2, 60, 19, 0
3909, 22, 3, 60, 42, 0
3909, 22, 2, 60, 44, 0
3909, 22, 3, 60, 56, 0
3909, 22, 1, 61, 5, 0
3909, 22, 1, 62, 18, 0
3909, 22, 1, 62, 24, 0
3909, 22, 3, 62, 28, 0
3909, 22, 1, 62, 45, 0
3909, 22, 2, 63, 16, 0
3909, 22, 3, 63, 21, 0
3909, 22, 3, 63, 23, 0
3909, 22, 0, 63, 26, 0
3910, 22, 3, 2, 12, 0
3910, 22, 1, 4, 29, 0
3910, 22, 2, 7, 13, 0
3910, 22, 0, 8, 33, 0
3910, 22, 2, 9, 0, 0
3910, 22, 0, 9, 17, 0
3910, 22, 0, 13, 8, 0
3910, 22, 3, 13, 33, 0
3910, 22, 0, 15, 3, 0
3910, 22, 1, 15, 9, 0
3910, 22, 3, 16, 4, 0
3910, 22, 3, 16, 6, 0
3910, 22, 1, 17, 32, 0
3910, 22, 2, 19, 10, 0
3910, 22, 2, 20, 30, 0
3910, 22, 3, 26, 8, 0
3910, 22, 1, 28, 12, 0
3910, 22, 2, 28, 13, 0
3910, 22, 0, 29, 32, 0
3910, 22, 3, 32, 33, 0
3910, 22, 1, 36, 34, 0
3910, 22, 2, 39, 30, 0
3910, 22, 0, 40, 15, 0
3910, 22, 3, 43, 6, 0
3910, 22, 2, 43, 11, 0
3910, 22, 1, 44, 17, 0
3910, 22, 0, 45, 2, 0
3910, 22, 3, 46, 25, 0
3910, 22, 2, 48, 49, 0
3910, 22, 3, 48, 57, 0
3910, 22, 2, 49, 47, 0
3910, 22, 3, 49, 59, 0
3910, 22, 3, 50, 4, 0
3910, 22, 0, 51, 58, 0
3910, 22, 2, 52, 47, 0
3910, 22, 0, 53, 53, 0
3910, 22, 1, 53, 58, 0
3910, 22, 2, 54, 16, 0
3910, 22, 2, 54, 20, 0
3910, 22, 1, 54, 52, 0
3910, 22, 0, 54, 53, 0
3910, 22, 1, 56, 20, 0
3910, 22, 1, 58, 17, 0
3910, 22, 0, 58, 51, 0
3910, 22, 2, 58, 63, 0
3910, 22, 1, 60, 4, 0
3910, 22, 3, 62, 22, 0
3910, 22, 1, 62, 56, 0
3910, 22, 1, 63, 25, 0
3911, 22, 3, 1, 25, 0
3911, 22, 0, 2, 27, 0
3911, 22, 2, 2, 55, 0
3911, 22, 1, 3, 13, 0
3911, 22, 1, 3, 14, 0
3911, 22, 2, 3, 23, 0
3911, 22, 2, 3, 26, 0
3911, 22, 1, 3, 27, 0
3911, 22, 1, 3, 59, 0
3911, 22, 0, 3, 62, 0
3911, 22, 3, 4, 10, 0
3911, 22, 0, 4, 14, 0
3911, 22, 3, 4, 21, 0
3911, 22, 3, 4, 24, 0
3911, 22, 1, 4, 54, 0
3911, 22, 2, 4, 55, 0
3911, 22, 3, 4, 56, 0
3911, 22, 3, 4, 58, 0
3911, 22, 2, 4, 59, 0
3911, 22, 1, 4, 60, 0
3911, 22, 1, 5, 1, 0
3911, 22, 0, 5, 10, 0
3911, 22, 2, 5, 14, 0
3911, 22, 0, 5, 19, 0
3911, 22, 1, 5, 51, 0
3911, 22, 1, 5, 55, 0
3911, 22, 3, 5, 60, 0
3911, 22, 2, 5, 61, 0
3911, 22, 1, 6, 7, 0
3911, 22, 3, 6, 11, 0
3911, 22, 1, 6, 15, 0
3911, 22, 0, 6, 56, 0
3911, 22, 0, 6, 59, 0
3911, 22, 3, 6, 60, 0
3911, 22, 3, 7, 3, 0
3911, 22, 1, 7, 6, 0
3911, 22, 0, 7, 7, 0
3911, 22, 1, 7, 18, 0
3911, 22, 3, 7, 19, 0
3911, 22, 3, 7, 21, 0
3911, 22, 2, 7, 55, 0
3911, 22, 3, 7, 56, 0
3911, 22, 1, 7, 57, 0
3911, 22, 2, 7, 59, 0
3911, 22, 0, 8, 4, 0
3911, 22, 2, 8, 6, 0
3911, 22, 2, 8, 55, 0
3911, 22, 3, 9, 7, 0
3911, 22, 3, 10, 2, 0
3911, 22, 2, 10, 4, 0
3911, 22, 0, 10, 9, 0
3911, 22, 2, 10, 11, 0
3911, 22, 3, 10, 34, 0
3911, 22, 1, 11, 0, 0
3911, 22, 1, 11, 8, 0
3911, 22, 3, 11, 12, 0
3911, 22, 2, 12, 3, 0
3911, 22, 1, 12, 13, 0
3911, 22, 2, 12, 33, 0
3911, 22, 0, 13, 0, 0
3911, 22, 1, 13, 4, 0
3911, 22, 0, 13, 5, 0
3911, 22, 2, 13, 9, 0
3911, 22, 1, 13, 10, 0
3911, 22, 0, 13, 12, 0
3911, 22, 3, 13, 24, 0
3911, 22, 1, 13, 26, 0
3911, 22, 0, 13, 29, 0
3911, 22, 3, 14, 6, 0
3911, 22, 3, 14, 8, 0
3911, 22, 3, 14, 12, 0
3911, 22, 3, 14, 19, 0
3911, 22, 2, 14, 25, 0
3911, 22, 3, 14, 32, 0
3911, 22, 2, 15, 7, 0
3911, 22, 2, 16, 8, 0
3911, 22, 1, 16, 10, 0
3911, 22, 3, 17, 2, 0
3911, 22, 2, 17, 4, 0
3911, 22, 1, 17, 5, 0
3911, 22, 0, 17, 10, 0
3911, 22, 0, 18, 2, 0
3911, 22, 0, 18, 6, 0
3911, 22, 3, 18, 11, 0
3911, 22, 1, 18, 31, 0
3911, 22, 2, 19, 7, 0
3911, 22, 0, 19, 9, 0
3911, 22, 2, 19, 11, 0
3911, 22, 1, 19, 29, 0
3911, 22, 3, 20, 4, 0
3911, 22, 2, 20, 6, 0
3911, 22, 3, 20, 7, 0
3911, 22, 1, 20, 9, 0
3911, 22, 1, 21, 9, 0
3911, 22, 2, 21, 31, 0
3911, 22, 0, 22, 9, 0
3911, 22, 3, 23, 2, 0
3911, 22, 1, 23, 4, 0
3911, 22, 2, 23, 8, 0
3911, 22, 0, 23, 17, 0
3911, 22, 2, 24, 3, 0
3911, 22, 1, 24, 4, 0
3911, 22, 0, 24, 5, 0
3911, 22, 3, 24, 6, 0
3911, 22, 3, 24, 32, 0
3911, 22, 0, 24, 60, 0
3911, 22, 0, 25, 5, 0
3911, 22, 3, 25, 61, 0
3911, 22, 0, 26, 32, 0
3911, 22, 1, 27, 6, 0
3911, 22, 1, 27, 11, 0
3911, 22, 2, 27, 20, 0
3911, 22, 1, 27, 32, 0
3911, 22, 0, 28, 8, 0
3911, 22, 3, 28, 10, 0
3911, 22, 3, 28, 15, 0
3911, 22, 3, 28, 21, 0
3911, 22, 2, 29, 31, 0
3911, 22, 2, 29, 60, 0
3911, 22, 2, 30, 12, 0
3911, 22, 0, 30, 14, 0
3911, 22, 3, 30, 33, 0
3911, 22, 1, 30, 61, 0
3911, 22, 2, 31, 30, 0
3911, 22, 1, 31, 31, 0
3911, 22, 2, 31, 34, 0
3911, 22, 0, 32, 23, 0
3911, 22, 3, 32, 29, 0
3911, 22, 0, 32, 31, 0
3911, 22, 0, 33, 28, 0
3911, 22, 0, 33, 35, 0
3911, 22, 0, 33, 58, 0
3911, 22, 1, 34, 6, 0
3911, 22, 3, 34, 24, 0
3911, 22, 2, 34, 25, 0
3911, 22, 1, 34, 27, 0
3911, 22, 2, 34, 32, 0
3911, 22, 1, 34, 34, 0
3911, 22, 3, 35, 56, 0
3911, 22, 0, 36, 7, 0
3911, 22, 0, 36, 54, 0
3911, 22, 0, 36, 55, 0
3911, 22, 2, 36, 57, 0
3911, 22, 1, 37, 56, 0
3911, 22, 1, 38, 6, 0
3911, 22, 2, 39, 5, 0
3911, 22, 2, 39, 14, 0
3911, 22, 3, 39, 28, 0
3911, 22, 3, 39, 31, 0
3911, 22, 1, 40, 7, 0
3911, 22, 2, 40, 8, 0
3911, 22, 1, 40, 27, 0
3911, 22, 0, 41, 5, 0
3911, 22, 3, 41, 9, 0
3911, 22, 0, 41, 10, 0
3911, 22, 1, 41, 11, 0
3911, 22, 0, 41, 14, 0
3911, 22, 2, 41, 16, 0
3911, 22, 3, 41, 22, 0
3911, 22, 0, 41, 25, 0
3911, 22, 0, 41, 28, 0
3911, 22, 1, 42, 6, 0
3911, 22, 3, 42, 15, 0
3911, 22, 2, 42, 20, 0
3911, 22, 3, 42, 27, 0
3911, 22, 2, 42, 55, 0
3911, 22, 3, 43, 5, 0
3911, 22, 1, 43, 25, 0
3911, 22, 2, 43, 28, 0
3911, 22, 0, 44, 10, 0
3911, 22, 2, 44, 12, 0
3911, 22, 0, 44, 16, 0
3911, 22, 0, 44, 53, 0
3911, 22, 1, 44, 59, 0
3911, 22, 0, 45, 6, 0
3911, 22, 3, 45, 9, 0
3911, 22, 3, 45, 19, 0
3911, 22, 0, 45, 59, 0
3911, 22, 1, 46, 5, 0
3911, 22, 1, 46, 7, 0
3911, 22, 2, 46, 8, 0
3911, 22, 1, 46, 9, 0
3911, 22, 3, 46, 14, 0
3911, 22, 0, 46, 15, 0
3911, 22, 1, 46, 16, 0
3911, 22, 1, 46, 27, 0
3911, 22, 3, 47, 3, 0
3911, 22, 3, 47, 6, 0
3911, 22, 2, 47, 7, 0
3911, 22, 0, 47, 13, 0
3911, 22, 2, 47, 14, 0
3911, 22, 2, 47, 18, 0
3911, 22, 1, 47, 21, 0
3911, 22, 0, 47, 26, 0
3911, 22, 2, 48, 12, 0
3911, 22, 0, 49, 6, 0
3911, 22, 0, 49, 22, 0
3911, 22, 2, 49, 53, 0
3911, 22, 1, 50, 0, 0
3911, 22, 2, 50, 3, 0
3911, 22, 3, 50, 7, 0
3911, 22, 3, 50, 22, 0
3911, 22, 0, 50, 52, 0
3911, 22, 0, 50, 57, 0
3911, 22, 2, 50, 60, 0
3911, 22, 2, 51, 6, 0
3911, 22, 0, 51, 23, 0
3911, 22, 3, 51, 45, 0
3911, 22, 1, 51, 51, 0
3911, 22, 1, 51, 54, 0
3911, 22, 1, 51, 59, 0
3911, 22, 2, 52, 0, 0
3911, 22, 0, 52, 3, 0
3911, 22, 3, 52, 20, 0
3911, 22, 3, 52, 22, 0
3911, 22, 1, 52, 23, 0
3911, 22, 1, 52, 42, 0
3911, 22, 0, 52, 44, 0
3911, 22, 3, 52, 55, 0
3911, 22, 3, 52, 57, 0
3911, 22, 0, 52, 59, 0
3911, 22, 3, 52, 62, 0
3911, 22, 1, 53, 3, 0
3911, 22, 3, 53, 47, 0
3911, 22, 0, 53, 63, 0
3911, 22, 2, 54, 2, 0
3911, 22, 0, 54, 23, 0
3911, 22, 1, 54, 62, 0
3911, 22, 0, 55, 16, 0
3911, 22, 1, 55, 20, 0
3911, 22, 3, 55, 24, 0
3911, 22, 2, 55, 57, 0
3911, 22, 2, 55, 61, 0
3911, 22, 2, 56, 1, 0
3911, 22, 2, 56, 4, 0
3911, 22, 1, 56, 17, 0
3911, 22, 1, 56, 23, 0
3911, 22, 2, 56, 27, 0
3911, 22, 0, 56, 41, 0
3911, 22, 1, 56, 58, 0
3911, 22, 0, 56, 59, 0
3911, 22, 2, 57, 14, 0
3911, 22, 2, 57, 25, 0
3911, 22, 1, 57, 28, 0
3911, 22, 3, 57, 61, 0
3911, 22, 0, 58, 0, 0
3911, 22, 1, 58, 6, 0
3911, 22, 1, 58, 19, 0
3911, 22, 2, 58, 20, 0
3911, 22, 0, 58, 23, 0
3911, 22, 0, 58, 24, 0
3911, 22, 3, 58, 27, 0
3911, 22, 1, 58, 40, 0
3911, 22, 2, 58, 49, 0
3911, 22, 3, 59, 5, 0
3911, 22, 0, 59, 6, 0
3911, 22, 0, 59, 13, 0
3911, 22, 2, 59, 14, 0
3911, 22, 0, 59, 27, 0
3911, 22, 3, 59, 55, 0
3911, 22, 1, 60, 1, 0
3911, 22, 2, 60, 5, 0
3911, 22, 3, 60, 7, 0
3911, 22, 3, 60, 14, 0
3911, 22, 0, 60, 17, 0
3911, 22, 1, 60, 27, 0
3911, 22, 3, 60, 40, 0
3911, 22, 3, 60, 41, 0
3911, 22, 3, 60, 53, 0
3911, 22, 3, 61, 3, 0
3911, 22, 3, 61, 15, 0
3911, 22, 3, 61, 24, 0
3911, 22, 1, 61, 25, 0
3911, 22, 1, 61, 50, 0
3911, 22, 1, 62, 6, 0
3911, 22, 2, 62, 8, 0
3911, 22, 2, 62, 16, 0
3911, 22, 1, 62, 21, 0
3911, 22, 1, 62, 26, 0
3911, 22, 2, 62, 29, 0
3911, 22, 2, 62, 43, 0
3911, 22, 3, 62, 47, 0
3911, 22, 1, 62, 54, 0
3911, 22, 1, 62, 55, 0
3911, 22, 3, 62, 57, 0
3911, 22, 0, 63, 3, 0
3911, 22, 1, 63, 18, 0
3911, 22, 3, 63, 22, 0
3911, 22, 0, 63, 27, 0
3911, 22, 3, 63, 29, 0
3911, 22, 1, 63, 44, 0
3911, 22, 0, 63, 45, 0
3911, 22, 2, 63, 54, 0
3911, 22, 0, 63, 57, 0
3911, 22, 0, 63, 62, 0
3912, 10, 3, 7, 25, 0
3912, 10, 0, 8, 59, 0
3912, 10, 3, 9, 27, 0
3912, 10, 0, 11, 59, 0
3912, 10, 1, 12, 59, 0
3912, 10, 3, 28, 24, 0
3913, 10, 0, 7, 26, 0
3913, 10, 1, 9, 25, 0
3913, 10, 1, 10, 58, 0
3913, 10, 0, 11, 57, 0
3913, 10, 0, 11, 60, 0
3913, 10, 3, 12, 58, 0
3913, 10, 0, 28, 25, 0
3913, 10, 2, 30, 25, 0
3914, 10, 2, 8, 26, 0
3914, 10, 0, 11, 58, 0
3915, 10, 3, 6, 4, 0
3915, 10, 1, 21, 34, 0
3915, 10, 3, 22, 35, 0
3915, 10, 0, 24, 12, 0
3915, 10, 2, 36, 3, 0
3915, 10, 2, 39, 6, 0
3915, 10, 3, 40, 7, 0
3916, 10, 0, 21, 35, 0
3916, 10, 1, 22, 34, 0
3916, 10, 2, 24, 13, 0
3916, 10, 2, 30, 48, 0
3916, 10, 1, 39, 7, 0
3916, 10, 1, 40, 6, 0
3916, 10, 2, 41, 2, 0
3916, 10, 3, 47, 56, 0
3917, 10, 2, 4, 7, 0
3917, 10, 1, 7, 4, 0
3917, 10, 1, 20, 34, 0
3917, 10, 2, 22, 36, 0
3917, 10, 2, 23, 13, 0
3917, 10, 1, 31, 47, 0
3917, 10, 1, 44, 54, 0
3917, 10, 2, 58, 52, 0
3918, 10, 0, 2, 32, 0
3918, 10, 0, 2, 45, 0
3918, 10, 3, 23, 2, 0
3918, 10, 1, 33, 6, 0
3918, 10, 0, 37, 14, 0
3918, 10, 2, 40, 5, 0
3918, 10, 0, 51, 14, 0
3919, 10, 0, 53, 42, 0
3919, 10, 1, 53, 45, 0
3919, 10, 3, 55, 42, 0
3919, 10, 2, 55, 45, 0
3920, 10, 0, 53, 43, 0
3920, 10, 2, 55, 43, 0
3921, 10, 0, 54, 43, 0
3922, 10, 2, 17, 27, 0
3922, 10, 1, 55, 14, 0
3923, 22, 0, 26, 2, 0
3923, 22, 1, 26, 4, 0
3923, 22, 3, 28, 2, 0
3923, 22, 2, 28, 4, 0
3923, 22, 0, 36, 61, 0
3923, 22, 1, 36, 63, 0
3923, 22, 3, 38, 61, 0
3923, 22, 2, 38, 63, 0
3924, 22, 0, 27, 3, 0
3924, 22, 3, 37, 62, 0
3925, 22, 0, 26, 3, 0
3925, 22, 3, 27, 2, 0
3925, 22, 1, 27, 4, 0
3925, 22, 2, 28, 3, 0
3925, 22, 0, 36, 62, 0
3925, 22, 3, 37, 61, 0
3925, 22, 1, 37, 63, 0
3925, 22, 2, 38, 62, 0
3929, 22, 3, 20, 50, 1
3929, 22, 3, 22, 50, 1
3929, 22, 0, 50, 34, 1
3929, 22, 0, 50, 35, 1
3930, 22, 3, 21, 50, 1
3930, 22, 0, 50, 36, 1
3930, 22, 0, 50, 37, 1
3932, 22, 3, 19, 50, 1
3932, 22, 3, 23, 50, 1
3933, 22, 0, 50, 33, 1
3933, 22, 0, 50, 38, 1
3934, 22, 3, 7, 25, 0
3934, 22, 2, 7, 26, 0
3934, 22, 0, 8, 24, 0
3934, 22, 1, 8, 25, 0
3934, 22, 2, 8, 26, 0
3934, 22, 0, 8, 27, 0
3934, 22, 1, 9, 25, 0
3934, 22, 1, 9, 26, 0
3934, 22, 2, 9, 27, 0
3934, 22, 2, 9, 57, 0
3934, 22, 2, 9, 58, 0
3934, 22, 1, 10, 26, 0
3934, 22, 2, 10, 57, 0
3934, 22, 2, 10, 58, 0
3934, 22, 1, 10, 59, 0
3934, 22, 1, 10, 60, 0
3934, 22, 3, 11, 57, 0
3934, 22, 0, 11, 58, 0
3934, 22, 0, 11, 59, 0
3934, 22, 1, 12, 57, 0
3934, 22, 1, 12, 58, 0
3934, 22, 2, 12, 59, 0
3934, 22, 3, 12, 60, 0
3934, 22, 3, 13, 59, 0
3934, 22, 0, 27, 25, 0
3934, 22, 0, 29, 24, 0
3935, 22, 3, 6, 25, 0
3935, 22, 3, 6, 26, 0
3935, 22, 3, 7, 24, 0
3935, 22, 3, 7, 27, 0
3935, 22, 2, 8, 23, 0
3935, 22, 0, 8, 28, 0
3935, 22, 3, 8, 57, 0
3935, 22, 3, 8, 58, 0
3935, 22, 2, 9, 24, 0
3935, 22, 0, 9, 28, 0
3935, 22, 2, 9, 56, 0
3935, 22, 3, 9, 59, 0
3935, 22, 3, 9, 60, 0
3935, 22, 2, 10, 25, 0
3935, 22, 0, 10, 27, 0
3935, 22, 2, 10, 56, 0
3935, 22, 0, 10, 61, 0
3935, 22, 1, 11, 26, 0
3935, 22, 2, 11, 56, 0
3935, 22, 0, 11, 60, 0
3935, 22, 0, 12, 61, 0
3935, 22, 1, 13, 57, 0
3935, 22, 1, 13, 58, 0
3935, 22, 1, 13, 60, 0
3935, 22, 1, 14, 59, 0
3935, 22, 0, 23, 25, 0
3935, 22, 3, 24, 26, 0
3935, 22, 3, 26, 25, 0
3935, 22, 2, 27, 24, 0
3935, 22, 0, 27, 26, 0
3935, 22, 2, 28, 24, 0
3935, 22, 1, 28, 25, 0
3935, 22, 2, 29, 23, 0
3935, 22, 3, 29, 25, 0
3935, 22, 0, 30, 24, 0
3936, 22, 3, 8, 56, 0
3936, 22, 2, 8, 59, 0
3936, 22, 2, 9, 55, 0
3936, 22, 1, 10, 55, 0
3936, 22, 0, 11, 55, 0
3936, 22, 3, 11, 61, 0
3936, 22, 0, 12, 56, 0
3936, 22, 0, 13, 61, 0
3936, 22, 2, 14, 57, 0
3936, 22, 1, 14, 58, 0
3936, 22, 2, 14, 60, 0
3936, 22, 0, 15, 58, 0
3936, 22, 1, 15, 59, 0
3936, 22, 3, 15, 60, 0
3936, 22, 0, 22, 25, 0
3936, 22, 2, 23, 26, 0
3936, 22, 0, 24, 25, 0
3936, 22, 1, 24, 27, 0
3936, 22, 1, 25, 25, 0
3936, 22, 2, 27, 23, 0
3936, 22, 3, 28, 23, 0
3936, 22, 3, 28, 26, 0
3936, 22, 0, 28, 27, 0
3936, 22, 1, 29, 22, 0
3936, 22, 1, 29, 26, 0
3936, 22, 0, 30, 23, 0
3936, 22, 3, 30, 25, 0
3937, 10, 2, 38, 26, 0
3937, 10, 0, 62, 14, 0
3938, 10, 2, 38, 23, 0
3938, 10, 2, 62, 17, 0
3938, 10, 2, 62, 23, 0
3939, 10, 0, 38, 29, 0
3939, 10, 0, 62, 20, 0
3940, 10, 0, 55, 53, 0
4009, 10, 1, 0, 38, 0
4009, 10, 3, 1, 38, 0
4010, 10, 1, 0, 39, 0
4010, 10, 3, 1, 37, 0
4011, 10, 1, 0, 37, 0
4011, 10, 3, 1, 39, 0
4012, 10, 1, 0, 40, 0
4012, 10, 3, 1, 36, 0
4013, 10, 1, 0, 36, 0
4013, 10, 3, 1, 40, 0
4014, 10, 1, 0, 41, 0
4015, 10, 1, 0, 35, 0
4015, 10, 3, 1, 41, 0
4016, 10, 1, 0, 42, 0
4018, 10, 1, 0, 34, 0
4018, 10, 3, 1, 42, 0
4019, 10, 1, 0, 33, 0
4021, 10, 3, 1, 43, 0
4022, 10, 3, 1, 35, 0
4023, 0, 0, 0, 33, 1
4023, 0, 0, 0, 34, 1
4023, 0, 0, 0, 35, 1
4023, 0, 0, 0, 36, 1
4023, 0, 0, 0, 37, 1
4023, 0, 0, 0, 38, 1
4023, 0, 0, 0, 39, 1
4023, 0, 0, 0, 40, 1
4023, 0, 0, 0, 41, 1
4023, 0, 0, 0, 42, 1
4023, 0, 0, 0, 43, 1
4023, 0, 2, 1, 33, 1
4023, 0, 2, 1, 34, 1
4023, 0, 2, 1, 35, 1
4023, 0, 2, 1, 36, 1
4023, 0, 2, 1, 37, 1
4023, 0, 2, 1, 38, 1
4023, 0, 2, 1, 39, 1
4023, 0, 2, 1, 40, 1
4023, 0, 2, 1, 41, 1
4023, 0, 2, 1, 42, 1
4023, 0, 2, 1, 43, 1
