184, 22, 0, 2, 8, 0
184, 22, 0, 2, 32, 0
184, 22, 1, 3, 53, 0
184, 22, 1, 4, 11, 0
184, 22, 3, 4, 29, 0
184, 22, 2, 4, 56, 0
184, 22, 3, 5, 5, 0
184, 22, 1, 5, 24, 0
184, 22, 1, 5, 32, 0
184, 22, 0, 6, 52, 0
184, 22, 2, 7, 7, 0
184, 22, 2, 8, 15, 0
184, 22, 0, 9, 3, 0
184, 22, 3, 9, 40, 0
184, 22, 3, 9, 50, 0
184, 22, 2, 10, 21, 0
184, 22, 2, 10, 26, 0
184, 22, 3, 10, 30, 0
184, 22, 2, 12, 38, 0
184, 22, 0, 12, 40, 0
184, 22, 2, 12, 52, 0
184, 22, 2, 13, 44, 0
184, 22, 1, 14, 30, 0
184, 22, 1, 14, 36, 0
184, 22, 0, 14, 46, 0
184, 22, 1, 14, 50, 0
184, 22, 1, 14, 56, 0
184, 22, 0, 16, 42, 0
184, 22, 3, 17, 2, 0
184, 22, 1, 17, 43, 0
184, 22, 2, 17, 50, 0
184, 22, 0, 17, 58, 0
184, 22, 1, 18, 12, 0
184, 22, 0, 18, 46, 0
184, 22, 3, 19, 52, 0
184, 22, 2, 21, 17, 0
184, 22, 3, 21, 35, 0
184, 22, 2, 21, 41, 0
184, 22, 0, 21, 49, 0
184, 22, 0, 21, 55, 0
184, 22, 2, 22, 29, 0
184, 22, 3, 22, 47, 0
184, 22, 0, 23, 59, 0
184, 22, 1, 24, 34, 0
184, 22, 3, 24, 46, 0
184, 22, 1, 24, 50, 0
184, 22, 2, 24, 55, 0
184, 22, 3, 24, 58, 0
184, 22, 0, 26, 27, 0
184, 22, 2, 26, 37, 0
184, 22, 2, 26, 51, 0
184, 22, 0, 27, 26, 0
184, 22, 1, 27, 33, 0
184, 22, 0, 29, 11, 0
184, 22, 2, 29, 28, 0
184, 22, 3, 29, 50, 0
184, 22, 2, 30, 58, 0
184, 22, 1, 31, 47, 0
184, 22, 3, 32, 7, 0
184, 22, 3, 32, 17, 0
184, 22, 3, 32, 33, 0
184, 22, 0, 33, 51, 0
184, 22, 2, 34, 33, 0
184, 22, 2, 34, 41, 0
184, 22, 2, 35, 43, 0
184, 22, 3, 35, 46, 0
184, 22, 2, 35, 49, 0
184, 22, 1, 35, 59, 0
184, 22, 1, 36, 8, 0
184, 22, 2, 36, 13, 0
184, 22, 1, 37, 50, 0
184, 22, 0, 37, 54, 0
184, 22, 1, 39, 44, 0
184, 22, 1, 39, 47, 0
184, 22, 1, 40, 18, 0
184, 22, 0, 40, 23, 0
184, 22, 3, 40, 51, 0
184, 22, 0, 41, 2, 0
184, 22, 1, 41, 25, 0
184, 22, 2, 41, 30, 0
184, 22, 2, 42, 13, 0
184, 22, 2, 42, 51, 0
184, 22, 3, 43, 5, 0
184, 22, 3, 43, 60, 0
184, 22, 2, 45, 16, 0
184, 22, 3, 45, 42, 0
184, 22, 1, 46, 60, 0
184, 22, 1, 48, 3, 0
184, 22, 1, 49, 10, 0
184, 22, 2, 49, 41, 0
184, 22, 3, 50, 17, 0
184, 22, 2, 50, 30, 0
184, 22, 2, 50, 44, 0
184, 22, 0, 51, 48, 0
184, 22, 1, 52, 20, 0
184, 22, 3, 52, 33, 0
184, 22, 2, 52, 59, 0
184, 22, 0, 53, 8, 0
184, 22, 1, 55, 18, 0
184, 22, 3, 56, 30, 0
184, 22, 3, 57, 7, 0
184, 22, 2, 57, 49, 0
184, 22, 2, 58, 12, 0
184, 22, 1, 58, 18, 0
184, 22, 3, 58, 27, 0
184, 22, 0, 58, 38, 0
184, 22, 1, 58, 51, 0
184, 22, 2, 59, 34, 0
184, 22, 0, 59, 57, 0
184, 22, 3, 60, 14, 0
184, 22, 0, 60, 20, 0
184, 22, 1, 61, 38, 0
185, 22, 3, 1, 8, 0
185, 22, 3, 1, 9, 0
185, 22, 1, 1, 28, 0
185, 22, 1, 2, 6, 0
185, 22, 2, 2, 59, 0
185, 22, 1, 3, 6, 0
185, 22, 2, 3, 7, 0
185, 22, 2, 3, 8, 0
185, 22, 3, 3, 9, 0
185, 22, 3, 3, 10, 0
185, 22, 0, 3, 27, 0
185, 22, 2, 3, 29, 0
185, 22, 3, 3, 30, 0
185, 22, 3, 3, 34, 0
185, 22, 3, 3, 60, 0
185, 22, 0, 4, 2, 0
185, 22, 0, 4, 4, 0
185, 22, 1, 4, 5, 0
185, 22, 1, 4, 6, 0
185, 22, 1, 4, 9, 0
185, 22, 3, 4, 13, 0
185, 22, 0, 4, 14, 0
185, 22, 2, 4, 23, 0
185, 22, 0, 4, 27, 0
185, 22, 0, 4, 31, 0
185, 22, 0, 4, 35, 0
185, 22, 0, 4, 36, 0
185, 22, 0, 4, 51, 0
185, 22, 3, 4, 53, 0
185, 22, 2, 4, 55, 0
185, 22, 0, 4, 59, 0
185, 22, 2, 5, 1, 0
185, 22, 0, 5, 3, 0
185, 22, 0, 5, 4, 0
185, 22, 1, 5, 10, 0
185, 22, 2, 5, 11, 0
185, 22, 1, 5, 16, 0
185, 22, 3, 5, 20, 0
185, 22, 0, 5, 22, 0
185, 22, 3, 5, 26, 0
185, 22, 3, 5, 30, 0
185, 22, 1, 5, 33, 0
185, 22, 3, 5, 38, 0
185, 22, 1, 5, 53, 0
185, 22, 3, 5, 58, 0
185, 22, 2, 6, 4, 0
185, 22, 1, 6, 6, 0
185, 22, 2, 6, 7, 0
185, 22, 1, 6, 16, 0
185, 22, 2, 6, 20, 0
185, 22, 0, 6, 21, 0
185, 22, 0, 6, 23, 0
185, 22, 1, 6, 24, 0
185, 22, 2, 6, 25, 0
185, 22, 2, 6, 30, 0
185, 22, 3, 6, 33, 0
185, 22, 3, 6, 34, 0
185, 22, 1, 6, 36, 0
185, 22, 2, 6, 37, 0
185, 22, 2, 6, 39, 0
185, 22, 3, 6, 40, 0
185, 22, 1, 7, 4, 0
185, 22, 1, 7, 6, 0
185, 22, 0, 7, 12, 0
185, 22, 3, 7, 13, 0
185, 22, 3, 7, 14, 0
185, 22, 2, 7, 15, 0
185, 22, 1, 7, 16, 0
185, 22, 1, 7, 22, 0
185, 22, 1, 7, 24, 0
185, 22, 2, 7, 30, 0
185, 22, 1, 7, 31, 0
185, 22, 0, 7, 32, 0
185, 22, 0, 7, 33, 0
185, 22, 1, 7, 37, 0
185, 22, 2, 7, 39, 0
185, 22, 2, 7, 51, 0
185, 22, 2, 8, 2, 0
185, 22, 1, 8, 3, 0
185, 22, 1, 8, 4, 0
185, 22, 0, 8, 6, 0
185, 22, 3, 8, 7, 0
185, 22, 3, 8, 8, 0
185, 22, 0, 8, 11, 0
185, 22, 0, 8, 26, 0
185, 22, 3, 8, 28, 0
185, 22, 2, 8, 29, 0
185, 22, 1, 8, 37, 0
185, 22, 1, 8, 52, 0
185, 22, 0, 9, 5, 0
185, 22, 2, 9, 8, 0
185, 22, 1, 9, 12, 0
185, 22, 3, 9, 14, 0
185, 22, 0, 9, 16, 0
185, 22, 2, 9, 19, 0
185, 22, 3, 9, 21, 0
185, 22, 1, 9, 23, 0
185, 22, 1, 9, 25, 0
185, 22, 2, 9, 30, 0
185, 22, 1, 9, 31, 0
185, 22, 3, 9, 36, 0
185, 22, 0, 9, 38, 0
185, 22, 0, 9, 39, 0
185, 22, 2, 9, 42, 0
185, 22, 2, 9, 43, 0
185, 22, 2, 10, 0, 0
185, 22, 3, 10, 2, 0
185, 22, 3, 10, 6, 0
185, 22, 2, 10, 8, 0
185, 22, 0, 10, 10, 0
185, 22, 0, 10, 11, 0
185, 22, 2, 10, 19, 0
185, 22, 1, 10, 25, 0
185, 22, 3, 10, 28, 0
185, 22, 2, 10, 34, 0
185, 22, 3, 10, 35, 0
185, 22, 3, 10, 37, 0
185, 22, 0, 10, 41, 0
185, 22, 1, 10, 42, 0
185, 22, 2, 10, 49, 0
185, 22, 3, 10, 51, 0
185, 22, 0, 10, 53, 0
185, 22, 0, 11, 2, 0
185, 22, 0, 11, 3, 0
185, 22, 2, 11, 4, 0
185, 22, 3, 11, 11, 0
185, 22, 1, 11, 19, 0
185, 22, 3, 11, 21, 0
185, 22, 1, 11, 22, 0
185, 22, 2, 11, 25, 0
185, 22, 0, 11, 26, 0
185, 22, 2, 11, 28, 0
185, 22, 0, 11, 32, 0
185, 22, 1, 11, 35, 0
185, 22, 2, 11, 36, 0
185, 22, 3, 11, 42, 0
185, 22, 0, 11, 43, 0
185, 22, 1, 11, 45, 0
185, 22, 1, 11, 56, 0
185, 22, 1, 12, 6, 0
185, 22, 2, 12, 10, 0
185, 22, 0, 12, 19, 0
185, 22, 3, 12, 20, 0
185, 22, 3, 12, 27, 0
185, 22, 3, 12, 32, 0
185, 22, 2, 12, 33, 0
185, 22, 1, 12, 34, 0
185, 22, 0, 12, 41, 0
185, 22, 3, 12, 45, 0
185, 22, 0, 13, 3, 0
185, 22, 0, 13, 4, 0
185, 22, 2, 13, 6, 0
185, 22, 1, 13, 13, 0
185, 22, 2, 13, 14, 0
185, 22, 3, 13, 15, 0
185, 22, 3, 13, 17, 0
185, 22, 0, 13, 27, 0
185, 22, 1, 13, 28, 0
185, 22, 1, 13, 33, 0
185, 22, 3, 13, 39, 0
185, 22, 3, 13, 40, 0
185, 22, 0, 13, 42, 0
185, 22, 2, 13, 46, 0
185, 22, 2, 13, 49, 0
185, 22, 3, 13, 51, 0
185, 22, 0, 13, 52, 0
185, 22, 0, 13, 53, 0
185, 22, 1, 13, 54, 0
185, 22, 3, 14, 1, 0
185, 22, 1, 14, 5, 0
185, 22, 3, 14, 6, 0
185, 22, 0, 14, 8, 0
185, 22, 1, 14, 10, 0
185, 22, 1, 14, 12, 0
185, 22, 0, 14, 14, 0
185, 22, 0, 14, 15, 0
185, 22, 0, 14, 18, 0
185, 22, 1, 14, 28, 0
185, 22, 0, 14, 32, 0
185, 22, 3, 14, 34, 0
185, 22, 1, 14, 35, 0
185, 22, 1, 14, 38, 0
185, 22, 2, 14, 41, 0
185, 22, 1, 14, 47, 0
185, 22, 1, 14, 48, 0
185, 22, 1, 14, 55, 0
185, 22, 2, 15, 0, 0
185, 22, 3, 15, 2, 0
185, 22, 0, 15, 3, 0
185, 22, 1, 15, 5, 0
185, 22, 2, 15, 7, 0
185, 22, 3, 15, 9, 0
185, 22, 3, 15, 11, 0
185, 22, 2, 15, 17, 0
185, 22, 1, 15, 22, 0
185, 22, 1, 15, 24, 0
185, 22, 2, 15, 25, 0
185, 22, 3, 15, 26, 0
185, 22, 2, 15, 29, 0
185, 22, 3, 15, 30, 0
185, 22, 0, 15, 31, 0
185, 22, 1, 15, 35, 0
185, 22, 2, 15, 36, 0
185, 22, 1, 15, 37, 0
185, 22, 2, 15, 40, 0
185, 22, 1, 15, 58, 0
185, 22, 1, 15, 59, 0
185, 22, 3, 16, 1, 0
185, 22, 0, 16, 4, 0
185, 22, 2, 16, 6, 0
185, 22, 0, 16, 10, 0
185, 22, 3, 16, 12, 0
185, 22, 1, 16, 13, 0
185, 22, 0, 16, 17, 0
185, 22, 3, 16, 19, 0
185, 22, 2, 16, 22, 0
185, 22, 1, 16, 23, 0
185, 22, 0, 16, 25, 0
185, 22, 0, 16, 26, 0
185, 22, 3, 16, 36, 0
185, 22, 3, 16, 40, 0
185, 22, 0, 16, 47, 0
185, 22, 3, 16, 49, 0
185, 22, 0, 16, 50, 0
185, 22, 0, 16, 57, 0
185, 22, 2, 17, 1, 0
185, 22, 1, 17, 3, 0
185, 22, 0, 17, 4, 0
185, 22, 0, 17, 5, 0
185, 22, 1, 17, 6, 0
185, 22, 0, 17, 10, 0
185, 22, 1, 17, 12, 0
185, 22, 2, 17, 13, 0
185, 22, 2, 17, 22, 0
185, 22, 1, 17, 26, 0
185, 22, 3, 17, 27, 0
185, 22, 2, 17, 34, 0
185, 22, 1, 17, 35, 0
185, 22, 3, 17, 37, 0
185, 22, 0, 17, 40, 0
185, 22, 0, 17, 41, 0
185, 22, 3, 17, 46, 0
185, 22, 3, 17, 51, 0
185, 22, 3, 17, 52, 0
185, 22, 0, 17, 53, 0
185, 22, 3, 17, 57, 0
185, 22, 0, 17, 59, 0
185, 22, 1, 18, 1, 0
185, 22, 0, 18, 2, 0
185, 22, 3, 18, 5, 0
185, 22, 0, 18, 9, 0
185, 22, 3, 18, 11, 0
185, 22, 2, 18, 13, 0
185, 22, 3, 18, 14, 0
185, 22, 3, 18, 15, 0
185, 22, 0, 18, 16, 0
185, 22, 1, 18, 17, 0
185, 22, 1, 18, 22, 0
185, 22, 2, 18, 26, 0
185, 22, 3, 18, 33, 0
185, 22, 0, 18, 35, 0
185, 22, 3, 18, 38, 0
185, 22, 0, 18, 42, 0
185, 22, 3, 18, 45, 0
185, 22, 0, 18, 55, 0
185, 22, 2, 18, 56, 0
185, 22, 0, 18, 58, 0
185, 22, 1, 19, 0, 0
185, 22, 2, 19, 1, 0
185, 22, 3, 19, 3, 0
185, 22, 2, 19, 12, 0
185, 22, 1, 19, 13, 0
185, 22, 1, 19, 14, 0
185, 22, 2, 19, 15, 0
185, 22, 2, 19, 16, 0
185, 22, 2, 19, 20, 0
185, 22, 1, 19, 21, 0
185, 22, 0, 19, 22, 0
185, 22, 3, 19, 26, 0
185, 22, 0, 19, 33, 0
185, 22, 1, 19, 34, 0
185, 22, 2, 19, 35, 0
185, 22, 1, 19, 41, 0
185, 22, 1, 19, 43, 0
185, 22, 2, 19, 44, 0
185, 22, 1, 19, 50, 0
185, 22, 2, 19, 57, 0
185, 22, 3, 19, 58, 0
185, 22, 0, 19, 60, 0
185, 22, 2, 20, 2, 0
185, 22, 3, 20, 6, 0
185, 22, 2, 20, 7, 0
185, 22, 1, 20, 8, 0
185, 22, 0, 20, 9, 0
185, 22, 1, 20, 14, 0
185, 22, 2, 20, 16, 0
185, 22, 2, 20, 17, 0
185, 22, 3, 20, 18, 0
185, 22, 0, 20, 23, 0
185, 22, 0, 20, 25, 0
185, 22, 3, 20, 26, 0
185, 22, 2, 20, 28, 0
185, 22, 1, 20, 29, 0
185, 22, 3, 20, 32, 0
185, 22, 3, 20, 36, 0
185, 22, 0, 20, 40, 0
185, 22, 2, 20, 42, 0
185, 22, 1, 20, 56, 0
185, 22, 2, 21, 6, 0
185, 22, 3, 21, 7, 0
185, 22, 0, 21, 8, 0
185, 22, 3, 21, 15, 0
185, 22, 1, 21, 16, 0
185, 22, 0, 21, 18, 0
185, 22, 2, 21, 21, 0
185, 22, 3, 21, 23, 0
185, 22, 2, 21, 27, 0
185, 22, 2, 21, 30, 0
185, 22, 3, 21, 31, 0
185, 22, 0, 21, 36, 0
185, 22, 3, 21, 38, 0
185, 22, 0, 21, 40, 0
185, 22, 2, 21, 42, 0
185, 22, 0, 21, 47, 0
185, 22, 0, 21, 51, 0
185, 22, 3, 21, 54, 0
185, 22, 1, 21, 57, 0
185, 22, 1, 21, 58, 0
185, 22, 2, 21, 59, 0
185, 22, 3, 21, 60, 0
185, 22, 0, 22, 13, 0
185, 22, 1, 22, 16, 0
185, 22, 0, 22, 18, 0
185, 22, 0, 22, 25, 0
185, 22, 0, 22, 26, 0
185, 22, 1, 22, 30, 0
185, 22, 1, 22, 31, 0
185, 22, 1, 22, 32, 0
185, 22, 0, 22, 33, 0
185, 22, 2, 22, 35, 0
185, 22, 0, 22, 36, 0
185, 22, 3, 22, 40, 0
185, 22, 2, 22, 41, 0
185, 22, 1, 22, 44, 0
185, 22, 0, 22, 45, 0
185, 22, 2, 22, 49, 0
185, 22, 3, 22, 50, 0
185, 22, 1, 22, 52, 0
185, 22, 0, 22, 54, 0
185, 22, 1, 23, 1, 0
185, 22, 3, 23, 4, 0
185, 22, 0, 23, 7, 0
185, 22, 1, 23, 9, 0
185, 22, 1, 23, 14, 0
185, 22, 3, 23, 24, 0
185, 22, 3, 23, 25, 0
185, 22, 0, 23, 30, 0
185, 22, 0, 23, 31, 0
185, 22, 1, 23, 32, 0
185, 22, 1, 23, 33, 0
185, 22, 0, 23, 34, 0
185, 22, 0, 23, 35, 0
185, 22, 2, 23, 39, 0
185, 22, 2, 23, 41, 0
185, 22, 1, 23, 43, 0
185, 22, 2, 23, 44, 0
185, 22, 3, 23, 45, 0
185, 22, 1, 23, 52, 0
185, 22, 1, 23, 55, 0
185, 22, 2, 24, 2, 0
185, 22, 3, 24, 5, 0
185, 22, 2, 24, 6, 0
185, 22, 1, 24, 8, 0
185, 22, 2, 24, 9, 0
185, 22, 2, 24, 16, 0
185, 22, 2, 24, 17, 0
185, 22, 1, 24, 22, 0
185, 22, 1, 24, 25, 0
185, 22, 3, 24, 30, 0
185, 22, 0, 24, 31, 0
185, 22, 2, 24, 33, 0
185, 22, 1, 24, 36, 0
185, 22, 2, 24, 37, 0
185, 22, 2, 24, 39, 0
185, 22, 2, 24, 54, 0
185, 22, 0, 24, 60, 0
185, 22, 2, 25, 3, 0
185, 22, 3, 25, 5, 0
185, 22, 3, 25, 6, 0
185, 22, 2, 25, 11, 0
185, 22, 3, 25, 17, 0
185, 22, 0, 25, 18, 0
185, 22, 1, 25, 20, 0
185, 22, 1, 25, 24, 0
185, 22, 0, 25, 26, 0
185, 22, 3, 25, 30, 0
185, 22, 2, 25, 32, 0
185, 22, 1, 25, 38, 0
185, 22, 1, 25, 40, 0
185, 22, 2, 25, 44, 0
185, 22, 1, 25, 50, 0
185, 22, 1, 25, 51, 0
185, 22, 2, 25, 52, 0
185, 22, 2, 25, 54, 0
185, 22, 1, 26, 2, 0
185, 22, 2, 26, 5, 0
185, 22, 3, 26, 6, 0
185, 22, 3, 26, 10, 0
185, 22, 3, 26, 11, 0
185, 22, 1, 26, 13, 0
185, 22, 2, 26, 14, 0
185, 22, 3, 26, 15, 0
185, 22, 1, 26, 21, 0
185, 22, 1, 26, 22, 0
185, 22, 0, 26, 24, 0
185, 22, 2, 26, 25, 0
185, 22, 2, 26, 29, 0
185, 22, 0, 26, 32, 0
185, 22, 3, 26, 33, 0
185, 22, 1, 26, 39, 0
185, 22, 0, 26, 46, 0
185, 22, 2, 26, 48, 0
185, 22, 3, 26, 49, 0
185, 22, 0, 26, 50, 0
185, 22, 0, 26, 55, 0
185, 22, 3, 26, 58, 0
185, 22, 3, 27, 1, 0
185, 22, 3, 27, 2, 0
185, 22, 2, 27, 6, 0
185, 22, 3, 27, 11, 0
185, 22, 1, 27, 14, 0
185, 22, 3, 27, 17, 0
185, 22, 1, 27, 19, 0
185, 22, 0, 27, 23, 0
185, 22, 2, 27, 24, 0
185, 22, 2, 27, 27, 0
185, 22, 1, 27, 28, 0
185, 22, 1, 27, 30, 0
185, 22, 1, 27, 31, 0
185, 22, 2, 27, 32, 0
185, 22, 3, 27, 38, 0
185, 22, 1, 27, 41, 0
185, 22, 3, 27, 43, 0
185, 22, 1, 27, 46, 0
185, 22, 3, 27, 49, 0
185, 22, 0, 27, 53, 0
185, 22, 2, 27, 54, 0
185, 22, 0, 27, 56, 0
185, 22, 2, 27, 58, 0
185, 22, 1, 28, 6, 0
185, 22, 1, 28, 7, 0
185, 22, 1, 28, 8, 0
185, 22, 0, 28, 9, 0
185, 22, 3, 28, 10, 0
185, 22, 0, 28, 12, 0
185, 22, 0, 28, 15, 0
185, 22, 1, 28, 18, 0
185, 22, 0, 28, 21, 0
185, 22, 0, 28, 23, 0
185, 22, 0, 28, 29, 0
185, 22, 3, 28, 30, 0
185, 22, 2, 28, 32, 0
185, 22, 0, 28, 35, 0
185, 22, 2, 28, 37, 0
185, 22, 0, 28, 41, 0
185, 22, 3, 28, 44, 0
185, 22, 0, 28, 49, 0
185, 22, 3, 28, 52, 0
185, 22, 2, 28, 54, 0
185, 22, 0, 28, 56, 0
185, 22, 0, 28, 58, 0
185, 22, 1, 29, 3, 0
185, 22, 2, 29, 4, 0
185, 22, 2, 29, 6, 0
185, 22, 0, 29, 12, 0
185, 22, 1, 29, 13, 0
185, 22, 0, 29, 15, 0
185, 22, 0, 29, 16, 0
185, 22, 3, 29, 20, 0
185, 22, 1, 29, 23, 0
185, 22, 1, 29, 24, 0
185, 22, 2, 29, 25, 0
185, 22, 3, 29, 29, 0
185, 22, 1, 29, 31, 0
185, 22, 0, 29, 34, 0
185, 22, 3, 29, 35, 0
185, 22, 3, 29, 38, 0
185, 22, 3, 29, 40, 0
185, 22, 1, 29, 45, 0
185, 22, 2, 29, 47, 0
185, 22, 0, 29, 49, 0
185, 22, 3, 29, 52, 0
185, 22, 1, 29, 53, 0
185, 22, 0, 29, 56, 0
185, 22, 3, 30, 6, 0
185, 22, 2, 30, 8, 0
185, 22, 2, 30, 14, 0
185, 22, 2, 30, 15, 0
185, 22, 3, 30, 25, 0
185, 22, 2, 30, 28, 0
185, 22, 2, 30, 29, 0
185, 22, 2, 30, 30, 0
185, 22, 1, 30, 33, 0
185, 22, 0, 30, 34, 0
185, 22, 2, 30, 36, 0
185, 22, 3, 30, 37, 0
185, 22, 1, 30, 46, 0
185, 22, 3, 30, 48, 0
185, 22, 1, 30, 49, 0
185, 22, 2, 30, 50, 0
185, 22, 1, 30, 52, 0
185, 22, 1, 30, 54, 0
185, 22, 1, 30, 55, 0
185, 22, 0, 30, 56, 0
185, 22, 2, 30, 59, 0
185, 22, 2, 30, 60, 0
185, 22, 3, 31, 1, 0
185, 22, 3, 31, 2, 0
185, 22, 1, 31, 8, 0
185, 22, 0, 31, 10, 0
185, 22, 3, 31, 11, 0
185, 22, 1, 31, 15, 0
185, 22, 3, 31, 20, 0
185, 22, 0, 31, 26, 0
185, 22, 1, 31, 27, 0
185, 22, 2, 31, 28, 0
185, 22, 2, 31, 32, 0
185, 22, 3, 31, 33, 0
185, 22, 3, 31, 35, 0
185, 22, 2, 31, 36, 0
185, 22, 2, 31, 39, 0
185, 22, 3, 31, 40, 0
185, 22, 0, 31, 42, 0
185, 22, 1, 31, 43, 0
185, 22, 0, 31, 45, 0
185, 22, 0, 31, 46, 0
185, 22, 2, 31, 54, 0
185, 22, 2, 31, 55, 0
185, 22, 2, 32, 0, 0
185, 22, 2, 32, 1, 0
185, 22, 3, 32, 5, 0
185, 22, 0, 32, 8, 0
185, 22, 1, 32, 9, 0
185, 22, 2, 32, 18, 0
185, 22, 1, 32, 19, 0
185, 22, 0, 32, 20, 0
185, 22, 1, 32, 21, 0
185, 22, 3, 32, 23, 0
185, 22, 1, 32, 30, 0
185, 22, 1, 32, 31, 0
185, 22, 0, 32, 34, 0
185, 22, 1, 32, 38, 0
185, 22, 0, 32, 41, 0
185, 22, 1, 32, 43, 0
185, 22, 3, 32, 45, 0
185, 22, 0, 32, 51, 0
185, 22, 2, 32, 54, 0
185, 22, 1, 32, 59, 0
185, 22, 1, 32, 61, 0
185, 22, 2, 33, 0, 0
185, 22, 0, 33, 4, 0
185, 22, 3, 33, 5, 0
185, 22, 2, 33, 6, 0
185, 22, 3, 33, 8, 0
185, 22, 1, 33, 9, 0
185, 22, 1, 33, 10, 0
185, 22, 2, 33, 11, 0
185, 22, 1, 33, 15, 0
185, 22, 0, 33, 16, 0
185, 22, 0, 33, 17, 0
185, 22, 3, 33, 18, 0
185, 22, 1, 33, 19, 0
185, 22, 3, 33, 24, 0
185, 22, 1, 33, 30, 0
185, 22, 3, 33, 36, 0
185, 22, 3, 33, 37, 0
185, 22, 0, 33, 38, 0
185, 22, 3, 33, 41, 0
185, 22, 1, 33, 42, 0
185, 22, 0, 33, 44, 0
185, 22, 3, 33, 45, 0
185, 22, 3, 33, 54, 0
185, 22, 2, 33, 55, 0
185, 22, 1, 33, 59, 0
185, 22, 1, 34, 1, 0
185, 22, 1, 34, 2, 0
185, 22, 0, 34, 3, 0
185, 22, 2, 34, 9, 0
185, 22, 0, 34, 10, 0
185, 22, 2, 34, 13, 0
185, 22, 1, 34, 19, 0
185, 22, 1, 34, 20, 0
185, 22, 0, 34, 21, 0
185, 22, 3, 34, 24, 0
185, 22, 0, 34, 30, 0
185, 22, 3, 34, 31, 0
185, 22, 2, 34, 36, 0
185, 22, 3, 34, 50, 0
185, 22, 0, 34, 54, 0
185, 22, 3, 34, 57, 0
185, 22, 0, 34, 60, 0
185, 22, 2, 35, 7, 0
185, 22, 2, 35, 9, 0
185, 22, 0, 35, 10, 0
185, 22, 3, 35, 11, 0
185, 22, 3, 35, 12, 0
185, 22, 1, 35, 14, 0
185, 22, 2, 35, 16, 0
185, 22, 0, 35, 18, 0
185, 22, 2, 35, 21, 0
185, 22, 2, 35, 23, 0
185, 22, 1, 35, 29, 0
185, 22, 2, 35, 33, 0
185, 22, 1, 35, 34, 0
185, 22, 1, 35, 36, 0
185, 22, 1, 35, 37, 0
185, 22, 0, 35, 38, 0
185, 22, 1, 35, 39, 0
185, 22, 2, 35, 41, 0
185, 22, 1, 35, 45, 0
185, 22, 0, 35, 50, 0
185, 22, 0, 35, 55, 0
185, 22, 1, 35, 56, 0
185, 22, 2, 35, 57, 0
185, 22, 2, 35, 58, 0
185, 22, 3, 35, 60, 0
185, 22, 0, 36, 2, 0
185, 22, 1, 36, 4, 0
185, 22, 1, 36, 6, 0
185, 22, 3, 36, 9, 0
185, 22, 1, 36, 14, 0
185, 22, 3, 36, 17, 0
185, 22, 3, 36, 30, 0
185, 22, 2, 36, 31, 0
185, 22, 1, 36, 32, 0
185, 22, 2, 36, 34, 0
185, 22, 3, 36, 35, 0
185, 22, 0, 36, 38, 0
185, 22, 0, 36, 45, 0
185, 22, 0, 36, 46, 0
185, 22, 3, 36, 47, 0
185, 22, 2, 36, 48, 0
185, 22, 2, 36, 49, 0
185, 22, 1, 36, 50, 0
185, 22, 3, 36, 53, 0
185, 22, 3, 36, 54, 0
185, 22, 0, 36, 55, 0
185, 22, 3, 36, 59, 0
185, 22, 0, 37, 1, 0
185, 22, 0, 37, 7, 0
185, 22, 3, 37, 9, 0
185, 22, 1, 37, 13, 0
185, 22, 3, 37, 17, 0
185, 22, 0, 37, 21, 0
185, 22, 3, 37, 23, 0
185, 22, 2, 37, 24, 0
185, 22, 3, 37, 32, 0
185, 22, 2, 37, 34, 0
185, 22, 3, 37, 38, 0
185, 22, 2, 37, 39, 0
185, 22, 1, 37, 40, 0
185, 22, 2, 37, 41, 0
185, 22, 2, 37, 42, 0
185, 22, 0, 37, 43, 0
185, 22, 1, 37, 44, 0
185, 22, 1, 37, 45, 0
185, 22, 3, 37, 46, 0
185, 22, 0, 37, 47, 0
185, 22, 1, 37, 48, 0
185, 22, 2, 37, 53, 0
185, 22, 2, 37, 57, 0
185, 22, 3, 37, 58, 0
185, 22, 2, 38, 4, 0
185, 22, 0, 38, 13, 0
185, 22, 0, 38, 17, 0
185, 22, 0, 38, 24, 0
185, 22, 0, 38, 38, 0
185, 22, 1, 38, 39, 0
185, 22, 0, 38, 40, 0
185, 22, 3, 38, 42, 0
185, 22, 0, 38, 46, 0
185, 22, 0, 38, 49, 0
185, 22, 1, 38, 53, 0
185, 22, 1, 38, 56, 0
185, 22, 0, 39, 2, 0
185, 22, 1, 39, 3, 0
185, 22, 3, 39, 6, 0
185, 22, 0, 39, 13, 0
185, 22, 1, 39, 17, 0
185, 22, 2, 39, 18, 0
185, 22, 2, 39, 19, 0
185, 22, 3, 39, 22, 0
185, 22, 2, 39, 24, 0
185, 22, 0, 39, 39, 0
185, 22, 3, 39, 48, 0
185, 22, 0, 39, 49, 0
185, 22, 2, 39, 50, 0
185, 22, 3, 39, 51, 0
185, 22, 0, 39, 52, 0
185, 22, 3, 40, 1, 0
185, 22, 0, 40, 2, 0
185, 22, 0, 40, 7, 0
185, 22, 2, 40, 14, 0
185, 22, 2, 40, 15, 0
185, 22, 1, 40, 16, 0
185, 22, 3, 40, 19, 0
185, 22, 2, 40, 21, 0
185, 22, 2, 40, 22, 0
185, 22, 3, 40, 24, 0
185, 22, 0, 40, 39, 0
185, 22, 1, 40, 40, 0
185, 22, 2, 40, 41, 0
185, 22, 3, 40, 48, 0
185, 22, 2, 41, 1, 0
185, 22, 1, 41, 7, 0
185, 22, 2, 41, 8, 0
185, 22, 1, 41, 10, 0
185, 22, 1, 41, 11, 0
185, 22, 0, 41, 12, 0
185, 22, 3, 41, 13, 0
185, 22, 2, 41, 14, 0
185, 22, 0, 41, 19, 0
185, 22, 1, 41, 21, 0
185, 22, 0, 41, 24, 0
185, 22, 1, 41, 27, 0
185, 22, 1, 41, 29, 0
185, 22, 3, 41, 31, 0
185, 22, 2, 41, 32, 0
185, 22, 2, 41, 41, 0
185, 22, 2, 41, 47, 0
185, 22, 1, 41, 49, 0
185, 22, 1, 42, 1, 0
185, 22, 1, 42, 11, 0
185, 22, 0, 42, 12, 0
185, 22, 1, 42, 14, 0
185, 22, 2, 42, 16, 0
185, 22, 1, 42, 17, 0
185, 22, 0, 42, 18, 0
185, 22, 1, 42, 22, 0
185, 22, 3, 42, 28, 0
185, 22, 0, 42, 30, 0
185, 22, 1, 42, 32, 0
185, 22, 0, 42, 36, 0
185, 22, 0, 42, 49, 0
185, 22, 2, 42, 52, 0
185, 22, 3, 42, 60, 0
185, 22, 0, 42, 61, 0
185, 22, 0, 43, 0, 0
185, 22, 2, 43, 7, 0
185, 22, 0, 43, 11, 0
185, 22, 0, 43, 12, 0
185, 22, 0, 43, 13, 0
185, 22, 1, 43, 14, 0
185, 22, 0, 43, 23, 0
185, 22, 0, 43, 34, 0
185, 22, 0, 43, 36, 0
185, 22, 1, 43, 49, 0
185, 22, 3, 43, 50, 0
185, 22, 3, 43, 51, 0
185, 22, 2, 43, 52, 0
185, 22, 3, 43, 58, 0
185, 22, 3, 43, 59, 0
185, 22, 0, 43, 61, 0
185, 22, 1, 44, 6, 0
185, 22, 1, 44, 7, 0
185, 22, 0, 44, 11, 0
185, 22, 3, 44, 12, 0
185, 22, 3, 44, 15, 0
185, 22, 3, 44, 16, 0
185, 22, 0, 44, 34, 0
185, 22, 2, 44, 35, 0
185, 22, 3, 44, 36, 0
185, 22, 1, 44, 37, 0
185, 22, 0, 44, 43, 0
185, 22, 0, 44, 58, 0
185, 22, 0, 44, 60, 0
185, 22, 1, 44, 61, 0
185, 22, 2, 44, 62, 0
185, 22, 0, 45, 0, 0
185, 22, 2, 45, 4, 0
185, 22, 0, 45, 8, 0
185, 22, 3, 45, 11, 0
185, 22, 3, 45, 14, 0
185, 22, 0, 45, 17, 0
185, 22, 3, 45, 20, 0
185, 22, 0, 45, 24, 0
185, 22, 3, 45, 35, 0
185, 22, 2, 45, 36, 0
185, 22, 2, 45, 41, 0
185, 22, 3, 45, 43, 0
185, 22, 2, 45, 44, 0
185, 22, 2, 45, 45, 0
185, 22, 0, 45, 49, 0
185, 22, 1, 45, 58, 0
185, 22, 3, 45, 59, 0
185, 22, 3, 45, 60, 0
185, 22, 3, 46, 0, 0
185, 22, 2, 46, 1, 0
185, 22, 1, 46, 2, 0
185, 22, 3, 46, 4, 0
185, 22, 3, 46, 7, 0
185, 22, 3, 46, 9, 0
185, 22, 2, 46, 11, 0
185, 22, 2, 46, 15, 0
185, 22, 1, 46, 17, 0
185, 22, 0, 46, 21, 0
185, 22, 1, 46, 22, 0
185, 22, 3, 46, 37, 0
185, 22, 0, 46, 38, 0
185, 22, 0, 46, 39, 0
185, 22, 1, 46, 42, 0
185, 22, 1, 46, 43, 0
185, 22, 0, 46, 57, 0
185, 22, 1, 46, 58, 0
185, 22, 2, 46, 59, 0
185, 22, 2, 47, 0, 0
185, 22, 1, 47, 8, 0
185, 22, 2, 47, 9, 0
185, 22, 2, 47, 10, 0
185, 22, 2, 47, 11, 0
185, 22, 3, 47, 13, 0
185, 22, 0, 47, 18, 0
185, 22, 3, 47, 19, 0
185, 22, 2, 47, 27, 0
185, 22, 1, 47, 40, 0
185, 22, 0, 47, 55, 0
185, 22, 2, 47, 59, 0
185, 22, 2, 47, 60, 0
185, 22, 1, 48, 1, 0
185, 22, 2, 48, 2, 0
185, 22, 2, 48, 6, 0
185, 22, 2, 48, 7, 0
185, 22, 3, 48, 8, 0
185, 22, 1, 48, 11, 0
185, 22, 0, 48, 14, 0
185, 22, 1, 48, 23, 0
185, 22, 1, 48, 25, 0
185, 22, 2, 48, 40, 0
185, 22, 0, 48, 41, 0
185, 22, 2, 48, 45, 0
185, 22, 2, 48, 46, 0
185, 22, 3, 48, 54, 0
185, 22, 2, 48, 60, 0
185, 22, 1, 48, 61, 0
185, 22, 1, 49, 0, 0
185, 22, 3, 49, 3, 0
185, 22, 0, 49, 4, 0
185, 22, 1, 49, 5, 0
185, 22, 1, 49, 6, 0
185, 22, 1, 49, 11, 0
185, 22, 3, 49, 13, 0
185, 22, 1, 49, 18, 0
185, 22, 2, 49, 19, 0
185, 22, 1, 49, 22, 0
185, 22, 3, 49, 24, 0
185, 22, 1, 49, 27, 0
185, 22, 3, 49, 29, 0
185, 22, 3, 49, 30, 0
185, 22, 3, 49, 39, 0
185, 22, 1, 49, 42, 0
185, 22, 3, 49, 44, 0
185, 22, 1, 49, 46, 0
185, 22, 0, 49, 53, 0
185, 22, 3, 49, 54, 0
185, 22, 3, 50, 2, 0
185, 22, 3, 50, 3, 0
185, 22, 0, 50, 10, 0
185, 22, 0, 50, 11, 0
185, 22, 0, 50, 13, 0
185, 22, 1, 50, 14, 0
185, 22, 1, 50, 15, 0
185, 22, 2, 50, 16, 0
185, 22, 2, 50, 21, 0
185, 22, 0, 50, 26, 0
185, 22, 0, 50, 29, 0
185, 22, 2, 50, 41, 0
185, 22, 2, 50, 43, 0
185, 22, 0, 50, 45, 0
185, 22, 1, 50, 47, 0
185, 22, 1, 50, 51, 0
185, 22, 0, 50, 52, 0
185, 22, 1, 50, 61, 0
185, 22, 1, 50, 62, 0
185, 22, 0, 51, 0, 0
185, 22, 1, 51, 3, 0
185, 22, 2, 51, 6, 0
185, 22, 3, 51, 10, 0
185, 22, 3, 51, 16, 0
185, 22, 3, 51, 17, 0
185, 22, 0, 51, 18, 0
185, 22, 2, 51, 19, 0
185, 22, 2, 51, 23, 0
185, 22, 3, 51, 24, 0
185, 22, 1, 51, 29, 0
185, 22, 1, 51, 50, 0
185, 22, 0, 52, 0, 0
185, 22, 3, 52, 2, 0
185, 22, 0, 52, 5, 0
185, 22, 3, 52, 6, 0
185, 22, 0, 52, 7, 0
185, 22, 1, 52, 9, 0
185, 22, 1, 52, 19, 0
185, 22, 3, 52, 21, 0
185, 22, 2, 52, 27, 0
185, 22, 3, 52, 46, 0
185, 22, 0, 52, 49, 0
185, 22, 0, 52, 61, 0
185, 22, 0, 52, 62, 0
185, 22, 0, 53, 5, 0
185, 22, 0, 53, 7, 0
185, 22, 0, 53, 9, 0
185, 22, 1, 53, 19, 0
185, 22, 0, 53, 20, 0
185, 22, 0, 53, 21, 0
185, 22, 1, 53, 22, 0
185, 22, 1, 53, 25, 0
185, 22, 1, 53, 29, 0
185, 22, 0, 53, 31, 0
185, 22, 0, 53, 32, 0
185, 22, 2, 53, 34, 0
185, 22, 2, 53, 46, 0
185, 22, 3, 53, 48, 0
185, 22, 0, 53, 50, 0
185, 22, 3, 53, 62, 0
185, 22, 0, 54, 0, 0
185, 22, 2, 54, 6, 0
185, 22, 1, 54, 7, 0
185, 22, 3, 54, 9, 0
185, 22, 0, 54, 15, 0
185, 22, 2, 54, 17, 0
185, 22, 1, 54, 18, 0
185, 22, 1, 54, 19, 0
185, 22, 0, 54, 22, 0
185, 22, 0, 54, 24, 0
185, 22, 1, 54, 26, 0
185, 22, 3, 54, 30, 0
185, 22, 2, 54, 47, 0
185, 22, 1, 55, 2, 0
185, 22, 2, 55, 7, 0
185, 22, 3, 55, 8, 0
185, 22, 0, 55, 10, 0
185, 22, 1, 55, 11, 0
185, 22, 0, 55, 15, 0
185, 22, 3, 55, 22, 0
185, 22, 3, 55, 23, 0
185, 22, 2, 55, 29, 0
185, 22, 2, 55, 30, 0
185, 22, 1, 55, 34, 0
185, 22, 2, 55, 35, 0
185, 22, 0, 55, 48, 0
185, 22, 1, 55, 50, 0
185, 22, 0, 55, 51, 0
185, 22, 2, 55, 61, 0
185, 22, 1, 56, 2, 0
185, 22, 2, 56, 3, 0
185, 22, 2, 56, 4, 0
185, 22, 2, 56, 8, 0
185, 22, 0, 56, 10, 0
185, 22, 1, 56, 12, 0
185, 22, 1, 56, 13, 0
185, 22, 3, 56, 16, 0
185, 22, 0, 56, 17, 0
185, 22, 0, 56, 18, 0
185, 22, 3, 56, 22, 0
185, 22, 0, 56, 26, 0
185, 22, 3, 56, 29, 0
185, 22, 1, 56, 32, 0
185, 22, 3, 56, 36, 0
185, 22, 3, 56, 38, 0
185, 22, 0, 56, 52, 0
185, 22, 1, 56, 59, 0
185, 22, 2, 56, 60, 0
185, 22, 3, 57, 5, 0
185, 22, 3, 57, 6, 0
185, 22, 1, 57, 9, 0
185, 22, 3, 57, 10, 0
185, 22, 2, 57, 14, 0
185, 22, 2, 57, 15, 0
185, 22, 3, 57, 16, 0
185, 22, 1, 57, 18, 0
185, 22, 1, 57, 19, 0
185, 22, 2, 57, 22, 0
185, 22, 0, 57, 23, 0
185, 22, 2, 57, 24, 0
185, 22, 1, 57, 25, 0
185, 22, 3, 57, 27, 0
185, 22, 0, 57, 30, 0
185, 22, 0, 57, 31, 0
185, 22, 0, 57, 35, 0
185, 22, 1, 57, 36, 0
185, 22, 1, 57, 37, 0
185, 22, 1, 57, 52, 0
185, 22, 2, 57, 58, 0
185, 22, 3, 58, 7, 0
185, 22, 1, 58, 9, 0
185, 22, 2, 58, 11, 0
185, 22, 2, 58, 15, 0
185, 22, 2, 58, 19, 0
185, 22, 1, 58, 21, 0
185, 22, 0, 58, 23, 0
185, 22, 2, 58, 32, 0
185, 22, 3, 58, 33, 0
185, 22, 3, 58, 34, 0
185, 22, 2, 58, 39, 0
185, 22, 1, 58, 40, 0
185, 22, 2, 58, 49, 0
185, 22, 1, 58, 53, 0
185, 22, 3, 58, 58, 0
185, 22, 1, 58, 60, 0
185, 22, 2, 59, 12, 0
185, 22, 1, 59, 14, 0
185, 22, 0, 59, 16, 0
185, 22, 2, 59, 19, 0
185, 22, 0, 59, 21, 0
185, 22, 1, 59, 28, 0
185, 22, 1, 59, 31, 0
185, 22, 1, 59, 35, 0
185, 22, 0, 59, 36, 0
185, 22, 3, 59, 37, 0
185, 22, 1, 59, 38, 0
185, 22, 1, 59, 40, 0
185, 22, 0, 59, 41, 0
185, 22, 3, 59, 50, 0
185, 22, 0, 59, 51, 0
185, 22, 1, 59, 52, 0
185, 22, 2, 59, 53, 0
185, 22, 2, 59, 54, 0
185, 22, 3, 59, 55, 0
185, 22, 0, 59, 59, 0
185, 22, 1, 60, 12, 0
185, 22, 3, 60, 21, 0
185, 22, 0, 60, 40, 0
185, 22, 3, 60, 42, 0
185, 22, 0, 60, 54, 0
185, 22, 3, 60, 55, 0
185, 22, 3, 60, 57, 0
185, 22, 0, 60, 59, 0
185, 22, 0, 61, 13, 0
185, 22, 3, 61, 14, 0
185, 22, 3, 61, 15, 0
185, 22, 2, 61, 18, 0
185, 22, 2, 61, 19, 0
185, 22, 1, 61, 30, 0
185, 22, 3, 61, 39, 0
185, 22, 0, 61, 40, 0
185, 22, 1, 61, 54, 0
185, 22, 1, 61, 55, 0
185, 22, 2, 61, 56, 0
185, 22, 3, 61, 57, 0
185, 22, 2, 62, 39, 0
186, 22, 0, 3, 28, 0
186, 22, 1, 4, 10, 0
186, 22, 1, 4, 24, 0
186, 22, 1, 5, 34, 0
186, 22, 0, 5, 54, 0
186, 22, 1, 6, 31, 0
186, 22, 0, 7, 5, 0
186, 22, 2, 8, 13, 0
186, 22, 0, 9, 27, 0
186, 22, 3, 9, 52, 0
186, 22, 3, 10, 3, 0
186, 22, 1, 10, 29, 0
186, 22, 3, 11, 20, 0
186, 22, 2, 12, 48, 0
186, 22, 1, 12, 50, 0
186, 22, 2, 13, 32, 0
186, 22, 2, 16, 2, 0
186, 22, 1, 16, 11, 0
186, 22, 2, 16, 24, 0
186, 22, 2, 16, 48, 0
186, 22, 2, 16, 54, 0
186, 22, 1, 16, 59, 0
186, 22, 1, 18, 34, 0
186, 22, 0, 18, 53, 0
186, 22, 0, 19, 32, 0
186, 22, 0, 20, 15, 0
186, 22, 0, 20, 45, 0
186, 22, 3, 20, 48, 0
186, 22, 2, 20, 59, 0
186, 22, 3, 21, 32, 0
186, 22, 1, 23, 51, 0
186, 22, 1, 24, 26, 0
186, 22, 2, 24, 32, 0
186, 22, 3, 26, 38, 0
186, 22, 2, 26, 52, 0
186, 22, 0, 26, 57, 0
186, 22, 3, 27, 20, 0
186, 22, 0, 27, 29, 0
186, 22, 3, 27, 45, 0
186, 22, 0, 27, 48, 0
186, 22, 0, 28, 24, 0
186, 22, 0, 28, 36, 0
186, 22, 3, 30, 13, 0
186, 22, 1, 30, 27, 0
186, 22, 1, 30, 35, 0
186, 22, 2, 32, 10, 0
186, 22, 1, 32, 42, 0
186, 22, 3, 32, 49, 0
186, 22, 3, 32, 60, 0
186, 22, 0, 33, 21, 0
186, 22, 2, 33, 31, 0
186, 22, 0, 33, 50, 0
186, 22, 1, 34, 11, 0
186, 22, 2, 34, 37, 0
186, 22, 3, 35, 31, 0
186, 22, 0, 36, 33, 0
186, 22, 3, 36, 39, 0
186, 22, 1, 36, 51, 0
186, 22, 2, 38, 45, 0
186, 22, 2, 38, 48, 0
186, 22, 1, 38, 52, 0
186, 22, 0, 39, 40, 0
186, 22, 1, 40, 54, 0
186, 22, 3, 41, 17, 0
186, 22, 1, 41, 28, 0
186, 22, 3, 41, 50, 0
186, 22, 0, 42, 29, 0
186, 22, 3, 43, 35, 0
186, 22, 3, 44, 10, 0
186, 22, 1, 44, 44, 0
186, 22, 1, 44, 59, 0
186, 22, 2, 45, 1, 0
186, 22, 2, 45, 61, 0
186, 22, 1, 47, 14, 0
186, 22, 0, 47, 38, 0
186, 22, 1, 48, 5, 0
186, 22, 1, 48, 18, 0
186, 22, 1, 48, 53, 0
186, 22, 0, 50, 60, 0
186, 22, 0, 51, 2, 0
186, 22, 3, 53, 6, 0
186, 22, 3, 53, 30, 0
186, 22, 0, 56, 14, 0
186, 22, 3, 56, 51, 0
186, 22, 2, 57, 11, 0
186, 22, 3, 57, 17, 0
186, 22, 2, 57, 20, 0
186, 22, 3, 57, 59, 0
186, 22, 1, 58, 25, 0
186, 22, 2, 58, 35, 0
186, 22, 2, 58, 36, 0
186, 22, 1, 60, 39, 0
186, 22, 2, 60, 56, 0
541, 10, 2, 6, 27, 0
541, 10, 2, 10, 13, 0
541, 10, 2, 11, 53, 0
541, 10, 1, 13, 37, 0
541, 10, 3, 16, 20, 0
541, 10, 2, 17, 7, 0
541, 10, 0, 20, 52, 0
541, 10, 0, 33, 13, 0
541, 10, 1, 33, 33, 0
541, 10, 1, 34, 22, 0
541, 10, 3, 35, 52, 0
541, 10, 2, 36, 44, 0
541, 10, 3, 43, 9, 0
541, 10, 3, 47, 3, 0
541, 10, 2, 47, 44, 0
541, 10, 2, 49, 25, 0
541, 10, 0, 56, 25, 0
541, 10, 3, 56, 32, 0
541, 10, 1, 57, 12, 0
542, 10, 3, 6, 28, 0
542, 10, 2, 7, 27, 0
542, 10, 0, 10, 12, 0
542, 10, 3, 10, 54, 0
542, 10, 3, 11, 13, 0
542, 10, 2, 11, 52, 0
542, 10, 3, 12, 37, 0
542, 10, 0, 12, 54, 0
542, 10, 1, 14, 37, 0
542, 10, 1, 15, 19, 0
542, 10, 1, 16, 8, 0
542, 10, 2, 19, 7, 0
542, 10, 1, 19, 53, 0
542, 10, 0, 20, 51, 0
542, 10, 2, 32, 14, 0
542, 10, 1, 32, 32, 0
542, 10, 1, 33, 12, 0
542, 10, 0, 33, 23, 0
542, 10, 2, 33, 34, 0
542, 10, 0, 34, 32, 0
542, 10, 3, 34, 53, 0
542, 10, 3, 35, 21, 0
542, 10, 3, 35, 44, 0
542, 10, 2, 35, 51, 0
542, 10, 2, 36, 43, 0
542, 10, 0, 37, 45, 0
542, 10, 1, 37, 51, 0
542, 10, 3, 41, 34, 0
542, 10, 0, 42, 10, 0
542, 10, 0, 43, 8, 0
542, 10, 0, 43, 36, 0
542, 10, 2, 46, 45, 0
542, 10, 2, 47, 2, 0
542, 10, 2, 47, 4, 0
542, 10, 3, 49, 26, 0
542, 10, 0, 50, 24, 0
542, 10, 2, 55, 31, 0
542, 10, 3, 56, 11, 0
542, 10, 2, 56, 24, 0
542, 10, 1, 56, 33, 0
542, 10, 1, 57, 26, 0
542, 10, 1, 58, 13, 0
550, 10, 1, 1, 29, 0
550, 10, 2, 2, 22, 0
550, 10, 1, 4, 7, 0
550, 10, 2, 7, 40, 0
550, 10, 3, 9, 17, 0
550, 10, 0, 17, 48, 0
550, 10, 2, 25, 59, 0
550, 10, 2, 32, 2, 0
550, 10, 2, 38, 54, 0
550, 10, 3, 39, 45, 0
550, 10, 1, 50, 32, 0
550, 10, 1, 54, 3, 0
550, 10, 0, 60, 15, 0
550, 10, 2, 60, 34, 0
551, 10, 3, 3, 25, 0
551, 10, 0, 3, 32, 0
551, 10, 3, 6, 9, 0
551, 10, 0, 10, 15, 0
551, 10, 0, 10, 39, 0
551, 10, 1, 19, 46, 0
551, 10, 2, 20, 33, 0
551, 10, 3, 22, 56, 0
551, 10, 0, 27, 50, 0
551, 10, 3, 28, 26, 0
551, 10, 2, 30, 4, 0
551, 10, 1, 33, 39, 0
551, 10, 1, 39, 42, 0
551, 10, 2, 40, 52, 0
551, 10, 1, 43, 2, 0
551, 10, 0, 45, 5, 0
551, 10, 3, 51, 30, 0
551, 10, 0, 55, 5, 0
551, 10, 0, 59, 17, 0
551, 10, 1, 59, 32, 0
551, 10, 2, 60, 36, 0
660, 10, 0, 53, 45, 0
660, 10, 2, 60, 53, 0
661, 10, 3, 42, 60, 0
661, 10, 1, 51, 40, 0
661, 10, 0, 53, 62, 0
661, 10, 1, 60, 51, 0
661, 10, 1, 61, 58, 0
662, 10, 3, 46, 56, 0
1459, 1, 1, 0, 6, 0
1459, 0, 2, 0, 7, 0
1459, 0, 2, 0, 8, 0
1459, 0, 2, 0, 9, 0
1459, 1, 2, 0, 10, 0
1459, 1, 1, 0, 26, 0
1459, 0, 2, 0, 27, 0
1459, 0, 2, 0, 28, 0
1459, 0, 2, 0, 29, 0
1459, 0, 2, 0, 30, 0
1459, 0, 2, 0, 31, 0
1459, 0, 2, 0, 32, 0
1459, 1, 2, 0, 33, 0
1459, 1, 1, 0, 58, 0
1459, 1, 2, 0, 60, 0
1459, 1, 2, 1, 0, 0
1459, 1, 1, 1, 5, 0
1459, 9, 1, 1, 6, 0
1459, 9, 2, 1, 10, 0
1459, 1, 2, 1, 11, 0
1459, 1, 1, 1, 21, 0
1459, 0, 2, 1, 22, 0
1459, 0, 2, 1, 23, 0
1459, 0, 2, 1, 24, 0
1459, 0, 2, 1, 25, 0
1459, 9, 1, 1, 26, 0
1459, 9, 2, 1, 33, 0
1459, 1, 2, 1, 34, 0
1459, 0, 1, 1, 58, 0
1459, 9, 2, 1, 60, 0
1459, 1, 2, 1, 61, 0
1459, 9, 2, 2, 0, 0
1459, 0, 2, 2, 1, 0
1459, 0, 2, 2, 2, 0
1459, 0, 2, 2, 3, 0
1459, 0, 2, 2, 4, 0
1459, 9, 1, 2, 5, 0
1459, 9, 2, 2, 11, 0
1459, 1, 2, 2, 12, 0
1459, 1, 1, 2, 20, 0
1459, 9, 1, 2, 21, 0
1459, 9, 2, 2, 34, 0
1459, 1, 2, 2, 35, 0
1459, 1, 1, 2, 52, 0
1459, 0, 2, 2, 53, 0
1459, 0, 2, 2, 54, 0
1459, 0, 2, 2, 55, 0
1459, 1, 2, 2, 56, 0
1459, 0, 1, 2, 58, 0
1459, 0, 3, 2, 61, 0
1459, 9, 2, 3, 12, 0
1459, 0, 2, 3, 13, 0
1459, 0, 2, 3, 14, 0
1459, 1, 2, 3, 15, 0
1459, 0, 1, 3, 20, 0
1459, 9, 2, 3, 35, 0
1459, 0, 2, 3, 36, 0
1459, 0, 2, 3, 37, 0
1459, 0, 2, 3, 38, 0
1459, 0, 2, 3, 39, 0
1459, 1, 2, 3, 40, 0
1459, 1, 1, 3, 50, 0
1459, 0, 2, 3, 51, 0
1459, 9, 1, 3, 52, 0
1459, 9, 2, 3, 56, 0
1459, 1, 2, 3, 57, 0
1459, 0, 1, 3, 58, 0
1459, 0, 3, 3, 61, 0
1459, 9, 2, 4, 15, 0
1459, 0, 2, 4, 16, 0
1459, 1, 2, 4, 17, 0
1459, 1, 1, 4, 19, 0
1459, 9, 1, 4, 20, 0
1459, 9, 2, 4, 40, 0
1459, 1, 2, 4, 41, 0
1459, 1, 1, 4, 49, 0
1459, 9, 1, 4, 50, 0
1459, 9, 2, 4, 57, 0
1459, 9, 1, 4, 58, 0
1459, 9, 3, 4, 60, 0
1459, 1, 3, 4, 61, 0
1459, 9, 2, 5, 17, 0
1459, 0, 2, 5, 18, 0
1459, 9, 1, 5, 19, 0
1459, 9, 2, 5, 41, 0
1459, 1, 2, 5, 42, 0
1459, 1, 0, 5, 49, 0
1459, 9, 0, 5, 50, 0
1459, 0, 3, 5, 60, 0
1459, 0, 3, 6, 42, 0
1459, 0, 1, 6, 50, 0
1459, 9, 3, 6, 53, 0
1459, 0, 0, 6, 54, 0
1459, 0, 0, 6, 55, 0
1459, 0, 0, 6, 56, 0
1459, 9, 0, 6, 57, 0
1459, 0, 3, 6, 60, 0
1459, 0, 3, 7, 42, 0
1459, 1, 1, 7, 48, 0
1459, 0, 2, 7, 49, 0
1459, 9, 1, 7, 50, 0
1459, 0, 3, 7, 53, 0
1459, 1, 0, 7, 57, 0
1459, 9, 0, 7, 58, 0
1459, 9, 3, 7, 59, 0
1459, 1, 3, 7, 60, 0
1459, 9, 2, 8, 42, 0
1459, 0, 2, 8, 43, 0
1459, 1, 2, 8, 44, 0
1459, 1, 1, 8, 47, 0
1459, 9, 1, 8, 48, 0
1459, 9, 2, 8, 53, 0
1459, 0, 2, 8, 54, 0
1459, 0, 2, 8, 55, 0
1459, 1, 2, 8, 56, 0
1459, 1, 0, 8, 58, 0
1459, 1, 3, 8, 59, 0
1459, 9, 2, 9, 44, 0
1459, 0, 2, 9, 45, 0
1459, 0, 2, 9, 46, 0
1459, 9, 1, 9, 47, 0
1459, 9, 2, 9, 56, 0
1459, 1, 2, 9, 57, 0
1459, 0, 3, 10, 57, 0
1459, 9, 2, 11, 57, 0
1459, 1, 2, 11, 58, 0
1459, 9, 2, 12, 58, 0
1459, 0, 2, 12, 59, 0
1459, 1, 2, 12, 60, 0
1459, 9, 2, 13, 60, 0
1459, 1, 2, 13, 61, 0
1459, 0, 3, 14, 61, 0
1459, 0, 3, 15, 61, 0
1459, 9, 2, 16, 61, 0
1459, 1, 2, 16, 62, 0
1459, 0, 3, 17, 62, 0
1459, 0, 3, 18, 62, 0
1459, 9, 2, 19, 62, 0
1459, 1, 2, 19, 63, 0
1459, 0, 3, 20, 63, 0
1459, 0, 3, 21, 63, 0
1459, 9, 3, 22, 62, 0
1459, 1, 3, 22, 63, 0
1459, 0, 3, 23, 62, 0
1459, 9, 3, 24, 61, 0
1459, 1, 3, 24, 62, 0
1459, 0, 3, 25, 61, 0
1459, 0, 3, 26, 61, 0
1459, 0, 3, 27, 61, 0
1459, 9, 2, 28, 61, 0
1459, 1, 2, 28, 62, 0
1459, 9, 2, 29, 62, 0
1459, 1, 2, 29, 63, 0
1459, 0, 3, 30, 63, 0
1459, 0, 3, 31, 63, 0
1459, 0, 3, 32, 63, 0
1459, 9, 3, 33, 62, 0
1459, 1, 3, 33, 63, 0
1459, 0, 3, 34, 62, 0
1459, 0, 3, 35, 62, 0
1459, 0, 3, 36, 62, 0
1459, 9, 3, 37, 27, 0
1459, 0, 0, 37, 28, 0
1459, 0, 0, 37, 29, 0
1459, 9, 0, 37, 30, 0
1459, 9, 3, 37, 35, 0
1459, 0, 0, 37, 36, 0
1459, 9, 0, 37, 37, 0
1459, 9, 3, 37, 61, 0
1459, 1, 3, 37, 62, 0
1459, 9, 3, 38, 25, 0
1459, 0, 0, 38, 26, 0
1459, 1, 3, 38, 27, 0
1459, 1, 0, 38, 30, 0
1459, 0, 0, 38, 31, 0
1459, 0, 0, 38, 32, 0
1459, 0, 0, 38, 33, 0
1459, 0, 0, 38, 34, 0
1459, 1, 3, 38, 35, 0
1459, 0, 1, 38, 37, 0
1459, 9, 3, 38, 59, 0
1459, 0, 0, 38, 60, 0
1459, 1, 3, 38, 61, 0
1459, 0, 3, 39, 25, 0
1459, 1, 1, 39, 31, 0
1459, 0, 2, 39, 32, 0
1459, 1, 2, 39, 33, 0
1459, 0, 1, 39, 37, 0
1459, 9, 3, 39, 57, 0
1459, 0, 0, 39, 58, 0
1459, 1, 3, 39, 59, 0
1459, 9, 2, 40, 25, 0
1459, 0, 2, 40, 26, 0
1459, 0, 2, 40, 27, 0
1459, 0, 2, 40, 28, 0
1459, 0, 2, 40, 29, 0
1459, 0, 2, 40, 30, 0
1459, 9, 1, 40, 31, 0
1459, 9, 2, 40, 33, 0
1459, 0, 2, 40, 34, 0
1459, 1, 2, 40, 35, 0
1459, 1, 0, 40, 37, 0
1459, 9, 0, 40, 38, 0
1459, 9, 3, 40, 55, 0
1459, 0, 0, 40, 56, 0
1459, 1, 3, 40, 57, 0
1459, 9, 2, 41, 35, 0
1459, 0, 2, 41, 36, 0
1459, 1, 2, 41, 37, 0
1459, 1, 0, 41, 38, 0
1459, 9, 0, 41, 39, 0
1459, 9, 3, 41, 42, 0
1459, 0, 0, 41, 43, 0
1459, 0, 0, 41, 44, 0
1459, 0, 0, 41, 45, 0
1459, 9, 0, 41, 46, 0
1459, 9, 3, 41, 54, 0
1459, 1, 3, 41, 55, 0
1459, 1, 1, 41, 58, 0
1459, 0, 2, 41, 59, 0
1459, 0, 2, 41, 60, 0
1459, 0, 2, 41, 61, 0
1459, 1, 2, 41, 62, 0
1459, 9, 2, 42, 37, 0
1459, 1, 2, 42, 38, 0
1459, 1, 0, 42, 39, 0
1459, 0, 0, 42, 40, 0
1459, 0, 0, 42, 41, 0
1459, 1, 3, 42, 42, 0
1459, 1, 1, 42, 43, 0
1459, 0, 2, 42, 44, 0
1459, 1, 2, 42, 45, 0
1459, 1, 0, 42, 46, 0
1459, 9, 0, 42, 47, 0
1459, 0, 3, 42, 54, 0
1459, 1, 1, 42, 57, 0
1459, 9, 1, 42, 58, 0
1459, 9, 2, 42, 62, 0
1459, 1, 2, 42, 63, 0
1459, 9, 3, 43, 25, 0
1459, 0, 0, 43, 26, 0
1459, 0, 0, 43, 27, 0
1459, 0, 0, 43, 28, 0
1459, 0, 0, 43, 29, 0
1459, 9, 0, 43, 30, 0
1459, 9, 2, 43, 38, 0
1459, 1, 2, 43, 39, 0
1459, 1, 1, 43, 41, 0
1459, 0, 2, 43, 42, 0
1459, 9, 1, 43, 43, 0
1459, 9, 2, 43, 45, 0
1459, 1, 2, 43, 46, 0
1459, 0, 1, 43, 47, 0
1459, 9, 3, 43, 53, 0
1459, 1, 3, 43, 54, 0
1459, 0, 1, 43, 57, 0
1459, 0, 3, 43, 63, 0
1459, 0, 3, 44, 25, 0
1459, 1, 0, 44, 30, 0
1459, 9, 0, 44, 31, 0
1459, 9, 2, 44, 39, 0
1459, 0, 2, 44, 40, 0
1459, 9, 1, 44, 41, 0
1459, 0, 3, 44, 46, 0
1459, 0, 1, 44, 47, 0
1459, 9, 3, 44, 52, 0
1459, 1, 3, 44, 53, 0
1459, 0, 1, 44, 57, 0
1459, 0, 3, 44, 63, 0
1459, 9, 2, 45, 25, 0
1459, 0, 2, 45, 26, 0
1459, 0, 2, 45, 27, 0
1459, 0, 2, 45, 28, 0
1459, 1, 2, 45, 29, 0
1459, 1, 0, 45, 31, 0
1459, 0, 0, 45, 32, 0
1459, 0, 0, 45, 33, 0
1459, 9, 0, 45, 34, 0
1459, 0, 3, 45, 46, 0
1459, 1, 0, 45, 47, 0
1459, 9, 0, 45, 48, 0
1459, 9, 3, 45, 51, 0
1459, 1, 3, 45, 52, 0
1459, 1, 1, 45, 54, 0
1459, 0, 2, 45, 55, 0
1459, 0, 2, 45, 56, 0
1459, 9, 1, 45, 57, 0
1459, 0, 3, 45, 63, 0
1459, 9, 2, 46, 29, 0
1459, 1, 2, 46, 30, 0
1459, 1, 0, 46, 34, 0
1459, 9, 0, 46, 35, 0
1459, 0, 3, 46, 46, 0
1459, 1, 0, 46, 48, 0
1459, 0, 0, 46, 49, 0
1459, 0, 0, 46, 50, 0
1459, 1, 3, 46, 51, 0
1459, 1, 1, 46, 53, 0
1459, 9, 1, 46, 54, 0
1459, 9, 3, 46, 62, 0
1459, 1, 3, 46, 63, 0
1459, 9, 2, 47, 30, 0
1459, 1, 2, 47, 31, 0
1459, 1, 0, 47, 35, 0
1459, 0, 0, 47, 36, 0
1459, 9, 0, 47, 37, 0
1459, 9, 2, 47, 46, 0
1459, 1, 2, 47, 47, 0
1459, 1, 1, 47, 52, 0
1459, 9, 1, 47, 53, 0
1459, 0, 3, 47, 62, 0
1459, 9, 2, 48, 31, 0
1459, 0, 2, 48, 32, 0
1459, 0, 2, 48, 33, 0
1459, 1, 2, 48, 34, 0
1459, 1, 0, 48, 37, 0
1459, 9, 0, 48, 38, 0
1459, 9, 2, 48, 47, 0
1459, 1, 2, 48, 48, 0
1459, 1, 1, 48, 51, 0
1459, 9, 1, 48, 52, 0
1459, 0, 3, 48, 62, 0
1459, 9, 2, 49, 34, 0
1459, 1, 2, 49, 35, 0
1459, 0, 1, 49, 38, 0
1459, 9, 2, 49, 48, 0
1459, 0, 2, 49, 49, 0
1459, 0, 2, 49, 50, 0
1459, 9, 1, 49, 51, 0
1459, 0, 3, 49, 62, 0
1459, 0, 3, 50, 35, 0
1459, 1, 0, 50, 38, 0
1459, 9, 0, 50, 39, 0
1459, 9, 2, 50, 62, 0
1459, 1, 2, 50, 63, 0
1459, 0, 3, 51, 35, 0
1459, 0, 1, 51, 39, 0
1459, 9, 3, 51, 41, 0
1459, 0, 0, 51, 42, 0
1459, 9, 0, 51, 43, 0
1459, 0, 3, 51, 63, 0
1459, 9, 2, 52, 35, 0
1459, 1, 2, 52, 36, 0
1459, 1, 0, 52, 39, 0
1459, 0, 0, 52, 40, 0
1459, 1, 3, 52, 41, 0
1459, 1, 0, 52, 43, 0
1459, 9, 0, 52, 44, 0
1459, 0, 3, 52, 63, 0
1459, 9, 2, 53, 36, 0
1459, 0, 2, 53, 37, 0
1459, 0, 2, 53, 38, 0
1459, 1, 2, 53, 39, 0
1459, 0, 1, 53, 44, 0
1459, 0, 3, 53, 63, 0
1459, 0, 3, 54, 39, 0
1459, 1, 0, 54, 44, 0
1459, 9, 0, 54, 45, 0
1459, 0, 3, 54, 63, 0
1459, 9, 2, 55, 39, 0
1459, 0, 2, 55, 40, 0
1459, 1, 2, 55, 41, 0
1459, 1, 0, 55, 45, 0
1459, 9, 0, 55, 46, 0
1459, 9, 3, 55, 62, 0
1459, 1, 3, 55, 63, 0
1459, 0, 3, 56, 41, 0
1459, 1, 0, 56, 46, 0
1459, 9, 0, 56, 47, 0
1459, 9, 3, 56, 61, 0
1459, 1, 3, 56, 62, 0
1459, 9, 3, 57, 0, 0
1459, 0, 0, 57, 1, 0
1459, 0, 0, 57, 2, 0
1459, 9, 0, 57, 3, 0
1459, 9, 2, 57, 41, 0
1459, 1, 2, 57, 42, 0
1459, 0, 1, 57, 47, 0
1459, 0, 3, 57, 61, 0
1459, 1, 3, 58, 0, 0
1459, 1, 0, 58, 3, 0
1459, 9, 0, 58, 4, 0
1459, 9, 2, 58, 42, 0
1459, 0, 2, 58, 43, 0
1459, 1, 2, 58, 44, 0
1459, 0, 1, 58, 47, 0
1459, 0, 3, 58, 61, 0
1459, 1, 0, 59, 4, 0
1459, 0, 0, 59, 5, 0
1459, 0, 0, 59, 6, 0
1459, 0, 0, 59, 7, 0
1459, 9, 0, 59, 8, 0
1459, 9, 3, 59, 24, 0
1459, 0, 0, 59, 25, 0
1459, 0, 0, 59, 26, 0
1459, 9, 0, 59, 27, 0
1459, 9, 2, 59, 44, 0
1459, 1, 2, 59, 45, 0
1459, 1, 0, 59, 47, 0
1459, 9, 0, 59, 48, 0
1459, 0, 3, 59, 61, 0
1459, 1, 0, 60, 8, 0
1459, 9, 0, 60, 9, 0
1459, 9, 3, 60, 23, 0
1459, 1, 3, 60, 24, 0
1459, 0, 1, 60, 27, 0
1459, 0, 3, 60, 45, 0
1459, 1, 0, 60, 48, 0
1459, 9, 0, 60, 49, 0
1459, 9, 3, 60, 60, 0
1459, 1, 3, 60, 61, 0
1459, 1, 0, 61, 9, 0
1459, 0, 0, 61, 10, 0
1459, 0, 0, 61, 11, 0
1459, 9, 0, 61, 12, 0
1459, 9, 3, 61, 21, 0
1459, 0, 0, 61, 22, 0
1459, 1, 3, 61, 23, 0
1459, 1, 0, 61, 27, 0
1459, 9, 0, 61, 28, 0
1459, 9, 3, 61, 44, 0
1459, 1, 3, 61, 45, 0
1459, 1, 0, 61, 49, 0
1459, 0, 0, 61, 50, 0
1459, 0, 0, 61, 51, 0
1459, 0, 0, 61, 52, 0
1459, 9, 0, 61, 53, 0
1459, 9, 3, 61, 59, 0
1459, 1, 3, 61, 60, 0
1459, 0, 1, 62, 12, 0
1459, 9, 3, 62, 16, 0
1459, 0, 0, 62, 17, 0
1459, 0, 0, 62, 18, 0
1459, 0, 0, 62, 19, 0
1459, 0, 0, 62, 20, 0
1459, 1, 3, 62, 21, 0
1459, 1, 0, 62, 28, 0
1459, 9, 0, 62, 29, 0
1459, 9, 3, 62, 32, 0
1459, 0, 0, 62, 33, 0
1459, 0, 0, 62, 34, 0
1459, 0, 0, 62, 35, 0
1459, 0, 0, 62, 36, 0
1459, 9, 0, 62, 37, 0
1459, 9, 3, 62, 41, 0
1459, 0, 0, 62, 42, 0
1459, 0, 0, 62, 43, 0
1459, 1, 3, 62, 44, 0
1459, 1, 0, 62, 53, 0
1459, 0, 0, 62, 54, 0
1459, 0, 0, 62, 55, 0
1459, 0, 0, 62, 56, 0
1459, 0, 0, 62, 57, 0
1459, 0, 0, 62, 58, 0
1459, 1, 3, 62, 59, 0
1459, 1, 0, 63, 12, 0
1459, 0, 0, 63, 13, 0
1459, 0, 0, 63, 14, 0
1459, 0, 0, 63, 15, 0
1459, 1, 3, 63, 16, 0
1459, 1, 0, 63, 29, 0
1459, 0, 0, 63, 30, 0
1459, 0, 0, 63, 31, 0
1459, 1, 3, 63, 32, 0
1459, 1, 0, 63, 37, 0
1459, 0, 0, 63, 38, 0
1459, 0, 0, 63, 39, 0
1459, 0, 0, 63, 40, 0
1459, 1, 3, 63, 41, 0
1460, 10, 2, 1, 57, 0
1460, 10, 3, 2, 57, 0
1460, 10, 3, 4, 18, 0
1460, 10, 3, 6, 49, 0
1460, 10, 3, 7, 54, 0
1460, 10, 3, 7, 55, 0
1460, 10, 3, 7, 56, 0
1460, 10, 3, 8, 57, 0
1460, 10, 0, 8, 60, 0
1460, 10, 3, 9, 58, 0
1460, 10, 3, 9, 59, 0
1460, 10, 3, 9, 60, 0
1460, 10, 3, 10, 58, 0
1460, 10, 3, 10, 59, 0
1460, 10, 3, 10, 60, 0
1460, 10, 3, 11, 59, 0
1460, 10, 3, 11, 60, 0
1460, 10, 0, 38, 28, 0
1460, 10, 0, 38, 29, 0
1460, 10, 0, 38, 36, 0
1460, 10, 2, 38, 62, 0
1460, 10, 0, 39, 26, 0
1460, 10, 0, 39, 27, 0
1460, 10, 0, 39, 28, 0
1460, 10, 0, 39, 29, 0
1460, 10, 0, 39, 30, 0
1460, 10, 0, 39, 34, 0
1460, 10, 0, 39, 35, 0
1460, 10, 0, 39, 36, 0
1460, 10, 0, 39, 60, 0
1460, 10, 0, 39, 61, 0
1460, 10, 0, 39, 62, 0
1460, 10, 0, 40, 36, 0
1460, 10, 2, 40, 58, 0
1460, 10, 0, 40, 59, 0
1460, 10, 0, 40, 60, 0
1460, 10, 0, 40, 61, 0
1460, 10, 0, 40, 62, 0
1460, 10, 0, 41, 56, 0
1460, 10, 2, 41, 57, 0
1460, 10, 0, 42, 55, 0
1460, 10, 0, 42, 56, 0
1460, 10, 0, 43, 40, 0
1460, 10, 0, 43, 55, 0
1460, 10, 0, 43, 56, 0
1460, 10, 0, 44, 26, 0
1460, 10, 0, 44, 27, 0
1460, 10, 0, 44, 28, 0
1460, 10, 0, 44, 29, 0
1460, 10, 0, 44, 54, 0
1460, 10, 0, 44, 55, 0
1460, 10, 0, 44, 56, 0
1460, 10, 0, 45, 30, 0
1460, 10, 0, 45, 53, 0
1460, 10, 0, 46, 31, 0
1460, 10, 0, 46, 32, 0
1460, 10, 0, 46, 33, 0
1460, 10, 0, 46, 47, 0
1460, 10, 0, 46, 52, 0
1460, 10, 0, 47, 32, 0
1460, 10, 0, 47, 33, 0
1460, 10, 0, 47, 34, 0
1460, 10, 0, 47, 48, 0
1460, 10, 0, 47, 49, 0
1460, 10, 0, 47, 50, 0
1460, 10, 0, 47, 51, 0
1460, 10, 0, 48, 35, 0
1460, 10, 0, 48, 36, 0
1460, 10, 0, 48, 49, 0
1460, 10, 0, 48, 50, 0
1460, 10, 0, 49, 36, 0
1460, 10, 0, 49, 37, 0
1460, 10, 0, 50, 36, 0
1460, 10, 0, 50, 37, 0
1460, 10, 0, 51, 36, 0
1460, 10, 0, 51, 37, 0
1460, 10, 0, 51, 38, 0
1460, 10, 0, 52, 37, 0
1460, 10, 0, 52, 38, 0
1460, 10, 0, 52, 42, 0
1460, 10, 0, 53, 40, 0
1460, 10, 0, 53, 41, 0
1460, 10, 0, 53, 42, 0
1460, 10, 0, 53, 43, 0
1460, 10, 0, 54, 40, 0
1460, 10, 0, 54, 41, 0
1460, 10, 0, 54, 42, 0
1460, 10, 0, 54, 43, 0
1460, 10, 0, 55, 42, 0
1460, 10, 0, 55, 43, 0
1460, 10, 0, 55, 44, 0
1460, 10, 0, 56, 42, 0
1460, 10, 0, 56, 43, 0
1460, 10, 0, 56, 44, 0
1460, 10, 0, 56, 45, 0
1460, 10, 0, 57, 43, 0
1460, 10, 0, 57, 44, 0
1460, 10, 0, 57, 45, 0
1460, 10, 0, 57, 46, 0
1460, 10, 0, 58, 45, 0
1460, 10, 0, 58, 46, 0
1460, 10, 0, 59, 46, 0
1460, 10, 0, 60, 25, 0
1460, 10, 0, 60, 26, 0
1460, 10, 0, 60, 46, 0
1460, 10, 0, 60, 47, 0
1460, 10, 0, 0, 0, 1
1460, 10, 0, 0, 1, 1
1460, 10, 0, 0, 2, 1
1460, 10, 0, 0, 3, 1
1460, 10, 0, 0, 4, 1
1460, 10, 0, 0, 5, 1
1460, 10, 0, 0, 11, 1
1460, 10, 0, 0, 12, 1
1460, 10, 0, 0, 13, 1
1460, 10, 0, 0, 14, 1
1460, 10, 0, 0, 15, 1
1460, 10, 0, 0, 16, 1
1460, 10, 0, 0, 17, 1
1460, 10, 0, 0, 18, 1
1460, 10, 0, 0, 19, 1
1460, 10, 0, 0, 20, 1
1460, 10, 0, 0, 21, 1
1460, 10, 0, 0, 22, 1
1460, 10, 0, 0, 23, 1
1460, 10, 0, 0, 24, 1
1460, 10, 0, 0, 25, 1
1460, 10, 0, 0, 34, 1
1460, 10, 0, 0, 35, 1
1460, 10, 0, 0, 36, 1
1460, 10, 0, 0, 37, 1
1460, 10, 0, 0, 38, 1
1460, 10, 0, 0, 39, 1
1460, 10, 0, 0, 40, 1
1460, 10, 0, 0, 41, 1
1460, 10, 0, 0, 42, 1
1460, 10, 0, 0, 43, 1
1460, 10, 0, 0, 44, 1
1460, 10, 0, 0, 45, 1
1460, 10, 0, 0, 46, 1
1460, 10, 0, 0, 47, 1
1460, 10, 0, 0, 48, 1
1460, 10, 0, 0, 49, 1
1460, 10, 0, 0, 50, 1
1460, 10, 0, 0, 51, 1
1460, 10, 0, 0, 52, 1
1460, 10, 0, 0, 53, 1
1460, 10, 0, 0, 54, 1
1460, 10, 0, 0, 55, 1
1460, 10, 0, 0, 56, 1
1460, 10, 0, 0, 57, 1
1460, 10, 0, 0, 61, 1
1460, 10, 0, 0, 62, 1
1460, 10, 0, 0, 63, 1
1460, 10, 0, 1, 1, 1
1460, 10, 0, 1, 2, 1
1460, 10, 0, 1, 3, 1
1460, 10, 0, 1, 4, 1
1460, 10, 0, 1, 12, 1
1460, 10, 0, 1, 13, 1
1460, 10, 0, 1, 14, 1
1460, 10, 0, 1, 15, 1
1460, 10, 0, 1, 16, 1
1460, 10, 0, 1, 17, 1
1460, 10, 0, 1, 18, 1
1460, 10, 0, 1, 19, 1
1460, 10, 0, 1, 20, 1
1460, 10, 0, 1, 35, 1
1460, 10, 0, 1, 36, 1
1460, 10, 0, 1, 37, 1
1460, 10, 0, 1, 38, 1
1460, 10, 0, 1, 39, 1
1460, 10, 0, 1, 40, 1
1460, 10, 0, 1, 41, 1
1460, 10, 0, 1, 42, 1
1460, 10, 0, 1, 43, 1
1460, 10, 0, 1, 44, 1
1460, 10, 0, 1, 45, 1
1460, 10, 0, 1, 46, 1
1460, 10, 0, 1, 47, 1
1460, 10, 0, 1, 48, 1
1460, 10, 0, 1, 49, 1
1460, 10, 0, 1, 50, 1
1460, 10, 0, 1, 51, 1
1460, 10, 0, 1, 52, 1
1460, 10, 0, 1, 53, 1
1460, 10, 0, 1, 54, 1
1460, 10, 0, 1, 55, 1
1460, 10, 0, 1, 56, 1
1460, 10, 0, 1, 57, 1
1460, 10, 0, 1, 62, 1
1460, 10, 0, 1, 63, 1
1460, 10, 0, 2, 13, 1
1460, 10, 0, 2, 14, 1
1460, 10, 0, 2, 15, 1
1460, 10, 0, 2, 16, 1
1460, 10, 0, 2, 17, 1
1460, 10, 0, 2, 18, 1
1460, 10, 0, 2, 19, 1
1460, 10, 0, 2, 36, 1
1460, 10, 0, 2, 37, 1
1460, 10, 0, 2, 38, 1
1460, 10, 0, 2, 39, 1
1460, 10, 0, 2, 40, 1
1460, 10, 0, 2, 41, 1
1460, 10, 0, 2, 42, 1
1460, 10, 0, 2, 43, 1
1460, 10, 0, 2, 44, 1
1460, 10, 0, 2, 45, 1
1460, 10, 0, 2, 46, 1
1460, 10, 0, 2, 47, 1
1460, 10, 0, 2, 48, 1
1460, 10, 0, 2, 49, 1
1460, 10, 0, 2, 50, 1
1460, 10, 0, 2, 51, 1
1460, 10, 0, 2, 57, 1
1460, 10, 0, 2, 62, 1
1460, 10, 0, 2, 63, 1
1460, 10, 0, 3, 16, 1
1460, 10, 0, 3, 17, 1
1460, 10, 0, 3, 18, 1
1460, 10, 0, 3, 19, 1
1460, 10, 0, 3, 41, 1
1460, 10, 0, 3, 42, 1
1460, 10, 0, 3, 43, 1
1460, 10, 0, 3, 44, 1
1460, 10, 0, 3, 45, 1
1460, 10, 0, 3, 46, 1
1460, 10, 0, 3, 47, 1
1460, 10, 0, 3, 48, 1
1460, 10, 0, 3, 49, 1
1460, 10, 0, 3, 62, 1
1460, 10, 0, 3, 63, 1
1460, 10, 0, 4, 18, 1
1460, 10, 0, 4, 42, 1
1460, 10, 0, 4, 43, 1
1460, 10, 0, 4, 44, 1
1460, 10, 0, 4, 45, 1
1460, 10, 0, 4, 46, 1
1460, 10, 0, 4, 47, 1
1460, 10, 0, 4, 48, 1
1460, 10, 0, 4, 62, 1
1460, 10, 0, 4, 63, 1
1460, 10, 0, 5, 43, 1
1460, 10, 0, 5, 44, 1
1460, 10, 0, 5, 45, 1
1460, 10, 0, 5, 46, 1
1460, 10, 0, 5, 47, 1
1460, 10, 0, 5, 48, 1
1460, 10, 0, 5, 61, 1
1460, 10, 0, 5, 62, 1
1460, 10, 0, 5, 63, 1
1460, 10, 0, 6, 43, 1
1460, 10, 0, 6, 44, 1
1460, 10, 0, 6, 45, 1
1460, 10, 0, 6, 46, 1
1460, 10, 0, 6, 47, 1
1460, 10, 0, 6, 48, 1
1460, 10, 0, 6, 49, 1
1460, 10, 0, 6, 61, 1
1460, 10, 0, 6, 62, 1
1460, 10, 0, 6, 63, 1
1460, 10, 0, 7, 43, 1
1460, 10, 0, 7, 44, 1
1460, 10, 0, 7, 45, 1
1460, 10, 0, 7, 46, 1
1460, 10, 0, 7, 47, 1
1460, 10, 0, 7, 54, 1
1460, 10, 0, 7, 55, 1
1460, 10, 0, 7, 56, 1
1460, 10, 0, 7, 61, 1
1460, 10, 0, 7, 62, 1
1460, 10, 0, 7, 63, 1
1460, 10, 0, 8, 45, 1
1460, 10, 0, 8, 46, 1
1460, 10, 0, 8, 57, 1
1460, 10, 0, 8, 60, 1
1460, 10, 0, 8, 61, 1
1460, 10, 0, 8, 62, 1
1460, 10, 0, 8, 63, 1
1460, 10, 0, 9, 58, 1
1460, 10, 0, 9, 59, 1
1460, 10, 0, 9, 60, 1
1460, 10, 0, 9, 61, 1
1460, 10, 0, 9, 62, 1
1460, 10, 0, 9, 63, 1
1460, 10, 0, 10, 58, 1
1460, 10, 0, 10, 59, 1
1460, 10, 0, 10, 60, 1
1460, 10, 0, 10, 61, 1
1460, 10, 0, 10, 62, 1
1460, 10, 0, 10, 63, 1
1460, 10, 0, 11, 59, 1
1460, 10, 0, 11, 60, 1
1460, 10, 0, 11, 61, 1
1460, 10, 0, 11, 62, 1
1460, 10, 0, 11, 63, 1
1460, 10, 0, 12, 61, 1
1460, 10, 0, 12, 62, 1
1460, 10, 0, 12, 63, 1
1460, 10, 0, 13, 62, 1
1460, 10, 0, 13, 63, 1
1460, 10, 0, 14, 62, 1
1460, 10, 0, 14, 63, 1
1460, 10, 0, 15, 62, 1
1460, 10, 0, 15, 63, 1
1460, 10, 0, 16, 63, 1
1460, 10, 0, 17, 63, 1
1460, 10, 0, 18, 63, 1
1460, 10, 0, 23, 63, 1
1460, 10, 0, 24, 63, 1
1460, 10, 0, 25, 62, 1
1460, 10, 0, 25, 63, 1
1460, 10, 0, 26, 62, 1
1460, 10, 0, 26, 63, 1
1460, 10, 0, 27, 62, 1
1460, 10, 0, 27, 63, 1
1460, 10, 0, 28, 63, 1
1460, 10, 0, 34, 63, 1
1460, 10, 0, 35, 63, 1
1460, 10, 0, 36, 63, 1
1460, 10, 0, 37, 63, 1
1460, 10, 0, 38, 28, 1
1460, 10, 0, 38, 29, 1
1460, 10, 0, 38, 36, 1
1460, 10, 0, 38, 62, 1
1460, 10, 0, 38, 63, 1
1460, 10, 0, 39, 26, 1
1460, 10, 0, 39, 27, 1
1460, 10, 0, 39, 28, 1
1460, 10, 0, 39, 29, 1
1460, 10, 0, 39, 30, 1
1460, 10, 0, 39, 34, 1
1460, 10, 0, 39, 35, 1
1460, 10, 0, 39, 36, 1
1460, 10, 0, 39, 60, 1
1460, 10, 0, 39, 61, 1
1460, 10, 0, 39, 62, 1
1460, 10, 0, 39, 63, 1
1460, 10, 0, 40, 36, 1
1460, 10, 3, 40, 58, 1
1460, 10, 0, 40, 59, 1
1460, 10, 0, 40, 60, 1
1460, 10, 0, 40, 61, 1
1460, 10, 0, 40, 62, 1
1460, 10, 0, 40, 63, 1
1460, 10, 0, 41, 56, 1
1460, 10, 0, 41, 57, 1
1460, 10, 0, 41, 63, 1
1460, 10, 0, 42, 55, 1
1460, 10, 0, 42, 56, 1
1460, 10, 0, 43, 40, 1
1460, 10, 0, 43, 55, 1
1460, 10, 0, 43, 56, 1
1460, 10, 0, 44, 26, 1
1460, 10, 0, 44, 27, 1
1460, 10, 0, 44, 28, 1
1460, 10, 0, 44, 29, 1
1460, 10, 0, 44, 54, 1
1460, 10, 0, 44, 55, 1
1460, 10, 0, 44, 56, 1
1460, 10, 0, 45, 30, 1
1460, 10, 0, 45, 53, 1
1460, 10, 0, 46, 31, 1
1460, 10, 0, 46, 32, 1
1460, 10, 0, 46, 33, 1
1460, 10, 0, 46, 47, 1
1460, 10, 0, 46, 52, 1
1460, 10, 0, 47, 32, 1
1460, 10, 0, 47, 33, 1
1460, 10, 0, 47, 34, 1
1460, 10, 0, 47, 48, 1
1460, 10, 0, 47, 49, 1
1460, 10, 0, 47, 50, 1
1460, 10, 0, 47, 51, 1
1460, 10, 0, 47, 63, 1
1460, 10, 0, 48, 35, 1
1460, 10, 0, 48, 36, 1
1460, 10, 0, 48, 49, 1
1460, 10, 0, 48, 50, 1
1460, 10, 0, 48, 63, 1
1460, 10, 0, 49, 36, 1
1460, 10, 0, 49, 37, 1
1460, 10, 0, 49, 63, 1
1460, 10, 0, 50, 36, 1
1460, 10, 0, 50, 37, 1
1460, 10, 0, 51, 36, 1
1460, 10, 0, 51, 37, 1
1460, 10, 0, 51, 38, 1
1460, 10, 0, 52, 37, 1
1460, 10, 0, 52, 38, 1
1460, 10, 0, 52, 42, 1
1460, 10, 0, 53, 40, 1
1460, 10, 0, 53, 41, 1
1460, 10, 0, 53, 42, 1
1460, 10, 0, 53, 43, 1
1460, 10, 0, 54, 40, 1
1460, 10, 0, 54, 41, 1
1460, 10, 0, 54, 42, 1
1460, 10, 0, 54, 43, 1
1460, 10, 0, 55, 42, 1
1460, 10, 0, 55, 43, 1
1460, 10, 0, 55, 44, 1
1460, 10, 0, 56, 42, 1
1460, 10, 0, 56, 43, 1
1460, 10, 0, 56, 44, 1
1460, 10, 0, 56, 45, 1
1460, 10, 0, 56, 63, 1
1460, 10, 0, 57, 43, 1
1460, 10, 0, 57, 44, 1
1460, 10, 0, 57, 45, 1
1460, 10, 0, 57, 46, 1
1460, 10, 0, 57, 62, 1
1460, 10, 0, 57, 63, 1
1460, 10, 0, 58, 1, 1
1460, 10, 0, 58, 2, 1
1460, 10, 0, 58, 45, 1
1460, 10, 0, 58, 46, 1
1460, 10, 0, 58, 62, 1
1460, 10, 0, 58, 63, 1
1460, 10, 0, 59, 0, 1
1460, 10, 0, 59, 1, 1
1460, 10, 0, 59, 2, 1
1460, 10, 0, 59, 3, 1
1460, 10, 0, 59, 46, 1
1460, 10, 0, 59, 62, 1
1460, 10, 0, 59, 63, 1
1460, 10, 0, 60, 0, 1
1460, 10, 0, 60, 1, 1
1460, 10, 0, 60, 2, 1
1460, 10, 0, 60, 3, 1
1460, 10, 0, 60, 4, 1
1460, 10, 0, 60, 5, 1
1460, 10, 0, 60, 6, 1
1460, 10, 0, 60, 7, 1
1460, 10, 0, 60, 25, 1
1460, 10, 0, 60, 26, 1
1460, 10, 0, 60, 46, 1
1460, 10, 0, 60, 47, 1
1460, 10, 0, 60, 62, 1
1460, 10, 0, 60, 63, 1
1460, 10, 0, 61, 0, 1
1460, 10, 0, 61, 1, 1
1460, 10, 0, 61, 2, 1
1460, 10, 0, 61, 3, 1
1460, 10, 0, 61, 4, 1
1460, 10, 0, 61, 5, 1
1460, 10, 0, 61, 6, 1
1460, 10, 0, 61, 7, 1
1460, 10, 0, 61, 8, 1
1460, 10, 0, 61, 24, 1
1460, 10, 0, 61, 25, 1
1460, 10, 0, 61, 26, 1
1460, 10, 0, 61, 46, 1
1460, 10, 0, 61, 47, 1
1460, 10, 0, 61, 48, 1
1460, 10, 0, 61, 61, 1
1460, 10, 0, 61, 62, 1
1460, 10, 0, 61, 63, 1
1460, 10, 0, 62, 0, 1
1460, 10, 0, 62, 1, 1
1460, 10, 0, 62, 2, 1
1460, 10, 0, 62, 3, 1
1460, 10, 0, 62, 4, 1
1460, 10, 0, 62, 5, 1
1460, 10, 0, 62, 6, 1
1460, 10, 0, 62, 7, 1
1460, 10, 0, 62, 8, 1
1460, 10, 0, 62, 9, 1
1460, 10, 0, 62, 10, 1
1460, 10, 0, 62, 11, 1
1460, 10, 0, 62, 22, 1
1460, 10, 0, 62, 23, 1
1460, 10, 0, 62, 24, 1
1460, 10, 0, 62, 25, 1
1460, 10, 0, 62, 26, 1
1460, 10, 0, 62, 27, 1
1460, 10, 0, 62, 45, 1
1460, 10, 0, 62, 46, 1
1460, 10, 0, 62, 47, 1
1460, 10, 0, 62, 48, 1
1460, 10, 0, 62, 49, 1
1460, 10, 0, 62, 50, 1
1460, 10, 0, 62, 51, 1
1460, 10, 0, 62, 52, 1
1460, 10, 0, 62, 60, 1
1460, 10, 0, 62, 61, 1
1460, 10, 0, 62, 62, 1
1460, 10, 0, 62, 63, 1
1460, 10, 0, 63, 0, 1
1460, 10, 0, 63, 1, 1
1460, 10, 0, 63, 2, 1
1460, 10, 0, 63, 3, 1
1460, 10, 0, 63, 4, 1
1460, 10, 0, 63, 5, 1
1460, 10, 0, 63, 6, 1
1460, 10, 0, 63, 7, 1
1460, 10, 0, 63, 8, 1
1460, 10, 0, 63, 9, 1
1460, 10, 0, 63, 10, 1
1460, 10, 0, 63, 11, 1
1460, 10, 0, 63, 17, 1
1460, 10, 0, 63, 18, 1
1460, 10, 0, 63, 19, 1
1460, 10, 0, 63, 20, 1
1460, 10, 0, 63, 21, 1
1460, 10, 0, 63, 22, 1
1460, 10, 0, 63, 23, 1
1460, 10, 0, 63, 24, 1
1460, 10, 0, 63, 25, 1
1460, 10, 0, 63, 26, 1
1460, 10, 0, 63, 27, 1
1460, 10, 0, 63, 28, 1
1460, 10, 0, 63, 33, 1
1460, 10, 0, 63, 34, 1
1460, 10, 0, 63, 35, 1
1460, 10, 0, 63, 36, 1
1460, 10, 0, 63, 42, 1
1460, 10, 0, 63, 43, 1
1460, 10, 0, 63, 44, 1
1460, 10, 0, 63, 45, 1
1460, 10, 0, 63, 46, 1
1460, 10, 0, 63, 47, 1
1460, 10, 0, 63, 48, 1
1460, 10, 0, 63, 49, 1
1460, 10, 0, 63, 50, 1
1460, 10, 0, 63, 51, 1
1460, 10, 0, 63, 52, 1
1460, 10, 0, 63, 53, 1
1460, 10, 0, 63, 54, 1
1460, 10, 0, 63, 55, 1
1460, 10, 0, 63, 56, 1
1460, 10, 0, 63, 57, 1
1460, 10, 0, 63, 58, 1
1460, 10, 0, 63, 59, 1
1460, 10, 0, 63, 60, 1
1460, 10, 0, 63, 61, 1
1460, 10, 0, 63, 62, 1
1460, 10, 0, 63, 63, 1
1468, 10, 2, 0, 5, 0
1468, 10, 3, 0, 11, 0
1468, 10, 2, 0, 25, 0
1468, 10, 3, 0, 34, 0
1468, 10, 2, 0, 57, 0
1468, 10, 3, 0, 61, 0
1468, 10, 3, 1, 1, 0
1468, 10, 2, 1, 4, 0
1468, 10, 3, 1, 12, 0
1468, 10, 2, 1, 20, 0
1468, 10, 3, 1, 35, 0
1468, 10, 3, 2, 13, 0
1468, 10, 3, 2, 36, 0
1468, 10, 2, 2, 51, 0
1468, 10, 3, 3, 16, 0
1468, 10, 2, 3, 19, 0
1468, 10, 3, 3, 41, 0
1468, 10, 2, 3, 49, 0
1468, 10, 3, 4, 42, 0
1468, 10, 0, 5, 61, 0
1468, 10, 2, 6, 48, 0
1468, 10, 3, 7, 43, 0
1468, 10, 2, 7, 47, 0
1468, 10, 3, 8, 45, 0
1468, 10, 2, 8, 46, 0
1468, 10, 3, 12, 61, 0
1468, 10, 3, 15, 62, 0
1468, 10, 3, 18, 63, 0
1468, 10, 0, 23, 63, 0
1468, 10, 0, 25, 62, 0
1468, 10, 3, 27, 62, 0
1468, 10, 3, 28, 63, 0
1468, 10, 0, 34, 63, 0
1468, 10, 3, 41, 63, 0
1468, 10, 0, 47, 63, 0
1468, 10, 3, 49, 63, 0
1468, 10, 0, 56, 63, 0
1468, 10, 0, 57, 62, 0
1468, 10, 0, 58, 1, 0
1468, 10, 1, 58, 2, 0
1468, 10, 1, 59, 3, 0
1468, 10, 1, 60, 7, 0
1468, 10, 1, 61, 8, 0
1468, 10, 0, 61, 24, 0
1468, 10, 1, 61, 26, 0
1468, 10, 0, 61, 46, 0
1468, 10, 1, 61, 48, 0
1468, 10, 0, 61, 61, 0
1468, 10, 1, 62, 11, 0
1468, 10, 0, 62, 22, 0
1468, 10, 1, 62, 27, 0
1468, 10, 0, 62, 45, 0
1468, 10, 1, 62, 52, 0
1468, 10, 0, 62, 60, 0
1468, 10, 0, 63, 17, 0
1468, 10, 1, 63, 28, 0
1468, 10, 0, 63, 33, 0
1468, 10, 1, 63, 36, 0
1468, 10, 0, 63, 42, 0
1469, 1, 1, 0, 6, 1
1469, 0, 2, 0, 7, 1
1469, 0, 2, 0, 8, 1
1469, 0, 2, 0, 9, 1
1469, 1, 2, 0, 10, 1
1469, 1, 1, 0, 26, 1
1469, 0, 2, 0, 27, 1
1469, 0, 2, 0, 28, 1
1469, 0, 2, 0, 29, 1
1469, 0, 2, 0, 30, 1
1469, 0, 2, 0, 31, 1
1469, 0, 2, 0, 32, 1
1469, 1, 2, 0, 33, 1
1469, 1, 1, 0, 58, 1
1469, 0, 2, 0, 59, 1
1469, 1, 2, 0, 60, 1
1469, 1, 2, 1, 0, 1
1469, 1, 1, 1, 5, 1
1469, 9, 1, 1, 6, 1
1469, 9, 2, 1, 10, 1
1469, 1, 2, 1, 11, 1
1469, 1, 1, 1, 21, 1
1469, 0, 2, 1, 22, 1
1469, 0, 2, 1, 23, 1
1469, 0, 2, 1, 24, 1
1469, 0, 2, 1, 25, 1
1469, 9, 1, 1, 26, 1
1469, 9, 2, 1, 33, 1
1469, 1, 2, 1, 34, 1
1469, 0, 1, 1, 58, 1
1469, 9, 2, 1, 60, 1
1469, 1, 2, 1, 61, 1
1469, 9, 2, 2, 0, 1
1469, 0, 2, 2, 1, 1
1469, 0, 2, 2, 2, 1
1469, 0, 2, 2, 3, 1
1469, 0, 2, 2, 4, 1
1469, 9, 1, 2, 5, 1
1469, 9, 2, 2, 11, 1
1469, 1, 2, 2, 12, 1
1469, 1, 1, 2, 20, 1
1469, 9, 1, 2, 21, 1
1469, 9, 2, 2, 34, 1
1469, 1, 2, 2, 35, 1
1469, 1, 1, 2, 52, 1
1469, 0, 2, 2, 53, 1
1469, 0, 2, 2, 54, 1
1469, 0, 2, 2, 55, 1
1469, 1, 2, 2, 56, 1
1469, 0, 1, 2, 58, 1
1469, 0, 3, 2, 61, 1
1469, 9, 2, 3, 12, 1
1469, 0, 2, 3, 13, 1
1469, 0, 2, 3, 14, 1
1469, 1, 2, 3, 15, 1
1469, 0, 1, 3, 20, 1
1469, 9, 2, 3, 35, 1
1469, 0, 2, 3, 36, 1
1469, 0, 2, 3, 37, 1
1469, 0, 2, 3, 38, 1
1469, 0, 2, 3, 39, 1
1469, 1, 2, 3, 40, 1
1469, 1, 1, 3, 50, 1
1469, 0, 2, 3, 51, 1
1469, 9, 1, 3, 52, 1
1469, 9, 2, 3, 56, 1
1469, 1, 2, 3, 57, 1
1469, 0, 1, 3, 58, 1
1469, 0, 3, 3, 61, 1
1469, 9, 2, 4, 15, 1
1469, 0, 2, 4, 16, 1
1469, 1, 2, 4, 17, 1
1469, 1, 1, 4, 19, 1
1469, 9, 1, 4, 20, 1
1469, 9, 2, 4, 40, 1
1469, 1, 2, 4, 41, 1
1469, 1, 1, 4, 49, 1
1469, 9, 1, 4, 50, 1
1469, 9, 2, 4, 57, 1
1469, 9, 1, 4, 58, 1
1469, 9, 3, 4, 60, 1
1469, 1, 3, 4, 61, 1
1469, 9, 2, 5, 17, 1
1469, 0, 2, 5, 18, 1
1469, 9, 1, 5, 19, 1
1469, 9, 2, 5, 41, 1
1469, 1, 2, 5, 42, 1
1469, 1, 0, 5, 49, 1
1469, 9, 0, 5, 50, 1
1469, 0, 3, 5, 60, 1
1469, 0, 3, 6, 42, 1
1469, 0, 1, 6, 50, 1
1469, 9, 3, 6, 53, 1
1469, 0, 0, 6, 54, 1
1469, 0, 0, 6, 55, 1
1469, 0, 0, 6, 56, 1
1469, 9, 0, 6, 57, 1
1469, 0, 3, 6, 60, 1
1469, 0, 3, 7, 42, 1
1469, 1, 1, 7, 48, 1
1469, 0, 2, 7, 49, 1
1469, 9, 1, 7, 50, 1
1469, 0, 3, 7, 53, 1
1469, 1, 0, 7, 57, 1
1469, 9, 0, 7, 58, 1
1469, 9, 3, 7, 59, 1
1469, 1, 3, 7, 60, 1
1469, 9, 2, 8, 42, 1
1469, 0, 2, 8, 43, 1
1469, 1, 2, 8, 44, 1
1469, 1, 1, 8, 47, 1
1469, 9, 1, 8, 48, 1
1469, 9, 2, 8, 53, 1
1469, 0, 2, 8, 54, 1
1469, 0, 2, 8, 55, 1
1469, 1, 2, 8, 56, 1
1469, 1, 0, 8, 58, 1
1469, 1, 3, 8, 59, 1
1469, 9, 2, 9, 44, 1
1469, 0, 2, 9, 45, 1
1469, 0, 2, 9, 46, 1
1469, 9, 1, 9, 47, 1
1469, 9, 2, 9, 56, 1
1469, 1, 2, 9, 57, 1
1469, 0, 3, 10, 57, 1
1469, 9, 2, 11, 57, 1
1469, 1, 2, 11, 58, 1
1469, 9, 2, 12, 58, 1
1469, 0, 2, 12, 59, 1
1469, 1, 2, 12, 60, 1
1469, 9, 2, 13, 60, 1
1469, 1, 2, 13, 61, 1
1469, 0, 3, 14, 61, 1
1469, 0, 3, 15, 61, 1
1469, 9, 2, 16, 61, 1
1469, 1, 2, 16, 62, 1
1469, 0, 3, 17, 62, 1
1469, 0, 3, 18, 62, 1
1469, 9, 2, 19, 62, 1
1469, 1, 2, 19, 63, 1
1469, 0, 3, 20, 63, 1
1469, 0, 3, 21, 63, 1
1469, 9, 3, 22, 62, 1
1469, 1, 3, 22, 63, 1
1469, 0, 3, 23, 62, 1
1469, 9, 3, 24, 61, 1
1469, 1, 3, 24, 62, 1
1469, 0, 3, 25, 61, 1
1469, 0, 3, 26, 61, 1
1469, 0, 3, 27, 61, 1
1469, 9, 2, 28, 61, 1
1469, 1, 2, 28, 62, 1
1469, 9, 2, 29, 62, 1
1469, 1, 2, 29, 63, 1
1469, 0, 3, 30, 63, 1
1469, 0, 3, 31, 63, 1
1469, 0, 3, 32, 63, 1
1469, 9, 3, 33, 62, 1
1469, 1, 3, 33, 63, 1
1469, 0, 3, 34, 62, 1
1469, 0, 3, 35, 62, 1
1469, 0, 3, 36, 62, 1
1469, 9, 3, 37, 27, 1
1469, 0, 0, 37, 28, 1
1469, 0, 0, 37, 29, 1
1469, 9, 0, 37, 30, 1
1469, 9, 3, 37, 35, 1
1469, 0, 0, 37, 36, 1
1469, 9, 0, 37, 37, 1
1469, 9, 3, 37, 61, 1
1469, 1, 3, 37, 62, 1
1469, 9, 3, 38, 25, 1
1469, 0, 0, 38, 26, 1
1469, 1, 3, 38, 27, 1
1469, 1, 0, 38, 30, 1
1469, 0, 0, 38, 31, 1
1469, 0, 0, 38, 32, 1
1469, 0, 0, 38, 33, 1
1469, 0, 0, 38, 34, 1
1469, 1, 3, 38, 35, 1
1469, 0, 1, 38, 37, 1
1469, 9, 3, 38, 59, 1
1469, 0, 0, 38, 60, 1
1469, 1, 3, 38, 61, 1
1469, 0, 3, 39, 25, 1
1469, 1, 1, 39, 31, 1
1469, 0, 2, 39, 32, 1
1469, 1, 2, 39, 33, 1
1469, 0, 1, 39, 37, 1
1469, 9, 3, 39, 57, 1
1469, 0, 0, 39, 58, 1
1469, 1, 3, 39, 59, 1
1469, 9, 2, 40, 25, 1
1469, 0, 2, 40, 26, 1
1469, 0, 2, 40, 27, 1
1469, 0, 2, 40, 28, 1
1469, 0, 2, 40, 29, 1
1469, 0, 2, 40, 30, 1
1469, 9, 1, 40, 31, 1
1469, 9, 2, 40, 33, 1
1469, 0, 2, 40, 34, 1
1469, 1, 2, 40, 35, 1
1469, 1, 0, 40, 37, 1
1469, 9, 0, 40, 38, 1
1469, 9, 3, 40, 55, 1
1469, 0, 0, 40, 56, 1
1469, 1, 3, 40, 57, 1
1469, 9, 2, 41, 35, 1
1469, 0, 2, 41, 36, 1
1469, 1, 2, 41, 37, 1
1469, 1, 0, 41, 38, 1
1469, 9, 0, 41, 39, 1
1469, 9, 3, 41, 42, 1
1469, 0, 0, 41, 43, 1
1469, 0, 0, 41, 44, 1
1469, 0, 0, 41, 45, 1
1469, 9, 0, 41, 46, 1
1469, 9, 3, 41, 54, 1
1469, 1, 3, 41, 55, 1
1469, 1, 1, 41, 58, 1
1469, 0, 2, 41, 59, 1
1469, 0, 2, 41, 60, 1
1469, 0, 2, 41, 61, 1
1469, 1, 2, 41, 62, 1
1469, 9, 2, 42, 37, 1
1469, 1, 2, 42, 38, 1
1469, 1, 0, 42, 39, 1
1469, 0, 0, 42, 40, 1
1469, 0, 0, 42, 41, 1
1469, 1, 3, 42, 42, 1
1469, 1, 1, 42, 43, 1
1469, 0, 2, 42, 44, 1
1469, 1, 2, 42, 45, 1
1469, 1, 0, 42, 46, 1
1469, 9, 0, 42, 47, 1
1469, 0, 3, 42, 54, 1
1469, 1, 1, 42, 57, 1
1469, 9, 1, 42, 58, 1
1469, 9, 2, 42, 62, 1
1469, 1, 2, 42, 63, 1
1469, 9, 3, 43, 25, 1
1469, 0, 0, 43, 26, 1
1469, 0, 0, 43, 27, 1
1469, 0, 0, 43, 28, 1
1469, 0, 0, 43, 29, 1
1469, 9, 0, 43, 30, 1
1469, 9, 2, 43, 38, 1
1469, 1, 2, 43, 39, 1
1469, 1, 1, 43, 41, 1
1469, 0, 2, 43, 42, 1
1469, 9, 1, 43, 43, 1
1469, 9, 2, 43, 45, 1
1469, 1, 2, 43, 46, 1
1469, 0, 1, 43, 47, 1
1469, 9, 3, 43, 53, 1
1469, 1, 3, 43, 54, 1
1469, 0, 1, 43, 57, 1
1469, 0, 3, 43, 63, 1
1469, 0, 3, 44, 25, 1
1469, 1, 0, 44, 30, 1
1469, 9, 0, 44, 31, 1
1469, 9, 2, 44, 39, 1
1469, 0, 2, 44, 40, 1
1469, 9, 1, 44, 41, 1
1469, 0, 3, 44, 46, 1
1469, 0, 1, 44, 47, 1
1469, 9, 3, 44, 52, 1
1469, 1, 3, 44, 53, 1
1469, 0, 1, 44, 57, 1
1469, 0, 3, 44, 63, 1
1469, 9, 2, 45, 25, 1
1469, 0, 2, 45, 26, 1
1469, 0, 2, 45, 27, 1
1469, 0, 2, 45, 28, 1
1469, 1, 2, 45, 29, 1
1469, 1, 0, 45, 31, 1
1469, 0, 0, 45, 32, 1
1469, 0, 0, 45, 33, 1
1469, 9, 0, 45, 34, 1
1469, 0, 3, 45, 46, 1
1469, 1, 0, 45, 47, 1
1469, 9, 0, 45, 48, 1
1469, 9, 3, 45, 51, 1
1469, 1, 3, 45, 52, 1
1469, 1, 1, 45, 54, 1
1469, 0, 2, 45, 55, 1
1469, 0, 2, 45, 56, 1
1469, 9, 1, 45, 57, 1
1469, 0, 3, 45, 63, 1
1469, 9, 2, 46, 29, 1
1469, 1, 2, 46, 30, 1
1469, 1, 0, 46, 34, 1
1469, 9, 0, 46, 35, 1
1469, 0, 3, 46, 46, 1
1469, 1, 0, 46, 48, 1
1469, 0, 0, 46, 49, 1
1469, 0, 0, 46, 50, 1
1469, 1, 3, 46, 51, 1
1469, 1, 1, 46, 53, 1
1469, 9, 1, 46, 54, 1
1469, 9, 3, 46, 62, 1
1469, 1, 3, 46, 63, 1
1469, 9, 2, 47, 30, 1
1469, 1, 2, 47, 31, 1
1469, 1, 0, 47, 35, 1
1469, 0, 0, 47, 36, 1
1469, 9, 0, 47, 37, 1
1469, 9, 2, 47, 46, 1
1469, 1, 2, 47, 47, 1
1469, 1, 1, 47, 52, 1
1469, 9, 1, 47, 53, 1
1469, 0, 3, 47, 62, 1
1469, 9, 2, 48, 31, 1
1469, 0, 2, 48, 32, 1
1469, 0, 2, 48, 33, 1
1469, 1, 2, 48, 34, 1
1469, 1, 0, 48, 37, 1
1469, 9, 0, 48, 38, 1
1469, 9, 2, 48, 47, 1
1469, 1, 2, 48, 48, 1
1469, 1, 1, 48, 51, 1
1469, 9, 1, 48, 52, 1
1469, 0, 3, 48, 62, 1
1469, 9, 2, 49, 34, 1
1469, 1, 2, 49, 35, 1
1469, 0, 1, 49, 38, 1
1469, 9, 2, 49, 48, 1
1469, 0, 2, 49, 49, 1
1469, 0, 2, 49, 50, 1
1469, 9, 1, 49, 51, 1
1469, 0, 3, 49, 62, 1
1469, 0, 3, 50, 35, 1
1469, 1, 0, 50, 38, 1
1469, 9, 0, 50, 39, 1
1469, 9, 2, 50, 62, 1
1469, 1, 2, 50, 63, 1
1469, 0, 3, 51, 35, 1
1469, 0, 1, 51, 39, 1
1469, 9, 3, 51, 41, 1
1469, 0, 0, 51, 42, 1
1469, 9, 0, 51, 43, 1
1469, 0, 3, 51, 63, 1
1469, 9, 2, 52, 35, 1
1469, 1, 2, 52, 36, 1
1469, 1, 0, 52, 39, 1
1469, 0, 0, 52, 40, 1
1469, 1, 3, 52, 41, 1
1469, 1, 0, 52, 43, 1
1469, 9, 0, 52, 44, 1
1469, 0, 3, 52, 63, 1
1469, 9, 2, 53, 36, 1
1469, 0, 2, 53, 37, 1
1469, 0, 2, 53, 38, 1
1469, 1, 2, 53, 39, 1
1469, 0, 1, 53, 44, 1
1469, 0, 3, 53, 63, 1
1469, 0, 3, 54, 39, 1
1469, 1, 0, 54, 44, 1
1469, 9, 0, 54, 45, 1
1469, 0, 3, 54, 63, 1
1469, 9, 2, 55, 39, 1
1469, 0, 2, 55, 40, 1
1469, 1, 2, 55, 41, 1
1469, 1, 0, 55, 45, 1
1469, 9, 0, 55, 46, 1
1469, 9, 3, 55, 62, 1
1469, 1, 3, 55, 63, 1
1469, 0, 3, 56, 41, 1
1469, 1, 0, 56, 46, 1
1469, 9, 0, 56, 47, 1
1469, 9, 3, 56, 61, 1
1469, 1, 3, 56, 62, 1
1469, 9, 3, 57, 0, 1
1469, 0, 0, 57, 1, 1
1469, 0, 0, 57, 2, 1
1469, 9, 0, 57, 3, 1
1469, 9, 2, 57, 41, 1
1469, 1, 2, 57, 42, 1
1469, 0, 1, 57, 47, 1
1469, 0, 3, 57, 61, 1
1469, 1, 3, 58, 0, 1
1469, 1, 0, 58, 3, 1
1469, 9, 0, 58, 4, 1
1469, 9, 2, 58, 42, 1
1469, 0, 2, 58, 43, 1
1469, 1, 2, 58, 44, 1
1469, 0, 1, 58, 47, 1
1469, 0, 3, 58, 61, 1
1469, 1, 0, 59, 4, 1
1469, 0, 0, 59, 5, 1
1469, 0, 0, 59, 6, 1
1469, 0, 0, 59, 7, 1
1469, 9, 0, 59, 8, 1
1469, 9, 3, 59, 24, 1
1469, 0, 0, 59, 25, 1
1469, 0, 0, 59, 26, 1
1469, 9, 0, 59, 27, 1
1469, 9, 2, 59, 44, 1
1469, 1, 2, 59, 45, 1
1469, 1, 0, 59, 47, 1
1469, 9, 0, 59, 48, 1
1469, 0, 3, 59, 61, 1
1469, 1, 0, 60, 8, 1
1469, 9, 0, 60, 9, 1
1469, 9, 3, 60, 23, 1
1469, 1, 3, 60, 24, 1
1469, 0, 1, 60, 27, 1
1469, 0, 3, 60, 45, 1
1469, 1, 0, 60, 48, 1
1469, 9, 0, 60, 49, 1
1469, 9, 3, 60, 60, 1
1469, 1, 3, 60, 61, 1
1469, 1, 0, 61, 9, 1
1469, 0, 0, 61, 10, 1
1469, 0, 0, 61, 11, 1
1469, 9, 0, 61, 12, 1
1469, 9, 3, 61, 21, 1
1469, 0, 0, 61, 22, 1
1469, 1, 3, 61, 23, 1
1469, 1, 0, 61, 27, 1
1469, 9, 0, 61, 28, 1
1469, 9, 3, 61, 44, 1
1469, 1, 3, 61, 45, 1
1469, 1, 0, 61, 49, 1
1469, 0, 0, 61, 50, 1
1469, 0, 0, 61, 51, 1
1469, 0, 0, 61, 52, 1
1469, 9, 0, 61, 53, 1
1469, 9, 3, 61, 59, 1
1469, 1, 3, 61, 60, 1
1469, 0, 1, 62, 12, 1
1469, 9, 3, 62, 16, 1
1469, 0, 0, 62, 17, 1
1469, 0, 0, 62, 18, 1
1469, 0, 0, 62, 19, 1
1469, 0, 0, 62, 20, 1
1469, 1, 3, 62, 21, 1
1469, 1, 0, 62, 28, 1
1469, 9, 0, 62, 29, 1
1469, 9, 3, 62, 32, 1
1469, 0, 0, 62, 33, 1
1469, 0, 0, 62, 34, 1
1469, 0, 0, 62, 35, 1
1469, 0, 0, 62, 36, 1
1469, 9, 0, 62, 37, 1
1469, 9, 3, 62, 41, 1
1469, 0, 0, 62, 42, 1
1469, 0, 0, 62, 43, 1
1469, 1, 3, 62, 44, 1
1469, 1, 0, 62, 53, 1
1469, 0, 0, 62, 54, 1
1469, 0, 0, 62, 55, 1
1469, 0, 0, 62, 56, 1
1469, 0, 0, 62, 57, 1
1469, 0, 0, 62, 58, 1
1469, 1, 3, 62, 59, 1
1469, 1, 0, 63, 12, 1
1469, 0, 0, 63, 13, 1
1469, 0, 0, 63, 14, 1
1469, 0, 0, 63, 15, 1
1469, 1, 3, 63, 16, 1
1469, 1, 0, 63, 29, 1
1469, 0, 0, 63, 30, 1
1469, 0, 0, 63, 31, 1
1469, 1, 3, 63, 32, 1
1469, 1, 0, 63, 37, 1
1469, 0, 0, 63, 38, 1
1469, 0, 0, 63, 39, 1
1469, 0, 0, 63, 40, 1
1469, 1, 3, 63, 41, 1
1469, 1, 2, 1, 0, 2
3223, 10, 2, 0, 59, 0
3244, 10, 1, 11, 7, 0
3244, 10, 0, 11, 29, 0
3244, 10, 0, 14, 43, 0
3244, 10, 2, 14, 51, 0
3244, 10, 0, 15, 14, 0
3244, 10, 2, 17, 23, 0
3244, 10, 3, 23, 27, 0
3244, 10, 1, 23, 47, 0
3244, 10, 3, 25, 7, 0
3244, 10, 1, 25, 34, 0
3244, 10, 1, 29, 17, 0
3244, 10, 3, 31, 56, 0
3244, 10, 0, 32, 46, 0
3244, 10, 0, 37, 14, 0
3244, 10, 2, 40, 4, 0
3244, 10, 3, 47, 15, 0
3244, 10, 1, 49, 7, 0
3244, 10, 0, 54, 19, 0
3245, 10, 1, 11, 7, 1
3245, 10, 0, 11, 29, 1
3245, 10, 0, 14, 43, 1
3245, 10, 2, 14, 51, 1
3245, 10, 0, 15, 14, 1
3245, 10, 2, 17, 23, 1
3245, 10, 3, 23, 27, 1
3245, 10, 1, 23, 47, 1
3245, 10, 3, 25, 7, 1
3245, 10, 1, 25, 34, 1
3245, 10, 1, 29, 17, 1
3245, 10, 3, 31, 56, 1
3245, 10, 0, 32, 46, 1
3245, 10, 0, 37, 14, 1
3245, 10, 2, 40, 4, 1
3245, 10, 3, 47, 15, 1
3245, 10, 1, 49, 7, 1
3245, 10, 0, 54, 19, 1
