184, 22, 1, 3, 8, 0
184, 22, 2, 3, 11, 0
184, 22, 2, 3, 17, 0
184, 22, 0, 4, 14, 0
184, 22, 0, 4, 27, 0
184, 22, 2, 4, 41, 0
184, 22, 0, 5, 5, 0
184, 22, 1, 5, 19, 0
184, 22, 2, 5, 34, 0
184, 22, 1, 5, 46, 0
184, 22, 2, 5, 48, 0
184, 22, 3, 5, 62, 0
184, 22, 2, 6, 17, 0
184, 22, 3, 7, 3, 0
184, 22, 0, 7, 27, 0
184, 22, 3, 7, 53, 0
184, 22, 2, 7, 56, 0
184, 22, 1, 8, 15, 0
184, 22, 1, 9, 29, 0
184, 22, 2, 10, 4, 0
184, 22, 0, 10, 49, 0
184, 22, 3, 12, 10, 0
184, 22, 1, 12, 57, 0
184, 22, 0, 13, 12, 0
184, 22, 1, 13, 16, 0
184, 22, 3, 13, 29, 0
184, 22, 0, 13, 38, 0
184, 22, 0, 14, 33, 0
184, 22, 0, 14, 54, 0
184, 22, 3, 14, 60, 0
184, 22, 2, 15, 24, 0
184, 22, 3, 15, 51, 0
184, 22, 3, 16, 17, 0
184, 22, 2, 17, 15, 0
184, 22, 2, 17, 27, 0
184, 22, 1, 18, 4, 0
184, 22, 2, 18, 17, 0
184, 22, 1, 18, 45, 0
184, 22, 2, 18, 55, 0
184, 22, 3, 19, 13, 0
184, 22, 1, 19, 36, 0
184, 22, 2, 19, 48, 0
184, 22, 2, 21, 35, 0
184, 22, 3, 21, 50, 0
184, 22, 0, 22, 3, 0
184, 22, 0, 23, 11, 0
184, 22, 0, 23, 51, 0
184, 22, 3, 23, 54, 0
184, 22, 2, 23, 60, 0
184, 22, 3, 24, 2, 0
184, 22, 0, 24, 23, 0
184, 22, 2, 25, 7, 0
184, 22, 0, 25, 44, 0
184, 22, 3, 26, 48, 0
184, 22, 1, 26, 55, 0
184, 22, 1, 27, 9, 0
184, 22, 3, 28, 37, 0
184, 22, 2, 29, 49, 0
184, 22, 0, 29, 58, 0
184, 22, 0, 30, 15, 0
184, 22, 1, 31, 56, 0
184, 22, 0, 32, 39, 0
184, 22, 3, 32, 51, 0
184, 22, 3, 32, 59, 0
184, 22, 3, 33, 36, 0
184, 22, 2, 33, 49, 0
184, 22, 0, 33, 52, 0
184, 22, 2, 34, 28, 0
184, 22, 3, 36, 15, 0
184, 22, 1, 36, 34, 0
184, 22, 1, 36, 38, 0
184, 22, 1, 37, 42, 0
184, 22, 1, 37, 53, 0
184, 22, 2, 37, 57, 0
184, 22, 3, 41, 48, 0
184, 22, 1, 42, 28, 0
184, 22, 0, 42, 44, 0
184, 22, 2, 43, 17, 0
184, 22, 0, 43, 33, 0
184, 22, 0, 43, 42, 0
184, 22, 1, 43, 52, 0
184, 22, 2, 44, 49, 0
184, 22, 3, 45, 37, 0
184, 22, 0, 46, 59, 0
184, 22, 0, 47, 32, 0
184, 22, 3, 48, 9, 0
184, 22, 2, 49, 42, 0
184, 22, 3, 49, 60, 0
184, 22, 3, 50, 24, 0
184, 22, 3, 50, 53, 0
184, 22, 3, 51, 45, 0
184, 22, 0, 52, 19, 0
184, 22, 0, 53, 58, 0
184, 22, 1, 53, 62, 0
184, 22, 3, 54, 52, 0
184, 22, 2, 55, 36, 0
184, 22, 0, 57, 17, 0
184, 22, 1, 57, 52, 0
184, 22, 2, 58, 22, 0
184, 22, 3, 58, 34, 0
184, 22, 0, 58, 46, 0
185, 22, 0, 2, 7, 0
185, 22, 0, 2, 8, 0
185, 22, 1, 2, 9, 0
185, 22, 1, 2, 11, 0
185, 22, 1, 2, 12, 0
185, 22, 2, 2, 13, 0
185, 22, 0, 2, 26, 0
185, 22, 3, 2, 34, 0
185, 22, 3, 2, 35, 0
185, 22, 2, 3, 5, 0
185, 22, 1, 3, 6, 0
185, 22, 2, 3, 7, 0
185, 22, 2, 3, 10, 0
185, 22, 3, 3, 14, 0
185, 22, 0, 3, 16, 0
185, 22, 3, 3, 19, 0
185, 22, 0, 3, 20, 0
185, 22, 2, 3, 21, 0
185, 22, 3, 3, 22, 0
185, 22, 3, 3, 25, 0
185, 22, 2, 3, 28, 0
185, 22, 2, 3, 30, 0
185, 22, 3, 3, 31, 0
185, 22, 0, 3, 36, 0
185, 22, 2, 3, 37, 0
185, 22, 3, 3, 38, 0
185, 22, 0, 3, 40, 0
185, 22, 1, 3, 42, 0
185, 22, 1, 3, 43, 0
185, 22, 3, 3, 46, 0
185, 22, 1, 3, 55, 0
185, 22, 3, 3, 63, 0
185, 22, 0, 4, 4, 0
185, 22, 0, 4, 5, 0
185, 22, 2, 4, 7, 0
185, 22, 3, 4, 8, 0
185, 22, 3, 4, 9, 0
185, 22, 3, 4, 11, 0
185, 22, 1, 4, 13, 0
185, 22, 1, 4, 16, 0
185, 22, 1, 4, 17, 0
185, 22, 0, 4, 19, 0
185, 22, 1, 4, 22, 0
185, 22, 0, 4, 24, 0
185, 22, 3, 4, 25, 0
185, 22, 3, 4, 31, 0
185, 22, 3, 4, 32, 0
185, 22, 3, 4, 39, 0
185, 22, 2, 4, 49, 0
185, 22, 1, 4, 53, 0
185, 22, 2, 4, 59, 0
185, 22, 2, 5, 3, 0
185, 22, 0, 5, 16, 0
185, 22, 2, 5, 18, 0
185, 22, 1, 5, 21, 0
185, 22, 3, 5, 22, 0
185, 22, 0, 5, 24, 0
185, 22, 2, 5, 27, 0
185, 22, 1, 5, 28, 0
185, 22, 0, 5, 31, 0
185, 22, 0, 5, 32, 0
185, 22, 2, 5, 36, 0
185, 22, 0, 5, 40, 0
185, 22, 0, 5, 47, 0
185, 22, 0, 5, 53, 0
185, 22, 2, 5, 59, 0
185, 22, 0, 5, 63, 0
185, 22, 1, 6, 2, 0
185, 22, 3, 6, 3, 0
185, 22, 1, 6, 4, 0
185, 22, 3, 6, 15, 0
185, 22, 3, 6, 23, 0
185, 22, 3, 6, 26, 0
185, 22, 2, 6, 29, 0
185, 22, 1, 6, 33, 0
185, 22, 3, 6, 35, 0
185, 22, 1, 6, 39, 0
185, 22, 0, 6, 40, 0
185, 22, 2, 6, 45, 0
185, 22, 1, 6, 47, 0
185, 22, 1, 6, 48, 0
185, 22, 2, 6, 49, 0
185, 22, 0, 6, 53, 0
185, 22, 2, 6, 57, 0
185, 22, 0, 6, 60, 0
185, 22, 1, 6, 61, 0
185, 22, 2, 6, 62, 0
185, 22, 3, 7, 1, 0
185, 22, 2, 7, 2, 0
185, 22, 1, 7, 5, 0
185, 22, 3, 7, 14, 0
185, 22, 0, 7, 15, 0
185, 22, 0, 7, 16, 0
185, 22, 0, 7, 18, 0
185, 22, 3, 7, 22, 0
185, 22, 1, 7, 30, 0
185, 22, 3, 7, 36, 0
185, 22, 0, 7, 37, 0
185, 22, 1, 7, 38, 0
185, 22, 1, 7, 42, 0
185, 22, 3, 7, 43, 0
185, 22, 1, 7, 47, 0
185, 22, 0, 7, 50, 0
185, 22, 0, 7, 51, 0
185, 22, 2, 7, 54, 0
185, 22, 0, 7, 55, 0
185, 22, 1, 7, 57, 0
185, 22, 1, 7, 59, 0
185, 22, 3, 8, 2, 0
185, 22, 0, 8, 3, 0
185, 22, 3, 8, 5, 0
185, 22, 1, 8, 16, 0
185, 22, 2, 8, 17, 0
185, 22, 2, 8, 29, 0
185, 22, 1, 8, 31, 0
185, 22, 0, 8, 36, 0
185, 22, 0, 8, 42, 0
185, 22, 0, 8, 44, 0
185, 22, 2, 8, 46, 0
185, 22, 3, 8, 50, 0
185, 22, 3, 8, 53, 0
185, 22, 0, 8, 54, 0
185, 22, 0, 8, 55, 0
185, 22, 1, 8, 57, 0
185, 22, 1, 8, 62, 0
185, 22, 0, 9, 3, 0
185, 22, 1, 9, 4, 0
185, 22, 2, 9, 28, 0
185, 22, 0, 9, 31, 0
185, 22, 3, 9, 35, 0
185, 22, 1, 9, 37, 0
185, 22, 2, 9, 40, 0
185, 22, 0, 9, 44, 0
185, 22, 1, 9, 45, 0
185, 22, 2, 9, 47, 0
185, 22, 2, 9, 50, 0
185, 22, 3, 9, 58, 0
185, 22, 0, 9, 60, 0
185, 22, 2, 10, 5, 0
185, 22, 3, 10, 27, 0
185, 22, 2, 10, 29, 0
185, 22, 2, 10, 30, 0
185, 22, 0, 10, 32, 0
185, 22, 2, 10, 37, 0
185, 22, 2, 10, 38, 0
185, 22, 1, 10, 39, 0
185, 22, 2, 10, 51, 0
185, 22, 3, 10, 59, 0
185, 22, 3, 10, 60, 0
185, 22, 2, 11, 4, 0
185, 22, 1, 11, 5, 0
185, 22, 0, 11, 12, 0
185, 22, 1, 11, 16, 0
185, 22, 3, 11, 17, 0
185, 22, 1, 11, 31, 0
185, 22, 0, 11, 32, 0
185, 22, 3, 11, 37, 0
185, 22, 1, 11, 39, 0
185, 22, 2, 11, 41, 0
185, 22, 2, 11, 43, 0
185, 22, 3, 11, 44, 0
185, 22, 0, 11, 45, 0
185, 22, 0, 11, 47, 0
185, 22, 0, 11, 48, 0
185, 22, 0, 11, 49, 0
185, 22, 1, 11, 51, 0
185, 22, 0, 11, 54, 0
185, 22, 2, 11, 55, 0
185, 22, 0, 11, 56, 0
185, 22, 0, 11, 58, 0
185, 22, 2, 11, 61, 0
185, 22, 0, 12, 4, 0
185, 22, 3, 12, 11, 0
185, 22, 3, 12, 15, 0
185, 22, 0, 12, 17, 0
185, 22, 1, 12, 24, 0
185, 22, 1, 12, 25, 0
185, 22, 0, 12, 26, 0
185, 22, 0, 12, 28, 0
185, 22, 0, 12, 30, 0
185, 22, 3, 12, 37, 0
185, 22, 0, 12, 38, 0
185, 22, 1, 12, 40, 0
185, 22, 2, 12, 42, 0
185, 22, 0, 12, 46, 0
185, 22, 1, 12, 58, 0
185, 22, 2, 12, 62, 0
185, 22, 0, 13, 4, 0
185, 22, 3, 13, 11, 0
185, 22, 3, 13, 15, 0
185, 22, 0, 13, 28, 0
185, 22, 3, 13, 31, 0
185, 22, 3, 13, 34, 0
185, 22, 3, 13, 37, 0
185, 22, 0, 13, 39, 0
185, 22, 1, 13, 42, 0
185, 22, 2, 13, 47, 0
185, 22, 3, 13, 48, 0
185, 22, 3, 13, 49, 0
185, 22, 0, 13, 51, 0
185, 22, 2, 13, 52, 0
185, 22, 3, 13, 54, 0
185, 22, 1, 13, 58, 0
185, 22, 0, 13, 59, 0
185, 22, 0, 14, 3, 0
185, 22, 1, 14, 10, 0
185, 22, 2, 14, 11, 0
185, 22, 0, 14, 15, 0
185, 22, 0, 14, 22, 0
185, 22, 3, 14, 23, 0
185, 22, 2, 14, 24, 0
185, 22, 0, 14, 26, 0
185, 22, 2, 14, 28, 0
185, 22, 2, 14, 30, 0
185, 22, 2, 14, 32, 0
185, 22, 0, 14, 35, 0
185, 22, 0, 14, 37, 0
185, 22, 3, 14, 39, 0
185, 22, 0, 14, 42, 0
185, 22, 1, 14, 46, 0
185, 22, 3, 14, 55, 0
185, 22, 1, 14, 59, 0
185, 22, 0, 15, 2, 0
185, 22, 0, 15, 3, 0
185, 22, 1, 15, 4, 0
185, 22, 2, 15, 5, 0
185, 22, 1, 15, 16, 0
185, 22, 3, 15, 18, 0
185, 22, 1, 15, 21, 0
185, 22, 0, 15, 22, 0
185, 22, 3, 15, 27, 0
185, 22, 2, 15, 28, 0
185, 22, 2, 15, 32, 0
185, 22, 1, 15, 33, 0
185, 22, 0, 15, 35, 0
185, 22, 0, 15, 37, 0
185, 22, 3, 15, 44, 0
185, 22, 2, 15, 46, 0
185, 22, 2, 15, 49, 0
185, 22, 2, 15, 54, 0
185, 22, 1, 15, 58, 0
185, 22, 0, 15, 62, 0
185, 22, 2, 16, 4, 0
185, 22, 0, 16, 7, 0
185, 22, 2, 16, 14, 0
185, 22, 1, 16, 15, 0
185, 22, 2, 16, 16, 0
185, 22, 1, 16, 21, 0
185, 22, 3, 16, 26, 0
185, 22, 3, 16, 27, 0
185, 22, 1, 16, 30, 0
185, 22, 2, 16, 40, 0
185, 22, 2, 16, 52, 0
185, 22, 2, 16, 59, 0
185, 22, 1, 17, 4, 0
185, 22, 0, 17, 5, 0
185, 22, 3, 17, 7, 0
185, 22, 0, 17, 13, 0
185, 22, 2, 17, 16, 0
185, 22, 2, 17, 20, 0
185, 22, 0, 17, 22, 0
185, 22, 0, 17, 28, 0
185, 22, 3, 17, 29, 0
185, 22, 2, 17, 48, 0
185, 22, 3, 17, 49, 0
185, 22, 1, 17, 52, 0
185, 22, 3, 17, 60, 0
185, 22, 3, 17, 61, 0
185, 22, 0, 18, 3, 0
185, 22, 2, 18, 6, 0
185, 22, 3, 18, 7, 0
185, 22, 2, 18, 14, 0
185, 22, 0, 18, 16, 0
185, 22, 2, 18, 20, 0
185, 22, 3, 18, 21, 0
185, 22, 0, 18, 24, 0
185, 22, 2, 18, 26, 0
185, 22, 1, 18, 27, 0
185, 22, 2, 18, 36, 0
185, 22, 1, 18, 41, 0
185, 22, 0, 18, 42, 0
185, 22, 3, 18, 43, 0
185, 22, 1, 18, 46, 0
185, 22, 0, 18, 50, 0
185, 22, 1, 18, 51, 0
185, 22, 2, 18, 53, 0
185, 22, 1, 19, 3, 0
185, 22, 3, 19, 5, 0
185, 22, 3, 19, 14, 0
185, 22, 3, 19, 16, 0
185, 22, 2, 19, 17, 0
185, 22, 3, 19, 19, 0
185, 22, 3, 19, 21, 0
185, 22, 2, 19, 25, 0
185, 22, 1, 19, 26, 0
185, 22, 0, 19, 28, 0
185, 22, 0, 19, 29, 0
185, 22, 3, 19, 30, 0
185, 22, 2, 19, 37, 0
185, 22, 2, 19, 39, 0
185, 22, 0, 19, 44, 0
185, 22, 2, 19, 54, 0
185, 22, 1, 20, 2, 0
185, 22, 2, 20, 4, 0
185, 22, 2, 20, 5, 0
185, 22, 2, 20, 11, 0
185, 22, 1, 20, 12, 0
185, 22, 1, 20, 13, 0
185, 22, 3, 20, 14, 0
185, 22, 1, 20, 17, 0
185, 22, 0, 20, 18, 0
185, 22, 2, 20, 19, 0
185, 22, 0, 20, 21, 0
185, 22, 3, 20, 24, 0
185, 22, 3, 20, 30, 0
185, 22, 1, 20, 32, 0
185, 22, 0, 20, 36, 0
185, 22, 1, 20, 37, 0
185, 22, 3, 20, 40, 0
185, 22, 3, 20, 44, 0
185, 22, 3, 20, 46, 0
185, 22, 2, 20, 51, 0
185, 22, 3, 20, 55, 0
185, 22, 0, 20, 57, 0
185, 22, 3, 20, 62, 0
185, 22, 1, 21, 2, 0
185, 22, 2, 21, 3, 0
185, 22, 3, 21, 4, 0
185, 22, 3, 21, 5, 0
185, 22, 3, 21, 11, 0
185, 22, 0, 21, 14, 0
185, 22, 3, 21, 16, 0
185, 22, 1, 21, 19, 0
185, 22, 0, 21, 21, 0
185, 22, 3, 21, 24, 0
185, 22, 2, 21, 28, 0
185, 22, 2, 21, 30, 0
185, 22, 2, 21, 33, 0
185, 22, 3, 21, 34, 0
185, 22, 1, 21, 36, 0
185, 22, 1, 21, 37, 0
185, 22, 3, 21, 39, 0
185, 22, 0, 21, 44, 0
185, 22, 3, 21, 51, 0
185, 22, 2, 21, 52, 0
185, 22, 2, 21, 53, 0
185, 22, 1, 21, 54, 0
185, 22, 3, 21, 62, 0
185, 22, 3, 22, 2, 0
185, 22, 1, 22, 10, 0
185, 22, 0, 22, 11, 0
185, 22, 0, 22, 12, 0
185, 22, 3, 22, 16, 0
185, 22, 1, 22, 22, 0
185, 22, 0, 22, 24, 0
185, 22, 1, 22, 29, 0
185, 22, 3, 22, 34, 0
185, 22, 0, 22, 35, 0
185, 22, 0, 22, 37, 0
185, 22, 3, 22, 39, 0
185, 22, 1, 22, 44, 0
185, 22, 1, 22, 45, 0
185, 22, 0, 22, 46, 0
185, 22, 0, 22, 47, 0
185, 22, 3, 22, 48, 0
185, 22, 3, 22, 51, 0
185, 22, 1, 22, 54, 0
185, 22, 1, 22, 55, 0
185, 22, 1, 22, 58, 0
185, 22, 2, 22, 59, 0
185, 22, 3, 22, 62, 0
185, 22, 2, 23, 1, 0
185, 22, 3, 23, 2, 0
185, 22, 2, 23, 3, 0
185, 22, 1, 23, 4, 0
185, 22, 3, 23, 10, 0
185, 22, 1, 23, 12, 0
185, 22, 2, 23, 14, 0
185, 22, 2, 23, 15, 0
185, 22, 3, 23, 17, 0
185, 22, 3, 23, 18, 0
185, 22, 1, 23, 21, 0
185, 22, 2, 23, 22, 0
185, 22, 0, 23, 24, 0
185, 22, 0, 23, 25, 0
185, 22, 1, 23, 26, 0
185, 22, 1, 23, 27, 0
185, 22, 2, 23, 30, 0
185, 22, 0, 23, 46, 0
185, 22, 0, 23, 52, 0
185, 22, 0, 23, 53, 0
185, 22, 1, 23, 55, 0
185, 22, 2, 23, 62, 0
185, 22, 3, 24, 1, 0
185, 22, 2, 24, 3, 0
185, 22, 0, 24, 5, 0
185, 22, 1, 24, 6, 0
185, 22, 0, 24, 8, 0
185, 22, 3, 24, 9, 0
185, 22, 0, 24, 10, 0
185, 22, 1, 24, 12, 0
185, 22, 2, 24, 16, 0
185, 22, 3, 24, 17, 0
185, 22, 1, 24, 20, 0
185, 22, 0, 24, 24, 0
185, 22, 2, 24, 44, 0
185, 22, 2, 24, 45, 0
185, 22, 1, 24, 47, 0
185, 22, 2, 24, 48, 0
185, 22, 3, 24, 52, 0
185, 22, 0, 24, 53, 0
185, 22, 1, 24, 55, 0
185, 22, 2, 24, 61, 0
185, 22, 1, 25, 2, 0
185, 22, 2, 25, 3, 0
185, 22, 0, 25, 4, 0
185, 22, 3, 25, 5, 0
185, 22, 2, 25, 6, 0
185, 22, 0, 25, 8, 0
185, 22, 2, 25, 9, 0
185, 22, 1, 25, 11, 0
185, 22, 2, 25, 15, 0
185, 22, 1, 25, 16, 0
185, 22, 3, 25, 18, 0
185, 22, 2, 25, 20, 0
185, 22, 1, 25, 21, 0
185, 22, 2, 25, 22, 0
185, 22, 3, 25, 24, 0
185, 22, 1, 25, 26, 0
185, 22, 3, 25, 28, 0
185, 22, 3, 25, 31, 0
185, 22, 3, 25, 33, 0
185, 22, 3, 25, 34, 0
185, 22, 2, 25, 35, 0
185, 22, 1, 25, 38, 0
185, 22, 3, 25, 41, 0
185, 22, 3, 25, 42, 0
185, 22, 0, 25, 46, 0
185, 22, 1, 25, 47, 0
185, 22, 1, 25, 49, 0
185, 22, 2, 25, 51, 0
185, 22, 3, 25, 57, 0
185, 22, 1, 25, 60, 0
185, 22, 3, 26, 3, 0
185, 22, 3, 26, 6, 0
185, 22, 0, 26, 7, 0
185, 22, 3, 26, 8, 0
185, 22, 2, 26, 10, 0
185, 22, 2, 26, 11, 0
185, 22, 2, 26, 14, 0
185, 22, 1, 26, 16, 0
185, 22, 0, 26, 17, 0
185, 22, 0, 26, 21, 0
185, 22, 0, 26, 22, 0
185, 22, 2, 26, 24, 0
185, 22, 1, 26, 26, 0
185, 22, 0, 26, 33, 0
185, 22, 2, 26, 40, 0
185, 22, 3, 26, 45, 0
185, 22, 1, 26, 49, 0
185, 22, 3, 26, 50, 0
185, 22, 2, 26, 53, 0
185, 22, 1, 26, 54, 0
185, 22, 0, 26, 56, 0
185, 22, 0, 26, 58, 0
185, 22, 1, 26, 59, 0
185, 22, 0, 26, 62, 0
185, 22, 2, 27, 3, 0
185, 22, 3, 27, 4, 0
185, 22, 2, 27, 8, 0
185, 22, 0, 27, 10, 0
185, 22, 3, 27, 13, 0
185, 22, 3, 27, 21, 0
185, 22, 0, 27, 22, 0
185, 22, 2, 27, 23, 0
185, 22, 0, 27, 27, 0
185, 22, 0, 27, 29, 0
185, 22, 3, 27, 30, 0
185, 22, 1, 27, 33, 0
185, 22, 1, 27, 35, 0
185, 22, 2, 27, 37, 0
185, 22, 2, 27, 38, 0
185, 22, 0, 27, 42, 0
185, 22, 3, 27, 47, 0
185, 22, 2, 27, 49, 0
185, 22, 0, 27, 55, 0
185, 22, 3, 27, 56, 0
185, 22, 1, 27, 58, 0
185, 22, 1, 27, 62, 0
185, 22, 1, 28, 14, 0
185, 22, 2, 28, 15, 0
185, 22, 1, 28, 22, 0
185, 22, 0, 28, 27, 0
185, 22, 3, 28, 30, 0
185, 22, 0, 28, 31, 0
185, 22, 1, 28, 34, 0
185, 22, 2, 28, 35, 0
185, 22, 3, 28, 38, 0
185, 22, 0, 28, 48, 0
185, 22, 1, 28, 50, 0
185, 22, 2, 28, 56, 0
185, 22, 0, 28, 60, 0
185, 22, 1, 29, 6, 0
185, 22, 3, 29, 8, 0
185, 22, 1, 29, 11, 0
185, 22, 2, 29, 13, 0
185, 22, 2, 29, 14, 0
185, 22, 1, 29, 16, 0
185, 22, 3, 29, 18, 0
185, 22, 3, 29, 20, 0
185, 22, 0, 29, 21, 0
185, 22, 0, 29, 22, 0
185, 22, 1, 29, 26, 0
185, 22, 3, 29, 28, 0
185, 22, 2, 29, 30, 0
185, 22, 3, 29, 32, 0
185, 22, 0, 29, 36, 0
185, 22, 3, 29, 37, 0
185, 22, 2, 29, 41, 0
185, 22, 3, 29, 42, 0
185, 22, 3, 29, 48, 0
185, 22, 1, 29, 51, 0
185, 22, 3, 29, 61, 0
185, 22, 2, 29, 62, 0
185, 22, 0, 30, 4, 0
185, 22, 0, 30, 5, 0
185, 22, 0, 30, 6, 0
185, 22, 3, 30, 9, 0
185, 22, 1, 30, 10, 0
185, 22, 0, 30, 11, 0
185, 22, 3, 30, 13, 0
185, 22, 2, 30, 16, 0
185, 22, 3, 30, 18, 0
185, 22, 1, 30, 19, 0
185, 22, 1, 30, 26, 0
185, 22, 1, 30, 29, 0
185, 22, 1, 30, 31, 0
185, 22, 0, 30, 39, 0
185, 22, 1, 30, 43, 0
185, 22, 3, 30, 48, 0
185, 22, 2, 30, 49, 0
185, 22, 1, 30, 52, 0
185, 22, 0, 30, 55, 0
185, 22, 0, 30, 56, 0
185, 22, 1, 30, 57, 0
185, 22, 2, 30, 58, 0
185, 22, 2, 30, 60, 0
185, 22, 1, 31, 4, 0
185, 22, 1, 31, 5, 0
185, 22, 3, 31, 6, 0
185, 22, 0, 31, 9, 0
185, 22, 3, 31, 10, 0
185, 22, 2, 31, 11, 0
185, 22, 3, 31, 12, 0
185, 22, 3, 31, 13, 0
185, 22, 1, 31, 14, 0
185, 22, 3, 31, 16, 0
185, 22, 0, 31, 18, 0
185, 22, 1, 31, 20, 0
185, 22, 2, 31, 21, 0
185, 22, 2, 31, 22, 0
185, 22, 3, 31, 24, 0
185, 22, 0, 31, 26, 0
185, 22, 0, 31, 27, 0
185, 22, 3, 31, 28, 0
185, 22, 1, 31, 31, 0
185, 22, 2, 31, 32, 0
185, 22, 0, 31, 40, 0
185, 22, 0, 31, 41, 0
185, 22, 0, 31, 42, 0
185, 22, 3, 31, 50, 0
185, 22, 3, 31, 51, 0
185, 22, 2, 31, 53, 0
185, 22, 3, 31, 54, 0
185, 22, 3, 31, 60, 0
185, 22, 3, 32, 6, 0
185, 22, 0, 32, 9, 0
185, 22, 1, 32, 15, 0
185, 22, 2, 32, 17, 0
185, 22, 3, 32, 18, 0
185, 22, 1, 32, 19, 0
185, 22, 1, 32, 20, 0
185, 22, 3, 32, 27, 0
185, 22, 1, 32, 28, 0
185, 22, 1, 32, 29, 0
185, 22, 2, 32, 30, 0
185, 22, 2, 32, 41, 0
185, 22, 1, 32, 48, 0
185, 22, 2, 32, 49, 0
185, 22, 0, 32, 53, 0
185, 22, 2, 32, 58, 0
185, 22, 2, 32, 62, 0
185, 22, 3, 33, 4, 0
185, 22, 2, 33, 5, 0
185, 22, 2, 33, 6, 0
185, 22, 0, 33, 7, 0
185, 22, 0, 33, 8, 0
185, 22, 1, 33, 9, 0
185, 22, 2, 33, 10, 0
185, 22, 1, 33, 11, 0
185, 22, 1, 33, 12, 0
185, 22, 2, 33, 13, 0
185, 22, 1, 33, 15, 0
185, 22, 3, 33, 18, 0
185, 22, 0, 33, 20, 0
185, 22, 1, 33, 21, 0
185, 22, 0, 33, 28, 0
185, 22, 3, 33, 31, 0
185, 22, 1, 33, 33, 0
185, 22, 3, 33, 35, 0
185, 22, 1, 33, 37, 0
185, 22, 1, 33, 38, 0
185, 22, 2, 33, 39, 0
185, 22, 3, 33, 40, 0
185, 22, 0, 33, 47, 0
185, 22, 3, 33, 50, 0
185, 22, 1, 33, 54, 0
185, 22, 1, 33, 58, 0
185, 22, 1, 33, 60, 0
185, 22, 2, 34, 4, 0
185, 22, 0, 34, 7, 0
185, 22, 1, 34, 8, 0
185, 22, 0, 34, 11, 0
185, 22, 0, 34, 15, 0
185, 22, 0, 34, 22, 0
185, 22, 1, 34, 23, 0
185, 22, 1, 34, 25, 0
185, 22, 2, 34, 26, 0
185, 22, 0, 34, 32, 0
185, 22, 2, 34, 34, 0
185, 22, 0, 34, 35, 0
185, 22, 0, 34, 36, 0
185, 22, 1, 34, 42, 0
185, 22, 0, 34, 49, 0
185, 22, 0, 34, 50, 0
185, 22, 3, 34, 51, 0
185, 22, 2, 34, 52, 0
185, 22, 1, 34, 53, 0
185, 22, 1, 34, 59, 0
185, 22, 1, 34, 61, 0
185, 22, 1, 35, 4, 0
185, 22, 3, 35, 7, 0
185, 22, 2, 35, 8, 0
185, 22, 3, 35, 10, 0
185, 22, 3, 35, 11, 0
185, 22, 2, 35, 13, 0
185, 22, 0, 35, 15, 0
185, 22, 3, 35, 21, 0
185, 22, 2, 35, 25, 0
185, 22, 1, 35, 27, 0
185, 22, 1, 35, 28, 0
185, 22, 0, 35, 29, 0
185, 22, 3, 35, 30, 0
185, 22, 0, 35, 32, 0
185, 22, 2, 35, 34, 0
185, 22, 0, 35, 37, 0
185, 22, 0, 35, 40, 0
185, 22, 3, 35, 46, 0
185, 22, 1, 35, 48, 0
185, 22, 1, 35, 49, 0
185, 22, 3, 35, 50, 0
185, 22, 3, 35, 51, 0
185, 22, 0, 35, 54, 0
185, 22, 2, 35, 59, 0
185, 22, 3, 35, 60, 0
185, 22, 2, 36, 3, 0
185, 22, 2, 36, 4, 0
185, 22, 2, 36, 5, 0
185, 22, 2, 36, 6, 0
185, 22, 3, 36, 7, 0
185, 22, 1, 36, 8, 0
185, 22, 0, 36, 10, 0
185, 22, 1, 36, 14, 0
185, 22, 3, 36, 16, 0
185, 22, 0, 36, 20, 0
185, 22, 3, 36, 21, 0
185, 22, 3, 36, 22, 0
185, 22, 2, 36, 23, 0
185, 22, 2, 36, 31, 0
185, 22, 3, 36, 33, 0
185, 22, 3, 36, 35, 0
185, 22, 1, 36, 39, 0
185, 22, 1, 36, 42, 0
185, 22, 1, 36, 43, 0
185, 22, 2, 36, 49, 0
185, 22, 0, 36, 51, 0
185, 22, 1, 36, 52, 0
185, 22, 1, 36, 55, 0
185, 22, 0, 36, 56, 0
185, 22, 3, 36, 57, 0
185, 22, 0, 36, 60, 0
185, 22, 3, 36, 62, 0
185, 22, 3, 36, 63, 0
185, 22, 1, 37, 4, 0
185, 22, 3, 37, 5, 0
185, 22, 3, 37, 6, 0
185, 22, 1, 37, 7, 0
185, 22, 3, 37, 8, 0
185, 22, 1, 37, 9, 0
185, 22, 0, 37, 10, 0
185, 22, 3, 37, 12, 0
185, 22, 1, 37, 14, 0
185, 22, 2, 37, 15, 0
185, 22, 3, 37, 16, 0
185, 22, 0, 37, 18, 0
185, 22, 2, 37, 21, 0
185, 22, 1, 37, 22, 0
185, 22, 1, 37, 23, 0
185, 22, 2, 37, 24, 0
185, 22, 2, 37, 25, 0
185, 22, 1, 37, 26, 0
185, 22, 3, 37, 29, 0
185, 22, 3, 37, 30, 0
185, 22, 1, 37, 31, 0
185, 22, 3, 37, 32, 0
185, 22, 2, 37, 33, 0
185, 22, 3, 37, 34, 0
185, 22, 0, 37, 36, 0
185, 22, 3, 37, 38, 0
185, 22, 1, 37, 41, 0
185, 22, 2, 37, 44, 0
185, 22, 2, 37, 49, 0
185, 22, 1, 37, 52, 0
185, 22, 3, 37, 54, 0
185, 22, 3, 37, 58, 0
185, 22, 0, 37, 61, 0
185, 22, 1, 38, 6, 0
185, 22, 3, 38, 7, 0
185, 22, 0, 38, 8, 0
185, 22, 1, 38, 9, 0
185, 22, 3, 38, 12, 0
185, 22, 0, 38, 15, 0
185, 22, 0, 38, 16, 0
185, 22, 1, 38, 17, 0
185, 22, 1, 38, 21, 0
185, 22, 2, 38, 24, 0
185, 22, 1, 38, 27, 0
185, 22, 2, 38, 28, 0
185, 22, 0, 38, 30, 0
185, 22, 1, 38, 34, 0
185, 22, 1, 38, 35, 0
185, 22, 2, 38, 36, 0
185, 22, 3, 38, 37, 0
185, 22, 0, 38, 38, 0
185, 22, 1, 38, 40, 0
185, 22, 3, 38, 42, 0
185, 22, 2, 38, 43, 0
185, 22, 2, 38, 46, 0
185, 22, 3, 38, 47, 0
185, 22, 2, 38, 49, 0
185, 22, 0, 38, 50, 0
185, 22, 2, 38, 52, 0
185, 22, 2, 38, 53, 0
185, 22, 3, 38, 54, 0
185, 22, 2, 38, 58, 0
185, 22, 2, 38, 62, 0
185, 22, 3, 39, 7, 0
185, 22, 3, 39, 8, 0
185, 22, 3, 39, 10, 0
185, 22, 0, 39, 13, 0
185, 22, 3, 39, 15, 0
185, 22, 1, 39, 17, 0
185, 22, 1, 39, 20, 0
185, 22, 0, 39, 27, 0
185, 22, 0, 39, 32, 0
185, 22, 0, 39, 33, 0
185, 22, 0, 39, 34, 0
185, 22, 3, 39, 37, 0
185, 22, 0, 39, 39, 0
185, 22, 3, 39, 42, 0
185, 22, 2, 39, 44, 0
185, 22, 2, 39, 48, 0
185, 22, 0, 39, 55, 0
185, 22, 1, 39, 56, 0
185, 22, 2, 39, 57, 0
185, 22, 3, 40, 8, 0
185, 22, 1, 40, 9, 0
185, 22, 2, 40, 10, 0
185, 22, 2, 40, 11, 0
185, 22, 3, 40, 15, 0
185, 22, 2, 40, 17, 0
185, 22, 0, 40, 19, 0
185, 22, 3, 40, 25, 0
185, 22, 3, 40, 26, 0
185, 22, 1, 40, 30, 0
185, 22, 0, 40, 31, 0
185, 22, 1, 40, 40, 0
185, 22, 3, 40, 42, 0
185, 22, 0, 40, 46, 0
185, 22, 2, 40, 49, 0
185, 22, 3, 40, 50, 0
185, 22, 2, 40, 58, 0
185, 22, 0, 40, 59, 0
185, 22, 0, 41, 8, 0
185, 22, 1, 41, 9, 0
185, 22, 3, 41, 10, 0
185, 22, 0, 41, 19, 0
185, 22, 0, 41, 21, 0
185, 22, 3, 41, 22, 0
185, 22, 3, 41, 25, 0
185, 22, 1, 41, 27, 0
185, 22, 2, 41, 28, 0
185, 22, 3, 41, 29, 0
185, 22, 1, 41, 31, 0
185, 22, 3, 41, 33, 0
185, 22, 0, 41, 35, 0
185, 22, 0, 41, 39, 0
185, 22, 0, 41, 43, 0
185, 22, 1, 41, 44, 0
185, 22, 1, 41, 45, 0
185, 22, 1, 41, 47, 0
185, 22, 2, 41, 51, 0
185, 22, 2, 41, 58, 0
185, 22, 3, 41, 61, 0
185, 22, 1, 42, 9, 0
185, 22, 0, 42, 15, 0
185, 22, 1, 42, 16, 0
185, 22, 2, 42, 18, 0
185, 22, 3, 42, 19, 0
185, 22, 0, 42, 21, 0
185, 22, 1, 42, 27, 0
185, 22, 3, 42, 35, 0
185, 22, 2, 42, 41, 0
185, 22, 2, 42, 42, 0
185, 22, 2, 42, 45, 0
185, 22, 0, 42, 47, 0
185, 22, 0, 42, 48, 0
185, 22, 3, 42, 49, 0
185, 22, 3, 42, 53, 0
185, 22, 3, 42, 59, 0
185, 22, 3, 42, 62, 0
185, 22, 2, 43, 15, 0
185, 22, 3, 43, 20, 0
185, 22, 1, 43, 22, 0
185, 22, 1, 43, 23, 0
185, 22, 2, 43, 25, 0
185, 22, 2, 43, 29, 0
185, 22, 2, 43, 30, 0
185, 22, 3, 43, 34, 0
185, 22, 2, 43, 36, 0
185, 22, 1, 43, 38, 0
185, 22, 2, 43, 39, 0
185, 22, 2, 43, 40, 0
185, 22, 3, 43, 41, 0
185, 22, 1, 43, 43, 0
185, 22, 3, 43, 46, 0
185, 22, 3, 43, 47, 0
185, 22, 1, 43, 48, 0
185, 22, 2, 43, 49, 0
185, 22, 3, 43, 50, 0
185, 22, 2, 43, 51, 0
185, 22, 0, 43, 53, 0
185, 22, 0, 43, 59, 0
185, 22, 3, 43, 60, 0
185, 22, 2, 43, 62, 0
185, 22, 2, 44, 15, 0
185, 22, 3, 44, 18, 0
185, 22, 2, 44, 20, 0
185, 22, 0, 44, 26, 0
185, 22, 0, 44, 27, 0
185, 22, 3, 44, 28, 0
185, 22, 2, 44, 31, 0
185, 22, 1, 44, 32, 0
185, 22, 1, 44, 34, 0
185, 22, 2, 44, 35, 0
185, 22, 3, 44, 37, 0
185, 22, 1, 44, 39, 0
185, 22, 0, 44, 41, 0
185, 22, 0, 44, 50, 0
185, 22, 1, 44, 52, 0
185, 22, 1, 44, 54, 0
185, 22, 1, 44, 55, 0
185, 22, 0, 44, 60, 0
185, 22, 2, 44, 62, 0
185, 22, 1, 45, 16, 0
185, 22, 1, 45, 20, 0
185, 22, 2, 45, 23, 0
185, 22, 2, 45, 24, 0
185, 22, 2, 45, 31, 0
185, 22, 1, 45, 34, 0
185, 22, 0, 45, 38, 0
185, 22, 3, 45, 39, 0
185, 22, 1, 45, 42, 0
185, 22, 0, 45, 43, 0
185, 22, 0, 45, 48, 0
185, 22, 0, 45, 53, 0
185, 22, 2, 45, 55, 0
185, 22, 3, 45, 56, 0
185, 22, 0, 45, 57, 0
185, 22, 0, 45, 58, 0
185, 22, 1, 45, 61, 0
185, 22, 0, 46, 7, 0
185, 22, 0, 46, 8, 0
185, 22, 0, 46, 9, 0
185, 22, 3, 46, 10, 0
185, 22, 0, 46, 11, 0
185, 22, 2, 46, 14, 0
185, 22, 1, 46, 16, 0
185, 22, 0, 46, 18, 0
185, 22, 1, 46, 25, 0
185, 22, 3, 46, 31, 0
185, 22, 3, 46, 33, 0
185, 22, 0, 46, 34, 0
185, 22, 1, 46, 35, 0
185, 22, 2, 46, 36, 0
185, 22, 1, 46, 38, 0
185, 22, 2, 46, 40, 0
185, 22, 3, 46, 50, 0
185, 22, 2, 46, 52, 0
185, 22, 2, 46, 53, 0
185, 22, 3, 46, 54, 0
185, 22, 3, 46, 55, 0
185, 22, 3, 46, 58, 0
185, 22, 0, 46, 61, 0
185, 22, 1, 46, 63, 0
185, 22, 0, 47, 7, 0
185, 22, 3, 47, 9, 0
185, 22, 0, 47, 11, 0
185, 22, 1, 47, 13, 0
185, 22, 1, 47, 15, 0
185, 22, 2, 47, 17, 0
185, 22, 2, 47, 18, 0
185, 22, 3, 47, 19, 0
185, 22, 1, 47, 22, 0
185, 22, 2, 47, 23, 0
185, 22, 2, 47, 25, 0
185, 22, 1, 47, 26, 0
185, 22, 2, 47, 33, 0
185, 22, 1, 47, 39, 0
185, 22, 1, 47, 43, 0
185, 22, 2, 47, 45, 0
185, 22, 2, 47, 47, 0
185, 22, 1, 47, 52, 0
185, 22, 3, 47, 56, 0
185, 22, 0, 47, 58, 0
185, 22, 2, 47, 60, 0
185, 22, 1, 47, 62, 0
185, 22, 2, 48, 7, 0
185, 22, 1, 48, 8, 0
185, 22, 0, 48, 10, 0
185, 22, 0, 48, 12, 0
185, 22, 0, 48, 15, 0
185, 22, 3, 48, 19, 0
185, 22, 0, 48, 21, 0
185, 22, 1, 48, 23, 0
185, 22, 3, 48, 24, 0
185, 22, 0, 48, 26, 0
185, 22, 3, 48, 31, 0
185, 22, 3, 48, 32, 0
185, 22, 3, 48, 33, 0
185, 22, 0, 48, 34, 0
185, 22, 0, 48, 35, 0
185, 22, 1, 48, 36, 0
185, 22, 1, 48, 37, 0
185, 22, 2, 48, 38, 0
185, 22, 1, 48, 41, 0
185, 22, 0, 48, 43, 0
185, 22, 2, 48, 45, 0
185, 22, 2, 48, 47, 0
185, 22, 3, 48, 50, 0
185, 22, 0, 48, 52, 0
185, 22, 0, 48, 56, 0
185, 22, 0, 48, 57, 0
185, 22, 1, 48, 58, 0
185, 22, 1, 48, 60, 0
185, 22, 1, 48, 62, 0
185, 22, 3, 49, 6, 0
185, 22, 1, 49, 7, 0
185, 22, 1, 49, 8, 0
185, 22, 0, 49, 14, 0
185, 22, 0, 49, 15, 0
185, 22, 0, 49, 19, 0
185, 22, 3, 49, 20, 0
185, 22, 3, 49, 22, 0
185, 22, 2, 49, 24, 0
185, 22, 3, 49, 25, 0
185, 22, 0, 49, 26, 0
185, 22, 0, 49, 31, 0
185, 22, 2, 49, 33, 0
185, 22, 0, 49, 38, 0
185, 22, 2, 49, 39, 0
185, 22, 0, 49, 40, 0
185, 22, 1, 49, 41, 0
185, 22, 3, 49, 45, 0
185, 22, 0, 49, 46, 0
185, 22, 1, 49, 49, 0
185, 22, 2, 49, 51, 0
185, 22, 0, 49, 52, 0
185, 22, 1, 49, 56, 0
185, 22, 2, 49, 59, 0
185, 22, 0, 49, 62, 0
185, 22, 3, 49, 63, 0
185, 22, 1, 50, 5, 0
185, 22, 2, 50, 6, 0
185, 22, 1, 50, 13, 0
185, 22, 3, 50, 15, 0
185, 22, 0, 50, 19, 0
185, 22, 3, 50, 21, 0
185, 22, 0, 50, 37, 0
185, 22, 3, 50, 39, 0
185, 22, 3, 50, 40, 0
185, 22, 2, 50, 41, 0
185, 22, 3, 50, 42, 0
185, 22, 3, 50, 43, 0
185, 22, 3, 50, 46, 0
185, 22, 0, 50, 47, 0
185, 22, 1, 50, 48, 0
185, 22, 0, 50, 50, 0
185, 22, 3, 50, 52, 0
185, 22, 2, 50, 54, 0
185, 22, 1, 50, 55, 0
185, 22, 3, 50, 57, 0
185, 22, 2, 50, 60, 0
185, 22, 3, 50, 61, 0
185, 22, 0, 51, 4, 0
185, 22, 2, 51, 5, 0
185, 22, 3, 51, 14, 0
185, 22, 1, 51, 17, 0
185, 22, 0, 51, 19, 0
185, 22, 1, 51, 23, 0
185, 22, 2, 51, 24, 0
185, 22, 3, 51, 25, 0
185, 22, 0, 51, 26, 0
185, 22, 1, 51, 33, 0
185, 22, 1, 51, 37, 0
185, 22, 2, 51, 39, 0
185, 22, 2, 51, 41, 0
185, 22, 3, 51, 46, 0
185, 22, 2, 51, 48, 0
185, 22, 1, 51, 51, 0
185, 22, 2, 51, 52, 0
185, 22, 2, 51, 53, 0
185, 22, 2, 51, 57, 0
185, 22, 0, 51, 59, 0
185, 22, 1, 52, 5, 0
185, 22, 0, 52, 20, 0
185, 22, 3, 52, 24, 0
185, 22, 1, 52, 34, 0
185, 22, 2, 52, 36, 0
185, 22, 1, 52, 41, 0
185, 22, 0, 52, 42, 0
185, 22, 3, 52, 43, 0
185, 22, 0, 52, 44, 0
185, 22, 0, 52, 45, 0
185, 22, 2, 52, 46, 0
185, 22, 1, 52, 48, 0
185, 22, 2, 52, 53, 0
185, 22, 3, 52, 54, 0
185, 22, 0, 52, 55, 0
185, 22, 1, 52, 56, 0
185, 22, 0, 52, 58, 0
185, 22, 1, 52, 61, 0
185, 22, 2, 52, 62, 0
185, 22, 2, 52, 63, 0
185, 22, 2, 53, 3, 0
185, 22, 0, 53, 4, 0
185, 22, 0, 53, 5, 0
185, 22, 3, 53, 14, 0
185, 22, 3, 53, 15, 0
185, 22, 2, 53, 16, 0
185, 22, 1, 53, 18, 0
185, 22, 2, 53, 19, 0
185, 22, 3, 53, 20, 0
185, 22, 2, 53, 24, 0
185, 22, 0, 53, 33, 0
185, 22, 3, 53, 36, 0
185, 22, 0, 53, 39, 0
185, 22, 1, 53, 40, 0
185, 22, 1, 53, 42, 0
185, 22, 2, 53, 43, 0
185, 22, 1, 53, 51, 0
185, 22, 1, 53, 57, 0
185, 22, 1, 53, 60, 0
185, 22, 1, 53, 61, 0
185, 22, 0, 54, 4, 0
185, 22, 0, 54, 5, 0
185, 22, 0, 54, 14, 0
185, 22, 0, 54, 24, 0
185, 22, 0, 54, 25, 0
185, 22, 1, 54, 26, 0
185, 22, 3, 54, 33, 0
185, 22, 1, 54, 34, 0
185, 22, 2, 54, 35, 0
185, 22, 3, 54, 37, 0
185, 22, 3, 54, 38, 0
185, 22, 3, 54, 39, 0
185, 22, 1, 54, 44, 0
185, 22, 0, 54, 45, 0
185, 22, 0, 54, 47, 0
185, 22, 1, 54, 48, 0
185, 22, 1, 54, 49, 0
185, 22, 1, 54, 51, 0
185, 22, 0, 54, 53, 0
185, 22, 0, 54, 54, 0
185, 22, 2, 54, 55, 0
185, 22, 3, 54, 57, 0
185, 22, 1, 54, 59, 0
185, 22, 0, 54, 62, 0
185, 22, 1, 54, 63, 0
185, 22, 1, 55, 5, 0
185, 22, 0, 55, 15, 0
185, 22, 1, 55, 16, 0
185, 22, 0, 55, 17, 0
185, 22, 0, 55, 18, 0
185, 22, 3, 55, 21, 0
185, 22, 3, 55, 22, 0
185, 22, 0, 55, 24, 0
185, 22, 2, 55, 32, 0
185, 22, 3, 55, 33, 0
185, 22, 0, 55, 35, 0
185, 22, 3, 55, 37, 0
185, 22, 3, 55, 38, 0
185, 22, 0, 55, 44, 0
185, 22, 3, 55, 46, 0
185, 22, 0, 55, 47, 0
185, 22, 0, 55, 51, 0
185, 22, 3, 55, 52, 0
185, 22, 3, 55, 53, 0
185, 22, 0, 55, 54, 0
185, 22, 2, 56, 4, 0
185, 22, 1, 56, 5, 0
185, 22, 2, 56, 14, 0
185, 22, 3, 56, 21, 0
185, 22, 1, 56, 23, 0
185, 22, 1, 56, 24, 0
185, 22, 1, 56, 34, 0
185, 22, 1, 56, 36, 0
185, 22, 2, 56, 37, 0
185, 22, 2, 56, 38, 0
185, 22, 1, 56, 44, 0
185, 22, 2, 56, 46, 0
185, 22, 3, 56, 47, 0
185, 22, 2, 56, 49, 0
185, 22, 2, 56, 51, 0
185, 22, 1, 56, 54, 0
185, 22, 2, 56, 60, 0
185, 22, 1, 56, 61, 0
185, 22, 3, 56, 62, 0
185, 22, 2, 56, 63, 0
185, 22, 2, 57, 5, 0
185, 22, 3, 57, 6, 0
185, 22, 0, 57, 13, 0
185, 22, 1, 57, 14, 0
185, 22, 1, 57, 19, 0
185, 22, 2, 57, 20, 0
185, 22, 1, 57, 21, 0
185, 22, 2, 57, 22, 0
185, 22, 3, 57, 23, 0
185, 22, 1, 57, 32, 0
185, 22, 3, 57, 33, 0
185, 22, 2, 57, 44, 0
185, 22, 1, 57, 45, 0
185, 22, 1, 57, 46, 0
185, 22, 0, 57, 47, 0
185, 22, 2, 57, 49, 0
185, 22, 1, 57, 51, 0
185, 22, 2, 57, 53, 0
185, 22, 2, 57, 54, 0
185, 22, 0, 57, 59, 0
185, 22, 0, 57, 60, 0
185, 22, 2, 57, 61, 0
185, 22, 3, 57, 62, 0
185, 22, 3, 58, 7, 0
185, 22, 2, 58, 8, 0
185, 22, 0, 58, 10, 0
185, 22, 2, 58, 15, 0
185, 22, 3, 58, 20, 0
185, 22, 2, 58, 23, 0
185, 22, 3, 58, 32, 0
185, 22, 3, 58, 35, 0
185, 22, 3, 58, 36, 0
185, 22, 2, 58, 37, 0
185, 22, 2, 58, 38, 0
185, 22, 3, 58, 43, 0
185, 22, 2, 58, 44, 0
185, 22, 0, 58, 45, 0
185, 22, 1, 58, 47, 0
185, 22, 1, 58, 49, 0
185, 22, 1, 58, 51, 0
185, 22, 0, 58, 52, 0
185, 22, 3, 58, 53, 0
185, 22, 3, 58, 54, 0
185, 22, 0, 58, 55, 0
185, 22, 1, 58, 57, 0
185, 22, 2, 58, 58, 0
185, 22, 2, 59, 9, 0
185, 22, 3, 59, 10, 0
185, 22, 1, 59, 11, 0
185, 22, 1, 59, 12, 0
185, 22, 3, 59, 14, 0
185, 22, 2, 59, 15, 0
185, 22, 2, 59, 16, 0
185, 22, 2, 59, 18, 0
185, 22, 0, 59, 19, 0
185, 22, 0, 59, 21, 0
185, 22, 1, 59, 22, 0
185, 22, 2, 59, 23, 0
185, 22, 2, 59, 34, 0
185, 22, 0, 59, 35, 0
185, 22, 1, 59, 37, 0
185, 22, 2, 59, 38, 0
185, 22, 3, 59, 43, 0
185, 22, 2, 59, 46, 0
185, 22, 1, 59, 48, 0
185, 22, 2, 59, 54, 0
185, 22, 1, 59, 55, 0
185, 22, 2, 59, 56, 0
185, 22, 1, 59, 57, 0
185, 22, 3, 60, 13, 0
185, 22, 1, 60, 17, 0
185, 22, 0, 60, 20, 0
185, 22, 1, 60, 34, 0
185, 22, 0, 60, 35, 0
185, 22, 0, 60, 36, 0
185, 22, 1, 60, 37, 0
185, 22, 3, 60, 42, 0
185, 22, 0, 60, 43, 0
185, 22, 3, 60, 45, 0
185, 22, 3, 60, 47, 0
185, 22, 3, 60, 56, 0
185, 22, 3, 61, 15, 0
185, 22, 0, 61, 17, 0
185, 22, 0, 61, 21, 0
185, 22, 1, 61, 23, 0
185, 22, 3, 61, 35, 0
185, 22, 1, 61, 44, 0
185, 22, 2, 61, 45, 0
185, 22, 2, 61, 46, 0
186, 22, 1, 1, 10, 0
186, 22, 3, 4, 26, 0
186, 22, 2, 4, 60, 0
186, 22, 0, 5, 4, 0
186, 22, 3, 5, 11, 0
186, 22, 3, 5, 38, 0
186, 22, 0, 6, 25, 0
186, 22, 0, 6, 37, 0
186, 22, 0, 6, 42, 0
186, 22, 3, 6, 55, 0
186, 22, 1, 7, 61, 0
186, 22, 3, 8, 4, 0
186, 22, 1, 8, 33, 0
186, 22, 3, 8, 38, 0
186, 22, 1, 8, 45, 0
186, 22, 3, 8, 51, 0
186, 22, 0, 9, 57, 0
186, 22, 2, 10, 15, 0
186, 22, 2, 10, 48, 0
186, 22, 1, 10, 56, 0
186, 22, 3, 11, 11, 0
186, 22, 3, 11, 30, 0
186, 22, 1, 11, 34, 0
186, 22, 1, 11, 38, 0
186, 22, 0, 13, 25, 0
186, 22, 2, 14, 4, 0
186, 22, 3, 14, 48, 0
186, 22, 1, 14, 53, 0
186, 22, 3, 15, 9, 0
186, 22, 1, 15, 15, 0
186, 22, 1, 15, 29, 0
186, 22, 0, 15, 52, 0
186, 22, 0, 15, 57, 0
186, 22, 1, 16, 3, 0
186, 22, 2, 16, 22, 0
186, 22, 3, 16, 46, 0
186, 22, 2, 16, 51, 0
186, 22, 0, 16, 60, 0
186, 22, 3, 17, 17, 0
186, 22, 2, 17, 41, 0
186, 22, 0, 17, 44, 0
186, 22, 3, 17, 50, 0
186, 22, 0, 18, 8, 0
186, 22, 2, 18, 25, 0
186, 22, 1, 19, 58, 0
186, 22, 0, 20, 3, 0
186, 22, 2, 20, 15, 0
186, 22, 0, 20, 20, 0
186, 22, 1, 20, 29, 0
186, 22, 0, 20, 34, 0
186, 22, 0, 20, 50, 0
186, 22, 1, 21, 13, 0
186, 22, 3, 21, 38, 0
186, 22, 2, 21, 45, 0
186, 22, 3, 22, 53, 0
186, 22, 0, 22, 61, 0
186, 22, 1, 23, 47, 0
186, 22, 3, 24, 4, 0
186, 22, 0, 24, 21, 0
186, 22, 1, 24, 46, 0
186, 22, 1, 25, 10, 0
186, 22, 3, 25, 17, 0
186, 22, 2, 25, 50, 0
186, 22, 0, 25, 54, 0
186, 22, 1, 25, 56, 0
186, 22, 2, 26, 23, 0
186, 22, 1, 26, 27, 0
186, 22, 3, 26, 34, 0
186, 22, 0, 26, 41, 0
186, 22, 2, 27, 7, 0
186, 22, 0, 27, 46, 0
186, 22, 2, 27, 57, 0
186, 22, 2, 28, 29, 0
186, 22, 0, 29, 31, 0
186, 22, 3, 29, 60, 0
186, 22, 0, 30, 12, 0
186, 22, 3, 30, 21, 0
186, 22, 2, 30, 27, 0
186, 22, 1, 30, 41, 0
186, 22, 3, 30, 47, 0
186, 22, 2, 31, 19, 0
186, 22, 1, 33, 27, 0
186, 22, 0, 33, 29, 0
186, 22, 0, 34, 12, 0
186, 22, 0, 34, 30, 0
186, 22, 0, 34, 33, 0
186, 22, 2, 34, 48, 0
186, 22, 3, 34, 60, 0
186, 22, 0, 35, 23, 0
186, 22, 2, 35, 36, 0
186, 22, 2, 35, 41, 0
186, 22, 1, 35, 52, 0
186, 22, 2, 36, 9, 0
186, 22, 1, 36, 30, 0
186, 22, 3, 36, 46, 0
186, 22, 0, 37, 50, 0
186, 22, 1, 37, 62, 0
186, 22, 1, 38, 32, 0
186, 22, 1, 38, 56, 0
186, 22, 2, 38, 59, 0
186, 22, 2, 39, 16, 0
186, 22, 3, 39, 29, 0
186, 22, 1, 39, 35, 0
186, 22, 0, 39, 38, 0
186, 22, 2, 40, 43, 0
186, 22, 0, 41, 16, 0
186, 22, 1, 41, 30, 0
186, 22, 0, 41, 59, 0
186, 22, 3, 42, 22, 0
186, 22, 0, 42, 61, 0
186, 22, 2, 43, 26, 0
186, 22, 1, 44, 56, 0
186, 22, 2, 44, 61, 0
186, 22, 0, 45, 17, 0
186, 22, 0, 45, 32, 0
186, 22, 0, 46, 39, 0
186, 22, 3, 47, 10, 0
186, 22, 3, 47, 35, 0
186, 22, 1, 47, 37, 0
186, 22, 2, 48, 25, 0
186, 22, 1, 48, 46, 0
186, 22, 0, 48, 59, 0
186, 22, 1, 48, 63, 0
186, 22, 1, 49, 23, 0
186, 22, 2, 50, 14, 0
186, 22, 2, 50, 34, 0
186, 22, 2, 50, 38, 0
186, 22, 2, 50, 44, 0
186, 22, 3, 50, 51, 0
186, 22, 2, 51, 47, 0
186, 22, 0, 51, 56, 0
186, 22, 0, 52, 4, 0
186, 22, 0, 52, 39, 0
186, 22, 3, 52, 40, 0
186, 22, 1, 52, 52, 0
186, 22, 1, 53, 35, 0
186, 22, 1, 53, 44, 0
186, 22, 2, 53, 54, 0
186, 22, 2, 54, 15, 0
186, 22, 3, 55, 19, 0
186, 22, 0, 55, 23, 0
186, 22, 2, 55, 63, 0
186, 22, 2, 56, 45, 0
186, 22, 1, 56, 48, 0
186, 22, 0, 56, 53, 0
186, 22, 2, 57, 35, 0
186, 22, 3, 58, 13, 0
186, 22, 1, 58, 18, 0
186, 22, 1, 59, 33, 0
186, 22, 3, 59, 36, 0
186, 22, 0, 60, 16, 0
186, 22, 0, 60, 44, 0
186, 22, 3, 60, 46, 0
197, 4, 3, 5, 6, 0
197, 4, 3, 8, 6, 0
197, 4, 1, 8, 10, 0
197, 4, 3, 10, 6, 0
197, 4, 1, 10, 10, 0
197, 4, 3, 13, 6, 0
197, 4, 3, 20, 6, 0
197, 4, 1, 20, 8, 0
197, 4, 1, 22, 8, 0
197, 4, 3, 23, 6, 0
324, 22, 1, 7, 12, 0
324, 22, 1, 8, 20, 0
324, 22, 2, 9, 16, 0
324, 22, 3, 9, 18, 0
324, 22, 0, 9, 19, 0
324, 22, 2, 9, 22, 0
324, 22, 0, 12, 13, 0
324, 22, 3, 17, 11, 0
324, 22, 2, 20, 10, 0
325, 22, 3, 5, 13, 0
325, 22, 2, 6, 12, 0
325, 22, 0, 7, 28, 0
325, 22, 2, 8, 12, 0
325, 22, 0, 8, 18, 0
325, 22, 1, 8, 19, 0
325, 22, 3, 8, 21, 0
325, 22, 1, 8, 22, 0
325, 22, 2, 8, 23, 0
325, 22, 3, 8, 24, 0
325, 22, 0, 8, 25, 0
325, 22, 1, 8, 26, 0
325, 22, 3, 8, 27, 0
325, 22, 0, 9, 11, 0
325, 22, 1, 9, 12, 0
325, 22, 3, 9, 14, 0
325, 22, 0, 9, 15, 0
325, 22, 1, 9, 17, 0
325, 22, 2, 9, 20, 0
325, 22, 0, 9, 21, 0
325, 22, 1, 9, 23, 0
325, 22, 3, 9, 25, 0
325, 22, 1, 9, 26, 0
325, 22, 1, 10, 13, 0
325, 22, 2, 10, 18, 0
325, 22, 3, 10, 19, 0
325, 22, 3, 10, 25, 0
325, 22, 0, 11, 13, 0
325, 22, 3, 13, 13, 0
325, 22, 2, 14, 13, 0
325, 22, 1, 16, 11, 0
325, 22, 0, 19, 10, 0
325, 22, 3, 21, 9, 0
326, 22, 2, 7, 19, 0
326, 22, 1, 7, 25, 0
326, 22, 0, 9, 13, 0
326, 22, 2, 9, 24, 0
326, 22, 2, 10, 20, 0
326, 22, 0, 10, 26, 0
326, 22, 0, 15, 12, 0
326, 22, 1, 18, 10, 0
354, 10, 1, 20, 7, 0
355, 10, 1, 20, 6, 0
356, 10, 2, 14, 9, 0
356, 10, 1, 23, 8, 0
357, 10, 0, 6, 20, 0
357, 10, 2, 7, 22, 0
357, 10, 1, 10, 21, 0
357, 10, 1, 11, 19, 0
357, 10, 3, 14, 6, 0
357, 10, 0, 15, 7, 0
357, 10, 3, 16, 6, 0
358, 10, 2, 7, 21, 0
358, 10, 1, 7, 23, 0
358, 10, 0, 10, 22, 0
358, 10, 2, 10, 23, 0
358, 10, 3, 11, 20, 0
358, 10, 1, 15, 6, 0
358, 10, 1, 23, 6, 0
366, 10, 1, 21, 6, 0
423, 10, 2, 12, 6, 0
541, 10, 2, 12, 36, 0
541, 10, 2, 13, 53, 0
541, 10, 3, 16, 43, 0
541, 10, 1, 20, 56, 0
541, 10, 3, 23, 33, 0
541, 10, 1, 27, 18, 0
541, 10, 0, 29, 57, 0
541, 10, 0, 30, 33, 0
541, 10, 0, 38, 19, 0
541, 10, 1, 42, 40, 0
541, 10, 0, 43, 58, 0
541, 10, 0, 44, 21, 0
541, 10, 1, 48, 40, 0
541, 10, 3, 48, 48, 0
541, 10, 2, 54, 49, 0
542, 10, 3, 10, 36, 0
542, 10, 0, 12, 51, 0
542, 10, 0, 13, 36, 0
542, 10, 0, 13, 51, 0
542, 10, 3, 13, 56, 0
542, 10, 2, 15, 44, 0
542, 10, 1, 16, 41, 0
542, 10, 1, 18, 58, 0
542, 10, 1, 22, 31, 0
542, 10, 2, 22, 55, 0
542, 10, 0, 23, 34, 0
542, 10, 2, 26, 19, 0
542, 10, 3, 28, 17, 0
542, 10, 0, 29, 34, 0
542, 10, 2, 29, 56, 0
542, 10, 3, 31, 33, 0
542, 10, 3, 31, 58, 0
542, 10, 1, 37, 20, 0
542, 10, 1, 39, 18, 0
542, 10, 1, 40, 60, 0
542, 10, 2, 41, 41, 0
542, 10, 2, 44, 19, 0
542, 10, 2, 44, 58, 0
542, 10, 3, 45, 22, 0
542, 10, 0, 46, 24, 0
542, 10, 2, 46, 48, 0
542, 10, 1, 47, 41, 0
542, 10, 0, 48, 49, 0
542, 10, 0, 49, 48, 0
542, 10, 0, 52, 50, 0
542, 10, 3, 55, 48, 0
542, 10, 2, 55, 50, 0
548, 10, 0, 28, 8, 0
549, 10, 2, 5, 22, 0
549, 10, 0, 11, 22, 0
549, 10, 3, 13, 18, 0
549, 10, 0, 28, 10, 0
550, 10, 1, 2, 19, 0
550, 10, 2, 3, 44, 0
550, 10, 1, 3, 61, 0
550, 10, 1, 4, 29, 0
550, 10, 1, 15, 19, 0
550, 10, 0, 16, 24, 0
550, 10, 0, 20, 47, 0
550, 10, 1, 21, 17, 0
550, 10, 3, 22, 19, 0
550, 10, 1, 24, 13, 0
550, 10, 2, 26, 43, 0
550, 10, 0, 28, 6, 0
550, 10, 1, 30, 7, 0
550, 10, 1, 32, 44, 0
550, 10, 0, 35, 17, 0
550, 10, 2, 39, 53, 0
550, 10, 0, 40, 23, 0
550, 10, 2, 52, 22, 0
550, 10, 1, 52, 37, 0
550, 10, 3, 56, 57, 0
551, 10, 0, 3, 33, 0
551, 10, 1, 4, 42, 0
551, 10, 3, 4, 55, 0
551, 10, 3, 14, 25, 0
551, 10, 1, 16, 56, 0
551, 10, 3, 19, 22, 0
551, 10, 1, 20, 59, 0
551, 10, 2, 22, 15, 0
551, 10, 2, 23, 49, 0
551, 10, 2, 27, 12, 0
551, 10, 0, 28, 4, 0
551, 10, 3, 29, 45, 0
551, 10, 3, 33, 16, 0
551, 10, 1, 34, 5, 0
551, 10, 0, 38, 25, 0
551, 10, 0, 42, 55, 0
551, 10, 0, 50, 35, 0
551, 10, 2, 52, 25, 0
551, 10, 2, 54, 60, 0
551, 10, 3, 55, 55, 0
610, 10, 3, 5, 7, 0
610, 10, 2, 5, 14, 0
610, 10, 1, 17, 8, 0
849, 10, 3, 2, 18, 0
849, 10, 3, 3, 18, 0
849, 10, 3, 4, 18, 0
849, 10, 3, 4, 20, 0
849, 10, 3, 5, 20, 0
849, 10, 3, 6, 24, 0
849, 10, 3, 7, 24, 0
849, 10, 3, 10, 24, 0
849, 10, 3, 11, 24, 0
849, 10, 3, 13, 20, 0
849, 10, 3, 14, 20, 0
849, 10, 3, 16, 18, 0
849, 10, 3, 17, 18, 0
849, 10, 3, 18, 18, 0
849, 10, 3, 19, 18, 0
917, 22, 3, 7, 7, 0
917, 22, 0, 7, 8, 0
917, 22, 2, 11, 7, 0
917, 22, 1, 11, 8, 0
918, 22, 2, 8, 7, 0
918, 22, 0, 8, 8, 0
918, 22, 2, 9, 7, 0
918, 22, 0, 9, 8, 0
918, 22, 2, 10, 7, 0
918, 22, 0, 10, 8, 0
997, 0, 3, 3, 17, 0
997, 0, 3, 4, 17, 0
997, 9, 2, 5, 17, 0
997, 0, 2, 5, 18, 0
997, 0, 2, 5, 19, 0
997, 0, 2, 5, 20, 0
997, 9, 2, 6, 21, 0
997, 0, 2, 6, 22, 0
997, 0, 2, 6, 23, 0
997, 9, 3, 11, 21, 0
997, 0, 0, 11, 22, 0
997, 0, 0, 11, 23, 0
997, 9, 3, 12, 18, 0
997, 0, 0, 12, 19, 0
997, 0, 0, 12, 20, 0
997, 0, 3, 13, 18, 0
997, 0, 3, 14, 18, 0
997, 9, 3, 15, 17, 0
997, 0, 3, 16, 17, 0
997, 0, 3, 17, 17, 0
997, 0, 3, 18, 17, 0
997, 0, 3, 19, 17, 0
997, 9, 3, 20, 16, 0
997, 9, 3, 21, 15, 0
997, 9, 3, 22, 14, 0
997, 9, 3, 23, 13, 0
997, 0, 3, 24, 13, 0
997, 0, 3, 25, 13, 0
997, 9, 3, 26, 12, 0
997, 0, 0, 27, 2, 0
997, 0, 0, 27, 3, 0
997, 0, 0, 27, 4, 0
997, 9, 0, 27, 5, 0
997, 9, 3, 27, 11, 0
997, 0, 0, 28, 6, 0
997, 0, 0, 28, 7, 0
997, 0, 0, 28, 8, 0
997, 0, 0, 28, 9, 0
997, 0, 0, 28, 10, 0
1102, 10, 1, 22, 6, 0
1459, 1, 1, 0, 8, 0
1459, 0, 2, 0, 9, 0
1459, 0, 2, 0, 10, 0
1459, 0, 2, 0, 11, 0
1459, 1, 2, 0, 12, 0
1459, 1, 1, 0, 18, 0
1459, 1, 2, 0, 19, 0
1459, 1, 1, 0, 25, 0
1459, 1, 2, 0, 26, 0
1459, 1, 1, 0, 33, 0
1459, 0, 2, 0, 34, 0
1459, 0, 2, 0, 35, 0
1459, 1, 2, 0, 36, 0
1459, 1, 1, 0, 43, 0
1459, 0, 2, 0, 44, 0
1459, 1, 2, 0, 45, 0
1459, 1, 1, 1, 6, 0
1459, 0, 2, 1, 7, 0
1459, 9, 1, 1, 8, 0
1459, 9, 2, 1, 12, 0
1459, 0, 2, 1, 13, 0
1459, 1, 2, 1, 14, 0
1459, 1, 1, 1, 17, 0
1459, 9, 1, 1, 18, 0
1459, 9, 2, 1, 19, 0
1459, 0, 2, 1, 20, 0
1459, 1, 2, 1, 21, 0
1459, 1, 1, 1, 24, 0
1459, 9, 1, 1, 25, 0
1459, 9, 2, 1, 26, 0
1459, 0, 2, 1, 27, 0
1459, 1, 2, 1, 28, 0
1459, 1, 1, 1, 31, 0
1459, 0, 2, 1, 32, 0
1459, 9, 1, 1, 33, 0
1459, 9, 2, 1, 36, 0
1459, 0, 2, 1, 37, 0
1459, 0, 2, 1, 38, 0
1459, 1, 2, 1, 39, 0
1459, 1, 1, 1, 42, 0
1459, 9, 1, 1, 43, 0
1459, 9, 2, 1, 45, 0
1459, 1, 2, 1, 46, 0
1459, 1, 1, 1, 53, 0
1459, 0, 2, 1, 54, 0
1459, 0, 2, 1, 55, 0
1459, 1, 2, 1, 56, 0
1459, 1, 1, 1, 60, 0
1459, 0, 2, 1, 61, 0
1459, 0, 2, 1, 62, 0
1459, 0, 2, 1, 63, 0
1459, 1, 1, 2, 4, 0
1459, 0, 2, 2, 5, 0
1459, 9, 1, 2, 6, 0
1459, 9, 2, 2, 14, 0
1459, 0, 2, 2, 15, 0
1459, 0, 2, 2, 16, 0
1459, 9, 1, 2, 17, 0
1459, 9, 2, 2, 21, 0
1459, 0, 2, 2, 22, 0
1459, 0, 2, 2, 23, 0
1459, 9, 1, 2, 24, 0
1459, 9, 2, 2, 28, 0
1459, 0, 2, 2, 29, 0
1459, 0, 2, 2, 30, 0
1459, 9, 1, 2, 31, 0
1459, 9, 2, 2, 39, 0
1459, 0, 2, 2, 40, 0
1459, 0, 2, 2, 41, 0
1459, 9, 1, 2, 42, 0
1459, 9, 2, 2, 46, 0
1459, 0, 2, 2, 47, 0
1459, 1, 2, 2, 48, 0
1459, 1, 1, 2, 52, 0
1459, 9, 1, 2, 53, 0
1459, 9, 2, 2, 56, 0
1459, 1, 2, 2, 57, 0
1459, 1, 1, 2, 59, 0
1459, 9, 1, 2, 60, 0
1459, 1, 1, 3, 3, 0
1459, 9, 1, 3, 4, 0
1459, 9, 2, 3, 48, 0
1459, 0, 2, 3, 49, 0
1459, 1, 2, 3, 50, 0
1459, 0, 1, 3, 52, 0
1459, 9, 2, 3, 57, 0
1459, 0, 2, 3, 58, 0
1459, 9, 1, 3, 59, 0
1459, 1, 1, 4, 2, 0
1459, 9, 1, 4, 3, 0
1459, 9, 2, 4, 50, 0
1459, 0, 2, 4, 51, 0
1459, 9, 1, 4, 52, 0
1459, 1, 1, 5, 1, 0
1459, 9, 1, 5, 2, 0
1459, 1, 1, 6, 0, 0
1459, 9, 1, 6, 1, 0
1459, 0, 1, 7, 0, 0
1459, 1, 0, 8, 0, 0
1459, 9, 0, 8, 1, 0
1459, 1, 0, 9, 1, 0
1459, 9, 0, 9, 2, 0
1459, 0, 1, 10, 2, 0
1459, 1, 0, 11, 2, 0
1459, 9, 0, 11, 3, 0
1459, 0, 1, 12, 3, 0
1459, 1, 1, 13, 2, 0
1459, 9, 1, 13, 3, 0
1459, 1, 1, 14, 1, 0
1459, 9, 1, 14, 2, 0
1459, 0, 1, 15, 1, 0
1459, 1, 0, 16, 1, 0
1459, 9, 0, 16, 2, 0
1459, 0, 1, 17, 2, 0
1459, 0, 1, 18, 2, 0
1459, 1, 1, 19, 1, 0
1459, 9, 1, 19, 2, 0
1459, 0, 1, 20, 1, 0
1459, 0, 1, 21, 1, 0
1459, 1, 1, 22, 0, 0
1459, 9, 1, 22, 1, 0
1459, 0, 1, 23, 0, 0
1459, 0, 1, 24, 0, 0
1459, 1, 0, 25, 0, 0
1459, 9, 0, 25, 1, 0
1459, 0, 1, 26, 1, 0
1459, 1, 0, 27, 1, 0
1459, 9, 0, 27, 2, 0
1459, 1, 0, 28, 2, 0
1459, 9, 0, 28, 3, 0
1459, 0, 1, 29, 3, 0
1459, 0, 1, 30, 3, 0
1459, 1, 1, 31, 1, 0
1459, 0, 2, 31, 2, 0
1459, 9, 1, 31, 3, 0
1459, 1, 0, 33, 1, 0
1459, 0, 0, 33, 2, 0
1459, 9, 0, 33, 3, 0
1459, 0, 1, 34, 3, 0
1459, 1, 1, 35, 2, 0
1459, 9, 1, 35, 3, 0
1459, 0, 1, 36, 2, 0
1459, 1, 0, 37, 2, 0
1459, 9, 0, 37, 3, 0
1459, 1, 0, 38, 3, 0
1459, 0, 0, 38, 4, 0
1459, 9, 0, 38, 5, 0
1459, 1, 0, 39, 5, 0
1459, 9, 0, 39, 6, 0
1459, 1, 0, 40, 6, 0
1459, 9, 0, 40, 7, 0
1459, 9, 3, 40, 12, 0
1459, 9, 0, 40, 13, 0
1459, 0, 1, 41, 7, 0
1459, 9, 3, 41, 11, 0
1459, 1, 3, 41, 12, 0
1459, 1, 0, 41, 13, 0
1459, 9, 0, 41, 14, 0
1459, 1, 0, 42, 7, 0
1459, 9, 0, 42, 8, 0
1459, 9, 3, 42, 10, 0
1459, 1, 3, 42, 11, 0
1459, 0, 1, 42, 14, 0
1459, 1, 0, 43, 8, 0
1459, 0, 0, 43, 9, 0
1459, 1, 3, 43, 10, 0
1459, 0, 1, 43, 14, 0
1459, 1, 1, 44, 7, 0
1459, 0, 2, 44, 8, 0
1459, 0, 2, 44, 9, 0
1459, 1, 2, 44, 10, 0
1459, 1, 1, 44, 13, 0
1459, 9, 1, 44, 14, 0
1459, 9, 3, 44, 28, 0
1459, 0, 0, 44, 29, 0
1459, 9, 0, 44, 30, 0
1459, 1, 1, 45, 6, 0
1459, 9, 1, 45, 7, 0
1459, 9, 2, 45, 10, 0
1459, 0, 2, 45, 11, 0
1459, 0, 2, 45, 12, 0
1459, 9, 1, 45, 13, 0
1459, 9, 3, 45, 27, 0
1459, 1, 3, 45, 28, 0
1459, 0, 1, 45, 30, 0
1459, 0, 1, 46, 6, 0
1459, 0, 3, 46, 27, 0
1459, 1, 1, 46, 29, 0
1459, 9, 1, 46, 30, 0
1459, 0, 1, 47, 6, 0
1459, 0, 3, 47, 27, 0
1459, 0, 1, 47, 29, 0
1459, 1, 1, 48, 5, 0
1459, 9, 1, 48, 6, 0
1459, 9, 2, 48, 27, 0
1459, 1, 2, 48, 28, 0
1459, 0, 1, 48, 29, 0
1459, 1, 1, 49, 4, 0
1459, 9, 1, 49, 5, 0
1459, 0, 3, 49, 28, 0
1459, 1, 0, 49, 29, 0
1459, 9, 0, 49, 30, 0
1459, 1, 1, 50, 3, 0
1459, 9, 1, 50, 4, 0
1459, 0, 3, 50, 28, 0
1459, 1, 0, 50, 30, 0
1459, 9, 0, 50, 31, 0
1459, 1, 1, 51, 2, 0
1459, 9, 1, 51, 3, 0
1459, 0, 3, 51, 28, 0
1459, 1, 0, 51, 31, 0
1459, 9, 0, 51, 32, 0
1459, 0, 1, 52, 2, 0
1459, 9, 3, 52, 27, 0
1459, 1, 3, 52, 28, 0
1459, 0, 1, 52, 32, 0
1459, 0, 1, 53, 2, 0
1459, 0, 3, 53, 27, 0
1459, 0, 1, 53, 32, 0
1459, 1, 0, 54, 2, 0
1459, 9, 0, 54, 3, 0
1459, 0, 3, 54, 27, 0
1459, 0, 1, 54, 32, 0
1459, 0, 1, 55, 3, 0
1459, 9, 3, 55, 26, 0
1459, 1, 3, 55, 27, 0
1459, 1, 1, 55, 31, 0
1459, 9, 1, 55, 32, 0
1459, 9, 3, 55, 40, 0
1459, 0, 0, 55, 41, 0
1459, 0, 0, 55, 42, 0
1459, 9, 0, 55, 43, 0
1459, 0, 1, 56, 3, 0
1459, 0, 3, 56, 26, 0
1459, 0, 1, 56, 31, 0
1459, 9, 3, 56, 39, 0
1459, 1, 3, 56, 40, 0
1459, 0, 1, 56, 43, 0
1459, 1, 0, 57, 3, 0
1459, 9, 0, 57, 4, 0
1459, 9, 3, 57, 25, 0
1459, 1, 3, 57, 26, 0
1459, 1, 1, 57, 30, 0
1459, 9, 1, 57, 31, 0
1459, 0, 3, 57, 39, 0
1459, 1, 1, 57, 42, 0
1459, 9, 1, 57, 43, 0
1459, 1, 0, 58, 4, 0
1459, 0, 0, 58, 5, 0
1459, 9, 0, 58, 6, 0
1459, 0, 3, 58, 25, 0
1459, 0, 1, 58, 30, 0
1459, 9, 2, 58, 39, 0
1459, 1, 2, 58, 40, 0
1459, 1, 1, 58, 41, 0
1459, 9, 1, 58, 42, 0
1459, 9, 3, 58, 60, 0
1459, 0, 0, 58, 61, 0
1459, 0, 0, 58, 62, 0
1459, 0, 0, 58, 63, 0
1459, 1, 0, 59, 6, 0
1459, 9, 0, 59, 7, 0
1459, 0, 3, 59, 25, 0
1459, 1, 0, 59, 30, 0
1459, 9, 0, 59, 31, 0
1459, 0, 3, 59, 40, 0
1459, 0, 1, 59, 41, 0
1459, 9, 3, 59, 49, 0
1459, 0, 0, 59, 50, 0
1459, 9, 0, 59, 51, 0
1459, 9, 3, 59, 58, 0
1459, 0, 0, 59, 59, 0
1459, 1, 3, 59, 60, 0
1459, 1, 0, 60, 7, 0
1459, 0, 0, 60, 8, 0
1459, 0, 0, 60, 9, 0
1459, 0, 0, 60, 10, 0
1459, 9, 0, 60, 11, 0
1459, 0, 3, 60, 25, 0
1459, 1, 0, 60, 31, 0
1459, 9, 0, 60, 32, 0
1459, 9, 3, 60, 39, 0
1459, 1, 3, 60, 40, 0
1459, 0, 1, 60, 41, 0
1459, 0, 3, 60, 49, 0
1459, 1, 0, 60, 51, 0
1459, 0, 0, 60, 52, 0
1459, 0, 0, 60, 53, 0
1459, 9, 0, 60, 54, 0
1459, 9, 3, 60, 57, 0
1459, 1, 3, 60, 58, 0
1459, 1, 0, 61, 11, 0
1459, 0, 0, 61, 12, 0
1459, 9, 0, 61, 13, 0
1459, 9, 3, 61, 18, 0
1459, 0, 0, 61, 19, 0
1459, 9, 0, 61, 20, 0
1459, 9, 3, 61, 24, 0
1459, 1, 3, 61, 25, 0
1459, 1, 0, 61, 32, 0
1459, 9, 0, 61, 33, 0
1459, 9, 3, 61, 37, 0
1459, 0, 0, 61, 38, 0
1459, 1, 3, 61, 39, 0
1459, 1, 0, 61, 41, 0
1459, 9, 0, 61, 42, 0
1459, 9, 3, 61, 48, 0
1459, 1, 3, 61, 49, 0
1459, 1, 0, 61, 54, 0
1459, 0, 0, 61, 55, 0
1459, 0, 0, 61, 56, 0
1459, 1, 3, 61, 57, 0
1459, 1, 0, 62, 13, 0
1459, 0, 0, 62, 14, 0
1459, 0, 0, 62, 15, 0
1459, 0, 0, 62, 16, 0
1459, 0, 0, 62, 17, 0
1459, 1, 3, 62, 18, 0
1459, 1, 0, 62, 20, 0
1459, 0, 0, 62, 21, 0
1459, 0, 0, 62, 22, 0
1459, 0, 0, 62, 23, 0
1459, 1, 3, 62, 24, 0
1459, 1, 0, 62, 33, 0
1459, 0, 0, 62, 34, 0
1459, 0, 0, 62, 35, 0
1459, 0, 0, 62, 36, 0
1459, 1, 3, 62, 37, 0
1459, 1, 0, 62, 42, 0
1459, 0, 0, 62, 43, 0
1459, 0, 0, 62, 44, 0
1459, 0, 0, 62, 45, 0
1459, 0, 0, 62, 46, 0
1459, 0, 0, 62, 47, 0
1459, 1, 3, 62, 48, 0
1460, 10, 2, 2, 58, 0
1460, 10, 3, 3, 51, 0
1460, 10, 2, 12, 2, 0
1460, 10, 2, 29, 2, 0
1460, 10, 2, 30, 2, 0
1460, 10, 1, 32, 0, 0
1460, 10, 2, 34, 2, 0
1460, 10, 2, 42, 12, 0
1460, 10, 2, 42, 13, 0
1460, 10, 2, 43, 7, 0
1460, 10, 2, 43, 11, 0
1460, 10, 2, 43, 12, 0
1460, 10, 2, 43, 13, 0
1460, 10, 2, 44, 11, 0
1460, 10, 2, 44, 12, 0
1460, 10, 2, 45, 29, 0
1460, 10, 2, 46, 28, 0
1460, 10, 2, 47, 28, 0
1460, 10, 2, 50, 29, 0
1460, 10, 2, 51, 29, 0
1460, 10, 2, 51, 30, 0
1460, 10, 2, 52, 29, 0
1460, 10, 2, 52, 30, 0
1460, 10, 2, 52, 31, 0
1460, 10, 2, 53, 28, 0
1460, 10, 2, 53, 29, 0
1460, 10, 2, 53, 30, 0
1460, 10, 2, 53, 31, 0
1460, 10, 2, 54, 28, 0
1460, 10, 2, 54, 29, 0
1460, 10, 2, 54, 30, 0
1460, 10, 2, 54, 31, 0
1460, 10, 2, 55, 28, 0
1460, 10, 2, 55, 29, 0
1460, 10, 2, 55, 30, 0
1460, 10, 2, 56, 27, 0
1460, 10, 2, 56, 28, 0
1460, 10, 2, 56, 29, 0
1460, 10, 2, 56, 30, 0
1460, 10, 2, 56, 41, 0
1460, 10, 2, 56, 42, 0
1460, 10, 2, 57, 27, 0
1460, 10, 2, 57, 28, 0
1460, 10, 2, 57, 29, 0
1460, 10, 2, 57, 40, 0
1460, 10, 2, 57, 41, 0
1460, 10, 2, 58, 26, 0
1460, 10, 2, 58, 27, 0
1460, 10, 2, 58, 28, 0
1460, 10, 2, 58, 29, 0
1460, 10, 2, 60, 50, 0
1460, 10, 2, 61, 40, 0
1460, 10, 2, 62, 19, 0
1460, 10, 0, 0, 0, 1
1460, 10, 0, 0, 1, 1
1460, 10, 0, 0, 2, 1
1460, 10, 0, 0, 3, 1
1460, 10, 0, 0, 4, 1
1460, 10, 0, 0, 5, 1
1460, 10, 0, 0, 6, 1
1460, 10, 0, 0, 7, 1
1460, 10, 0, 0, 13, 1
1460, 10, 0, 0, 14, 1
1460, 10, 0, 0, 15, 1
1460, 10, 0, 0, 16, 1
1460, 10, 0, 0, 17, 1
1460, 10, 0, 0, 20, 1
1460, 10, 0, 0, 21, 1
1460, 10, 0, 0, 22, 1
1460, 10, 0, 0, 23, 1
1460, 10, 0, 0, 24, 1
1460, 10, 0, 0, 27, 1
1460, 10, 0, 0, 28, 1
1460, 10, 0, 0, 29, 1
1460, 10, 0, 0, 30, 1
1460, 10, 0, 0, 31, 1
1460, 10, 0, 0, 32, 1
1460, 10, 0, 0, 37, 1
1460, 10, 0, 0, 38, 1
1460, 10, 0, 0, 39, 1
1460, 10, 0, 0, 40, 1
1460, 10, 0, 0, 41, 1
1460, 10, 0, 0, 42, 1
1460, 10, 0, 0, 46, 1
1460, 10, 0, 0, 47, 1
1460, 10, 0, 0, 48, 1
1460, 10, 0, 0, 49, 1
1460, 10, 0, 0, 50, 1
1460, 10, 0, 0, 51, 1
1460, 10, 0, 0, 52, 1
1460, 10, 0, 0, 53, 1
1460, 10, 0, 0, 54, 1
1460, 10, 0, 0, 55, 1
1460, 10, 0, 0, 56, 1
1460, 10, 0, 0, 57, 1
1460, 10, 0, 0, 58, 1
1460, 10, 0, 0, 59, 1
1460, 10, 0, 0, 60, 1
1460, 10, 0, 0, 61, 1
1460, 10, 0, 0, 62, 1
1460, 10, 0, 0, 63, 1
1460, 10, 0, 1, 0, 1
1460, 10, 0, 1, 1, 1
1460, 10, 0, 1, 2, 1
1460, 10, 0, 1, 3, 1
1460, 10, 0, 1, 4, 1
1460, 10, 0, 1, 5, 1
1460, 10, 0, 1, 15, 1
1460, 10, 0, 1, 16, 1
1460, 10, 0, 1, 22, 1
1460, 10, 0, 1, 23, 1
1460, 10, 0, 1, 29, 1
1460, 10, 0, 1, 30, 1
1460, 10, 0, 1, 40, 1
1460, 10, 0, 1, 41, 1
1460, 10, 0, 1, 47, 1
1460, 10, 0, 1, 48, 1
1460, 10, 0, 1, 49, 1
1460, 10, 0, 1, 50, 1
1460, 10, 0, 1, 51, 1
1460, 10, 0, 1, 52, 1
1460, 10, 0, 1, 57, 1
1460, 10, 0, 1, 58, 1
1460, 10, 0, 1, 59, 1
1460, 10, 0, 2, 0, 1
1460, 10, 0, 2, 1, 1
1460, 10, 0, 2, 2, 1
1460, 10, 0, 2, 3, 1
1460, 10, 0, 2, 49, 1
1460, 10, 0, 2, 50, 1
1460, 10, 0, 2, 51, 1
1460, 10, 0, 2, 58, 1
1460, 10, 0, 3, 0, 1
1460, 10, 0, 3, 1, 1
1460, 10, 0, 3, 2, 1
1460, 10, 0, 3, 51, 1
1460, 10, 0, 4, 0, 1
1460, 10, 0, 4, 1, 1
1460, 10, 0, 5, 0, 1
1460, 10, 0, 9, 0, 1
1460, 10, 0, 10, 0, 1
1460, 10, 0, 10, 1, 1
1460, 10, 0, 11, 0, 1
1460, 10, 0, 11, 1, 1
1460, 10, 0, 12, 0, 1
1460, 10, 0, 12, 1, 1
1460, 10, 0, 12, 2, 1
1460, 10, 0, 13, 0, 1
1460, 10, 0, 13, 1, 1
1460, 10, 0, 14, 0, 1
1460, 10, 0, 15, 0, 1
1460, 10, 0, 16, 0, 1
1460, 10, 0, 17, 0, 1
1460, 10, 0, 17, 1, 1
1460, 10, 0, 18, 0, 1
1460, 10, 0, 18, 1, 1
1460, 10, 0, 19, 0, 1
1460, 10, 0, 20, 0, 1
1460, 10, 0, 21, 0, 1
1460, 10, 0, 26, 0, 1
1460, 10, 0, 27, 0, 1
1460, 10, 0, 28, 0, 1
1460, 10, 0, 28, 1, 1
1460, 10, 0, 29, 0, 1
1460, 10, 0, 29, 1, 1
1460, 10, 0, 29, 2, 1
1460, 10, 0, 30, 0, 1
1460, 10, 0, 30, 1, 1
1460, 10, 0, 30, 2, 1
1460, 10, 0, 31, 0, 1
1460, 10, 0, 32, 0, 1
1460, 10, 0, 33, 0, 1
1460, 10, 0, 34, 0, 1
1460, 10, 0, 34, 1, 1
1460, 10, 0, 34, 2, 1
1460, 10, 0, 35, 0, 1
1460, 10, 0, 35, 1, 1
1460, 10, 0, 36, 0, 1
1460, 10, 0, 36, 1, 1
1460, 10, 0, 37, 0, 1
1460, 10, 0, 37, 1, 1
1460, 10, 0, 38, 0, 1
1460, 10, 0, 38, 1, 1
1460, 10, 0, 38, 2, 1
1460, 10, 0, 39, 0, 1
1460, 10, 0, 39, 1, 1
1460, 10, 0, 39, 2, 1
1460, 10, 0, 39, 3, 1
1460, 10, 0, 39, 4, 1
1460, 10, 0, 40, 0, 1
1460, 10, 0, 40, 1, 1
1460, 10, 0, 40, 2, 1
1460, 10, 0, 40, 3, 1
1460, 10, 0, 40, 4, 1
1460, 10, 0, 40, 5, 1
1460, 10, 0, 41, 0, 1
1460, 10, 0, 41, 1, 1
1460, 10, 0, 41, 2, 1
1460, 10, 0, 41, 3, 1
1460, 10, 0, 41, 4, 1
1460, 10, 0, 41, 5, 1
1460, 10, 0, 41, 6, 1
1460, 10, 0, 42, 0, 1
1460, 10, 0, 42, 1, 1
1460, 10, 0, 42, 2, 1
1460, 10, 0, 42, 3, 1
1460, 10, 0, 42, 4, 1
1460, 10, 0, 42, 5, 1
1460, 10, 0, 42, 6, 1
1460, 10, 0, 42, 12, 1
1460, 10, 0, 42, 13, 1
1460, 10, 0, 43, 0, 1
1460, 10, 0, 43, 1, 1
1460, 10, 0, 43, 2, 1
1460, 10, 0, 43, 3, 1
1460, 10, 0, 43, 4, 1
1460, 10, 0, 43, 5, 1
1460, 10, 0, 43, 6, 1
1460, 10, 0, 43, 7, 1
1460, 10, 0, 43, 11, 1
1460, 10, 0, 43, 12, 1
1460, 10, 0, 43, 13, 1
1460, 10, 0, 44, 0, 1
1460, 10, 0, 44, 1, 1
1460, 10, 0, 44, 2, 1
1460, 10, 0, 44, 3, 1
1460, 10, 0, 44, 4, 1
1460, 10, 0, 44, 5, 1
1460, 10, 0, 44, 6, 1
1460, 10, 0, 44, 11, 1
1460, 10, 0, 44, 12, 1
1460, 10, 0, 45, 0, 1
1460, 10, 0, 45, 1, 1
1460, 10, 0, 45, 2, 1
1460, 10, 0, 45, 3, 1
1460, 10, 0, 45, 4, 1
1460, 10, 0, 45, 5, 1
1460, 10, 0, 45, 29, 1
1460, 10, 0, 46, 0, 1
1460, 10, 0, 46, 1, 1
1460, 10, 0, 46, 2, 1
1460, 10, 0, 46, 3, 1
1460, 10, 0, 46, 4, 1
1460, 10, 0, 46, 5, 1
1460, 10, 0, 46, 28, 1
1460, 10, 0, 47, 0, 1
1460, 10, 0, 47, 1, 1
1460, 10, 0, 47, 2, 1
1460, 10, 0, 47, 3, 1
1460, 10, 0, 47, 4, 1
1460, 10, 0, 47, 5, 1
1460, 10, 0, 47, 28, 1
1460, 10, 0, 48, 0, 1
1460, 10, 0, 48, 1, 1
1460, 10, 0, 48, 2, 1
1460, 10, 0, 48, 3, 1
1460, 10, 0, 48, 4, 1
1460, 10, 0, 49, 0, 1
1460, 10, 0, 49, 1, 1
1460, 10, 0, 49, 2, 1
1460, 10, 0, 49, 3, 1
1460, 10, 0, 50, 0, 1
1460, 10, 0, 50, 1, 1
1460, 10, 0, 50, 2, 1
1460, 10, 0, 50, 29, 1
1460, 10, 0, 51, 0, 1
1460, 10, 0, 51, 1, 1
1460, 10, 0, 51, 29, 1
1460, 10, 0, 51, 30, 1
1460, 10, 0, 52, 0, 1
1460, 10, 0, 52, 1, 1
1460, 10, 0, 52, 29, 1
1460, 10, 0, 52, 30, 1
1460, 10, 0, 52, 31, 1
1460, 10, 0, 53, 0, 1
1460, 10, 0, 53, 1, 1
1460, 10, 0, 53, 28, 1
1460, 10, 0, 53, 29, 1
1460, 10, 0, 53, 30, 1
1460, 10, 0, 53, 31, 1
1460, 10, 0, 54, 0, 1
1460, 10, 0, 54, 1, 1
1460, 10, 0, 54, 28, 1
1460, 10, 0, 54, 29, 1
1460, 10, 0, 54, 30, 1
1460, 10, 0, 54, 31, 1
1460, 10, 0, 55, 0, 1
1460, 10, 0, 55, 1, 1
1460, 10, 0, 55, 2, 1
1460, 10, 0, 55, 28, 1
1460, 10, 0, 55, 29, 1
1460, 10, 0, 55, 30, 1
1460, 10, 0, 56, 0, 1
1460, 10, 0, 56, 1, 1
1460, 10, 0, 56, 2, 1
1460, 10, 0, 56, 27, 1
1460, 10, 0, 56, 28, 1
1460, 10, 0, 56, 29, 1
1460, 10, 0, 56, 30, 1
1460, 10, 0, 56, 41, 1
1460, 10, 0, 56, 42, 1
1460, 10, 0, 57, 0, 1
1460, 10, 0, 57, 1, 1
1460, 10, 0, 57, 2, 1
1460, 10, 0, 57, 27, 1
1460, 10, 0, 57, 28, 1
1460, 10, 0, 57, 29, 1
1460, 10, 0, 57, 40, 1
1460, 10, 0, 57, 41, 1
1460, 10, 0, 58, 0, 1
1460, 10, 0, 58, 1, 1
1460, 10, 0, 58, 2, 1
1460, 10, 0, 58, 3, 1
1460, 10, 0, 58, 26, 1
1460, 10, 0, 58, 27, 1
1460, 10, 0, 58, 28, 1
1460, 10, 0, 58, 29, 1
1460, 10, 0, 59, 0, 1
1460, 10, 0, 59, 1, 1
1460, 10, 0, 59, 2, 1
1460, 10, 0, 59, 3, 1
1460, 10, 0, 59, 4, 1
1460, 10, 0, 59, 5, 1
1460, 10, 0, 59, 26, 1
1460, 10, 0, 59, 27, 1
1460, 10, 0, 59, 28, 1
1460, 10, 0, 59, 29, 1
1460, 10, 0, 59, 61, 1
1460, 10, 0, 59, 62, 1
1460, 10, 0, 59, 63, 1
1460, 10, 0, 60, 0, 1
1460, 10, 0, 60, 1, 1
1460, 10, 0, 60, 2, 1
1460, 10, 0, 60, 3, 1
1460, 10, 0, 60, 4, 1
1460, 10, 0, 60, 5, 1
1460, 10, 0, 60, 6, 1
1460, 10, 0, 60, 26, 1
1460, 10, 0, 60, 27, 1
1460, 10, 0, 60, 28, 1
1460, 10, 0, 60, 29, 1
1460, 10, 0, 60, 30, 1
1460, 10, 0, 60, 50, 1
1460, 10, 0, 60, 59, 1
1460, 10, 0, 60, 60, 1
1460, 10, 0, 60, 61, 1
1460, 10, 0, 60, 62, 1
1460, 10, 0, 60, 63, 1
1460, 10, 0, 61, 0, 1
1460, 10, 0, 61, 1, 1
1460, 10, 0, 61, 2, 1
1460, 10, 0, 61, 3, 1
1460, 10, 0, 61, 4, 1
1460, 10, 0, 61, 5, 1
1460, 10, 0, 61, 6, 1
1460, 10, 0, 61, 7, 1
1460, 10, 0, 61, 8, 1
1460, 10, 0, 61, 9, 1
1460, 10, 0, 61, 10, 1
1460, 10, 0, 61, 26, 1
1460, 10, 0, 61, 27, 1
1460, 10, 0, 61, 28, 1
1460, 10, 0, 61, 29, 1
1460, 10, 0, 61, 30, 1
1460, 10, 0, 61, 31, 1
1460, 10, 0, 61, 40, 1
1460, 10, 0, 61, 50, 1
1460, 10, 0, 61, 51, 1
1460, 10, 0, 61, 52, 1
1460, 10, 0, 61, 53, 1
1460, 10, 0, 61, 58, 1
1460, 10, 0, 61, 59, 1
1460, 10, 0, 61, 60, 1
1460, 10, 0, 61, 61, 1
1460, 10, 0, 61, 62, 1
1460, 10, 0, 61, 63, 1
1460, 10, 0, 62, 0, 1
1460, 10, 0, 62, 1, 1
1460, 10, 0, 62, 2, 1
1460, 10, 0, 62, 3, 1
1460, 10, 0, 62, 4, 1
1460, 10, 0, 62, 5, 1
1460, 10, 0, 62, 6, 1
1460, 10, 0, 62, 7, 1
1460, 10, 0, 62, 8, 1
1460, 10, 0, 62, 9, 1
1460, 10, 0, 62, 10, 1
1460, 10, 0, 62, 11, 1
1460, 10, 0, 62, 12, 1
1460, 10, 0, 62, 19, 1
1460, 10, 0, 62, 25, 1
1460, 10, 0, 62, 26, 1
1460, 10, 0, 62, 27, 1
1460, 10, 0, 62, 28, 1
1460, 10, 0, 62, 29, 1
1460, 10, 0, 62, 30, 1
1460, 10, 0, 62, 31, 1
1460, 10, 0, 62, 32, 1
1460, 10, 0, 62, 38, 1
1460, 10, 0, 62, 39, 1
1460, 10, 0, 62, 40, 1
1460, 10, 0, 62, 41, 1
1460, 10, 0, 62, 49, 1
1460, 10, 0, 62, 50, 1
1460, 10, 0, 62, 51, 1
1460, 10, 0, 62, 52, 1
1460, 10, 0, 62, 53, 1
1460, 10, 0, 62, 54, 1
1460, 10, 0, 62, 55, 1
1460, 10, 0, 62, 56, 1
1460, 10, 0, 62, 57, 1
1460, 10, 0, 62, 58, 1
1460, 10, 0, 62, 59, 1
1460, 10, 0, 62, 60, 1
1460, 10, 0, 62, 61, 1
1460, 10, 0, 62, 62, 1
1460, 10, 0, 62, 63, 1
1460, 10, 0, 63, 0, 1
1460, 10, 0, 63, 1, 1
1460, 10, 0, 63, 2, 1
1460, 10, 0, 63, 3, 1
1460, 10, 0, 63, 4, 1
1460, 10, 0, 63, 5, 1
1460, 10, 0, 63, 6, 1
1460, 10, 0, 63, 7, 1
1460, 10, 0, 63, 8, 1
1460, 10, 0, 63, 9, 1
1460, 10, 0, 63, 10, 1
1460, 10, 0, 63, 11, 1
1460, 10, 0, 63, 12, 1
1460, 10, 0, 63, 13, 1
1460, 10, 0, 63, 14, 1
1460, 10, 0, 63, 15, 1
1460, 10, 0, 63, 16, 1
1460, 10, 0, 63, 17, 1
1460, 10, 0, 63, 18, 1
1460, 10, 0, 63, 19, 1
1460, 10, 0, 63, 20, 1
1460, 10, 0, 63, 21, 1
1460, 10, 0, 63, 22, 1
1460, 10, 0, 63, 23, 1
1460, 10, 0, 63, 24, 1
1460, 10, 0, 63, 25, 1
1460, 10, 0, 63, 26, 1
1460, 10, 0, 63, 27, 1
1460, 10, 0, 63, 28, 1
1460, 10, 0, 63, 29, 1
1460, 10, 0, 63, 30, 1
1460, 10, 0, 63, 31, 1
1460, 10, 0, 63, 32, 1
1460, 10, 0, 63, 33, 1
1460, 10, 0, 63, 34, 1
1460, 10, 0, 63, 35, 1
1460, 10, 0, 63, 36, 1
1460, 10, 0, 63, 37, 1
1460, 10, 0, 63, 38, 1
1460, 10, 0, 63, 39, 1
1460, 10, 0, 63, 40, 1
1460, 10, 0, 63, 41, 1
1460, 10, 0, 63, 42, 1
1460, 10, 0, 63, 43, 1
1460, 10, 0, 63, 44, 1
1460, 10, 0, 63, 45, 1
1460, 10, 0, 63, 46, 1
1460, 10, 0, 63, 47, 1
1460, 10, 0, 63, 48, 1
1460, 10, 0, 63, 49, 1
1460, 10, 0, 63, 50, 1
1460, 10, 0, 63, 51, 1
1460, 10, 0, 63, 52, 1
1460, 10, 0, 63, 53, 1
1460, 10, 0, 63, 54, 1
1460, 10, 0, 63, 55, 1
1460, 10, 0, 63, 56, 1
1460, 10, 0, 63, 57, 1
1460, 10, 0, 63, 58, 1
1460, 10, 0, 63, 59, 1
1460, 10, 0, 63, 60, 1
1460, 10, 0, 63, 61, 1
1460, 10, 0, 63, 62, 1
1460, 10, 0, 63, 63, 1
1468, 10, 2, 0, 7, 0
1468, 10, 3, 0, 13, 0
1468, 10, 2, 0, 17, 0
1468, 10, 3, 0, 20, 0
1468, 10, 2, 0, 24, 0
1468, 10, 3, 0, 27, 0
1468, 10, 2, 0, 32, 0
1468, 10, 3, 0, 37, 0
1468, 10, 2, 0, 42, 0
1468, 10, 3, 0, 46, 0
1468, 10, 2, 1, 5, 0
1468, 10, 3, 1, 15, 0
1468, 10, 2, 1, 16, 0
1468, 10, 3, 1, 22, 0
1468, 10, 2, 1, 23, 0
1468, 10, 3, 1, 29, 0
1468, 10, 2, 1, 30, 0
1468, 10, 3, 1, 40, 0
1468, 10, 2, 1, 41, 0
1468, 10, 3, 1, 47, 0
1468, 10, 2, 1, 52, 0
1468, 10, 3, 1, 57, 0
1468, 10, 2, 1, 59, 0
1468, 10, 2, 2, 3, 0
1468, 10, 3, 2, 49, 0
1468, 10, 2, 2, 51, 0
1468, 10, 2, 3, 2, 0
1468, 10, 2, 4, 1, 0
1468, 10, 2, 5, 0, 0
1468, 10, 1, 9, 0, 0
1468, 10, 1, 10, 1, 0
1468, 10, 2, 13, 1, 0
1468, 10, 1, 17, 1, 0
1468, 10, 2, 18, 1, 0
1468, 10, 2, 21, 0, 0
1468, 10, 1, 26, 0, 0
1468, 10, 1, 28, 1, 0
1468, 10, 2, 31, 0, 0
1468, 10, 1, 33, 0, 0
1468, 10, 1, 34, 1, 0
1468, 10, 1, 38, 2, 0
1468, 10, 1, 39, 4, 0
1468, 10, 1, 40, 5, 0
1468, 10, 1, 41, 6, 0
1468, 10, 2, 44, 6, 0
1468, 10, 2, 47, 5, 0
1468, 10, 2, 48, 4, 0
1468, 10, 2, 49, 3, 0
1468, 10, 2, 50, 2, 0
1468, 10, 1, 55, 2, 0
1468, 10, 1, 58, 3, 0
1468, 10, 1, 59, 5, 0
1468, 10, 0, 59, 26, 0
1468, 10, 1, 59, 29, 0
1468, 10, 0, 59, 61, 0
1468, 10, 1, 60, 6, 0
1468, 10, 1, 60, 30, 0
1468, 10, 0, 60, 59, 0
1468, 10, 1, 61, 10, 0
1468, 10, 1, 61, 31, 0
1468, 10, 0, 61, 50, 0
1468, 10, 1, 61, 53, 0
1468, 10, 0, 61, 58, 0
1468, 10, 1, 62, 12, 0
1468, 10, 0, 62, 25, 0
1468, 10, 1, 62, 32, 0
1468, 10, 0, 62, 38, 0
1468, 10, 1, 62, 41, 0
1468, 10, 0, 62, 49, 0
1469, 1, 1, 0, 8, 1
1469, 0, 2, 0, 9, 1
1469, 0, 2, 0, 10, 1
1469, 0, 2, 0, 11, 1
1469, 1, 2, 0, 12, 1
1469, 1, 1, 0, 18, 1
1469, 1, 2, 0, 19, 1
1469, 1, 1, 0, 25, 1
1469, 1, 2, 0, 26, 1
1469, 1, 1, 0, 33, 1
1469, 0, 2, 0, 34, 1
1469, 0, 2, 0, 35, 1
1469, 1, 2, 0, 36, 1
1469, 1, 1, 0, 43, 1
1469, 0, 2, 0, 44, 1
1469, 1, 2, 0, 45, 1
1469, 1, 1, 1, 6, 1
1469, 0, 2, 1, 7, 1
1469, 9, 1, 1, 8, 1
1469, 9, 2, 1, 12, 1
1469, 0, 2, 1, 13, 1
1469, 1, 2, 1, 14, 1
1469, 1, 1, 1, 17, 1
1469, 9, 1, 1, 18, 1
1469, 9, 2, 1, 19, 1
1469, 0, 2, 1, 20, 1
1469, 1, 2, 1, 21, 1
1469, 1, 1, 1, 24, 1
1469, 9, 1, 1, 25, 1
1469, 9, 2, 1, 26, 1
1469, 0, 2, 1, 27, 1
1469, 1, 2, 1, 28, 1
1469, 1, 1, 1, 31, 1
1469, 0, 2, 1, 32, 1
1469, 9, 1, 1, 33, 1
1469, 9, 2, 1, 36, 1
1469, 0, 2, 1, 37, 1
1469, 0, 2, 1, 38, 1
1469, 1, 2, 1, 39, 1
1469, 1, 1, 1, 42, 1
1469, 9, 1, 1, 43, 1
1469, 9, 2, 1, 45, 1
1469, 1, 2, 1, 46, 1
1469, 1, 1, 1, 53, 1
1469, 0, 2, 1, 54, 1
1469, 0, 2, 1, 55, 1
1469, 1, 2, 1, 56, 1
1469, 1, 1, 1, 60, 1
1469, 0, 2, 1, 61, 1
1469, 0, 2, 1, 62, 1
1469, 0, 2, 1, 63, 1
1469, 1, 1, 2, 4, 1
1469, 0, 2, 2, 5, 1
1469, 9, 1, 2, 6, 1
1469, 9, 2, 2, 14, 1
1469, 0, 2, 2, 15, 1
1469, 0, 2, 2, 16, 1
1469, 9, 1, 2, 17, 1
1469, 9, 2, 2, 21, 1
1469, 0, 2, 2, 22, 1
1469, 0, 2, 2, 23, 1
1469, 9, 1, 2, 24, 1
1469, 9, 2, 2, 28, 1
1469, 0, 2, 2, 29, 1
1469, 0, 2, 2, 30, 1
1469, 9, 1, 2, 31, 1
1469, 9, 2, 2, 39, 1
1469, 0, 2, 2, 40, 1
1469, 0, 2, 2, 41, 1
1469, 9, 1, 2, 42, 1
1469, 9, 2, 2, 46, 1
1469, 0, 2, 2, 47, 1
1469, 1, 2, 2, 48, 1
1469, 1, 1, 2, 52, 1
1469, 9, 1, 2, 53, 1
1469, 9, 2, 2, 56, 1
1469, 1, 2, 2, 57, 1
1469, 1, 1, 2, 59, 1
1469, 9, 1, 2, 60, 1
1469, 1, 1, 3, 3, 1
1469, 9, 1, 3, 4, 1
1469, 9, 2, 3, 48, 1
1469, 0, 2, 3, 49, 1
1469, 1, 2, 3, 50, 1
1469, 0, 1, 3, 52, 1
1469, 9, 2, 3, 57, 1
1469, 0, 2, 3, 58, 1
1469, 9, 1, 3, 59, 1
1469, 1, 1, 4, 2, 1
1469, 9, 1, 4, 3, 1
1469, 9, 2, 4, 50, 1
1469, 0, 2, 4, 51, 1
1469, 9, 1, 4, 52, 1
1469, 1, 1, 5, 1, 1
1469, 9, 1, 5, 2, 1
1469, 1, 1, 6, 0, 1
1469, 9, 1, 6, 1, 1
1469, 0, 1, 7, 0, 1
1469, 1, 0, 8, 0, 1
1469, 9, 0, 8, 1, 1
1469, 1, 0, 9, 1, 1
1469, 9, 0, 9, 2, 1
1469, 0, 1, 10, 2, 1
1469, 1, 0, 11, 2, 1
1469, 9, 0, 11, 3, 1
1469, 0, 1, 12, 3, 1
1469, 1, 1, 13, 2, 1
1469, 9, 1, 13, 3, 1
1469, 1, 1, 14, 1, 1
1469, 9, 1, 14, 2, 1
1469, 0, 1, 15, 1, 1
1469, 1, 0, 16, 1, 1
1469, 9, 0, 16, 2, 1
1469, 0, 1, 17, 2, 1
1469, 0, 1, 18, 2, 1
1469, 1, 1, 19, 1, 1
1469, 9, 1, 19, 2, 1
1469, 0, 1, 20, 1, 1
1469, 0, 1, 21, 1, 1
1469, 1, 1, 22, 0, 1
1469, 9, 1, 22, 1, 1
1469, 0, 1, 23, 0, 1
1469, 0, 1, 24, 0, 1
1469, 1, 0, 25, 0, 1
1469, 9, 0, 25, 1, 1
1469, 0, 1, 26, 1, 1
1469, 1, 0, 27, 1, 1
1469, 9, 0, 27, 2, 1
1469, 1, 0, 28, 2, 1
1469, 9, 0, 28, 3, 1
1469, 0, 1, 29, 3, 1
1469, 0, 1, 30, 3, 1
1469, 1, 1, 31, 1, 1
1469, 0, 2, 31, 2, 1
1469, 9, 1, 31, 3, 1
1469, 0, 1, 32, 1, 1
1469, 1, 0, 33, 1, 1
1469, 0, 0, 33, 2, 1
1469, 9, 0, 33, 3, 1
1469, 0, 1, 34, 3, 1
1469, 1, 1, 35, 2, 1
1469, 9, 1, 35, 3, 1
1469, 0, 1, 36, 2, 1
1469, 1, 0, 37, 2, 1
1469, 9, 0, 37, 3, 1
1469, 1, 0, 38, 3, 1
1469, 0, 0, 38, 4, 1
1469, 9, 0, 38, 5, 1
1469, 1, 0, 39, 5, 1
1469, 9, 0, 39, 6, 1
1469, 1, 0, 40, 6, 1
1469, 9, 0, 40, 7, 1
1469, 9, 3, 40, 12, 1
1469, 9, 0, 40, 13, 1
1469, 0, 1, 41, 7, 1
1469, 9, 3, 41, 11, 1
1469, 1, 3, 41, 12, 1
1469, 1, 0, 41, 13, 1
1469, 9, 0, 41, 14, 1
1469, 1, 0, 42, 7, 1
1469, 9, 0, 42, 8, 1
1469, 9, 3, 42, 10, 1
1469, 1, 3, 42, 11, 1
1469, 0, 1, 42, 14, 1
1469, 1, 0, 43, 8, 1
1469, 0, 0, 43, 9, 1
1469, 1, 3, 43, 10, 1
1469, 0, 1, 43, 14, 1
1469, 1, 1, 44, 7, 1
1469, 0, 2, 44, 8, 1
1469, 0, 2, 44, 9, 1
1469, 1, 2, 44, 10, 1
1469, 1, 1, 44, 13, 1
1469, 9, 1, 44, 14, 1
1469, 9, 3, 44, 28, 1
1469, 0, 0, 44, 29, 1
1469, 9, 0, 44, 30, 1
1469, 1, 1, 45, 6, 1
1469, 9, 1, 45, 7, 1
1469, 9, 2, 45, 10, 1
1469, 0, 2, 45, 11, 1
1469, 0, 2, 45, 12, 1
1469, 9, 1, 45, 13, 1
1469, 9, 3, 45, 27, 1
1469, 1, 3, 45, 28, 1
1469, 0, 1, 45, 30, 1
1469, 0, 1, 46, 6, 1
1469, 0, 3, 46, 27, 1
1469, 1, 1, 46, 29, 1
1469, 9, 1, 46, 30, 1
1469, 0, 1, 47, 6, 1
1469, 0, 3, 47, 27, 1
1469, 0, 1, 47, 29, 1
1469, 1, 1, 48, 5, 1
1469, 9, 1, 48, 6, 1
1469, 9, 2, 48, 27, 1
1469, 1, 2, 48, 28, 1
1469, 0, 1, 48, 29, 1
1469, 1, 1, 49, 4, 1
1469, 9, 1, 49, 5, 1
1469, 0, 3, 49, 28, 1
1469, 1, 0, 49, 29, 1
1469, 9, 0, 49, 30, 1
1469, 1, 1, 50, 3, 1
1469, 9, 1, 50, 4, 1
1469, 0, 3, 50, 28, 1
1469, 1, 0, 50, 30, 1
1469, 9, 0, 50, 31, 1
1469, 1, 1, 51, 2, 1
1469, 9, 1, 51, 3, 1
1469, 0, 3, 51, 28, 1
1469, 1, 0, 51, 31, 1
1469, 9, 0, 51, 32, 1
1469, 0, 1, 52, 2, 1
1469, 9, 3, 52, 27, 1
1469, 1, 3, 52, 28, 1
1469, 0, 1, 52, 32, 1
1469, 0, 1, 53, 2, 1
1469, 0, 3, 53, 27, 1
1469, 0, 1, 53, 32, 1
1469, 1, 0, 54, 2, 1
1469, 9, 0, 54, 3, 1
1469, 0, 3, 54, 27, 1
1469, 0, 1, 54, 32, 1
1469, 0, 1, 55, 3, 1
1469, 9, 3, 55, 26, 1
1469, 1, 3, 55, 27, 1
1469, 1, 1, 55, 31, 1
1469, 9, 1, 55, 32, 1
1469, 9, 3, 55, 40, 1
1469, 0, 0, 55, 41, 1
1469, 0, 0, 55, 42, 1
1469, 9, 0, 55, 43, 1
1469, 0, 1, 56, 3, 1
1469, 0, 3, 56, 26, 1
1469, 0, 1, 56, 31, 1
1469, 9, 3, 56, 39, 1
1469, 1, 3, 56, 40, 1
1469, 0, 1, 56, 43, 1
1469, 1, 0, 57, 3, 1
1469, 9, 0, 57, 4, 1
1469, 9, 3, 57, 25, 1
1469, 1, 3, 57, 26, 1
1469, 1, 1, 57, 30, 1
1469, 9, 1, 57, 31, 1
1469, 0, 3, 57, 39, 1
1469, 1, 1, 57, 42, 1
1469, 9, 1, 57, 43, 1
1469, 1, 0, 58, 4, 1
1469, 0, 0, 58, 5, 1
1469, 9, 0, 58, 6, 1
1469, 0, 3, 58, 25, 1
1469, 0, 1, 58, 30, 1
1469, 9, 2, 58, 39, 1
1469, 1, 2, 58, 40, 1
1469, 1, 1, 58, 41, 1
1469, 9, 1, 58, 42, 1
1469, 9, 3, 58, 60, 1
1469, 0, 0, 58, 61, 1
1469, 0, 0, 58, 62, 1
1469, 0, 0, 58, 63, 1
1469, 1, 0, 59, 6, 1
1469, 9, 0, 59, 7, 1
1469, 0, 3, 59, 25, 1
1469, 1, 0, 59, 30, 1
1469, 9, 0, 59, 31, 1
1469, 0, 3, 59, 40, 1
1469, 0, 1, 59, 41, 1
1469, 9, 3, 59, 49, 1
1469, 0, 0, 59, 50, 1
1469, 9, 0, 59, 51, 1
1469, 9, 3, 59, 58, 1
1469, 0, 0, 59, 59, 1
1469, 1, 3, 59, 60, 1
1469, 1, 0, 60, 7, 1
1469, 0, 0, 60, 8, 1
1469, 0, 0, 60, 9, 1
1469, 0, 0, 60, 10, 1
1469, 9, 0, 60, 11, 1
1469, 0, 3, 60, 25, 1
1469, 1, 0, 60, 31, 1
1469, 9, 0, 60, 32, 1
1469, 9, 3, 60, 39, 1
1469, 1, 3, 60, 40, 1
1469, 0, 1, 60, 41, 1
1469, 0, 3, 60, 49, 1
1469, 1, 0, 60, 51, 1
1469, 0, 0, 60, 52, 1
1469, 0, 0, 60, 53, 1
1469, 9, 0, 60, 54, 1
1469, 9, 3, 60, 57, 1
1469, 1, 3, 60, 58, 1
1469, 1, 0, 61, 11, 1
1469, 0, 0, 61, 12, 1
1469, 9, 0, 61, 13, 1
1469, 9, 3, 61, 18, 1
1469, 0, 0, 61, 19, 1
1469, 9, 0, 61, 20, 1
1469, 9, 3, 61, 24, 1
1469, 1, 3, 61, 25, 1
1469, 1, 0, 61, 32, 1
1469, 9, 0, 61, 33, 1
1469, 9, 3, 61, 37, 1
1469, 0, 0, 61, 38, 1
1469, 1, 3, 61, 39, 1
1469, 1, 0, 61, 41, 1
1469, 9, 0, 61, 42, 1
1469, 9, 3, 61, 48, 1
1469, 1, 3, 61, 49, 1
1469, 1, 0, 61, 54, 1
1469, 0, 0, 61, 55, 1
1469, 0, 0, 61, 56, 1
1469, 1, 3, 61, 57, 1
1469, 1, 0, 62, 13, 1
1469, 0, 0, 62, 14, 1
1469, 0, 0, 62, 15, 1
1469, 0, 0, 62, 16, 1
1469, 0, 0, 62, 17, 1
1469, 1, 3, 62, 18, 1
1469, 1, 0, 62, 20, 1
1469, 0, 0, 62, 21, 1
1469, 0, 0, 62, 22, 1
1469, 0, 0, 62, 23, 1
1469, 1, 3, 62, 24, 1
1469, 1, 0, 62, 33, 1
1469, 0, 0, 62, 34, 1
1469, 0, 0, 62, 35, 1
1469, 0, 0, 62, 36, 1
1469, 1, 3, 62, 37, 1
1469, 1, 0, 62, 42, 1
1469, 0, 0, 62, 43, 1
1469, 0, 0, 62, 44, 1
1469, 0, 0, 62, 45, 1
1469, 0, 0, 62, 46, 1
1469, 0, 0, 62, 47, 1
1469, 1, 3, 62, 48, 1
1530, 0, 3, 9, 11, 0
1530, 0, 3, 21, 9, 0
1602, 3, 1, 4, 5, 0
1602, 3, 2, 4, 10, 0
1602, 3, 2, 5, 21, 0
1602, 3, 2, 6, 24, 0
1602, 3, 2, 7, 11, 0
1602, 3, 3, 11, 11, 0
1602, 3, 3, 11, 24, 0
1602, 3, 3, 12, 21, 0
1602, 3, 0, 14, 5, 0
1602, 3, 3, 14, 9, 0
1602, 3, 3, 15, 18, 0
1602, 3, 1, 19, 5, 0
1602, 3, 2, 19, 9, 0
1602, 3, 3, 20, 17, 0
1602, 1, 3, 21, 16, 0
1602, 1, 3, 22, 15, 0
1602, 1, 3, 23, 14, 0
1602, 3, 0, 24, 5, 0
1602, 3, 3, 24, 9, 0
1602, 3, 3, 26, 13, 0
1602, 3, 0, 28, 5, 0
1602, 3, 3, 28, 11, 0
1631, 0, 2, 4, 6, 0
1631, 0, 2, 4, 7, 0
1631, 0, 2, 4, 8, 0
1631, 0, 2, 4, 9, 0
1631, 0, 1, 5, 5, 0
1631, 0, 3, 5, 10, 0
1631, 0, 1, 6, 5, 0
1631, 0, 3, 6, 10, 0
1631, 0, 1, 7, 5, 0
1631, 2, 2, 7, 10, 0
1631, 0, 1, 8, 5, 0
1631, 0, 3, 8, 11, 0
1631, 0, 1, 9, 5, 0
1631, 0, 1, 10, 5, 0
1631, 0, 3, 10, 11, 0
1631, 0, 1, 11, 5, 0
1631, 2, 3, 11, 9, 0
1631, 0, 0, 11, 10, 0
1631, 0, 1, 12, 5, 0
1631, 0, 3, 12, 9, 0
1631, 0, 1, 13, 5, 0
1631, 0, 3, 13, 9, 0
1631, 0, 0, 14, 6, 0
1631, 0, 0, 14, 7, 0
1631, 0, 0, 14, 8, 0
1631, 0, 2, 19, 6, 0
1631, 0, 2, 19, 7, 0
1631, 0, 2, 19, 8, 0
1631, 0, 1, 20, 5, 0
1631, 0, 3, 20, 9, 0
1631, 0, 1, 21, 5, 0
1631, 0, 1, 22, 5, 0
1631, 0, 3, 22, 9, 0
1631, 0, 1, 23, 5, 0
1631, 0, 3, 23, 9, 0
1631, 0, 0, 24, 6, 0
1631, 0, 0, 24, 7, 0
1631, 0, 0, 24, 8, 0
1640, 16, 1, 5, 6, 1
1640, 16, 2, 5, 9, 1
1640, 17, 3, 6, 7, 1
1640, 17, 3, 6, 8, 1
1640, 17, 3, 7, 7, 1
1640, 17, 3, 7, 8, 1
1640, 17, 3, 8, 7, 1
1640, 17, 3, 8, 8, 1
1640, 14, 2, 8, 9, 1
1640, 16, 2, 8, 10, 1
1640, 17, 3, 9, 7, 1
1640, 17, 3, 9, 8, 1
1640, 17, 3, 9, 9, 1
1640, 17, 3, 10, 7, 1
1640, 14, 3, 10, 8, 1
1640, 16, 3, 10, 10, 1
1640, 17, 3, 11, 7, 1
1640, 12, 3, 11, 8, 1
1640, 17, 3, 12, 7, 1
1640, 16, 0, 13, 6, 1
1640, 16, 3, 13, 8, 1
1640, 16, 1, 20, 6, 1
1640, 16, 2, 20, 8, 1
1640, 17, 3, 21, 7, 1
1640, 17, 3, 22, 7, 1
1640, 16, 0, 23, 6, 1
1640, 16, 3, 23, 8, 1
1793, 21, 1, 4, 5, 1
1793, 18, 2, 4, 6, 1
1793, 18, 2, 4, 7, 1
1793, 18, 2, 4, 8, 1
1793, 18, 2, 4, 9, 1
1793, 21, 2, 4, 10, 1
1793, 18, 1, 5, 5, 1
1793, 18, 3, 5, 10, 1
1793, 18, 1, 6, 5, 1
1793, 18, 3, 6, 10, 1
1793, 18, 1, 7, 5, 1
1793, 20, 2, 7, 10, 1
1793, 21, 2, 7, 11, 1
1793, 18, 1, 8, 5, 1
1793, 18, 3, 8, 11, 1
1793, 18, 1, 9, 5, 1
1793, 18, 3, 9, 11, 1
1793, 18, 1, 10, 5, 1
1793, 18, 3, 10, 11, 1
1793, 18, 1, 11, 5, 1
1793, 20, 3, 11, 9, 1
1793, 18, 0, 11, 10, 1
1793, 21, 3, 11, 11, 1
1793, 18, 1, 12, 5, 1
1793, 18, 3, 12, 9, 1
1793, 18, 1, 13, 5, 1
1793, 18, 3, 13, 9, 1
1793, 21, 0, 14, 5, 1
1793, 18, 0, 14, 6, 1
1793, 18, 0, 14, 7, 1
1793, 18, 0, 14, 8, 1
1793, 21, 3, 14, 9, 1
1793, 21, 1, 19, 5, 1
1793, 18, 2, 19, 6, 1
1793, 18, 2, 19, 7, 1
1793, 18, 2, 19, 8, 1
1793, 21, 2, 19, 9, 1
1793, 18, 1, 20, 5, 1
1793, 18, 3, 20, 9, 1
1793, 18, 1, 21, 5, 1
1793, 18, 3, 21, 9, 1
1793, 18, 1, 22, 5, 1
1793, 18, 3, 22, 9, 1
1793, 18, 1, 23, 5, 1
1793, 18, 3, 23, 9, 1
1793, 21, 0, 24, 5, 1
1793, 18, 0, 24, 6, 1
1793, 18, 0, 24, 7, 1
1793, 18, 0, 24, 8, 1
1793, 21, 3, 24, 9, 1
1933, 12, 2, 5, 7, 1
1933, 12, 2, 5, 8, 1
1933, 12, 1, 6, 6, 1
1933, 12, 3, 6, 9, 1
1933, 12, 1, 7, 6, 1
1933, 12, 3, 7, 9, 1
1933, 12, 1, 8, 6, 1
1933, 12, 1, 9, 6, 1
1933, 12, 3, 9, 10, 1
1933, 12, 1, 10, 6, 1
1933, 12, 0, 10, 9, 1
1933, 12, 1, 11, 6, 1
1933, 12, 1, 12, 6, 1
1933, 12, 3, 12, 8, 1
1933, 12, 0, 13, 7, 1
1933, 12, 2, 20, 7, 1
1933, 12, 1, 21, 6, 1
1933, 12, 3, 21, 8, 1
1933, 12, 1, 22, 6, 1
1933, 12, 3, 22, 8, 1
1933, 12, 0, 23, 7, 1
2784, 4, 1, 6, 9, 0
2784, 4, 1, 12, 8, 0
2784, 4, 2, 13, 7, 0
3223, 10, 1, 32, 1, 0
3244, 10, 2, 9, 52, 0
3244, 10, 3, 12, 43, 0
3244, 10, 1, 17, 33, 0
3244, 10, 1, 20, 25, 0
3244, 10, 0, 23, 57, 0
3244, 10, 1, 27, 52, 0
3244, 10, 0, 30, 36, 0
3244, 10, 2, 32, 55, 0
3244, 10, 3, 40, 36, 0
3244, 10, 1, 44, 44, 0
3244, 10, 2, 47, 53, 0
3244, 10, 1, 48, 16, 0
3245, 10, 2, 9, 52, 1
3245, 10, 3, 12, 43, 1
3245, 10, 1, 17, 33, 1
3245, 10, 1, 20, 25, 1
3245, 10, 0, 23, 57, 1
3245, 10, 1, 27, 52, 1
3245, 10, 0, 30, 36, 1
3245, 10, 2, 32, 55, 1
3245, 10, 3, 40, 36, 1
3245, 10, 1, 44, 44, 1
3245, 10, 2, 47, 53, 1
3245, 10, 1, 48, 16, 1
3299, 10, 2, 56, 15, 0
3322, 22, 1, 50, 8, 0
3322, 22, 1, 50, 9, 0
3322, 22, 1, 50, 10, 0
3322, 22, 1, 50, 11, 0
3322, 22, 1, 51, 8, 0
3322, 22, 1, 51, 9, 0
3322, 22, 1, 51, 10, 0
3322, 22, 1, 51, 11, 0
3322, 22, 0, 52, 6, 0
3322, 22, 0, 52, 7, 0
3322, 22, 2, 52, 12, 0
3322, 22, 2, 52, 13, 0
3322, 22, 0, 53, 6, 0
3322, 22, 0, 53, 7, 0
3322, 22, 2, 53, 12, 0
3322, 22, 2, 53, 13, 0
3322, 22, 0, 54, 6, 0
3322, 22, 0, 54, 7, 0
3322, 22, 2, 54, 12, 0
3322, 22, 2, 54, 13, 0
3322, 22, 0, 55, 6, 0
3322, 22, 0, 55, 7, 0
3322, 22, 2, 55, 12, 0
3322, 22, 2, 55, 13, 0
3322, 22, 3, 56, 8, 0
3322, 22, 3, 56, 9, 0
3322, 22, 3, 56, 10, 0
3322, 22, 3, 56, 11, 0
3322, 22, 3, 57, 8, 0
3322, 22, 3, 57, 9, 0
3322, 22, 3, 57, 10, 0
3322, 22, 3, 57, 11, 0
3323, 22, 1, 50, 7, 0
3323, 22, 2, 50, 12, 0
3323, 22, 1, 51, 6, 0
3323, 22, 2, 51, 13, 0
3323, 22, 0, 56, 6, 0
3323, 22, 3, 56, 13, 0
3323, 22, 0, 57, 7, 0
3323, 22, 3, 57, 12, 0
3324, 22, 1, 51, 7, 0
3324, 22, 2, 51, 12, 0
3324, 22, 0, 56, 7, 0
3324, 22, 3, 56, 12, 0
3328, 10, 2, 8, 11, 0
3328, 10, 2, 10, 11, 0
3344, 10, 1, 23, 7, 0
3353, 10, 1, 52, 8, 0
3354, 10, 1, 54, 8, 0
