314, 22, 1, 41, 2, 0
314, 22, 0, 52, 5, 0
314, 22, 2, 60, 10, 0
315, 22, 0, 38, 2, 0
315, 22, 1, 39, 0, 0
315, 22, 0, 39, 2, 0
315, 22, 3, 39, 3, 0
315, 22, 2, 39, 4, 0
315, 22, 1, 40, 0, 0
315, 22, 2, 41, 0, 0
315, 22, 1, 41, 4, 0
315, 22, 3, 42, 1, 0
315, 22, 0, 42, 3, 0
315, 22, 3, 43, 1, 0
315, 22, 0, 43, 3, 0
315, 22, 3, 50, 3, 0
315, 22, 2, 50, 5, 0
315, 22, 1, 51, 6, 0
315, 22, 0, 52, 3, 0
315, 22, 0, 52, 8, 0
315, 22, 1, 53, 5, 0
315, 22, 2, 53, 7, 0
315, 22, 2, 54, 3, 0
315, 22, 3, 54, 6, 0
315, 22, 3, 55, 5, 0
315, 22, 0, 58, 10, 0
315, 22, 1, 58, 11, 0
315, 22, 3, 58, 13, 0
315, 22, 0, 59, 8, 0
315, 22, 2, 59, 9, 0
315, 22, 0, 59, 11, 0
315, 22, 2, 60, 1, 0
315, 22, 1, 60, 2, 0
315, 22, 3, 60, 8, 0
315, 22, 3, 60, 12, 0
315, 22, 0, 61, 3, 0
315, 22, 0, 61, 9, 0
315, 22, 2, 61, 11, 0
315, 22, 2, 61, 14, 0
315, 22, 3, 62, 3, 0
315, 22, 1, 62, 8, 0
315, 22, 1, 62, 10, 0
316, 22, 2, 40, 1, 0
316, 22, 1, 40, 2, 0
316, 22, 1, 40, 3, 0
316, 22, 2, 41, 1, 0
316, 22, 0, 41, 3, 0
316, 22, 3, 42, 2, 0
316, 22, 3, 51, 4, 0
316, 22, 3, 51, 5, 0
316, 22, 0, 52, 4, 0
316, 22, 2, 52, 6, 0
316, 22, 0, 53, 4, 0
316, 22, 1, 53, 6, 0
316, 22, 2, 59, 10, 0
316, 22, 3, 60, 9, 0
316, 22, 1, 60, 11, 0
316, 22, 3, 61, 10, 0
354, 10, 2, 36, 51, 0
354, 10, 1, 36, 52, 0
917, 22, 3, 21, 30, 0
917, 22, 0, 21, 32, 0
917, 22, 3, 21, 39, 0
917, 22, 0, 21, 41, 0
917, 22, 2, 22, 30, 0
917, 22, 1, 22, 32, 0
917, 22, 2, 22, 39, 0
917, 22, 1, 22, 41, 0
917, 22, 3, 29, 45, 0
917, 22, 0, 29, 47, 0
917, 22, 3, 30, 26, 0
917, 22, 0, 30, 27, 0
917, 22, 2, 32, 26, 0
917, 22, 1, 32, 27, 0
917, 22, 2, 33, 45, 0
917, 22, 1, 33, 47, 0
917, 22, 3, 34, 21, 0
917, 22, 0, 34, 23, 0
917, 22, 2, 37, 21, 0
917, 22, 1, 37, 23, 0
917, 22, 3, 46, 34, 0
917, 22, 0, 46, 37, 0
917, 22, 3, 47, 25, 0
917, 22, 0, 47, 26, 0
917, 22, 3, 47, 45, 0
917, 22, 0, 47, 46, 0
917, 22, 2, 48, 34, 0
917, 22, 1, 48, 37, 0
917, 22, 2, 49, 25, 0
917, 22, 1, 49, 26, 0
917, 22, 2, 49, 45, 0
917, 22, 1, 49, 46, 0
917, 22, 3, 48, 35, 1
917, 22, 0, 48, 36, 1
917, 22, 2, 51, 35, 1
917, 22, 1, 51, 36, 1
918, 22, 3, 21, 31, 0
918, 22, 3, 21, 40, 0
918, 22, 1, 22, 31, 0
918, 22, 1, 22, 40, 0
918, 22, 3, 29, 46, 0
918, 22, 2, 30, 45, 0
918, 22, 0, 30, 47, 0
918, 22, 2, 31, 26, 0
918, 22, 0, 31, 27, 0
918, 22, 2, 31, 45, 0
918, 22, 0, 31, 47, 0
918, 22, 2, 32, 45, 0
918, 22, 0, 32, 47, 0
918, 22, 1, 33, 46, 0
918, 22, 3, 34, 22, 0
918, 22, 2, 35, 21, 0
918, 22, 0, 35, 23, 0
918, 22, 2, 36, 21, 0
918, 22, 0, 36, 23, 0
918, 22, 1, 37, 22, 0
918, 22, 3, 46, 35, 0
918, 22, 3, 46, 36, 0
918, 22, 2, 47, 34, 0
918, 22, 0, 47, 37, 0
918, 22, 2, 48, 25, 0
918, 22, 0, 48, 26, 0
918, 22, 1, 48, 35, 0
918, 22, 1, 48, 36, 0
918, 22, 2, 48, 45, 0
918, 22, 0, 48, 46, 0
918, 22, 2, 49, 35, 1
918, 22, 0, 49, 36, 1
918, 22, 2, 50, 35, 1
918, 22, 0, 50, 36, 1
961, 5, 1, 47, 30, 0
961, 4, 2, 50, 27, 0
961, 5, 1, 51, 30, 0
1189, 10, 1, 8, 42, 0
1189, 10, 2, 9, 40, 0
1189, 11, 2, 14, 54, 0
1189, 10, 3, 15, 53, 0
1189, 11, 1, 15, 56, 0
1189, 11, 0, 22, 54, 0
1189, 10, 3, 26, 37, 0
1189, 10, 1, 34, 43, 0
1189, 10, 0, 35, 26, 0
1189, 10, 3, 36, 28, 0
1189, 10, 0, 36, 38, 0
1189, 10, 0, 36, 41, 0
1189, 10, 0, 37, 43, 0
1189, 10, 0, 38, 25, 0
1189, 10, 2, 39, 28, 0
1189, 10, 1, 40, 29, 0
1282, 10, 1, 14, 1, 0
1282, 10, 1, 31, 2, 0
1282, 10, 0, 35, 7, 0
1282, 10, 1, 37, 8, 0
1282, 10, 1, 38, 4, 0
1282, 10, 1, 39, 5, 0
1282, 10, 1, 40, 5, 0
1282, 10, 1, 43, 6, 0
1282, 10, 1, 43, 7, 0
1282, 10, 1, 44, 7, 0
1282, 10, 1, 45, 6, 0
1282, 10, 1, 55, 61, 0
1282, 10, 1, 59, 62, 0
1282, 10, 1, 61, 60, 0
1282, 10, 1, 61, 61, 0
1286, 10, 3, 37, 3, 0
1286, 10, 0, 47, 3, 0
1286, 10, 3, 57, 9, 0
1392, 10, 1, 8, 30, 0
1392, 10, 2, 10, 30, 0
1392, 10, 3, 11, 40, 0
1392, 10, 2, 12, 29, 0
1392, 10, 0, 13, 27, 0
1392, 10, 0, 13, 38, 0
1392, 10, 0, 23, 43, 0
1392, 10, 1, 25, 52, 0
1392, 10, 0, 36, 14, 0
1392, 10, 3, 38, 13, 0
1392, 10, 2, 40, 15, 0
1392, 10, 2, 43, 17, 0
1392, 10, 1, 45, 23, 0
1392, 10, 3, 50, 13, 0
1392, 10, 3, 50, 22, 0
1392, 10, 3, 51, 20, 0
1392, 10, 0, 51, 46, 0
1620, 0, 0, 61, 0, 0
1620, 0, 0, 61, 1, 0
1620, 9, 0, 61, 2, 0
1620, 0, 1, 62, 2, 0
1620, 0, 1, 63, 2, 0
1622, 0, 0, 61, 0, 1
1622, 0, 0, 61, 1, 1
1622, 9, 0, 61, 2, 1
1622, 0, 1, 62, 2, 1
1622, 0, 1, 63, 2, 1
1665, 13, 1, 29, 22, 2
1665, 12, 2, 29, 23, 2
1665, 12, 2, 29, 24, 2
1665, 12, 2, 29, 25, 2
1665, 13, 2, 29, 26, 2
1665, 13, 1, 29, 45, 2
1665, 12, 2, 29, 46, 2
1665, 12, 2, 29, 47, 2
1665, 12, 2, 29, 48, 2
1665, 13, 2, 29, 49, 2
1665, 12, 1, 30, 22, 2
1665, 17, 0, 30, 23, 2
1665, 17, 0, 30, 24, 2
1665, 17, 0, 30, 25, 2
1665, 12, 3, 30, 26, 2
1665, 12, 1, 30, 45, 2
1665, 17, 0, 30, 46, 2
1665, 17, 0, 30, 47, 2
1665, 17, 0, 30, 48, 2
1665, 12, 3, 30, 49, 2
1665, 12, 1, 31, 22, 2
1665, 17, 0, 31, 23, 2
1665, 17, 0, 31, 24, 2
1665, 17, 0, 31, 25, 2
1665, 12, 3, 31, 26, 2
1665, 12, 1, 31, 45, 2
1665, 17, 0, 31, 46, 2
1665, 17, 0, 31, 47, 2
1665, 17, 0, 31, 48, 2
1665, 12, 3, 31, 49, 2
1665, 12, 1, 32, 22, 2
1665, 17, 0, 32, 23, 2
1665, 17, 0, 32, 24, 2
1665, 17, 0, 32, 25, 2
1665, 12, 3, 32, 26, 2
1665, 12, 1, 32, 45, 2
1665, 17, 0, 32, 46, 2
1665, 17, 0, 32, 47, 2
1665, 17, 0, 32, 48, 2
1665, 12, 3, 32, 49, 2
1665, 13, 0, 33, 22, 2
1665, 12, 0, 33, 23, 2
1665, 12, 0, 33, 24, 2
1665, 12, 0, 33, 25, 2
1665, 13, 3, 33, 26, 2
1665, 13, 0, 33, 45, 2
1665, 12, 0, 33, 46, 2
1665, 12, 0, 33, 47, 2
1665, 12, 0, 33, 48, 2
1665, 13, 3, 33, 49, 2
1665, 13, 1, 48, 32, 2
1665, 12, 2, 48, 33, 2
1665, 12, 2, 48, 34, 2
1665, 12, 2, 48, 35, 2
1665, 12, 2, 48, 36, 2
1665, 12, 2, 48, 37, 2
1665, 12, 2, 48, 38, 2
1665, 13, 2, 48, 39, 2
1665, 13, 1, 49, 31, 2
1665, 14, 1, 49, 32, 2
1665, 17, 0, 49, 33, 2
1665, 17, 0, 49, 34, 2
1665, 17, 0, 49, 35, 2
1665, 17, 0, 49, 36, 2
1665, 17, 0, 49, 37, 2
1665, 17, 0, 49, 38, 2
1665, 14, 2, 49, 39, 2
1665, 13, 2, 49, 40, 2
1665, 12, 1, 50, 31, 2
1665, 17, 0, 50, 32, 2
1665, 17, 0, 50, 33, 2
1665, 17, 0, 50, 34, 2
1665, 17, 0, 50, 35, 2
1665, 17, 0, 50, 36, 2
1665, 17, 0, 50, 37, 2
1665, 17, 0, 50, 38, 2
1665, 17, 0, 50, 39, 2
1665, 12, 3, 50, 40, 2
1665, 12, 1, 51, 31, 2
1665, 17, 0, 51, 32, 2
1665, 17, 0, 51, 33, 2
1665, 17, 0, 51, 34, 2
1665, 17, 0, 51, 35, 2
1665, 17, 0, 51, 36, 2
1665, 17, 0, 51, 37, 2
1665, 17, 0, 51, 38, 2
1665, 17, 0, 51, 39, 2
1665, 12, 3, 51, 40, 2
1665, 13, 0, 52, 31, 2
1665, 14, 0, 52, 32, 2
1665, 17, 0, 52, 33, 2
1665, 17, 0, 52, 34, 2
1665, 17, 0, 52, 35, 2
1665, 17, 0, 52, 36, 2
1665, 17, 0, 52, 37, 2
1665, 17, 0, 52, 38, 2
1665, 14, 3, 52, 39, 2
1665, 13, 3, 52, 40, 2
1665, 13, 0, 53, 32, 2
1665, 12, 0, 53, 33, 2
1665, 12, 0, 53, 34, 2
1665, 12, 0, 53, 35, 2
1665, 12, 0, 53, 36, 2
1665, 12, 0, 53, 37, 2
1665, 12, 0, 53, 38, 2
1665, 13, 3, 53, 39, 2
1667, 19, 1, 28, 22, 2
1667, 18, 2, 28, 23, 2
1667, 18, 2, 28, 24, 2
1667, 18, 2, 28, 25, 2
1667, 19, 2, 28, 26, 2
1667, 19, 1, 28, 45, 2
1667, 18, 2, 28, 46, 2
1667, 18, 2, 28, 47, 2
1667, 18, 2, 28, 48, 2
1667, 19, 2, 28, 49, 2
1667, 19, 1, 29, 21, 2
1667, 19, 2, 29, 27, 2
1667, 19, 1, 29, 44, 2
1667, 19, 2, 29, 50, 2
1667, 18, 1, 30, 21, 2
1667, 18, 3, 30, 27, 2
1667, 18, 1, 30, 44, 2
1667, 18, 3, 30, 50, 2
1667, 18, 1, 31, 21, 2
1667, 18, 3, 31, 27, 2
1667, 18, 1, 31, 44, 2
1667, 18, 3, 31, 50, 2
1667, 18, 1, 32, 21, 2
1667, 18, 3, 32, 27, 2
1667, 18, 1, 32, 44, 2
1667, 18, 3, 32, 50, 2
1667, 19, 0, 33, 21, 2
1667, 19, 3, 33, 27, 2
1667, 19, 0, 33, 44, 2
1667, 19, 3, 33, 50, 2
1667, 19, 0, 34, 22, 2
1667, 18, 0, 34, 23, 2
1667, 18, 0, 34, 24, 2
1667, 18, 0, 34, 25, 2
1667, 19, 3, 34, 26, 2
1667, 19, 0, 34, 45, 2
1667, 18, 0, 34, 46, 2
1667, 18, 0, 34, 47, 2
1667, 18, 0, 34, 48, 2
1667, 19, 3, 34, 49, 2
1667, 19, 1, 47, 32, 2
1667, 18, 2, 47, 33, 2
1667, 18, 2, 47, 34, 2
1667, 18, 2, 47, 35, 2
1667, 18, 2, 47, 36, 2
1667, 18, 2, 47, 37, 2
1667, 18, 2, 47, 38, 2
1667, 19, 2, 47, 39, 2
1667, 19, 1, 48, 31, 2
1667, 19, 2, 48, 40, 2
1667, 19, 1, 49, 30, 2
1667, 19, 2, 49, 41, 2
1667, 18, 1, 50, 30, 2
1667, 18, 3, 50, 41, 2
1667, 18, 1, 51, 30, 2
1667, 18, 3, 51, 41, 2
1667, 19, 0, 52, 30, 2
1667, 19, 3, 52, 41, 2
1667, 19, 0, 53, 31, 2
1667, 19, 3, 53, 40, 2
1667, 19, 0, 54, 32, 2
1667, 18, 0, 54, 33, 2
1667, 18, 0, 54, 34, 2
1667, 18, 0, 54, 35, 2
1667, 18, 0, 54, 36, 2
1667, 18, 0, 54, 37, 2
1667, 18, 0, 54, 38, 2
1667, 19, 3, 54, 39, 2
2646, 10, 3, 50, 16, 0
2646, 11, 3, 50, 18, 0
2646, 11, 1, 51, 16, 0
2646, 10, 2, 51, 17, 0
2646, 11, 1, 52, 15, 0
2646, 10, 1, 52, 16, 0
2646, 11, 3, 52, 17, 0
2646, 11, 2, 52, 18, 0
2646, 11, 0, 53, 16, 0
2646, 11, 2, 53, 17, 0
2733, 22, 0, 31, 49, 0
2738, 22, 0, 47, 29, 0
2739, 22, 0, 49, 36, 0
2750, 22, 2, 20, 27, 0
2752, 22, 2, 52, 36, 1
2760, 22, 0, 23, 40, 0
2768, 22, 0, 19, 44, 0
2771, 22, 0, 33, 35, 0
2772, 22, 0, 37, 20, 0
2772, 22, 2, 36, 19, 1
3466, 5, 0, 34, 23, 1
3467, 5, 0, 34, 25, 1
3547, 22, 2, 3, 52, 0
3547, 22, 1, 3, 53, 0
3547, 22, 2, 5, 34, 0
3547, 22, 1, 5, 36, 0
3547, 22, 3, 6, 34, 0
3547, 22, 1, 6, 35, 0
3547, 22, 0, 7, 31, 0
3547, 22, 2, 7, 33, 0
3547, 22, 0, 7, 41, 0
3547, 22, 1, 8, 32, 0
3547, 22, 3, 8, 33, 0
3547, 22, 0, 8, 34, 0
3547, 22, 2, 9, 32, 0
3547, 22, 1, 14, 55, 0
3547, 22, 2, 15, 52, 0
3547, 22, 3, 17, 43, 0
3547, 22, 2, 17, 44, 0
3547, 22, 3, 19, 30, 0
3547, 22, 0, 19, 41, 0
3547, 22, 1, 20, 33, 0
3547, 22, 1, 20, 38, 0
3547, 22, 1, 21, 53, 0
3547, 22, 0, 22, 27, 0
3547, 22, 0, 22, 44, 0
3547, 22, 3, 22, 56, 0
3547, 22, 3, 23, 43, 0
3547, 22, 0, 23, 44, 0
3547, 22, 2, 23, 49, 0
3547, 22, 1, 24, 42, 0
3547, 22, 3, 24, 49, 0
3547, 22, 3, 25, 42, 0
3547, 22, 1, 25, 51, 0
3547, 22, 3, 26, 24, 0
3547, 22, 2, 27, 24, 0
3547, 22, 0, 35, 45, 0
3547, 22, 3, 36, 46, 0
3547, 22, 0, 42, 23, 0
3547, 22, 1, 43, 23, 0
3547, 22, 0, 44, 27, 0
3547, 22, 0, 45, 22, 0
3547, 22, 2, 45, 25, 0
3547, 22, 3, 45, 26, 0
3547, 22, 1, 45, 27, 0
3547, 22, 0, 45, 40, 0
3547, 22, 2, 46, 24, 0
3547, 22, 0, 46, 29, 0
3547, 22, 3, 46, 30, 0
3547, 22, 3, 48, 17, 0
3547, 22, 1, 50, 24, 0
3547, 22, 0, 51, 27, 0
3547, 22, 2, 51, 44, 0
3547, 22, 2, 53, 30, 0
3547, 22, 0, 53, 42, 0
3548, 22, 3, 4, 37, 0
3548, 22, 2, 6, 36, 0
3548, 22, 3, 7, 35, 0
3548, 22, 3, 7, 40, 0
3548, 22, 3, 7, 42, 0
3548, 22, 1, 7, 44, 0
3548, 22, 2, 9, 33, 0
3548, 22, 0, 9, 34, 0
3548, 22, 1, 14, 53, 0
3548, 22, 3, 14, 54, 0
3548, 22, 2, 15, 56, 0
3548, 22, 2, 16, 43, 0
3548, 22, 3, 17, 42, 0
3548, 22, 0, 17, 45, 0
3548, 22, 3, 18, 41, 0
3548, 22, 0, 19, 33, 0
3548, 22, 1, 19, 38, 0
3548, 22, 1, 20, 32, 0
3548, 22, 3, 20, 34, 0
3548, 22, 0, 20, 37, 0
3548, 22, 0, 20, 53, 0
3548, 22, 1, 21, 52, 0
3548, 22, 0, 22, 26, 0
3548, 22, 0, 22, 55, 0
3548, 22, 2, 23, 27, 0
3548, 22, 0, 24, 43, 0
3548, 22, 3, 24, 44, 0
3548, 22, 3, 24, 48, 0
3548, 22, 0, 25, 52, 0
3548, 22, 1, 26, 51, 0
3548, 22, 1, 27, 25, 0
3548, 22, 0, 27, 26, 0
3548, 22, 1, 33, 43, 0
3548, 22, 2, 34, 44, 0
3548, 22, 3, 36, 45, 0
3548, 22, 3, 37, 46, 0
3548, 22, 2, 38, 46, 0
3548, 22, 0, 40, 23, 0
3548, 22, 3, 40, 24, 0
3548, 22, 1, 42, 24, 0
3548, 22, 2, 43, 22, 0
3548, 22, 2, 44, 22, 0
3548, 22, 3, 44, 23, 0
3548, 22, 2, 44, 39, 0
3548, 22, 3, 44, 40, 0
3548, 22, 2, 45, 23, 0
3548, 22, 3, 45, 29, 0
3548, 22, 2, 45, 30, 0
3548, 22, 1, 45, 31, 0
3548, 22, 2, 45, 41, 0
3548, 22, 3, 46, 22, 0
3548, 22, 1, 46, 23, 0
3548, 22, 0, 47, 24, 0
3548, 22, 3, 48, 18, 0
3548, 22, 2, 49, 17, 0
3548, 22, 2, 49, 47, 0
3548, 22, 1, 50, 23, 0
3548, 22, 3, 50, 47, 0
3548, 22, 1, 50, 48, 0
3548, 22, 1, 51, 19, 0
3548, 22, 0, 51, 25, 0
3548, 22, 2, 51, 26, 0
3548, 22, 2, 51, 45, 0
3548, 22, 0, 51, 46, 0
3548, 22, 2, 52, 27, 0
3548, 22, 1, 52, 28, 0
3548, 22, 1, 53, 29, 0
3548, 22, 3, 53, 31, 0
3548, 22, 3, 54, 30, 0
3549, 22, 1, 1, 50, 0
3549, 22, 0, 2, 49, 0
3549, 22, 2, 2, 50, 0
3549, 22, 0, 2, 54, 0
3549, 22, 3, 2, 55, 0
3549, 22, 2, 3, 37, 0
3549, 22, 0, 3, 51, 0
3549, 22, 2, 3, 54, 0
3549, 22, 3, 4, 38, 0
3549, 22, 3, 4, 50, 0
3549, 22, 1, 4, 53, 0
3549, 22, 0, 5, 37, 0
3549, 22, 1, 6, 37, 0
3549, 22, 1, 6, 40, 0
3549, 22, 0, 6, 41, 0
3549, 22, 3, 6, 42, 0
3549, 22, 2, 6, 57, 0
3549, 22, 2, 7, 34, 0
3549, 22, 0, 7, 36, 0
3549, 22, 2, 7, 43, 0
3549, 22, 0, 7, 45, 0
3549, 22, 1, 7, 56, 0
3549, 22, 0, 7, 57, 0
3549, 22, 3, 8, 35, 0
3549, 22, 1, 8, 41, 0
3549, 22, 3, 8, 43, 0
3549, 22, 3, 8, 56, 0
3549, 22, 0, 8, 57, 0
3549, 22, 3, 10, 34, 0
3549, 22, 2, 11, 34, 0
3549, 22, 1, 12, 34, 0
3549, 22, 3, 13, 53, 0
3549, 22, 2, 13, 54, 0
3549, 22, 1, 13, 55, 0
3549, 22, 1, 14, 52, 0
3549, 22, 0, 14, 56, 0
3549, 22, 3, 15, 43, 0
3549, 22, 2, 15, 51, 0
3549, 22, 2, 15, 53, 0
3549, 22, 3, 15, 54, 0
3549, 22, 1, 15, 55, 0
3549, 22, 3, 15, 57, 0
3549, 22, 0, 16, 42, 0
3549, 22, 2, 16, 44, 0
3549, 22, 3, 16, 45, 0
3549, 22, 0, 16, 52, 0
3549, 22, 3, 16, 53, 0
3549, 22, 0, 16, 56, 0
3549, 22, 2, 17, 28, 0
3549, 22, 0, 17, 29, 0
3549, 22, 1, 17, 41, 0
3549, 22, 0, 17, 46, 0
3549, 22, 0, 18, 30, 0
3549, 22, 1, 18, 33, 0
3549, 22, 0, 18, 38, 0
3549, 22, 1, 18, 46, 0
3549, 22, 3, 18, 51, 0
3549, 22, 0, 19, 32, 0
3549, 22, 3, 19, 34, 0
3549, 22, 0, 19, 37, 0
3549, 22, 2, 20, 36, 0
3549, 22, 3, 20, 39, 0
3549, 22, 2, 20, 52, 0
3549, 22, 2, 20, 54, 0
3549, 22, 2, 21, 25, 0
3549, 22, 2, 21, 34, 0
3549, 22, 2, 21, 36, 0
3549, 22, 2, 21, 37, 0
3549, 22, 3, 21, 51, 0
3549, 22, 1, 21, 54, 0
3549, 22, 2, 21, 55, 0
3549, 22, 1, 22, 37, 0
3549, 22, 0, 22, 45, 0
3549, 22, 3, 22, 49, 0
3549, 22, 0, 22, 53, 0
3549, 22, 3, 22, 54, 0
3549, 22, 1, 22, 57, 0
3549, 22, 1, 23, 26, 0
3549, 22, 1, 23, 28, 0
3549, 22, 3, 23, 36, 0
3549, 22, 1, 23, 45, 0
3549, 22, 0, 23, 46, 0
3549, 22, 0, 23, 48, 0
3549, 22, 0, 23, 55, 0
3549, 22, 3, 23, 56, 0
3549, 22, 2, 24, 27, 0
3549, 22, 1, 24, 28, 0
3549, 22, 0, 24, 29, 0
3549, 22, 0, 24, 37, 0
3549, 22, 2, 24, 45, 0
3549, 22, 1, 24, 47, 0
3549, 22, 1, 25, 24, 0
3549, 22, 0, 25, 43, 0
3549, 22, 3, 25, 44, 0
3549, 22, 2, 25, 48, 0
3549, 22, 2, 26, 23, 0
3549, 22, 3, 26, 25, 0
3549, 22, 1, 26, 44, 0
3549, 22, 3, 27, 23, 0
3549, 22, 0, 27, 27, 0
3549, 22, 3, 27, 45, 0
3549, 22, 2, 27, 48, 0
3549, 22, 0, 27, 49, 0
3549, 22, 2, 27, 50, 0
3549, 22, 3, 28, 27, 0
3549, 22, 2, 32, 43, 0
3549, 22, 3, 34, 43, 0
3549, 22, 1, 35, 43, 0
3549, 22, 0, 35, 44, 0
3549, 22, 0, 36, 44, 0
3549, 22, 2, 37, 25, 0
3549, 22, 2, 37, 45, 0
3549, 22, 1, 38, 25, 0
3549, 22, 0, 38, 26, 0
3549, 22, 3, 39, 24, 0
3549, 22, 1, 39, 47, 0
3549, 22, 2, 40, 48, 0
3549, 22, 2, 40, 49, 0
3549, 22, 3, 41, 23, 0
3549, 22, 0, 41, 30, 0
3549, 22, 0, 41, 48, 0
3549, 22, 3, 41, 49, 0
3549, 22, 1, 42, 22, 0
3549, 22, 2, 42, 31, 0
3549, 22, 1, 43, 32, 0
3549, 22, 0, 43, 39, 0
3549, 22, 3, 43, 40, 0
3549, 22, 1, 43, 47, 0
3549, 22, 2, 43, 48, 0
3549, 22, 3, 44, 21, 0
3549, 22, 1, 44, 31, 0
3549, 22, 0, 44, 32, 0
3549, 22, 2, 44, 38, 0
3549, 22, 2, 44, 41, 0
3549, 22, 1, 44, 46, 0
3549, 22, 2, 45, 21, 0
3549, 22, 0, 45, 24, 0
3549, 22, 2, 45, 42, 0
3549, 22, 0, 45, 43, 0
3549, 22, 1, 45, 46, 0
3549, 22, 3, 45, 48, 0
3549, 22, 0, 45, 49, 0
3549, 22, 1, 45, 52, 0
3549, 22, 1, 46, 42, 0
3549, 22, 2, 46, 48, 0
3549, 22, 2, 46, 53, 0
3549, 22, 0, 47, 19, 0
3549, 22, 1, 47, 23, 0
3549, 22, 3, 48, 19, 0
3549, 22, 0, 49, 16, 0
3549, 22, 2, 49, 18, 0
3549, 22, 1, 49, 20, 0
3549, 22, 2, 49, 21, 0
3549, 22, 2, 49, 23, 0
3549, 22, 3, 49, 24, 0
3549, 22, 2, 49, 48, 0
3549, 22, 0, 50, 15, 0
3549, 22, 3, 50, 17, 0
3549, 22, 3, 50, 18, 0
3549, 22, 1, 50, 19, 0
3549, 22, 0, 50, 20, 0
3549, 22, 0, 50, 22, 0
3549, 22, 3, 50, 49, 0
3549, 22, 2, 51, 18, 0
3549, 22, 3, 51, 24, 0
3549, 22, 0, 51, 47, 0
3549, 22, 0, 52, 26, 0
3549, 22, 1, 52, 43, 0
3549, 22, 2, 52, 45, 0
3549, 22, 3, 52, 46, 0
3549, 22, 1, 53, 28, 0
3549, 22, 3, 53, 40, 0
3549, 22, 2, 53, 41, 0
3549, 22, 0, 53, 43, 0
3549, 22, 2, 54, 31, 0
3549, 22, 1, 54, 32, 0
3549, 22, 3, 54, 42, 0
3613, 22, 3, 19, 27, 0
3613, 22, 0, 24, 32, 0
3613, 22, 3, 25, 39, 0
3613, 22, 1, 28, 25, 0
3613, 22, 0, 34, 34, 0
3613, 22, 2, 36, 24, 0
3613, 22, 3, 39, 50, 0
3613, 22, 1, 52, 30, 0
3613, 22, 3, 52, 31, 0
3613, 22, 0, 52, 41, 0
3613, 22, 3, 45, 52, 1
3613, 22, 3, 49, 38, 1
3613, 22, 3, 23, 30, 2
3614, 22, 3, 18, 27, 0
3614, 22, 2, 18, 43, 0
3614, 22, 0, 19, 26, 0
3614, 22, 2, 19, 28, 0
3614, 22, 0, 19, 45, 0
3614, 22, 1, 21, 29, 0
3614, 22, 0, 23, 32, 0
3614, 22, 0, 23, 39, 0
3614, 22, 0, 24, 30, 0
3614, 22, 2, 24, 31, 0
3614, 22, 3, 24, 33, 0
3614, 22, 2, 24, 38, 0
3614, 22, 3, 24, 40, 0
3614, 22, 1, 25, 32, 0
3614, 22, 1, 25, 40, 0
3614, 22, 0, 28, 24, 0
3614, 22, 3, 29, 25, 0
3614, 22, 2, 29, 26, 0
3614, 22, 2, 29, 49, 0
3614, 22, 0, 30, 24, 0
3614, 22, 0, 30, 49, 0
3614, 22, 2, 31, 23, 0
3614, 22, 3, 31, 25, 0
3614, 22, 0, 31, 35, 0
3614, 22, 2, 31, 48, 0
3614, 22, 1, 31, 50, 0
3614, 22, 1, 32, 24, 0
3614, 22, 1, 32, 34, 0
3614, 22, 2, 32, 36, 0
3614, 22, 3, 32, 37, 0
3614, 22, 3, 32, 50, 0
3614, 22, 3, 33, 34, 0
3614, 22, 0, 34, 37, 0
3614, 22, 1, 35, 24, 0
3614, 22, 2, 35, 34, 0
3614, 22, 1, 35, 36, 0
3614, 22, 2, 36, 19, 0
3614, 22, 3, 37, 24, 0
3614, 22, 3, 38, 20, 0
3614, 22, 2, 38, 50, 0
3614, 22, 0, 39, 22, 0
3614, 22, 3, 39, 49, 0
3614, 22, 1, 40, 22, 0
3614, 22, 0, 40, 50, 0
3614, 22, 1, 42, 35, 0
3614, 22, 2, 43, 36, 0
3614, 22, 0, 44, 35, 0
3614, 22, 0, 45, 33, 0
3614, 22, 3, 45, 35, 0
3614, 22, 3, 45, 37, 0
3614, 22, 3, 46, 27, 0
3614, 22, 3, 46, 32, 0
3614, 22, 1, 46, 44, 0
3614, 22, 2, 47, 32, 0
3614, 22, 1, 47, 42, 0
3614, 22, 0, 48, 30, 0
3614, 22, 1, 48, 31, 0
3614, 22, 0, 48, 41, 0
3614, 22, 2, 48, 47, 0
3614, 22, 3, 51, 29, 0
3614, 22, 1, 51, 30, 0
3614, 22, 3, 51, 31, 0
3614, 22, 0, 51, 40, 0
3614, 22, 3, 51, 41, 0
3614, 22, 2, 51, 42, 0
3614, 22, 3, 52, 32, 0
3614, 22, 0, 52, 33, 0
3614, 22, 3, 52, 39, 0
3614, 22, 2, 53, 34, 0
3614, 22, 1, 18, 27, 1
3614, 22, 1, 18, 44, 1
3614, 22, 0, 19, 28, 1
3614, 22, 2, 19, 29, 1
3614, 22, 2, 20, 44, 1
3614, 22, 1, 20, 45, 1
3614, 22, 0, 21, 28, 1
3614, 22, 0, 21, 30, 1
3614, 22, 2, 21, 31, 1
3614, 22, 2, 21, 40, 1
3614, 22, 3, 21, 41, 1
3614, 22, 0, 21, 43, 1
3614, 22, 3, 22, 30, 1
3614, 22, 2, 22, 31, 1
3614, 22, 3, 29, 24, 1
3614, 22, 1, 29, 46, 1
3614, 22, 3, 29, 48, 1
3614, 22, 0, 30, 22, 1
3614, 22, 1, 30, 25, 1
3614, 22, 2, 30, 26, 1
3614, 22, 3, 30, 44, 1
3614, 22, 2, 30, 47, 1
3614, 22, 2, 31, 26, 1
3614, 22, 0, 32, 45, 1
3614, 22, 3, 35, 21, 1
3614, 22, 3, 35, 50, 1
3614, 22, 2, 36, 22, 1
3614, 22, 1, 36, 24, 1
3614, 22, 0, 37, 24, 1
3614, 22, 0, 37, 49, 1
3614, 22, 0, 41, 21, 1
3614, 22, 0, 41, 49, 1
3614, 22, 1, 42, 50, 1
3614, 22, 1, 43, 22, 1
3614, 22, 3, 43, 49, 1
3614, 22, 2, 44, 52, 1
3614, 22, 2, 45, 36, 1
3614, 22, 1, 45, 51, 1
3614, 22, 2, 46, 19, 1
3614, 22, 0, 46, 44, 1
3614, 22, 0, 46, 52, 1
3614, 22, 2, 47, 22, 1
3614, 22, 3, 47, 45, 1
3614, 22, 2, 48, 20, 1
3614, 22, 0, 48, 34, 1
3614, 22, 2, 48, 37, 1
3614, 22, 1, 48, 41, 1
3614, 22, 3, 48, 48, 1
3614, 22, 1, 49, 32, 1
3614, 22, 0, 49, 37, 1
3614, 22, 1, 49, 39, 1
3614, 22, 0, 50, 38, 1
3614, 22, 2, 50, 44, 1
3614, 22, 3, 51, 40, 1
3614, 22, 2, 52, 33, 1
3614, 22, 1, 22, 30, 2
3614, 22, 1, 22, 31, 2
3614, 22, 2, 23, 31, 2
3614, 22, 1, 23, 41, 2
3614, 22, 3, 24, 30, 2
3614, 22, 0, 24, 40, 2
3614, 22, 0, 25, 32, 2
3615, 22, 2, 18, 44, 0
3615, 22, 1, 24, 39, 0
3615, 22, 1, 25, 31, 0
3615, 22, 2, 30, 50, 0
3615, 22, 1, 31, 24, 0
3615, 22, 3, 32, 35, 0
3615, 22, 2, 33, 37, 0
3615, 22, 1, 35, 35, 0
3615, 22, 3, 37, 19, 0
3615, 22, 1, 45, 36, 0
3615, 22, 3, 47, 30, 0
3615, 22, 0, 47, 31, 0
3615, 22, 2, 47, 41, 0
3615, 22, 1, 52, 40, 0
3615, 22, 1, 18, 28, 1
3615, 22, 3, 21, 44, 1
3615, 22, 3, 29, 25, 1
3615, 22, 1, 29, 47, 1
3615, 22, 0, 36, 21, 1
3615, 22, 2, 42, 49, 1
3615, 22, 2, 46, 45, 1
3615, 22, 3, 49, 25, 1
3615, 22, 2, 24, 41, 2
3879, 10, 0, 4, 22, 0
3879, 10, 1, 4, 31, 0
3879, 10, 2, 5, 28, 0
3879, 10, 3, 5, 58, 0
3879, 10, 3, 6, 53, 0
3879, 10, 1, 7, 20, 0
3879, 10, 3, 9, 27, 0
3879, 10, 0, 11, 43, 0
3879, 10, 3, 11, 47, 0
3879, 10, 1, 12, 58, 0
3879, 10, 0, 15, 59, 0
3879, 10, 2, 16, 15, 0
3879, 10, 1, 24, 14, 0
3879, 10, 1, 24, 54, 0
3879, 10, 2, 32, 14, 0
3879, 10, 0, 39, 17, 0
3879, 10, 3, 39, 52, 0
3879, 10, 0, 42, 54, 0
3879, 10, 1, 47, 57, 0
3879, 10, 2, 48, 54, 0
3879, 10, 1, 51, 49, 0
3879, 10, 3, 51, 52, 0
3879, 10, 0, 54, 17, 0
3879, 10, 3, 54, 45, 0
3879, 10, 0, 55, 29, 0
3879, 10, 2, 55, 35, 0
3881, 10, 2, 0, 25, 0
3881, 10, 0, 0, 37, 0
3881, 10, 3, 0, 51, 0
3881, 10, 1, 1, 43, 0
3881, 10, 2, 8, 23, 0
3881, 10, 2, 9, 62, 0
3881, 10, 1, 10, 52, 0
3881, 10, 1, 11, 24, 0
3881, 10, 1, 30, 17, 0
3881, 10, 2, 34, 54, 0
3881, 10, 2, 41, 58, 0
3881, 10, 0, 46, 14, 0
3881, 10, 3, 49, 10, 0
3881, 10, 0, 51, 55, 0
3881, 10, 2, 54, 13, 0
3881, 10, 3, 54, 50, 0
3881, 10, 3, 57, 32, 0
3882, 10, 2, 1, 46, 0
3882, 10, 0, 3, 62, 0
3882, 10, 2, 6, 61, 0
3882, 10, 2, 10, 55, 0
3882, 10, 2, 27, 14, 0
3882, 10, 0, 30, 54, 0
3882, 10, 0, 44, 57, 0
3882, 10, 1, 52, 10, 0
3882, 10, 1, 53, 20, 0
3882, 10, 2, 54, 54, 0
3883, 10, 1, 39, 57, 0
3883, 10, 2, 45, 55, 0
3886, 10, 0, 0, 21, 0
3886, 10, 0, 0, 61, 0
3886, 10, 1, 1, 49, 0
3886, 10, 2, 1, 54, 0
3886, 10, 0, 1, 63, 0
3886, 10, 2, 2, 50, 0
3886, 10, 1, 2, 55, 0
3886, 10, 0, 2, 62, 0
3886, 10, 2, 3, 39, 0
3886, 10, 3, 3, 49, 0
3886, 10, 1, 4, 37, 0
3886, 10, 0, 5, 54, 0
3886, 10, 0, 5, 57, 0
3886, 10, 1, 5, 61, 0
3886, 10, 3, 6, 27, 0
3886, 10, 0, 7, 32, 0
3886, 10, 2, 7, 57, 0
3886, 10, 0, 8, 28, 0
3886, 10, 3, 8, 43, 0
3886, 10, 3, 8, 56, 0
3886, 10, 3, 9, 39, 0
3886, 10, 3, 9, 53, 0
3886, 10, 3, 11, 39, 0
3886, 10, 0, 11, 42, 0
3886, 10, 1, 13, 40, 0
3886, 10, 3, 14, 32, 0
3886, 10, 2, 15, 28, 0
3886, 10, 2, 15, 34, 0
3886, 10, 1, 17, 37, 0
3886, 10, 1, 18, 23, 0
3886, 10, 3, 18, 41, 0
3886, 10, 1, 19, 13, 0
3886, 10, 0, 19, 16, 0
3886, 10, 2, 21, 14, 0
3886, 10, 1, 22, 18, 0
3886, 10, 3, 23, 17, 0
3886, 10, 0, 23, 20, 0
3886, 10, 2, 24, 52, 0
3886, 10, 1, 25, 24, 0
3886, 10, 2, 26, 17, 0
3886, 10, 1, 26, 21, 0
3886, 10, 2, 27, 20, 0
3886, 10, 3, 27, 23, 0
3886, 10, 0, 27, 25, 0
3886, 10, 1, 27, 52, 0
3886, 10, 3, 28, 50, 0
3886, 10, 2, 29, 55, 0
3886, 10, 2, 30, 16, 0
3886, 10, 3, 30, 51, 0
3886, 10, 3, 31, 15, 0
3886, 10, 2, 31, 52, 0
3886, 10, 3, 32, 20, 0
3886, 10, 0, 33, 17, 0
3886, 10, 1, 33, 53, 0
3886, 10, 1, 36, 15, 0
3886, 10, 0, 36, 53, 0
3886, 10, 0, 38, 18, 0
3886, 10, 3, 38, 55, 0
3886, 10, 0, 39, 25, 0
3886, 10, 1, 39, 44, 0
3886, 10, 2, 40, 27, 0
3886, 10, 2, 40, 46, 0
3886, 10, 2, 41, 43, 0
3886, 10, 2, 41, 55, 0
3886, 10, 2, 41, 56, 0
3886, 10, 3, 42, 28, 0
3886, 10, 3, 43, 53, 0
3886, 10, 1, 44, 44, 0
3886, 10, 0, 45, 15, 0
3886, 10, 1, 45, 53, 0
3886, 10, 1, 46, 17, 0
3886, 10, 3, 48, 13, 0
3886, 10, 3, 48, 18, 0
3886, 10, 2, 49, 13, 0
3886, 10, 1, 49, 15, 0
3886, 10, 1, 49, 53, 0
3886, 10, 1, 50, 52, 0
3886, 10, 1, 52, 22, 0
3886, 10, 0, 53, 13, 0
3886, 10, 3, 53, 18, 0
3886, 10, 2, 54, 23, 0
3886, 10, 1, 54, 25, 0
3886, 10, 3, 54, 29, 0
3886, 10, 1, 55, 16, 0
3886, 10, 0, 55, 27, 0
3887, 10, 2, 0, 40, 0
3887, 10, 1, 1, 22, 0
3887, 10, 1, 1, 29, 0
3887, 10, 3, 2, 34, 0
3887, 10, 0, 3, 25, 0
3887, 10, 0, 9, 59, 0
3887, 10, 3, 12, 62, 0
3887, 10, 2, 55, 24, 0
3893, 10, 2, 42, 17, 0
3893, 10, 3, 44, 16, 0
3893, 10, 0, 52, 25, 0
3893, 10, 1, 53, 23, 0
3893, 10, 3, 53, 26, 0
3894, 10, 3, 7, 39, 0
3894, 10, 1, 7, 46, 0
3894, 10, 3, 9, 49, 0
3894, 10, 2, 10, 32, 0
3894, 10, 2, 12, 31, 0
3894, 10, 3, 14, 17, 0
3894, 10, 0, 23, 50, 0
3894, 10, 3, 26, 42, 0
3894, 10, 2, 41, 46, 0
3894, 10, 1, 44, 42, 0
3895, 10, 0, 7, 48, 0
3895, 10, 0, 9, 41, 0
3895, 10, 3, 9, 45, 0
3895, 10, 0, 12, 17, 0
3895, 10, 3, 13, 19, 0
3895, 10, 0, 20, 57, 0
3895, 10, 1, 25, 49, 0
3895, 10, 3, 43, 24, 0
3896, 10, 3, 6, 47, 0
3896, 10, 3, 8, 33, 0
3896, 10, 0, 8, 44, 0
3896, 10, 2, 9, 48, 0
3896, 10, 1, 42, 25, 0
3896, 10, 0, 43, 31, 0
3896, 10, 0, 44, 26, 0
3897, 10, 1, 3, 38, 0
3897, 10, 2, 4, 30, 0
3897, 10, 3, 6, 34, 0
3897, 10, 0, 6, 46, 0
3897, 10, 2, 6, 49, 0
3897, 10, 3, 8, 50, 0
3897, 10, 2, 9, 32, 0
3897, 11, 2, 9, 47, 0
3897, 11, 0, 9, 51, 0
3897, 10, 3, 10, 18, 0
3897, 10, 1, 10, 44, 0
3897, 10, 0, 11, 21, 0
3897, 10, 1, 11, 34, 0
3897, 11, 1, 11, 46, 0
3897, 10, 0, 11, 50, 0
3897, 10, 1, 12, 19, 0
3897, 10, 0, 12, 33, 0
3897, 10, 0, 13, 16, 0
3897, 10, 0, 13, 21, 0
3897, 10, 1, 15, 15, 0
3897, 10, 1, 15, 20, 0
3897, 10, 2, 15, 49, 0
3897, 10, 3, 16, 18, 0
3897, 10, 1, 18, 50, 0
3897, 10, 2, 19, 57, 0
3897, 10, 2, 20, 50, 0
3897, 10, 0, 20, 56, 0
3897, 10, 0, 21, 49, 0
3897, 10, 3, 21, 51, 0
3897, 10, 1, 22, 57, 0
3897, 10, 3, 23, 37, 0
3897, 10, 3, 23, 52, 0
3897, 10, 1, 24, 49, 0
3897, 10, 3, 25, 43, 0
3897, 10, 2, 27, 41, 0
3897, 10, 1, 27, 45, 0
3897, 10, 0, 28, 43, 0
3897, 10, 1, 38, 27, 0
3897, 10, 2, 39, 45, 0
3897, 10, 1, 41, 28, 0
3897, 10, 1, 44, 39, 0
3897, 10, 2, 44, 41, 0
3897, 10, 1, 46, 41, 0
3907, 22, 2, 3, 38, 0
3907, 22, 3, 5, 22, 0
3907, 22, 0, 8, 24, 0
3907, 22, 1, 9, 20, 0
3907, 22, 2, 9, 25, 0
3907, 22, 1, 11, 26, 0
3907, 22, 2, 11, 28, 0
3907, 22, 0, 11, 44, 0
3907, 22, 1, 11, 48, 0
3907, 22, 1, 12, 39, 0
3907, 22, 0, 13, 26, 0
3907, 22, 0, 13, 41, 0
3907, 22, 3, 13, 44, 0
3907, 22, 2, 13, 49, 0
3907, 22, 2, 14, 33, 0
3907, 22, 1, 15, 32, 0
3907, 22, 3, 15, 39, 0
3907, 22, 0, 16, 37, 0
3907, 22, 1, 17, 17, 0
3907, 22, 0, 19, 18, 0
3907, 22, 1, 21, 17, 0
3907, 22, 1, 25, 18, 0
3907, 22, 1, 25, 19, 0
3907, 22, 3, 25, 56, 0
3907, 22, 0, 26, 14, 0
3907, 22, 2, 26, 17, 0
3907, 22, 3, 27, 14, 0
3907, 22, 2, 27, 53, 0
3907, 22, 3, 28, 19, 0
3907, 22, 3, 29, 52, 0
3907, 22, 1, 30, 18, 0
3907, 22, 0, 32, 17, 0
3907, 22, 1, 32, 52, 0
3907, 22, 0, 32, 54, 0
3907, 22, 2, 34, 16, 0
3907, 22, 2, 35, 54, 0
3907, 22, 2, 39, 19, 0
3907, 22, 3, 40, 17, 0
3907, 22, 3, 40, 57, 0
3907, 22, 1, 41, 59, 0
3907, 22, 3, 42, 45, 0
3907, 22, 0, 43, 59, 0
3907, 22, 0, 44, 28, 0
3907, 22, 3, 44, 30, 0
3907, 22, 1, 45, 56, 0
3907, 22, 3, 45, 57, 0
3907, 22, 1, 46, 15, 0
3907, 22, 3, 48, 14, 0
3907, 22, 2, 48, 55, 0
3907, 22, 0, 48, 59, 0
3907, 22, 1, 49, 15, 0
3907, 22, 3, 49, 57, 0
3907, 22, 3, 51, 13, 0
3907, 22, 1, 51, 53, 0
3907, 22, 1, 52, 11, 0
3907, 22, 0, 52, 19, 0
3907, 22, 0, 52, 51, 0
3907, 22, 3, 52, 55, 0
3907, 22, 0, 53, 10, 0
3907, 22, 1, 53, 22, 0
3907, 22, 2, 53, 49, 0
3907, 22, 0, 53, 52, 0
3907, 22, 1, 54, 14, 0
3907, 22, 2, 54, 16, 0
3907, 22, 2, 54, 18, 0
3907, 22, 2, 54, 47, 0
3907, 22, 1, 55, 17, 0
3907, 22, 3, 55, 20, 0
3907, 22, 1, 55, 37, 0
3907, 22, 3, 55, 45, 0
3907, 22, 0, 55, 50, 0
3907, 22, 2, 56, 31, 0
3907, 22, 0, 56, 52, 0
3907, 22, 1, 56, 54, 0
3907, 22, 2, 56, 55, 0
3907, 22, 0, 57, 30, 0
3907, 22, 1, 58, 32, 0
3908, 22, 2, 4, 24, 0
3908, 22, 3, 6, 22, 0
3908, 22, 0, 7, 22, 0
3908, 22, 1, 9, 21, 0
3908, 22, 1, 9, 22, 0
3908, 22, 2, 10, 23, 0
3908, 22, 2, 10, 29, 0
3908, 22, 0, 10, 56, 0
3908, 22, 3, 11, 27, 0
3908, 22, 1, 11, 52, 0
3908, 22, 3, 11, 57, 0
3908, 22, 0, 12, 24, 0
3908, 22, 0, 12, 43, 0
3908, 22, 2, 12, 47, 0
3908, 22, 1, 12, 49, 0
3908, 22, 0, 12, 54, 0
3908, 22, 3, 13, 45, 0
3908, 22, 2, 19, 15, 0
3908, 22, 3, 21, 13, 0
3908, 22, 1, 21, 15, 0
3908, 22, 0, 21, 18, 0
3908, 22, 3, 23, 19, 0
3908, 22, 1, 23, 21, 0
3908, 22, 1, 24, 15, 0
3908, 22, 0, 25, 17, 0
3908, 22, 3, 25, 20, 0
3908, 22, 0, 26, 55, 0
3908, 22, 0, 27, 16, 0
3908, 22, 0, 27, 19, 0
3908, 22, 2, 28, 17, 0
3908, 22, 3, 29, 14, 0
3908, 22, 1, 29, 53, 0
3908, 22, 2, 30, 19, 0
3908, 22, 0, 30, 52, 0
3908, 22, 2, 30, 55, 0
3908, 22, 1, 31, 16, 0
3908, 22, 1, 31, 56, 0
3908, 22, 0, 32, 15, 0
3908, 22, 2, 32, 18, 0
3908, 22, 3, 34, 56, 0
3908, 22, 3, 39, 26, 0
3908, 22, 2, 39, 54, 0
3908, 22, 2, 39, 58, 0
3908, 22, 0, 40, 52, 0
3908, 22, 2, 41, 18, 0
3908, 22, 0, 41, 25, 0
3908, 22, 1, 41, 52, 0
3908, 22, 1, 41, 54, 0
3908, 22, 0, 41, 56, 0
3908, 22, 2, 42, 29, 0
3908, 22, 0, 42, 43, 0
3908, 22, 3, 42, 56, 0
3908, 22, 1, 43, 28, 0
3908, 22, 3, 43, 45, 0
3908, 22, 2, 43, 54, 0
3908, 22, 1, 43, 58, 0
3908, 22, 0, 45, 59, 0
3908, 22, 2, 46, 55, 0
3908, 22, 2, 48, 16, 0
3908, 22, 1, 49, 14, 0
3908, 22, 3, 49, 56, 0
3908, 22, 3, 50, 54, 0
3908, 22, 3, 51, 14, 0
3908, 22, 3, 51, 57, 0
3908, 22, 3, 53, 14, 0
3908, 22, 3, 53, 25, 0
3908, 22, 2, 54, 10, 0
3908, 22, 0, 54, 20, 0
3908, 22, 1, 54, 26, 0
3908, 22, 0, 54, 55, 0
3908, 22, 0, 55, 19, 0
3908, 22, 3, 55, 22, 0
3908, 22, 2, 55, 23, 0
3908, 22, 1, 55, 30, 0
3908, 22, 0, 56, 27, 0
3908, 22, 2, 56, 29, 0
3908, 22, 2, 56, 35, 0
3908, 22, 0, 56, 47, 0
3908, 22, 3, 57, 33, 0
3908, 22, 1, 57, 36, 0
3909, 22, 0, 0, 26, 0
3909, 22, 1, 0, 36, 0
3909, 22, 1, 0, 38, 0
3909, 22, 1, 0, 40, 0
3909, 22, 1, 0, 41, 0
3909, 22, 0, 0, 53, 0
3909, 22, 3, 0, 54, 0
3909, 22, 2, 1, 25, 0
3909, 22, 3, 1, 27, 0
3909, 22, 0, 1, 30, 0
3909, 22, 2, 1, 37, 0
3909, 22, 0, 1, 42, 0
3909, 22, 3, 1, 44, 0
3909, 22, 2, 1, 45, 0
3909, 22, 1, 1, 46, 0
3909, 22, 3, 1, 47, 0
3909, 22, 2, 1, 48, 0
3909, 22, 1, 1, 51, 0
3909, 22, 1, 1, 53, 0
3909, 22, 0, 1, 56, 0
3909, 22, 0, 2, 27, 0
3909, 22, 1, 2, 29, 0
3909, 22, 0, 2, 35, 0
3909, 22, 2, 2, 38, 0
3909, 22, 0, 2, 40, 0
3909, 22, 3, 2, 43, 0
3909, 22, 2, 2, 52, 0
3909, 22, 3, 3, 26, 0
3909, 22, 3, 3, 31, 0
3909, 22, 3, 3, 34, 0
3909, 22, 0, 3, 36, 0
3909, 22, 3, 3, 46, 0
3909, 22, 0, 3, 48, 0
3909, 22, 2, 4, 27, 0
3909, 22, 3, 4, 31, 0
3909, 22, 0, 5, 29, 0
3909, 22, 2, 5, 33, 0
3909, 22, 0, 5, 53, 0
3909, 22, 1, 6, 28, 0
3909, 22, 1, 6, 31, 0
3909, 22, 1, 6, 53, 0
3909, 22, 2, 6, 60, 0
3909, 22, 2, 7, 53, 0
3909, 22, 1, 7, 58, 0
3910, 22, 1, 0, 62, 0
3910, 22, 1, 3, 23, 0
3910, 22, 0, 3, 43, 0
3910, 22, 0, 3, 50, 0
3910, 22, 3, 4, 25, 0
3910, 22, 1, 4, 32, 0
3910, 22, 0, 5, 62, 0
3910, 22, 2, 6, 62, 0
3910, 22, 0, 7, 55, 0
3910, 22, 0, 11, 23, 0
3910, 22, 0, 11, 59, 0
3910, 22, 1, 11, 62, 0
3910, 22, 3, 12, 62, 0
3910, 22, 3, 13, 43, 0
3910, 22, 0, 24, 55, 0
3910, 22, 3, 25, 54, 0
3910, 22, 1, 28, 54, 0
3910, 22, 3, 31, 51, 0
3910, 22, 3, 31, 54, 0
3910, 22, 2, 36, 55, 0
3910, 22, 2, 41, 44, 0
3910, 22, 2, 44, 29, 0
3910, 22, 2, 44, 55, 0
3910, 22, 3, 46, 16, 0
3910, 22, 3, 49, 54, 0
3910, 22, 1, 51, 49, 0
3910, 22, 3, 55, 21, 0
3910, 22, 1, 56, 18, 0
3910, 22, 2, 57, 31, 0
3911, 22, 2, 0, 52, 0
3911, 22, 3, 1, 23, 0
3911, 22, 2, 1, 39, 0
3911, 22, 1, 1, 40, 0
3911, 22, 2, 2, 22, 0
3911, 22, 0, 2, 41, 0
3911, 22, 0, 2, 48, 0
3911, 22, 2, 2, 51, 0
3911, 22, 2, 3, 40, 0
3911, 22, 2, 3, 44, 0
3911, 22, 1, 3, 47, 0
3911, 22, 2, 4, 23, 0
3911, 22, 0, 4, 34, 0
3911, 22, 2, 4, 39, 0
3911, 22, 2, 5, 24, 0
3911, 22, 1, 5, 25, 0
3911, 22, 3, 5, 35, 0
3911, 22, 3, 5, 54, 0
3911, 22, 0, 5, 59, 0
3911, 22, 2, 6, 23, 0
3911, 22, 1, 6, 25, 0
3911, 22, 1, 6, 54, 0
3911, 22, 2, 6, 58, 0
3911, 22, 3, 7, 21, 0
3911, 22, 3, 7, 23, 0
3911, 22, 0, 8, 20, 0
3911, 22, 1, 8, 23, 0
3911, 22, 1, 8, 25, 0
3911, 22, 0, 8, 54, 0
3911, 22, 0, 9, 23, 0
3911, 22, 0, 9, 26, 0
3911, 22, 1, 9, 60, 0
3911, 22, 2, 10, 22, 0
3911, 22, 3, 10, 24, 0
3911, 22, 3, 10, 26, 0
3911, 22, 0, 10, 59, 0
3911, 22, 1, 11, 25, 0
3911, 22, 1, 11, 38, 0
3911, 22, 2, 11, 55, 0
3911, 22, 3, 12, 26, 0
3911, 22, 0, 12, 27, 0
3911, 22, 2, 12, 42, 0
3911, 22, 0, 12, 46, 0
3911, 22, 3, 12, 56, 0
3911, 22, 1, 12, 57, 0
3911, 22, 0, 12, 58, 0
3911, 22, 0, 13, 24, 0
3911, 22, 2, 13, 25, 0
3911, 22, 1, 13, 27, 0
3911, 22, 0, 13, 28, 0
3911, 22, 2, 13, 33, 0
3911, 22, 1, 13, 42, 0
3911, 22, 3, 13, 46, 0
3911, 22, 2, 13, 47, 0
3911, 22, 1, 13, 48, 0
3911, 22, 1, 14, 26, 0
3911, 22, 1, 14, 34, 0
3911, 22, 2, 15, 16, 0
3911, 22, 3, 15, 33, 0
3911, 22, 2, 15, 35, 0
3911, 22, 0, 15, 38, 0
3911, 22, 3, 16, 17, 0
3911, 22, 0, 16, 34, 0
3911, 22, 1, 17, 14, 0
3911, 22, 3, 17, 36, 0
3911, 22, 3, 18, 14, 0
3911, 22, 2, 18, 17, 0
3911, 22, 0, 18, 18, 0
3911, 22, 0, 19, 14, 0
3911, 22, 2, 20, 19, 0
3911, 22, 2, 21, 14, 0
3911, 22, 1, 22, 16, 0
3911, 22, 2, 22, 17, 0
3911, 22, 0, 22, 19, 0
3911, 22, 0, 23, 15, 0
3911, 22, 3, 23, 16, 0
3911, 22, 0, 23, 18, 0
3911, 22, 3, 24, 17, 0
3911, 22, 2, 24, 19, 0
3911, 22, 1, 24, 20, 0
3911, 22, 3, 24, 22, 0
3911, 22, 1, 24, 53, 0
3911, 22, 1, 25, 13, 0
3911, 22, 0, 25, 21, 0
3911, 22, 3, 25, 22, 0
3911, 22, 2, 25, 23, 0
3911, 22, 0, 26, 16, 0
3911, 22, 0, 26, 19, 0
3911, 22, 3, 26, 20, 0
3911, 22, 3, 26, 52, 0
3911, 22, 2, 26, 53, 0
3911, 22, 2, 26, 54, 0
3911, 22, 3, 27, 54, 0
3911, 22, 2, 28, 16, 0
3911, 22, 2, 28, 18, 0
3911, 22, 0, 28, 52, 0
3911, 22, 0, 28, 55, 0
3911, 22, 3, 29, 15, 0
3911, 22, 0, 29, 17, 0
3911, 22, 1, 29, 18, 0
3911, 22, 0, 29, 51, 0
3911, 22, 0, 30, 14, 0
3911, 22, 3, 31, 20, 0
3911, 22, 2, 31, 53, 0
3911, 22, 1, 32, 19, 0
3911, 22, 3, 32, 51, 0
3911, 22, 2, 32, 55, 0
3911, 22, 1, 33, 16, 0
3911, 22, 0, 33, 18, 0
3911, 22, 2, 33, 54, 0
3911, 22, 1, 33, 55, 0
3911, 22, 2, 34, 14, 0
3911, 22, 3, 34, 15, 0
3911, 22, 2, 34, 55, 0
3911, 22, 2, 35, 15, 0
3911, 22, 3, 35, 53, 0
3911, 22, 0, 36, 16, 0
3911, 22, 1, 36, 54, 0
3911, 22, 0, 36, 56, 0
3911, 22, 1, 37, 15, 0
3911, 22, 2, 37, 18, 0
3911, 22, 0, 37, 53, 0
3911, 22, 2, 39, 18, 0
3911, 22, 2, 39, 27, 0
3911, 22, 2, 39, 53, 0
3911, 22, 2, 40, 16, 0
3911, 22, 1, 40, 19, 0
3911, 22, 3, 40, 20, 0
3911, 22, 1, 40, 27, 0
3911, 22, 2, 40, 43, 0
3911, 22, 0, 40, 45, 0
3911, 22, 3, 40, 47, 0
3911, 22, 2, 40, 55, 0
3911, 22, 3, 41, 17, 0
3911, 22, 0, 41, 19, 0
3911, 22, 2, 41, 24, 0
3911, 22, 0, 41, 26, 0
3911, 22, 1, 41, 28, 0
3911, 22, 1, 41, 29, 0
3911, 22, 1, 41, 42, 0
3911, 22, 3, 41, 45, 0
3911, 22, 3, 41, 53, 0
3911, 22, 3, 42, 25, 0
3911, 22, 0, 42, 30, 0
3911, 22, 1, 42, 53, 0
3911, 22, 0, 42, 57, 0
3911, 22, 1, 42, 58, 0
3911, 22, 1, 43, 30, 0
3911, 22, 0, 43, 43, 0
3911, 22, 1, 43, 44, 0
3911, 22, 2, 43, 46, 0
3911, 22, 2, 43, 57, 0
3911, 22, 1, 44, 45, 0
3911, 22, 3, 44, 59, 0
3911, 22, 1, 45, 16, 0
3911, 22, 0, 45, 44, 0
3911, 22, 0, 45, 54, 0
3911, 22, 0, 46, 59, 0
3911, 22, 1, 46, 60, 0
3911, 22, 0, 47, 13, 0
3911, 22, 0, 47, 17, 0
3911, 22, 1, 47, 55, 0
3911, 22, 0, 47, 56, 0
3911, 22, 2, 48, 13, 0
3911, 22, 3, 48, 53, 0
3911, 22, 3, 48, 57, 0
3911, 22, 2, 49, 58, 0
3911, 22, 2, 50, 50, 0
3911, 22, 0, 50, 53, 0
3911, 22, 1, 50, 57, 0
3911, 22, 1, 51, 12, 0
3911, 22, 0, 51, 20, 0
3911, 22, 0, 51, 51, 0
3911, 22, 2, 51, 54, 0
3911, 22, 3, 52, 13, 0
3911, 22, 0, 52, 22, 0
3911, 22, 1, 52, 48, 0
3911, 22, 1, 53, 19, 0
3911, 22, 2, 53, 24, 0
3911, 22, 0, 54, 12, 0
3911, 22, 0, 54, 13, 0
3911, 22, 2, 54, 19, 0
3911, 22, 3, 54, 24, 0
3911, 22, 3, 54, 48, 0
3911, 22, 0, 54, 49, 0
3911, 22, 0, 55, 16, 0
3911, 22, 1, 55, 28, 0
3911, 22, 1, 55, 31, 0
3911, 22, 0, 56, 17, 0
3911, 22, 1, 56, 19, 0
3911, 22, 2, 56, 20, 0
3911, 22, 0, 56, 21, 0
3911, 22, 1, 56, 22, 0
3911, 22, 2, 56, 28, 0
3911, 22, 3, 57, 18, 0
3911, 22, 0, 57, 29, 0
3918, 10, 3, 14, 24, 0
3918, 10, 1, 14, 47, 0
3918, 10, 2, 16, 33, 0
3918, 10, 0, 16, 38, 0
3918, 10, 2, 17, 50, 0
3918, 10, 1, 18, 21, 0
3918, 10, 2, 19, 58, 0
3918, 10, 1, 20, 34, 0
3918, 10, 2, 20, 37, 0
3918, 10, 0, 22, 21, 0
3918, 10, 3, 22, 50, 0
3918, 10, 2, 32, 32, 0
3918, 10, 0, 32, 39, 0
3918, 10, 2, 35, 32, 0
3918, 10, 1, 35, 39, 0
3918, 10, 1, 42, 22, 0
3918, 10, 2, 42, 49, 0
3918, 10, 1, 43, 19, 0
3918, 10, 3, 43, 52, 0
3918, 10, 2, 46, 19, 0
3918, 10, 1, 46, 32, 0
3918, 10, 1, 46, 39, 0
3918, 10, 0, 46, 52, 0
3918, 10, 3, 49, 22, 0
3918, 10, 0, 49, 49, 0
3918, 10, 1, 53, 33, 0
3918, 10, 1, 53, 38, 0
3918, 10, 1, 18, 27, 1
3918, 10, 1, 18, 44, 1
3918, 11, 0, 29, 31, 1
3918, 10, 3, 29, 40, 1
3918, 10, 3, 34, 46, 1
3918, 10, 2, 34, 48, 1
3918, 10, 1, 43, 19, 1
3918, 10, 3, 43, 52, 1
3918, 10, 1, 45, 33, 1
3918, 10, 1, 45, 38, 1
3918, 10, 0, 47, 19, 1
3918, 10, 2, 47, 52, 1
3918, 10, 2, 52, 30, 1
3918, 10, 0, 52, 41, 1
3918, 10, 1, 53, 33, 1
3918, 10, 1, 53, 38, 1
3918, 10, 3, 22, 30, 2
3918, 10, 1, 22, 41, 2
4736, 22, 1, 9, 40, 0
4736, 22, 3, 13, 38, 0
4736, 22, 0, 13, 39, 0
4736, 22, 2, 14, 38, 0
4736, 22, 1, 14, 39, 0
4736, 22, 0, 15, 34, 0
4736, 22, 2, 16, 33, 0
4736, 22, 3, 27, 38, 0
4736, 22, 0, 27, 39, 0
4736, 22, 3, 28, 30, 0
4736, 22, 0, 28, 31, 0
4736, 22, 2, 28, 38, 0
4736, 22, 1, 28, 39, 0
4736, 22, 2, 29, 30, 0
4736, 22, 1, 29, 31, 0
4736, 22, 3, 29, 36, 0
4736, 22, 0, 29, 37, 0
4736, 22, 2, 30, 36, 0
4736, 22, 1, 30, 37, 0
4736, 22, 3, 34, 28, 0
4736, 22, 0, 34, 29, 0
4736, 22, 2, 35, 28, 0
4736, 22, 1, 35, 29, 0
4736, 22, 3, 35, 41, 0
4736, 22, 0, 35, 42, 0
4736, 22, 2, 36, 41, 0
4736, 22, 1, 36, 42, 0
4736, 22, 3, 38, 37, 0
4736, 22, 3, 39, 34, 0
4736, 22, 0, 39, 35, 0
4736, 22, 2, 40, 34, 0
4736, 22, 1, 40, 35, 0
4737, 22, 0, 39, 37, 0
5243, 22, 3, 30, 46, 0
5243, 22, 3, 31, 46, 0
5243, 22, 3, 32, 46, 0
5243, 22, 2, 35, 22, 0
5243, 22, 2, 36, 22, 0
5243, 22, 0, 47, 35, 0
5243, 22, 0, 47, 36, 0
5574, 10, 0, 14, 53, 0
5574, 10, 3, 15, 52, 0
5574, 10, 3, 30, 50, 0
5574, 10, 1, 35, 51, 0
5574, 10, 0, 37, 24, 0
5574, 10, 0, 37, 52, 0
5574, 10, 3, 38, 23, 0
5609, 10, 3, 35, 20, 1
5610, 10, 2, 34, 21, 1
5610, 10, 2, 38, 20, 1
8742, 10, 0, 1, 55, 0
8742, 10, 2, 1, 59, 0
8744, 10, 0, 24, 32, 0
8744, 10, 0, 24, 39, 0
8744, 10, 0, 31, 24, 0
8744, 10, 0, 31, 47, 0
8744, 10, 1, 48, 44, 0
8745, 10, 0, 24, 32, 1
8745, 10, 0, 24, 39, 1
8746, 10, 0, 31, 24, 1
8746, 10, 0, 31, 47, 1
8746, 10, 1, 48, 44, 1
8746, 10, 0, 24, 32, 2
8746, 10, 0, 24, 39, 2
8747, 10, 1, 33, 35, 0
8748, 10, 3, 19, 44, 0
8749, 10, 1, 52, 35, 1
8750, 10, 3, 36, 19, 1
8750, 10, 1, 36, 24, 1
8751, 10, 2, 20, 27, 0
8751, 10, 0, 31, 49, 0
8751, 10, 3, 38, 50, 0
8751, 10, 3, 46, 26, 0
8751, 10, 0, 47, 29, 0
8751, 10, 0, 50, 29, 0
8751, 10, 0, 50, 34, 0
8751, 10, 0, 50, 37, 0
8752, 10, 2, 50, 44, 0
8753, 10, 0, 47, 41, 0
8754, 10, 2, 50, 45, 0
8755, 1, 1, 17, 26, 0
8755, 0, 2, 17, 27, 0
8755, 0, 2, 17, 28, 0
8755, 1, 2, 17, 29, 0
8755, 1, 1, 17, 42, 0
8755, 0, 2, 17, 43, 0
8755, 0, 2, 17, 44, 0
8755, 1, 2, 17, 45, 0
8755, 1, 1, 17, 49, 0
8755, 1, 1, 18, 25, 0
8755, 1, 2, 18, 30, 0
8755, 1, 1, 18, 41, 0
8755, 1, 2, 18, 46, 0
8755, 0, 1, 19, 25, 0
8755, 0, 3, 19, 30, 0
8755, 0, 1, 19, 41, 0
8755, 0, 3, 19, 46, 0
8755, 0, 1, 20, 25, 0
8755, 0, 2, 20, 32, 0
8755, 1, 2, 20, 33, 0
8755, 1, 1, 20, 38, 0
8755, 0, 2, 20, 39, 0
8755, 0, 3, 20, 46, 0
8755, 1, 0, 21, 25, 0
8755, 1, 3, 21, 46, 0
8755, 1, 0, 22, 26, 0
8755, 0, 0, 22, 27, 0
8755, 9, 0, 22, 28, 0
8755, 0, 3, 22, 34, 0
8755, 0, 1, 22, 37, 0
8755, 9, 3, 22, 43, 0
8755, 0, 0, 22, 44, 0
8755, 1, 3, 22, 45, 0
8755, 1, 0, 22, 49, 0
8755, 1, 0, 23, 28, 0
8755, 9, 0, 23, 29, 0
8755, 0, 3, 23, 34, 0
8755, 0, 1, 23, 37, 0
8755, 9, 3, 23, 42, 0
8755, 1, 3, 23, 43, 0
8755, 0, 1, 24, 29, 0
8755, 0, 3, 24, 34, 0
8755, 0, 1, 24, 37, 0
8755, 0, 3, 24, 42, 0
8755, 1, 0, 25, 29, 0
8755, 1, 3, 25, 42, 0
8755, 1, 0, 26, 30, 0
8755, 0, 0, 26, 31, 0
8755, 0, 0, 26, 32, 0
8755, 0, 0, 26, 39, 0
8755, 0, 0, 26, 40, 0
8755, 1, 3, 26, 41, 0
8755, 0, 2, 27, 23, 0
8755, 0, 2, 27, 24, 0
8755, 0, 2, 27, 25, 0
8755, 1, 2, 27, 26, 0
8755, 1, 1, 28, 21, 0
8755, 9, 1, 28, 22, 0
8755, 1, 2, 28, 27, 0
8755, 1, 1, 28, 44, 0
8755, 9, 2, 28, 49, 0
8755, 1, 2, 28, 50, 0
8755, 1, 1, 29, 20, 0
8755, 9, 1, 29, 21, 0
8755, 9, 2, 29, 27, 0
8755, 1, 2, 29, 28, 0
8755, 1, 0, 29, 30, 0
8755, 1, 0, 29, 31, 0
8755, 1, 3, 29, 40, 0
8755, 1, 3, 29, 41, 0
8755, 1, 1, 29, 43, 0
8755, 9, 1, 29, 44, 0
8755, 9, 2, 29, 50, 0
8755, 1, 2, 29, 51, 0
8755, 1, 0, 30, 29, 0
8755, 1, 3, 30, 42, 0
8755, 0, 1, 31, 20, 0
8755, 0, 3, 31, 51, 0
8755, 0, 1, 32, 20, 0
8755, 0, 3, 32, 51, 0
8755, 9, 3, 33, 27, 0
8755, 1, 3, 33, 28, 0
8755, 1, 0, 33, 43, 0
8755, 9, 0, 33, 44, 0
8755, 1, 1, 34, 19, 0
8755, 9, 1, 34, 20, 0
8755, 1, 3, 34, 27, 0
8755, 1, 0, 34, 44, 0
8755, 9, 2, 34, 51, 0
8755, 1, 2, 34, 52, 0
8755, 1, 1, 35, 18, 0
8755, 9, 3, 35, 25, 0
8755, 1, 3, 35, 26, 0
8755, 1, 0, 35, 45, 0
8755, 9, 0, 35, 46, 0
8755, 1, 2, 35, 53, 0
8755, 0, 1, 36, 18, 0
8755, 0, 3, 36, 25, 0
8755, 0, 1, 36, 46, 0
8755, 0, 3, 36, 53, 0
8755, 0, 1, 37, 18, 0
8755, 0, 3, 37, 25, 0
8755, 0, 1, 37, 46, 0
8755, 0, 3, 37, 53, 0
8755, 1, 0, 38, 18, 0
8755, 1, 3, 38, 25, 0
8755, 1, 3, 38, 30, 0
8755, 1, 0, 38, 41, 0
8755, 1, 0, 38, 46, 0
8755, 1, 3, 38, 53, 0
8755, 1, 0, 39, 19, 0
8755, 9, 0, 39, 20, 0
8755, 9, 3, 39, 23, 0
8755, 1, 3, 39, 24, 0
8755, 1, 3, 39, 31, 0
8755, 1, 0, 39, 40, 0
8755, 1, 0, 39, 47, 0
8755, 9, 0, 39, 48, 0
8755, 9, 3, 39, 51, 0
8755, 1, 3, 39, 52, 0
8755, 1, 3, 40, 32, 0
8755, 1, 0, 40, 39, 0
8755, 1, 1, 44, 32, 0
8755, 0, 2, 44, 34, 0
8755, 0, 2, 44, 37, 0
8755, 1, 2, 44, 39, 0
8755, 1, 1, 45, 25, 0
8755, 0, 2, 45, 26, 0
8755, 0, 2, 45, 27, 0
8755, 1, 2, 45, 28, 0
8755, 1, 1, 45, 31, 0
8755, 9, 1, 45, 32, 0
8755, 9, 2, 45, 39, 0
8755, 1, 2, 45, 40, 0
8755, 1, 1, 45, 43, 0
8755, 0, 2, 45, 44, 0
8755, 0, 2, 45, 45, 0
8755, 1, 2, 45, 46, 0
8755, 0, 2, 46, 29, 0
8755, 0, 2, 46, 30, 0
8755, 9, 1, 46, 31, 0
8755, 9, 2, 46, 40, 0
8755, 0, 2, 46, 41, 0
8755, 0, 2, 46, 42, 0
8755, 0, 1, 47, 24, 0
8755, 0, 1, 47, 30, 0
8755, 0, 3, 47, 41, 0
8755, 0, 3, 47, 47, 0
8755, 0, 1, 48, 30, 0
8755, 0, 1, 49, 24, 0
8755, 0, 1, 49, 30, 0
8755, 0, 3, 49, 47, 0
8755, 0, 1, 50, 30, 0
8755, 1, 0, 51, 25, 0
8755, 0, 0, 51, 26, 0
8755, 0, 0, 51, 27, 0
8755, 9, 0, 51, 28, 0
8755, 0, 1, 51, 30, 0
8755, 0, 3, 51, 41, 0
8755, 9, 3, 51, 43, 0
8755, 0, 0, 51, 44, 0
8755, 0, 0, 51, 45, 0
8755, 1, 3, 51, 46, 0
8755, 1, 0, 52, 28, 0
8755, 9, 0, 52, 29, 0
8755, 0, 1, 52, 30, 0
8755, 0, 3, 52, 41, 0
8755, 9, 3, 52, 42, 0
8755, 1, 3, 52, 43, 0
8755, 1, 0, 53, 29, 0
8755, 0, 0, 53, 30, 0
8755, 0, 0, 53, 31, 0
8755, 0, 0, 53, 40, 0
8755, 0, 0, 53, 41, 0
8755, 1, 3, 53, 42, 0
8755, 1, 0, 54, 32, 0
8755, 0, 0, 54, 33, 0
8755, 0, 0, 54, 35, 0
8755, 0, 0, 54, 36, 0
8755, 0, 0, 54, 38, 0
8755, 1, 3, 54, 39, 0
8755, 1, 1, 22, 30, 1
8755, 1, 2, 22, 33, 1
8755, 1, 1, 22, 38, 1
8755, 1, 2, 22, 41, 1
8755, 1, 3, 24, 33, 1
8755, 1, 0, 24, 38, 1
8755, 1, 3, 24, 41, 1
8755, 1, 1, 28, 22, 1
8755, 0, 2, 28, 23, 1
8755, 0, 2, 28, 25, 1
8755, 1, 2, 28, 26, 1
8755, 1, 1, 28, 45, 1
8755, 0, 2, 28, 46, 1
8755, 0, 2, 28, 48, 1
8755, 1, 2, 28, 49, 1
8755, 1, 1, 29, 21, 1
8755, 9, 1, 29, 22, 1
8755, 9, 2, 29, 26, 1
8755, 1, 2, 29, 27, 1
8755, 1, 1, 29, 44, 1
8755, 9, 1, 29, 45, 1
8755, 9, 2, 29, 49, 1
8755, 1, 2, 29, 50, 1
8755, 0, 1, 31, 21, 1
8755, 0, 3, 31, 27, 1
8755, 0, 3, 31, 50, 1
8755, 1, 0, 33, 21, 1
8755, 9, 0, 33, 22, 1
8755, 9, 3, 33, 26, 1
8755, 1, 3, 33, 27, 1
8755, 1, 0, 33, 44, 1
8755, 9, 0, 33, 45, 1
8755, 9, 3, 33, 49, 1
8755, 1, 3, 33, 50, 1
8755, 1, 0, 34, 22, 1
8755, 0, 0, 34, 23, 1
8755, 0, 0, 34, 25, 1
8755, 1, 3, 34, 26, 1
8755, 1, 0, 34, 45, 1
8755, 0, 0, 34, 46, 1
8755, 0, 0, 34, 48, 1
8755, 1, 3, 34, 49, 1
8755, 1, 1, 47, 32, 1
8755, 0, 2, 47, 33, 1
8755, 0, 2, 47, 38, 1
8755, 1, 2, 47, 39, 1
8755, 1, 1, 48, 31, 1
8755, 1, 2, 48, 40, 1
8755, 1, 1, 49, 30, 1
8755, 9, 1, 49, 31, 1
8755, 9, 2, 49, 40, 1
8755, 1, 2, 49, 41, 1
8755, 0, 1, 50, 30, 1
8755, 0, 3, 50, 41, 1
8755, 0, 1, 51, 30, 1
8755, 0, 3, 51, 41, 1
8755, 1, 0, 52, 30, 1
8755, 9, 0, 52, 31, 1
8755, 9, 3, 52, 40, 1
8755, 1, 3, 52, 41, 1
8755, 1, 0, 54, 32, 1
8755, 0, 0, 54, 33, 1
8755, 0, 0, 54, 35, 1
8755, 0, 0, 54, 36, 1
8755, 0, 0, 54, 38, 1
8755, 1, 3, 54, 39, 1
8756, 1, 1, 13, 52, 0
8756, 1, 2, 13, 56, 0
8756, 1, 1, 14, 51, 0
8756, 9, 1, 14, 52, 0
8756, 9, 2, 14, 56, 0
8756, 1, 2, 14, 57, 0
8756, 9, 2, 15, 57, 0
8756, 1, 2, 15, 58, 0
8756, 0, 2, 17, 50, 0
8756, 9, 1, 17, 51, 0
8756, 9, 2, 18, 58, 0
8756, 1, 2, 18, 59, 0
8756, 0, 0, 22, 50, 0
8756, 9, 0, 22, 52, 0
8756, 9, 3, 22, 58, 0
8756, 1, 3, 22, 59, 0
8756, 1, 0, 23, 52, 0
8756, 1, 3, 23, 58, 0
8756, 1, 1, 29, 32, 0
8756, 9, 1, 29, 33, 0
8756, 9, 2, 29, 38, 0
8756, 1, 2, 29, 39, 0
8756, 1, 1, 30, 31, 0
8756, 9, 1, 30, 32, 0
8756, 9, 2, 30, 39, 0
8756, 1, 2, 30, 40, 0
8756, 0, 1, 31, 31, 0
8756, 0, 3, 31, 40, 0
8756, 0, 1, 33, 31, 0
8756, 0, 3, 33, 40, 0
8756, 0, 1, 34, 31, 0
8756, 0, 3, 34, 40, 0
8756, 0, 1, 36, 31, 0
8756, 0, 3, 36, 40, 0
8756, 1, 0, 37, 31, 0
8756, 9, 0, 37, 32, 0
8756, 9, 3, 37, 39, 0
8756, 1, 3, 37, 40, 0
8756, 1, 0, 38, 32, 0
8756, 9, 0, 38, 33, 0
8756, 9, 3, 38, 38, 0
8756, 1, 3, 38, 39, 0
8756, 1, 1, 17, 26, 1
8756, 1, 2, 17, 29, 1
8756, 1, 1, 17, 42, 1
8756, 1, 2, 17, 45, 1
8756, 1, 1, 18, 25, 1
8756, 9, 1, 18, 26, 1
8756, 9, 2, 18, 29, 1
8756, 1, 2, 18, 30, 1
8756, 1, 1, 18, 41, 1
8756, 9, 1, 18, 42, 1
8756, 9, 2, 18, 45, 1
8756, 1, 2, 18, 46, 1
8756, 9, 2, 20, 30, 1
8756, 9, 1, 20, 41, 1
8756, 1, 0, 21, 25, 1
8756, 9, 0, 21, 26, 1
8756, 9, 3, 21, 45, 1
8756, 1, 3, 21, 46, 1
8756, 1, 0, 22, 26, 1
8756, 9, 0, 22, 28, 1
8756, 9, 3, 22, 43, 1
8756, 1, 3, 22, 45, 1
8756, 1, 0, 23, 28, 1
8756, 9, 0, 23, 29, 1
8756, 9, 3, 23, 42, 1
8756, 1, 3, 23, 43, 1
8756, 1, 1, 27, 22, 1
8756, 1, 2, 27, 26, 1
8756, 1, 1, 27, 45, 1
8756, 1, 2, 27, 49, 1
8756, 1, 1, 28, 21, 1
8756, 9, 1, 28, 22, 1
8756, 9, 2, 28, 26, 1
8756, 1, 2, 28, 27, 1
8756, 1, 1, 28, 30, 1
8756, 1, 2, 28, 32, 1
8756, 1, 1, 28, 39, 1
8756, 1, 2, 28, 41, 1
8756, 1, 1, 28, 44, 1
8756, 9, 1, 28, 45, 1
8756, 9, 2, 28, 49, 1
8756, 1, 2, 28, 50, 1
8756, 1, 1, 29, 20, 1
8756, 9, 1, 29, 21, 1
8756, 9, 2, 29, 27, 1
8756, 1, 2, 29, 28, 1
8756, 1, 1, 29, 29, 1
8756, 9, 1, 29, 30, 1
8756, 9, 2, 29, 32, 1
8756, 1, 2, 29, 33, 1
8756, 1, 1, 29, 38, 1
8756, 9, 1, 29, 39, 1
8756, 9, 2, 29, 41, 1
8756, 1, 2, 29, 42, 1
8756, 1, 1, 29, 43, 1
8756, 9, 1, 29, 44, 1
8756, 9, 2, 29, 50, 1
8756, 1, 2, 29, 51, 1
8756, 0, 3, 30, 28, 1
8756, 9, 3, 30, 32, 1
8756, 1, 3, 30, 33, 1
8756, 1, 0, 30, 38, 1
8756, 9, 0, 30, 39, 1
8756, 0, 1, 30, 43, 1
8756, 0, 1, 31, 29, 1
8756, 0, 3, 31, 42, 1
8756, 0, 3, 32, 28, 1
8756, 0, 3, 32, 32, 1
8756, 0, 1, 32, 39, 1
8756, 0, 1, 32, 43, 1
8756, 9, 3, 33, 27, 1
8756, 1, 3, 33, 28, 1
8756, 0, 1, 33, 29, 1
8756, 0, 3, 33, 42, 1
8756, 1, 0, 33, 43, 1
8756, 9, 0, 33, 44, 1
8756, 1, 1, 34, 19, 1
8756, 9, 1, 34, 20, 1
8756, 9, 3, 34, 26, 1
8756, 1, 3, 34, 27, 1
8756, 0, 1, 34, 29, 1
8756, 0, 3, 34, 42, 1
8756, 1, 0, 34, 44, 1
8756, 9, 0, 34, 45, 1
8756, 9, 2, 34, 51, 1
8756, 1, 2, 34, 52, 1
8756, 1, 1, 35, 18, 1
8756, 9, 1, 35, 19, 1
8756, 9, 3, 35, 25, 1
8756, 1, 3, 35, 26, 1
8756, 0, 3, 35, 32, 1
8756, 0, 1, 35, 39, 1
8756, 1, 0, 35, 45, 1
8756, 9, 0, 35, 46, 1
8756, 9, 2, 35, 52, 1
8756, 1, 2, 35, 53, 1
8756, 0, 1, 36, 29, 1
8756, 0, 3, 36, 42, 1
8756, 9, 2, 37, 32, 1
8756, 1, 2, 37, 33, 1
8756, 1, 1, 37, 38, 1
8756, 9, 1, 37, 39, 1
8756, 1, 0, 38, 18, 1
8756, 9, 0, 38, 19, 1
8756, 9, 3, 38, 24, 1
8756, 1, 3, 38, 25, 1
8756, 1, 0, 38, 29, 1
8756, 9, 0, 38, 30, 1
8756, 9, 2, 38, 33, 1
8756, 9, 1, 38, 38, 1
8756, 9, 3, 38, 41, 1
8756, 1, 3, 38, 42, 1
8756, 1, 0, 38, 46, 1
8756, 9, 0, 38, 47, 1
8756, 9, 3, 38, 52, 1
8756, 1, 3, 38, 53, 1
8756, 1, 0, 39, 19, 1
8756, 9, 0, 39, 20, 1
8756, 9, 3, 39, 23, 1
8756, 1, 3, 39, 24, 1
8756, 1, 0, 39, 30, 1
8756, 9, 0, 39, 31, 1
8756, 9, 3, 39, 40, 1
8756, 1, 3, 39, 41, 1
8756, 1, 0, 39, 47, 1
8756, 9, 0, 39, 48, 1
8756, 9, 3, 39, 51, 1
8756, 1, 3, 39, 52, 1
8756, 1, 0, 40, 31, 1
8756, 9, 0, 40, 32, 1
8756, 9, 3, 40, 39, 1
8756, 1, 3, 40, 40, 1
8756, 1, 1, 41, 19, 1
8756, 9, 1, 41, 20, 1
8756, 1, 0, 41, 32, 1
8756, 9, 0, 41, 34, 1
8756, 9, 3, 41, 37, 1
8756, 1, 3, 41, 39, 1
8756, 9, 2, 41, 51, 1
8756, 1, 2, 41, 52, 1
8756, 1, 1, 42, 18, 1
8756, 9, 1, 42, 19, 1
8756, 9, 2, 42, 52, 1
8756, 1, 2, 42, 53, 1
8756, 0, 1, 44, 18, 1
8756, 9, 3, 44, 22, 1
8756, 1, 3, 44, 23, 1
8756, 1, 1, 44, 32, 1
8756, 9, 1, 44, 34, 1
8756, 9, 2, 44, 37, 1
8756, 1, 2, 44, 39, 1
8756, 1, 0, 44, 48, 1
8756, 9, 0, 44, 49, 1
8756, 0, 3, 44, 53, 1
8756, 1, 1, 45, 25, 1
8756, 1, 2, 45, 28, 1
8756, 1, 1, 45, 31, 1
8756, 9, 1, 45, 32, 1
8756, 9, 2, 45, 39, 1
8756, 1, 2, 45, 40, 1
8756, 1, 1, 45, 43, 1
8756, 1, 2, 45, 46, 1
8756, 0, 1, 46, 18, 1
8756, 9, 2, 46, 22, 1
8756, 9, 1, 46, 25, 1
8756, 9, 2, 46, 28, 1
8756, 9, 1, 46, 31, 1
8756, 9, 2, 46, 40, 1
8756, 9, 1, 46, 43, 1
8756, 9, 2, 46, 46, 1
8756, 9, 1, 46, 49, 1
8756, 0, 3, 46, 53, 1
8756, 1, 0, 48, 18, 1
8756, 9, 0, 48, 19, 1
8756, 9, 3, 48, 52, 1
8756, 1, 3, 48, 53, 1
8756, 1, 0, 49, 19, 1
8756, 9, 0, 49, 20, 1
8756, 9, 3, 49, 51, 1
8756, 1, 3, 49, 52, 1
8756, 1, 0, 50, 20, 1
8756, 9, 0, 50, 25, 1
8756, 9, 3, 50, 46, 1
8756, 1, 3, 50, 51, 1
8756, 1, 0, 51, 25, 1
8756, 9, 0, 51, 28, 1
8756, 9, 3, 51, 43, 1
8756, 1, 3, 51, 46, 1
8756, 1, 0, 52, 28, 1
8756, 9, 0, 52, 29, 1
8756, 9, 3, 52, 42, 1
8756, 1, 3, 52, 43, 1
8756, 1, 0, 53, 29, 1
8756, 1, 3, 53, 42, 1
8756, 1, 1, 20, 30, 2
8756, 0, 2, 20, 31, 2
8756, 0, 2, 20, 32, 2
8756, 1, 2, 20, 33, 2
8756, 1, 1, 20, 38, 2
8756, 0, 2, 20, 39, 2
8756, 0, 2, 20, 40, 2
8756, 1, 2, 20, 41, 2
8756, 1, 1, 21, 29, 2
8756, 9, 1, 21, 30, 2
8756, 9, 2, 21, 33, 2
8756, 1, 2, 21, 34, 2
8756, 1, 1, 21, 37, 2
8756, 9, 1, 21, 38, 2
8756, 9, 2, 21, 41, 2
8756, 1, 2, 21, 42, 2
8756, 9, 2, 22, 34, 2
8756, 0, 2, 22, 35, 2
8756, 0, 2, 22, 36, 2
8756, 9, 1, 22, 37, 2
8756, 0, 1, 23, 29, 2
8756, 0, 3, 23, 42, 2
8756, 9, 3, 24, 34, 2
8756, 0, 0, 24, 35, 2
8756, 0, 0, 24, 36, 2
8756, 9, 0, 24, 37, 2
8756, 1, 0, 25, 29, 2
8756, 9, 0, 25, 30, 2
8756, 9, 3, 25, 33, 2
8756, 1, 3, 25, 34, 2
8756, 1, 0, 25, 37, 2
8756, 9, 0, 25, 38, 2
8756, 9, 3, 25, 41, 2
8756, 1, 3, 25, 42, 2
8756, 1, 0, 26, 30, 2
8756, 0, 0, 26, 31, 2
8756, 0, 0, 26, 32, 2
8756, 1, 3, 26, 33, 2
8756, 1, 0, 26, 38, 2
8756, 0, 0, 26, 39, 2
8756, 0, 0, 26, 40, 2
8756, 1, 3, 26, 41, 2
8758, 0, 2, 13, 53, 0
8758, 0, 2, 13, 54, 0
8758, 0, 2, 13, 55, 0
8758, 0, 1, 15, 51, 0
8758, 0, 1, 16, 51, 0
8758, 0, 3, 16, 58, 0
8758, 0, 3, 17, 58, 0
8758, 0, 3, 19, 59, 0
8758, 0, 3, 20, 59, 0
8758, 0, 3, 21, 59, 0
8758, 0, 0, 22, 51, 0
8758, 0, 0, 23, 53, 0
8758, 0, 0, 23, 54, 0
8758, 0, 0, 23, 55, 0
8758, 0, 0, 23, 56, 0
8758, 0, 0, 23, 57, 0
8758, 0, 1, 32, 31, 0
8758, 0, 3, 32, 40, 0
8758, 0, 1, 35, 31, 0
8758, 0, 3, 35, 40, 0
8758, 0, 2, 17, 27, 1
8758, 0, 2, 17, 28, 1
8758, 0, 2, 17, 43, 1
8758, 0, 2, 17, 44, 1
8758, 0, 1, 19, 25, 1
8758, 0, 3, 19, 30, 1
8758, 0, 1, 19, 41, 1
8758, 0, 3, 19, 46, 1
8758, 0, 1, 20, 25, 1
8758, 0, 3, 20, 46, 1
8758, 0, 0, 22, 27, 1
8758, 0, 0, 22, 44, 1
8758, 0, 2, 27, 23, 1
8758, 0, 2, 27, 24, 1
8758, 0, 2, 27, 25, 1
8758, 0, 2, 27, 46, 1
8758, 0, 2, 27, 47, 1
8758, 0, 2, 27, 48, 1
8758, 0, 2, 28, 31, 1
8758, 0, 2, 28, 40, 1
8758, 0, 1, 30, 20, 1
8758, 0, 1, 30, 29, 1
8758, 0, 3, 30, 42, 1
8758, 0, 3, 30, 51, 1
8758, 0, 1, 31, 20, 1
8758, 0, 3, 31, 28, 1
8758, 0, 3, 31, 32, 1
8758, 0, 1, 31, 39, 1
8758, 0, 1, 31, 43, 1
8758, 0, 3, 31, 51, 1
8758, 0, 1, 32, 20, 1
8758, 0, 1, 32, 29, 1
8758, 0, 3, 32, 42, 1
8758, 0, 3, 32, 51, 1
8758, 0, 1, 33, 20, 1
8758, 0, 3, 33, 32, 1
8758, 0, 1, 33, 39, 1
8758, 0, 3, 33, 51, 1
8758, 0, 3, 34, 32, 1
8758, 0, 1, 34, 39, 1
8758, 0, 1, 35, 29, 1
8758, 0, 3, 35, 42, 1
8758, 0, 1, 36, 18, 1
8758, 0, 3, 36, 25, 1
8758, 0, 3, 36, 32, 1
8758, 0, 1, 36, 39, 1
8758, 0, 1, 36, 46, 1
8758, 0, 3, 36, 53, 1
8758, 0, 1, 37, 18, 1
8758, 0, 3, 37, 25, 1
8758, 0, 1, 37, 29, 1
8758, 0, 3, 37, 42, 1
8758, 0, 1, 37, 46, 1
8758, 0, 3, 37, 53, 1
8758, 0, 2, 38, 34, 1
8758, 0, 2, 38, 35, 1
8758, 0, 2, 38, 36, 1
8758, 0, 2, 38, 37, 1
8758, 0, 1, 40, 20, 1
8758, 0, 3, 40, 23, 1
8758, 0, 1, 40, 48, 1
8758, 0, 3, 40, 51, 1
8758, 0, 3, 41, 23, 1
8758, 0, 0, 41, 33, 1
8758, 0, 0, 41, 38, 1
8758, 0, 1, 41, 48, 1
8758, 0, 3, 42, 23, 1
8758, 0, 1, 42, 34, 1
8758, 0, 3, 42, 37, 1
8758, 0, 1, 42, 48, 1
8758, 0, 1, 43, 18, 1
8758, 0, 3, 43, 23, 1
8758, 0, 1, 43, 34, 1
8758, 0, 3, 43, 37, 1
8758, 0, 1, 43, 48, 1
8758, 0, 3, 43, 53, 1
8758, 0, 2, 44, 33, 1
8758, 0, 2, 44, 38, 1
8758, 0, 1, 45, 18, 1
8758, 0, 3, 45, 22, 1
8758, 0, 2, 45, 26, 1
8758, 0, 2, 45, 27, 1
8758, 0, 2, 45, 44, 1
8758, 0, 2, 45, 45, 1
8758, 0, 1, 45, 49, 1
8758, 0, 3, 45, 53, 1
8758, 0, 2, 46, 23, 1
8758, 0, 2, 46, 24, 1
8758, 0, 2, 46, 29, 1
8758, 0, 2, 46, 30, 1
8758, 0, 2, 46, 41, 1
8758, 0, 2, 46, 42, 1
8758, 0, 2, 46, 47, 1
8758, 0, 2, 46, 48, 1
8758, 0, 1, 47, 18, 1
8758, 0, 3, 47, 53, 1
8758, 0, 0, 50, 21, 1
8758, 0, 0, 50, 22, 1
8758, 0, 0, 50, 23, 1
8758, 0, 0, 50, 24, 1
8758, 0, 0, 50, 47, 1
8758, 0, 0, 50, 48, 1
8758, 0, 0, 50, 49, 1
8758, 0, 0, 50, 50, 1
8758, 0, 0, 51, 26, 1
8758, 0, 0, 51, 27, 1
8758, 0, 0, 51, 44, 1
8758, 0, 0, 51, 45, 1
8758, 0, 0, 53, 30, 1
8758, 0, 0, 53, 31, 1
8758, 0, 0, 53, 40, 1
8758, 0, 0, 53, 41, 1
8758, 0, 1, 22, 29, 2
8758, 0, 3, 22, 42, 2
8758, 0, 1, 24, 29, 2
8758, 0, 3, 24, 42, 2
8759, 9, 1, 18, 26, 0
8759, 9, 2, 18, 29, 0
8759, 9, 1, 18, 42, 0
8759, 9, 2, 18, 45, 0
8759, 9, 2, 20, 30, 0
8759, 9, 1, 20, 41, 0
8759, 9, 0, 21, 26, 0
8759, 9, 2, 21, 33, 0
8759, 9, 1, 21, 38, 0
8759, 9, 3, 21, 45, 0
8759, 9, 0, 25, 30, 0
8759, 9, 3, 25, 33, 0
8759, 9, 0, 25, 38, 0
8759, 9, 3, 25, 41, 0
8759, 9, 2, 28, 26, 0
8759, 9, 1, 28, 45, 0
8759, 0, 1, 30, 20, 0
8759, 0, 3, 30, 28, 0
8759, 0, 1, 30, 43, 0
8759, 0, 3, 30, 51, 0
8759, 0, 3, 32, 28, 0
8759, 0, 1, 32, 43, 0
8759, 0, 1, 33, 20, 0
8759, 0, 3, 33, 51, 0
8759, 9, 3, 34, 26, 0
8759, 9, 0, 34, 45, 0
8759, 9, 1, 35, 19, 0
8759, 9, 2, 35, 52, 0
8759, 9, 0, 38, 19, 0
8759, 9, 3, 38, 24, 0
8759, 9, 0, 38, 47, 0
8759, 9, 3, 38, 52, 0
8759, 0, 2, 44, 33, 0
8759, 0, 2, 44, 38, 0
8759, 9, 1, 46, 25, 0
8759, 9, 2, 46, 28, 0
8759, 9, 1, 46, 43, 0
8759, 9, 2, 46, 46, 0
8759, 9, 0, 50, 25, 0
8759, 9, 3, 50, 46, 0
8759, 9, 0, 53, 32, 0
8759, 9, 3, 53, 39, 0
8759, 0, 0, 54, 34, 0
8759, 0, 0, 54, 37, 0
8759, 0, 2, 28, 24, 1
8759, 0, 2, 28, 47, 1
8759, 0, 1, 30, 21, 1
8759, 0, 3, 30, 27, 1
8759, 0, 1, 30, 44, 1
8759, 0, 3, 30, 50, 1
8759, 0, 1, 32, 21, 1
8759, 0, 3, 32, 27, 1
8759, 0, 1, 32, 44, 1
8759, 0, 3, 32, 50, 1
8759, 0, 2, 47, 34, 1
8759, 0, 2, 47, 37, 1
8759, 9, 1, 48, 32, 1
8759, 9, 2, 48, 39, 1
8759, 9, 0, 53, 32, 1
8759, 9, 3, 53, 39, 1
8759, 0, 0, 54, 34, 1
8759, 0, 0, 54, 37, 1
8763, 0, 2, 14, 25, 0
8763, 0, 2, 14, 28, 0
8763, 0, 2, 14, 41, 0
8763, 0, 2, 14, 44, 0
8763, 0, 3, 18, 34, 0
8763, 0, 1, 21, 37, 0
8763, 0, 1, 23, 44, 0
8763, 0, 1, 24, 23, 0
8763, 0, 1, 25, 23, 0
8763, 0, 1, 25, 44, 0
8763, 0, 1, 27, 22, 0
8763, 0, 1, 27, 45, 0
8763, 0, 3, 40, 23, 0
8763, 0, 3, 42, 37, 0
8763, 0, 1, 43, 34, 0
8763, 0, 1, 43, 48, 0
8763, 0, 3, 45, 22, 0
8763, 0, 1, 45, 49, 0
8763, 0, 2, 46, 47, 0
8763, 0, 1, 47, 18, 0
8763, 0, 3, 48, 41, 0
8763, 0, 0, 50, 24, 0
8763, 0, 0, 50, 50, 0
8763, 0, 1, 24, 29, 1
8764, 0, 2, 14, 27, 0
8764, 0, 2, 14, 30, 0
8764, 0, 2, 14, 43, 0
8764, 0, 2, 14, 46, 0
8764, 0, 1, 18, 37, 0
8764, 0, 3, 21, 34, 0
8764, 0, 1, 21, 45, 0
8764, 0, 1, 24, 44, 0
8764, 0, 3, 27, 49, 0
8764, 0, 1, 40, 20, 0
8764, 0, 1, 40, 48, 0
8764, 0, 1, 42, 34, 0
8764, 0, 1, 43, 18, 0
8764, 0, 3, 43, 23, 0
8764, 0, 3, 43, 37, 0
8764, 0, 2, 46, 24, 0
8764, 0, 3, 47, 53, 0
8764, 0, 0, 50, 21, 0
8764, 0, 3, 50, 41, 0
8764, 0, 0, 50, 47, 0
8765, 1, 1, 14, 24, 0
8765, 0, 2, 14, 26, 0
8765, 0, 2, 14, 29, 0
8765, 1, 2, 14, 31, 0
8765, 1, 1, 14, 40, 0
8765, 0, 2, 14, 42, 0
8765, 0, 2, 14, 45, 0
8765, 1, 2, 14, 47, 0
8765, 1, 1, 15, 23, 0
8765, 9, 1, 15, 24, 0
8765, 9, 2, 15, 31, 0
8765, 1, 2, 15, 32, 0
8765, 1, 1, 15, 39, 0
8765, 9, 1, 15, 40, 0
8765, 9, 2, 15, 47, 0
8765, 1, 2, 15, 48, 0
8765, 1, 1, 16, 22, 0
8765, 9, 1, 16, 23, 0
8765, 9, 2, 16, 32, 0
8765, 1, 2, 16, 33, 0
8765, 1, 1, 16, 38, 0
8765, 9, 1, 16, 39, 0
8765, 9, 2, 16, 48, 0
8765, 1, 2, 16, 49, 0
8765, 1, 1, 17, 21, 0
8765, 9, 1, 17, 22, 0
8765, 9, 2, 17, 33, 0
8765, 1, 2, 17, 34, 0
8765, 1, 1, 17, 37, 0
8765, 9, 1, 17, 38, 0
8765, 9, 2, 17, 49, 0
8765, 0, 1, 18, 21, 0
8765, 0, 1, 19, 21, 0
8765, 0, 3, 19, 34, 0
8765, 0, 1, 19, 37, 0
8765, 0, 1, 20, 21, 0
8765, 1, 3, 20, 22, 0
8765, 0, 3, 20, 34, 0
8765, 0, 1, 20, 37, 0
8765, 0, 1, 21, 21, 0
8765, 1, 0, 22, 21, 0
8765, 9, 0, 22, 22, 0
8765, 9, 1, 22, 45, 0
8765, 9, 3, 22, 49, 0
8765, 1, 0, 23, 22, 0
8765, 9, 0, 23, 23, 0
8765, 9, 3, 23, 48, 0
8765, 1, 3, 23, 49, 0
8765, 0, 3, 24, 48, 0
8765, 1, 3, 25, 34, 0
8765, 1, 0, 25, 37, 0
8765, 0, 3, 25, 48, 0
8765, 1, 1, 26, 22, 0
8765, 9, 1, 26, 23, 0
8765, 1, 3, 26, 33, 0
8765, 1, 0, 26, 38, 0
8765, 1, 0, 26, 44, 0
8765, 9, 0, 26, 45, 0
8765, 9, 2, 26, 48, 0
8765, 1, 2, 26, 49, 0
8765, 0, 3, 40, 51, 0
8765, 1, 1, 41, 19, 0
8765, 9, 1, 41, 20, 0
8765, 0, 3, 41, 23, 0
8765, 1, 0, 41, 33, 0
8765, 9, 0, 41, 34, 0
8765, 9, 3, 41, 37, 0
8765, 1, 3, 41, 38, 0
8765, 0, 1, 41, 48, 0
8765, 9, 2, 41, 51, 0
8765, 1, 2, 41, 52, 0
8765, 1, 1, 42, 18, 0
8765, 9, 1, 42, 19, 0
8765, 0, 3, 42, 23, 0
8765, 0, 1, 42, 48, 0
8765, 9, 2, 42, 52, 0
8765, 1, 2, 42, 53, 0
8765, 0, 3, 43, 53, 0
8765, 0, 1, 44, 18, 0
8765, 9, 3, 44, 22, 0
8765, 9, 1, 44, 34, 0
8765, 9, 2, 44, 37, 0
8765, 1, 0, 44, 48, 0
8765, 9, 0, 44, 49, 0
8765, 0, 3, 44, 53, 0
8765, 0, 1, 45, 18, 0
8765, 0, 3, 45, 53, 0
8765, 0, 1, 46, 18, 0
8765, 9, 2, 46, 22, 0
8765, 0, 2, 46, 23, 0
8765, 0, 2, 46, 48, 0
8765, 9, 1, 46, 49, 0
8765, 0, 3, 46, 53, 0
8765, 9, 3, 48, 52, 0
8765, 1, 3, 48, 53, 0
8765, 9, 3, 49, 51, 0
8765, 1, 3, 49, 52, 0
8765, 0, 0, 50, 22, 0
8765, 0, 0, 50, 23, 0
8765, 0, 0, 50, 48, 0
8765, 0, 0, 50, 49, 0
8765, 1, 3, 50, 51, 0
8765, 1, 1, 20, 30, 1
8765, 0, 2, 20, 31, 1
8765, 0, 2, 20, 32, 1
8765, 1, 2, 20, 33, 1
8765, 1, 1, 20, 38, 1
8765, 0, 2, 20, 39, 1
8765, 0, 2, 20, 40, 1
8765, 1, 2, 20, 41, 1
8765, 9, 2, 21, 33, 1
8765, 1, 2, 21, 34, 1
8765, 1, 1, 21, 37, 1
8765, 9, 1, 21, 38, 1
8765, 0, 3, 22, 34, 1
8765, 0, 1, 22, 37, 1
8765, 1, 1, 23, 29, 1
8765, 0, 3, 23, 34, 1
8765, 0, 1, 23, 37, 1
8765, 1, 2, 23, 42, 1
8765, 1, 0, 24, 30, 1
8765, 0, 3, 24, 34, 1
8765, 0, 1, 24, 37, 1
8765, 0, 3, 24, 42, 1
8765, 1, 0, 25, 29, 1
8765, 9, 0, 25, 30, 1
8765, 9, 3, 25, 33, 1
8765, 1, 3, 25, 34, 1
8765, 1, 0, 25, 37, 1
8765, 9, 0, 25, 38, 1
8765, 9, 3, 25, 41, 1
8765, 1, 3, 25, 42, 1
8765, 1, 0, 26, 30, 1
8765, 0, 0, 26, 31, 1
8765, 0, 0, 26, 32, 1
8765, 1, 3, 26, 33, 1
8765, 1, 0, 26, 38, 1
8765, 0, 0, 26, 39, 1
8765, 0, 0, 26, 40, 1
8765, 1, 3, 26, 41, 1
8766, 10, 1, 33, 35, 1
8768, 10, 1, 31, 21, 0
8768, 10, 1, 36, 22, 0
8768, 10, 2, 47, 33, 0
8768, 10, 0, 47, 38, 0
8768, 10, 0, 20, 28, 1
8768, 10, 2, 20, 43, 1
8768, 10, 0, 36, 51, 1
8770, 10, 3, 18, 44, 0
8770, 10, 0, 19, 45, 0
8770, 10, 3, 30, 21, 0
8770, 10, 0, 31, 50, 0
8770, 10, 1, 32, 21, 0
8770, 11, 2, 35, 21, 0
8770, 11, 3, 35, 23, 0
8770, 11, 1, 37, 21, 0
8770, 11, 2, 46, 33, 0
8770, 10, 3, 46, 38, 0
8770, 10, 2, 47, 32, 0
8770, 10, 0, 47, 34, 0
8770, 11, 0, 48, 39, 0
8770, 10, 2, 50, 33, 0
8770, 11, 3, 50, 35, 0
8770, 10, 2, 50, 36, 0
8770, 11, 3, 50, 38, 0
8770, 10, 2, 51, 33, 0
8770, 10, 0, 51, 35, 0
8770, 11, 1, 51, 36, 0
8770, 10, 0, 51, 38, 0
8770, 10, 2, 20, 27, 1
8770, 10, 0, 20, 44, 1
8770, 10, 1, 21, 28, 1
8770, 11, 3, 30, 49, 1
8770, 11, 0, 32, 49, 1
8770, 10, 2, 36, 47, 1
8770, 10, 0, 36, 52, 1
8770, 10, 2, 37, 47, 1
8770, 10, 0, 37, 52, 1
8770, 10, 3, 49, 35, 1
8770, 10, 3, 49, 36, 1
8770, 10, 3, 50, 35, 1
8770, 10, 3, 50, 36, 1
8771, 4, 3, 31, 21, 0
8771, 4, 1, 32, 50, 0
8771, 4, 0, 47, 29, 0
8771, 4, 0, 47, 42, 0
8771, 4, 3, 31, 22, 1
8772, 10, 2, 22, 34, 0
8772, 10, 3, 28, 24, 0
8772, 10, 2, 33, 32, 0
8772, 10, 0, 33, 39, 0
8772, 10, 2, 44, 19, 0
8772, 10, 0, 44, 52, 0
8772, 10, 1, 46, 29, 0
8772, 10, 1, 53, 34, 0
8772, 10, 1, 53, 36, 0
8772, 10, 1, 49, 48, 1
8772, 10, 2, 50, 31, 1
8772, 10, 0, 50, 40, 1
8773, 4, 0, 18, 27, 0
8773, 4, 0, 18, 28, 0
8773, 4, 1, 23, 33, 0
8773, 4, 2, 25, 31, 0
8773, 4, 2, 25, 32, 0
8774, 4, 1, 47, 24, 0
8774, 5, 3, 47, 47, 0
8774, 4, 1, 49, 24, 0
8774, 5, 3, 49, 47, 0
8775, 7, 0, 22, 28, 0
8775, 4, 1, 22, 33, 0
8775, 7, 0, 23, 29, 0
8775, 4, 1, 24, 33, 0
8776, 4, 1, 19, 45, 0
8776, 10, 2, 21, 44, 0
8778, 10, 0, 20, 45, 0
8779, 10, 3, 18, 43, 0
8779, 10, 0, 24, 41, 0
8780, 0, 3, 19, 42, 0
8780, 0, 1, 20, 29, 0
8780, 0, 3, 20, 42, 0
8780, 0, 3, 23, 30, 0
8780, 0, 2, 29, 49, 0
8780, 0, 3, 30, 49, 0
8780, 0, 2, 33, 49, 0
8780, 0, 2, 33, 50, 0
8780, 0, 1, 34, 48, 0
8780, 0, 1, 35, 48, 0
8780, 0, 1, 36, 48, 0
8780, 0, 0, 47, 28, 0
8780, 0, 2, 48, 28, 0
8780, 0, 2, 49, 28, 0
8780, 0, 3, 49, 29, 0
8780, 0, 0, 52, 33, 1
8780, 0, 0, 52, 34, 1
8780, 0, 0, 52, 37, 1
8780, 0, 0, 52, 38, 1
8781, 1, 1, 28, 33, 0
8781, 1, 3, 39, 38, 0
8782, 1, 2, 28, 38, 0
8782, 1, 0, 39, 33, 0
