197, 4, 3, 38, 53, 1
197, 4, 1, 38, 61, 1
198, 4, 0, 4, 29, 0
198, 4, 0, 4, 33, 0
198, 4, 3, 7, 26, 0
198, 4, 1, 7, 36, 0
198, 4, 0, 9, 9, 0
198, 4, 0, 9, 11, 0
198, 4, 1, 9, 36, 0
198, 4, 0, 11, 6, 0
198, 4, 0, 11, 14, 0
198, 4, 3, 11, 26, 0
198, 4, 2, 11, 34, 0
198, 4, 1, 13, 17, 0
198, 4, 3, 14, 1, 0
198, 4, 3, 14, 29, 0
198, 4, 1, 14, 30, 0
198, 4, 1, 14, 46, 0
198, 4, 3, 17, 1, 0
198, 4, 0, 17, 27, 0
198, 4, 1, 17, 46, 0
198, 4, 1, 18, 17, 0
198, 4, 3, 18, 22, 0
198, 4, 3, 20, 1, 0
198, 4, 1, 20, 45, 0
198, 4, 1, 21, 15, 0
198, 4, 3, 21, 22, 0
198, 4, 2, 23, 6, 0
198, 4, 1, 23, 47, 0
198, 7, 0, 24, 10, 0
198, 4, 0, 24, 19, 0
198, 4, 2, 26, 13, 0
198, 4, 2, 26, 16, 0
198, 4, 1, 27, 47, 0
198, 7, 0, 29, 19, 0
198, 4, 1, 30, 47, 0
198, 7, 0, 31, 21, 0
198, 4, 1, 33, 45, 0
198, 7, 0, 35, 25, 0
198, 4, 1, 35, 61, 0
198, 4, 1, 36, 45, 0
198, 4, 0, 37, 12, 0
198, 4, 0, 37, 15, 0
198, 4, 3, 37, 27, 0
198, 4, 1, 38, 61, 0
198, 4, 0, 39, 20, 0
198, 4, 1, 39, 45, 0
198, 4, 3, 41, 8, 0
198, 4, 0, 41, 24, 0
198, 4, 3, 41, 57, 0
198, 4, 1, 41, 60, 0
198, 4, 1, 44, 60, 0
198, 4, 0, 45, 52, 0
198, 4, 3, 47, 4, 0
198, 4, 1, 47, 60, 0
198, 7, 3, 52, 59, 0
198, 7, 0, 54, 4, 0
198, 7, 3, 54, 57, 0
198, 7, 0, 56, 6, 0
198, 7, 3, 56, 55, 0
198, 4, 2, 59, 10, 0
198, 7, 0, 61, 12, 0
198, 4, 2, 62, 15, 0
198, 7, 3, 62, 52, 0
301, 10, 0, 33, 53, 0
313, 10, 3, 53, 27, 0
313, 10, 1, 53, 29, 0
313, 10, 0, 53, 31, 0
313, 10, 2, 53, 33, 0
313, 10, 0, 54, 25, 0
313, 10, 0, 54, 27, 0
313, 10, 0, 54, 28, 0
313, 10, 2, 54, 29, 0
313, 10, 0, 54, 31, 0
313, 10, 0, 54, 33, 0
313, 10, 3, 54, 35, 0
313, 10, 0, 55, 25, 0
313, 10, 0, 55, 27, 0
313, 10, 0, 55, 29, 0
313, 10, 0, 55, 31, 0
313, 10, 0, 55, 33, 0
313, 10, 0, 55, 35, 0
313, 10, 0, 56, 23, 0
313, 10, 0, 56, 25, 0
313, 10, 0, 56, 27, 0
313, 10, 0, 56, 29, 0
313, 10, 0, 56, 31, 0
313, 10, 0, 56, 33, 0
313, 10, 0, 56, 34, 0
313, 10, 0, 56, 35, 0
313, 10, 1, 56, 37, 0
313, 10, 3, 57, 23, 0
313, 10, 0, 57, 25, 0
313, 10, 0, 57, 27, 0
313, 10, 0, 57, 29, 0
313, 10, 0, 57, 31, 0
313, 10, 0, 57, 33, 0
313, 10, 0, 57, 35, 0
313, 10, 0, 57, 37, 0
313, 10, 1, 58, 23, 0
313, 10, 0, 58, 25, 0
313, 10, 0, 58, 27, 0
313, 10, 0, 58, 29, 0
313, 10, 0, 58, 31, 0
313, 10, 0, 58, 33, 0
313, 10, 0, 58, 35, 0
313, 10, 3, 58, 37, 0
313, 10, 3, 59, 23, 0
313, 10, 0, 59, 25, 0
313, 10, 0, 59, 27, 0
313, 10, 0, 59, 28, 0
313, 10, 0, 59, 29, 0
313, 10, 0, 59, 31, 0
313, 10, 0, 59, 33, 0
313, 10, 0, 59, 35, 0
313, 10, 2, 59, 37, 0
313, 10, 3, 60, 23, 0
313, 10, 0, 60, 25, 0
313, 10, 0, 60, 27, 0
313, 10, 0, 60, 29, 0
313, 10, 0, 60, 31, 0
313, 10, 0, 60, 33, 0
313, 10, 0, 60, 35, 0
313, 10, 1, 60, 37, 0
313, 10, 3, 61, 23, 0
313, 10, 0, 61, 25, 0
313, 10, 0, 61, 27, 0
313, 10, 0, 61, 29, 0
313, 10, 0, 61, 31, 0
313, 10, 0, 61, 33, 0
313, 10, 2, 61, 35, 0
313, 10, 2, 62, 23, 0
313, 10, 0, 62, 25, 0
313, 10, 0, 62, 29, 0
313, 10, 3, 62, 31, 0
313, 10, 0, 62, 33, 0
313, 10, 0, 62, 34, 0
313, 10, 2, 62, 35, 0
313, 10, 0, 63, 29, 0
313, 10, 2, 63, 31, 0
313, 10, 1, 63, 33, 0
313, 10, 1, 63, 35, 0
319, 22, 2, 4, 33, 0
319, 22, 2, 7, 26, 0
319, 22, 0, 7, 33, 0
319, 22, 1, 11, 26, 0
319, 22, 2, 11, 34, 0
319, 22, 1, 15, 21, 0
319, 22, 2, 15, 24, 0
319, 22, 2, 15, 30, 0
319, 22, 0, 16, 21, 0
319, 22, 2, 28, 29, 0
319, 22, 3, 30, 30, 0
319, 22, 0, 30, 31, 0
319, 22, 3, 33, 59, 0
319, 22, 2, 34, 37, 0
319, 22, 2, 34, 60, 0
319, 22, 3, 35, 38, 0
319, 22, 3, 36, 38, 0
319, 22, 3, 36, 53, 0
319, 22, 0, 36, 54, 0
319, 22, 0, 36, 60, 0
319, 22, 3, 37, 58, 0
319, 22, 1, 37, 61, 0
319, 22, 2, 38, 57, 0
319, 22, 1, 39, 33, 0
319, 22, 0, 41, 26, 0
319, 22, 1, 41, 27, 0
319, 22, 2, 52, 30, 0
319, 22, 2, 54, 34, 0
319, 22, 3, 56, 32, 0
319, 22, 3, 57, 21, 0
319, 22, 2, 57, 30, 0
319, 22, 3, 59, 37, 0
319, 22, 2, 60, 22, 0
319, 22, 0, 60, 25, 0
319, 22, 0, 60, 36, 0
319, 22, 1, 61, 24, 0
319, 22, 1, 61, 31, 0
319, 22, 1, 61, 32, 0
319, 22, 0, 62, 27, 0
319, 22, 1, 63, 26, 0
320, 22, 3, 4, 28, 0
320, 22, 3, 4, 30, 0
320, 22, 0, 4, 31, 0
320, 22, 3, 4, 32, 0
320, 22, 2, 5, 27, 0
320, 22, 0, 5, 28, 0
320, 22, 2, 5, 29, 0
320, 22, 1, 5, 30, 0
320, 22, 1, 5, 32, 0
320, 22, 0, 5, 33, 0
320, 22, 2, 5, 34, 0
320, 22, 2, 5, 35, 0
320, 22, 0, 6, 26, 0
320, 22, 0, 6, 27, 0
320, 22, 3, 6, 33, 0
320, 22, 3, 6, 35, 0
320, 22, 1, 6, 36, 0
320, 22, 3, 7, 27, 0
320, 22, 0, 7, 32, 0
320, 22, 2, 7, 34, 0
320, 22, 0, 7, 35, 0
320, 22, 2, 8, 26, 0
320, 22, 2, 8, 27, 0
320, 22, 1, 8, 28, 0
320, 22, 1, 8, 33, 0
320, 22, 0, 8, 35, 0
320, 22, 3, 8, 36, 0
320, 22, 0, 9, 28, 0
320, 22, 1, 9, 35, 0
320, 22, 2, 9, 36, 0
320, 22, 2, 10, 26, 0
320, 22, 3, 10, 27, 0
320, 22, 1, 10, 32, 0
320, 22, 0, 10, 33, 0
320, 22, 0, 10, 34, 0
320, 22, 2, 10, 36, 0
320, 22, 1, 11, 27, 0
320, 22, 2, 11, 30, 0
320, 22, 3, 11, 31, 0
320, 22, 2, 11, 32, 0
320, 22, 3, 11, 35, 0
320, 22, 3, 12, 26, 0
320, 22, 0, 12, 27, 0
320, 22, 1, 12, 29, 0
320, 22, 0, 12, 41, 0
320, 22, 1, 12, 43, 0
320, 22, 0, 13, 30, 0
320, 22, 2, 13, 40, 0
320, 22, 0, 13, 43, 0
320, 22, 2, 13, 44, 0
320, 22, 3, 13, 45, 0
320, 22, 0, 14, 30, 0
320, 22, 0, 14, 42, 0
320, 22, 1, 15, 29, 0
320, 22, 2, 15, 40, 0
320, 22, 3, 15, 41, 0
320, 22, 3, 15, 46, 0
320, 22, 0, 16, 22, 0
320, 22, 0, 16, 23, 0
320, 22, 3, 16, 24, 0
320, 22, 3, 16, 30, 0
320, 22, 3, 16, 39, 0
320, 22, 0, 16, 41, 0
320, 22, 2, 16, 42, 0
320, 22, 1, 16, 45, 0
320, 22, 2, 17, 30, 0
320, 22, 1, 17, 39, 0
320, 22, 1, 17, 40, 0
320, 22, 0, 17, 46, 0
320, 22, 1, 18, 31, 0
320, 22, 1, 18, 39, 0
320, 22, 3, 19, 30, 0
320, 22, 0, 19, 32, 0
320, 22, 3, 19, 33, 0
320, 22, 0, 19, 38, 0
320, 22, 0, 20, 32, 0
320, 22, 1, 20, 33, 0
320, 22, 2, 20, 37, 0
320, 22, 1, 21, 34, 0
320, 22, 0, 21, 35, 0
320, 22, 0, 22, 34, 0
320, 22, 3, 22, 36, 0
320, 22, 1, 23, 35, 0
320, 22, 3, 24, 14, 0
320, 22, 1, 24, 16, 0
320, 22, 2, 24, 32, 0
320, 22, 0, 24, 33, 0
320, 22, 2, 25, 15, 0
320, 22, 3, 25, 18, 0
320, 22, 0, 25, 30, 0
320, 22, 1, 25, 31, 0
320, 22, 0, 26, 17, 0
320, 22, 2, 26, 19, 0
320, 22, 1, 26, 22, 0
320, 22, 2, 26, 28, 0
320, 22, 1, 26, 29, 0
320, 22, 0, 27, 22, 0
320, 22, 2, 27, 24, 0
320, 22, 3, 28, 23, 0
320, 22, 1, 28, 24, 0
320, 22, 3, 28, 28, 0
320, 22, 2, 29, 28, 0
320, 22, 1, 29, 30, 0
320, 22, 2, 30, 24, 0
320, 22, 3, 30, 25, 0
320, 22, 3, 30, 29, 0
320, 22, 0, 30, 32, 0
320, 22, 0, 31, 24, 0
320, 22, 0, 31, 25, 0
320, 22, 2, 31, 26, 0
320, 22, 2, 31, 30, 0
320, 22, 1, 31, 31, 0
320, 22, 1, 31, 34, 0
320, 22, 0, 31, 54, 0
320, 22, 1, 31, 60, 0
320, 22, 2, 32, 24, 0
320, 22, 0, 32, 26, 0
320, 22, 1, 32, 27, 0
320, 22, 1, 32, 32, 0
320, 22, 0, 32, 34, 0
320, 22, 2, 32, 36, 0
320, 22, 2, 33, 25, 0
320, 22, 3, 33, 26, 0
320, 22, 1, 33, 27, 0
320, 22, 2, 33, 31, 0
320, 22, 0, 33, 33, 0
320, 22, 3, 33, 36, 0
320, 22, 1, 33, 37, 0
320, 22, 1, 33, 54, 0
320, 22, 3, 33, 55, 0
320, 22, 3, 34, 33, 0
320, 22, 1, 34, 54, 0
320, 22, 0, 34, 55, 0
320, 22, 0, 34, 59, 0
320, 22, 0, 35, 37, 0
320, 22, 2, 35, 54, 0
320, 22, 1, 35, 55, 0
320, 22, 0, 35, 56, 0
320, 22, 1, 35, 58, 0
320, 22, 1, 35, 59, 0
320, 22, 2, 35, 60, 0
320, 22, 3, 36, 55, 0
320, 22, 3, 36, 57, 0
320, 22, 3, 36, 58, 0
320, 22, 0, 37, 55, 0
320, 22, 2, 37, 59, 0
320, 22, 0, 37, 60, 0
320, 22, 2, 38, 29, 0
320, 22, 0, 38, 33, 0
320, 22, 1, 38, 58, 0
320, 22, 3, 38, 60, 0
320, 22, 3, 38, 61, 0
320, 22, 3, 39, 29, 0
320, 22, 0, 39, 30, 0
320, 22, 1, 39, 32, 0
320, 22, 2, 39, 61, 0
320, 22, 1, 40, 29, 0
320, 22, 3, 40, 33, 0
320, 22, 1, 41, 29, 0
320, 22, 2, 41, 30, 0
320, 22, 2, 41, 34, 0
320, 22, 1, 42, 27, 0
320, 22, 0, 42, 28, 0
320, 22, 2, 42, 35, 0
320, 22, 0, 42, 36, 0
320, 22, 0, 43, 26, 0
320, 22, 0, 43, 27, 0
320, 22, 3, 43, 33, 0
320, 22, 0, 44, 27, 0
320, 22, 1, 44, 34, 0
320, 22, 0, 44, 35, 0
320, 22, 2, 50, 28, 0
320, 22, 2, 50, 29, 0
320, 22, 3, 51, 28, 0
320, 22, 3, 51, 29, 0
320, 22, 2, 52, 26, 0
320, 22, 0, 52, 28, 0
320, 22, 2, 52, 29, 0
320, 22, 0, 52, 34, 0
320, 22, 1, 53, 25, 0
320, 22, 3, 53, 26, 0
320, 22, 1, 53, 28, 0
320, 22, 0, 53, 30, 0
320, 22, 1, 53, 32, 0
320, 22, 0, 53, 34, 0
320, 22, 0, 54, 23, 0
320, 22, 2, 54, 31, 0
320, 22, 2, 54, 32, 0
320, 22, 2, 54, 36, 0
320, 22, 1, 55, 22, 0
320, 22, 2, 55, 23, 0
320, 22, 0, 55, 24, 0
320, 22, 2, 55, 25, 0
320, 22, 0, 55, 28, 0
320, 22, 3, 55, 29, 0
320, 22, 3, 55, 30, 0
320, 22, 1, 55, 37, 0
320, 22, 0, 56, 21, 0
320, 22, 3, 56, 28, 0
320, 22, 1, 56, 29, 0
320, 22, 1, 56, 31, 0
320, 22, 3, 56, 39, 0
320, 22, 1, 57, 20, 0
320, 22, 3, 57, 22, 0
320, 22, 0, 57, 24, 0
320, 22, 2, 57, 28, 0
320, 22, 1, 57, 31, 0
320, 22, 0, 57, 34, 0
320, 22, 2, 57, 36, 0
320, 22, 0, 57, 38, 0
320, 22, 0, 57, 39, 0
320, 22, 0, 58, 20, 0
320, 22, 2, 58, 22, 0
320, 22, 2, 58, 28, 0
320, 22, 1, 58, 30, 0
320, 22, 1, 58, 38, 0
320, 22, 2, 58, 39, 0
320, 22, 1, 59, 19, 0
320, 22, 2, 59, 20, 0
320, 22, 3, 59, 21, 0
320, 22, 0, 59, 24, 0
320, 22, 0, 59, 26, 0
320, 22, 3, 59, 28, 0
320, 22, 2, 59, 29, 0
320, 22, 0, 59, 30, 0
320, 22, 0, 59, 31, 0
320, 22, 3, 59, 32, 0
320, 22, 3, 59, 34, 0
320, 22, 3, 59, 38, 0
320, 22, 0, 60, 19, 0
320, 22, 3, 60, 21, 0
320, 22, 2, 60, 27, 0
320, 22, 2, 60, 29, 0
320, 22, 3, 60, 30, 0
320, 22, 0, 60, 32, 0
320, 22, 1, 60, 34, 0
320, 22, 0, 60, 37, 0
320, 22, 3, 60, 38, 0
320, 22, 2, 61, 21, 0
320, 22, 1, 61, 25, 0
320, 22, 1, 61, 26, 0
320, 22, 0, 61, 27, 0
320, 22, 1, 61, 28, 0
320, 22, 3, 61, 30, 0
320, 22, 2, 61, 33, 0
320, 22, 1, 61, 34, 0
320, 22, 1, 61, 36, 0
320, 22, 2, 61, 37, 0
320, 22, 0, 62, 21, 0
320, 22, 0, 62, 22, 0
320, 22, 0, 62, 25, 0
320, 22, 3, 62, 26, 0
320, 22, 1, 62, 28, 0
320, 22, 2, 62, 33, 0
320, 22, 3, 62, 34, 0
320, 22, 2, 63, 22, 0
320, 22, 1, 63, 23, 0
320, 22, 2, 63, 24, 0
320, 22, 3, 63, 25, 0
320, 22, 2, 63, 27, 0
320, 22, 2, 63, 28, 0
320, 22, 3, 63, 30, 0
320, 22, 2, 63, 32, 0
320, 22, 1, 63, 33, 0
320, 22, 0, 63, 34, 0
320, 22, 1, 63, 36, 0
320, 22, 0, 1, 27, 1
320, 22, 3, 1, 31, 1
320, 22, 2, 1, 34, 1
320, 22, 3, 1, 35, 1
320, 22, 3, 2, 26, 1
320, 22, 1, 2, 30, 1
320, 22, 3, 2, 31, 1
320, 22, 0, 2, 32, 1
320, 22, 1, 2, 34, 1
320, 22, 1, 2, 36, 1
320, 22, 3, 3, 26, 1
320, 22, 1, 3, 32, 1
320, 22, 0, 3, 36, 1
320, 22, 0, 4, 25, 1
320, 22, 1, 4, 27, 1
320, 22, 0, 5, 26, 1
320, 22, 0, 6, 4, 1
320, 22, 1, 6, 5, 1
320, 22, 2, 6, 6, 1
320, 22, 2, 6, 10, 1
320, 22, 3, 6, 15, 1
320, 22, 2, 6, 16, 1
320, 22, 3, 6, 25, 1
320, 22, 3, 7, 4, 1
320, 22, 3, 7, 6, 1
320, 22, 0, 7, 7, 1
320, 22, 3, 7, 10, 1
320, 22, 2, 7, 11, 1
320, 22, 0, 7, 12, 1
320, 22, 0, 7, 15, 1
320, 22, 1, 7, 17, 1
320, 22, 2, 7, 24, 1
320, 22, 3, 7, 38, 1
320, 22, 1, 8, 12, 1
320, 22, 0, 8, 15, 1
320, 22, 1, 8, 16, 1
320, 22, 2, 8, 24, 1
320, 22, 1, 8, 25, 1
320, 22, 0, 8, 39, 1
320, 22, 2, 8, 41, 1
320, 22, 3, 8, 42, 1
320, 22, 3, 9, 4, 1
320, 22, 2, 9, 37, 1
320, 22, 1, 9, 39, 1
320, 22, 0, 9, 40, 1
320, 22, 1, 9, 41, 1
320, 22, 0, 9, 43, 1
320, 22, 3, 10, 3, 1
320, 22, 3, 10, 16, 1
320, 22, 0, 10, 24, 1
320, 22, 1, 10, 41, 1
320, 22, 1, 10, 42, 1
320, 22, 1, 10, 44, 1
320, 22, 2, 10, 45, 1
320, 22, 0, 10, 46, 1
320, 22, 2, 11, 0, 1
320, 22, 3, 11, 16, 1
320, 22, 3, 11, 23, 1
320, 22, 1, 11, 37, 1
320, 22, 1, 12, 18, 1
320, 22, 3, 12, 23, 1
320, 22, 2, 12, 24, 1
320, 22, 2, 12, 36, 1
320, 22, 1, 12, 48, 1
320, 22, 1, 13, 0, 1
320, 22, 2, 13, 19, 1
320, 22, 1, 13, 20, 1
320, 22, 1, 13, 22, 1
320, 22, 2, 13, 23, 1
320, 22, 2, 13, 26, 1
320, 22, 0, 13, 32, 1
320, 22, 2, 13, 34, 1
320, 22, 2, 13, 49, 1
320, 22, 0, 14, 0, 1
320, 22, 3, 14, 24, 1
320, 22, 1, 14, 26, 1
320, 22, 0, 14, 27, 1
320, 22, 3, 14, 32, 1
320, 22, 1, 14, 33, 1
320, 22, 3, 14, 35, 1
320, 22, 0, 14, 48, 1
320, 22, 3, 14, 49, 1
320, 22, 1, 15, 20, 1
320, 22, 0, 15, 27, 1
320, 22, 2, 15, 33, 1
320, 22, 0, 15, 35, 1
320, 22, 1, 15, 36, 1
320, 22, 0, 17, 20, 1
320, 22, 3, 18, 0, 1
320, 22, 3, 18, 19, 1
320, 22, 2, 19, 20, 1
320, 22, 0, 19, 55, 1
320, 22, 1, 19, 56, 1
320, 22, 3, 20, 18, 1
320, 22, 0, 20, 19, 1
320, 22, 3, 20, 55, 1
320, 22, 1, 20, 57, 1
320, 22, 0, 20, 58, 1
320, 22, 3, 20, 59, 1
320, 22, 3, 21, 18, 1
320, 22, 1, 21, 19, 1
320, 22, 3, 21, 49, 1
320, 22, 3, 21, 55, 1
320, 22, 2, 21, 56, 1
320, 22, 1, 21, 58, 1
320, 22, 0, 22, 50, 1
320, 22, 1, 22, 59, 1
320, 22, 2, 23, 0, 1
320, 22, 0, 23, 49, 1
320, 22, 1, 23, 50, 1
320, 22, 0, 23, 59, 1
320, 22, 2, 24, 0, 1
320, 22, 0, 24, 1, 1
320, 22, 0, 24, 58, 1
320, 22, 2, 24, 60, 1
320, 22, 1, 25, 0, 1
320, 22, 1, 25, 1, 1
320, 22, 2, 25, 2, 1
320, 22, 3, 25, 49, 1
320, 22, 0, 25, 58, 1
320, 22, 2, 25, 60, 1
320, 22, 0, 26, 6, 1
320, 22, 2, 26, 9, 1
320, 22, 1, 26, 49, 1
320, 22, 0, 27, 5, 1
320, 22, 2, 27, 7, 1
320, 22, 1, 27, 9, 1
320, 22, 0, 27, 10, 1
320, 22, 3, 27, 15, 1
320, 22, 2, 27, 49, 1
320, 22, 0, 27, 60, 1
320, 22, 3, 27, 61, 1
320, 22, 1, 28, 3, 1
320, 22, 3, 28, 6, 1
320, 22, 2, 28, 7, 1
320, 22, 1, 28, 9, 1
320, 22, 1, 28, 15, 1
320, 22, 0, 28, 49, 1
320, 22, 2, 28, 50, 1
320, 22, 3, 28, 52, 1
320, 22, 0, 28, 53, 1
320, 22, 1, 28, 59, 1
320, 22, 0, 29, 2, 1
320, 22, 1, 29, 4, 1
320, 22, 2, 29, 10, 1
320, 22, 3, 29, 11, 1
320, 22, 0, 29, 12, 1
320, 22, 3, 29, 15, 1
320, 22, 0, 29, 16, 1
320, 22, 0, 29, 50, 1
320, 22, 0, 29, 53, 1
320, 22, 2, 29, 54, 1
320, 22, 3, 30, 2, 1
320, 22, 2, 30, 3, 1
320, 22, 2, 30, 10, 1
320, 22, 3, 30, 12, 1
320, 22, 3, 30, 17, 1
320, 22, 2, 31, 2, 1
320, 22, 1, 31, 10, 1
320, 22, 1, 31, 11, 1
320, 22, 3, 31, 16, 1
320, 22, 1, 31, 17, 1
320, 22, 2, 32, 16, 1
320, 22, 2, 32, 17, 1
320, 22, 0, 32, 18, 1
320, 22, 1, 33, 15, 1
320, 22, 2, 33, 20, 1
320, 22, 2, 34, 6, 1
320, 22, 0, 34, 12, 1
320, 22, 3, 34, 13, 1
320, 22, 0, 34, 15, 1
320, 22, 0, 34, 16, 1
320, 22, 3, 34, 17, 1
320, 22, 3, 34, 20, 1
320, 22, 2, 34, 22, 1
320, 22, 0, 34, 48, 1
320, 22, 1, 35, 5, 1
320, 22, 0, 35, 6, 1
320, 22, 0, 35, 12, 1
320, 22, 2, 35, 14, 1
320, 22, 3, 35, 20, 1
320, 22, 2, 35, 21, 1
320, 22, 0, 35, 47, 1
320, 22, 1, 36, 5, 1
320, 22, 0, 36, 6, 1
320, 22, 3, 36, 9, 1
320, 22, 1, 36, 18, 1
320, 22, 3, 36, 19, 1
320, 22, 2, 37, 8, 1
320, 22, 2, 37, 19, 1
320, 22, 0, 37, 22, 1
320, 22, 1, 37, 23, 1
320, 22, 3, 38, 23, 1
320, 22, 0, 38, 47, 1
320, 22, 3, 38, 48, 1
320, 22, 0, 38, 49, 1
320, 22, 2, 39, 22, 1
320, 22, 1, 39, 24, 1
320, 22, 0, 39, 48, 1
320, 22, 3, 40, 5, 1
320, 22, 0, 40, 6, 1
320, 22, 1, 40, 49, 1
320, 22, 0, 40, 53, 1
320, 22, 2, 40, 54, 1
320, 22, 1, 40, 55, 1
320, 22, 0, 41, 5, 1
320, 22, 0, 41, 54, 1
320, 22, 0, 41, 55, 1
320, 22, 2, 42, 5, 1
320, 22, 0, 42, 51, 1
320, 22, 1, 42, 62, 1
320, 22, 1, 44, 62, 1
320, 22, 3, 45, 2, 1
320, 22, 0, 45, 62, 1
320, 22, 2, 46, 1, 1
320, 22, 0, 46, 62, 1
320, 22, 1, 47, 1, 1
320, 22, 1, 48, 2, 1
320, 22, 0, 48, 62, 1
320, 22, 0, 49, 1, 1
320, 22, 0, 49, 2, 1
320, 22, 2, 50, 62, 1
320, 22, 1, 51, 61, 1
320, 22, 0, 52, 62, 1
320, 22, 3, 53, 61, 1
320, 22, 3, 53, 62, 1
320, 22, 3, 54, 60, 1
320, 22, 1, 55, 59, 1
320, 22, 1, 55, 60, 1
320, 22, 0, 56, 3, 1
320, 22, 1, 56, 59, 1
320, 22, 1, 56, 60, 1
320, 22, 2, 57, 3, 1
320, 22, 1, 57, 4, 1
320, 22, 2, 57, 57, 1
320, 22, 0, 57, 60, 1
320, 22, 3, 58, 56, 1
320, 22, 0, 58, 57, 1
320, 22, 2, 58, 59, 1
320, 22, 0, 58, 60, 1
320, 22, 1, 59, 58, 1
320, 22, 1, 59, 59, 1
320, 22, 3, 60, 4, 1
320, 22, 3, 60, 5, 1
320, 22, 1, 60, 6, 1
320, 22, 2, 60, 7, 1
320, 22, 3, 60, 56, 1
320, 22, 2, 60, 58, 1
320, 22, 2, 61, 4, 1
320, 22, 0, 61, 5, 1
320, 22, 0, 61, 7, 1
320, 22, 2, 61, 8, 1
320, 22, 1, 61, 9, 1
320, 22, 3, 61, 57, 1
320, 22, 0, 61, 58, 1
320, 22, 1, 62, 5, 1
320, 22, 1, 62, 6, 1
320, 22, 3, 62, 55, 1
320, 22, 0, 62, 56, 1
320, 22, 1, 63, 10, 1
320, 22, 1, 63, 11, 1
320, 22, 1, 63, 56, 1
321, 22, 3, 4, 29, 0
321, 22, 1, 7, 36, 0
321, 22, 2, 11, 33, 0
321, 22, 0, 12, 30, 0
321, 22, 2, 12, 40, 0
321, 22, 3, 12, 44, 0
321, 22, 0, 14, 45, 0
321, 22, 1, 15, 38, 0
321, 22, 1, 15, 42, 0
321, 22, 2, 16, 40, 0
321, 22, 0, 16, 46, 0
321, 22, 0, 17, 22, 0
321, 22, 2, 18, 30, 0
321, 22, 0, 19, 37, 0
321, 22, 2, 19, 39, 0
321, 22, 1, 20, 34, 0
321, 22, 2, 22, 35, 0
321, 22, 0, 24, 15, 0
321, 22, 3, 25, 29, 0
321, 22, 0, 25, 32, 0
321, 22, 1, 26, 18, 0
321, 22, 2, 27, 23, 0
321, 22, 0, 30, 28, 0
321, 22, 3, 32, 25, 0
321, 22, 3, 32, 35, 0
321, 22, 3, 32, 55, 0
321, 22, 0, 32, 59, 0
321, 22, 0, 33, 32, 0
321, 22, 1, 33, 53, 0
321, 22, 3, 33, 60, 0
321, 22, 2, 34, 61, 0
321, 22, 0, 35, 53, 0
321, 22, 1, 36, 61, 0
321, 22, 0, 37, 53, 0
321, 22, 3, 37, 54, 0
321, 22, 0, 37, 57, 0
321, 22, 3, 40, 28, 0
321, 22, 2, 40, 30, 0
321, 22, 2, 41, 35, 0
321, 22, 0, 42, 25, 0
321, 22, 1, 42, 33, 0
321, 22, 2, 43, 28, 0
321, 22, 0, 43, 34, 0
321, 22, 3, 43, 36, 0
321, 22, 1, 53, 24, 0
321, 22, 0, 54, 24, 0
321, 22, 0, 54, 26, 0
321, 22, 1, 55, 27, 0
321, 22, 0, 55, 32, 0
321, 22, 0, 55, 36, 0
321, 22, 1, 56, 22, 0
321, 22, 1, 56, 24, 0
321, 22, 2, 56, 33, 0
321, 22, 0, 56, 36, 0
321, 22, 3, 56, 38, 0
321, 22, 2, 57, 25, 0
321, 22, 1, 57, 26, 0
321, 22, 1, 57, 35, 0
321, 22, 2, 58, 21, 0
321, 22, 3, 58, 29, 0
321, 22, 3, 58, 31, 0
321, 22, 3, 58, 34, 0
321, 22, 0, 58, 35, 0
321, 22, 0, 59, 22, 0
321, 22, 3, 59, 25, 0
321, 22, 1, 59, 36, 0
321, 22, 3, 60, 20, 0
321, 22, 3, 60, 24, 0
321, 22, 2, 60, 26, 0
321, 22, 1, 61, 22, 0
321, 22, 2, 61, 35, 0
321, 22, 2, 62, 24, 0
321, 22, 2, 62, 36, 0
321, 22, 0, 1, 26, 1
321, 22, 2, 2, 35, 1
321, 22, 3, 3, 31, 1
321, 22, 2, 7, 5, 1
321, 22, 0, 7, 16, 1
321, 22, 0, 7, 25, 1
321, 22, 2, 8, 11, 1
321, 22, 1, 8, 38, 1
321, 22, 0, 9, 7, 1
321, 22, 3, 9, 42, 1
321, 22, 3, 10, 4, 1
321, 22, 2, 10, 40, 1
321, 22, 1, 11, 17, 1
321, 22, 1, 11, 24, 1
321, 22, 1, 11, 45, 1
321, 22, 0, 12, 37, 1
321, 22, 0, 13, 33, 1
321, 22, 0, 13, 48, 1
321, 22, 3, 14, 23, 1
321, 22, 0, 15, 32, 1
321, 22, 2, 16, 36, 1
321, 22, 0, 18, 20, 1
321, 22, 3, 20, 17, 1
321, 22, 2, 20, 46, 1
321, 22, 1, 20, 56, 1
321, 22, 2, 21, 59, 1
321, 22, 0, 22, 19, 1
321, 22, 0, 22, 49, 1
321, 22, 3, 25, 59, 1
321, 22, 3, 26, 48, 1
321, 22, 3, 27, 6, 1
321, 22, 0, 28, 60, 1
321, 22, 0, 29, 3, 1
321, 22, 0, 29, 49, 1
321, 22, 0, 29, 52, 1
321, 22, 1, 30, 11, 1
321, 22, 3, 31, 18, 1
321, 22, 0, 33, 16, 1
321, 22, 2, 34, 21, 1
321, 22, 3, 34, 47, 1
321, 22, 2, 35, 13, 1
321, 22, 0, 37, 24, 1
321, 22, 2, 39, 23, 1
321, 22, 3, 41, 6, 1
321, 22, 2, 42, 52, 1
321, 22, 0, 43, 51, 1
321, 22, 0, 45, 61, 1
321, 22, 0, 46, 2, 1
321, 22, 1, 49, 62, 1
321, 22, 0, 57, 59, 1
321, 22, 1, 60, 57, 1
321, 22, 0, 62, 53, 1
321, 22, 1, 63, 55, 1
324, 22, 1, 11, 10, 0
324, 22, 0, 13, 10, 0
324, 22, 3, 14, 4, 0
324, 22, 1, 14, 12, 0
324, 22, 0, 14, 14, 0
324, 22, 2, 20, 10, 0
324, 22, 3, 21, 7, 0
325, 22, 0, 10, 10, 0
325, 22, 3, 10, 11, 0
325, 22, 1, 11, 7, 0
325, 22, 2, 11, 9, 0
325, 22, 2, 11, 11, 0
325, 22, 2, 12, 4, 0
325, 22, 3, 12, 5, 0
325, 22, 2, 12, 7, 0
325, 22, 3, 12, 8, 0
325, 22, 1, 12, 9, 0
325, 22, 1, 12, 10, 0
325, 22, 0, 13, 3, 0
325, 22, 1, 13, 4, 0
325, 22, 0, 13, 6, 0
325, 22, 3, 13, 7, 0
325, 22, 1, 13, 8, 0
325, 22, 0, 13, 9, 0
325, 22, 0, 13, 14, 0
325, 22, 3, 14, 3, 0
325, 22, 1, 14, 5, 0
325, 22, 0, 14, 6, 0
325, 22, 3, 14, 8, 0
325, 22, 2, 14, 10, 0
325, 22, 2, 14, 11, 0
325, 22, 3, 14, 13, 0
325, 22, 1, 14, 15, 0
325, 22, 2, 15, 4, 0
325, 22, 0, 15, 5, 0
325, 22, 1, 15, 6, 0
325, 22, 3, 15, 11, 0
325, 22, 3, 15, 13, 0
325, 22, 2, 15, 14, 0
325, 22, 1, 16, 3, 0
325, 22, 0, 16, 5, 0
325, 22, 0, 16, 12, 0
325, 22, 2, 17, 4, 0
325, 22, 1, 17, 5, 0
325, 22, 3, 17, 6, 0
325, 22, 2, 17, 11, 0
325, 22, 1, 17, 12, 0
325, 22, 2, 18, 4, 0
325, 22, 2, 18, 5, 0
325, 22, 1, 18, 6, 0
325, 22, 3, 18, 11, 0
325, 22, 0, 18, 14, 0
325, 22, 1, 19, 5, 0
325, 22, 3, 19, 6, 0
325, 22, 1, 19, 7, 0
325, 22, 2, 19, 9, 0
325, 22, 2, 19, 10, 0
325, 22, 0, 19, 11, 0
325, 22, 0, 19, 13, 0
325, 22, 2, 19, 15, 0
325, 22, 0, 20, 3, 0
325, 22, 3, 20, 4, 0
325, 22, 1, 20, 6, 0
325, 22, 3, 20, 8, 0
325, 22, 1, 20, 9, 0
325, 22, 0, 20, 11, 0
325, 22, 3, 20, 14, 0
325, 22, 1, 20, 15, 0
325, 22, 3, 21, 4, 0
325, 22, 0, 21, 5, 0
325, 22, 1, 21, 6, 0
325, 22, 2, 21, 10, 0
325, 22, 3, 21, 11, 0
326, 22, 3, 13, 5, 0
326, 22, 0, 13, 11, 0
326, 22, 0, 14, 7, 0
326, 22, 1, 14, 9, 0
326, 22, 2, 16, 4, 0
326, 22, 3, 16, 6, 0
326, 22, 2, 16, 11, 0
326, 22, 3, 17, 13, 0
326, 22, 1, 18, 10, 0
326, 22, 1, 19, 4, 0
326, 22, 2, 19, 8, 0
326, 22, 0, 19, 14, 0
326, 22, 0, 20, 5, 0
332, 22, 1, 33, 57, 0
332, 22, 1, 33, 58, 0
332, 22, 2, 34, 56, 0
333, 22, 1, 33, 56, 0
333, 22, 3, 34, 58, 0
334, 22, 1, 34, 57, 0
354, 10, 1, 33, 40, 0
354, 10, 1, 33, 41, 0
354, 10, 1, 33, 42, 0
356, 10, 1, 6, 30, 0
356, 10, 3, 10, 26, 0
357, 10, 3, 5, 30, 0
357, 10, 0, 6, 29, 0
357, 10, 0, 8, 26, 0
357, 10, 0, 9, 27, 0
357, 10, 0, 32, 61, 0
358, 10, 0, 9, 26, 0
358, 10, 0, 33, 61, 0
365, 10, 3, 33, 43, 0
365, 10, 2, 34, 44, 0
365, 10, 1, 35, 44, 0
365, 10, 3, 35, 40, 1
375, 11, 0, 12, 40, 0
375, 10, 1, 12, 41, 0
375, 10, 1, 12, 42, 0
375, 10, 1, 12, 44, 0
375, 11, 0, 13, 39, 0
375, 11, 1, 13, 45, 0
378, 10, 1, 12, 43, 0
378, 10, 0, 15, 38, 0
595, 10, 0, 36, 61, 0
598, 10, 0, 16, 24, 0
724, 10, 0, 17, 28, 0
724, 10, 3, 18, 32, 0
724, 10, 1, 18, 37, 0
724, 10, 1, 19, 40, 0
724, 10, 0, 20, 30, 0
724, 10, 2, 20, 35, 0
724, 10, 2, 20, 44, 0
724, 10, 0, 21, 37, 0
724, 10, 0, 22, 33, 0
724, 10, 0, 23, 14, 0
724, 10, 2, 24, 20, 0
724, 10, 3, 24, 29, 0
724, 10, 0, 24, 35, 0
724, 10, 3, 26, 13, 0
724, 10, 2, 26, 23, 0
724, 10, 1, 27, 20, 0
724, 10, 3, 28, 26, 0
724, 10, 3, 28, 30, 0
724, 10, 0, 29, 23, 0
724, 10, 1, 30, 35, 0
724, 10, 1, 34, 26, 0
724, 10, 0, 34, 35, 0
724, 10, 2, 34, 38, 0
724, 10, 3, 36, 34, 0
724, 10, 3, 37, 38, 0
724, 10, 0, 38, 27, 0
724, 10, 3, 40, 57, 0
724, 10, 3, 40, 60, 0
724, 10, 3, 43, 56, 0
724, 10, 3, 43, 60, 0
724, 10, 1, 44, 25, 0
724, 10, 1, 44, 28, 0
724, 10, 1, 44, 33, 0
724, 10, 1, 44, 36, 0
726, 22, 0, 15, 8, 0
726, 22, 0, 15, 9, 0
726, 22, 2, 15, 10, 0
726, 22, 3, 17, 7, 0
726, 22, 2, 17, 8, 0
726, 22, 2, 17, 9, 0
726, 22, 3, 17, 10, 0
726, 22, 1, 18, 7, 0
726, 22, 3, 18, 9, 0
726, 22, 0, 24, 41, 0
726, 22, 0, 42, 44, 0
726, 22, 2, 44, 46, 0
726, 22, 2, 15, 9, 1
726, 22, 1, 16, 9, 1
726, 22, 1, 16, 10, 1
726, 22, 3, 17, 8, 1
726, 22, 0, 17, 10, 1
726, 22, 2, 35, 31, 1
726, 22, 1, 36, 30, 1
726, 22, 0, 36, 32, 1
879, 10, 1, 42, 26, 0
879, 10, 1, 42, 34, 0
909, 4, 0, 31, 54, 0
909, 4, 0, 31, 59, 0
916, 22, 0, 36, 39, 0
917, 22, 3, 34, 40, 0
917, 22, 0, 34, 41, 0
917, 22, 2, 35, 40, 0
956, 22, 2, 36, 41, 0
956, 22, 2, 36, 42, 0
956, 22, 2, 36, 43, 0
956, 22, 2, 36, 44, 0
956, 22, 1, 37, 40, 0
956, 22, 0, 37, 42, 0
956, 22, 0, 37, 43, 0
956, 22, 0, 37, 44, 0
956, 22, 1, 38, 40, 0
956, 22, 3, 38, 41, 0
957, 22, 3, 37, 41, 0
958, 22, 1, 36, 40, 0
980, 9, 3, 51, 27, 0
980, 9, 0, 51, 30, 0
980, 9, 3, 52, 24, 0
980, 0, 0, 52, 25, 0
980, 0, 0, 52, 26, 0
980, 1, 3, 52, 27, 0
980, 1, 0, 52, 30, 0
980, 0, 0, 52, 31, 0
980, 0, 0, 52, 32, 0
980, 0, 0, 52, 33, 0
980, 0, 0, 52, 34, 0
980, 0, 0, 52, 35, 0
980, 9, 0, 52, 36, 0
980, 9, 3, 53, 23, 0
980, 1, 3, 53, 24, 0
980, 1, 0, 53, 36, 0
980, 9, 0, 53, 37, 0
980, 9, 3, 54, 22, 0
980, 1, 3, 54, 23, 0
980, 1, 0, 54, 37, 0
980, 9, 0, 54, 38, 0
980, 9, 3, 55, 20, 0
980, 0, 0, 55, 21, 0
980, 1, 3, 55, 22, 0
980, 1, 0, 55, 38, 0
980, 9, 0, 55, 39, 0
980, 9, 3, 56, 19, 0
980, 1, 3, 56, 20, 0
980, 0, 1, 56, 39, 0
980, 0, 3, 57, 19, 0
980, 0, 1, 57, 39, 0
980, 0, 3, 58, 19, 0
980, 0, 1, 58, 39, 0
980, 0, 3, 59, 19, 0
980, 0, 1, 59, 39, 0
980, 0, 3, 60, 19, 0
980, 1, 1, 60, 38, 0
980, 9, 1, 60, 39, 0
980, 0, 3, 61, 19, 0
980, 9, 1, 61, 38, 0
980, 9, 2, 62, 19, 0
980, 1, 2, 62, 20, 0
980, 0, 1, 62, 37, 0
980, 9, 2, 63, 20, 0
980, 0, 1, 63, 37, 0
981, 3, 3, 51, 28, 0
981, 3, 0, 51, 29, 0
994, 9, 3, 33, 39, 1
994, 0, 0, 33, 40, 1
994, 0, 0, 33, 41, 1
994, 0, 0, 33, 42, 1
994, 0, 0, 33, 43, 1
994, 9, 0, 33, 44, 1
994, 0, 3, 34, 39, 1
994, 0, 1, 34, 44, 1
994, 0, 3, 35, 39, 1
994, 0, 1, 35, 44, 1
994, 0, 3, 36, 39, 1
994, 0, 1, 36, 44, 1
994, 0, 3, 37, 39, 1
994, 0, 1, 37, 44, 1
1016, 10, 0, 4, 32, 0
1017, 10, 0, 4, 30, 0
1017, 10, 0, 4, 31, 0
1022, 4, 0, 15, 22, 0
1023, 4, 0, 15, 23, 0
1023, 5, 0, 33, 40, 0
1023, 5, 0, 33, 41, 0
1023, 5, 0, 33, 42, 0
1023, 5, 0, 33, 43, 0
1023, 5, 3, 34, 39, 0
1023, 5, 1, 34, 44, 0
1023, 5, 3, 35, 39, 0
1023, 5, 1, 35, 44, 0
1023, 5, 1, 36, 44, 0
1023, 4, 1, 36, 61, 0
1023, 5, 1, 37, 44, 0
1023, 4, 1, 37, 61, 0
1102, 10, 1, 35, 53, 0
1102, 10, 2, 36, 60, 0
1102, 10, 2, 37, 60, 0
1124, 11, 3, 49, 57, 0
1124, 10, 2, 53, 55, 0
1133, 10, 1, 11, 9, 0
1133, 10, 1, 12, 12, 0
1133, 10, 0, 14, 2, 0
1133, 10, 2, 16, 16, 0
1133, 10, 3, 21, 5, 0
1134, 10, 1, 11, 9, 1
1134, 10, 1, 12, 12, 1
1134, 10, 0, 14, 2, 1
1134, 10, 2, 16, 16, 1
1134, 10, 3, 21, 5, 1
1134, 10, 0, 22, 24, 1
1134, 10, 1, 23, 40, 1
1134, 10, 2, 24, 45, 1
1134, 10, 1, 27, 33, 1
1134, 10, 3, 29, 43, 1
1134, 10, 0, 46, 18, 1
1134, 10, 2, 49, 44, 1
1134, 10, 0, 56, 41, 1
1135, 10, 0, 14, 40, 1
1135, 10, 2, 16, 44, 1
1135, 10, 1, 11, 9, 2
1135, 10, 1, 12, 12, 2
1135, 10, 0, 14, 2, 2
1135, 10, 2, 16, 16, 2
1135, 10, 3, 21, 5, 2
1135, 10, 0, 22, 24, 2
1135, 10, 1, 23, 40, 2
1135, 10, 2, 24, 45, 2
1135, 10, 1, 27, 33, 2
1135, 10, 3, 29, 43, 2
1135, 10, 0, 46, 18, 2
1135, 10, 2, 49, 44, 2
1135, 10, 0, 56, 41, 2
1136, 10, 0, 14, 40, 2
1136, 10, 2, 16, 44, 2
1136, 10, 1, 11, 9, 3
1136, 10, 1, 12, 12, 3
1136, 10, 0, 14, 2, 3
1136, 10, 2, 16, 16, 3
1136, 10, 3, 21, 5, 3
1136, 10, 0, 22, 24, 3
1136, 10, 1, 23, 40, 3
1136, 10, 2, 24, 45, 3
1136, 10, 1, 27, 33, 3
1136, 10, 3, 29, 43, 3
1136, 10, 0, 46, 18, 3
1136, 10, 2, 49, 44, 3
1136, 10, 0, 56, 41, 3
1137, 10, 0, 15, 40, 1
1137, 10, 2, 15, 44, 1
1137, 10, 1, 11, 8, 2
1137, 10, 1, 12, 11, 2
1137, 10, 0, 15, 2, 2
1137, 10, 2, 15, 16, 2
1137, 10, 3, 21, 6, 2
1137, 10, 0, 23, 24, 2
1137, 10, 1, 23, 39, 2
1137, 10, 2, 23, 45, 2
1137, 10, 1, 27, 32, 2
1137, 10, 3, 29, 44, 2
1137, 10, 0, 47, 18, 2
1137, 10, 2, 48, 44, 2
1137, 10, 0, 57, 41, 2
1138, 10, 0, 13, 40, 1
1138, 10, 2, 17, 44, 1
1138, 10, 1, 11, 10, 2
1138, 10, 1, 12, 13, 2
1138, 10, 0, 13, 2, 2
1138, 10, 2, 17, 16, 2
1138, 10, 3, 21, 4, 2
1138, 10, 0, 21, 24, 2
1138, 10, 1, 23, 41, 2
1138, 10, 2, 25, 45, 2
1138, 10, 1, 27, 34, 2
1138, 10, 3, 29, 42, 2
1138, 10, 0, 45, 18, 2
1138, 10, 2, 50, 44, 2
1138, 10, 0, 55, 41, 2
1139, 10, 3, 14, 44, 1
1139, 10, 3, 10, 12, 2
1139, 10, 0, 12, 14, 2
1139, 10, 3, 20, 24, 2
1139, 10, 3, 21, 40, 2
1139, 10, 2, 22, 22, 2
1139, 10, 0, 22, 26, 2
1139, 10, 2, 23, 38, 2
1139, 10, 0, 23, 42, 2
1139, 10, 1, 24, 24, 2
1139, 10, 2, 24, 43, 2
1139, 10, 1, 25, 40, 2
1139, 10, 1, 26, 45, 2
1139, 10, 3, 27, 43, 2
1139, 10, 2, 29, 41, 2
1139, 10, 0, 29, 45, 2
1139, 10, 1, 31, 43, 2
1139, 10, 3, 47, 44, 2
1139, 10, 1, 48, 18, 2
1139, 10, 2, 49, 42, 2
1139, 10, 0, 49, 46, 2
1139, 10, 1, 51, 44, 2
1139, 10, 0, 56, 43, 2
1139, 10, 1, 58, 41, 2
1140, 10, 3, 12, 40, 1
1140, 10, 2, 14, 38, 1
1140, 10, 0, 16, 46, 1
1140, 10, 3, 12, 2, 2
1140, 10, 0, 14, 4, 2
1140, 10, 3, 14, 16, 2
1140, 10, 1, 18, 16, 2
1140, 10, 2, 21, 3, 2
1140, 10, 3, 22, 45, 2
1140, 10, 0, 24, 47, 2
1140, 10, 3, 25, 33, 2
1140, 10, 2, 27, 31, 2
1140, 10, 0, 27, 35, 2
1140, 10, 1, 29, 33, 2
1140, 10, 3, 44, 18, 2
1140, 10, 2, 46, 16, 2
1140, 10, 0, 46, 20, 2
1140, 10, 3, 54, 41, 2
1140, 10, 2, 56, 39, 2
1141, 10, 3, 14, 44, 2
1141, 10, 2, 11, 7, 3
1141, 10, 3, 12, 2, 3
1141, 10, 2, 12, 10, 3
1141, 10, 0, 12, 13, 3
1141, 10, 3, 14, 16, 3
1141, 10, 1, 15, 2, 3
1141, 10, 1, 17, 16, 3
1141, 10, 3, 20, 24, 3
1141, 10, 2, 22, 22, 3
1141, 10, 0, 22, 25, 3
1141, 10, 3, 22, 45, 3
1141, 10, 1, 24, 40, 3
1141, 10, 0, 24, 46, 3
1141, 10, 3, 25, 33, 3
1141, 10, 3, 27, 43, 3
1141, 10, 1, 28, 33, 3
1141, 10, 2, 29, 41, 3
1141, 10, 0, 29, 44, 3
1141, 10, 3, 44, 18, 3
1141, 10, 0, 46, 19, 3
1141, 10, 3, 47, 44, 3
1141, 10, 2, 49, 42, 3
1141, 10, 0, 49, 45, 3
1141, 10, 1, 50, 44, 3
1141, 10, 3, 54, 41, 3
1141, 10, 2, 56, 39, 3
1141, 10, 0, 56, 42, 3
1142, 10, 0, 11, 10, 3
1142, 10, 3, 11, 12, 3
1142, 10, 1, 13, 12, 3
1142, 10, 2, 16, 15, 3
1142, 10, 0, 16, 17, 3
1142, 10, 2, 21, 4, 3
1142, 10, 0, 21, 6, 3
1142, 10, 3, 22, 40, 3
1142, 10, 1, 23, 24, 3
1142, 10, 2, 23, 39, 3
1142, 10, 0, 23, 41, 3
1142, 10, 2, 24, 44, 3
1142, 10, 1, 25, 45, 3
1142, 10, 2, 27, 32, 3
1142, 10, 0, 27, 34, 3
1142, 10, 1, 30, 43, 3
1142, 10, 2, 46, 17, 3
1142, 10, 1, 47, 18, 3
1142, 10, 1, 57, 41, 3
1143, 10, 2, 14, 39, 1
1143, 10, 0, 14, 41, 1
1143, 10, 2, 16, 43, 1
1143, 10, 0, 16, 45, 1
1143, 10, 3, 10, 9, 2
1143, 10, 3, 11, 12, 2
1143, 10, 1, 12, 9, 2
1143, 10, 1, 13, 12, 2
1143, 10, 2, 14, 1, 2
1143, 10, 0, 14, 3, 2
1143, 10, 2, 16, 15, 2
1143, 10, 0, 16, 17, 2
1143, 10, 3, 20, 5, 2
1143, 10, 1, 22, 5, 2
1143, 10, 2, 22, 23, 2
1143, 10, 0, 22, 25, 2
1143, 10, 3, 22, 40, 2
1143, 10, 1, 24, 40, 2
1143, 10, 2, 24, 44, 2
1143, 10, 0, 24, 46, 2
1143, 10, 3, 26, 33, 2
1143, 10, 1, 28, 33, 2
1143, 10, 3, 28, 43, 2
1143, 10, 1, 30, 43, 2
1143, 10, 2, 46, 17, 2
1143, 10, 0, 46, 19, 2
1143, 10, 2, 49, 43, 2
1143, 10, 0, 49, 45, 2
1143, 10, 2, 56, 40, 2
1143, 10, 0, 56, 42, 2
1149, 10, 0, 14, 40, 0
1149, 10, 2, 16, 44, 0
1149, 10, 0, 22, 24, 0
1149, 10, 1, 23, 40, 0
1149, 10, 2, 24, 45, 0
1149, 10, 1, 27, 33, 0
1149, 10, 3, 29, 43, 0
1149, 10, 0, 46, 18, 0
1149, 10, 2, 49, 44, 0
1149, 10, 0, 56, 41, 0
1150, 10, 3, 15, 40, 2
1150, 10, 0, 16, 43, 2
1165, 10, 1, 17, 22, 0
1169, 10, 1, 16, 21, 0
1189, 10, 2, 41, 13, 0
1189, 10, 3, 43, 15, 0
1189, 10, 1, 49, 16, 0
1189, 10, 1, 54, 51, 0
1189, 10, 3, 57, 48, 0
1189, 10, 2, 59, 49, 0
1189, 10, 1, 61, 46, 0
1190, 10, 2, 45, 19, 0
1190, 10, 2, 46, 17, 0
1190, 10, 2, 48, 18, 0
1191, 10, 2, 44, 18, 0
1191, 10, 2, 45, 17, 0
1191, 10, 2, 47, 17, 0
1191, 10, 2, 47, 19, 0
1192, 10, 2, 55, 41, 0
1192, 10, 2, 59, 42, 0
1193, 10, 0, 22, 39, 0
1193, 10, 1, 22, 41, 0
1193, 10, 2, 23, 41, 0
1193, 10, 2, 23, 43, 0
1193, 10, 3, 25, 39, 0
1193, 10, 2, 54, 43, 0
1193, 10, 3, 57, 41, 0
1195, 10, 0, 15, 9, 0
1195, 10, 2, 15, 10, 0
1195, 10, 2, 16, 8, 0
1195, 10, 1, 16, 9, 0
1195, 10, 3, 17, 10, 0
1195, 10, 1, 39, 37, 0
1195, 10, 1, 48, 46, 0
1196, 10, 1, 15, 8, 0
1196, 10, 0, 16, 7, 0
1196, 10, 2, 16, 10, 0
1196, 10, 0, 17, 7, 0
1196, 10, 3, 17, 9, 0
1196, 10, 3, 18, 8, 0
1196, 10, 0, 26, 32, 0
1196, 10, 1, 26, 34, 0
1196, 10, 0, 27, 30, 0
1196, 10, 0, 29, 32, 0
1196, 10, 3, 34, 30, 0
1196, 10, 0, 35, 29, 0
1196, 10, 1, 35, 31, 0
1196, 10, 2, 35, 32, 0
1196, 10, 3, 36, 29, 0
1196, 10, 0, 36, 30, 0
1196, 10, 2, 36, 32, 0
1196, 10, 3, 37, 31, 0
1196, 10, 0, 37, 35, 0
1196, 10, 0, 47, 42, 0
1196, 10, 3, 48, 44, 0
1196, 10, 2, 49, 45, 0
1196, 10, 1, 50, 44, 0
1197, 10, 2, 29, 44, 0
1198, 10, 1, 28, 41, 0
1198, 10, 2, 28, 44, 0
1198, 10, 0, 29, 41, 0
1198, 10, 3, 30, 43, 0
1198, 10, 1, 34, 31, 0
1198, 10, 0, 35, 30, 0
1198, 10, 2, 36, 31, 0
1198, 10, 3, 37, 30, 0
1199, 10, 2, 20, 24, 0
1199, 10, 2, 21, 28, 0
1199, 10, 0, 24, 25, 0
1199, 10, 3, 27, 32, 0
1199, 10, 0, 28, 34, 0
1199, 10, 3, 40, 44, 0
1199, 10, 1, 47, 43, 0
1199, 10, 0, 50, 41, 0
1199, 10, 3, 51, 43, 0
1200, 10, 2, 21, 40, 0
1200, 10, 3, 22, 26, 0
1200, 10, 0, 24, 39, 0
1200, 10, 1, 25, 42, 0
1200, 10, 3, 54, 42, 0
1200, 10, 2, 57, 43, 0
1201, 10, 3, 27, 43, 0
1201, 10, 2, 30, 42, 0
1246, 22, 3, 23, 25, 0
1246, 22, 1, 23, 44, 0
1246, 22, 2, 24, 40, 0
1246, 22, 3, 26, 39, 0
1246, 22, 1, 43, 43, 0
1246, 22, 1, 43, 47, 0
1246, 22, 0, 44, 12, 0
1246, 22, 0, 45, 17, 0
1246, 22, 3, 46, 19, 0
1246, 22, 0, 46, 47, 0
1246, 22, 1, 48, 17, 0
1246, 22, 2, 50, 59, 0
1246, 22, 1, 51, 55, 0
1246, 22, 0, 53, 43, 0
1246, 22, 0, 54, 53, 0
1246, 22, 3, 56, 50, 0
1246, 22, 2, 57, 42, 0
1247, 22, 3, 21, 26, 0
1247, 22, 2, 22, 27, 0
1247, 22, 1, 23, 27, 0
1247, 22, 2, 23, 43, 0
1247, 22, 0, 24, 38, 0
1247, 22, 3, 24, 42, 0
1247, 22, 2, 25, 40, 0
1247, 22, 2, 26, 31, 0
1247, 22, 1, 27, 29, 0
1247, 22, 0, 27, 35, 0
1247, 22, 1, 28, 42, 0
1247, 22, 0, 28, 43, 0
1247, 22, 3, 28, 44, 0
1247, 22, 1, 29, 31, 0
1247, 22, 0, 30, 43, 0
1247, 22, 3, 34, 42, 0
1247, 22, 2, 37, 56, 0
1247, 22, 3, 41, 42, 0
1247, 22, 2, 42, 11, 0
1247, 22, 0, 43, 12, 0
1247, 22, 1, 43, 46, 0
1247, 22, 0, 44, 11, 0
1247, 22, 0, 44, 45, 0
1247, 22, 3, 45, 18, 0
1247, 22, 3, 45, 47, 0
1247, 22, 2, 46, 49, 0
1247, 22, 3, 48, 6, 0
1247, 22, 1, 48, 9, 0
1247, 22, 3, 48, 45, 0
1247, 22, 1, 49, 11, 0
1247, 22, 3, 49, 12, 0
1247, 22, 0, 49, 43, 0
1247, 22, 0, 50, 11, 0
1247, 22, 3, 50, 12, 0
1247, 22, 2, 51, 45, 0
1247, 22, 2, 51, 56, 0
1247, 22, 0, 51, 57, 0
1247, 22, 1, 52, 55, 0
1247, 22, 0, 53, 8, 0
1247, 22, 2, 53, 9, 0
1247, 22, 3, 53, 42, 0
1247, 22, 0, 53, 53, 0
1247, 22, 3, 53, 54, 0
1247, 22, 1, 54, 9, 0
1247, 22, 2, 54, 44, 0
1247, 22, 2, 54, 50, 0
1247, 22, 1, 55, 43, 0
1247, 22, 0, 55, 50, 0
1247, 22, 0, 56, 42, 0
1247, 22, 1, 56, 51, 0
1247, 22, 0, 56, 52, 0
1247, 22, 2, 57, 9, 0
1247, 22, 1, 57, 44, 0
1247, 22, 3, 57, 50, 0
1247, 22, 2, 58, 40, 0
1247, 22, 2, 58, 50, 0
1247, 22, 1, 59, 17, 0
1247, 22, 2, 59, 51, 0
1247, 22, 0, 60, 17, 0
1247, 22, 0, 60, 18, 0
1247, 22, 1, 63, 47, 0
1248, 22, 0, 32, 29, 0
1248, 22, 1, 35, 43, 0
1248, 22, 2, 46, 42, 0
1248, 22, 3, 47, 29, 0
1253, 22, 2, 25, 38, 0
1257, 22, 0, 17, 26, 0
1257, 22, 3, 18, 27, 0
1257, 22, 1, 18, 28, 0
1257, 22, 0, 19, 25, 0
1257, 22, 2, 19, 27, 0
1257, 22, 3, 19, 42, 0
1257, 22, 2, 20, 22, 0
1257, 22, 1, 20, 23, 0
1257, 22, 3, 20, 26, 0
1257, 22, 3, 20, 27, 0
1257, 22, 3, 20, 28, 0
1257, 22, 0, 20, 29, 0
1257, 22, 2, 20, 30, 0
1257, 22, 2, 20, 40, 0
1257, 22, 2, 20, 41, 0
1257, 22, 0, 20, 42, 0
1257, 22, 1, 20, 43, 0
1257, 22, 3, 21, 22, 0
1257, 22, 3, 21, 23, 0
1257, 22, 2, 21, 24, 0
1257, 22, 1, 21, 27, 0
1257, 22, 3, 21, 28, 0
1257, 22, 1, 21, 29, 0
1257, 22, 1, 21, 41, 0
1257, 22, 0, 21, 43, 0
1257, 22, 2, 21, 44, 0
1257, 22, 0, 22, 22, 0
1257, 22, 1, 22, 24, 0
1257, 22, 2, 22, 28, 0
1257, 22, 0, 22, 38, 0
1257, 22, 2, 22, 39, 0
1257, 22, 0, 22, 40, 0
1257, 22, 1, 22, 41, 0
1257, 22, 0, 22, 42, 0
1257, 22, 3, 22, 43, 0
1257, 22, 2, 23, 21, 0
1257, 22, 0, 23, 23, 0
1257, 22, 1, 23, 24, 0
1257, 22, 3, 23, 28, 0
1257, 22, 0, 23, 29, 0
1257, 22, 0, 23, 37, 0
1257, 22, 0, 23, 38, 0
1257, 22, 0, 23, 41, 0
1257, 22, 0, 23, 42, 0
1257, 22, 2, 24, 22, 0
1257, 22, 3, 24, 23, 0
1257, 22, 0, 24, 25, 0
1257, 22, 3, 24, 26, 0
1257, 22, 2, 24, 27, 0
1257, 22, 3, 24, 28, 0
1257, 22, 1, 25, 24, 0
1257, 22, 3, 25, 25, 0
1257, 22, 1, 25, 27, 0
1257, 22, 0, 25, 28, 0
1257, 22, 2, 25, 35, 0
1257, 22, 3, 25, 36, 0
1257, 22, 0, 26, 25, 0
1257, 22, 2, 26, 32, 0
1257, 22, 1, 26, 33, 0
1257, 22, 3, 26, 34, 0
1257, 22, 0, 26, 35, 0
1257, 22, 0, 27, 19, 0
1257, 22, 2, 27, 32, 0
1257, 22, 0, 27, 33, 0
1257, 22, 1, 27, 34, 0
1257, 22, 3, 28, 19, 0
1257, 22, 3, 28, 31, 0
1257, 22, 0, 28, 33, 0
1257, 22, 2, 28, 37, 0
1257, 22, 2, 28, 38, 0
1257, 22, 2, 29, 20, 0
1257, 22, 1, 29, 21, 0
1257, 22, 1, 29, 22, 0
1257, 22, 2, 29, 33, 0
1257, 22, 1, 29, 34, 0
1257, 22, 3, 29, 35, 0
1257, 22, 1, 29, 36, 0
1257, 22, 2, 29, 37, 0
1257, 22, 3, 29, 38, 0
1257, 22, 1, 30, 22, 0
1257, 22, 0, 30, 23, 0
1257, 22, 0, 30, 35, 0
1257, 22, 0, 30, 38, 0
1257, 22, 0, 30, 40, 0
1257, 22, 2, 31, 23, 0
1257, 22, 0, 31, 37, 0
1257, 22, 3, 31, 39, 0
1257, 22, 3, 31, 40, 0
1257, 22, 3, 31, 41, 0
1257, 22, 3, 32, 38, 0
1257, 22, 1, 36, 35, 0
1257, 22, 1, 36, 36, 0
1257, 22, 3, 37, 14, 0
1257, 22, 3, 37, 37, 0
1257, 22, 0, 38, 11, 0
1257, 22, 2, 38, 14, 0
1257, 22, 1, 38, 35, 0
1257, 22, 2, 38, 36, 0
1257, 22, 3, 38, 37, 0
1257, 22, 0, 38, 38, 0
1257, 22, 1, 39, 10, 0
1257, 22, 3, 39, 12, 0
1257, 22, 2, 39, 14, 0
1257, 22, 1, 39, 15, 0
1257, 22, 1, 39, 16, 0
1257, 22, 0, 39, 35, 0
1257, 22, 0, 39, 36, 0
1257, 22, 3, 39, 37, 0
1257, 22, 0, 39, 38, 0
1257, 22, 1, 39, 39, 0
1257, 22, 0, 40, 10, 0
1257, 22, 2, 40, 12, 0
1257, 22, 0, 40, 17, 0
1257, 22, 0, 40, 20, 0
1257, 22, 2, 40, 26, 0
1257, 22, 3, 40, 35, 0
1257, 22, 3, 40, 36, 0
1257, 22, 0, 40, 37, 0
1257, 22, 0, 40, 38, 0
1257, 22, 1, 41, 10, 0
1257, 22, 2, 41, 11, 0
1257, 22, 2, 41, 12, 0
1257, 22, 3, 41, 19, 0
1257, 22, 0, 41, 20, 0
1257, 22, 0, 41, 21, 0
1257, 22, 2, 41, 22, 0
1257, 22, 2, 41, 23, 0
1257, 22, 0, 41, 24, 0
1257, 22, 3, 41, 25, 0
1257, 22, 1, 41, 37, 0
1257, 22, 3, 41, 38, 0
1257, 22, 3, 41, 40, 0
1257, 22, 1, 42, 8, 0
1257, 22, 0, 42, 9, 0
1257, 22, 1, 42, 10, 0
1257, 22, 2, 42, 20, 0
1257, 22, 1, 42, 21, 0
1257, 22, 0, 42, 24, 0
1257, 22, 2, 42, 38, 0
1257, 22, 2, 42, 39, 0
1257, 22, 3, 42, 40, 0
1257, 22, 2, 42, 57, 0
1257, 22, 1, 42, 60, 0
1257, 22, 3, 43, 9, 0
1257, 22, 1, 43, 10, 0
1257, 22, 2, 43, 20, 0
1257, 22, 3, 43, 21, 0
1257, 22, 3, 43, 22, 0
1257, 22, 1, 43, 24, 0
1257, 22, 0, 43, 30, 0
1257, 22, 3, 43, 31, 0
1257, 22, 2, 43, 38, 0
1257, 22, 0, 43, 39, 0
1257, 22, 3, 43, 48, 0
1257, 22, 3, 43, 56, 0
1257, 22, 0, 43, 59, 0
1257, 22, 2, 44, 7, 0
1257, 22, 2, 44, 9, 0
1257, 22, 3, 44, 10, 0
1257, 22, 1, 44, 21, 0
1257, 22, 3, 44, 22, 0
1257, 22, 3, 44, 23, 0
1257, 22, 2, 44, 24, 0
1257, 22, 0, 44, 25, 0
1257, 22, 0, 44, 29, 0
1257, 22, 2, 44, 31, 0
1257, 22, 2, 44, 32, 0
1257, 22, 2, 44, 33, 0
1257, 22, 0, 44, 37, 0
1257, 22, 0, 44, 38, 0
1257, 22, 0, 44, 48, 0
1257, 22, 1, 44, 49, 0
1257, 22, 3, 44, 55, 0
1257, 22, 3, 44, 56, 0
1257, 22, 3, 44, 60, 0
1257, 22, 0, 45, 6, 0
1257, 22, 3, 45, 7, 0
1257, 22, 2, 45, 9, 0
1257, 22, 1, 45, 13, 0
1257, 22, 1, 45, 22, 0
1257, 22, 1, 45, 24, 0
1257, 22, 1, 45, 25, 0
1257, 22, 1, 45, 27, 0
1257, 22, 1, 45, 29, 0
1257, 22, 2, 45, 30, 0
1257, 22, 1, 45, 32, 0
1257, 22, 2, 45, 33, 0
1257, 22, 2, 45, 49, 0
1257, 22, 3, 45, 50, 0
1257, 22, 3, 45, 51, 0
1257, 22, 0, 45, 52, 0
1257, 22, 1, 45, 53, 0
1257, 22, 1, 45, 54, 0
1257, 22, 1, 45, 55, 0
1257, 22, 2, 45, 56, 0
1257, 22, 2, 45, 59, 0
1257, 22, 2, 45, 60, 0
1257, 22, 3, 46, 5, 0
1257, 22, 0, 46, 7, 0
1257, 22, 3, 46, 8, 0
1257, 22, 1, 46, 9, 0
1257, 22, 3, 46, 11, 0
1257, 22, 0, 46, 14, 0
1257, 22, 0, 46, 23, 0
1257, 22, 3, 46, 24, 0
1257, 22, 2, 46, 29, 0
1257, 22, 3, 46, 30, 0
1257, 22, 0, 46, 31, 0
1257, 22, 1, 46, 32, 0
1257, 22, 1, 46, 33, 0
1257, 22, 1, 46, 48, 0
1257, 22, 3, 46, 50, 0
1257, 22, 1, 46, 51, 0
1257, 22, 0, 46, 53, 0
1257, 22, 3, 46, 54, 0
1257, 22, 1, 46, 59, 0
1257, 22, 1, 47, 6, 0
1257, 22, 2, 47, 7, 0
1257, 22, 2, 47, 10, 0
1257, 22, 1, 47, 11, 0
1257, 22, 3, 47, 15, 0
1257, 22, 3, 47, 30, 0
1257, 22, 0, 47, 31, 0
1257, 22, 1, 47, 32, 0
1257, 22, 0, 47, 33, 0
1257, 22, 2, 47, 50, 0
1257, 22, 3, 47, 51, 0
1257, 22, 2, 47, 52, 0
1257, 22, 3, 47, 53, 0
1257, 22, 2, 47, 54, 0
1257, 22, 0, 47, 60, 0
1257, 22, 0, 48, 12, 0
1257, 22, 2, 48, 16, 0
1257, 22, 0, 48, 32, 0
1257, 22, 1, 48, 51, 0
1257, 22, 1, 48, 52, 0
1257, 22, 2, 48, 53, 0
1257, 22, 3, 48, 59, 0
1257, 22, 1, 49, 4, 0
1257, 22, 1, 49, 5, 0
1257, 22, 0, 49, 6, 0
1257, 22, 3, 49, 13, 0
1257, 22, 1, 49, 15, 0
1257, 22, 3, 49, 25, 0
1257, 22, 0, 49, 26, 0
1257, 22, 0, 49, 32, 0
1257, 22, 0, 49, 33, 0
1257, 22, 3, 49, 59, 0
1257, 22, 2, 49, 60, 0
1257, 22, 2, 50, 4, 0
1257, 22, 0, 50, 6, 0
1257, 22, 0, 50, 16, 0
1257, 22, 3, 50, 24, 0
1257, 22, 3, 50, 25, 0
1257, 22, 2, 50, 26, 0
1257, 22, 1, 50, 27, 0
1257, 22, 3, 50, 32, 0
1257, 22, 0, 50, 33, 0
1257, 22, 1, 50, 34, 0
1257, 22, 2, 50, 35, 0
1257, 22, 1, 50, 60, 0
1257, 22, 2, 51, 4, 0
1257, 22, 3, 51, 6, 0
1257, 22, 3, 51, 15, 0
1257, 22, 1, 51, 23, 0
1257, 22, 1, 51, 24, 0
1257, 22, 0, 51, 31, 0
1257, 22, 1, 51, 32, 0
1257, 22, 1, 51, 33, 0
1257, 22, 2, 51, 35, 0
1257, 22, 3, 52, 6, 0
1257, 22, 3, 52, 21, 0
1257, 22, 3, 52, 22, 0
1257, 22, 2, 52, 23, 0
1257, 22, 3, 52, 37, 0
1257, 22, 2, 52, 38, 0
1257, 22, 2, 52, 39, 0
1257, 22, 1, 52, 40, 0
1257, 22, 0, 53, 4, 0
1257, 22, 1, 53, 5, 0
1257, 22, 2, 53, 6, 0
1257, 22, 3, 53, 10, 0
1257, 22, 0, 53, 13, 0
1257, 22, 3, 53, 19, 0
1257, 22, 3, 53, 20, 0
1257, 22, 0, 53, 21, 0
1257, 22, 3, 53, 40, 0
1257, 22, 3, 53, 41, 0
1257, 22, 2, 54, 5, 0
1257, 22, 0, 54, 7, 0
1257, 22, 2, 54, 11, 0
1257, 22, 1, 54, 14, 0
1257, 22, 2, 54, 15, 0
1257, 22, 3, 54, 19, 0
1257, 22, 2, 54, 20, 0
1257, 22, 0, 54, 21, 0
1257, 22, 1, 54, 39, 0
1257, 22, 1, 54, 41, 0
1257, 22, 1, 55, 6, 0
1257, 22, 1, 55, 7, 0
1257, 22, 3, 55, 8, 0
1257, 22, 3, 55, 18, 0
1257, 22, 0, 55, 40, 0
1257, 22, 2, 55, 41, 0
1257, 22, 3, 55, 42, 0
1257, 22, 2, 56, 8, 0
1257, 22, 1, 56, 9, 0
1257, 22, 3, 56, 10, 0
1257, 22, 3, 56, 17, 0
1257, 22, 2, 56, 18, 0
1257, 22, 0, 56, 40, 0
1257, 22, 2, 56, 41, 0
1257, 22, 2, 57, 8, 0
1257, 22, 2, 57, 10, 0
1257, 22, 3, 57, 11, 0
1257, 22, 0, 57, 16, 0
1257, 22, 1, 57, 18, 0
1257, 22, 0, 57, 40, 0
1257, 22, 1, 58, 9, 0
1257, 22, 3, 58, 11, 0
1257, 22, 3, 58, 12, 0
1257, 22, 0, 58, 16, 0
1257, 22, 1, 58, 17, 0
1257, 22, 0, 58, 41, 0
1257, 22, 2, 59, 12, 0
1257, 22, 1, 59, 13, 0
1257, 22, 1, 59, 14, 0
1257, 22, 0, 59, 40, 0
1257, 22, 3, 59, 42, 0
1257, 22, 0, 60, 14, 0
1257, 22, 3, 60, 15, 0
1257, 22, 3, 60, 41, 0
1257, 22, 3, 60, 42, 0
1257, 22, 0, 60, 50, 0
1257, 22, 1, 60, 51, 0
1257, 22, 2, 60, 52, 0
1257, 22, 1, 61, 13, 0
1257, 22, 2, 61, 14, 0
1257, 22, 0, 61, 15, 0
1257, 22, 1, 61, 39, 0
1257, 22, 2, 61, 40, 0
1257, 22, 2, 61, 41, 0
1257, 22, 0, 61, 49, 0
1257, 22, 0, 61, 50, 0
1257, 22, 0, 62, 15, 0
1257, 22, 3, 62, 16, 0
1257, 22, 2, 62, 17, 0
1257, 22, 3, 62, 38, 0
1257, 22, 0, 62, 39, 0
1257, 22, 3, 62, 40, 0
1257, 22, 3, 62, 49, 0
1257, 22, 2, 62, 50, 0
1257, 22, 2, 62, 51, 0
1257, 22, 0, 63, 18, 0
1257, 22, 2, 63, 38, 0
1257, 22, 2, 63, 49, 0
1258, 22, 2, 17, 24, 0
1258, 22, 1, 18, 24, 0
1258, 22, 3, 18, 26, 0
1258, 22, 1, 21, 40, 0
1258, 22, 3, 21, 42, 0
1258, 22, 1, 22, 29, 0
1258, 22, 0, 23, 39, 0
1258, 22, 1, 25, 26, 0
1258, 22, 2, 26, 26, 0
1258, 22, 1, 27, 27, 0
1258, 22, 0, 27, 31, 0
1258, 22, 2, 30, 37, 0
1258, 22, 1, 30, 39, 0
1258, 22, 3, 38, 13, 0
1258, 22, 0, 38, 15, 0
1258, 22, 2, 39, 11, 0
1258, 22, 1, 42, 23, 0
1258, 22, 0, 43, 23, 0
1258, 22, 0, 44, 30, 0
1258, 22, 0, 44, 53, 0
1258, 22, 0, 44, 54, 0
1258, 22, 1, 44, 59, 0
1258, 22, 3, 45, 31, 0
1258, 22, 1, 46, 6, 0
1258, 22, 3, 46, 13, 0
1258, 22, 3, 46, 52, 0
1258, 22, 3, 46, 60, 0
1258, 22, 3, 47, 14, 0
1258, 22, 0, 48, 13, 0
1258, 22, 2, 48, 15, 0
1258, 22, 2, 48, 60, 0
1258, 22, 3, 49, 8, 0
1258, 22, 1, 49, 14, 0
1258, 22, 3, 50, 5, 0
1258, 22, 1, 50, 9, 0
1258, 22, 1, 50, 14, 0
1258, 22, 1, 50, 15, 0
1258, 22, 0, 51, 5, 0
1258, 22, 0, 51, 8, 0
1258, 22, 3, 51, 26, 0
1258, 22, 3, 51, 34, 0
1258, 22, 0, 52, 5, 0
1258, 22, 2, 52, 10, 0
1258, 22, 0, 52, 11, 0
1258, 22, 1, 52, 13, 0
1258, 22, 3, 52, 15, 0
1258, 22, 3, 53, 11, 0
1258, 22, 2, 53, 14, 0
1258, 22, 2, 53, 22, 0
1258, 22, 2, 53, 39, 0
1258, 22, 0, 53, 55, 0
1258, 22, 1, 53, 56, 0
1258, 22, 2, 53, 57, 0
1258, 22, 1, 54, 40, 0
1258, 22, 3, 54, 54, 0
1258, 22, 3, 54, 55, 0
1258, 22, 3, 54, 56, 0
1258, 22, 1, 55, 19, 0
1258, 22, 3, 55, 55, 0
1258, 22, 1, 56, 54, 0
1258, 22, 0, 57, 17, 0
1258, 22, 0, 57, 52, 0
1258, 22, 0, 57, 53, 0
1258, 22, 0, 58, 10, 0
1258, 22, 1, 59, 41, 0
1258, 22, 1, 60, 12, 0
1258, 22, 2, 60, 40, 0
1258, 22, 0, 60, 54, 0
1258, 22, 2, 61, 51, 0
1259, 22, 0, 18, 25, 0
1259, 22, 3, 19, 26, 0
1259, 22, 1, 21, 39, 0
1259, 22, 2, 22, 23, 0
1259, 22, 1, 23, 22, 0
1259, 22, 3, 26, 27, 0
1259, 22, 0, 27, 26, 0
1259, 22, 3, 28, 20, 0
1259, 22, 1, 28, 32, 0
1259, 22, 0, 30, 36, 0
1259, 22, 3, 31, 38, 0
1259, 22, 3, 35, 35, 0
1259, 22, 2, 37, 35, 0
1259, 22, 1, 37, 36, 0
1259, 22, 1, 38, 16, 0
1259, 22, 2, 39, 13, 0
1259, 22, 3, 40, 11, 0
1259, 22, 1, 42, 22, 0
1259, 22, 0, 43, 8, 0
1259, 22, 3, 43, 60, 0
1259, 22, 0, 44, 8, 0
1259, 22, 3, 45, 8, 0
1259, 22, 3, 46, 12, 0
1259, 22, 3, 47, 9, 0
1259, 22, 3, 47, 12, 0
1259, 22, 2, 47, 13, 0
1259, 22, 0, 48, 8, 0
1259, 22, 3, 48, 14, 0
1259, 22, 1, 50, 8, 0
1259, 22, 3, 51, 14, 0
1259, 22, 3, 51, 25, 0
1259, 22, 2, 52, 9, 0
1259, 22, 3, 52, 14, 0
1259, 22, 3, 53, 12, 0
1259, 22, 2, 53, 38, 0
1259, 22, 0, 54, 6, 0
1259, 22, 1, 59, 11, 0
1259, 22, 2, 60, 13, 0
1259, 22, 3, 63, 17, 0
1259, 22, 2, 63, 39, 0
1276, 11, 1, 25, 46, 0
1276, 10, 2, 43, 11, 0
1276, 10, 2, 49, 11, 0
1276, 10, 0, 49, 59, 0
1276, 10, 3, 51, 55, 0
1276, 10, 1, 51, 57, 0
1276, 10, 0, 54, 49, 0
1276, 10, 1, 56, 9, 0
1276, 10, 0, 56, 14, 0
1276, 10, 1, 58, 53, 0
1276, 10, 3, 59, 17, 0
1276, 10, 3, 59, 51, 0
1276, 10, 0, 63, 47, 0
1278, 10, 1, 42, 46, 0
1281, 11, 3, 41, 43, 0
1281, 10, 1, 53, 53, 0
1281, 10, 2, 56, 50, 0
1282, 10, 0, 48, 5, 0
1286, 10, 3, 5, 28, 0
1286, 10, 2, 5, 34, 0
1286, 10, 1, 9, 35, 0
1286, 10, 2, 16, 14, 0
1286, 10, 3, 21, 9, 0
1286, 10, 1, 21, 14, 0
1286, 10, 0, 22, 11, 0
1309, 10, 0, 44, 47, 0
1417, 1, 1, 3, 28, 0
1417, 0, 2, 3, 29, 0
1417, 0, 2, 3, 30, 0
1417, 0, 2, 3, 31, 0
1417, 0, 2, 3, 32, 0
1417, 0, 2, 3, 33, 0
1417, 1, 2, 3, 34, 0
1417, 1, 1, 4, 27, 0
1417, 9, 1, 4, 28, 0
1417, 9, 2, 4, 34, 0
1417, 1, 2, 4, 35, 0
1417, 1, 1, 5, 26, 0
1417, 9, 1, 5, 27, 0
1417, 9, 2, 5, 35, 0
1417, 1, 2, 5, 36, 0
1417, 1, 1, 6, 25, 0
1417, 9, 1, 6, 26, 0
1417, 9, 2, 6, 36, 0
1417, 1, 2, 6, 37, 0
1417, 0, 1, 7, 25, 0
1417, 0, 3, 7, 37, 0
1417, 1, 1, 8, 8, 0
1417, 0, 2, 8, 9, 0
1417, 0, 2, 8, 10, 0
1417, 0, 2, 8, 11, 0
1417, 1, 2, 8, 12, 0
1417, 0, 1, 8, 25, 0
1417, 0, 3, 8, 37, 0
1417, 1, 1, 9, 7, 0
1417, 9, 1, 9, 8, 0
1417, 9, 2, 9, 12, 0
1417, 1, 2, 9, 13, 0
1417, 0, 1, 9, 25, 0
1417, 0, 3, 9, 37, 0
1417, 1, 1, 10, 3, 0
1417, 0, 2, 10, 4, 0
1417, 0, 2, 10, 5, 0
1417, 0, 2, 10, 6, 0
1417, 9, 1, 10, 7, 0
1417, 9, 2, 10, 13, 0
1417, 0, 2, 10, 14, 0
1417, 0, 2, 10, 15, 0
1417, 1, 2, 10, 16, 0
1417, 0, 1, 10, 25, 0
1417, 9, 3, 10, 36, 0
1417, 1, 3, 10, 37, 0
1417, 1, 1, 11, 2, 0
1417, 9, 1, 11, 3, 0
1417, 9, 2, 11, 16, 0
1417, 1, 2, 11, 17, 0
1417, 0, 1, 11, 25, 0
1417, 9, 3, 11, 31, 0
1417, 9, 0, 11, 32, 0
1417, 9, 3, 11, 35, 0
1417, 1, 3, 11, 36, 0
1417, 1, 1, 11, 39, 0
1417, 0, 2, 11, 40, 0
1417, 0, 2, 11, 41, 0
1417, 0, 2, 11, 42, 0
1417, 0, 2, 11, 43, 0
1417, 0, 2, 11, 44, 0
1417, 1, 2, 11, 45, 0
1417, 1, 1, 12, 1, 0
1417, 9, 1, 12, 2, 0
1417, 9, 2, 12, 17, 0
1417, 1, 2, 12, 18, 0
1417, 1, 0, 12, 25, 0
1417, 9, 0, 12, 26, 0
1417, 0, 3, 12, 31, 0
1417, 1, 0, 12, 32, 0
1417, 0, 0, 12, 33, 0
1417, 0, 0, 12, 34, 0
1417, 1, 3, 12, 35, 0
1417, 1, 1, 12, 38, 0
1417, 9, 1, 12, 39, 0
1417, 9, 2, 12, 45, 0
1417, 1, 2, 12, 46, 0
1417, 1, 1, 13, 0, 0
1417, 9, 1, 13, 1, 0
1417, 0, 3, 13, 18, 0
1417, 1, 0, 13, 26, 0
1417, 0, 0, 13, 27, 0
1417, 9, 0, 13, 28, 0
1417, 0, 3, 13, 31, 0
1417, 1, 1, 13, 37, 0
1417, 9, 1, 13, 38, 0
1417, 9, 2, 13, 46, 0
1417, 1, 2, 13, 47, 0
1417, 0, 1, 14, 0, 0
1417, 0, 3, 14, 18, 0
1417, 1, 1, 14, 21, 0
1417, 0, 2, 14, 22, 0
1417, 0, 2, 14, 23, 0
1417, 1, 2, 14, 24, 0
1417, 0, 1, 14, 28, 0
1417, 0, 3, 14, 31, 0
1417, 0, 1, 14, 37, 0
1417, 0, 3, 14, 47, 0
1417, 0, 1, 15, 0, 0
1417, 0, 3, 15, 18, 0
1417, 1, 1, 15, 20, 0
1417, 9, 1, 15, 21, 0
1417, 9, 2, 15, 24, 0
1417, 1, 2, 15, 25, 0
1417, 0, 1, 15, 28, 0
1417, 9, 2, 15, 31, 0
1417, 1, 2, 15, 32, 0
1417, 0, 1, 15, 37, 0
1417, 0, 3, 15, 47, 0
1417, 0, 1, 16, 0, 0
1417, 0, 3, 16, 18, 0
1417, 0, 1, 16, 20, 0
1417, 9, 2, 16, 25, 0
1417, 0, 2, 16, 26, 0
1417, 0, 2, 16, 27, 0
1417, 9, 1, 16, 28, 0
1417, 9, 2, 16, 32, 0
1417, 0, 2, 16, 33, 0
1417, 0, 2, 16, 34, 0
1417, 1, 2, 16, 35, 0
1417, 0, 1, 16, 37, 0
1417, 0, 3, 16, 47, 0
1417, 0, 1, 17, 0, 0
1417, 0, 3, 17, 18, 0
1417, 1, 0, 17, 20, 0
1417, 9, 0, 17, 21, 0
1417, 9, 2, 17, 35, 0
1417, 0, 2, 17, 36, 0
1417, 9, 1, 17, 37, 0
1417, 0, 3, 17, 47, 0
1417, 0, 1, 18, 0, 0
1417, 0, 3, 18, 18, 0
1417, 0, 1, 18, 21, 0
1417, 9, 3, 18, 46, 0
1417, 1, 3, 18, 47, 0
1417, 0, 1, 19, 0, 0
1417, 9, 3, 19, 17, 0
1417, 1, 3, 19, 18, 0
1417, 0, 1, 19, 21, 0
1417, 0, 3, 19, 46, 0
1417, 0, 1, 20, 0, 0
1417, 9, 3, 20, 16, 0
1417, 1, 3, 20, 17, 0
1417, 0, 1, 20, 21, 0
1417, 0, 3, 20, 46, 0
1417, 1, 0, 21, 0, 0
1417, 9, 0, 21, 1, 0
1417, 0, 3, 21, 16, 0
1417, 0, 1, 21, 21, 0
1417, 9, 2, 21, 46, 0
1417, 1, 2, 21, 47, 0
1417, 1, 0, 22, 1, 0
1417, 9, 0, 22, 2, 0
1417, 9, 2, 22, 16, 0
1417, 1, 2, 22, 17, 0
1417, 1, 1, 22, 20, 0
1417, 9, 1, 22, 21, 0
1417, 9, 2, 22, 47, 0
1417, 1, 2, 22, 48, 0
1417, 1, 0, 23, 2, 0
1417, 9, 0, 23, 3, 0
1417, 9, 3, 23, 7, 0
1417, 0, 0, 23, 8, 0
1417, 9, 0, 23, 9, 0
1417, 9, 2, 23, 17, 0
1417, 0, 2, 23, 18, 0
1417, 0, 2, 23, 19, 0
1417, 9, 1, 23, 20, 0
1417, 0, 3, 23, 48, 0
1417, 1, 0, 24, 3, 0
1417, 0, 0, 24, 4, 0
1417, 0, 0, 24, 5, 0
1417, 0, 0, 24, 6, 0
1417, 1, 3, 24, 7, 0
1417, 1, 0, 24, 9, 0
1417, 9, 0, 24, 10, 0
1417, 0, 3, 24, 48, 0
1417, 1, 0, 25, 10, 0
1417, 9, 0, 25, 11, 0
1417, 0, 3, 25, 48, 0
1417, 1, 0, 26, 11, 0
1417, 9, 0, 26, 12, 0
1417, 0, 3, 26, 48, 0
1417, 1, 0, 27, 12, 0
1417, 0, 0, 27, 13, 0
1417, 0, 0, 27, 14, 0
1417, 0, 0, 27, 15, 0
1417, 0, 0, 27, 16, 0
1417, 9, 0, 27, 17, 0
1417, 0, 3, 27, 48, 0
1417, 1, 0, 28, 17, 0
1417, 9, 0, 28, 18, 0
1417, 0, 3, 28, 48, 0
1417, 1, 0, 29, 18, 0
1417, 9, 0, 29, 19, 0
1417, 0, 3, 29, 48, 0
1417, 1, 0, 30, 19, 0
1417, 9, 0, 30, 20, 0
1417, 0, 3, 30, 48, 0
1417, 1, 1, 30, 52, 0
1417, 0, 2, 30, 53, 0
1417, 0, 2, 30, 54, 0
1417, 0, 2, 30, 55, 0
1417, 0, 2, 30, 56, 0
1417, 0, 2, 30, 57, 0
1417, 0, 2, 30, 58, 0
1417, 0, 2, 30, 59, 0
1417, 0, 2, 30, 60, 0
1417, 0, 2, 30, 61, 0
1417, 1, 2, 30, 62, 0
1417, 1, 0, 31, 20, 0
1417, 9, 0, 31, 21, 0
1417, 9, 3, 31, 47, 0
1417, 1, 3, 31, 48, 0
1417, 0, 1, 31, 52, 0
1417, 0, 3, 31, 62, 0
1417, 1, 0, 32, 21, 0
1417, 9, 0, 32, 22, 0
1417, 9, 3, 32, 46, 0
1417, 1, 3, 32, 47, 0
1417, 0, 1, 32, 52, 0
1417, 0, 3, 32, 62, 0
1417, 0, 1, 33, 22, 0
1417, 0, 3, 33, 46, 0
1417, 0, 1, 33, 52, 0
1417, 0, 3, 33, 62, 0
1417, 1, 0, 34, 22, 0
1417, 9, 0, 34, 23, 0
1417, 0, 3, 34, 46, 0
1417, 0, 1, 34, 52, 0
1417, 0, 3, 34, 62, 0
1417, 1, 0, 35, 23, 0
1417, 0, 0, 35, 24, 0
1417, 9, 0, 35, 25, 0
1417, 0, 3, 35, 46, 0
1417, 0, 1, 35, 52, 0
1417, 0, 3, 35, 62, 0
1417, 1, 1, 36, 11, 0
1417, 0, 2, 36, 12, 0
1417, 0, 2, 36, 13, 0
1417, 0, 2, 36, 14, 0
1417, 0, 2, 36, 15, 0
1417, 1, 2, 36, 16, 0
1417, 1, 0, 36, 25, 0
1417, 9, 0, 36, 26, 0
1417, 0, 3, 36, 46, 0
1417, 0, 1, 36, 52, 0
1417, 0, 3, 36, 62, 0
1417, 1, 1, 37, 10, 0
1417, 9, 1, 37, 11, 0
1417, 9, 2, 37, 16, 0
1417, 1, 2, 37, 17, 0
1417, 0, 1, 37, 26, 0
1417, 0, 3, 37, 46, 0
1417, 1, 0, 37, 52, 0
1417, 9, 0, 37, 53, 0
1417, 0, 3, 37, 62, 0
1417, 1, 1, 38, 9, 0
1417, 9, 1, 38, 10, 0
1417, 9, 2, 38, 17, 0
1417, 0, 2, 38, 18, 0
1417, 0, 2, 38, 19, 0
1417, 0, 2, 38, 20, 0
1417, 1, 2, 38, 21, 0
1417, 0, 1, 38, 26, 0
1417, 0, 3, 38, 46, 0
1417, 1, 0, 38, 53, 0
1417, 0, 0, 38, 54, 0
1417, 9, 0, 38, 55, 0
1417, 0, 3, 38, 62, 0
1417, 1, 1, 39, 8, 0
1417, 9, 1, 39, 9, 0
1417, 9, 2, 39, 21, 0
1417, 1, 2, 39, 22, 0
1417, 1, 1, 39, 25, 0
1417, 9, 1, 39, 26, 0
1417, 0, 3, 39, 46, 0
1417, 1, 0, 39, 55, 0
1417, 9, 0, 39, 56, 0
1417, 9, 3, 39, 61, 0
1417, 1, 3, 39, 62, 0
1417, 1, 1, 40, 7, 0
1417, 9, 1, 40, 8, 0
1417, 9, 2, 40, 22, 0
1417, 0, 2, 40, 23, 0
1417, 0, 2, 40, 24, 0
1417, 9, 1, 40, 25, 0
1417, 9, 2, 40, 46, 0
1417, 1, 2, 40, 47, 0
1417, 0, 1, 40, 56, 0
1417, 0, 3, 40, 61, 0
1417, 0, 1, 41, 7, 0
1417, 9, 2, 41, 47, 0
1417, 1, 2, 41, 48, 0
1417, 0, 1, 41, 56, 0
1417, 0, 3, 41, 61, 0
1417, 0, 1, 42, 7, 0
1417, 9, 2, 42, 48, 0
1417, 1, 2, 42, 49, 0
1417, 1, 1, 42, 55, 0
1417, 9, 1, 42, 56, 0
1417, 0, 3, 42, 61, 0
1417, 1, 1, 43, 6, 0
1417, 9, 1, 43, 7, 0
1417, 9, 2, 43, 49, 0
1417, 1, 2, 43, 50, 0
1417, 1, 1, 43, 53, 0
1417, 0, 2, 43, 54, 0
1417, 9, 1, 43, 55, 0
1417, 0, 3, 43, 61, 0
1417, 1, 1, 44, 5, 0
1417, 9, 1, 44, 6, 0
1417, 9, 2, 44, 50, 0
1417, 0, 2, 44, 51, 0
1417, 0, 2, 44, 52, 0
1417, 9, 1, 44, 53, 0
1417, 0, 3, 44, 61, 0
1417, 1, 1, 45, 4, 0
1417, 9, 1, 45, 5, 0
1417, 0, 3, 45, 61, 0
1417, 1, 1, 46, 3, 0
1417, 9, 1, 46, 4, 0
1417, 0, 3, 46, 61, 0
1417, 0, 1, 47, 3, 0
1417, 0, 3, 47, 61, 0
1417, 0, 1, 48, 3, 0
1417, 0, 3, 48, 61, 0
1417, 0, 1, 49, 3, 0
1417, 0, 3, 49, 61, 0
1417, 0, 2, 50, 0, 0
1417, 0, 2, 50, 1, 0
1417, 0, 2, 50, 2, 0
1417, 9, 1, 50, 3, 0
1417, 0, 3, 50, 61, 0
1417, 9, 3, 51, 60, 0
1417, 1, 3, 51, 61, 0
1417, 9, 3, 52, 59, 0
1417, 1, 3, 52, 60, 0
1417, 0, 0, 53, 0, 0
1417, 0, 0, 53, 1, 0
1417, 0, 0, 53, 2, 0
1417, 9, 0, 53, 3, 0
1417, 9, 3, 53, 58, 0
1417, 1, 3, 53, 59, 0
1417, 1, 0, 54, 3, 0
1417, 9, 0, 54, 4, 0
1417, 9, 3, 54, 57, 0
1417, 1, 3, 54, 58, 0
1417, 1, 0, 55, 4, 0
1417, 9, 0, 55, 5, 0
1417, 9, 3, 55, 56, 0
1417, 1, 3, 55, 57, 0
1417, 1, 0, 56, 5, 0
1417, 9, 0, 56, 6, 0
1417, 9, 3, 56, 55, 0
1417, 1, 3, 56, 56, 0
1417, 1, 0, 57, 6, 0
1417, 9, 0, 57, 7, 0
1417, 0, 3, 57, 55, 0
1417, 1, 0, 58, 7, 0
1417, 9, 0, 58, 8, 0
1417, 0, 3, 58, 55, 0
1417, 1, 0, 59, 8, 0
1417, 9, 0, 59, 9, 0
1417, 0, 3, 59, 55, 0
1417, 1, 0, 60, 9, 0
1417, 0, 0, 60, 10, 0
1417, 9, 0, 60, 11, 0
1417, 9, 3, 60, 54, 0
1417, 1, 3, 60, 55, 0
1417, 1, 0, 61, 11, 0
1417, 9, 0, 61, 12, 0
1417, 9, 3, 61, 53, 0
1417, 1, 3, 61, 54, 0
1417, 1, 0, 62, 12, 0
1417, 9, 0, 62, 13, 0
1417, 9, 3, 62, 52, 0
1417, 1, 3, 62, 53, 0
1417, 1, 0, 63, 13, 0
1417, 0, 0, 63, 14, 0
1417, 0, 0, 63, 15, 0
1417, 9, 0, 63, 16, 0
1417, 9, 3, 63, 51, 0
1417, 1, 3, 63, 52, 0
1434, 10, 3, 0, 0, 0
1434, 10, 3, 0, 1, 0
1434, 10, 3, 0, 2, 0
1434, 10, 3, 0, 3, 0
1434, 10, 3, 0, 4, 0
1434, 10, 3, 0, 5, 0
1434, 10, 3, 0, 6, 0
1434, 10, 3, 0, 7, 0
1434, 10, 3, 0, 8, 0
1434, 10, 3, 0, 9, 0
1434, 10, 3, 0, 10, 0
1434, 10, 3, 0, 11, 0
1434, 10, 3, 0, 12, 0
1434, 10, 3, 0, 13, 0
1434, 10, 3, 0, 14, 0
1434, 10, 3, 0, 15, 0
1434, 10, 3, 0, 16, 0
1434, 10, 3, 0, 17, 0
1434, 10, 3, 0, 18, 0
1434, 10, 3, 0, 19, 0
1434, 10, 3, 0, 20, 0
1434, 10, 3, 0, 21, 0
1434, 10, 3, 0, 22, 0
1434, 10, 3, 0, 23, 0
1434, 10, 3, 0, 24, 0
1434, 10, 0, 0, 25, 0
1434, 10, 0, 0, 26, 0
1434, 10, 0, 0, 27, 0
1434, 10, 0, 0, 28, 0
1434, 10, 0, 0, 29, 0
1434, 10, 0, 0, 30, 0
1434, 10, 0, 0, 31, 0
1434, 10, 0, 0, 32, 0
1434, 10, 0, 0, 33, 0
1434, 10, 0, 0, 34, 0
1434, 10, 0, 0, 35, 0
1434, 10, 0, 0, 36, 0
1434, 10, 0, 0, 37, 0
1434, 10, 3, 0, 38, 0
1434, 10, 3, 0, 39, 0
1434, 10, 3, 0, 40, 0
1434, 10, 3, 0, 41, 0
1434, 10, 3, 0, 42, 0
1434, 10, 3, 0, 43, 0
1434, 10, 3, 0, 44, 0
1434, 10, 3, 0, 45, 0
1434, 10, 3, 0, 46, 0
1434, 10, 3, 0, 47, 0
1434, 10, 3, 0, 48, 0
1434, 10, 3, 0, 49, 0
1434, 10, 3, 0, 50, 0
1434, 10, 3, 0, 51, 0
1434, 10, 3, 0, 52, 0
1434, 10, 3, 0, 53, 0
1434, 10, 3, 0, 54, 0
1434, 10, 3, 0, 55, 0
1434, 10, 3, 0, 56, 0
1434, 10, 3, 0, 57, 0
1434, 10, 3, 0, 58, 0
1434, 10, 3, 0, 59, 0
1434, 10, 3, 0, 60, 0
1434, 10, 3, 0, 61, 0
1434, 10, 3, 0, 62, 0
1434, 10, 3, 0, 63, 0
1434, 10, 3, 1, 0, 0
1434, 10, 3, 1, 1, 0
1434, 10, 3, 1, 2, 0
1434, 10, 3, 1, 3, 0
1434, 10, 3, 1, 4, 0
1434, 10, 3, 1, 5, 0
1434, 10, 3, 1, 6, 0
1434, 10, 3, 1, 7, 0
1434, 10, 3, 1, 8, 0
1434, 10, 3, 1, 9, 0
1434, 10, 3, 1, 10, 0
1434, 10, 3, 1, 11, 0
1434, 10, 3, 1, 12, 0
1434, 10, 3, 1, 13, 0
1434, 10, 3, 1, 14, 0
1434, 10, 3, 1, 15, 0
1434, 10, 3, 1, 16, 0
1434, 10, 3, 1, 17, 0
1434, 10, 3, 1, 18, 0
1434, 10, 3, 1, 19, 0
1434, 10, 3, 1, 20, 0
1434, 10, 3, 1, 21, 0
1434, 10, 3, 1, 22, 0
1434, 10, 0, 1, 23, 0
1434, 10, 0, 1, 24, 0
1434, 10, 0, 1, 25, 0
1434, 10, 0, 1, 26, 0
1434, 10, 0, 1, 27, 0
1434, 10, 0, 1, 28, 0
1434, 10, 0, 1, 29, 0
1434, 10, 0, 1, 30, 0
1434, 10, 0, 1, 31, 0
1434, 10, 0, 1, 32, 0
1434, 10, 0, 1, 33, 0
1434, 10, 0, 1, 34, 0
1434, 10, 0, 1, 35, 0
1434, 10, 0, 1, 36, 0
1434, 10, 0, 1, 37, 0
1434, 10, 0, 1, 38, 0
1434, 10, 0, 1, 39, 0
1434, 10, 3, 1, 40, 0
1434, 10, 3, 1, 41, 0
1434, 10, 3, 1, 42, 0
1434, 10, 3, 1, 43, 0
1434, 10, 3, 1, 44, 0
1434, 10, 3, 1, 45, 0
1434, 10, 3, 1, 46, 0
1434, 10, 3, 1, 47, 0
1434, 10, 3, 1, 48, 0
1434, 10, 3, 1, 49, 0
1434, 10, 3, 1, 50, 0
1434, 10, 3, 1, 51, 0
1434, 10, 3, 1, 52, 0
1434, 10, 3, 1, 53, 0
1434, 10, 3, 1, 54, 0
1434, 10, 3, 1, 55, 0
1434, 10, 3, 1, 56, 0
1434, 10, 3, 1, 57, 0
1434, 10, 3, 1, 58, 0
1434, 10, 3, 1, 59, 0
1434, 10, 3, 1, 60, 0
1434, 10, 3, 1, 61, 0
1434, 10, 3, 1, 62, 0
1434, 10, 3, 1, 63, 0
1434, 10, 3, 2, 0, 0
1434, 10, 3, 2, 1, 0
1434, 10, 3, 2, 2, 0
1434, 10, 3, 2, 3, 0
1434, 10, 3, 2, 4, 0
1434, 10, 3, 2, 5, 0
1434, 10, 3, 2, 6, 0
1434, 10, 3, 2, 7, 0
1434, 10, 3, 2, 8, 0
1434, 10, 3, 2, 9, 0
1434, 10, 3, 2, 10, 0
1434, 10, 3, 2, 11, 0
1434, 10, 3, 2, 12, 0
1434, 10, 3, 2, 13, 0
1434, 10, 3, 2, 14, 0
1434, 10, 3, 2, 15, 0
1434, 10, 3, 2, 16, 0
1434, 10, 3, 2, 17, 0
1434, 10, 3, 2, 18, 0
1434, 10, 3, 2, 19, 0
1434, 10, 3, 2, 20, 0
1434, 10, 3, 2, 21, 0
1434, 10, 0, 2, 22, 0
1434, 10, 0, 2, 23, 0
1434, 10, 0, 2, 24, 0
1434, 10, 0, 2, 25, 0
1434, 10, 0, 2, 26, 0
1434, 10, 0, 2, 27, 0
1434, 10, 0, 2, 28, 0
1434, 10, 0, 2, 29, 0
1434, 10, 0, 2, 30, 0
1434, 10, 0, 2, 31, 0
1434, 10, 0, 2, 32, 0
1434, 10, 0, 2, 33, 0
1434, 10, 0, 2, 34, 0
1434, 10, 0, 2, 35, 0
1434, 10, 0, 2, 36, 0
1434, 10, 0, 2, 37, 0
1434, 10, 0, 2, 38, 0
1434, 10, 0, 2, 39, 0
1434, 10, 3, 2, 40, 0
1434, 10, 3, 2, 41, 0
1434, 10, 3, 2, 42, 0
1434, 10, 3, 2, 43, 0
1434, 10, 3, 2, 44, 0
1434, 10, 3, 2, 45, 0
1434, 10, 3, 2, 46, 0
1434, 10, 3, 2, 47, 0
1434, 10, 3, 2, 48, 0
1434, 10, 3, 2, 49, 0
1434, 10, 3, 2, 50, 0
1434, 10, 3, 2, 51, 0
1434, 10, 3, 2, 52, 0
1434, 10, 3, 2, 53, 0
1434, 10, 3, 2, 54, 0
1434, 10, 3, 2, 55, 0
1434, 10, 3, 2, 56, 0
1434, 10, 3, 2, 57, 0
1434, 10, 3, 2, 58, 0
1434, 10, 3, 2, 59, 0
1434, 10, 3, 2, 60, 0
1434, 10, 3, 2, 61, 0
1434, 10, 3, 2, 62, 0
1434, 10, 3, 2, 63, 0
1434, 10, 3, 3, 0, 0
1434, 10, 3, 3, 1, 0
1434, 10, 3, 3, 2, 0
1434, 10, 3, 3, 3, 0
1434, 10, 3, 3, 4, 0
1434, 10, 3, 3, 5, 0
1434, 10, 3, 3, 6, 0
1434, 10, 3, 3, 7, 0
1434, 10, 3, 3, 8, 0
1434, 10, 3, 3, 9, 0
1434, 10, 3, 3, 10, 0
1434, 10, 3, 3, 11, 0
1434, 10, 3, 3, 12, 0
1434, 10, 3, 3, 13, 0
1434, 10, 3, 3, 14, 0
1434, 10, 3, 3, 15, 0
1434, 10, 3, 3, 16, 0
1434, 10, 3, 3, 17, 0
1434, 10, 3, 3, 18, 0
1434, 10, 3, 3, 19, 0
1434, 10, 3, 3, 20, 0
1434, 10, 0, 3, 21, 0
1434, 10, 0, 3, 22, 0
1434, 10, 0, 3, 23, 0
1434, 10, 0, 3, 24, 0
1434, 10, 0, 3, 25, 0
1434, 10, 0, 3, 26, 0
1434, 10, 0, 3, 27, 0
1434, 10, 0, 3, 35, 0
1434, 10, 0, 3, 36, 0
1434, 10, 0, 3, 37, 0
1434, 10, 0, 3, 38, 0
1434, 10, 0, 3, 39, 0
1434, 10, 0, 3, 40, 0
1434, 10, 0, 3, 41, 0
1434, 10, 3, 3, 42, 0
1434, 10, 3, 3, 43, 0
1434, 10, 3, 3, 44, 0
1434, 10, 3, 3, 45, 0
1434, 10, 3, 3, 46, 0
1434, 10, 3, 3, 47, 0
1434, 10, 3, 3, 48, 0
1434, 10, 3, 3, 49, 0
1434, 10, 3, 3, 50, 0
1434, 10, 3, 3, 51, 0
1434, 10, 3, 3, 52, 0
1434, 10, 3, 3, 53, 0
1434, 10, 3, 3, 54, 0
1434, 10, 3, 3, 55, 0
1434, 10, 3, 3, 56, 0
1434, 10, 3, 3, 57, 0
1434, 10, 3, 3, 58, 0
1434, 10, 3, 3, 59, 0
1434, 10, 3, 3, 60, 0
1434, 10, 3, 3, 61, 0
1434, 10, 3, 3, 62, 0
1434, 10, 3, 3, 63, 0
1434, 10, 3, 4, 0, 0
1434, 10, 3, 4, 1, 0
1434, 10, 3, 4, 2, 0
1434, 10, 3, 4, 3, 0
1434, 10, 0, 4, 4, 0
1434, 10, 0, 4, 5, 0
1434, 10, 0, 4, 6, 0
1434, 10, 0, 4, 7, 0
1434, 10, 0, 4, 8, 0
1434, 10, 0, 4, 9, 0
1434, 10, 0, 4, 10, 0
1434, 10, 0, 4, 11, 0
1434, 10, 0, 4, 12, 0
1434, 10, 0, 4, 13, 0
1434, 10, 0, 4, 14, 0
1434, 10, 3, 4, 15, 0
1434, 10, 3, 4, 16, 0
1434, 10, 3, 4, 17, 0
1434, 10, 3, 4, 18, 0
1434, 10, 0, 4, 19, 0
1434, 10, 0, 4, 20, 0
1434, 10, 0, 4, 21, 0
1434, 10, 0, 4, 22, 0
1434, 10, 0, 4, 23, 0
1434, 10, 0, 4, 24, 0
1434, 10, 0, 4, 25, 0
1434, 10, 0, 4, 26, 0
1434, 10, 0, 4, 36, 0
1434, 10, 0, 4, 37, 0
1434, 10, 0, 4, 38, 0
1434, 10, 0, 4, 39, 0
1434, 10, 0, 4, 40, 0
1434, 10, 0, 4, 41, 0
1434, 10, 0, 4, 42, 0
1434, 10, 3, 4, 43, 0
1434, 10, 3, 4, 44, 0
1434, 10, 3, 4, 45, 0
1434, 10, 3, 4, 46, 0
1434, 10, 3, 4, 47, 0
1434, 10, 3, 4, 48, 0
1434, 10, 3, 4, 49, 0
1434, 10, 3, 4, 50, 0
1434, 10, 3, 4, 51, 0
1434, 10, 3, 4, 52, 0
1434, 10, 3, 4, 53, 0
1434, 10, 3, 4, 54, 0
1434, 10, 3, 4, 55, 0
1434, 10, 3, 4, 56, 0
1434, 10, 3, 4, 57, 0
1434, 10, 3, 4, 58, 0
1434, 10, 3, 4, 59, 0
1434, 10, 3, 4, 60, 0
1434, 10, 3, 4, 61, 0
1434, 10, 3, 4, 62, 0
1434, 10, 3, 4, 63, 0
1434, 10, 3, 5, 0, 0
1434, 10, 3, 5, 1, 0
1434, 10, 0, 5, 2, 0
1434, 10, 0, 5, 3, 0
1434, 10, 0, 5, 4, 0
1434, 10, 0, 5, 5, 0
1434, 10, 0, 5, 6, 0
1434, 10, 0, 5, 7, 0
1434, 10, 0, 5, 8, 0
1434, 10, 0, 5, 9, 0
1434, 10, 0, 5, 10, 0
1434, 10, 0, 5, 11, 0
1434, 10, 0, 5, 12, 0
1434, 10, 0, 5, 13, 0
1434, 10, 0, 5, 14, 0
1434, 10, 0, 5, 15, 0
1434, 10, 0, 5, 16, 0
1434, 10, 0, 5, 17, 0
1434, 10, 0, 5, 18, 0
1434, 10, 0, 5, 19, 0
1434, 10, 0, 5, 20, 0
1434, 10, 0, 5, 21, 0
1434, 10, 0, 5, 22, 0
1434, 10, 0, 5, 23, 0
1434, 10, 0, 5, 24, 0
1434, 10, 0, 5, 25, 0
1434, 10, 0, 5, 37, 0
1434, 10, 0, 5, 38, 0
1434, 10, 0, 5, 39, 0
1434, 10, 0, 5, 40, 0
1434, 10, 0, 5, 41, 0
1434, 10, 0, 5, 42, 0
1434, 10, 0, 5, 43, 0
1434, 10, 0, 5, 44, 0
1434, 10, 3, 5, 45, 0
1434, 10, 3, 5, 46, 0
1434, 10, 3, 5, 47, 0
1434, 10, 3, 5, 48, 0
1434, 10, 3, 5, 49, 0
1434, 10, 3, 5, 50, 0
1434, 10, 3, 5, 51, 0
1434, 10, 3, 5, 52, 0
1434, 10, 3, 5, 53, 0
1434, 10, 3, 5, 54, 0
1434, 10, 3, 5, 55, 0
1434, 10, 3, 5, 56, 0
1434, 10, 3, 5, 57, 0
1434, 10, 3, 5, 58, 0
1434, 10, 3, 5, 59, 0
1434, 10, 3, 5, 60, 0
1434, 10, 3, 5, 61, 0
1434, 10, 3, 5, 62, 0
1434, 10, 3, 5, 63, 0
1434, 10, 0, 6, 0, 0
1434, 10, 0, 6, 1, 0
1434, 10, 0, 6, 2, 0
1434, 10, 0, 6, 3, 0
1434, 10, 0, 6, 4, 0
1434, 10, 0, 6, 5, 0
1434, 10, 0, 6, 6, 0
1434, 10, 0, 6, 7, 0
1434, 10, 0, 6, 8, 0
1434, 10, 0, 6, 9, 0
1434, 10, 0, 6, 10, 0
1434, 10, 0, 6, 11, 0
1434, 10, 0, 6, 12, 0
1434, 10, 0, 6, 13, 0
1434, 10, 0, 6, 14, 0
1434, 10, 0, 6, 15, 0
1434, 10, 0, 6, 16, 0
1434, 10, 0, 6, 17, 0
1434, 10, 0, 6, 18, 0
1434, 10, 0, 6, 19, 0
1434, 10, 0, 6, 20, 0
1434, 10, 0, 6, 21, 0
1434, 10, 0, 6, 22, 0
1434, 10, 0, 6, 23, 0
1434, 10, 0, 6, 24, 0
1434, 10, 0, 6, 38, 0
1434, 10, 0, 6, 39, 0
1434, 10, 0, 6, 40, 0
1434, 10, 0, 6, 41, 0
1434, 10, 0, 6, 42, 0
1434, 10, 0, 6, 43, 0
1434, 10, 0, 6, 44, 0
1434, 10, 0, 6, 45, 0
1434, 10, 3, 6, 46, 0
1434, 10, 3, 6, 47, 0
1434, 10, 3, 6, 48, 0
1434, 10, 3, 6, 49, 0
1434, 10, 3, 6, 50, 0
1434, 10, 3, 6, 51, 0
1434, 10, 3, 6, 52, 0
1434, 10, 3, 6, 53, 0
1434, 10, 3, 6, 54, 0
1434, 10, 3, 6, 55, 0
1434, 10, 3, 6, 56, 0
1434, 10, 3, 6, 57, 0
1434, 10, 3, 6, 58, 0
1434, 10, 3, 6, 59, 0
1434, 10, 3, 6, 60, 0
1434, 10, 3, 6, 61, 0
1434, 10, 3, 6, 62, 0
1434, 10, 3, 6, 63, 0
1434, 10, 0, 7, 0, 0
1434, 10, 0, 7, 1, 0
1434, 10, 0, 7, 2, 0
1434, 10, 0, 7, 3, 0
1434, 10, 0, 7, 4, 0
1434, 10, 0, 7, 5, 0
1434, 10, 0, 7, 6, 0
1434, 10, 0, 7, 7, 0
1434, 10, 0, 7, 8, 0
1434, 10, 0, 7, 9, 0
1434, 10, 0, 7, 10, 0
1434, 10, 0, 7, 11, 0
1434, 10, 0, 7, 12, 0
1434, 10, 0, 7, 13, 0
1434, 10, 0, 7, 14, 0
1434, 10, 0, 7, 15, 0
1434, 10, 0, 7, 16, 0
1434, 10, 0, 7, 17, 0
1434, 10, 0, 7, 18, 0
1434, 10, 0, 7, 19, 0
1434, 10, 0, 7, 20, 0
1434, 10, 0, 7, 21, 0
1434, 10, 0, 7, 22, 0
1434, 10, 0, 7, 23, 0
1434, 10, 0, 7, 24, 0
1434, 10, 0, 7, 38, 0
1434, 10, 0, 7, 39, 0
1434, 10, 0, 7, 40, 0
1434, 10, 0, 7, 41, 0
1434, 10, 0, 7, 42, 0
1434, 10, 0, 7, 43, 0
1434, 10, 0, 7, 44, 0
1434, 10, 0, 7, 45, 0
1434, 10, 0, 7, 46, 0
1434, 10, 3, 7, 47, 0
1434, 10, 3, 7, 48, 0
1434, 10, 3, 7, 49, 0
1434, 10, 3, 7, 50, 0
1434, 10, 3, 7, 51, 0
1434, 10, 3, 7, 52, 0
1434, 10, 3, 7, 53, 0
1434, 10, 3, 7, 54, 0
1434, 10, 3, 7, 55, 0
1434, 10, 3, 7, 56, 0
1434, 10, 3, 7, 57, 0
1434, 10, 3, 7, 58, 0
1434, 10, 3, 7, 59, 0
1434, 10, 3, 7, 60, 0
1434, 10, 3, 7, 61, 0
1434, 10, 3, 7, 62, 0
1434, 10, 3, 7, 63, 0
1434, 10, 0, 8, 0, 0
1434, 10, 0, 8, 1, 0
1434, 10, 0, 8, 2, 0
1434, 10, 0, 8, 3, 0
1434, 10, 0, 8, 4, 0
1434, 10, 0, 8, 5, 0
1434, 10, 0, 8, 6, 0
1434, 10, 0, 8, 7, 0
1434, 10, 0, 8, 13, 0
1434, 10, 0, 8, 14, 0
1434, 10, 0, 8, 15, 0
1434, 10, 0, 8, 16, 0
1434, 10, 0, 8, 17, 0
1434, 10, 0, 8, 18, 0
1434, 10, 0, 8, 19, 0
1434, 10, 0, 8, 20, 0
1434, 10, 0, 8, 21, 0
1434, 10, 0, 8, 22, 0
1434, 10, 0, 8, 23, 0
1434, 10, 0, 8, 24, 0
1434, 10, 0, 8, 38, 0
1434, 10, 0, 8, 39, 0
1434, 10, 0, 8, 40, 0
1434, 10, 0, 8, 41, 0
1434, 10, 0, 8, 42, 0
1434, 10, 0, 8, 43, 0
1434, 10, 0, 8, 44, 0
1434, 10, 0, 8, 45, 0
1434, 10, 0, 8, 46, 0
1434, 10, 0, 8, 47, 0
1434, 10, 3, 8, 48, 0
1434, 10, 3, 8, 49, 0
1434, 10, 3, 8, 50, 0
1434, 10, 3, 8, 51, 0
1434, 10, 3, 8, 52, 0
1434, 10, 3, 8, 53, 0
1434, 10, 3, 8, 54, 0
1434, 10, 3, 8, 55, 0
1434, 10, 3, 8, 56, 0
1434, 10, 3, 8, 57, 0
1434, 10, 3, 8, 58, 0
1434, 10, 3, 8, 59, 0
1434, 10, 3, 8, 60, 0
1434, 10, 3, 8, 61, 0
1434, 10, 3, 8, 62, 0
1434, 10, 3, 8, 63, 0
1434, 10, 0, 9, 0, 0
1434, 10, 0, 9, 1, 0
1434, 10, 0, 9, 2, 0
1434, 10, 0, 9, 3, 0
1434, 10, 0, 9, 4, 0
1434, 10, 0, 9, 5, 0
1434, 10, 0, 9, 6, 0
1434, 10, 0, 9, 14, 0
1434, 10, 0, 9, 15, 0
1434, 10, 0, 9, 16, 0
1434, 10, 0, 9, 17, 0
1434, 10, 0, 9, 18, 0
1434, 10, 0, 9, 19, 0
1434, 10, 0, 9, 20, 0
1434, 10, 0, 9, 21, 0
1434, 10, 0, 9, 22, 0
1434, 10, 0, 9, 23, 0
1434, 10, 0, 9, 24, 0
1434, 10, 0, 9, 38, 0
1434, 10, 0, 9, 39, 0
1434, 10, 0, 9, 40, 0
1434, 10, 0, 9, 41, 0
1434, 10, 0, 9, 42, 0
1434, 10, 0, 9, 43, 0
1434, 10, 0, 9, 44, 0
1434, 10, 0, 9, 45, 0
1434, 10, 0, 9, 46, 0
1434, 10, 0, 9, 47, 0
1434, 10, 0, 9, 48, 0
1434, 10, 0, 9, 49, 0
1434, 10, 3, 9, 50, 0
1434, 10, 3, 9, 51, 0
1434, 10, 3, 9, 52, 0
1434, 10, 3, 9, 53, 0
1434, 10, 3, 9, 54, 0
1434, 10, 3, 9, 55, 0
1434, 10, 3, 9, 56, 0
1434, 10, 3, 9, 57, 0
1434, 10, 3, 9, 58, 0
1434, 10, 3, 9, 59, 0
1434, 10, 3, 9, 60, 0
1434, 10, 3, 9, 61, 0
1434, 10, 3, 9, 62, 0
1434, 10, 3, 9, 63, 0
1434, 10, 0, 10, 0, 0
1434, 10, 0, 10, 1, 0
1434, 10, 0, 10, 2, 0
1434, 10, 0, 10, 17, 0
1434, 10, 0, 10, 18, 0
1434, 10, 0, 10, 19, 0
1434, 10, 0, 10, 20, 0
1434, 10, 0, 10, 21, 0
1434, 10, 0, 10, 22, 0
1434, 10, 0, 10, 23, 0
1434, 10, 0, 10, 24, 0
1434, 10, 0, 10, 38, 0
1434, 10, 0, 10, 39, 0
1434, 10, 0, 10, 40, 0
1434, 10, 0, 10, 41, 0
1434, 10, 0, 10, 42, 0
1434, 10, 0, 10, 43, 0
1434, 10, 0, 10, 44, 0
1434, 10, 0, 10, 45, 0
1434, 10, 0, 10, 46, 0
1434, 10, 0, 10, 47, 0
1434, 10, 0, 10, 48, 0
1434, 10, 0, 10, 49, 0
1434, 10, 0, 10, 50, 0
1434, 10, 3, 10, 51, 0
1434, 10, 3, 10, 52, 0
1434, 10, 3, 10, 53, 0
1434, 10, 3, 10, 54, 0
1434, 10, 3, 10, 55, 0
1434, 10, 3, 10, 56, 0
1434, 10, 3, 10, 57, 0
1434, 10, 3, 10, 58, 0
1434, 10, 3, 10, 59, 0
1434, 10, 3, 10, 60, 0
1434, 10, 3, 10, 61, 0
1434, 10, 3, 10, 62, 0
1434, 10, 3, 10, 63, 0
1434, 10, 0, 11, 0, 0
1434, 10, 0, 11, 1, 0
1434, 10, 0, 11, 18, 0
1434, 10, 0, 11, 19, 0
1434, 10, 0, 11, 20, 0
1434, 10, 0, 11, 21, 0
1434, 10, 0, 11, 22, 0
1434, 10, 0, 11, 23, 0
1434, 10, 0, 11, 24, 0
1434, 10, 0, 11, 37, 0
1434, 10, 0, 11, 38, 0
1434, 10, 0, 11, 46, 0
1434, 10, 0, 11, 47, 0
1434, 10, 0, 11, 48, 0
1434, 10, 0, 11, 49, 0
1434, 10, 0, 11, 50, 0
1434, 10, 0, 11, 51, 0
1434, 10, 3, 11, 52, 0
1434, 10, 3, 11, 53, 0
1434, 10, 3, 11, 54, 0
1434, 10, 3, 11, 55, 0
1434, 10, 3, 11, 56, 0
1434, 10, 3, 11, 57, 0
1434, 10, 3, 11, 58, 0
1434, 10, 3, 11, 59, 0
1434, 10, 3, 11, 60, 0
1434, 10, 3, 11, 61, 0
1434, 10, 3, 11, 62, 0
1434, 10, 3, 11, 63, 0
1434, 10, 0, 12, 0, 0
1434, 10, 0, 12, 19, 0
1434, 10, 0, 12, 20, 0
1434, 10, 0, 12, 21, 0
1434, 10, 0, 12, 22, 0
1434, 10, 0, 12, 23, 0
1434, 10, 0, 12, 24, 0
1434, 10, 0, 12, 36, 0
1434, 10, 0, 12, 37, 0
1434, 10, 0, 12, 47, 0
1434, 10, 0, 12, 48, 0
1434, 10, 0, 12, 49, 0
1434, 10, 0, 12, 50, 0
1434, 10, 0, 12, 51, 0
1434, 10, 3, 12, 52, 0
1434, 10, 3, 12, 53, 0
1434, 10, 3, 12, 54, 0
1434, 10, 3, 12, 55, 0
1434, 10, 3, 12, 56, 0
1434, 10, 3, 12, 57, 0
1434, 10, 3, 12, 58, 0
1434, 10, 3, 12, 59, 0
1434, 10, 3, 12, 60, 0
1434, 10, 3, 12, 61, 0
1434, 10, 3, 12, 62, 0
1434, 10, 3, 12, 63, 0
1434, 10, 0, 13, 19, 0
1434, 10, 0, 13, 20, 0
1434, 10, 0, 13, 21, 0
1434, 10, 0, 13, 22, 0
1434, 10, 0, 13, 23, 0
1434, 10, 0, 13, 24, 0
1434, 10, 0, 13, 25, 0
1434, 10, 0, 13, 32, 0
1434, 10, 0, 13, 33, 0
1434, 10, 0, 13, 34, 0
1434, 10, 0, 13, 35, 0
1434, 10, 0, 13, 36, 0
1434, 10, 0, 13, 48, 0
1434, 10, 0, 13, 49, 0
1434, 10, 0, 13, 50, 0
1434, 10, 0, 13, 51, 0
1434, 10, 0, 13, 52, 0
1434, 10, 3, 13, 53, 0
1434, 10, 3, 13, 54, 0
1434, 10, 3, 13, 55, 0
1434, 10, 3, 13, 56, 0
1434, 10, 3, 13, 57, 0
1434, 10, 3, 13, 58, 0
1434, 10, 3, 13, 59, 0
1434, 10, 3, 13, 60, 0
1434, 10, 3, 13, 61, 0
1434, 10, 3, 13, 62, 0
1434, 10, 3, 13, 63, 0
1434, 10, 0, 14, 19, 0
1434, 10, 0, 14, 20, 0
1434, 10, 0, 14, 25, 0
1434, 10, 0, 14, 26, 0
1434, 10, 0, 14, 27, 0
1434, 10, 0, 14, 32, 0
1434, 10, 0, 14, 33, 0
1434, 10, 0, 14, 34, 0
1434, 10, 0, 14, 35, 0
1434, 10, 0, 14, 36, 0
1434, 10, 0, 14, 48, 0
1434, 10, 0, 14, 49, 0
1434, 10, 0, 14, 50, 0
1434, 10, 0, 14, 51, 0
1434, 10, 0, 14, 52, 0
1434, 10, 3, 14, 53, 0
1434, 10, 3, 14, 54, 0
1434, 10, 3, 14, 55, 0
1434, 10, 3, 14, 56, 0
1434, 10, 3, 14, 57, 0
1434, 10, 3, 14, 58, 0
1434, 10, 3, 14, 59, 0
1434, 10, 3, 14, 60, 0
1434, 10, 3, 14, 61, 0
1434, 10, 3, 14, 62, 0
1434, 10, 3, 14, 63, 0
1434, 10, 0, 15, 19, 0
1434, 10, 0, 15, 26, 0
1434, 10, 0, 15, 27, 0
1434, 10, 0, 15, 33, 0
1434, 10, 0, 15, 34, 0
1434, 10, 0, 15, 35, 0
1434, 10, 0, 15, 36, 0
1434, 10, 0, 15, 48, 0
1434, 10, 0, 15, 49, 0
1434, 10, 0, 15, 50, 0
1434, 10, 0, 15, 51, 0
1434, 10, 0, 15, 52, 0
1434, 10, 0, 15, 53, 0
1434, 10, 3, 15, 54, 0
1434, 10, 3, 15, 55, 0
1434, 10, 3, 15, 56, 0
1434, 10, 3, 15, 57, 0
1434, 10, 3, 15, 58, 0
1434, 10, 3, 15, 59, 0
1434, 10, 3, 15, 60, 0
1434, 10, 3, 15, 61, 0
1434, 10, 3, 15, 62, 0
1434, 10, 3, 15, 63, 0
1434, 10, 0, 16, 19, 0
1434, 10, 0, 16, 36, 0
1434, 10, 0, 16, 48, 0
1434, 10, 0, 16, 49, 0
1434, 10, 0, 16, 50, 0
1434, 10, 0, 16, 51, 0
1434, 10, 0, 16, 52, 0
1434, 10, 0, 16, 53, 0
1434, 10, 0, 16, 54, 0
1434, 10, 0, 16, 55, 0
1434, 10, 3, 16, 56, 0
1434, 10, 3, 16, 57, 0
1434, 10, 3, 16, 58, 0
1434, 10, 3, 16, 59, 0
1434, 10, 3, 16, 60, 0
1434, 10, 3, 16, 61, 0
1434, 10, 3, 16, 62, 0
1434, 10, 3, 16, 63, 0
1434, 10, 0, 17, 19, 0
1434, 10, 0, 17, 48, 0
1434, 10, 0, 17, 49, 0
1434, 10, 0, 17, 50, 0
1434, 10, 0, 17, 51, 0
1434, 10, 0, 17, 52, 0
1434, 10, 0, 17, 53, 0
1434, 10, 0, 17, 54, 0
1434, 10, 0, 17, 55, 0
1434, 10, 3, 17, 56, 0
1434, 10, 3, 17, 57, 0
1434, 10, 3, 17, 58, 0
1434, 10, 3, 17, 59, 0
1434, 10, 3, 17, 60, 0
1434, 10, 3, 17, 61, 0
1434, 10, 3, 17, 62, 0
1434, 10, 3, 17, 63, 0
1434, 10, 0, 18, 19, 0
1434, 10, 0, 18, 20, 0
1434, 10, 0, 18, 48, 0
1434, 10, 0, 18, 49, 0
1434, 10, 0, 18, 50, 0
1434, 10, 0, 18, 51, 0
1434, 10, 0, 18, 52, 0
1434, 10, 0, 18, 53, 0
1434, 10, 0, 18, 54, 0
1434, 10, 0, 18, 55, 0
1434, 10, 0, 18, 56, 0
1434, 10, 3, 18, 57, 0
1434, 10, 3, 18, 58, 0
1434, 10, 3, 18, 59, 0
1434, 10, 3, 18, 60, 0
1434, 10, 3, 18, 61, 0
1434, 10, 3, 18, 62, 0
1434, 10, 3, 18, 63, 0
1434, 10, 0, 19, 19, 0
1434, 10, 0, 19, 20, 0
1434, 10, 0, 19, 47, 0
1434, 10, 0, 19, 48, 0
1434, 10, 0, 19, 49, 0
1434, 10, 0, 19, 50, 0
1434, 10, 0, 19, 51, 0
1434, 10, 0, 19, 52, 0
1434, 10, 0, 19, 53, 0
1434, 10, 0, 19, 54, 0
1434, 10, 0, 19, 55, 0
1434, 10, 0, 19, 56, 0
1434, 10, 3, 19, 57, 0
1434, 10, 3, 19, 58, 0
1434, 10, 3, 19, 59, 0
1434, 10, 3, 19, 60, 0
1434, 10, 3, 19, 61, 0
1434, 10, 3, 19, 62, 0
1434, 10, 3, 19, 63, 0
1434, 10, 0, 20, 18, 0
1434, 10, 0, 20, 19, 0
1434, 10, 0, 20, 20, 0
1434, 10, 0, 20, 47, 0
1434, 10, 0, 20, 48, 0
1434, 10, 0, 20, 49, 0
1434, 10, 0, 20, 50, 0
1434, 10, 0, 20, 51, 0
1434, 10, 0, 20, 52, 0
1434, 10, 0, 20, 53, 0
1434, 10, 0, 20, 54, 0
1434, 10, 0, 20, 55, 0
1434, 10, 0, 20, 56, 0
1434, 10, 0, 20, 57, 0
1434, 10, 0, 20, 58, 0
1434, 10, 0, 20, 59, 0
1434, 10, 3, 20, 60, 0
1434, 10, 3, 20, 61, 0
1434, 10, 3, 20, 62, 0
1434, 10, 3, 20, 63, 0
1434, 10, 0, 21, 17, 0
1434, 10, 0, 21, 18, 0
1434, 10, 0, 21, 19, 0
1434, 10, 0, 21, 20, 0
1434, 10, 0, 21, 48, 0
1434, 10, 0, 21, 49, 0
1434, 10, 0, 21, 50, 0
1434, 10, 0, 21, 51, 0
1434, 10, 0, 21, 52, 0
1434, 10, 0, 21, 53, 0
1434, 10, 0, 21, 54, 0
1434, 10, 0, 21, 55, 0
1434, 10, 0, 21, 56, 0
1434, 10, 0, 21, 57, 0
1434, 10, 0, 21, 58, 0
1434, 10, 0, 21, 59, 0
1434, 10, 0, 21, 60, 0
1434, 10, 3, 21, 61, 0
1434, 10, 3, 21, 62, 0
1434, 10, 3, 21, 63, 0
1434, 10, 0, 22, 0, 0
1434, 10, 0, 22, 18, 0
1434, 10, 0, 22, 19, 0
1434, 10, 0, 22, 49, 0
1434, 10, 0, 22, 50, 0
1434, 10, 0, 22, 51, 0
1434, 10, 0, 22, 52, 0
1434, 10, 0, 22, 53, 0
1434, 10, 0, 22, 54, 0
1434, 10, 0, 22, 55, 0
1434, 10, 0, 22, 56, 0
1434, 10, 0, 22, 57, 0
1434, 10, 0, 22, 58, 0
1434, 10, 0, 22, 59, 0
1434, 10, 0, 22, 60, 0
1434, 10, 0, 22, 61, 0
1434, 10, 3, 22, 62, 0
1434, 10, 3, 22, 63, 0
1434, 10, 0, 23, 0, 0
1434, 10, 0, 23, 1, 0
1434, 10, 0, 23, 49, 0
1434, 10, 0, 23, 50, 0
1434, 10, 0, 23, 51, 0
1434, 10, 0, 23, 52, 0
1434, 10, 0, 23, 53, 0
1434, 10, 0, 23, 54, 0
1434, 10, 0, 23, 55, 0
1434, 10, 0, 23, 56, 0
1434, 10, 0, 23, 57, 0
1434, 10, 0, 23, 58, 0
1434, 10, 0, 23, 59, 0
1434, 10, 0, 23, 60, 0
1434, 10, 0, 23, 61, 0
1434, 10, 0, 23, 62, 0
1434, 10, 3, 23, 63, 0
1434, 10, 0, 24, 0, 0
1434, 10, 0, 24, 1, 0
1434, 10, 0, 24, 2, 0
1434, 10, 0, 24, 8, 0
1434, 10, 0, 24, 49, 0
1434, 10, 0, 24, 50, 0
1434, 10, 0, 24, 51, 0
1434, 10, 0, 24, 52, 0
1434, 10, 0, 24, 53, 0
1434, 10, 0, 24, 54, 0
1434, 10, 0, 24, 55, 0
1434, 10, 0, 24, 56, 0
1434, 10, 0, 24, 57, 0
1434, 10, 0, 24, 58, 0
1434, 10, 0, 24, 59, 0
1434, 10, 3, 24, 60, 0
1434, 10, 0, 24, 61, 0
1434, 10, 0, 24, 62, 0
1434, 10, 3, 24, 63, 0
1434, 10, 0, 25, 0, 0
1434, 10, 0, 25, 1, 0
1434, 10, 0, 25, 2, 0
1434, 10, 0, 25, 3, 0
1434, 10, 0, 25, 4, 0
1434, 10, 0, 25, 5, 0
1434, 10, 0, 25, 6, 0
1434, 10, 0, 25, 7, 0
1434, 10, 0, 25, 8, 0
1434, 10, 0, 25, 9, 0
1434, 10, 0, 25, 49, 0
1434, 10, 0, 25, 50, 0
1434, 10, 0, 25, 51, 0
1434, 10, 0, 25, 52, 0
1434, 10, 0, 25, 53, 0
1434, 10, 0, 25, 54, 0
1434, 10, 0, 25, 55, 0
1434, 10, 0, 25, 56, 0
1434, 10, 0, 25, 57, 0
1434, 10, 0, 25, 58, 0
1434, 10, 0, 25, 59, 0
1434, 10, 0, 25, 60, 0
1434, 10, 0, 25, 61, 0
1434, 10, 0, 25, 62, 0
1434, 10, 0, 25, 63, 0
1434, 10, 0, 26, 0, 0
1434, 10, 0, 26, 1, 0
1434, 10, 0, 26, 2, 0
1434, 10, 0, 26, 3, 0
1434, 10, 0, 26, 4, 0
1434, 10, 0, 26, 5, 0
1434, 10, 0, 26, 6, 0
1434, 10, 0, 26, 7, 0
1434, 10, 0, 26, 8, 0
1434, 10, 0, 26, 9, 0
1434, 10, 0, 26, 10, 0
1434, 10, 0, 26, 49, 0
1434, 10, 0, 26, 50, 0
1434, 10, 0, 26, 51, 0
1434, 10, 0, 26, 52, 0
1434, 10, 0, 26, 53, 0
1434, 10, 0, 26, 54, 0
1434, 10, 0, 26, 55, 0
1434, 10, 0, 26, 56, 0
1434, 10, 0, 26, 57, 0
1434, 10, 0, 26, 58, 0
1434, 10, 0, 26, 59, 0
1434, 10, 0, 26, 60, 0
1434, 10, 0, 26, 61, 0
1434, 10, 0, 26, 62, 0
1434, 10, 0, 26, 63, 0
1434, 10, 0, 27, 0, 0
1434, 10, 0, 27, 1, 0
1434, 10, 0, 27, 2, 0
1434, 10, 0, 27, 3, 0
1434, 10, 0, 27, 4, 0
1434, 10, 0, 27, 5, 0
1434, 10, 0, 27, 6, 0
1434, 10, 0, 27, 7, 0
1434, 10, 0, 27, 8, 0
1434, 10, 0, 27, 9, 0
1434, 10, 0, 27, 10, 0
1434, 10, 0, 27, 11, 0
1434, 10, 0, 27, 49, 0
1434, 10, 0, 27, 50, 0
1434, 10, 0, 27, 51, 0
1434, 10, 0, 27, 52, 0
1434, 10, 0, 27, 53, 0
1434, 10, 0, 27, 54, 0
1434, 10, 0, 27, 55, 0
1434, 10, 0, 27, 56, 0
1434, 10, 0, 27, 57, 0
1434, 10, 0, 27, 58, 0
1434, 10, 0, 27, 59, 0
1434, 10, 0, 27, 60, 0
1434, 10, 0, 27, 61, 0
1434, 10, 0, 27, 62, 0
1434, 10, 0, 27, 63, 0
1434, 10, 0, 28, 0, 0
1434, 10, 0, 28, 1, 0
1434, 10, 0, 28, 2, 0
1434, 10, 0, 28, 3, 0
1434, 10, 0, 28, 4, 0
1434, 10, 0, 28, 5, 0
1434, 10, 0, 28, 6, 0
1434, 10, 0, 28, 7, 0
1434, 10, 0, 28, 8, 0
1434, 10, 0, 28, 9, 0
1434, 10, 0, 28, 10, 0
1434, 10, 0, 28, 11, 0
1434, 10, 0, 28, 12, 0
1434, 10, 0, 28, 13, 0
1434, 10, 0, 28, 14, 0
1434, 10, 0, 28, 15, 0
1434, 10, 0, 28, 16, 0
1434, 10, 0, 28, 49, 0
1434, 10, 0, 28, 50, 0
1434, 10, 0, 28, 51, 0
1434, 10, 0, 28, 52, 0
1434, 10, 0, 28, 53, 0
1434, 10, 0, 28, 54, 0
1434, 10, 0, 28, 55, 0
1434, 10, 0, 28, 56, 0
1434, 10, 0, 28, 57, 0
1434, 10, 0, 28, 58, 0
1434, 10, 0, 28, 59, 0
1434, 10, 0, 28, 60, 0
1434, 10, 0, 28, 61, 0
1434, 10, 0, 28, 62, 0
1434, 10, 0, 28, 63, 0
1434, 10, 0, 29, 0, 0
1434, 10, 0, 29, 1, 0
1434, 10, 0, 29, 2, 0
1434, 10, 0, 29, 3, 0
1434, 10, 0, 29, 4, 0
1434, 10, 0, 29, 5, 0
1434, 10, 0, 29, 6, 0
1434, 10, 0, 29, 7, 0
1434, 10, 0, 29, 8, 0
1434, 10, 0, 29, 9, 0
1434, 10, 0, 29, 10, 0
1434, 10, 0, 29, 11, 0
1434, 10, 0, 29, 12, 0
1434, 10, 0, 29, 13, 0
1434, 10, 0, 29, 14, 0
1434, 10, 0, 29, 15, 0
1434, 10, 0, 29, 16, 0
1434, 10, 0, 29, 17, 0
1434, 10, 0, 29, 49, 0
1434, 10, 0, 29, 50, 0
1434, 10, 0, 29, 51, 0
1434, 10, 0, 29, 52, 0
1434, 10, 0, 29, 53, 0
1434, 10, 0, 29, 54, 0
1434, 10, 0, 29, 55, 0
1434, 10, 0, 29, 56, 0
1434, 10, 0, 29, 57, 0
1434, 10, 0, 29, 58, 0
1434, 10, 0, 29, 59, 0
1434, 10, 0, 29, 60, 0
1434, 10, 0, 29, 61, 0
1434, 10, 0, 29, 62, 0
1434, 10, 0, 29, 63, 0
1434, 10, 0, 30, 0, 0
1434, 10, 0, 30, 1, 0
1434, 10, 0, 30, 2, 0
1434, 10, 0, 30, 3, 0
1434, 10, 0, 30, 4, 0
1434, 10, 0, 30, 5, 0
1434, 10, 0, 30, 6, 0
1434, 10, 0, 30, 7, 0
1434, 10, 0, 30, 8, 0
1434, 10, 0, 30, 9, 0
1434, 10, 0, 30, 10, 0
1434, 10, 0, 30, 11, 0
1434, 10, 0, 30, 12, 0
1434, 10, 0, 30, 13, 0
1434, 10, 0, 30, 14, 0
1434, 10, 0, 30, 15, 0
1434, 10, 0, 30, 16, 0
1434, 10, 0, 30, 17, 0
1434, 10, 0, 30, 18, 0
1434, 10, 0, 30, 49, 0
1434, 10, 0, 30, 50, 0
1434, 10, 0, 30, 51, 0
1434, 10, 0, 30, 63, 0
1434, 10, 0, 31, 0, 0
1434, 10, 0, 31, 1, 0
1434, 10, 0, 31, 2, 0
1434, 10, 0, 31, 3, 0
1434, 10, 0, 31, 4, 0
1434, 10, 0, 31, 5, 0
1434, 10, 0, 31, 6, 0
1434, 10, 0, 31, 7, 0
1434, 10, 0, 31, 8, 0
1434, 10, 0, 31, 9, 0
1434, 10, 0, 31, 10, 0
1434, 10, 0, 31, 11, 0
1434, 10, 0, 31, 12, 0
1434, 10, 0, 31, 13, 0
1434, 10, 0, 31, 14, 0
1434, 10, 0, 31, 15, 0
1434, 10, 0, 31, 16, 0
1434, 10, 0, 31, 17, 0
1434, 10, 0, 31, 18, 0
1434, 10, 0, 31, 19, 0
1434, 10, 0, 31, 49, 0
1434, 10, 0, 31, 50, 0
1434, 10, 0, 31, 51, 0
1434, 10, 0, 31, 63, 0
1434, 10, 0, 32, 0, 0
1434, 10, 0, 32, 1, 0
1434, 10, 0, 32, 2, 0
1434, 10, 0, 32, 3, 0
1434, 10, 0, 32, 4, 0
1434, 10, 0, 32, 5, 0
1434, 10, 0, 32, 6, 0
1434, 10, 0, 32, 7, 0
1434, 10, 0, 32, 8, 0
1434, 10, 0, 32, 9, 0
1434, 10, 0, 32, 10, 0
1434, 10, 0, 32, 11, 0
1434, 10, 0, 32, 12, 0
1434, 10, 0, 32, 13, 0
1434, 10, 0, 32, 14, 0
1434, 10, 0, 32, 15, 0
1434, 10, 0, 32, 16, 0
1434, 10, 0, 32, 17, 0
1434, 10, 0, 32, 18, 0
1434, 10, 0, 32, 19, 0
1434, 10, 0, 32, 20, 0
1434, 10, 0, 32, 48, 0
1434, 10, 0, 32, 49, 0
1434, 10, 0, 32, 50, 0
1434, 10, 0, 32, 51, 0
1434, 10, 0, 32, 63, 0
1434, 10, 0, 33, 0, 0
1434, 10, 0, 33, 1, 0
1434, 10, 0, 33, 2, 0
1434, 10, 0, 33, 3, 0
1434, 10, 0, 33, 4, 0
1434, 10, 0, 33, 5, 0
1434, 10, 0, 33, 6, 0
1434, 10, 0, 33, 7, 0
1434, 10, 0, 33, 8, 0
1434, 10, 0, 33, 9, 0
1434, 10, 0, 33, 10, 0
1434, 10, 0, 33, 11, 0
1434, 10, 0, 33, 12, 0
1434, 10, 0, 33, 13, 0
1434, 10, 0, 33, 14, 0
1434, 10, 0, 33, 15, 0
1434, 10, 0, 33, 16, 0
1434, 10, 0, 33, 17, 0
1434, 10, 0, 33, 18, 0
1434, 10, 0, 33, 19, 0
1434, 10, 0, 33, 20, 0
1434, 10, 0, 33, 21, 0
1434, 10, 0, 33, 47, 0
1434, 10, 0, 33, 48, 0
1434, 10, 0, 33, 49, 0
1434, 10, 0, 33, 50, 0
1434, 10, 0, 33, 51, 0
1434, 10, 0, 33, 63, 0
1434, 10, 0, 34, 0, 0
1434, 10, 0, 34, 1, 0
1434, 10, 0, 34, 2, 0
1434, 10, 0, 34, 3, 0
1434, 10, 0, 34, 4, 0
1434, 10, 0, 34, 5, 0
1434, 10, 0, 34, 6, 0
1434, 10, 0, 34, 7, 0
1434, 10, 0, 34, 8, 0
1434, 10, 0, 34, 9, 0
1434, 10, 0, 34, 10, 0
1434, 10, 0, 34, 11, 0
1434, 10, 0, 34, 12, 0
1434, 10, 0, 34, 13, 0
1434, 10, 0, 34, 14, 0
1434, 10, 0, 34, 15, 0
1434, 10, 0, 34, 16, 0
1434, 10, 0, 34, 17, 0
1434, 10, 0, 34, 18, 0
1434, 10, 0, 34, 19, 0
1434, 10, 0, 34, 20, 0
1434, 10, 0, 34, 21, 0
1434, 10, 0, 34, 47, 0
1434, 10, 0, 34, 48, 0
1434, 10, 0, 34, 49, 0
1434, 10, 0, 34, 50, 0
1434, 10, 0, 34, 51, 0
1434, 10, 0, 34, 63, 0
1434, 10, 0, 35, 0, 0
1434, 10, 0, 35, 1, 0
1434, 10, 0, 35, 2, 0
1434, 10, 0, 35, 3, 0
1434, 10, 0, 35, 4, 0
1434, 10, 0, 35, 5, 0
1434, 10, 0, 35, 6, 0
1434, 10, 0, 35, 7, 0
1434, 10, 0, 35, 8, 0
1434, 10, 0, 35, 9, 0
1434, 10, 0, 35, 10, 0
1434, 10, 0, 35, 11, 0
1434, 10, 0, 35, 12, 0
1434, 10, 0, 35, 13, 0
1434, 10, 0, 35, 14, 0
1434, 10, 0, 35, 15, 0
1434, 10, 0, 35, 16, 0
1434, 10, 0, 35, 17, 0
1434, 10, 0, 35, 18, 0
1434, 10, 0, 35, 19, 0
1434, 10, 0, 35, 20, 0
1434, 10, 0, 35, 21, 0
1434, 10, 0, 35, 22, 0
1434, 10, 0, 35, 47, 0
1434, 10, 0, 35, 48, 0
1434, 10, 0, 35, 49, 0
1434, 10, 0, 35, 50, 0
1434, 10, 0, 35, 51, 0
1434, 10, 0, 35, 63, 0
1434, 10, 0, 36, 0, 0
1434, 10, 0, 36, 1, 0
1434, 10, 0, 36, 2, 0
1434, 10, 0, 36, 3, 0
1434, 10, 0, 36, 4, 0
1434, 10, 0, 36, 5, 0
1434, 10, 0, 36, 6, 0
1434, 10, 0, 36, 7, 0
1434, 10, 0, 36, 8, 0
1434, 10, 0, 36, 9, 0
1434, 10, 0, 36, 10, 0
1434, 10, 0, 36, 17, 0
1434, 10, 0, 36, 18, 0
1434, 10, 0, 36, 19, 0
1434, 10, 0, 36, 20, 0
1434, 10, 0, 36, 21, 0
1434, 10, 0, 36, 22, 0
1434, 10, 0, 36, 23, 0
1434, 10, 0, 36, 24, 0
1434, 10, 0, 36, 47, 0
1434, 10, 0, 36, 48, 0
1434, 10, 0, 36, 49, 0
1434, 10, 0, 36, 50, 0
1434, 10, 0, 36, 51, 0
1434, 10, 0, 36, 63, 0
1434, 10, 0, 37, 0, 0
1434, 10, 0, 37, 1, 0
1434, 10, 0, 37, 2, 0
1434, 10, 0, 37, 3, 0
1434, 10, 0, 37, 4, 0
1434, 10, 0, 37, 5, 0
1434, 10, 0, 37, 6, 0
1434, 10, 0, 37, 7, 0
1434, 10, 0, 37, 8, 0
1434, 10, 0, 37, 9, 0
1434, 10, 0, 37, 18, 0
1434, 10, 0, 37, 19, 0
1434, 10, 0, 37, 20, 0
1434, 10, 0, 37, 21, 0
1434, 10, 0, 37, 22, 0
1434, 10, 0, 37, 23, 0
1434, 10, 0, 37, 24, 0
1434, 10, 0, 37, 25, 0
1434, 10, 0, 37, 47, 0
1434, 10, 0, 37, 48, 0
1434, 10, 0, 37, 49, 0
1434, 10, 0, 37, 50, 0
1434, 10, 0, 37, 51, 0
1434, 10, 0, 37, 63, 0
1434, 10, 0, 38, 0, 0
1434, 10, 0, 38, 1, 0
1434, 10, 0, 38, 2, 0
1434, 10, 0, 38, 3, 0
1434, 10, 0, 38, 4, 0
1434, 10, 0, 38, 5, 0
1434, 10, 0, 38, 6, 0
1434, 10, 0, 38, 7, 0
1434, 10, 0, 38, 8, 0
1434, 10, 0, 38, 22, 0
1434, 10, 0, 38, 23, 0
1434, 10, 0, 38, 24, 0
1434, 10, 0, 38, 25, 0
1434, 10, 0, 38, 47, 0
1434, 10, 0, 38, 48, 0
1434, 10, 0, 38, 49, 0
1434, 10, 0, 38, 50, 0
1434, 10, 0, 38, 51, 0
1434, 10, 0, 38, 52, 0
1434, 10, 0, 38, 63, 0
1434, 10, 0, 39, 0, 0
1434, 10, 0, 39, 1, 0
1434, 10, 0, 39, 2, 0
1434, 10, 0, 39, 3, 0
1434, 10, 0, 39, 4, 0
1434, 10, 0, 39, 5, 0
1434, 10, 0, 39, 6, 0
1434, 10, 0, 39, 7, 0
1434, 10, 0, 39, 23, 0
1434, 10, 0, 39, 24, 0
1434, 10, 0, 39, 47, 0
1434, 10, 0, 39, 48, 0
1434, 10, 0, 39, 49, 0
1434, 10, 0, 39, 50, 0
1434, 10, 0, 39, 51, 0
1434, 10, 0, 39, 52, 0
1434, 10, 0, 39, 53, 0
1434, 10, 0, 39, 54, 0
1434, 10, 0, 39, 63, 0
1434, 10, 0, 40, 0, 0
1434, 10, 0, 40, 1, 0
1434, 10, 0, 40, 2, 0
1434, 10, 0, 40, 3, 0
1434, 10, 0, 40, 4, 0
1434, 10, 0, 40, 5, 0
1434, 10, 0, 40, 6, 0
1434, 10, 0, 40, 48, 0
1434, 10, 0, 40, 49, 0
1434, 10, 0, 40, 50, 0
1434, 10, 0, 40, 51, 0
1434, 10, 0, 40, 52, 0
1434, 10, 0, 40, 53, 0
1434, 10, 0, 40, 54, 0
1434, 10, 0, 40, 55, 0
1434, 10, 0, 40, 62, 0
1434, 10, 0, 40, 63, 0
1434, 10, 0, 41, 0, 0
1434, 10, 0, 41, 1, 0
1434, 10, 0, 41, 2, 0
1434, 10, 0, 41, 3, 0
1434, 10, 0, 41, 4, 0
1434, 10, 0, 41, 5, 0
1434, 10, 0, 41, 6, 0
1434, 10, 0, 41, 49, 0
1434, 10, 0, 41, 50, 0
1434, 10, 0, 41, 51, 0
1434, 10, 0, 41, 52, 0
1434, 10, 0, 41, 53, 0
1434, 10, 0, 41, 54, 0
1434, 10, 0, 41, 55, 0
1434, 10, 0, 41, 62, 0
1434, 10, 0, 41, 63, 0
1434, 10, 0, 42, 0, 0
1434, 10, 0, 42, 1, 0
1434, 10, 0, 42, 2, 0
1434, 10, 0, 42, 3, 0
1434, 10, 0, 42, 4, 0
1434, 10, 0, 42, 5, 0
1434, 10, 0, 42, 6, 0
1434, 10, 0, 42, 50, 0
1434, 10, 0, 42, 51, 0
1434, 10, 0, 42, 52, 0
1434, 10, 0, 42, 53, 0
1434, 10, 0, 42, 54, 0
1434, 10, 0, 42, 62, 0
1434, 10, 0, 42, 63, 0
1434, 10, 0, 43, 0, 0
1434, 10, 0, 43, 1, 0
1434, 10, 0, 43, 2, 0
1434, 10, 0, 43, 3, 0
1434, 10, 0, 43, 4, 0
1434, 10, 0, 43, 5, 0
1434, 10, 0, 43, 51, 0
1434, 10, 0, 43, 52, 0
1434, 10, 0, 43, 62, 0
1434, 10, 0, 43, 63, 0
1434, 10, 0, 44, 0, 0
1434, 10, 0, 44, 1, 0
1434, 10, 0, 44, 2, 0
1434, 10, 0, 44, 3, 0
1434, 10, 0, 44, 4, 0
1434, 10, 0, 44, 62, 0
1434, 10, 0, 44, 63, 0
1434, 10, 0, 45, 0, 0
1434, 10, 0, 45, 1, 0
1434, 10, 0, 45, 2, 0
1434, 10, 0, 45, 3, 0
1434, 10, 0, 45, 62, 0
1434, 10, 0, 45, 63, 0
1434, 10, 0, 46, 0, 0
1434, 10, 0, 46, 1, 0
1434, 10, 0, 46, 2, 0
1434, 10, 0, 46, 62, 0
1434, 10, 0, 46, 63, 0
1434, 10, 0, 47, 0, 0
1434, 10, 0, 47, 1, 0
1434, 10, 0, 47, 2, 0
1434, 10, 0, 47, 62, 0
1434, 10, 0, 47, 63, 0
1434, 10, 0, 48, 0, 0
1434, 10, 0, 48, 1, 0
1434, 10, 0, 48, 2, 0
1434, 10, 0, 48, 62, 0
1434, 10, 0, 48, 63, 0
1434, 10, 0, 49, 0, 0
1434, 10, 0, 49, 1, 0
1434, 10, 0, 49, 2, 0
1434, 10, 0, 49, 62, 0
1434, 10, 0, 49, 63, 0
1434, 10, 0, 50, 62, 0
1434, 10, 0, 50, 63, 0
1434, 10, 0, 51, 62, 0
1434, 10, 0, 51, 63, 0
1434, 10, 0, 52, 61, 0
1434, 10, 0, 52, 62, 0
1434, 10, 0, 52, 63, 0
1434, 10, 0, 53, 60, 0
1434, 10, 0, 53, 61, 0
1434, 10, 0, 53, 62, 0
1434, 10, 0, 53, 63, 0
1434, 10, 0, 54, 0, 0
1434, 10, 0, 54, 1, 0
1434, 10, 0, 54, 2, 0
1434, 10, 0, 54, 59, 0
1434, 10, 0, 54, 60, 0
1434, 10, 0, 54, 61, 0
1434, 10, 0, 54, 62, 0
1434, 10, 0, 54, 63, 0
1434, 10, 0, 55, 0, 0
1434, 10, 0, 55, 1, 0
1434, 10, 0, 55, 2, 0
1434, 10, 0, 55, 3, 0
1434, 10, 0, 55, 58, 0
1434, 10, 0, 55, 59, 0
1434, 10, 0, 55, 60, 0
1434, 10, 0, 55, 61, 0
1434, 10, 0, 55, 62, 0
1434, 10, 0, 55, 63, 0
1434, 10, 0, 56, 0, 0
1434, 10, 0, 56, 1, 0
1434, 10, 0, 56, 2, 0
1434, 10, 0, 56, 3, 0
1434, 10, 0, 56, 4, 0
1434, 10, 0, 56, 57, 0
1434, 10, 0, 56, 58, 0
1434, 10, 0, 56, 59, 0
1434, 10, 0, 56, 60, 0
1434, 10, 0, 56, 61, 0
1434, 10, 0, 56, 62, 0
1434, 10, 0, 56, 63, 0
1434, 10, 0, 57, 0, 0
1434, 10, 0, 57, 1, 0
1434, 10, 0, 57, 2, 0
1434, 10, 0, 57, 3, 0
1434, 10, 0, 57, 4, 0
1434, 10, 0, 57, 5, 0
1434, 10, 0, 57, 56, 0
1434, 10, 0, 57, 57, 0
1434, 10, 0, 57, 58, 0
1434, 10, 0, 57, 59, 0
1434, 10, 0, 57, 60, 0
1434, 10, 0, 57, 61, 0
1434, 10, 0, 57, 62, 0
1434, 10, 0, 57, 63, 0
1434, 10, 0, 58, 0, 0
1434, 10, 0, 58, 1, 0
1434, 10, 0, 58, 2, 0
1434, 10, 0, 58, 3, 0
1434, 10, 0, 58, 4, 0
1434, 10, 0, 58, 5, 0
1434, 10, 0, 58, 6, 0
1434, 10, 0, 58, 56, 0
1434, 10, 0, 58, 57, 0
1434, 10, 0, 58, 58, 0
1434, 10, 0, 58, 59, 0
1434, 10, 0, 58, 60, 0
1434, 10, 0, 58, 61, 0
1434, 10, 0, 58, 62, 0
1434, 10, 0, 58, 63, 0
1434, 10, 0, 59, 0, 0
1434, 10, 0, 59, 1, 0
1434, 10, 0, 59, 2, 0
1434, 10, 0, 59, 3, 0
1434, 10, 0, 59, 4, 0
1434, 10, 0, 59, 5, 0
1434, 10, 0, 59, 6, 0
1434, 10, 0, 59, 7, 0
1434, 10, 0, 59, 56, 0
1434, 10, 0, 59, 57, 0
1434, 10, 0, 59, 58, 0
1434, 10, 0, 59, 59, 0
1434, 10, 0, 59, 60, 0
1434, 10, 0, 59, 61, 0
1434, 10, 0, 59, 62, 0
1434, 10, 0, 59, 63, 0
1434, 10, 0, 60, 0, 0
1434, 10, 0, 60, 1, 0
1434, 10, 0, 60, 2, 0
1434, 10, 0, 60, 3, 0
1434, 10, 0, 60, 4, 0
1434, 10, 0, 60, 5, 0
1434, 10, 0, 60, 6, 0
1434, 10, 0, 60, 7, 0
1434, 10, 0, 60, 8, 0
1434, 10, 0, 60, 56, 0
1434, 10, 0, 60, 57, 0
1434, 10, 0, 60, 58, 0
1434, 10, 0, 60, 59, 0
1434, 10, 0, 60, 60, 0
1434, 10, 0, 60, 61, 0
1434, 10, 0, 60, 62, 0
1434, 10, 0, 60, 63, 0
1434, 10, 0, 61, 0, 0
1434, 10, 0, 61, 1, 0
1434, 10, 0, 61, 2, 0
1434, 10, 0, 61, 3, 0
1434, 10, 0, 61, 4, 0
1434, 10, 0, 61, 5, 0
1434, 10, 0, 61, 6, 0
1434, 10, 0, 61, 7, 0
1434, 10, 0, 61, 8, 0
1434, 10, 0, 61, 9, 0
1434, 10, 0, 61, 10, 0
1434, 10, 0, 61, 55, 0
1434, 10, 0, 61, 56, 0
1434, 10, 0, 61, 57, 0
1434, 10, 0, 61, 58, 0
1434, 10, 0, 61, 59, 0
1434, 10, 0, 61, 60, 0
1434, 10, 0, 61, 61, 0
1434, 10, 0, 61, 62, 0
1434, 10, 0, 61, 63, 0
1434, 10, 0, 62, 0, 0
1434, 10, 0, 62, 1, 0
1434, 10, 0, 62, 2, 0
1434, 10, 0, 62, 3, 0
1434, 10, 0, 62, 4, 0
1434, 10, 0, 62, 5, 0
1434, 10, 0, 62, 6, 0
1434, 10, 0, 62, 7, 0
1434, 10, 0, 62, 8, 0
1434, 10, 0, 62, 9, 0
1434, 10, 0, 62, 10, 0
1434, 10, 0, 62, 11, 0
1434, 10, 0, 62, 54, 0
1434, 10, 0, 62, 55, 0
1434, 10, 0, 62, 56, 0
1434, 10, 0, 62, 57, 0
1434, 10, 0, 62, 58, 0
1434, 10, 0, 62, 59, 0
1434, 10, 0, 62, 60, 0
1434, 10, 0, 62, 61, 0
1434, 10, 0, 62, 62, 0
1434, 10, 0, 62, 63, 0
1434, 10, 0, 63, 0, 0
1434, 10, 0, 63, 1, 0
1434, 10, 0, 63, 2, 0
1434, 10, 0, 63, 3, 0
1434, 10, 0, 63, 4, 0
1434, 10, 0, 63, 5, 0
1434, 10, 0, 63, 6, 0
1434, 10, 0, 63, 7, 0
1434, 10, 0, 63, 8, 0
1434, 10, 0, 63, 9, 0
1434, 10, 0, 63, 10, 0
1434, 10, 0, 63, 11, 0
1434, 10, 0, 63, 12, 0
1434, 10, 0, 63, 53, 0
1434, 10, 0, 63, 54, 0
1434, 10, 0, 63, 55, 0
1434, 10, 0, 63, 56, 0
1434, 10, 0, 63, 57, 0
1434, 10, 0, 63, 58, 0
1434, 10, 0, 63, 59, 0
1434, 10, 0, 63, 60, 0
1434, 10, 0, 63, 61, 0
1434, 10, 0, 63, 62, 0
1434, 10, 0, 63, 63, 0
1435, 10, 2, 3, 27, 1
1435, 10, 3, 3, 35, 1
1435, 10, 2, 4, 26, 1
1435, 10, 3, 4, 36, 1
1435, 10, 2, 5, 25, 1
1435, 10, 3, 5, 37, 1
1435, 10, 2, 8, 7, 1
1435, 10, 3, 8, 13, 1
1435, 10, 2, 9, 6, 1
1435, 10, 3, 9, 14, 1
1435, 10, 3, 9, 38, 1
1435, 10, 2, 10, 2, 1
1435, 10, 3, 10, 17, 1
1435, 10, 3, 10, 39, 1
1435, 10, 2, 11, 1, 1
1435, 10, 3, 11, 18, 1
1435, 10, 3, 11, 46, 1
1435, 10, 2, 12, 0, 1
1435, 10, 3, 12, 47, 1
1435, 10, 2, 13, 24, 1
1435, 10, 3, 14, 19, 1
1435, 10, 2, 14, 20, 1
1435, 10, 3, 21, 48, 1
1435, 10, 1, 22, 0, 1
1435, 10, 1, 23, 1, 1
1435, 10, 1, 24, 2, 1
1435, 10, 1, 25, 9, 1
1435, 10, 1, 26, 10, 1
1435, 10, 1, 27, 11, 1
1435, 10, 1, 28, 16, 1
1435, 10, 1, 29, 17, 1
1435, 10, 1, 30, 18, 1
1435, 10, 1, 31, 19, 1
1435, 10, 1, 32, 20, 1
1435, 10, 0, 32, 48, 1
1435, 10, 1, 33, 21, 1
1435, 10, 0, 33, 47, 1
1435, 10, 1, 35, 22, 1
1435, 10, 2, 36, 10, 1
1435, 10, 3, 36, 17, 1
1435, 10, 1, 36, 24, 1
1435, 10, 2, 37, 9, 1
1435, 10, 3, 37, 18, 1
1435, 10, 2, 38, 8, 1
1435, 10, 3, 38, 22, 1
1435, 10, 2, 38, 24, 1
1435, 10, 2, 39, 7, 1
1435, 10, 3, 39, 47, 1
1435, 10, 3, 40, 48, 1
1435, 10, 0, 40, 62, 1
1435, 10, 3, 41, 49, 1
1435, 10, 2, 42, 6, 1
1435, 10, 3, 42, 50, 1
1435, 10, 2, 42, 54, 1
1435, 10, 2, 43, 5, 1
1435, 10, 2, 44, 4, 1
1435, 10, 2, 45, 3, 1
1435, 10, 0, 52, 61, 1
1435, 10, 0, 53, 60, 1
1435, 10, 0, 54, 59, 1
1435, 10, 1, 55, 3, 1
1435, 10, 0, 55, 58, 1
1435, 10, 1, 56, 4, 1
1435, 10, 0, 56, 57, 1
1435, 10, 1, 57, 5, 1
1435, 10, 0, 57, 56, 1
1435, 10, 1, 58, 6, 1
1435, 10, 1, 59, 7, 1
1435, 10, 1, 60, 8, 1
1435, 10, 1, 61, 10, 1
1435, 10, 0, 61, 55, 1
1435, 10, 1, 62, 11, 1
1435, 10, 0, 62, 54, 1
1435, 10, 1, 63, 12, 1
1435, 10, 0, 63, 53, 1
1452, 4, 2, 11, 33, 0
1452, 4, 1, 13, 30, 0
1452, 4, 1, 17, 17, 0
1452, 7, 3, 19, 17, 0
1452, 4, 1, 19, 45, 0
1452, 4, 2, 23, 5, 0
1452, 4, 2, 26, 14, 0
1452, 4, 1, 34, 61, 0
1452, 4, 1, 35, 45, 0
1452, 4, 1, 38, 45, 0
1452, 4, 1, 42, 60, 0
1452, 4, 1, 48, 60, 0
1452, 7, 3, 53, 58, 0
1452, 7, 3, 55, 56, 0
1452, 7, 3, 61, 53, 0
1452, 4, 2, 62, 14, 0
1454, 4, 2, 12, 27, 0
1454, 4, 1, 14, 17, 0
1454, 4, 1, 16, 17, 0
1454, 7, 3, 20, 16, 0
1454, 4, 2, 22, 8, 0
1454, 4, 2, 23, 4, 0
1454, 7, 3, 23, 7, 0
1454, 7, 0, 25, 11, 0
1454, 4, 2, 26, 15, 0
1454, 4, 1, 28, 47, 0
1454, 4, 1, 34, 45, 0
1454, 4, 1, 46, 60, 0
1454, 4, 1, 57, 54, 0
1455, 4, 1, 12, 30, 0
1455, 4, 1, 15, 17, 0
1455, 4, 1, 24, 47, 0
1455, 4, 1, 29, 47, 0
1455, 4, 1, 37, 45, 0
1455, 4, 1, 43, 60, 0
1455, 4, 1, 45, 60, 0
1458, 4, 1, 8, 36, 0
1458, 4, 1, 15, 46, 0
1557, 0, 0, 15, 29, 0
1558, 0, 0, 15, 30, 0
1559, 10, 0, 15, 29, 1
1602, 9, 3, 33, 39, 0
1602, 0, 0, 33, 40, 0
1602, 0, 0, 33, 41, 0
1602, 0, 0, 33, 42, 0
1602, 0, 0, 33, 43, 0
1602, 9, 0, 33, 44, 0
1602, 0, 3, 34, 39, 0
1602, 0, 1, 34, 44, 0
1602, 0, 3, 35, 39, 0
1602, 0, 1, 35, 44, 0
1602, 0, 1, 36, 44, 0
1602, 0, 3, 37, 39, 0
1602, 0, 1, 37, 44, 0
1602, 9, 2, 38, 39, 0
1602, 0, 2, 38, 40, 0
1602, 0, 2, 38, 41, 0
1602, 0, 2, 38, 42, 0
1602, 0, 2, 38, 43, 0
1602, 9, 1, 38, 44, 0
1602, 9, 3, 34, 40, 1
1602, 0, 0, 34, 41, 1
1602, 0, 0, 34, 42, 1
1602, 9, 0, 34, 43, 1
1602, 0, 3, 35, 40, 1
1602, 0, 1, 35, 43, 1
1602, 0, 3, 36, 40, 1
1602, 0, 1, 36, 43, 1
1602, 9, 2, 37, 40, 1
1602, 0, 2, 37, 41, 1
1602, 0, 2, 37, 42, 1
1602, 9, 1, 37, 43, 1
1604, 13, 1, 34, 40, 2
1604, 12, 2, 34, 41, 2
1604, 12, 2, 34, 42, 2
1604, 13, 2, 34, 43, 2
1604, 12, 1, 35, 40, 2
1604, 17, 0, 35, 41, 2
1604, 17, 0, 35, 42, 2
1604, 12, 3, 35, 43, 2
1604, 12, 1, 36, 40, 2
1604, 17, 0, 36, 41, 2
1604, 17, 0, 36, 42, 2
1604, 12, 3, 36, 43, 2
1604, 13, 0, 37, 40, 2
1604, 13, 3, 37, 43, 2
1631, 3, 0, 40, 60, 0
1631, 3, 1, 30, 52, 1
1631, 0, 2, 30, 53, 1
1631, 0, 2, 30, 54, 1
1631, 0, 2, 30, 55, 1
1631, 0, 2, 30, 56, 1
1631, 0, 2, 30, 57, 1
1631, 0, 2, 30, 58, 1
1631, 0, 2, 30, 59, 1
1631, 0, 2, 30, 60, 1
1631, 0, 2, 30, 61, 1
1631, 3, 2, 30, 62, 1
1631, 0, 1, 31, 52, 1
1631, 0, 3, 31, 62, 1
1631, 0, 1, 32, 52, 1
1631, 0, 3, 32, 62, 1
1631, 0, 1, 38, 52, 1
1631, 0, 3, 38, 62, 1
1631, 3, 0, 39, 52, 1
1631, 0, 0, 39, 53, 1
1631, 0, 0, 39, 54, 1
1631, 9, 0, 39, 55, 1
1631, 9, 3, 39, 61, 1
1631, 3, 3, 39, 62, 1
1746, 10, 0, 35, 42, 1
1747, 10, 0, 35, 42, 0
1776, 12, 0, 37, 41, 2
1777, 12, 0, 37, 42, 2
1779, 10, 0, 38, 39, 1
1781, 10, 2, 37, 41, 0
1792, 19, 1, 33, 40, 2
1792, 18, 2, 33, 41, 2
1792, 18, 2, 33, 42, 2
1792, 19, 2, 33, 43, 2
1792, 19, 1, 34, 39, 2
1792, 19, 2, 34, 44, 2
1792, 18, 1, 35, 39, 2
1792, 18, 3, 35, 44, 2
1792, 18, 1, 36, 39, 2
1792, 18, 3, 36, 44, 2
1792, 19, 0, 37, 39, 2
1792, 19, 3, 37, 44, 2
1793, 19, 1, 30, 52, 2
1793, 18, 2, 30, 53, 2
1793, 18, 2, 30, 54, 2
1793, 18, 2, 30, 55, 2
1793, 18, 2, 30, 56, 2
1793, 18, 2, 30, 57, 2
1793, 18, 2, 30, 58, 2
1793, 18, 2, 30, 59, 2
1793, 18, 2, 30, 60, 2
1793, 18, 2, 30, 61, 2
1793, 19, 2, 30, 62, 2
1793, 18, 1, 31, 52, 2
1793, 18, 3, 31, 62, 2
1793, 18, 1, 32, 52, 2
1793, 18, 3, 32, 62, 2
1793, 18, 1, 33, 52, 2
1793, 18, 3, 33, 62, 2
1793, 18, 1, 34, 52, 2
1793, 18, 3, 34, 62, 2
1793, 18, 1, 35, 52, 2
1793, 18, 3, 35, 62, 2
1793, 18, 1, 36, 52, 2
1793, 18, 3, 36, 62, 2
1793, 18, 1, 37, 52, 2
1793, 18, 3, 37, 62, 2
1793, 18, 1, 38, 52, 2
1793, 18, 3, 38, 62, 2
1793, 19, 0, 39, 52, 2
1793, 18, 0, 39, 53, 2
1793, 18, 0, 39, 54, 2
1793, 19, 3, 39, 62, 2
1793, 19, 0, 40, 55, 2
1793, 18, 0, 40, 56, 2
1793, 18, 0, 40, 57, 2
1793, 18, 0, 40, 58, 2
1793, 18, 0, 40, 59, 2
1793, 18, 0, 40, 60, 2
1793, 19, 3, 40, 61, 2
1933, 16, 1, 31, 53, 2
1933, 12, 2, 31, 54, 2
1933, 12, 2, 31, 55, 2
1933, 12, 2, 31, 56, 2
1933, 12, 2, 31, 57, 2
1933, 12, 2, 31, 58, 2
1933, 12, 2, 31, 59, 2
1933, 12, 2, 31, 60, 2
1933, 16, 2, 31, 61, 2
1933, 12, 1, 32, 53, 2
1933, 17, 2, 32, 54, 2
1933, 17, 2, 32, 55, 2
1933, 17, 2, 32, 56, 2
1933, 17, 2, 32, 57, 2
1933, 17, 2, 32, 58, 2
1933, 17, 2, 32, 59, 2
1933, 17, 2, 32, 60, 2
1933, 12, 3, 32, 61, 2
1933, 12, 1, 33, 53, 2
1933, 17, 3, 33, 54, 2
1933, 17, 2, 33, 55, 2
1933, 17, 2, 33, 56, 2
1933, 17, 0, 33, 57, 2
1933, 17, 2, 33, 58, 2
1933, 17, 2, 33, 59, 2
1933, 17, 2, 33, 60, 2
1933, 12, 3, 33, 61, 2
1933, 12, 1, 34, 53, 2
1933, 17, 2, 34, 54, 2
1933, 17, 2, 34, 55, 2
1933, 17, 2, 34, 56, 2
1933, 17, 2, 34, 57, 2
1933, 17, 2, 34, 58, 2
1933, 17, 2, 34, 59, 2
1933, 17, 2, 34, 60, 2
1933, 12, 3, 34, 61, 2
1933, 12, 1, 35, 53, 2
1933, 17, 2, 35, 54, 2
1933, 17, 2, 35, 55, 2
1933, 17, 2, 35, 56, 2
1933, 17, 2, 35, 57, 2
1933, 17, 2, 35, 58, 2
1933, 17, 2, 35, 59, 2
1933, 17, 2, 35, 60, 2
1933, 12, 3, 35, 61, 2
1933, 12, 1, 36, 53, 2
1933, 17, 2, 36, 54, 2
1933, 17, 2, 36, 55, 2
1933, 17, 2, 36, 56, 2
1933, 17, 2, 36, 57, 2
1933, 17, 2, 36, 58, 2
1933, 17, 2, 36, 59, 2
1933, 17, 2, 36, 60, 2
1933, 12, 3, 36, 61, 2
1933, 12, 1, 37, 53, 2
1933, 17, 2, 37, 54, 2
1933, 17, 2, 37, 55, 2
1933, 17, 2, 37, 56, 2
1933, 17, 2, 37, 57, 2
1933, 17, 2, 37, 58, 2
1933, 17, 2, 37, 59, 2
1933, 17, 2, 37, 60, 2
1933, 12, 3, 37, 61, 2
1933, 16, 0, 38, 53, 2
1933, 12, 0, 38, 54, 2
1933, 15, 0, 38, 55, 2
1933, 17, 2, 38, 56, 2
1933, 17, 2, 38, 57, 2
1933, 17, 2, 38, 58, 2
1933, 17, 2, 38, 59, 2
1933, 17, 2, 38, 60, 2
1933, 12, 3, 38, 61, 2
1933, 13, 0, 39, 55, 2
1933, 12, 0, 39, 56, 2
1933, 12, 0, 39, 57, 2
1933, 12, 0, 39, 58, 2
1933, 12, 0, 39, 59, 2
1933, 12, 0, 39, 60, 2
1933, 13, 3, 39, 61, 2
2510, 10, 3, 47, 15, 0
2530, 10, 1, 6, 34, 0
2530, 10, 3, 6, 35, 0
2530, 10, 2, 7, 35, 0
2716, 10, 3, 37, 41, 1
2720, 10, 2, 36, 40, 1
2728, 10, 0, 15, 22, 0
2733, 22, 0, 9, 31, 0
2738, 22, 3, 15, 43, 0
2742, 22, 0, 32, 57, 0
2767, 22, 0, 45, 48, 0
2771, 22, 0, 42, 26, 0
2771, 22, 0, 42, 34, 0
2772, 22, 0, 15, 23, 0
2775, 22, 0, 35, 41, 0
2781, 10, 0, 31, 56, 0
2784, 4, 0, 31, 60, 0
2784, 4, 0, 31, 61, 0
2785, 10, 0, 32, 55, 0
10093, 10, 0, 36, 44, 0
10095, 22, 0, 38, 43, 0
