731, 10, 2, 62, 11, 0
731, 10, 1, 63, 11, 0
731, 10, 1, 63, 12, 0
732, 10, 2, 61, 11, 0
732, 10, 2, 62, 12, 0
732, 10, 3, 63, 10, 0
1189, 10, 3, 2, 55, 0
1189, 10, 1, 4, 40, 0
1189, 10, 2, 5, 60, 0
1189, 10, 0, 13, 52, 0
1189, 10, 1, 19, 59, 0
1246, 22, 2, 31, 13, 0
1246, 22, 1, 33, 15, 0
1246, 22, 0, 43, 13, 0
1246, 22, 1, 46, 11, 0
1246, 22, 2, 47, 8, 0
1246, 22, 1, 51, 16, 0
1246, 22, 0, 53, 4, 0
1247, 22, 2, 28, 15, 0
1247, 22, 3, 29, 14, 0
1247, 22, 1, 31, 12, 0
1247, 22, 0, 32, 13, 0
1247, 22, 0, 43, 12, 0
1247, 22, 1, 44, 3, 0
1247, 22, 2, 44, 4, 0
1247, 22, 3, 44, 12, 0
1247, 22, 1, 44, 13, 0
1247, 22, 0, 45, 4, 0
1247, 22, 1, 45, 11, 0
1247, 22, 2, 45, 12, 0
1247, 22, 0, 46, 8, 0
1247, 22, 2, 46, 12, 0
1247, 22, 3, 47, 7, 0
1247, 22, 2, 53, 3, 0
1247, 22, 1, 54, 3, 0
1247, 22, 3, 54, 4, 0
1247, 22, 0, 56, 2, 0
1247, 22, 0, 56, 10, 0
1247, 22, 3, 57, 1, 0
1248, 22, 0, 45, 3, 0
1249, 22, 0, 3, 41, 0
1249, 22, 3, 3, 52, 0
1249, 22, 2, 3, 58, 0
1249, 22, 2, 4, 32, 0
1249, 22, 3, 7, 54, 0
1249, 22, 0, 9, 53, 0
1249, 22, 1, 9, 61, 0
1249, 22, 3, 22, 56, 0
1249, 22, 1, 28, 63, 0
1249, 22, 0, 34, 61, 0
1250, 22, 2, 2, 40, 0
1250, 22, 1, 3, 32, 0
1250, 22, 1, 3, 44, 0
1250, 22, 2, 4, 33, 0
1250, 22, 1, 8, 52, 0
1250, 22, 3, 8, 54, 0
1250, 22, 2, 9, 52, 0
1250, 22, 0, 20, 63, 0
1250, 22, 2, 21, 56, 0
1250, 22, 1, 21, 62, 0
1250, 22, 1, 22, 55, 0
1250, 22, 3, 28, 62, 0
1250, 22, 2, 29, 63, 0
1250, 22, 1, 33, 61, 0
1250, 22, 0, 34, 60, 0
1251, 22, 0, 0, 36, 0
1251, 22, 3, 1, 35, 0
1251, 22, 2, 2, 35, 0
1251, 22, 2, 6, 40, 0
1251, 22, 3, 7, 31, 0
1251, 22, 1, 7, 39, 0
1251, 22, 3, 8, 31, 0
1251, 22, 1, 9, 29, 0
1252, 22, 0, 6, 41, 0
1252, 22, 2, 7, 30, 0
1252, 22, 1, 8, 29, 0
1252, 22, 2, 8, 39, 0
1252, 22, 1, 8, 41, 0
1252, 22, 1, 9, 30, 0
1257, 22, 2, 10, 61, 0
1257, 22, 3, 10, 62, 0
1257, 22, 2, 11, 55, 0
1276, 10, 2, 3, 32, 0
1276, 10, 1, 3, 44, 0
1276, 10, 0, 3, 58, 0
1276, 10, 3, 9, 61, 0
1276, 10, 2, 21, 55, 0
1276, 10, 3, 33, 60, 0
1278, 10, 3, 2, 40, 0
1278, 10, 0, 20, 62, 0
1281, 10, 3, 0, 35, 0
1281, 10, 3, 6, 39, 0
1281, 10, 3, 7, 29, 0
1281, 10, 0, 7, 52, 0
1281, 10, 2, 28, 61, 0
1391, 10, 3, 53, 3, 0
1391, 10, 0, 56, 1, 0
1391, 10, 1, 56, 9, 0
1391, 10, 0, 63, 0, 0
2023, 10, 2, 2, 52, 0
2023, 10, 1, 7, 35, 0
2023, 10, 3, 11, 54, 0
2023, 10, 2, 28, 14, 0
2023, 10, 2, 31, 12, 0
2023, 10, 2, 32, 15, 0
2023, 10, 1, 43, 12, 0
2023, 10, 0, 44, 3, 0
2023, 10, 2, 45, 11, 0
2023, 10, 3, 46, 7, 0
2739, 22, 0, 11, 43, 0
2745, 22, 0, 53, 35, 0
4341, 22, 0, 30, 27, 0
4342, 22, 3, 14, 38, 0
4342, 22, 3, 15, 35, 0
4342, 22, 1, 15, 38, 0
4342, 22, 0, 16, 39, 0
4342, 22, 2, 16, 48, 0
4342, 22, 0, 17, 33, 0
4342, 22, 3, 17, 46, 0
4342, 22, 2, 17, 56, 0
4342, 22, 2, 18, 36, 0
4342, 22, 2, 19, 25, 0
4342, 22, 2, 19, 37, 0
4342, 22, 2, 19, 44, 0
4342, 22, 3, 20, 26, 0
4342, 22, 3, 20, 42, 0
4342, 22, 2, 21, 35, 0
4342, 22, 0, 22, 44, 0
4342, 22, 3, 23, 45, 0
4342, 22, 2, 23, 46, 0
4342, 22, 2, 23, 54, 0
4342, 22, 2, 24, 45, 0
4342, 22, 3, 24, 55, 0
4342, 22, 0, 26, 57, 0
4342, 22, 3, 29, 36, 0
4342, 22, 0, 29, 41, 0
4342, 22, 1, 30, 34, 0
4342, 22, 1, 31, 58, 0
4342, 22, 0, 32, 34, 0
4342, 22, 2, 32, 40, 0
4342, 22, 1, 33, 46, 0
4342, 22, 2, 33, 48, 0
4342, 22, 1, 33, 57, 0
4342, 22, 0, 33, 58, 0
4342, 22, 2, 36, 20, 0
4342, 22, 0, 36, 46, 0
4342, 22, 2, 37, 35, 0
4342, 22, 3, 37, 45, 0
4342, 22, 2, 38, 18, 0
4342, 22, 1, 38, 19, 0
4342, 22, 0, 38, 22, 0
4342, 22, 1, 38, 35, 0
4342, 22, 1, 38, 36, 0
4342, 22, 0, 38, 46, 0
4342, 22, 2, 39, 18, 0
4342, 22, 1, 39, 19, 0
4342, 22, 0, 39, 22, 0
4342, 22, 0, 39, 23, 0
4342, 22, 0, 39, 43, 0
4342, 22, 0, 40, 19, 0
4342, 22, 0, 40, 24, 0
4342, 22, 2, 41, 17, 0
4342, 22, 3, 41, 18, 0
4342, 22, 2, 41, 21, 0
4342, 22, 3, 41, 23, 0
4342, 22, 1, 41, 40, 0
4342, 22, 2, 42, 21, 0
4342, 22, 2, 42, 57, 0
4342, 22, 1, 43, 56, 0
4342, 22, 2, 44, 57, 0
4342, 22, 3, 45, 9, 0
4342, 22, 0, 49, 9, 0
4342, 22, 2, 49, 14, 0
4342, 22, 1, 50, 8, 0
4342, 22, 0, 50, 14, 0
4342, 22, 1, 50, 53, 0
4342, 22, 2, 52, 54, 0
4342, 22, 2, 52, 56, 0
4342, 22, 0, 54, 55, 0
4342, 22, 3, 55, 56, 0
4342, 22, 2, 56, 52, 0
4342, 22, 1, 56, 58, 0
4342, 22, 3, 57, 54, 0
4342, 22, 0, 57, 58, 0
4342, 22, 0, 58, 53, 0
4342, 22, 3, 60, 57, 0
4343, 22, 1, 8, 34, 0
4343, 22, 0, 9, 33, 0
4343, 22, 2, 9, 35, 0
4343, 22, 1, 10, 27, 0
4343, 22, 2, 10, 33, 0
4343, 22, 3, 10, 36, 0
4343, 22, 0, 11, 28, 0
4343, 22, 1, 11, 34, 0
4343, 22, 0, 11, 35, 0
4343, 22, 3, 11, 47, 0
4343, 22, 1, 11, 49, 0
4343, 22, 3, 11, 50, 0
4343, 22, 1, 12, 27, 0
4343, 22, 2, 12, 29, 0
4343, 22, 0, 12, 31, 0
4343, 22, 1, 12, 37, 0
4343, 22, 0, 12, 38, 0
4343, 22, 3, 12, 49, 0
4343, 22, 0, 12, 50, 0
4343, 22, 0, 13, 27, 0
4343, 22, 1, 13, 28, 0
4343, 22, 2, 13, 30, 0
4343, 22, 2, 13, 32, 0
4343, 22, 1, 13, 33, 0
4343, 22, 2, 13, 35, 0
4343, 22, 1, 13, 36, 0
4343, 22, 3, 13, 39, 0
4343, 22, 0, 13, 49, 0
4343, 22, 3, 14, 24, 0
4343, 22, 0, 14, 28, 0
4343, 22, 1, 14, 29, 0
4343, 22, 3, 14, 34, 0
4343, 22, 2, 14, 40, 0
4343, 22, 1, 14, 52, 0
4343, 22, 0, 15, 23, 0
4343, 22, 2, 15, 25, 0
4343, 22, 3, 15, 27, 0
4343, 22, 1, 15, 28, 0
4343, 22, 2, 15, 33, 0
4343, 22, 1, 15, 41, 0
4343, 22, 0, 15, 47, 0
4343, 22, 0, 15, 48, 0
4343, 22, 3, 15, 49, 0
4343, 22, 1, 15, 51, 0
4343, 22, 1, 15, 52, 0
4343, 22, 3, 15, 53, 0
4343, 22, 2, 15, 54, 0
4343, 22, 3, 15, 55, 0
4343, 22, 3, 15, 56, 0
4343, 22, 3, 16, 22, 0
4343, 22, 1, 16, 24, 0
4343, 22, 2, 16, 25, 0
4343, 22, 3, 16, 26, 0
4343, 22, 0, 16, 27, 0
4343, 22, 0, 16, 29, 0
4343, 22, 1, 16, 30, 0
4343, 22, 3, 16, 32, 0
4343, 22, 0, 16, 41, 0
4343, 22, 3, 16, 45, 0
4343, 22, 2, 16, 47, 0
4343, 22, 3, 16, 49, 0
4343, 22, 1, 16, 51, 0
4343, 22, 0, 16, 52, 0
4343, 22, 0, 16, 56, 0
4343, 22, 1, 16, 57, 0
4343, 22, 0, 17, 20, 0
4343, 22, 2, 17, 23, 0
4343, 22, 1, 17, 25, 0
4343, 22, 2, 17, 27, 0
4343, 22, 0, 17, 32, 0
4343, 22, 3, 17, 41, 0
4343, 22, 0, 17, 45, 0
4343, 22, 2, 17, 50, 0
4343, 22, 3, 17, 52, 0
4343, 22, 1, 17, 55, 0
4343, 22, 2, 17, 57, 0
4343, 22, 1, 18, 19, 0
4343, 22, 3, 18, 21, 0
4343, 22, 1, 18, 22, 0
4343, 22, 3, 18, 23, 0
4343, 22, 0, 18, 24, 0
4343, 22, 1, 18, 32, 0
4343, 22, 0, 18, 34, 0
4343, 22, 1, 18, 35, 0
4343, 22, 1, 18, 40, 0
4343, 22, 1, 18, 42, 0
4343, 22, 2, 18, 43, 0
4343, 22, 1, 18, 45, 0
4343, 22, 1, 18, 50, 0
4343, 22, 3, 18, 52, 0
4343, 22, 2, 18, 53, 0
4343, 22, 1, 18, 54, 0
4343, 22, 0, 18, 55, 0
4343, 22, 3, 18, 56, 0
4343, 22, 2, 18, 57, 0
4343, 22, 0, 19, 18, 0
4343, 22, 2, 19, 20, 0
4343, 22, 2, 19, 24, 0
4343, 22, 2, 19, 30, 0
4343, 22, 3, 19, 33, 0
4343, 22, 1, 19, 34, 0
4343, 22, 1, 19, 35, 0
4343, 22, 3, 19, 36, 0
4343, 22, 0, 19, 40, 0
4343, 22, 2, 19, 41, 0
4343, 22, 3, 19, 51, 0
4343, 22, 2, 19, 53, 0
4343, 22, 0, 19, 54, 0
4343, 22, 3, 20, 19, 0
4343, 22, 3, 20, 21, 0
4343, 22, 2, 20, 22, 0
4343, 22, 0, 20, 28, 0
4343, 22, 0, 20, 29, 0
4343, 22, 3, 20, 30, 0
4343, 22, 0, 20, 33, 0
4343, 22, 2, 20, 36, 0
4343, 22, 1, 20, 37, 0
4343, 22, 2, 20, 38, 0
4343, 22, 3, 20, 39, 0
4343, 22, 1, 20, 41, 0
4343, 22, 2, 20, 50, 0
4343, 22, 1, 21, 21, 0
4343, 22, 3, 21, 23, 0
4343, 22, 1, 21, 24, 0
4343, 22, 1, 21, 25, 0
4343, 22, 1, 21, 28, 0
4343, 22, 3, 21, 31, 0
4343, 22, 1, 21, 34, 0
4343, 22, 3, 21, 36, 0
4343, 22, 0, 21, 39, 0
4343, 22, 0, 21, 49, 0
4343, 22, 1, 21, 54, 0
4343, 22, 1, 22, 19, 0
4343, 22, 0, 22, 20, 0
4343, 22, 0, 22, 22, 0
4343, 22, 0, 22, 25, 0
4343, 22, 3, 22, 26, 0
4343, 22, 2, 22, 27, 0
4343, 22, 0, 22, 30, 0
4343, 22, 2, 22, 32, 0
4343, 22, 0, 22, 35, 0
4343, 22, 1, 22, 37, 0
4343, 22, 1, 22, 40, 0
4343, 22, 3, 22, 42, 0
4343, 22, 0, 22, 49, 0
4343, 22, 2, 22, 53, 0
4343, 22, 0, 23, 27, 0
4343, 22, 3, 23, 28, 0
4343, 22, 0, 23, 30, 0
4343, 22, 1, 23, 31, 0
4343, 22, 0, 23, 36, 0
4343, 22, 3, 23, 38, 0
4343, 22, 1, 23, 47, 0
4343, 22, 3, 23, 50, 0
4343, 22, 0, 23, 53, 0
4343, 22, 3, 23, 57, 0
4343, 22, 1, 24, 27, 0
4343, 22, 2, 24, 29, 0
4343, 22, 3, 24, 31, 0
4343, 22, 2, 24, 36, 0
4343, 22, 0, 24, 37, 0
4343, 22, 2, 24, 41, 0
4343, 22, 0, 24, 49, 0
4343, 22, 0, 24, 51, 0
4343, 22, 3, 24, 52, 0
4343, 22, 1, 24, 54, 0
4343, 22, 2, 24, 57, 0
4343, 22, 1, 25, 27, 0
4343, 22, 1, 25, 29, 0
4343, 22, 1, 25, 30, 0
4343, 22, 0, 25, 37, 0
4343, 22, 1, 25, 40, 0
4343, 22, 3, 25, 42, 0
4343, 22, 0, 25, 43, 0
4343, 22, 3, 25, 44, 0
4343, 22, 2, 25, 45, 0
4343, 22, 2, 25, 48, 0
4343, 22, 1, 25, 50, 0
4343, 22, 2, 25, 52, 0
4343, 22, 3, 25, 55, 0
4343, 22, 1, 25, 56, 0
4343, 22, 0, 25, 57, 0
4343, 22, 3, 25, 58, 0
4343, 22, 2, 26, 27, 0
4343, 22, 3, 26, 28, 0
4343, 22, 1, 26, 36, 0
4343, 22, 1, 26, 43, 0
4343, 22, 1, 26, 46, 0
4343, 22, 2, 26, 50, 0
4343, 22, 1, 26, 51, 0
4343, 22, 2, 26, 54, 0
4343, 22, 1, 26, 56, 0
4343, 22, 2, 26, 58, 0
4343, 22, 1, 27, 34, 0
4343, 22, 1, 27, 36, 0
4343, 22, 1, 27, 38, 0
4343, 22, 2, 27, 42, 0
4343, 22, 0, 27, 46, 0
4343, 22, 3, 27, 47, 0
4343, 22, 2, 27, 49, 0
4343, 22, 2, 27, 50, 0
4343, 22, 0, 27, 51, 0
4343, 22, 0, 27, 57, 0
4343, 22, 1, 28, 29, 0
4343, 22, 0, 28, 36, 0
4343, 22, 2, 28, 39, 0
4343, 22, 3, 28, 42, 0
4343, 22, 1, 28, 47, 0
4343, 22, 3, 28, 50, 0
4343, 22, 0, 28, 51, 0
4343, 22, 1, 29, 28, 0
4343, 22, 0, 29, 30, 0
4343, 22, 3, 29, 37, 0
4343, 22, 0, 29, 40, 0
4343, 22, 0, 29, 42, 0
4343, 22, 1, 29, 43, 0
4343, 22, 0, 29, 47, 0
4343, 22, 2, 29, 48, 0
4343, 22, 0, 29, 49, 0
4343, 22, 2, 29, 51, 0
4343, 22, 3, 29, 59, 0
4343, 22, 2, 30, 28, 0
4343, 22, 3, 30, 29, 0
4343, 22, 2, 30, 35, 0
4343, 22, 2, 30, 36, 0
4343, 22, 3, 30, 44, 0
4343, 22, 1, 30, 48, 0
4343, 22, 1, 30, 49, 0
4343, 22, 3, 30, 50, 0
4343, 22, 0, 30, 58, 0
4343, 22, 2, 30, 60, 0
4343, 22, 3, 31, 27, 0
4343, 22, 3, 31, 35, 0
4343, 22, 3, 31, 39, 0
4343, 22, 2, 31, 40, 0
4343, 22, 0, 31, 45, 0
4343, 22, 1, 31, 46, 0
4343, 22, 1, 31, 57, 0
4343, 22, 1, 31, 59, 0
4343, 22, 2, 32, 27, 0
4343, 22, 3, 32, 28, 0
4343, 22, 0, 32, 36, 0
4343, 22, 0, 32, 38, 0
4343, 22, 0, 32, 41, 0
4343, 22, 2, 32, 53, 0
4343, 22, 3, 32, 56, 0
4343, 22, 0, 32, 58, 0
4343, 22, 1, 32, 59, 0
4343, 22, 0, 33, 18, 0
4343, 22, 1, 33, 19, 0
4343, 22, 0, 33, 26, 0
4343, 22, 0, 33, 28, 0
4343, 22, 1, 33, 35, 0
4343, 22, 1, 33, 37, 0
4343, 22, 1, 33, 41, 0
4343, 22, 3, 33, 52, 0
4343, 22, 1, 33, 54, 0
4343, 22, 2, 33, 56, 0
4343, 22, 0, 33, 60, 0
4343, 22, 2, 34, 17, 0
4343, 22, 3, 34, 18, 0
4343, 22, 3, 34, 20, 0
4343, 22, 1, 34, 27, 0
4343, 22, 2, 34, 38, 0
4343, 22, 3, 34, 42, 0
4343, 22, 2, 34, 46, 0
4343, 22, 0, 34, 48, 0
4343, 22, 2, 34, 51, 0
4343, 22, 0, 34, 53, 0
4343, 22, 1, 34, 57, 0
4343, 22, 0, 34, 58, 0
4343, 22, 0, 34, 59, 0
4343, 22, 1, 35, 17, 0
4343, 22, 0, 35, 20, 0
4343, 22, 1, 35, 21, 0
4343, 22, 1, 35, 35, 0
4343, 22, 3, 35, 38, 0
4343, 22, 2, 35, 41, 0
4343, 22, 0, 35, 46, 0
4343, 22, 3, 35, 47, 0
4343, 22, 3, 35, 48, 0
4343, 22, 3, 35, 52, 0
4343, 22, 2, 35, 59, 0
4343, 22, 3, 35, 61, 0
4343, 22, 0, 36, 17, 0
4343, 22, 0, 36, 18, 0
4343, 22, 1, 36, 22, 0
4343, 22, 0, 36, 36, 0
4343, 22, 0, 36, 39, 0
4343, 22, 1, 36, 40, 0
4343, 22, 2, 36, 45, 0
4343, 22, 1, 36, 53, 0
4343, 22, 1, 36, 59, 0
4343, 22, 0, 36, 61, 0
4343, 22, 2, 37, 17, 0
4343, 22, 2, 37, 18, 0
4343, 22, 3, 37, 22, 0
4343, 22, 0, 37, 23, 0
4343, 22, 0, 37, 28, 0
4343, 22, 3, 37, 32, 0
4343, 22, 3, 37, 36, 0
4343, 22, 2, 37, 37, 0
4343, 22, 3, 37, 43, 0
4343, 22, 1, 37, 44, 0
4343, 22, 0, 37, 50, 0
4343, 22, 0, 37, 51, 0
4343, 22, 0, 37, 52, 0
4343, 22, 2, 37, 54, 0
4343, 22, 1, 37, 59, 0
4343, 22, 1, 38, 16, 0
4343, 22, 0, 38, 17, 0
4343, 22, 0, 38, 23, 0
4343, 22, 0, 38, 24, 0
4343, 22, 1, 38, 27, 0
4343, 22, 3, 38, 29, 0
4343, 22, 3, 38, 32, 0
4343, 22, 2, 38, 33, 0
4343, 22, 1, 38, 37, 0
4343, 22, 2, 38, 42, 0
4343, 22, 1, 38, 51, 0
4343, 22, 3, 38, 53, 0
4343, 22, 2, 38, 54, 0
4343, 22, 0, 38, 58, 0
4343, 22, 0, 39, 16, 0
4343, 22, 2, 39, 17, 0
4343, 22, 3, 39, 25, 0
4343, 22, 1, 39, 28, 0
4343, 22, 2, 39, 29, 0
4343, 22, 1, 39, 30, 0
4343, 22, 1, 39, 33, 0
4343, 22, 0, 39, 34, 0
4343, 22, 2, 39, 37, 0
4343, 22, 3, 39, 39, 0
4343, 22, 0, 39, 40, 0
4343, 22, 0, 39, 41, 0
4343, 22, 1, 39, 50, 0
4343, 22, 3, 39, 59, 0
4343, 22, 3, 40, 16, 0
4343, 22, 3, 40, 17, 0
4343, 22, 2, 40, 25, 0
4343, 22, 3, 40, 28, 0
4343, 22, 0, 40, 30, 0
4343, 22, 1, 40, 37, 0
4343, 22, 2, 40, 58, 0
4343, 22, 0, 41, 16, 0
4343, 22, 0, 41, 24, 0
4343, 22, 3, 41, 28, 0
4343, 22, 3, 41, 29, 0
4343, 22, 0, 41, 30, 0
4343, 22, 3, 41, 46, 0
4343, 22, 1, 41, 47, 0
4343, 22, 3, 41, 49, 0
4343, 22, 1, 41, 57, 0
4343, 22, 1, 42, 15, 0
4343, 22, 3, 42, 16, 0
4343, 22, 2, 42, 23, 0
4343, 22, 3, 42, 24, 0
4343, 22, 2, 42, 27, 0
4343, 22, 1, 42, 28, 0
4343, 22, 2, 42, 45, 0
4343, 22, 2, 42, 48, 0
4343, 22, 2, 42, 49, 0
4343, 22, 0, 42, 51, 0
4343, 22, 0, 42, 56, 0
4343, 22, 2, 42, 59, 0
4343, 22, 2, 43, 9, 0
4343, 22, 0, 43, 15, 0
4343, 22, 2, 43, 16, 0
4343, 22, 1, 43, 19, 0
4343, 22, 2, 43, 20, 0
4343, 22, 3, 43, 21, 0
4343, 22, 0, 43, 22, 0
4343, 22, 1, 43, 23, 0
4343, 22, 3, 43, 26, 0
4343, 22, 3, 43, 29, 0
4343, 22, 1, 43, 39, 0
4343, 22, 1, 43, 46, 0
4343, 22, 0, 43, 47, 0
4343, 22, 1, 43, 49, 0
4343, 22, 3, 43, 51, 0
4343, 22, 3, 43, 58, 0
4343, 22, 3, 44, 10, 0
4343, 22, 2, 44, 15, 0
4343, 22, 3, 44, 17, 0
4343, 22, 2, 44, 18, 0
4343, 22, 1, 44, 19, 0
4343, 22, 0, 44, 20, 0
4343, 22, 3, 44, 21, 0
4343, 22, 0, 44, 27, 0
4343, 22, 1, 44, 28, 0
4343, 22, 2, 44, 29, 0
4343, 22, 3, 44, 48, 0
4343, 22, 2, 44, 49, 0
4343, 22, 2, 44, 53, 0
4343, 22, 2, 44, 56, 0
4343, 22, 0, 44, 58, 0
4343, 22, 3, 45, 8, 0
4343, 22, 1, 45, 10, 0
4343, 22, 1, 45, 15, 0
4343, 22, 0, 45, 16, 0
4343, 22, 0, 45, 40, 0
4343, 22, 3, 45, 51, 0
4343, 22, 1, 45, 52, 0
4343, 22, 3, 45, 54, 0
4343, 22, 1, 45, 56, 0
4343, 22, 1, 45, 57, 0
4343, 22, 1, 45, 59, 0
4343, 22, 1, 46, 9, 0
4343, 22, 2, 46, 15, 0
4343, 22, 1, 46, 16, 0
4343, 22, 3, 46, 36, 0
4343, 22, 1, 46, 39, 0
4343, 22, 1, 46, 40, 0
4343, 22, 2, 46, 50, 0
4343, 22, 0, 46, 53, 0
4343, 22, 2, 46, 56, 0
4343, 22, 0, 46, 59, 0
4343, 22, 0, 47, 13, 0
4343, 22, 3, 47, 14, 0
4343, 22, 2, 47, 15, 0
4343, 22, 0, 47, 17, 0
4343, 22, 2, 47, 37, 0
4343, 22, 2, 47, 39, 0
4343, 22, 1, 47, 51, 0
4343, 22, 0, 47, 52, 0
4343, 22, 3, 47, 57, 0
4343, 22, 2, 47, 58, 0
4343, 22, 2, 48, 7, 0
4343, 22, 1, 48, 8, 0
4343, 22, 0, 48, 9, 0
4343, 22, 0, 48, 13, 0
4343, 22, 3, 48, 17, 0
4343, 22, 2, 48, 35, 0
4343, 22, 1, 48, 37, 0
4343, 22, 3, 48, 39, 0
4343, 22, 3, 48, 56, 0
4343, 22, 1, 48, 57, 0
4343, 22, 3, 49, 6, 0
4343, 22, 3, 49, 10, 0
4343, 22, 2, 49, 11, 0
4343, 22, 3, 49, 12, 0
4343, 22, 0, 49, 15, 0
4343, 22, 2, 49, 16, 0
4343, 22, 0, 49, 33, 0
4343, 22, 3, 49, 35, 0
4343, 22, 0, 49, 36, 0
4343, 22, 0, 49, 40, 0
4343, 22, 2, 49, 41, 0
4343, 22, 3, 49, 53, 0
4343, 22, 0, 49, 55, 0
4343, 22, 2, 49, 57, 0
4343, 22, 3, 50, 6, 0
4343, 22, 2, 50, 9, 0
4343, 22, 2, 50, 11, 0
4343, 22, 3, 50, 15, 0
4343, 22, 2, 50, 33, 0
4343, 22, 1, 50, 37, 0
4343, 22, 3, 50, 41, 0
4343, 22, 2, 50, 52, 0
4343, 22, 0, 50, 54, 0
4343, 22, 1, 50, 56, 0
4343, 22, 2, 50, 57, 0
4343, 22, 1, 51, 9, 0
4343, 22, 1, 51, 10, 0
4343, 22, 3, 51, 12, 0
4343, 22, 0, 51, 13, 0
4343, 22, 1, 51, 14, 0
4343, 22, 2, 51, 15, 0
4343, 22, 2, 51, 37, 0
4343, 22, 1, 51, 42, 0
4343, 22, 1, 51, 53, 0
4343, 22, 0, 51, 54, 0
4343, 22, 0, 51, 56, 0
4343, 22, 3, 51, 58, 0
4343, 22, 0, 52, 10, 0
4343, 22, 0, 52, 38, 0
4343, 22, 3, 52, 41, 0
4343, 22, 2, 52, 52, 0
4343, 22, 2, 52, 53, 0
4343, 22, 3, 52, 55, 0
4343, 22, 1, 52, 57, 0
4343, 22, 3, 53, 9, 0
4343, 22, 1, 53, 32, 0
4343, 22, 1, 53, 33, 0
4343, 22, 3, 53, 38, 0
4343, 22, 2, 53, 40, 0
4343, 22, 3, 53, 51, 0
4343, 22, 1, 53, 53, 0
4343, 22, 1, 53, 54, 0
4343, 22, 0, 54, 33, 0
4343, 22, 3, 54, 41, 0
4343, 22, 2, 54, 50, 0
4343, 22, 0, 54, 52, 0
4343, 22, 2, 55, 32, 0
4343, 22, 2, 55, 33, 0
4343, 22, 1, 55, 34, 0
4343, 22, 1, 55, 38, 0
4343, 22, 0, 55, 39, 0
4343, 22, 0, 55, 40, 0
4343, 22, 0, 55, 41, 0
4343, 22, 0, 55, 42, 0
4343, 22, 3, 55, 51, 0
4343, 22, 1, 55, 52, 0
4343, 22, 0, 56, 35, 0
4343, 22, 2, 56, 36, 0
4343, 22, 1, 56, 38, 0
4343, 22, 3, 56, 50, 0
4343, 22, 0, 56, 53, 0
4343, 22, 2, 56, 54, 0
4343, 22, 1, 57, 51, 0
4343, 22, 0, 57, 52, 0
4343, 22, 3, 57, 53, 0
4343, 22, 1, 57, 55, 0
4343, 22, 2, 58, 51, 0
4343, 22, 0, 58, 54, 0
4343, 22, 3, 58, 56, 0
4343, 22, 3, 59, 52, 0
4343, 22, 0, 59, 53, 0
4343, 22, 1, 59, 55, 0
4343, 22, 0, 59, 57, 0
4343, 22, 0, 60, 55, 0
4343, 22, 1, 60, 58, 0
4343, 22, 3, 61, 56, 0
4343, 22, 2, 61, 57, 0
4344, 22, 3, 9, 34, 0
4344, 22, 1, 10, 34, 0
4344, 22, 0, 10, 35, 0
4344, 22, 3, 11, 27, 0
4344, 22, 2, 12, 28, 0
4344, 22, 0, 13, 31, 0
4344, 22, 3, 13, 37, 0
4344, 22, 1, 13, 38, 0
4344, 22, 0, 14, 30, 0
4344, 22, 0, 14, 31, 0
4344, 22, 2, 14, 32, 0
4344, 22, 3, 14, 33, 0
4344, 22, 1, 14, 35, 0
4344, 22, 2, 14, 36, 0
4344, 22, 3, 14, 37, 0
4344, 22, 2, 14, 39, 0
4344, 22, 3, 15, 24, 0
4344, 22, 1, 15, 29, 0
4344, 22, 3, 15, 34, 0
4344, 22, 1, 15, 37, 0
4344, 22, 1, 15, 39, 0
4344, 22, 1, 15, 40, 0
4344, 22, 3, 16, 23, 0
4344, 22, 2, 16, 28, 0
4344, 22, 0, 16, 33, 0
4344, 22, 3, 16, 34, 0
4344, 22, 3, 16, 35, 0
4344, 22, 2, 16, 36, 0
4344, 22, 3, 16, 37, 0
4344, 22, 0, 16, 38, 0
4344, 22, 0, 16, 40, 0
4344, 22, 1, 16, 53, 0
4344, 22, 2, 16, 54, 0
4344, 22, 0, 16, 55, 0
4344, 22, 0, 17, 21, 0
4344, 22, 0, 17, 22, 0
4344, 22, 3, 17, 26, 0
4344, 22, 2, 17, 35, 0
4344, 22, 2, 17, 36, 0
4344, 22, 1, 17, 37, 0
4344, 22, 1, 17, 38, 0
4344, 22, 0, 17, 39, 0
4344, 22, 3, 17, 40, 0
4344, 22, 0, 17, 47, 0
4344, 22, 3, 17, 48, 0
4344, 22, 1, 17, 49, 0
4344, 22, 0, 17, 53, 0
4344, 22, 3, 17, 54, 0
4344, 22, 1, 18, 20, 0
4344, 22, 1, 18, 25, 0
4344, 22, 2, 18, 26, 0
4344, 22, 1, 18, 30, 0
4344, 22, 3, 18, 31, 0
4344, 22, 1, 18, 33, 0
4344, 22, 0, 18, 38, 0
4344, 22, 2, 18, 39, 0
4344, 22, 1, 18, 44, 0
4344, 22, 3, 18, 46, 0
4344, 22, 0, 18, 49, 0
4344, 22, 0, 19, 19, 0
4344, 22, 1, 19, 26, 0
4344, 22, 1, 19, 29, 0
4344, 22, 3, 19, 38, 0
4344, 22, 0, 19, 39, 0
4344, 22, 1, 19, 42, 0
4344, 22, 0, 19, 43, 0
4344, 22, 1, 19, 45, 0
4344, 22, 1, 19, 46, 0
4344, 22, 2, 19, 49, 0
4344, 22, 2, 19, 50, 0
4344, 22, 3, 20, 20, 0
4344, 22, 2, 20, 24, 0
4344, 22, 3, 20, 25, 0
4344, 22, 1, 20, 27, 0
4344, 22, 3, 20, 34, 0
4344, 22, 2, 20, 35, 0
4344, 22, 2, 20, 45, 0
4344, 22, 1, 20, 46, 0
4344, 22, 3, 20, 47, 0
4344, 22, 3, 20, 48, 0
4344, 22, 1, 20, 49, 0
4344, 22, 2, 21, 19, 0
4344, 22, 2, 21, 20, 0
4344, 22, 0, 21, 22, 0
4344, 22, 0, 21, 26, 0
4344, 22, 0, 21, 27, 0
4344, 22, 2, 21, 42, 0
4344, 22, 2, 21, 47, 0
4344, 22, 1, 22, 31, 0
4344, 22, 3, 22, 43, 0
4344, 22, 1, 22, 54, 0
4344, 22, 3, 23, 37, 0
4344, 22, 1, 23, 42, 0
4344, 22, 1, 23, 43, 0
4344, 22, 0, 23, 44, 0
4344, 22, 0, 23, 55, 0
4344, 22, 3, 23, 56, 0
4344, 22, 0, 24, 28, 0
4344, 22, 1, 24, 30, 0
4344, 22, 2, 24, 43, 0
4344, 22, 1, 24, 56, 0
4344, 22, 0, 25, 28, 0
4344, 22, 1, 25, 35, 0
4344, 22, 2, 25, 36, 0
4344, 22, 2, 25, 41, 0
4344, 22, 0, 25, 51, 0
4344, 22, 2, 25, 54, 0
4344, 22, 3, 26, 35, 0
4344, 22, 2, 26, 44, 0
4344, 22, 3, 26, 45, 0
4344, 22, 1, 27, 35, 0
4344, 22, 3, 27, 39, 0
4344, 22, 0, 27, 40, 0
4344, 22, 1, 27, 41, 0
4344, 22, 3, 27, 43, 0
4344, 22, 2, 27, 44, 0
4344, 22, 2, 27, 45, 0
4344, 22, 0, 28, 34, 0
4344, 22, 1, 28, 35, 0
4344, 22, 2, 28, 40, 0
4344, 22, 1, 28, 41, 0
4344, 22, 1, 28, 43, 0
4344, 22, 3, 28, 44, 0
4344, 22, 1, 28, 45, 0
4344, 22, 3, 28, 46, 0
4344, 22, 2, 29, 29, 0
4344, 22, 3, 29, 34, 0
4344, 22, 3, 29, 35, 0
4344, 22, 2, 29, 44, 0
4344, 22, 0, 29, 45, 0
4344, 22, 3, 29, 46, 0
4344, 22, 3, 29, 50, 0
4344, 22, 0, 30, 33, 0
4344, 22, 0, 30, 45, 0
4344, 22, 0, 30, 46, 0
4344, 22, 2, 30, 47, 0
4344, 22, 0, 30, 59, 0
4344, 22, 2, 31, 32, 0
4344, 22, 0, 31, 33, 0
4344, 22, 3, 31, 34, 0
4344, 22, 3, 31, 47, 0
4344, 22, 1, 31, 54, 0
4344, 22, 1, 32, 32, 0
4344, 22, 3, 32, 33, 0
4344, 22, 2, 32, 35, 0
4344, 22, 1, 32, 39, 0
4344, 22, 0, 32, 46, 0
4344, 22, 3, 32, 47, 0
4344, 22, 3, 32, 55, 0
4344, 22, 3, 32, 57, 0
4344, 22, 2, 33, 27, 0
4344, 22, 1, 33, 32, 0
4344, 22, 0, 33, 33, 0
4344, 22, 1, 33, 34, 0
4344, 22, 0, 33, 38, 0
4344, 22, 0, 33, 39, 0
4344, 22, 3, 33, 40, 0
4344, 22, 0, 33, 53, 0
4344, 22, 3, 33, 55, 0
4344, 22, 0, 33, 59, 0
4344, 22, 0, 34, 19, 0
4344, 22, 0, 34, 32, 0
4344, 22, 0, 34, 33, 0
4344, 22, 0, 34, 34, 0
4344, 22, 2, 34, 39, 0
4344, 22, 2, 34, 40, 0
4344, 22, 0, 34, 41, 0
4344, 22, 1, 34, 47, 0
4344, 22, 3, 34, 52, 0
4344, 22, 0, 35, 18, 0
4344, 22, 3, 35, 19, 0
4344, 22, 0, 35, 32, 0
4344, 22, 0, 35, 33, 0
4344, 22, 3, 35, 34, 0
4344, 22, 2, 35, 39, 0
4344, 22, 3, 35, 40, 0
4344, 22, 3, 35, 60, 0
4344, 22, 1, 36, 19, 0
4344, 22, 3, 36, 32, 0
4344, 22, 3, 36, 33, 0
4344, 22, 2, 36, 34, 0
4344, 22, 2, 36, 35, 0
4344, 22, 2, 36, 47, 0
4344, 22, 2, 36, 60, 0
4344, 22, 2, 37, 19, 0
4344, 22, 0, 37, 20, 0
4344, 22, 0, 37, 21, 0
4344, 22, 3, 37, 33, 0
4344, 22, 3, 37, 34, 0
4344, 22, 0, 37, 46, 0
4344, 22, 3, 37, 47, 0
4344, 22, 1, 37, 53, 0
4344, 22, 0, 38, 20, 0
4344, 22, 0, 38, 28, 0
4344, 22, 1, 38, 34, 0
4344, 22, 2, 38, 43, 0
4344, 22, 1, 38, 44, 0
4344, 22, 1, 38, 45, 0
4344, 22, 2, 38, 50, 0
4344, 22, 2, 39, 20, 0
4344, 22, 1, 39, 24, 0
4344, 22, 0, 39, 35, 0
4344, 22, 1, 39, 36, 0
4344, 22, 2, 39, 42, 0
4344, 22, 1, 39, 44, 0
4344, 22, 0, 39, 45, 0
4344, 22, 0, 39, 58, 0
4344, 22, 1, 40, 18, 0
4344, 22, 2, 40, 20, 0
4344, 22, 1, 40, 22, 0
4344, 22, 0, 40, 23, 0
4344, 22, 3, 40, 29, 0
4344, 22, 3, 40, 35, 0
4344, 22, 2, 40, 36, 0
4344, 22, 1, 40, 40, 0
4344, 22, 1, 40, 41, 0
4344, 22, 1, 40, 42, 0
4344, 22, 3, 40, 43, 0
4344, 22, 3, 41, 20, 0
4344, 22, 0, 41, 22, 0
4344, 22, 0, 41, 35, 0
4344, 22, 3, 41, 36, 0
4344, 22, 2, 41, 41, 0
4344, 22, 1, 41, 42, 0
4344, 22, 0, 41, 43, 0
4344, 22, 0, 41, 48, 0
4344, 22, 0, 41, 58, 0
4344, 22, 1, 42, 17, 0
4344, 22, 3, 42, 18, 0
4344, 22, 3, 42, 19, 0
4344, 22, 2, 42, 20, 0
4344, 22, 1, 42, 22, 0
4344, 22, 0, 42, 35, 0
4344, 22, 0, 42, 36, 0
4344, 22, 0, 42, 37, 0
4344, 22, 2, 42, 40, 0
4344, 22, 3, 42, 41, 0
4344, 22, 3, 42, 42, 0
4344, 22, 0, 42, 43, 0
4344, 22, 3, 42, 46, 0
4344, 22, 3, 42, 58, 0
4344, 22, 3, 43, 17, 0
4344, 22, 2, 43, 27, 0
4344, 22, 3, 43, 28, 0
4344, 22, 2, 43, 36, 0
4344, 22, 0, 43, 37, 0
4344, 22, 1, 43, 40, 0
4344, 22, 2, 43, 48, 0
4344, 22, 1, 43, 50, 0
4344, 22, 0, 43, 57, 0
4344, 22, 3, 44, 8, 0
4344, 22, 1, 44, 9, 0
4344, 22, 0, 44, 16, 0
4344, 22, 0, 44, 37, 0
4344, 22, 0, 44, 40, 0
4344, 22, 1, 45, 53, 0
4344, 22, 3, 45, 58, 0
4344, 22, 1, 46, 34, 0
4344, 22, 0, 46, 35, 0
4344, 22, 3, 46, 51, 0
4344, 22, 3, 46, 52, 0
4344, 22, 1, 46, 57, 0
4344, 22, 0, 46, 58, 0
4344, 22, 2, 47, 16, 0
4344, 22, 2, 47, 33, 0
4344, 22, 2, 47, 34, 0
4344, 22, 3, 47, 36, 0
4344, 22, 1, 47, 40, 0
4344, 22, 2, 47, 41, 0
4344, 22, 0, 48, 14, 0
4344, 22, 1, 48, 15, 0
4344, 22, 2, 48, 16, 0
4344, 22, 3, 48, 33, 0
4344, 22, 2, 48, 36, 0
4344, 22, 0, 48, 40, 0
4344, 22, 3, 49, 7, 0
4344, 22, 1, 49, 8, 0
4344, 22, 2, 49, 13, 0
4344, 22, 2, 49, 42, 0
4344, 22, 2, 49, 56, 0
4344, 22, 2, 50, 7, 0
4344, 22, 3, 50, 12, 0
4344, 22, 3, 50, 13, 0
4344, 22, 1, 50, 36, 0
4344, 22, 2, 50, 42, 0
4344, 22, 1, 50, 43, 0
4344, 22, 0, 51, 6, 0
4344, 22, 1, 51, 31, 0
4344, 22, 0, 51, 32, 0
4344, 22, 1, 51, 43, 0
4344, 22, 0, 51, 44, 0
4344, 22, 2, 51, 57, 0
4344, 22, 1, 52, 9, 0
4344, 22, 3, 52, 31, 0
4344, 22, 0, 52, 32, 0
4344, 22, 3, 52, 37, 0
4344, 22, 0, 52, 45, 0
4344, 22, 2, 53, 31, 0
4344, 22, 0, 53, 37, 0
4344, 22, 0, 53, 41, 0
4344, 22, 3, 53, 42, 0
4344, 22, 3, 53, 45, 0
4344, 22, 3, 53, 52, 0
4344, 22, 0, 53, 55, 0
4344, 22, 0, 53, 56, 0
4344, 22, 2, 54, 31, 0
4344, 22, 1, 54, 32, 0
4344, 22, 3, 54, 42, 0
4344, 22, 2, 54, 43, 0
4344, 22, 2, 54, 44, 0
4344, 22, 0, 54, 51, 0
4344, 22, 3, 54, 56, 0
4344, 22, 0, 55, 57, 0
4344, 22, 3, 56, 34, 0
4344, 22, 0, 56, 39, 0
4344, 22, 3, 56, 40, 0
4344, 22, 3, 56, 51, 0
4344, 22, 0, 56, 57, 0
4344, 22, 3, 57, 35, 0
4344, 22, 2, 57, 36, 0
4344, 22, 1, 57, 37, 0
4344, 22, 1, 57, 38, 0
4344, 22, 2, 57, 39, 0
4344, 22, 1, 57, 59, 0
4344, 22, 1, 58, 52, 0
4344, 22, 3, 59, 56, 0
4344, 22, 2, 60, 56, 0
4409, 0, 3, 0, 61, 0
4409, 0, 3, 1, 61, 0
4409, 9, 2, 2, 61, 0
4409, 0, 2, 2, 62, 0
4409, 0, 2, 2, 63, 0
4410, 0, 3, 0, 61, 1
4410, 0, 3, 1, 61, 1
4410, 9, 2, 2, 61, 1
4410, 0, 2, 2, 62, 1
4410, 0, 2, 2, 63, 1
4735, 22, 1, 0, 37, 0
4735, 22, 0, 0, 38, 0
4735, 22, 2, 0, 41, 0
4735, 22, 1, 0, 42, 0
4735, 22, 0, 0, 43, 0
4735, 22, 1, 1, 36, 0
4735, 22, 2, 1, 43, 0
4735, 22, 3, 1, 47, 0
4735, 22, 0, 1, 48, 0
4735, 22, 2, 2, 36, 0
4735, 22, 3, 2, 37, 0
4735, 22, 1, 2, 45, 0
4735, 22, 2, 2, 46, 0
4735, 22, 1, 2, 49, 0
4735, 22, 3, 3, 37, 0
4735, 22, 3, 3, 42, 0
4735, 22, 0, 3, 45, 0
4735, 22, 2, 3, 49, 0
4735, 22, 0, 3, 50, 0
4735, 22, 0, 3, 51, 0
4735, 22, 0, 4, 38, 0
4735, 22, 1, 4, 39, 0
4735, 22, 1, 4, 40, 0
4735, 22, 2, 4, 41, 0
4735, 22, 2, 4, 43, 0
4735, 22, 3, 4, 44, 0
4735, 22, 3, 4, 45, 0
4735, 22, 1, 4, 51, 0
4735, 22, 2, 4, 55, 0
4735, 22, 1, 4, 56, 0
4735, 22, 2, 5, 43, 0
4735, 22, 0, 5, 44, 0
4735, 22, 0, 5, 50, 0
4735, 22, 2, 5, 51, 0
4735, 22, 3, 5, 54, 0
4735, 22, 3, 5, 55, 0
4735, 22, 0, 6, 43, 0
4735, 22, 1, 6, 48, 0
4735, 22, 1, 6, 49, 0
4735, 22, 0, 6, 50, 0
4735, 22, 3, 6, 54, 0
4735, 22, 3, 7, 43, 0
4735, 22, 0, 7, 48, 0
4735, 22, 3, 8, 43, 0
4735, 22, 1, 8, 48, 0
4735, 22, 1, 9, 43, 0
4735, 22, 1, 9, 44, 0
4735, 22, 2, 9, 47, 0
4735, 22, 0, 9, 55, 0
4735, 22, 0, 10, 44, 0
4735, 22, 0, 10, 45, 0
4735, 22, 3, 10, 46, 0
4735, 22, 2, 10, 47, 0
4735, 22, 1, 10, 55, 0
4735, 22, 1, 10, 56, 0
4735, 22, 2, 11, 56, 0
4735, 22, 2, 11, 57, 0
4735, 22, 2, 11, 59, 0
4735, 22, 2, 11, 60, 0
4735, 22, 0, 11, 62, 0
4735, 22, 0, 11, 63, 0
4735, 22, 3, 12, 57, 0
4735, 22, 3, 12, 58, 0
4735, 22, 1, 12, 59, 0
4735, 22, 3, 12, 63, 0
4735, 22, 3, 13, 58, 0
4735, 22, 0, 13, 59, 0
4735, 22, 3, 14, 58, 0
4735, 22, 0, 14, 59, 0
4736, 22, 3, 0, 39, 0
4736, 22, 3, 1, 37, 0
4736, 22, 1, 2, 42, 0
4736, 22, 2, 3, 38, 0
4736, 22, 1, 3, 40, 0
4736, 22, 3, 5, 45, 0
4736, 22, 0, 5, 46, 0
4736, 22, 2, 5, 47, 0
4736, 22, 3, 5, 56, 0
4736, 22, 0, 5, 57, 0
4736, 22, 3, 6, 44, 0
4736, 22, 0, 6, 47, 0
4736, 22, 3, 6, 55, 0
4736, 22, 2, 8, 44, 0
4736, 22, 1, 8, 47, 0
4736, 22, 2, 8, 55, 0
4736, 22, 0, 8, 60, 0
4736, 22, 2, 9, 45, 0
4736, 22, 1, 9, 46, 0
4736, 22, 2, 9, 56, 0
4736, 22, 1, 10, 60, 0
4736, 22, 2, 11, 58, 0
4736, 22, 0, 13, 63, 0
4736, 22, 2, 14, 60, 0
4736, 22, 1, 14, 63, 0
4736, 22, 2, 15, 61, 0
4736, 22, 1, 15, 62, 0
4737, 22, 3, 0, 40, 0
4737, 22, 2, 1, 38, 0
4737, 22, 0, 1, 42, 0
4737, 22, 2, 2, 38, 0
4737, 22, 0, 2, 41, 0
4737, 22, 3, 2, 47, 0
4737, 22, 3, 2, 48, 0
4737, 22, 1, 3, 39, 0
4737, 22, 2, 3, 46, 0
4737, 22, 2, 4, 46, 0
4737, 22, 0, 4, 50, 0
4737, 22, 1, 5, 48, 0
4737, 22, 1, 5, 49, 0
4737, 22, 3, 6, 45, 0
4737, 22, 3, 6, 46, 0
4737, 22, 3, 6, 56, 0
4737, 22, 3, 6, 57, 0
4737, 22, 3, 6, 58, 0
4737, 22, 2, 7, 44, 0
4737, 22, 0, 7, 47, 0
4737, 22, 2, 7, 55, 0
4737, 22, 0, 7, 59, 0
4737, 22, 1, 8, 45, 0
4737, 22, 1, 8, 46, 0
4737, 22, 2, 8, 56, 0
4737, 22, 0, 8, 59, 0
4737, 22, 1, 9, 57, 0
4737, 22, 0, 9, 60, 0
4737, 22, 1, 10, 57, 0
4737, 22, 1, 10, 58, 0
4737, 22, 1, 10, 59, 0
4737, 22, 3, 11, 61, 0
4737, 22, 2, 12, 60, 0
4737, 22, 0, 12, 62, 0
4737, 22, 0, 13, 60, 0
4737, 22, 1, 14, 61, 0
4737, 22, 1, 14, 62, 0
4737, 22, 3, 56, 60, 0
4737, 22, 0, 57, 61, 0
4737, 22, 0, 58, 61, 0
4737, 22, 3, 59, 62, 0
4737, 22, 0, 60, 62, 0
4737, 22, 0, 61, 63, 0
4737, 22, 0, 62, 63, 0
4737, 22, 1, 63, 62, 0
4738, 22, 1, 1, 39, 0
4738, 22, 1, 1, 40, 0
4738, 22, 2, 1, 41, 0
4738, 22, 3, 2, 39, 0
4738, 22, 3, 3, 47, 0
4738, 22, 2, 3, 48, 0
4738, 22, 1, 4, 47, 0
4738, 22, 1, 4, 48, 0
4738, 22, 2, 4, 49, 0
4738, 22, 0, 7, 45, 0
4738, 22, 3, 7, 46, 0
4738, 22, 2, 7, 56, 0
4738, 22, 0, 7, 57, 0
4738, 22, 2, 7, 58, 0
4738, 22, 1, 8, 57, 0
4738, 22, 2, 8, 58, 0
4738, 22, 1, 9, 58, 0
4738, 22, 0, 9, 59, 0
4738, 22, 0, 12, 61, 0
4738, 22, 2, 13, 61, 0
4738, 22, 1, 13, 62, 0
4738, 22, 0, 57, 60, 0
4738, 22, 3, 61, 62, 0
4738, 22, 3, 62, 62, 0
5511, 11, 0, 15, 35, 0
5511, 10, 2, 15, 38, 0
5511, 10, 1, 16, 33, 0
5511, 11, 1, 16, 38, 0
5511, 10, 2, 17, 31, 0
5511, 10, 2, 17, 32, 0
5511, 11, 1, 17, 33, 0
5511, 11, 3, 17, 36, 0
5511, 10, 3, 17, 39, 0
5511, 10, 2, 17, 48, 0
5511, 10, 0, 17, 49, 0
5511, 10, 0, 18, 39, 0
5511, 10, 1, 18, 49, 0
5511, 10, 1, 19, 29, 0
5511, 10, 0, 19, 38, 0
5511, 11, 1, 19, 39, 0
5511, 10, 2, 19, 43, 0
5511, 10, 3, 19, 44, 0
5511, 11, 3, 19, 46, 0
5511, 10, 0, 20, 27, 0
5511, 10, 3, 20, 38, 0
5511, 10, 1, 20, 45, 0
5511, 10, 1, 20, 46, 0
5511, 10, 0, 20, 47, 0
5511, 11, 1, 20, 49, 0
5511, 11, 2, 20, 50, 0
5511, 10, 3, 21, 47, 0
5511, 10, 2, 27, 44, 0
5511, 10, 1, 27, 45, 0
5511, 10, 1, 28, 34, 0
5511, 10, 0, 29, 47, 0
5511, 10, 0, 31, 47, 0
5511, 10, 3, 33, 46, 0
5511, 10, 2, 34, 32, 0
5511, 10, 2, 35, 33, 0
5511, 10, 3, 35, 47, 0
5511, 10, 3, 35, 49, 0
5511, 11, 2, 37, 19, 0
5511, 11, 1, 38, 20, 0
5511, 11, 3, 38, 21, 0
5511, 11, 1, 39, 19, 0
5511, 10, 2, 40, 35, 0
5511, 10, 2, 40, 36, 0
5511, 10, 1, 40, 41, 0
5511, 10, 0, 40, 42, 0
5511, 11, 0, 41, 17, 0
5511, 11, 2, 41, 20, 0
5511, 10, 0, 41, 43, 0
5511, 11, 3, 42, 16, 0
5511, 10, 2, 42, 33, 0
5511, 10, 3, 42, 34, 0
5511, 10, 0, 42, 43, 0
5511, 10, 1, 43, 32, 0
5511, 10, 3, 43, 33, 0
5511, 10, 1, 43, 43, 0
5511, 11, 2, 44, 17, 0
5511, 11, 0, 44, 18, 0
5511, 10, 0, 44, 31, 0
5511, 10, 3, 45, 30, 0
5511, 10, 2, 46, 30, 0
5511, 10, 1, 46, 34, 0
5511, 10, 2, 47, 33, 0
5511, 10, 0, 47, 41, 0
5511, 10, 3, 48, 40, 0
5511, 10, 0, 50, 33, 0
5511, 10, 2, 50, 42, 0
5511, 10, 1, 50, 43, 0
5511, 10, 3, 51, 33, 0
5511, 10, 3, 52, 34, 0
5511, 10, 1, 53, 31, 0
5511, 10, 0, 55, 32, 0
5511, 10, 2, 55, 36, 0
5511, 10, 0, 56, 38, 0
5511, 10, 3, 57, 35, 0
5511, 10, 1, 57, 39, 0
5511, 11, 0, 44, 34, 1
5511, 10, 1, 51, 30, 1
5511, 10, 0, 52, 30, 1
5511, 10, 3, 54, 30, 1
5511, 11, 2, 45, 35, 2
5511, 11, 1, 45, 36, 2
5511, 10, 0, 45, 37, 2
5511, 10, 3, 45, 38, 2
5511, 11, 0, 45, 39, 2
5511, 10, 2, 46, 36, 2
5511, 10, 2, 46, 37, 2
5511, 11, 3, 46, 42, 2
5511, 11, 1, 47, 33, 2
5511, 10, 3, 47, 40, 2
5511, 11, 2, 47, 41, 2
5511, 11, 0, 48, 32, 2
5511, 10, 3, 48, 35, 2
5511, 10, 0, 48, 38, 2
5511, 11, 2, 49, 34, 2
5511, 10, 3, 49, 36, 2
5511, 11, 0, 49, 40, 2
5511, 11, 1, 49, 41, 2
5511, 10, 0, 50, 37, 2
5511, 11, 3, 51, 39, 2
5511, 11, 1, 52, 33, 2
5511, 11, 3, 52, 34, 2
5511, 11, 2, 52, 41, 2
5511, 11, 0, 54, 37, 2
5511, 11, 1, 54, 39, 2
5512, 10, 3, 15, 36, 0
5512, 10, 1, 16, 34, 0
5512, 10, 1, 17, 37, 0
5512, 10, 2, 18, 47, 0
5512, 10, 0, 20, 43, 0
5512, 10, 3, 21, 45, 0
5512, 10, 2, 36, 20, 0
5512, 10, 3, 39, 20, 0
5512, 10, 3, 40, 18, 0
5512, 10, 2, 41, 35, 0
5512, 10, 2, 41, 41, 0
5512, 10, 0, 42, 17, 0
5512, 10, 3, 48, 41, 0
5512, 10, 0, 51, 31, 0
5512, 10, 1, 51, 35, 0
5512, 10, 3, 45, 40, 2
5512, 11, 3, 46, 34, 2
5512, 10, 1, 46, 38, 2
5512, 10, 2, 47, 36, 2
5512, 10, 0, 48, 42, 2
5512, 10, 3, 49, 38, 2
5512, 10, 2, 50, 34, 2
5512, 10, 0, 50, 40, 2
5512, 10, 1, 52, 35, 2
5512, 10, 3, 52, 37, 2
5512, 10, 3, 53, 32, 2
5512, 10, 0, 53, 40, 2
5512, 10, 0, 56, 35, 2
5525, 9, 3, 43, 34, 0
5525, 0, 0, 43, 35, 0
5525, 9, 0, 43, 36, 0
5525, 9, 3, 43, 41, 0
5525, 9, 0, 43, 42, 0
5525, 9, 3, 44, 32, 0
5525, 0, 0, 44, 33, 0
5525, 1, 3, 44, 34, 0
5525, 0, 1, 44, 36, 0
5525, 0, 3, 44, 41, 0
5525, 0, 1, 44, 42, 0
5525, 9, 3, 45, 31, 0
5525, 1, 3, 45, 32, 0
5525, 1, 1, 45, 33, 0
5525, 0, 2, 45, 34, 0
5525, 0, 2, 45, 35, 0
5525, 9, 1, 45, 36, 0
5525, 0, 3, 45, 41, 0
5525, 1, 0, 45, 42, 0
5525, 9, 0, 45, 43, 0
5525, 0, 3, 46, 31, 0
5525, 1, 1, 46, 32, 0
5525, 9, 1, 46, 33, 0
5525, 9, 2, 46, 41, 0
5525, 1, 2, 46, 42, 0
5525, 1, 0, 46, 43, 0
5525, 9, 0, 46, 44, 0
5525, 0, 3, 47, 31, 0
5525, 0, 1, 47, 32, 0
5525, 9, 2, 47, 42, 0
5525, 1, 2, 47, 43, 0
5525, 1, 0, 47, 44, 0
5525, 9, 0, 47, 45, 0
5525, 9, 3, 48, 30, 0
5525, 1, 3, 48, 31, 0
5525, 0, 1, 48, 32, 0
5525, 0, 3, 48, 43, 0
5525, 1, 0, 48, 45, 0
5525, 9, 0, 48, 46, 0
5525, 9, 3, 49, 29, 0
5525, 1, 3, 49, 30, 0
5525, 0, 1, 49, 32, 0
5525, 9, 2, 49, 43, 0
5525, 1, 2, 49, 44, 0
5525, 1, 0, 49, 46, 0
5525, 9, 0, 49, 47, 0
5525, 0, 3, 50, 29, 0
5525, 1, 1, 50, 30, 0
5525, 0, 2, 50, 31, 0
5525, 9, 1, 50, 32, 0
5525, 9, 2, 50, 44, 0
5525, 1, 2, 50, 45, 0
5525, 0, 1, 50, 47, 0
5525, 0, 3, 51, 29, 0
5525, 0, 1, 51, 30, 0
5525, 9, 2, 51, 45, 0
5525, 1, 2, 51, 46, 0
5525, 0, 1, 51, 47, 0
5525, 0, 3, 52, 29, 0
5525, 0, 1, 52, 30, 0
5525, 0, 3, 52, 46, 0
5525, 0, 1, 52, 47, 0
5525, 0, 3, 53, 29, 0
5525, 0, 1, 53, 30, 0
5525, 0, 3, 53, 46, 0
5525, 0, 1, 53, 47, 0
5525, 0, 3, 54, 29, 0
5525, 0, 1, 54, 30, 0
5525, 9, 3, 54, 45, 0
5525, 1, 3, 54, 46, 0
5525, 0, 1, 54, 47, 0
5525, 0, 3, 55, 29, 0
5525, 1, 0, 55, 30, 0
5525, 9, 0, 55, 31, 0
5525, 9, 3, 55, 43, 0
5525, 0, 0, 55, 44, 0
5525, 1, 3, 55, 45, 0
5525, 1, 1, 55, 46, 0
5525, 9, 1, 55, 47, 0
5525, 9, 2, 56, 29, 0
5525, 1, 2, 56, 30, 0
5525, 1, 0, 56, 31, 0
5525, 0, 0, 56, 32, 0
5525, 9, 0, 56, 33, 0
5525, 9, 3, 56, 41, 0
5525, 0, 0, 56, 42, 0
5525, 1, 3, 56, 43, 0
5525, 1, 1, 56, 44, 0
5525, 0, 2, 56, 45, 0
5525, 9, 1, 56, 46, 0
5525, 9, 2, 57, 30, 0
5525, 0, 2, 57, 31, 0
5525, 1, 2, 57, 32, 0
5525, 1, 0, 57, 33, 0
5525, 9, 0, 57, 34, 0
5525, 9, 3, 57, 40, 0
5525, 1, 3, 57, 41, 0
5525, 1, 1, 57, 42, 0
5525, 0, 2, 57, 43, 0
5525, 9, 1, 57, 44, 0
5525, 9, 2, 58, 32, 0
5525, 1, 2, 58, 33, 0
5525, 1, 0, 58, 34, 0
5525, 0, 0, 58, 35, 0
5525, 0, 0, 58, 39, 0
5525, 1, 3, 58, 40, 0
5525, 1, 1, 58, 41, 0
5525, 9, 1, 58, 42, 0
5525, 9, 2, 59, 33, 0
5525, 0, 2, 59, 34, 0
5525, 0, 2, 59, 35, 0
5525, 0, 2, 59, 36, 0
5525, 0, 2, 59, 37, 0
5525, 0, 2, 59, 38, 0
5525, 0, 2, 59, 39, 0
5525, 0, 2, 59, 40, 0
5525, 9, 1, 59, 41, 0
5526, 10, 0, 44, 35, 0
5526, 10, 0, 48, 44, 0
5526, 10, 2, 49, 31, 0
5526, 10, 0, 49, 45, 0
5526, 10, 0, 50, 46, 0
5529, 9, 3, 44, 35, 1
5529, 0, 0, 44, 36, 1
5529, 0, 0, 44, 37, 1
5529, 0, 0, 44, 38, 1
5529, 0, 0, 44, 39, 1
5529, 0, 0, 44, 40, 1
5529, 0, 0, 44, 41, 1
5529, 9, 0, 44, 42, 1
5529, 9, 3, 45, 33, 1
5529, 0, 0, 45, 34, 1
5529, 1, 3, 45, 35, 1
5529, 0, 1, 45, 42, 1
5529, 9, 3, 46, 32, 1
5529, 1, 3, 46, 33, 1
5529, 0, 1, 46, 42, 1
5529, 0, 3, 47, 32, 1
5529, 1, 0, 47, 42, 1
5529, 9, 0, 47, 43, 1
5529, 0, 3, 48, 32, 1
5529, 1, 0, 48, 43, 1
5529, 9, 0, 48, 44, 1
5529, 9, 3, 49, 31, 1
5529, 1, 3, 49, 32, 1
5529, 1, 0, 49, 44, 1
5529, 9, 0, 49, 45, 1
5529, 0, 3, 50, 31, 1
5529, 1, 0, 50, 45, 1
5529, 9, 0, 50, 46, 1
5529, 0, 3, 51, 31, 1
5529, 0, 1, 51, 46, 1
5529, 0, 3, 52, 31, 1
5529, 0, 1, 52, 46, 1
5529, 0, 3, 53, 31, 1
5529, 0, 1, 53, 46, 1
5529, 0, 3, 54, 31, 1
5529, 1, 1, 54, 45, 1
5529, 9, 1, 54, 46, 1
5529, 0, 3, 55, 31, 1
5529, 1, 1, 55, 44, 1
5529, 9, 1, 55, 45, 1
5529, 9, 2, 56, 31, 1
5529, 1, 2, 56, 32, 1
5529, 1, 1, 56, 41, 1
5529, 0, 2, 56, 42, 1
5529, 0, 2, 56, 43, 1
5529, 9, 1, 56, 44, 1
5529, 9, 2, 57, 32, 1
5529, 0, 2, 57, 33, 1
5529, 1, 2, 57, 34, 1
5529, 1, 1, 57, 40, 1
5529, 9, 1, 57, 41, 1
5529, 9, 2, 58, 34, 1
5529, 0, 2, 58, 35, 1
5529, 0, 2, 58, 36, 1
5529, 0, 2, 58, 37, 1
5529, 0, 2, 58, 38, 1
5529, 0, 2, 58, 39, 1
5529, 9, 1, 58, 40, 1
5530, 10, 1, 45, 36, 1
5530, 10, 1, 45, 37, 1
5530, 10, 1, 45, 38, 1
5530, 10, 1, 45, 39, 1
5530, 10, 1, 45, 40, 1
5530, 10, 1, 45, 41, 1
5530, 10, 1, 46, 34, 1
5530, 10, 1, 46, 35, 1
5530, 10, 1, 46, 36, 1
5530, 10, 1, 46, 37, 1
5530, 10, 1, 46, 38, 1
5530, 10, 1, 46, 39, 1
5530, 10, 1, 46, 40, 1
5530, 10, 1, 46, 41, 1
5530, 10, 1, 47, 33, 1
5530, 10, 1, 47, 34, 1
5530, 10, 1, 47, 35, 1
5530, 10, 1, 47, 36, 1
5530, 10, 1, 47, 37, 1
5530, 10, 1, 47, 38, 1
5530, 10, 1, 47, 39, 1
5530, 10, 1, 47, 40, 1
5530, 10, 1, 47, 41, 1
5530, 10, 1, 48, 33, 1
5530, 10, 1, 48, 34, 1
5530, 10, 1, 48, 35, 1
5530, 10, 1, 48, 36, 1
5530, 10, 1, 48, 37, 1
5530, 10, 1, 48, 38, 1
5530, 10, 1, 48, 39, 1
5530, 10, 1, 48, 40, 1
5530, 10, 1, 48, 41, 1
5530, 10, 1, 48, 42, 1
5530, 10, 1, 49, 33, 1
5530, 10, 1, 49, 34, 1
5530, 10, 1, 49, 35, 1
5530, 10, 1, 49, 36, 1
5530, 10, 1, 49, 37, 1
5530, 10, 1, 49, 38, 1
5530, 10, 1, 49, 39, 1
5530, 10, 1, 49, 40, 1
5530, 10, 1, 49, 41, 1
5530, 10, 1, 49, 42, 1
5530, 10, 1, 49, 43, 1
5530, 10, 1, 50, 32, 1
5530, 10, 1, 50, 33, 1
5530, 10, 1, 50, 34, 1
5530, 10, 1, 50, 35, 1
5530, 10, 1, 50, 36, 1
5530, 10, 1, 50, 37, 1
5530, 10, 1, 50, 38, 1
5530, 10, 1, 50, 39, 1
5530, 10, 1, 50, 40, 1
5530, 10, 1, 50, 41, 1
5530, 10, 1, 50, 42, 1
5530, 10, 1, 50, 43, 1
5530, 10, 1, 50, 44, 1
5530, 10, 1, 51, 32, 1
5530, 10, 1, 51, 33, 1
5530, 10, 1, 51, 34, 1
5530, 10, 1, 51, 35, 1
5530, 10, 1, 51, 36, 1
5530, 10, 1, 51, 37, 1
5530, 10, 1, 51, 38, 1
5530, 10, 1, 51, 39, 1
5530, 10, 1, 51, 40, 1
5530, 10, 1, 51, 41, 1
5530, 10, 1, 51, 42, 1
5530, 10, 1, 51, 43, 1
5530, 10, 1, 51, 44, 1
5530, 10, 1, 51, 45, 1
5530, 10, 1, 52, 32, 1
5530, 10, 1, 52, 33, 1
5530, 10, 1, 52, 34, 1
5530, 10, 1, 52, 35, 1
5530, 10, 1, 52, 36, 1
5530, 10, 1, 52, 37, 1
5530, 10, 1, 52, 38, 1
5530, 10, 1, 52, 39, 1
5530, 10, 1, 52, 40, 1
5530, 10, 1, 52, 41, 1
5530, 10, 1, 52, 42, 1
5530, 10, 1, 52, 43, 1
5530, 10, 1, 52, 44, 1
5530, 10, 1, 52, 45, 1
5530, 10, 1, 53, 32, 1
5530, 10, 1, 53, 33, 1
5530, 10, 1, 53, 34, 1
5530, 10, 1, 53, 35, 1
5530, 10, 1, 53, 36, 1
5530, 10, 1, 53, 37, 1
5530, 10, 1, 53, 38, 1
5530, 10, 1, 53, 39, 1
5530, 10, 1, 53, 40, 1
5530, 10, 1, 53, 41, 1
5530, 10, 1, 53, 42, 1
5530, 10, 1, 53, 43, 1
5530, 10, 1, 53, 44, 1
5530, 10, 1, 53, 45, 1
5530, 10, 1, 54, 32, 1
5530, 10, 1, 54, 33, 1
5530, 10, 1, 54, 34, 1
5530, 10, 1, 54, 35, 1
5530, 10, 1, 54, 36, 1
5530, 10, 1, 54, 37, 1
5530, 10, 1, 54, 38, 1
5530, 10, 1, 54, 39, 1
5530, 10, 1, 54, 40, 1
5530, 10, 1, 54, 41, 1
5530, 10, 1, 54, 42, 1
5530, 10, 1, 54, 43, 1
5530, 10, 1, 54, 44, 1
5530, 10, 1, 55, 32, 1
5530, 10, 1, 55, 33, 1
5530, 10, 1, 55, 34, 1
5530, 10, 1, 55, 35, 1
5530, 10, 1, 55, 36, 1
5530, 10, 1, 55, 37, 1
5530, 10, 1, 55, 38, 1
5530, 10, 1, 55, 39, 1
5530, 10, 1, 55, 40, 1
5530, 10, 1, 55, 41, 1
5530, 10, 1, 55, 42, 1
5530, 10, 1, 55, 43, 1
5530, 10, 1, 56, 33, 1
5530, 10, 1, 56, 34, 1
5530, 10, 1, 56, 35, 1
5530, 10, 1, 56, 36, 1
5530, 10, 1, 56, 37, 1
5530, 10, 1, 56, 38, 1
5530, 10, 1, 56, 39, 1
5530, 10, 1, 56, 40, 1
5530, 10, 1, 57, 35, 1
5530, 10, 1, 57, 36, 1
5530, 10, 1, 57, 37, 1
5530, 10, 1, 57, 38, 1
5530, 10, 1, 57, 39, 1
6841, 10, 0, 53, 34, 0
6848, 10, 0, 15, 31, 0
6848, 10, 0, 17, 28, 0
6848, 10, 1, 18, 26, 0
6848, 10, 3, 47, 34, 0
6848, 10, 0, 52, 42, 0
6849, 11, 1, 15, 34, 0
6849, 11, 0, 21, 25, 0
6850, 10, 2, 57, 36, 0
6856, 10, 3, 24, 37, 0
6856, 10, 3, 24, 38, 0
6856, 10, 3, 24, 39, 0
6856, 10, 3, 24, 42, 0
6856, 10, 3, 24, 43, 0
6856, 10, 3, 26, 39, 0
6856, 10, 3, 26, 40, 0
6856, 10, 3, 26, 41, 0
6857, 10, 3, 24, 44, 0
6857, 10, 3, 26, 42, 0
6858, 10, 1, 24, 36, 0
6858, 10, 1, 26, 38, 0
6859, 10, 3, 14, 47, 0
6859, 10, 1, 16, 44, 0
6859, 10, 0, 17, 43, 0
6859, 10, 2, 17, 45, 0
6859, 10, 3, 18, 44, 0
6859, 10, 1, 23, 38, 0
6859, 10, 1, 23, 42, 0
6859, 10, 1, 23, 44, 0
6859, 10, 3, 34, 49, 0
6860, 10, 3, 31, 30, 0
6860, 10, 3, 31, 49, 0
6863, 10, 2, 17, 44, 0
6863, 10, 1, 28, 46, 0
6863, 10, 2, 29, 46, 0
6863, 10, 0, 31, 32, 0
6863, 10, 3, 32, 30, 0
6863, 10, 0, 32, 49, 0
6863, 10, 2, 33, 30, 0
6863, 10, 2, 33, 32, 0
6863, 10, 0, 33, 47, 0
6863, 10, 3, 33, 49, 0
6863, 10, 1, 34, 30, 0
6864, 10, 3, 13, 46, 0
6864, 10, 2, 14, 46, 0
6864, 10, 3, 30, 32, 0
6864, 10, 0, 30, 33, 0
6864, 10, 1, 31, 33, 0
6865, 10, 0, 20, 34, 0
6865, 11, 1, 28, 36, 0
6865, 11, 2, 28, 43, 0
6865, 10, 1, 32, 32, 0
6865, 10, 3, 32, 47, 0
6865, 11, 0, 39, 35, 0
6865, 11, 3, 39, 43, 0
6866, 10, 0, 33, 39, 0
6867, 10, 0, 35, 32, 0
6867, 10, 0, 36, 32, 0
6867, 10, 0, 36, 47, 0
6867, 10, 0, 37, 33, 0
6867, 11, 1, 37, 47, 0
6867, 10, 0, 38, 34, 0
6867, 11, 1, 38, 46, 0
6867, 10, 0, 39, 45, 0
6868, 11, 2, 36, 33, 0
6868, 11, 2, 37, 34, 0
6868, 11, 1, 37, 46, 0
6868, 11, 1, 38, 45, 0
6869, 22, 1, 41, 39, 0
6869, 22, 1, 42, 39, 0
6870, 22, 1, 41, 38, 0
6870, 22, 1, 42, 38, 0
6878, 10, 3, 24, 40, 0
6879, 10, 3, 24, 41, 0
6895, 10, 3, 13, 47, 0
6896, 10, 0, 56, 34, 0
6896, 10, 2, 56, 40, 0
