174, 22, 0, 29, 38, 0
174, 22, 3, 36, 58, 0
174, 22, 2, 38, 40, 0
174, 22, 3, 40, 49, 0
174, 22, 2, 42, 25, 0
174, 22, 2, 42, 58, 0
174, 22, 0, 42, 63, 0
174, 22, 1, 50, 50, 0
174, 22, 3, 52, 34, 0
174, 22, 2, 52, 57, 0
174, 22, 0, 53, 45, 0
174, 22, 1, 54, 24, 0
174, 22, 1, 54, 37, 0
174, 22, 2, 57, 51, 0
174, 22, 1, 57, 62, 0
175, 22, 0, 29, 56, 0
175, 22, 0, 30, 19, 0
175, 22, 0, 36, 29, 0
175, 22, 3, 36, 42, 0
175, 22, 1, 38, 25, 0
175, 22, 0, 44, 39, 0
175, 22, 2, 44, 42, 0
175, 22, 3, 48, 57, 0
175, 22, 2, 52, 29, 0
175, 22, 3, 52, 42, 0
175, 22, 0, 55, 31, 0
175, 22, 2, 56, 52, 0
175, 22, 0, 57, 47, 0
176, 22, 2, 11, 50, 0
197, 4, 2, 27, 43, 0
197, 4, 2, 27, 47, 0
197, 4, 2, 34, 30, 0
197, 4, 2, 34, 36, 0
197, 4, 2, 34, 42, 0
197, 4, 1, 35, 22, 0
197, 4, 3, 37, 20, 0
197, 4, 1, 37, 22, 0
197, 4, 3, 37, 54, 0
197, 4, 0, 40, 38, 0
197, 4, 0, 40, 42, 0
197, 4, 2, 42, 35, 0
197, 4, 2, 42, 38, 0
197, 4, 2, 42, 42, 0
197, 4, 3, 43, 54, 0
197, 4, 1, 44, 22, 0
197, 4, 1, 49, 56, 0
197, 4, 2, 50, 32, 0
197, 4, 2, 50, 41, 0
197, 4, 1, 51, 22, 0
197, 4, 1, 51, 56, 0
197, 4, 3, 55, 59, 0
197, 4, 3, 57, 59, 0
206, 5, 2, 24, 47, 0
206, 5, 3, 25, 48, 0
206, 5, 3, 27, 48, 0
306, 11, 3, 55, 25, 0
307, 10, 1, 34, 47, 0
324, 22, 1, 2, 36, 0
324, 22, 3, 5, 27, 0
324, 22, 0, 6, 5, 0
324, 22, 2, 7, 35, 0
324, 22, 3, 25, 53, 0
324, 22, 1, 26, 1, 0
324, 22, 2, 32, 1, 0
324, 22, 2, 33, 1, 0
324, 22, 3, 33, 36, 0
324, 22, 0, 34, 21, 0
324, 22, 0, 34, 25, 0
324, 22, 3, 34, 29, 0
324, 22, 3, 34, 51, 0
324, 22, 0, 38, 1, 0
324, 22, 3, 40, 44, 0
324, 22, 3, 43, 54, 0
324, 22, 0, 43, 59, 0
324, 22, 1, 45, 50, 0
324, 22, 0, 51, 22, 0
324, 22, 0, 58, 30, 0
325, 22, 0, 1, 36, 0
325, 22, 3, 1, 54, 0
325, 22, 2, 1, 55, 0
325, 22, 0, 2, 35, 0
325, 22, 1, 2, 37, 0
325, 22, 1, 2, 47, 0
325, 22, 0, 2, 53, 0
325, 22, 1, 2, 55, 0
325, 22, 2, 2, 61, 0
325, 22, 2, 3, 36, 0
325, 22, 0, 3, 37, 0
325, 22, 3, 3, 40, 0
325, 22, 3, 3, 45, 0
325, 22, 0, 3, 55, 0
325, 22, 0, 3, 62, 0
325, 22, 2, 3, 63, 0
325, 22, 3, 4, 31, 0
325, 22, 2, 4, 36, 0
325, 22, 0, 4, 38, 0
325, 22, 0, 4, 39, 0
325, 22, 2, 4, 46, 0
325, 22, 3, 4, 61, 0
325, 22, 3, 4, 62, 0
325, 22, 1, 4, 63, 0
325, 22, 1, 5, 5, 0
325, 22, 2, 5, 26, 0
325, 22, 0, 5, 28, 0
325, 22, 0, 5, 30, 0
325, 22, 2, 5, 32, 0
325, 22, 0, 5, 35, 0
325, 22, 1, 5, 37, 0
325, 22, 2, 5, 40, 0
325, 22, 3, 5, 49, 0
325, 22, 2, 5, 57, 0
325, 22, 0, 5, 62, 0
325, 22, 1, 6, 4, 0
325, 22, 2, 6, 6, 0
325, 22, 3, 6, 27, 0
325, 22, 1, 6, 31, 0
325, 22, 2, 6, 35, 0
325, 22, 1, 6, 40, 0
325, 22, 0, 6, 50, 0
325, 22, 2, 6, 58, 0
325, 22, 0, 6, 61, 0
325, 22, 1, 6, 63, 0
325, 22, 3, 7, 5, 0
325, 22, 0, 7, 29, 0
325, 22, 0, 7, 34, 0
325, 22, 1, 7, 36, 0
325, 22, 1, 7, 40, 0
325, 22, 0, 7, 45, 0
325, 22, 2, 7, 49, 0
325, 22, 0, 7, 51, 0
325, 22, 0, 7, 53, 0
325, 22, 3, 7, 55, 0
325, 22, 0, 7, 62, 0
325, 22, 2, 8, 28, 0
325, 22, 0, 8, 30, 0
325, 22, 1, 8, 33, 0
325, 22, 3, 8, 35, 0
325, 22, 0, 8, 39, 0
325, 22, 3, 8, 46, 0
325, 22, 1, 8, 50, 0
325, 22, 3, 8, 52, 0
325, 22, 1, 8, 54, 0
325, 22, 2, 8, 61, 0
325, 22, 3, 8, 63, 0
325, 22, 3, 9, 1, 0
325, 22, 1, 9, 29, 0
325, 22, 2, 9, 34, 0
325, 22, 3, 9, 40, 0
325, 22, 3, 9, 45, 0
325, 22, 3, 9, 51, 0
325, 22, 2, 9, 62, 0
325, 22, 0, 10, 0, 0
325, 22, 2, 10, 2, 0
325, 22, 2, 10, 7, 0
325, 22, 1, 10, 8, 0
325, 22, 1, 10, 26, 0
325, 22, 3, 10, 33, 0
325, 22, 1, 10, 39, 0
325, 22, 0, 10, 51, 0
325, 22, 1, 10, 61, 0
325, 22, 2, 10, 62, 0
325, 22, 1, 11, 1, 0
325, 22, 0, 11, 2, 0
325, 22, 1, 11, 7, 0
325, 22, 3, 11, 9, 0
325, 22, 0, 11, 25, 0
325, 22, 0, 11, 32, 0
325, 22, 2, 11, 34, 0
325, 22, 0, 11, 39, 0
325, 22, 3, 11, 49, 0
325, 22, 3, 11, 52, 0
325, 22, 3, 11, 62, 0
325, 22, 1, 12, 1, 0
325, 22, 2, 12, 3, 0
325, 22, 1, 12, 8, 0
325, 22, 2, 12, 26, 0
325, 22, 3, 12, 27, 0
325, 22, 1, 12, 33, 0
325, 22, 0, 12, 39, 0
325, 22, 2, 12, 50, 0
325, 22, 2, 12, 51, 0
325, 22, 0, 12, 62, 0
325, 22, 3, 12, 63, 0
325, 22, 3, 13, 1, 0
325, 22, 0, 13, 2, 0
325, 22, 3, 13, 10, 0
325, 22, 2, 13, 36, 0
325, 22, 0, 13, 40, 0
325, 22, 1, 13, 49, 0
325, 22, 2, 13, 51, 0
325, 22, 0, 13, 61, 0
325, 22, 0, 14, 0, 0
325, 22, 2, 14, 2, 0
325, 22, 1, 14, 9, 0
325, 22, 2, 14, 11, 0
325, 22, 1, 14, 29, 0
325, 22, 0, 14, 31, 0
325, 22, 0, 14, 35, 0
325, 22, 1, 14, 37, 0
325, 22, 1, 14, 48, 0
325, 22, 1, 14, 49, 0
325, 22, 0, 14, 50, 0
325, 22, 2, 14, 52, 0
325, 22, 2, 14, 61, 0
325, 22, 3, 15, 0, 0
325, 22, 1, 15, 2, 0
325, 22, 1, 15, 4, 0
325, 22, 3, 15, 26, 0
325, 22, 1, 15, 28, 0
325, 22, 0, 15, 36, 0
325, 22, 1, 15, 50, 0
325, 22, 3, 15, 51, 0
325, 22, 2, 16, 1, 0
325, 22, 1, 16, 5, 0
325, 22, 1, 16, 8, 0
325, 22, 1, 16, 10, 0
325, 22, 2, 16, 25, 0
325, 22, 2, 16, 29, 0
325, 22, 0, 16, 30, 0
325, 22, 3, 16, 40, 0
325, 22, 0, 16, 48, 0
325, 22, 2, 16, 49, 0
325, 22, 3, 17, 5, 0
325, 22, 2, 17, 7, 0
325, 22, 2, 17, 39, 0
325, 22, 3, 18, 4, 0
325, 22, 0, 18, 40, 0
325, 22, 2, 18, 51, 0
325, 22, 0, 19, 1, 0
325, 22, 3, 19, 2, 0
325, 22, 2, 19, 52, 0
325, 22, 1, 20, 2, 0
325, 22, 2, 20, 3, 0
325, 22, 1, 21, 2, 0
325, 22, 1, 21, 4, 0
325, 22, 0, 21, 51, 0
325, 22, 0, 22, 50, 0
325, 22, 2, 22, 52, 0
325, 22, 3, 24, 53, 0
325, 22, 1, 25, 1, 0
325, 22, 3, 25, 2, 0
325, 22, 1, 25, 52, 0
325, 22, 2, 25, 54, 0
325, 22, 3, 26, 0, 0
325, 22, 3, 26, 3, 0
325, 22, 2, 26, 51, 0
325, 22, 0, 26, 53, 0
325, 22, 0, 27, 1, 0
325, 22, 1, 27, 2, 0
325, 22, 3, 27, 52, 0
325, 22, 0, 27, 54, 0
325, 22, 2, 28, 0, 0
325, 22, 1, 28, 53, 0
325, 22, 0, 28, 55, 0
325, 22, 0, 29, 1, 0
325, 22, 2, 29, 54, 0
325, 22, 3, 31, 1, 0
325, 22, 1, 31, 52, 0
325, 22, 3, 32, 2, 0
325, 22, 0, 32, 21, 0
325, 22, 1, 32, 24, 0
325, 22, 3, 32, 32, 0
325, 22, 3, 32, 36, 0
325, 22, 2, 32, 51, 0
325, 22, 0, 32, 53, 0
325, 22, 3, 33, 0, 0
325, 22, 2, 33, 2, 0
325, 22, 2, 33, 25, 0
325, 22, 3, 33, 29, 0
325, 22, 1, 33, 32, 0
325, 22, 1, 33, 35, 0
325, 22, 0, 33, 38, 0
325, 22, 3, 33, 41, 0
325, 22, 0, 33, 51, 0
325, 22, 0, 33, 52, 0
325, 22, 0, 34, 1, 0
325, 22, 2, 34, 20, 0
325, 22, 3, 34, 22, 0
325, 22, 3, 34, 24, 0
325, 22, 2, 34, 30, 0
325, 22, 0, 34, 36, 0
325, 22, 0, 34, 42, 0
325, 22, 3, 34, 52, 0
325, 22, 0, 35, 21, 0
325, 22, 3, 35, 50, 0
325, 22, 2, 36, 22, 0
325, 22, 1, 37, 1, 0
325, 22, 0, 37, 21, 0
325, 22, 2, 37, 59, 0
325, 22, 2, 38, 0, 0
325, 22, 1, 38, 60, 0
325, 22, 3, 39, 0, 0
325, 22, 3, 39, 1, 0
325, 22, 0, 39, 2, 0
325, 22, 2, 39, 51, 0
325, 22, 3, 39, 54, 0
325, 22, 0, 39, 59, 0
325, 22, 3, 40, 30, 0
325, 22, 2, 40, 32, 0
325, 22, 1, 40, 37, 0
325, 22, 2, 40, 38, 0
325, 22, 0, 40, 42, 0
325, 22, 1, 40, 51, 0
325, 22, 3, 40, 55, 0
325, 22, 2, 41, 31, 0
325, 22, 0, 41, 35, 0
325, 22, 3, 41, 41, 0
325, 22, 2, 41, 43, 0
325, 22, 0, 41, 44, 0
325, 22, 3, 41, 51, 0
325, 22, 0, 41, 52, 0
325, 22, 1, 42, 31, 0
325, 22, 3, 42, 36, 0
325, 22, 1, 42, 51, 0
325, 22, 2, 43, 0, 0
325, 22, 3, 43, 21, 0
325, 22, 1, 43, 55, 0
325, 22, 0, 43, 60, 0
325, 22, 1, 44, 1, 0
325, 22, 2, 44, 20, 0
325, 22, 0, 44, 54, 0
325, 22, 2, 44, 59, 0
325, 22, 0, 45, 0, 0
325, 22, 3, 45, 54, 0
325, 22, 1, 46, 1, 0
325, 22, 2, 46, 22, 0
325, 22, 2, 46, 55, 0
325, 22, 3, 46, 61, 0
325, 22, 1, 47, 0, 0
325, 22, 3, 47, 1, 0
325, 22, 2, 48, 1, 0
325, 22, 0, 48, 30, 0
325, 22, 3, 48, 32, 0
325, 22, 0, 48, 38, 0
325, 22, 0, 48, 42, 0
325, 22, 1, 49, 21, 0
325, 22, 3, 49, 31, 0
325, 22, 2, 49, 35, 0
325, 22, 3, 49, 43, 0
325, 22, 2, 49, 60, 0
325, 22, 3, 50, 20, 0
325, 22, 2, 50, 21, 0
325, 22, 3, 50, 41, 0
325, 22, 0, 50, 49, 0
325, 22, 2, 50, 59, 0
325, 22, 1, 50, 61, 0
325, 22, 0, 51, 0, 0
325, 22, 2, 51, 21, 0
325, 22, 1, 51, 48, 0
325, 22, 2, 51, 50, 0
325, 22, 3, 51, 56, 0
325, 22, 1, 52, 1, 0
325, 22, 2, 52, 55, 0
325, 22, 2, 53, 0, 0
325, 22, 0, 53, 49, 0
325, 22, 0, 54, 1, 0
325, 22, 0, 55, 21, 0
325, 22, 1, 55, 22, 0
325, 22, 2, 55, 55, 0
325, 22, 2, 56, 31, 0
325, 22, 0, 56, 37, 0
325, 22, 3, 56, 42, 0
325, 22, 3, 56, 44, 0
325, 22, 0, 56, 54, 0
325, 22, 1, 56, 56, 0
325, 22, 3, 57, 30, 0
325, 22, 1, 57, 32, 0
325, 22, 3, 57, 35, 0
325, 22, 3, 57, 36, 0
325, 22, 1, 57, 38, 0
325, 22, 2, 57, 41, 0
325, 22, 1, 57, 43, 0
325, 22, 3, 57, 59, 0
325, 22, 2, 58, 31, 0
325, 22, 2, 58, 36, 0
325, 22, 1, 58, 42, 0
325, 22, 3, 58, 43, 0
325, 22, 2, 58, 60, 0
325, 22, 1, 60, 44, 0
325, 22, 3, 61, 49, 0
325, 22, 0, 61, 50, 0
325, 22, 2, 62, 49, 0
325, 22, 2, 63, 50, 0
326, 22, 0, 2, 54, 0
326, 22, 2, 3, 46, 0
326, 22, 0, 3, 52, 0
326, 22, 1, 3, 61, 0
326, 22, 2, 4, 37, 0
326, 22, 3, 4, 40, 0
326, 22, 1, 4, 50, 0
326, 22, 0, 4, 55, 0
326, 22, 2, 5, 31, 0
326, 22, 3, 5, 43, 0
326, 22, 0, 5, 63, 0
326, 22, 3, 6, 49, 0
326, 22, 2, 6, 57, 0
326, 22, 3, 6, 62, 0
326, 22, 3, 7, 43, 0
326, 22, 3, 7, 54, 0
326, 22, 1, 8, 29, 0
326, 22, 0, 8, 34, 0
326, 22, 3, 8, 40, 0
326, 22, 2, 8, 45, 0
326, 22, 2, 8, 51, 0
326, 22, 2, 8, 62, 0
326, 22, 1, 10, 1, 0
326, 22, 1, 10, 40, 0
326, 22, 2, 10, 53, 0
326, 22, 2, 10, 54, 0
326, 22, 2, 11, 8, 0
326, 22, 1, 11, 26, 0
326, 22, 0, 11, 33, 0
326, 22, 1, 11, 40, 0
326, 22, 0, 11, 51, 0
326, 22, 2, 11, 61, 0
326, 22, 0, 12, 2, 0
326, 22, 0, 12, 40, 0
326, 22, 3, 12, 49, 0
326, 22, 1, 12, 61, 0
326, 22, 0, 13, 62, 0
326, 22, 0, 14, 1, 0
326, 22, 1, 14, 10, 0
326, 22, 0, 14, 36, 0
326, 22, 1, 14, 43, 0
326, 22, 1, 14, 51, 0
326, 22, 3, 15, 1, 0
326, 22, 2, 15, 29, 0
326, 22, 3, 15, 30, 0
326, 22, 3, 15, 48, 0
326, 22, 0, 15, 49, 0
326, 22, 1, 15, 56, 0
326, 22, 1, 16, 4, 0
326, 22, 0, 16, 7, 0
326, 22, 0, 17, 3, 0
326, 22, 0, 17, 4, 0
326, 22, 3, 17, 40, 0
326, 22, 0, 17, 43, 0
326, 22, 3, 18, 52, 0
326, 22, 3, 21, 3, 0
326, 22, 0, 22, 51, 0
326, 22, 3, 26, 2, 0
326, 22, 1, 26, 52, 0
326, 22, 0, 28, 1, 0
326, 22, 2, 28, 54, 0
326, 22, 1, 32, 25, 0
326, 22, 1, 32, 43, 0
326, 22, 0, 32, 52, 0
326, 22, 0, 34, 41, 0
326, 22, 3, 34, 50, 0
326, 22, 3, 36, 51, 0
326, 22, 2, 37, 22, 0
326, 22, 2, 38, 59, 0
326, 22, 2, 40, 31, 0
326, 22, 3, 40, 54, 0
326, 22, 0, 41, 42, 0
326, 22, 1, 42, 35, 0
326, 22, 3, 42, 49, 0
326, 22, 1, 42, 52, 0
326, 22, 0, 43, 20, 0
326, 22, 3, 44, 50, 0
326, 22, 2, 45, 1, 0
326, 22, 1, 46, 54, 0
326, 22, 3, 48, 0, 0
326, 22, 0, 48, 29, 0
326, 22, 1, 48, 31, 0
326, 22, 3, 48, 43, 0
326, 22, 0, 49, 20, 0
326, 22, 2, 50, 35, 0
326, 22, 3, 50, 60, 0
326, 22, 1, 51, 49, 0
326, 22, 1, 52, 0, 0
326, 22, 2, 52, 49, 0
326, 22, 0, 52, 56, 0
326, 22, 0, 53, 1, 0
326, 22, 3, 53, 50, 0
326, 22, 1, 55, 54, 0
326, 22, 2, 56, 22, 0
326, 22, 2, 56, 32, 0
326, 22, 0, 56, 41, 0
326, 22, 1, 56, 43, 0
326, 22, 1, 57, 37, 0
326, 22, 1, 58, 35, 0
326, 22, 1, 58, 59, 0
326, 22, 1, 62, 50, 0
348, 10, 0, 32, 31, 0
348, 10, 3, 41, 35, 0
348, 10, 3, 45, 20, 0
360, 10, 0, 33, 25, 0
360, 10, 3, 41, 32, 0
360, 10, 2, 46, 20, 0
360, 10, 0, 49, 22, 0
361, 10, 0, 31, 31, 0
361, 10, 1, 46, 62, 0
361, 10, 0, 49, 41, 0
361, 10, 0, 52, 59, 0
361, 10, 3, 58, 32, 0
361, 10, 3, 58, 61, 0
362, 10, 3, 31, 24, 0
362, 10, 3, 31, 25, 0
362, 10, 0, 32, 20, 0
362, 10, 1, 32, 29, 0
362, 10, 0, 37, 56, 0
362, 10, 1, 41, 38, 0
362, 10, 1, 42, 41, 0
362, 10, 1, 47, 20, 0
362, 10, 1, 47, 21, 0
362, 10, 0, 49, 61, 0
362, 10, 0, 50, 61, 0
362, 10, 0, 52, 56, 0
365, 10, 0, 40, 54, 0
365, 10, 3, 42, 43, 0
365, 10, 2, 48, 44, 0
365, 10, 3, 49, 54, 0
365, 10, 3, 56, 61, 0
365, 10, 3, 58, 31, 0
422, 10, 3, 32, 32, 0
422, 10, 3, 32, 35, 0
422, 10, 3, 32, 37, 0
422, 10, 3, 32, 41, 0
422, 10, 3, 32, 42, 0
422, 10, 3, 32, 44, 0
422, 10, 0, 40, 55, 0
422, 10, 1, 41, 29, 0
422, 10, 1, 41, 30, 0
422, 10, 1, 41, 36, 0
422, 11, 1, 41, 44, 0
422, 10, 0, 43, 55, 0
422, 10, 0, 44, 55, 0
422, 10, 0, 46, 55, 0
422, 10, 0, 46, 60, 0
422, 10, 1, 49, 29, 0
422, 10, 1, 49, 30, 0
422, 10, 2, 50, 41, 0
422, 10, 0, 50, 55, 0
422, 10, 0, 51, 60, 0
422, 10, 0, 55, 60, 0
422, 10, 3, 56, 29, 0
422, 10, 3, 56, 30, 0
422, 10, 0, 57, 55, 0
422, 10, 0, 57, 60, 0
444, 10, 2, 28, 50, 0
444, 10, 1, 29, 22, 0
444, 10, 0, 34, 17, 0
444, 10, 2, 58, 63, 0
444, 10, 3, 59, 25, 0
444, 10, 3, 61, 28, 0
445, 10, 1, 30, 17, 0
445, 10, 1, 30, 47, 0
445, 10, 0, 61, 23, 0
612, 10, 0, 33, 23, 0
650, 4, 0, 25, 45, 1
650, 4, 2, 27, 45, 1
652, 22, 1, 27, 45, 1
654, 22, 0, 25, 47, 1
656, 4, 0, 25, 47, 1
657, 4, 1, 27, 47, 1
692, 10, 3, 27, 43, 0
697, 11, 0, 13, 25, 0
697, 11, 0, 26, 47, 0
697, 10, 3, 27, 47, 0
697, 11, 0, 45, 46, 0
907, 5, 2, 24, 45, 0
908, 4, 2, 27, 46, 0
908, 4, 0, 25, 46, 1
908, 5, 3, 26, 45, 1
908, 4, 1, 26, 47, 1
908, 4, 2, 27, 46, 1
919, 22, 3, 25, 43, 0
919, 22, 3, 25, 44, 0
920, 22, 3, 26, 44, 0
920, 22, 0, 26, 47, 0
920, 22, 2, 27, 44, 0
920, 22, 1, 27, 47, 0
921, 22, 3, 26, 45, 0
921, 22, 3, 26, 46, 0
921, 22, 1, 27, 45, 0
921, 22, 1, 27, 46, 0
1015, 10, 3, 35, 20, 0
1016, 10, 1, 32, 25, 0
1017, 10, 1, 34, 25, 0
1018, 10, 3, 34, 20, 0
1019, 4, 0, 25, 47, 0
1020, 4, 0, 25, 46, 0
1021, 4, 3, 26, 43, 0
1027, 10, 0, 29, 45, 0
1027, 10, 3, 30, 27, 0
1027, 10, 3, 30, 33, 0
1027, 10, 0, 30, 39, 0
1027, 10, 0, 35, 33, 0
1027, 10, 2, 37, 60, 0
1027, 10, 2, 37, 63, 0
1027, 10, 0, 43, 28, 0
1027, 10, 2, 43, 32, 0
1027, 10, 0, 43, 35, 0
1027, 10, 2, 43, 40, 0
1027, 10, 2, 43, 63, 0
1027, 10, 0, 44, 44, 0
1027, 10, 3, 44, 59, 0
1027, 10, 2, 45, 38, 0
1027, 10, 2, 45, 42, 0
1027, 10, 2, 51, 63, 0
1028, 10, 0, 43, 37, 0
1029, 10, 3, 30, 37, 0
1029, 10, 0, 47, 29, 0
1029, 10, 0, 47, 63, 0
1030, 10, 0, 44, 30, 0
1031, 10, 0, 44, 31, 0
1089, 10, 0, 32, 36, 0
1089, 10, 3, 34, 44, 0
1089, 10, 1, 38, 56, 0
1089, 10, 0, 45, 56, 0
1089, 10, 3, 45, 59, 0
1089, 10, 2, 46, 49, 0
1089, 10, 2, 48, 31, 0
1102, 10, 2, 34, 32, 0
1102, 10, 0, 40, 29, 0
1102, 10, 1, 43, 20, 0
1102, 10, 1, 48, 30, 0
1102, 10, 3, 48, 41, 0
1102, 10, 2, 49, 20, 0
1189, 10, 3, 39, 11, 0
1189, 10, 3, 43, 13, 0
1189, 10, 0, 55, 11, 0
1189, 10, 1, 55, 12, 0
1189, 10, 2, 56, 13, 0
1189, 10, 3, 58, 7, 0
1189, 10, 0, 58, 12, 0
1246, 22, 0, 2, 31, 0
1246, 22, 1, 3, 28, 0
1246, 22, 2, 3, 30, 0
1246, 22, 2, 4, 27, 0
1246, 22, 2, 4, 49, 0
1246, 22, 3, 5, 52, 0
1246, 22, 3, 5, 53, 0
1246, 22, 3, 5, 54, 0
1246, 22, 1, 6, 45, 0
1246, 22, 2, 6, 54, 0
1246, 22, 3, 7, 22, 0
1246, 22, 0, 7, 44, 0
1246, 22, 3, 8, 49, 0
1246, 22, 0, 8, 53, 0
1246, 22, 2, 9, 36, 0
1246, 22, 3, 9, 46, 0
1246, 22, 3, 9, 53, 0
1246, 22, 3, 9, 54, 0
1246, 22, 0, 10, 23, 0
1246, 22, 3, 10, 37, 0
1246, 22, 2, 10, 44, 0
1246, 22, 3, 10, 45, 0
1246, 22, 0, 10, 49, 0
1246, 22, 2, 10, 56, 0
1246, 22, 3, 11, 46, 0
1246, 22, 3, 11, 48, 0
1246, 22, 0, 11, 55, 0
1246, 22, 2, 12, 30, 0
1246, 22, 2, 12, 48, 0
1246, 22, 3, 12, 56, 0
1246, 22, 2, 13, 23, 0
1246, 22, 0, 13, 47, 0
1246, 22, 3, 13, 55, 0
1246, 22, 2, 13, 58, 0
1246, 22, 1, 14, 22, 0
1246, 22, 3, 14, 45, 0
1246, 22, 2, 14, 47, 0
1246, 22, 3, 14, 53, 0
1246, 22, 0, 15, 34, 0
1246, 22, 3, 15, 43, 0
1246, 22, 1, 15, 45, 0
1246, 22, 0, 15, 47, 0
1246, 22, 0, 16, 45, 0
1246, 22, 1, 16, 47, 0
1246, 22, 0, 16, 54, 0
1246, 22, 0, 17, 48, 0
1246, 22, 3, 18, 13, 0
1246, 22, 3, 18, 35, 0
1246, 22, 2, 18, 50, 0
1246, 22, 3, 18, 56, 0
1246, 22, 0, 19, 32, 0
1246, 22, 2, 19, 44, 0
1246, 22, 1, 19, 46, 0
1246, 22, 3, 19, 57, 0
1246, 22, 0, 20, 53, 0
1246, 22, 0, 20, 54, 0
1246, 22, 3, 20, 55, 0
1246, 22, 0, 20, 62, 0
1246, 22, 1, 21, 16, 0
1246, 22, 1, 21, 31, 0
1246, 22, 1, 21, 48, 0
1246, 22, 0, 22, 10, 0
1246, 22, 0, 22, 21, 0
1246, 22, 0, 22, 29, 0
1246, 22, 0, 22, 32, 0
1246, 22, 1, 23, 9, 0
1246, 22, 0, 23, 47, 0
1246, 22, 0, 25, 24, 0
1246, 22, 0, 25, 37, 0
1246, 22, 0, 27, 55, 0
1246, 22, 1, 27, 62, 0
1246, 22, 1, 28, 12, 0
1246, 22, 1, 29, 48, 0
1246, 22, 3, 32, 54, 0
1246, 22, 0, 32, 56, 0
1246, 22, 0, 32, 59, 0
1246, 22, 0, 34, 60, 0
1246, 22, 1, 34, 61, 0
1246, 22, 1, 34, 62, 0
1246, 22, 3, 35, 46, 0
1246, 22, 0, 38, 18, 0
1246, 22, 0, 39, 27, 0
1246, 22, 1, 48, 25, 0
1246, 22, 3, 50, 11, 0
1246, 22, 1, 52, 27, 0
1246, 22, 2, 53, 13, 0
1246, 22, 1, 53, 35, 0
1246, 22, 0, 53, 40, 0
1246, 22, 0, 54, 42, 0
1246, 22, 0, 55, 27, 0
1246, 22, 1, 58, 9, 0
1246, 22, 3, 58, 20, 0
1246, 22, 1, 60, 8, 0
1246, 22, 1, 60, 12, 0
1246, 22, 0, 60, 40, 0
1246, 22, 0, 60, 47, 0
1246, 22, 1, 60, 61, 0
1246, 22, 3, 61, 3, 0
1246, 22, 3, 61, 25, 0
1246, 22, 2, 61, 26, 0
1246, 22, 2, 61, 34, 0
1246, 22, 1, 61, 59, 0
1246, 22, 2, 61, 61, 0
1246, 22, 0, 62, 7, 0
1246, 22, 1, 62, 33, 0
1246, 22, 1, 62, 46, 0
1246, 22, 0, 63, 63, 0
1247, 22, 1, 0, 29, 0
1247, 22, 3, 1, 31, 0
1247, 22, 2, 1, 44, 0
1247, 22, 1, 1, 45, 0
1247, 22, 2, 1, 57, 0
1247, 22, 2, 2, 29, 0
1247, 22, 2, 2, 46, 0
1247, 22, 3, 2, 56, 0
1247, 22, 0, 3, 35, 0
1247, 22, 0, 3, 44, 0
1247, 22, 3, 3, 47, 0
1247, 22, 0, 3, 53, 0
1247, 22, 1, 4, 34, 0
1247, 22, 0, 4, 45, 0
1247, 22, 3, 4, 56, 0
1247, 22, 2, 4, 57, 0
1247, 22, 1, 5, 44, 0
1247, 22, 1, 5, 46, 0
1247, 22, 3, 5, 48, 0
1247, 22, 3, 5, 56, 0
1247, 22, 0, 6, 48, 0
1247, 22, 0, 6, 56, 0
1247, 22, 1, 7, 23, 0
1247, 22, 3, 7, 32, 0
1247, 22, 3, 7, 37, 0
1247, 22, 0, 7, 47, 0
1247, 22, 1, 7, 56, 0
1247, 22, 2, 8, 23, 0
1247, 22, 1, 8, 58, 0
1247, 22, 3, 9, 22, 0
1247, 22, 1, 9, 44, 0
1247, 22, 1, 9, 47, 0
1247, 22, 2, 9, 57, 0
1247, 22, 2, 10, 57, 0
1247, 22, 0, 11, 27, 0
1247, 22, 1, 11, 29, 0
1247, 22, 2, 11, 44, 0
1247, 22, 2, 11, 58, 0
1247, 22, 3, 12, 38, 0
1247, 22, 3, 12, 43, 0
1247, 22, 2, 12, 46, 0
1247, 22, 2, 12, 54, 0
1247, 22, 3, 12, 57, 0
1247, 22, 0, 13, 39, 0
1247, 22, 1, 13, 46, 0
1247, 22, 3, 13, 54, 0
1247, 22, 1, 14, 46, 0
1247, 22, 1, 15, 31, 0
1247, 22, 3, 15, 44, 0
1247, 22, 2, 15, 55, 0
1247, 22, 1, 15, 57, 0
1247, 22, 2, 16, 34, 0
1247, 22, 3, 16, 36, 0
1247, 22, 2, 16, 44, 0
1247, 22, 3, 16, 55, 0
1247, 22, 3, 17, 15, 0
1247, 22, 2, 17, 34, 0
1247, 22, 0, 17, 44, 0
1247, 22, 0, 18, 15, 0
1247, 22, 1, 18, 39, 0
1247, 22, 1, 18, 45, 0
1247, 22, 0, 19, 23, 0
1247, 22, 0, 19, 39, 0
1247, 22, 1, 19, 43, 0
1247, 22, 3, 20, 21, 0
1247, 22, 1, 20, 44, 0
1247, 22, 0, 20, 57, 0
1247, 22, 3, 21, 9, 0
1247, 22, 0, 21, 30, 0
1247, 22, 0, 22, 8, 0
1247, 22, 3, 22, 31, 0
1247, 22, 1, 22, 57, 0
1247, 22, 0, 29, 4, 0
1247, 22, 0, 30, 5, 0
1247, 22, 2, 30, 48, 0
1247, 22, 1, 31, 4, 0
1247, 22, 1, 31, 40, 0
1247, 22, 0, 31, 55, 0
1247, 22, 3, 32, 5, 0
1247, 22, 2, 33, 17, 0
1247, 22, 1, 33, 56, 0
1247, 22, 0, 33, 61, 0
1247, 22, 3, 36, 4, 0
1247, 22, 2, 36, 6, 0
1247, 22, 3, 36, 48, 0
1247, 22, 2, 37, 17, 0
1247, 22, 2, 37, 35, 0
1247, 22, 3, 38, 19, 0
1247, 22, 0, 39, 18, 0
1247, 22, 2, 39, 38, 0
1247, 22, 3, 41, 21, 0
1247, 22, 2, 42, 6, 0
1247, 22, 2, 42, 8, 0
1247, 22, 3, 46, 7, 0
1247, 22, 2, 46, 24, 0
1247, 22, 3, 48, 5, 0
1247, 22, 3, 49, 7, 0
1247, 22, 0, 50, 5, 0
1247, 22, 0, 50, 12, 0
1247, 22, 0, 50, 46, 0
1247, 22, 0, 51, 4, 0
1247, 22, 2, 51, 11, 0
1247, 22, 3, 51, 12, 0
1247, 22, 3, 51, 17, 0
1247, 22, 1, 51, 26, 0
1247, 22, 2, 52, 12, 0
1247, 22, 3, 52, 13, 0
1247, 22, 0, 52, 18, 0
1247, 22, 3, 52, 25, 0
1247, 22, 3, 53, 4, 0
1247, 22, 1, 53, 12, 0
1247, 22, 2, 53, 26, 0
1247, 22, 0, 53, 41, 0
1247, 22, 3, 54, 40, 0
1247, 22, 1, 55, 47, 0
1247, 22, 1, 57, 10, 0
1247, 22, 2, 58, 10, 0
1247, 22, 0, 58, 18, 0
1247, 22, 1, 59, 21, 0
1247, 22, 1, 60, 4, 0
1247, 22, 2, 60, 9, 0
1247, 22, 1, 60, 10, 0
1247, 22, 3, 60, 11, 0
1247, 22, 1, 60, 19, 0
1247, 22, 1, 60, 20, 0
1247, 22, 3, 61, 4, 0
1247, 22, 0, 61, 8, 0
1247, 22, 3, 61, 10, 0
1247, 22, 0, 61, 11, 0
1247, 22, 1, 61, 19, 0
1247, 22, 0, 61, 27, 0
1247, 22, 2, 61, 37, 0
1247, 22, 3, 61, 38, 0
1247, 22, 1, 61, 63, 0
1247, 22, 0, 62, 6, 0
1247, 22, 2, 62, 8, 0
1247, 22, 2, 62, 10, 0
1247, 22, 1, 62, 18, 0
1247, 22, 0, 62, 20, 0
1247, 22, 1, 62, 26, 0
1247, 22, 0, 62, 35, 0
1247, 22, 0, 62, 37, 0
1247, 22, 1, 62, 38, 0
1247, 22, 0, 62, 45, 0
1247, 22, 2, 62, 62, 0
1247, 22, 3, 63, 7, 0
1247, 22, 3, 63, 19, 0
1247, 22, 2, 63, 34, 0
1247, 22, 1, 63, 46, 0
1248, 22, 3, 25, 56, 0
1248, 22, 1, 27, 49, 0
1248, 22, 0, 27, 58, 0
1248, 22, 2, 29, 52, 0
1248, 22, 1, 32, 49, 0
1248, 22, 0, 35, 40, 0
1248, 22, 0, 36, 27, 0
1248, 22, 3, 37, 37, 0
1248, 22, 1, 38, 27, 0
1248, 22, 2, 38, 45, 0
1248, 22, 3, 38, 55, 0
1248, 22, 0, 40, 57, 0
1248, 22, 3, 41, 48, 0
1248, 22, 1, 42, 23, 0
1248, 22, 2, 44, 26, 0
1248, 22, 3, 44, 34, 0
1248, 22, 0, 44, 46, 0
1248, 22, 3, 46, 26, 0
1248, 22, 2, 46, 31, 0
1248, 22, 2, 46, 36, 0
1248, 22, 3, 46, 41, 0
1248, 22, 1, 46, 52, 0
1248, 22, 3, 48, 59, 0
1248, 22, 3, 49, 27, 0
1248, 22, 0, 50, 52, 0
1248, 22, 1, 53, 53, 0
1248, 22, 2, 54, 58, 0
1248, 22, 0, 58, 23, 0
1248, 22, 3, 60, 26, 0
1248, 22, 0, 61, 24, 0
1248, 22, 2, 61, 29, 0
1248, 22, 3, 61, 43, 0
1248, 22, 0, 62, 48, 0
1248, 22, 3, 62, 53, 0
1248, 22, 2, 62, 59, 0
1257, 22, 0, 24, 16, 0
1257, 22, 2, 25, 13, 0
1257, 22, 1, 25, 14, 0
1257, 22, 0, 25, 15, 0
1257, 22, 2, 28, 10, 0
1257, 22, 2, 28, 14, 0
1257, 22, 1, 29, 11, 0
1257, 22, 0, 29, 12, 0
1257, 22, 0, 29, 13, 0
1257, 22, 3, 29, 14, 0
1257, 22, 0, 35, 14, 0
1257, 22, 0, 36, 13, 0
1257, 22, 1, 37, 13, 0
1257, 22, 3, 38, 12, 0
1257, 22, 2, 38, 13, 0
1257, 22, 3, 39, 12, 0
1257, 22, 0, 42, 10, 0
1257, 22, 0, 43, 10, 0
1257, 22, 0, 43, 14, 0
1257, 22, 2, 44, 12, 0
1257, 22, 1, 44, 13, 0
1257, 22, 2, 46, 11, 0
1257, 22, 2, 46, 12, 0
1257, 22, 1, 46, 13, 0
1257, 22, 1, 47, 10, 0
1257, 22, 3, 47, 11, 0
1257, 22, 0, 47, 13, 0
1257, 22, 0, 47, 14, 0
1257, 22, 1, 47, 27, 0
1257, 22, 1, 47, 28, 0
1257, 22, 2, 48, 10, 0
1257, 22, 3, 48, 14, 0
1257, 22, 2, 48, 28, 0
1257, 22, 2, 49, 10, 0
1257, 22, 2, 49, 11, 0
1257, 22, 2, 49, 12, 0
1257, 22, 3, 49, 13, 0
1257, 22, 1, 50, 26, 0
1257, 22, 0, 50, 27, 0
1257, 22, 3, 52, 10, 0
1257, 22, 1, 53, 10, 0
1257, 22, 2, 54, 11, 0
1257, 22, 1, 55, 13, 0
1257, 22, 0, 56, 11, 0
1257, 22, 1, 56, 14, 0
1257, 22, 0, 57, 14, 0
1257, 22, 2, 58, 11, 0
1257, 22, 0, 58, 14, 0
1257, 22, 0, 59, 11, 0
1257, 22, 0, 59, 12, 0
1257, 22, 1, 60, 13, 0
1257, 22, 3, 60, 14, 0
1257, 22, 2, 61, 13, 0
1257, 22, 3, 61, 42, 0
1257, 22, 1, 62, 41, 0
1257, 22, 2, 62, 43, 0
1257, 22, 3, 62, 51, 0
1257, 22, 2, 63, 39, 0
1257, 22, 1, 63, 40, 0
1257, 22, 2, 63, 52, 0
1258, 22, 1, 24, 24, 0
1258, 22, 0, 24, 26, 0
1258, 22, 2, 25, 25, 0
1258, 22, 2, 25, 28, 0
1258, 22, 3, 26, 11, 0
1258, 22, 2, 26, 15, 0
1258, 22, 0, 26, 16, 0
1258, 22, 1, 26, 27, 0
1258, 22, 1, 26, 28, 0
1258, 22, 2, 27, 12, 0
1258, 22, 3, 27, 13, 0
1258, 22, 0, 27, 14, 0
1258, 22, 1, 28, 13, 0
1258, 22, 3, 37, 14, 0
1258, 22, 2, 38, 14, 0
1258, 22, 0, 39, 13, 0
1258, 22, 1, 40, 13, 0
1258, 22, 3, 41, 12, 0
1258, 22, 1, 41, 14, 0
1258, 22, 1, 42, 11, 0
1258, 22, 1, 42, 12, 0
1258, 22, 0, 42, 14, 0
1258, 22, 2, 43, 11, 0
1258, 22, 0, 43, 12, 0
1258, 22, 0, 43, 13, 0
1258, 22, 1, 46, 25, 0
1258, 22, 1, 47, 12, 0
1258, 22, 0, 48, 11, 0
1258, 22, 2, 48, 13, 0
1258, 22, 2, 48, 27, 0
1258, 22, 1, 49, 26, 0
1258, 22, 3, 53, 11, 0
1258, 22, 2, 55, 12, 0
1258, 22, 1, 56, 13, 0
1258, 22, 0, 57, 11, 0
1258, 22, 1, 57, 13, 0
1258, 22, 3, 58, 12, 0
1258, 22, 2, 59, 13, 0
1258, 22, 0, 62, 40, 0
1258, 22, 2, 62, 42, 0
1258, 22, 3, 63, 41, 0
1259, 22, 1, 23, 24, 0
1259, 22, 1, 24, 23, 0
1259, 22, 0, 24, 25, 0
1259, 22, 0, 25, 26, 0
1259, 22, 3, 25, 27, 0
1259, 22, 0, 26, 12, 0
1259, 22, 3, 26, 13, 0
1259, 22, 3, 26, 14, 0
1259, 22, 1, 27, 11, 0
1259, 22, 3, 27, 15, 0
1259, 22, 3, 27, 16, 0
1259, 22, 2, 27, 17, 0
1259, 22, 3, 27, 18, 0
1259, 22, 3, 27, 19, 0
1259, 22, 2, 27, 20, 0
1259, 22, 2, 27, 21, 0
1259, 22, 1, 27, 22, 0
1259, 22, 3, 27, 26, 0
1259, 22, 2, 28, 20, 0
1259, 22, 2, 28, 24, 0
1259, 22, 2, 30, 12, 0
1259, 22, 3, 31, 12, 0
1259, 22, 0, 33, 13, 0
1259, 22, 2, 38, 15, 0
1259, 22, 1, 39, 14, 0
1259, 22, 3, 41, 13, 0
1259, 22, 1, 42, 15, 0
1259, 22, 1, 43, 15, 0
1259, 22, 0, 44, 15, 0
1259, 22, 3, 46, 15, 0
1259, 22, 0, 47, 25, 0
1259, 22, 3, 47, 26, 0
1259, 22, 0, 48, 12, 0
1259, 22, 2, 48, 26, 0
1259, 22, 2, 49, 15, 0
1259, 22, 2, 50, 16, 0
1259, 22, 3, 52, 11, 0
1259, 22, 2, 52, 16, 0
1259, 22, 1, 54, 15, 0
1259, 22, 3, 56, 12, 0
1259, 22, 0, 57, 12, 0
1259, 22, 1, 58, 13, 0
1259, 22, 0, 63, 42, 0
1276, 10, 0, 50, 11, 0
1276, 10, 1, 52, 12, 0
1276, 10, 1, 57, 9, 0
1276, 10, 2, 60, 3, 0
1276, 10, 0, 60, 11, 0
1276, 10, 3, 62, 6, 0
1281, 10, 1, 60, 8, 0
1282, 10, 3, 1, 30, 0
1282, 11, 1, 1, 56, 0
1282, 10, 2, 3, 48, 0
1282, 10, 0, 4, 44, 0
1282, 10, 3, 4, 52, 0
1282, 10, 3, 5, 46, 0
1282, 10, 0, 5, 55, 0
1282, 10, 2, 7, 48, 0
1282, 10, 1, 8, 22, 0
1282, 11, 2, 8, 46, 0
1282, 10, 2, 8, 52, 0
1282, 10, 1, 9, 48, 0
1282, 11, 2, 10, 36, 0
1282, 10, 2, 10, 43, 0
1282, 10, 1, 11, 28, 0
1282, 10, 0, 11, 47, 0
1282, 10, 2, 11, 57, 0
1282, 10, 1, 12, 44, 0
1282, 10, 0, 12, 53, 0
1282, 10, 3, 13, 56, 0
1282, 11, 3, 14, 46, 0
1282, 11, 3, 15, 27, 0
1282, 10, 2, 16, 35, 0
1282, 10, 2, 17, 14, 0
1282, 10, 2, 17, 47, 0
1282, 11, 0, 17, 56, 0
1282, 11, 2, 18, 39, 0
1282, 10, 0, 18, 44, 0
1282, 10, 3, 19, 22, 0
1282, 10, 0, 19, 54, 0
1282, 10, 1, 19, 56, 0
1282, 10, 0, 21, 8, 0
1282, 11, 2, 21, 30, 0
1282, 11, 3, 21, 46, 0
1282, 10, 2, 22, 56, 0
1282, 10, 1, 30, 4, 0
1282, 11, 2, 32, 55, 0
1282, 11, 1, 33, 60, 0
1282, 11, 3, 38, 18, 0
1282, 10, 0, 41, 6, 0
1282, 10, 1, 46, 33, 0
1282, 10, 1, 49, 5, 0
1282, 10, 3, 52, 32, 0
1282, 11, 1, 53, 40, 0
1282, 11, 2, 59, 20, 0
1282, 11, 3, 61, 37, 0
1282, 11, 2, 61, 62, 0
1282, 11, 2, 62, 45, 0
1286, 10, 1, 1, 44, 0
1286, 10, 3, 3, 34, 0
1286, 10, 0, 3, 39, 0
1286, 11, 0, 3, 47, 0
1286, 10, 1, 4, 28, 0
1286, 10, 2, 4, 54, 0
1286, 11, 3, 4, 57, 0
1286, 11, 1, 5, 48, 0
1286, 10, 1, 6, 37, 0
1286, 11, 1, 7, 53, 0
1286, 10, 1, 8, 32, 0
1286, 11, 1, 8, 44, 0
1286, 11, 0, 8, 57, 0
1286, 10, 3, 9, 55, 0
1286, 10, 2, 10, 53, 0
1286, 10, 1, 12, 35, 0
1286, 10, 1, 12, 39, 0
1286, 10, 2, 12, 46, 0
1286, 10, 0, 13, 43, 0
1286, 10, 1, 14, 23, 0
1286, 11, 2, 14, 48, 0
1286, 10, 0, 15, 32, 0
1286, 11, 2, 15, 44, 0
1286, 10, 3, 15, 57, 0
1286, 11, 1, 15, 62, 0
1286, 11, 3, 16, 47, 0
1286, 10, 0, 16, 55, 0
1286, 11, 1, 17, 46, 0
1286, 10, 2, 18, 27, 0
1286, 11, 1, 18, 54, 0
1286, 10, 0, 19, 33, 0
1286, 11, 3, 19, 48, 0
1286, 10, 3, 21, 16, 0
1286, 10, 0, 22, 20, 0
1286, 11, 1, 22, 55, 0
1286, 10, 3, 23, 28, 0
1286, 10, 2, 24, 11, 0
1286, 11, 0, 24, 49, 0
1286, 11, 0, 28, 49, 0
1286, 10, 1, 29, 8, 0
1286, 11, 0, 29, 25, 0
1286, 11, 2, 29, 57, 0
1286, 10, 3, 36, 5, 0
1286, 10, 2, 43, 42, 0
1286, 10, 0, 44, 38, 0
1286, 10, 0, 45, 7, 0
1286, 11, 0, 47, 24, 0
1286, 10, 0, 52, 4, 0
1286, 11, 1, 52, 17, 0
1286, 11, 0, 52, 26, 0
1286, 10, 2, 53, 38, 0
1286, 10, 0, 54, 30, 0
1286, 10, 3, 56, 37, 0
1286, 11, 0, 58, 18, 0
1286, 10, 3, 58, 46, 0
1286, 11, 3, 61, 26, 0
1286, 11, 2, 62, 19, 0
1286, 11, 3, 62, 34, 0
1286, 11, 1, 62, 55, 0
1297, 11, 1, 14, 18, 0
1297, 11, 1, 15, 53, 0
1297, 10, 2, 25, 57, 0
1297, 10, 0, 44, 17, 0
1297, 11, 1, 56, 48, 0
1297, 10, 1, 61, 56, 0
1516, 0, 2, 24, 44, 0
1519, 0, 2, 24, 43, 0
1530, 0, 0, 35, 37, 0
1530, 0, 0, 38, 21, 0
1530, 0, 1, 38, 58, 0
1530, 0, 2, 39, 43, 0
1530, 0, 1, 44, 53, 0
1530, 0, 3, 50, 23, 0
1530, 0, 0, 51, 31, 0
1530, 0, 0, 51, 43, 0
1530, 0, 2, 55, 31, 0
1530, 0, 2, 55, 37, 0
1530, 0, 1, 56, 58, 0
1620, 3, 1, 24, 42, 0
1620, 3, 2, 24, 48, 0
1620, 0, 1, 25, 42, 0
1620, 0, 1, 26, 42, 0
1620, 0, 1, 27, 42, 0
1620, 3, 0, 28, 42, 0
1620, 3, 3, 28, 48, 0
1620, 3, 1, 31, 19, 0
1620, 3, 2, 31, 26, 0
1620, 3, 1, 31, 28, 0
1620, 3, 2, 31, 33, 0
1620, 3, 1, 31, 34, 0
1620, 3, 2, 31, 39, 0
1620, 3, 1, 31, 40, 0
1620, 3, 2, 31, 45, 0
1620, 3, 3, 35, 26, 0
1620, 3, 0, 35, 28, 0
1620, 3, 3, 35, 33, 0
1620, 3, 0, 35, 34, 0
1620, 3, 3, 35, 39, 0
1620, 3, 0, 35, 40, 0
1620, 3, 3, 35, 45, 0
1620, 3, 1, 36, 53, 0
1620, 3, 2, 36, 57, 0
1620, 3, 1, 36, 58, 0
1620, 3, 2, 36, 62, 0
1620, 3, 0, 38, 19, 0
1620, 3, 3, 38, 23, 0
1620, 3, 1, 39, 28, 0
1620, 3, 2, 39, 33, 0
1620, 3, 1, 39, 34, 0
1620, 3, 2, 39, 39, 0
1620, 3, 1, 39, 40, 0
1620, 3, 2, 39, 45, 0
1620, 3, 0, 41, 53, 0
1620, 3, 3, 41, 57, 0
1620, 3, 0, 41, 58, 0
1620, 3, 1, 42, 19, 0
1620, 3, 2, 42, 22, 0
1620, 3, 1, 42, 53, 0
1620, 3, 2, 42, 57, 0
1620, 3, 1, 42, 58, 0
1620, 3, 2, 42, 62, 0
1620, 3, 2, 43, 23, 0
1620, 3, 0, 43, 28, 0
1620, 3, 3, 43, 33, 0
1620, 3, 0, 43, 34, 0
1620, 3, 3, 43, 39, 0
1620, 3, 0, 43, 40, 0
1620, 3, 3, 43, 45, 0
1620, 3, 0, 47, 19, 0
1620, 3, 3, 47, 23, 0
1620, 3, 1, 47, 28, 0
1620, 3, 2, 47, 33, 0
1620, 3, 2, 47, 39, 0
1620, 3, 1, 47, 40, 0
1620, 3, 2, 47, 45, 0
1620, 3, 0, 47, 53, 0
1620, 3, 3, 47, 57, 0
1620, 3, 3, 47, 62, 0
1620, 3, 1, 48, 19, 0
1620, 3, 2, 48, 23, 0
1620, 3, 1, 48, 53, 0
1620, 3, 2, 48, 57, 0
1620, 3, 1, 48, 58, 0
1620, 3, 2, 48, 62, 0
1620, 3, 0, 51, 28, 0
1620, 3, 3, 51, 33, 0
1620, 3, 0, 51, 34, 0
1620, 3, 3, 51, 39, 0
1620, 3, 0, 51, 40, 0
1620, 3, 3, 51, 45, 0
1620, 3, 0, 52, 19, 0
1620, 3, 3, 52, 23, 0
1620, 3, 1, 53, 19, 0
1620, 3, 2, 53, 23, 0
1620, 3, 0, 53, 53, 0
1620, 3, 3, 53, 57, 0
1620, 3, 0, 53, 58, 0
1620, 3, 3, 53, 62, 0
1620, 3, 1, 54, 53, 0
1620, 3, 2, 54, 57, 0
1620, 3, 1, 54, 58, 0
1620, 3, 2, 54, 62, 0
1620, 3, 1, 55, 28, 0
1620, 3, 2, 55, 33, 0
1620, 3, 2, 55, 39, 0
1620, 3, 2, 55, 45, 0
1620, 3, 0, 57, 19, 0
1620, 3, 3, 57, 23, 0
1620, 3, 0, 59, 28, 0
1620, 3, 3, 59, 33, 0
1620, 3, 0, 59, 34, 0
1620, 3, 3, 59, 39, 0
1620, 3, 3, 59, 45, 0
1620, 3, 0, 59, 53, 0
1620, 3, 3, 59, 57, 0
1620, 3, 0, 59, 58, 0
1620, 3, 3, 59, 62, 0
1620, 3, 2, 24, 48, 1
1620, 3, 3, 28, 48, 1
1624, 0, 1, 39, 58, 0
1624, 0, 3, 39, 62, 0
1624, 0, 3, 43, 62, 0
1624, 0, 0, 47, 61, 0
1624, 0, 3, 48, 39, 0
1624, 0, 1, 50, 34, 0
1624, 0, 0, 51, 38, 0
1624, 0, 3, 54, 23, 0
1624, 0, 2, 54, 54, 0
1624, 0, 1, 55, 19, 0
1624, 0, 3, 55, 23, 0
1624, 0, 2, 55, 38, 0
1624, 0, 2, 55, 41, 0
1624, 0, 3, 55, 57, 0
1624, 0, 3, 56, 45, 0
1624, 0, 0, 57, 22, 0
1624, 0, 1, 58, 34, 0
1624, 0, 3, 58, 39, 0
1624, 0, 1, 58, 40, 0
1624, 0, 1, 58, 53, 0
1624, 0, 0, 59, 56, 0
1626, 0, 2, 36, 59, 0
1626, 0, 1, 37, 58, 0
1626, 3, 0, 38, 60, 0
1626, 0, 3, 38, 62, 0
1626, 3, 3, 41, 62, 0
1626, 0, 2, 42, 59, 0
1626, 3, 1, 42, 60, 0
1626, 0, 2, 42, 61, 0
1626, 0, 1, 43, 58, 0
1626, 3, 0, 44, 58, 0
1626, 0, 1, 45, 58, 0
1626, 0, 3, 45, 62, 0
1626, 0, 1, 46, 58, 0
1626, 0, 3, 46, 62, 0
1626, 0, 2, 47, 35, 0
1626, 0, 2, 47, 37, 0
1626, 0, 2, 47, 38, 0
1626, 3, 0, 47, 58, 0
1626, 3, 3, 47, 60, 0
1626, 0, 1, 48, 34, 0
1626, 0, 0, 51, 36, 0
1626, 0, 2, 54, 56, 0
1626, 3, 2, 55, 36, 0
1626, 0, 2, 55, 44, 0
1626, 3, 0, 55, 55, 0
1626, 0, 1, 56, 19, 0
1626, 0, 3, 56, 23, 0
1626, 0, 1, 56, 34, 0
1626, 0, 3, 56, 39, 0
1626, 0, 3, 57, 39, 0
1626, 0, 1, 57, 53, 0
1626, 0, 3, 57, 57, 0
1626, 0, 3, 58, 57, 0
1626, 0, 0, 59, 36, 0
1626, 0, 0, 59, 37, 0
1626, 3, 3, 59, 42, 0
1626, 3, 3, 59, 43, 0
1626, 0, 0, 59, 54, 0
1626, 3, 0, 60, 53, 0
1626, 3, 3, 60, 57, 0
1629, 22, 2, 47, 36, 0
1629, 22, 1, 49, 34, 0
1629, 22, 2, 49, 37, 0
1629, 22, 2, 49, 38, 0
1629, 22, 3, 49, 39, 0
1629, 22, 2, 50, 25, 0
1629, 22, 3, 50, 39, 0
1629, 22, 0, 51, 35, 0
1629, 22, 0, 51, 37, 0
1629, 22, 0, 54, 20, 0
1629, 22, 0, 54, 21, 0
1629, 22, 2, 55, 36, 0
1629, 22, 2, 56, 20, 0
1629, 22, 2, 56, 21, 0
1629, 22, 3, 57, 45, 0
1629, 22, 0, 58, 44, 0
1629, 22, 3, 58, 45, 0
1629, 22, 0, 59, 35, 0
1629, 22, 0, 59, 41, 0
1629, 22, 0, 59, 43, 0
1629, 22, 0, 59, 44, 0
1629, 22, 0, 61, 54, 0
1629, 22, 0, 61, 55, 0
1629, 22, 0, 61, 56, 0
1629, 22, 1, 55, 53, 1
1630, 22, 3, 50, 36, 0
1630, 22, 2, 55, 35, 0
1630, 22, 2, 55, 42, 0
1630, 22, 2, 55, 43, 0
1630, 22, 0, 59, 38, 0
1630, 22, 0, 59, 42, 0
1630, 22, 0, 59, 55, 0
1630, 22, 3, 59, 57, 0
1630, 22, 3, 60, 57, 0
1631, 0, 2, 24, 45, 0
1631, 0, 2, 24, 46, 0
1631, 0, 2, 24, 47, 0
1631, 0, 3, 25, 48, 0
1631, 0, 3, 26, 48, 0
1631, 0, 3, 27, 48, 0
1631, 0, 0, 28, 43, 0
1631, 0, 0, 28, 44, 0
1631, 0, 0, 28, 45, 0
1631, 0, 0, 28, 46, 0
1631, 0, 0, 28, 47, 0
1631, 0, 2, 31, 20, 0
1631, 0, 2, 31, 21, 0
1631, 0, 2, 31, 22, 0
1631, 0, 2, 31, 23, 0
1631, 0, 2, 31, 24, 0
1631, 0, 2, 31, 25, 0
1631, 0, 2, 31, 29, 0
1631, 0, 2, 31, 30, 0
1631, 0, 2, 31, 31, 0
1631, 0, 2, 31, 32, 0
1631, 0, 2, 31, 35, 0
1631, 0, 2, 31, 36, 0
1631, 0, 2, 31, 37, 0
1631, 0, 2, 31, 38, 0
1631, 0, 2, 31, 41, 0
1631, 0, 2, 31, 42, 0
1631, 0, 2, 31, 43, 0
1631, 0, 2, 31, 44, 0
1631, 0, 1, 32, 19, 0
1631, 0, 3, 32, 26, 0
1631, 0, 1, 32, 28, 0
1631, 0, 3, 32, 33, 0
1631, 0, 1, 32, 34, 0
1631, 0, 3, 32, 39, 0
1631, 0, 1, 32, 40, 0
1631, 0, 3, 32, 45, 0
1631, 0, 1, 33, 19, 0
1631, 0, 3, 33, 26, 0
1631, 0, 1, 33, 28, 0
1631, 0, 3, 33, 33, 0
1631, 0, 1, 33, 34, 0
1631, 0, 3, 33, 39, 0
1631, 0, 1, 33, 40, 0
1631, 0, 3, 33, 45, 0
1631, 0, 1, 34, 19, 0
1631, 0, 3, 34, 26, 0
1631, 0, 1, 34, 28, 0
1631, 0, 3, 34, 33, 0
1631, 0, 1, 34, 34, 0
1631, 0, 3, 34, 39, 0
1631, 0, 1, 34, 40, 0
1631, 0, 3, 34, 45, 0
1631, 0, 1, 35, 19, 0
1631, 2, 3, 35, 23, 0
1631, 0, 0, 35, 24, 0
1631, 0, 0, 35, 25, 0
1631, 0, 0, 35, 29, 0
1631, 0, 0, 35, 30, 0
1631, 0, 0, 35, 32, 0
1631, 0, 0, 35, 35, 0
1631, 0, 0, 35, 36, 0
1631, 0, 0, 35, 38, 0
1631, 0, 0, 35, 41, 0
1631, 0, 0, 35, 42, 0
1631, 0, 0, 35, 44, 0
1631, 0, 1, 36, 19, 0
1631, 0, 3, 36, 23, 0
1631, 0, 2, 36, 54, 0
1631, 0, 2, 36, 55, 0
1631, 0, 2, 36, 56, 0
1631, 0, 2, 36, 61, 0
1631, 0, 1, 37, 19, 0
1631, 0, 3, 37, 23, 0
1631, 0, 1, 37, 53, 0
1631, 0, 3, 37, 57, 0
1631, 0, 0, 38, 20, 0
1631, 0, 0, 38, 22, 0
1631, 0, 3, 38, 57, 0
1631, 0, 2, 39, 29, 0
1631, 0, 2, 39, 30, 0
1631, 0, 2, 39, 32, 0
1631, 0, 2, 39, 35, 0
1631, 0, 2, 39, 36, 0
1631, 0, 2, 39, 38, 0
1631, 0, 2, 39, 41, 0
1631, 0, 2, 39, 42, 0
1631, 0, 2, 39, 44, 0
1631, 0, 1, 39, 53, 0
1631, 0, 3, 39, 57, 0
1631, 0, 1, 40, 28, 0
1631, 0, 3, 40, 33, 0
1631, 0, 1, 40, 34, 0
1631, 0, 3, 40, 39, 0
1631, 0, 1, 40, 40, 0
1631, 0, 3, 40, 45, 0
1631, 0, 1, 40, 53, 0
1631, 0, 3, 40, 57, 0
1631, 0, 1, 40, 58, 0
1631, 0, 1, 41, 28, 0
1631, 0, 3, 41, 33, 0
1631, 0, 1, 41, 34, 0
1631, 0, 3, 41, 39, 0
1631, 0, 1, 41, 40, 0
1631, 0, 3, 41, 45, 0
1631, 0, 0, 41, 54, 0
1631, 0, 0, 41, 55, 0
1631, 0, 0, 41, 56, 0
1631, 0, 0, 41, 59, 0
1631, 0, 2, 42, 20, 0
1631, 0, 2, 42, 21, 0
1631, 0, 1, 42, 28, 0
1631, 0, 3, 42, 33, 0
1631, 0, 1, 42, 34, 0
1631, 0, 3, 42, 39, 0
1631, 0, 1, 42, 40, 0
1631, 0, 3, 42, 45, 0
1631, 0, 2, 42, 54, 0
1631, 0, 2, 42, 55, 0
1631, 0, 2, 42, 56, 0
1631, 0, 1, 43, 19, 0
1631, 2, 2, 43, 22, 0
1631, 0, 0, 43, 29, 0
1631, 0, 0, 43, 30, 0
1631, 0, 0, 43, 31, 0
1631, 0, 0, 43, 32, 0
1631, 0, 0, 43, 35, 0
1631, 0, 0, 43, 36, 0
1631, 0, 0, 43, 37, 0
1631, 0, 0, 43, 38, 0
1631, 0, 0, 43, 41, 0
1631, 0, 0, 43, 42, 0
1631, 0, 0, 43, 43, 0
1631, 0, 0, 43, 44, 0
1631, 0, 1, 43, 53, 0
1631, 0, 3, 43, 57, 0
1631, 0, 1, 44, 19, 0
1631, 0, 3, 44, 23, 0
1631, 0, 3, 44, 57, 0
1631, 0, 1, 45, 19, 0
1631, 0, 1, 45, 53, 0
1631, 0, 3, 45, 57, 0
1631, 0, 1, 46, 19, 0
1631, 0, 3, 46, 23, 0
1631, 0, 1, 46, 53, 0
1631, 0, 3, 46, 57, 0
1631, 0, 0, 47, 20, 0
1631, 0, 0, 47, 21, 0
1631, 0, 0, 47, 22, 0
1631, 0, 2, 47, 29, 0
1631, 0, 2, 47, 30, 0
1631, 0, 2, 47, 31, 0
1631, 0, 2, 47, 32, 0
1631, 0, 2, 47, 41, 0
1631, 0, 2, 47, 42, 0
1631, 0, 2, 47, 43, 0
1631, 0, 2, 47, 44, 0
1631, 0, 0, 47, 54, 0
1631, 0, 0, 47, 55, 0
1631, 0, 0, 47, 56, 0
1631, 0, 2, 48, 20, 0
1631, 0, 2, 48, 21, 0
1631, 0, 2, 48, 22, 0
1631, 0, 1, 48, 28, 0
1631, 0, 3, 48, 33, 0
1631, 0, 1, 48, 40, 0
1631, 0, 3, 48, 45, 0
1631, 0, 2, 48, 54, 0
1631, 0, 2, 48, 55, 0
1631, 0, 2, 48, 56, 0
1631, 0, 2, 48, 59, 0
1631, 0, 2, 48, 60, 0
1631, 0, 2, 48, 61, 0
1631, 0, 1, 49, 19, 0
1631, 0, 3, 49, 23, 0
1631, 0, 1, 49, 28, 0
1631, 0, 3, 49, 33, 0
1631, 0, 1, 49, 40, 0
1631, 0, 3, 49, 45, 0
1631, 0, 1, 49, 53, 0
1631, 0, 3, 49, 57, 0
1631, 0, 1, 49, 58, 0
1631, 0, 3, 49, 62, 0
1631, 0, 1, 50, 19, 0
1631, 0, 1, 50, 28, 0
1631, 0, 3, 50, 33, 0
1631, 0, 1, 50, 40, 0
1631, 0, 3, 50, 45, 0
1631, 0, 3, 50, 57, 0
1631, 0, 3, 50, 62, 0
1631, 0, 1, 51, 19, 0
1631, 0, 3, 51, 23, 0
1631, 0, 0, 51, 29, 0
1631, 0, 0, 51, 30, 0
1631, 0, 0, 51, 32, 0
1631, 0, 0, 51, 41, 0
1631, 0, 0, 51, 42, 0
1631, 0, 0, 51, 44, 0
1631, 0, 1, 51, 53, 0
1631, 0, 3, 51, 57, 0
1631, 0, 1, 51, 58, 0
1631, 0, 3, 51, 62, 0
1631, 0, 0, 52, 20, 0
1631, 0, 0, 52, 21, 0
1631, 0, 0, 52, 22, 0
1631, 0, 1, 52, 53, 0
1631, 0, 3, 52, 57, 0
1631, 0, 1, 52, 58, 0
1631, 0, 3, 52, 62, 0
1631, 0, 0, 53, 54, 0
1631, 0, 0, 53, 55, 0
1631, 0, 0, 53, 56, 0
1631, 0, 0, 53, 59, 0
1631, 0, 0, 53, 60, 0
1631, 0, 0, 53, 61, 0
1631, 0, 2, 54, 59, 0
1631, 0, 2, 54, 60, 0
1631, 0, 2, 54, 61, 0
1631, 0, 2, 55, 29, 0
1631, 0, 2, 55, 30, 0
1631, 0, 2, 55, 32, 0
1631, 0, 1, 55, 53, 0
1631, 0, 1, 55, 58, 0
1631, 0, 3, 55, 62, 0
1631, 0, 1, 56, 28, 0
1631, 0, 3, 56, 33, 0
1631, 0, 1, 56, 40, 0
1631, 0, 3, 56, 62, 0
1631, 0, 1, 57, 28, 0
1631, 0, 3, 57, 33, 0
1631, 0, 1, 57, 34, 0
1631, 0, 1, 57, 58, 0
1631, 0, 3, 57, 62, 0
1631, 0, 1, 58, 28, 0
1631, 0, 3, 58, 33, 0
1631, 0, 1, 58, 58, 0
1631, 0, 3, 58, 62, 0
1631, 0, 0, 59, 29, 0
1631, 0, 0, 59, 30, 0
1631, 0, 0, 59, 31, 0
1631, 0, 0, 59, 32, 0
1631, 0, 0, 59, 59, 0
1631, 0, 0, 59, 60, 0
1631, 0, 0, 59, 61, 0
1631, 0, 2, 24, 45, 1
1631, 0, 2, 24, 46, 1
1631, 0, 2, 24, 47, 1
1631, 0, 3, 25, 45, 1
1631, 0, 3, 25, 48, 1
1631, 0, 3, 26, 45, 1
1631, 0, 3, 26, 48, 1
1631, 0, 3, 27, 45, 1
1631, 0, 3, 27, 48, 1
1631, 0, 0, 28, 45, 1
1631, 0, 0, 28, 46, 1
1631, 0, 0, 28, 47, 1
1640, 16, 1, 32, 20, 1
1640, 12, 2, 32, 21, 1
1640, 12, 2, 32, 22, 1
1640, 12, 2, 32, 23, 1
1640, 12, 2, 32, 24, 1
1640, 16, 2, 32, 25, 1
1640, 16, 1, 32, 29, 1
1640, 12, 2, 32, 30, 1
1640, 12, 2, 32, 31, 1
1640, 16, 2, 32, 32, 1
1640, 16, 1, 32, 35, 1
1640, 12, 2, 32, 36, 1
1640, 12, 2, 32, 37, 1
1640, 16, 2, 32, 38, 1
1640, 16, 1, 32, 41, 1
1640, 12, 2, 32, 42, 1
1640, 12, 2, 32, 43, 1
1640, 16, 2, 32, 44, 1
1640, 12, 1, 33, 20, 1
1640, 17, 1, 33, 21, 1
1640, 17, 1, 33, 22, 1
1640, 17, 1, 33, 23, 1
1640, 17, 1, 33, 24, 1
1640, 12, 3, 33, 25, 1
1640, 12, 1, 33, 29, 1
1640, 17, 1, 33, 30, 1
1640, 17, 1, 33, 31, 1
1640, 12, 3, 33, 32, 1
1640, 12, 1, 33, 35, 1
1640, 17, 1, 33, 36, 1
1640, 17, 1, 33, 37, 1
1640, 12, 3, 33, 38, 1
1640, 12, 1, 33, 41, 1
1640, 17, 1, 33, 42, 1
1640, 17, 1, 33, 43, 1
1640, 12, 3, 33, 44, 1
1640, 12, 1, 34, 20, 1
1640, 17, 1, 34, 21, 1
1640, 17, 0, 34, 22, 1
1640, 17, 0, 34, 23, 1
1640, 17, 0, 34, 24, 1
1640, 12, 3, 34, 25, 1
1640, 16, 0, 34, 29, 1
1640, 12, 0, 34, 30, 1
1640, 12, 0, 34, 31, 1
1640, 16, 3, 34, 32, 1
1640, 16, 0, 34, 35, 1
1640, 12, 0, 34, 36, 1
1640, 12, 0, 34, 37, 1
1640, 16, 3, 34, 38, 1
1640, 16, 0, 34, 41, 1
1640, 12, 0, 34, 42, 1
1640, 12, 0, 34, 43, 1
1640, 16, 3, 34, 44, 1
1640, 12, 1, 35, 20, 1
1640, 17, 1, 35, 21, 1
1640, 17, 0, 35, 22, 1
1640, 17, 0, 35, 23, 1
1640, 17, 0, 35, 24, 1
1640, 12, 3, 35, 25, 1
1640, 12, 1, 36, 20, 1
1640, 17, 1, 36, 21, 1
1640, 17, 0, 36, 22, 1
1640, 17, 0, 36, 23, 1
1640, 17, 0, 36, 24, 1
1640, 12, 3, 36, 25, 1
1640, 12, 1, 37, 20, 1
1640, 17, 1, 37, 21, 1
1640, 15, 3, 37, 22, 1
1640, 12, 0, 37, 23, 1
1640, 12, 0, 37, 24, 1
1640, 16, 3, 37, 25, 1
1640, 16, 1, 37, 54, 1
1640, 12, 2, 37, 55, 1
1640, 16, 2, 37, 56, 1
1640, 12, 1, 38, 20, 1
1640, 17, 3, 38, 21, 1
1640, 12, 3, 38, 22, 1
1640, 12, 1, 38, 54, 1
1640, 17, 1, 38, 55, 1
1640, 12, 3, 38, 56, 1
1640, 16, 0, 39, 20, 1
1640, 12, 0, 39, 21, 1
1640, 16, 3, 39, 22, 1
1640, 12, 1, 39, 54, 1
1640, 17, 1, 39, 55, 1
1640, 12, 3, 39, 56, 1
1640, 16, 1, 40, 29, 1
1640, 12, 2, 40, 30, 1
1640, 12, 2, 40, 31, 1
1640, 16, 2, 40, 32, 1
1640, 16, 1, 40, 35, 1
1640, 12, 2, 40, 36, 1
1640, 12, 2, 40, 37, 1
1640, 16, 2, 40, 38, 1
1640, 16, 1, 40, 41, 1
1640, 12, 2, 40, 42, 1
1640, 12, 2, 40, 43, 1
1640, 16, 2, 40, 44, 1
1640, 16, 0, 40, 54, 1
1640, 12, 0, 40, 55, 1
1640, 16, 3, 40, 56, 1
1640, 12, 1, 41, 29, 1
1640, 17, 1, 41, 30, 1
1640, 17, 1, 41, 31, 1
1640, 12, 3, 41, 32, 1
1640, 12, 1, 41, 35, 1
1640, 17, 1, 41, 36, 1
1640, 17, 1, 41, 37, 1
1640, 12, 3, 41, 38, 1
1640, 12, 1, 41, 41, 1
1640, 17, 1, 41, 42, 1
1640, 17, 1, 41, 43, 1
1640, 12, 3, 41, 44, 1
1640, 16, 0, 42, 29, 1
1640, 12, 0, 42, 30, 1
1640, 12, 0, 42, 31, 1
1640, 16, 3, 42, 32, 1
1640, 16, 0, 42, 35, 1
1640, 12, 0, 42, 36, 1
1640, 12, 0, 42, 37, 1
1640, 16, 3, 42, 38, 1
1640, 16, 0, 42, 41, 1
1640, 12, 0, 42, 42, 1
1640, 12, 0, 42, 43, 1
1640, 16, 3, 42, 44, 1
1640, 16, 1, 43, 20, 1
1640, 16, 2, 43, 21, 1
1640, 16, 1, 43, 54, 1
1640, 12, 2, 43, 55, 1
1640, 16, 2, 43, 56, 1
1640, 12, 1, 44, 20, 1
1640, 14, 2, 44, 21, 1
1640, 16, 2, 44, 22, 1
1640, 12, 1, 44, 54, 1
1640, 17, 1, 44, 55, 1
1640, 12, 3, 44, 56, 1
1640, 12, 1, 45, 20, 1
1640, 17, 3, 45, 21, 1
1640, 12, 3, 45, 22, 1
1640, 12, 1, 45, 54, 1
1640, 17, 1, 45, 55, 1
1640, 12, 3, 45, 56, 1
1640, 16, 0, 46, 20, 1
1640, 12, 0, 46, 21, 1
1640, 16, 3, 46, 22, 1
1640, 16, 0, 46, 54, 1
1640, 12, 0, 46, 55, 1
1640, 16, 3, 46, 56, 1
1640, 16, 1, 48, 29, 1
1640, 12, 2, 48, 30, 1
1640, 12, 2, 48, 31, 1
1640, 16, 2, 48, 32, 1
1640, 16, 1, 48, 41, 1
1640, 12, 2, 48, 42, 1
1640, 12, 2, 48, 43, 1
1640, 16, 2, 48, 44, 1
1640, 16, 1, 49, 20, 1
1640, 12, 2, 49, 21, 1
1640, 16, 2, 49, 22, 1
1640, 12, 1, 49, 29, 1
1640, 17, 1, 49, 30, 1
1640, 17, 1, 49, 31, 1
1640, 12, 3, 49, 32, 1
1640, 12, 1, 49, 41, 1
1640, 17, 1, 49, 42, 1
1640, 17, 1, 49, 43, 1
1640, 12, 3, 49, 44, 1
1640, 16, 1, 49, 54, 1
1640, 12, 2, 49, 55, 1
1640, 16, 2, 49, 56, 1
1640, 16, 1, 49, 59, 1
1640, 12, 2, 49, 60, 1
1640, 16, 2, 49, 61, 1
1640, 12, 1, 50, 20, 1
1640, 17, 1, 50, 21, 1
1640, 12, 3, 50, 22, 1
1640, 16, 0, 50, 29, 1
1640, 12, 0, 50, 30, 1
1640, 12, 0, 50, 31, 1
1640, 16, 3, 50, 32, 1
1640, 16, 0, 50, 41, 1
1640, 12, 0, 50, 42, 1
1640, 12, 0, 50, 43, 1
1640, 16, 3, 50, 44, 1
1640, 12, 1, 50, 54, 1
1640, 17, 1, 50, 55, 1
1640, 12, 3, 50, 56, 1
1640, 12, 1, 50, 59, 1
1640, 17, 1, 50, 60, 1
1640, 12, 3, 50, 61, 1
1640, 16, 0, 51, 20, 1
1640, 12, 0, 51, 21, 1
1640, 16, 3, 51, 22, 1
1640, 12, 1, 51, 54, 1
1640, 17, 1, 51, 55, 1
1640, 12, 3, 51, 56, 1
1640, 12, 1, 51, 59, 1
1640, 17, 1, 51, 60, 1
1640, 12, 3, 51, 61, 1
1640, 16, 0, 52, 54, 1
1640, 12, 0, 52, 55, 1
1640, 16, 3, 52, 56, 1
1640, 16, 0, 52, 59, 1
1640, 12, 0, 52, 60, 1
1640, 16, 3, 52, 61, 1
1640, 16, 1, 55, 59, 1
1640, 12, 2, 55, 60, 1
1640, 16, 2, 55, 61, 1
1640, 16, 1, 56, 29, 1
1640, 12, 2, 56, 30, 1
1640, 12, 2, 56, 31, 1
1640, 16, 2, 56, 32, 1
1640, 12, 1, 56, 59, 1
1640, 17, 1, 56, 60, 1
1640, 12, 3, 56, 61, 1
1640, 12, 1, 57, 29, 1
1640, 17, 1, 57, 30, 1
1640, 17, 1, 57, 31, 1
1640, 12, 3, 57, 32, 1
1640, 12, 1, 57, 59, 1
1640, 17, 1, 57, 60, 1
1640, 12, 3, 57, 61, 1
1640, 16, 0, 58, 29, 1
1640, 12, 0, 58, 30, 1
1640, 12, 0, 58, 31, 1
1640, 16, 3, 58, 32, 1
1640, 16, 0, 58, 59, 1
1640, 12, 0, 58, 60, 1
1640, 16, 3, 58, 61, 1
1719, 10, 2, 37, 25, 0
1719, 10, 3, 39, 20, 0
1719, 10, 3, 39, 22, 0
1746, 10, 0, 26, 46, 1
1747, 10, 0, 26, 46, 0
1791, 21, 1, 24, 42, 1
1791, 18, 2, 24, 43, 1
1791, 18, 2, 24, 44, 1
1791, 18, 1, 25, 42, 1
1791, 18, 1, 26, 42, 1
1791, 18, 1, 27, 42, 1
1791, 21, 0, 28, 42, 1
1791, 18, 0, 28, 43, 1
1791, 18, 0, 28, 44, 1
1791, 21, 1, 24, 44, 2
1791, 18, 2, 24, 45, 2
1791, 18, 2, 24, 46, 2
1791, 18, 2, 24, 47, 2
1791, 21, 2, 24, 48, 2
1791, 18, 1, 25, 44, 2
1791, 18, 3, 25, 48, 2
1791, 18, 1, 26, 44, 2
1791, 18, 3, 26, 48, 2
1791, 18, 1, 27, 44, 2
1791, 18, 3, 27, 48, 2
1791, 21, 0, 28, 44, 2
1791, 18, 0, 28, 45, 2
1791, 18, 0, 28, 46, 2
1791, 18, 0, 28, 47, 2
1791, 21, 3, 28, 48, 2
1793, 21, 1, 31, 19, 1
1793, 18, 2, 31, 20, 1
1793, 18, 2, 31, 21, 1
1793, 18, 2, 31, 22, 1
1793, 18, 2, 31, 23, 1
1793, 18, 2, 31, 24, 1
1793, 18, 2, 31, 25, 1
1793, 21, 2, 31, 26, 1
1793, 21, 1, 31, 28, 1
1793, 18, 2, 31, 29, 1
1793, 18, 2, 31, 30, 1
1793, 18, 2, 31, 31, 1
1793, 18, 2, 31, 32, 1
1793, 21, 2, 31, 33, 1
1793, 21, 1, 31, 34, 1
1793, 18, 2, 31, 35, 1
1793, 18, 2, 31, 36, 1
1793, 18, 2, 31, 37, 1
1793, 18, 2, 31, 38, 1
1793, 21, 2, 31, 39, 1
1793, 21, 1, 31, 40, 1
1793, 18, 2, 31, 41, 1
1793, 18, 2, 31, 42, 1
1793, 18, 2, 31, 43, 1
1793, 18, 2, 31, 44, 1
1793, 21, 2, 31, 45, 1
1793, 18, 1, 32, 19, 1
1793, 18, 3, 32, 26, 1
1793, 18, 1, 32, 28, 1
1793, 18, 3, 32, 33, 1
1793, 18, 1, 32, 34, 1
1793, 18, 3, 32, 39, 1
1793, 18, 1, 32, 40, 1
1793, 18, 3, 32, 45, 1
1793, 18, 1, 33, 19, 1
1793, 18, 3, 33, 26, 1
1793, 18, 1, 33, 28, 1
1793, 18, 3, 33, 33, 1
1793, 18, 1, 33, 34, 1
1793, 18, 3, 33, 39, 1
1793, 18, 1, 33, 40, 1
1793, 18, 3, 33, 45, 1
1793, 18, 1, 34, 19, 1
1793, 18, 3, 34, 26, 1
1793, 18, 1, 34, 28, 1
1793, 18, 3, 34, 33, 1
1793, 18, 1, 34, 34, 1
1793, 18, 3, 34, 39, 1
1793, 18, 1, 34, 40, 1
1793, 18, 3, 34, 45, 1
1793, 18, 1, 35, 19, 1
1793, 18, 3, 35, 26, 1
1793, 21, 0, 35, 28, 1
1793, 18, 0, 35, 29, 1
1793, 18, 0, 35, 30, 1
1793, 18, 0, 35, 31, 1
1793, 18, 0, 35, 32, 1
1793, 21, 3, 35, 33, 1
1793, 21, 0, 35, 34, 1
1793, 18, 0, 35, 35, 1
1793, 18, 0, 35, 36, 1
1793, 18, 0, 35, 37, 1
1793, 18, 0, 35, 38, 1
1793, 21, 3, 35, 39, 1
1793, 21, 0, 35, 40, 1
1793, 18, 0, 35, 41, 1
1793, 18, 0, 35, 42, 1
1793, 18, 0, 35, 43, 1
1793, 18, 0, 35, 44, 1
1793, 21, 3, 35, 45, 1
1793, 18, 1, 36, 19, 1
1793, 18, 3, 36, 26, 1
1793, 21, 1, 36, 53, 1
1793, 18, 2, 36, 54, 1
1793, 18, 2, 36, 55, 1
1793, 18, 2, 36, 56, 1
1793, 21, 2, 36, 57, 1
1793, 18, 1, 37, 19, 1
1793, 18, 3, 37, 26, 1
1793, 18, 1, 37, 53, 1
1793, 18, 3, 37, 57, 1
1793, 18, 1, 38, 19, 1
1793, 20, 3, 38, 23, 1
1793, 18, 0, 38, 24, 1
1793, 18, 0, 38, 25, 1
1793, 21, 3, 38, 26, 1
1793, 18, 1, 38, 53, 1
1793, 18, 3, 38, 57, 1
1793, 18, 1, 39, 19, 1
1793, 18, 3, 39, 23, 1
1793, 21, 1, 39, 28, 1
1793, 18, 2, 39, 29, 1
1793, 18, 2, 39, 30, 1
1793, 18, 2, 39, 31, 1
1793, 18, 2, 39, 32, 1
1793, 21, 2, 39, 33, 1
1793, 21, 1, 39, 34, 1
1793, 18, 2, 39, 35, 1
1793, 18, 2, 39, 36, 1
1793, 18, 2, 39, 37, 1
1793, 18, 2, 39, 38, 1
1793, 21, 2, 39, 39, 1
1793, 21, 1, 39, 40, 1
1793, 18, 2, 39, 41, 1
1793, 18, 2, 39, 42, 1
1793, 18, 2, 39, 43, 1
1793, 18, 2, 39, 44, 1
1793, 21, 2, 39, 45, 1
1793, 18, 1, 39, 53, 1
1793, 18, 3, 39, 57, 1
1793, 21, 0, 40, 19, 1
1793, 18, 0, 40, 20, 1
1793, 18, 0, 40, 21, 1
1793, 18, 0, 40, 22, 1
1793, 21, 3, 40, 23, 1
1793, 18, 1, 40, 28, 1
1793, 18, 3, 40, 33, 1
1793, 18, 1, 40, 34, 1
1793, 18, 3, 40, 39, 1
1793, 18, 1, 40, 40, 1
1793, 18, 3, 40, 45, 1
1793, 18, 1, 40, 53, 1
1793, 18, 3, 40, 57, 1
1793, 18, 1, 41, 28, 1
1793, 18, 3, 41, 33, 1
1793, 18, 1, 41, 34, 1
1793, 18, 3, 41, 39, 1
1793, 18, 1, 41, 40, 1
1793, 18, 3, 41, 45, 1
1793, 21, 0, 41, 53, 1
1793, 18, 0, 41, 54, 1
1793, 18, 0, 41, 55, 1
1793, 18, 0, 41, 56, 1
1793, 21, 3, 41, 57, 1
1793, 21, 1, 42, 19, 1
1793, 18, 2, 42, 20, 1
1793, 18, 2, 42, 21, 1
1793, 21, 2, 42, 22, 1
1793, 18, 1, 42, 28, 1
1793, 18, 3, 42, 33, 1
1793, 18, 1, 42, 34, 1
1793, 18, 3, 42, 39, 1
1793, 18, 1, 42, 40, 1
1793, 18, 3, 42, 45, 1
1793, 21, 1, 42, 53, 1
1793, 18, 2, 42, 54, 1
1793, 18, 2, 42, 55, 1
1793, 18, 2, 42, 56, 1
1793, 21, 2, 42, 57, 1
1793, 18, 1, 43, 19, 1
1793, 20, 2, 43, 22, 1
1793, 21, 2, 43, 23, 1
1793, 21, 0, 43, 28, 1
1793, 18, 0, 43, 29, 1
1793, 18, 0, 43, 30, 1
1793, 18, 0, 43, 31, 1
1793, 18, 0, 43, 32, 1
1793, 21, 3, 43, 33, 1
1793, 21, 0, 43, 34, 1
1793, 18, 0, 43, 35, 1
1793, 18, 0, 43, 36, 1
1793, 18, 0, 43, 37, 1
1793, 18, 0, 43, 38, 1
1793, 21, 3, 43, 39, 1
1793, 21, 0, 43, 40, 1
1793, 18, 0, 43, 41, 1
1793, 18, 0, 43, 42, 1
1793, 18, 0, 43, 43, 1
1793, 18, 0, 43, 44, 1
1793, 21, 3, 43, 45, 1
1793, 18, 1, 43, 53, 1
1793, 18, 3, 43, 57, 1
1793, 18, 1, 44, 19, 1
1793, 18, 3, 44, 23, 1
1793, 18, 1, 44, 53, 1
1793, 18, 3, 44, 57, 1
1793, 18, 1, 45, 19, 1
1793, 18, 3, 45, 23, 1
1793, 18, 1, 45, 53, 1
1793, 18, 3, 45, 57, 1
1793, 18, 1, 46, 19, 1
1793, 18, 3, 46, 23, 1
1793, 18, 1, 46, 53, 1
1793, 18, 3, 46, 57, 1
1793, 21, 0, 47, 19, 1
1793, 18, 0, 47, 20, 1
1793, 18, 0, 47, 21, 1
1793, 18, 0, 47, 22, 1
1793, 21, 3, 47, 23, 1
1793, 21, 1, 47, 28, 1
1793, 18, 2, 47, 29, 1
1793, 18, 2, 47, 30, 1
1793, 18, 2, 47, 31, 1
1793, 18, 2, 47, 32, 1
1793, 21, 2, 47, 33, 1
1793, 21, 1, 47, 40, 1
1793, 18, 2, 47, 41, 1
1793, 18, 2, 47, 42, 1
1793, 18, 2, 47, 43, 1
1793, 18, 2, 47, 44, 1
1793, 21, 2, 47, 45, 1
1793, 21, 0, 47, 53, 1
1793, 18, 0, 47, 54, 1
1793, 18, 0, 47, 55, 1
1793, 18, 0, 47, 56, 1
1793, 21, 3, 47, 57, 1
1793, 21, 1, 48, 19, 1
1793, 18, 2, 48, 20, 1
1793, 18, 2, 48, 21, 1
1793, 18, 2, 48, 22, 1
1793, 21, 2, 48, 23, 1
1793, 18, 1, 48, 28, 1
1793, 18, 3, 48, 33, 1
1793, 18, 1, 48, 40, 1
1793, 18, 3, 48, 45, 1
1793, 21, 1, 48, 53, 1
1793, 18, 2, 48, 54, 1
1793, 18, 2, 48, 55, 1
1793, 18, 2, 48, 56, 1
1793, 21, 2, 48, 57, 1
1793, 21, 1, 48, 58, 1
1793, 18, 2, 48, 59, 1
1793, 18, 2, 48, 60, 1
1793, 18, 2, 48, 61, 1
1793, 21, 2, 48, 62, 1
1793, 18, 1, 49, 19, 1
1793, 18, 3, 49, 23, 1
1793, 18, 1, 49, 28, 1
1793, 18, 3, 49, 33, 1
1793, 18, 1, 49, 40, 1
1793, 18, 3, 49, 45, 1
1793, 18, 1, 49, 53, 1
1793, 18, 3, 49, 57, 1
1793, 18, 1, 49, 58, 1
1793, 18, 3, 49, 62, 1
1793, 18, 1, 50, 19, 1
1793, 18, 3, 50, 23, 1
1793, 18, 1, 50, 28, 1
1793, 18, 3, 50, 33, 1
1793, 18, 1, 50, 40, 1
1793, 18, 3, 50, 45, 1
1793, 18, 1, 50, 53, 1
1793, 18, 3, 50, 57, 1
1793, 18, 1, 50, 58, 1
1793, 18, 3, 50, 62, 1
1793, 18, 1, 51, 19, 1
1793, 18, 3, 51, 23, 1
1793, 21, 0, 51, 28, 1
1793, 18, 0, 51, 29, 1
1793, 18, 0, 51, 30, 1
1793, 18, 0, 51, 31, 1
1793, 18, 0, 51, 32, 1
1793, 21, 3, 51, 33, 1
1793, 21, 0, 51, 40, 1
1793, 18, 0, 51, 41, 1
1793, 18, 0, 51, 42, 1
1793, 18, 0, 51, 43, 1
1793, 18, 0, 51, 44, 1
1793, 21, 3, 51, 45, 1
1793, 18, 1, 51, 53, 1
1793, 18, 3, 51, 57, 1
1793, 18, 1, 51, 58, 1
1793, 18, 3, 51, 62, 1
1793, 21, 0, 52, 19, 1
1793, 18, 0, 52, 20, 1
1793, 18, 0, 52, 21, 1
1793, 18, 0, 52, 22, 1
1793, 21, 3, 52, 23, 1
1793, 18, 1, 52, 53, 1
1793, 18, 3, 52, 57, 1
1793, 18, 1, 52, 58, 1
1793, 18, 3, 52, 62, 1
1793, 21, 0, 53, 53, 1
1793, 18, 0, 53, 54, 1
1793, 18, 0, 53, 55, 1
1793, 18, 0, 53, 56, 1
1793, 21, 3, 53, 57, 1
1793, 21, 0, 53, 58, 1
1793, 18, 0, 53, 59, 1
1793, 18, 0, 53, 60, 1
1793, 18, 0, 53, 61, 1
1793, 21, 3, 53, 62, 1
1793, 21, 1, 54, 58, 1
1793, 18, 2, 54, 59, 1
1793, 18, 2, 54, 60, 1
1793, 18, 2, 54, 61, 1
1793, 21, 2, 54, 62, 1
1793, 21, 1, 55, 28, 1
1793, 18, 2, 55, 29, 1
1793, 18, 2, 55, 30, 1
1793, 18, 2, 55, 31, 1
1793, 18, 2, 55, 32, 1
1793, 21, 2, 55, 33, 1
1793, 18, 1, 55, 58, 1
1793, 18, 3, 55, 62, 1
1793, 18, 1, 56, 28, 1
1793, 18, 3, 56, 33, 1
1793, 18, 1, 56, 58, 1
1793, 18, 3, 56, 62, 1
1793, 18, 1, 57, 28, 1
1793, 18, 3, 57, 33, 1
1793, 18, 1, 57, 58, 1
1793, 18, 3, 57, 62, 1
1793, 18, 1, 58, 28, 1
1793, 18, 3, 58, 33, 1
1793, 18, 1, 58, 58, 1
1793, 18, 3, 58, 62, 1
1793, 21, 0, 59, 28, 1
1793, 18, 0, 59, 29, 1
1793, 18, 0, 59, 30, 1
1793, 18, 0, 59, 31, 1
1793, 18, 0, 59, 32, 1
1793, 21, 3, 59, 33, 1
1793, 21, 0, 59, 58, 1
1793, 18, 0, 59, 59, 1
1793, 18, 0, 59, 60, 1
1793, 18, 0, 59, 61, 1
1793, 21, 3, 59, 62, 1
1838, 4, 1, 36, 22, 0
1838, 5, 3, 36, 23, 0
1844, 5, 2, 31, 23, 0
1844, 4, 0, 32, 23, 0
1844, 5, 1, 33, 19, 0
1844, 4, 3, 33, 20, 0
1844, 4, 1, 33, 25, 0
1844, 5, 3, 33, 26, 0
1844, 4, 2, 34, 29, 0
1844, 4, 2, 34, 38, 0
1844, 4, 2, 34, 44, 0
1844, 5, 0, 35, 29, 0
1844, 5, 0, 35, 38, 0
1844, 5, 0, 35, 41, 0
1844, 5, 0, 35, 44, 0
1844, 5, 1, 36, 19, 0
1844, 4, 3, 36, 20, 0
1844, 5, 2, 36, 55, 0
1844, 4, 0, 37, 55, 0
1844, 5, 2, 39, 29, 0
1844, 5, 2, 39, 32, 0
1844, 5, 2, 39, 35, 0
1844, 4, 0, 40, 29, 0
1844, 4, 0, 40, 32, 0
1844, 4, 0, 40, 35, 0
1844, 5, 1, 44, 19, 0
1844, 4, 3, 44, 20, 0
1844, 4, 2, 46, 55, 0
1844, 5, 0, 47, 55, 0
1844, 5, 2, 48, 55, 0
1844, 5, 2, 48, 60, 0
1844, 4, 1, 49, 44, 0
1844, 5, 3, 49, 45, 0
1844, 4, 0, 49, 55, 0
1844, 4, 0, 49, 60, 0
1844, 4, 2, 50, 42, 0
1844, 5, 0, 51, 42, 0
1844, 4, 2, 52, 60, 0
1844, 5, 0, 53, 60, 0
1844, 5, 2, 54, 60, 0
1844, 4, 0, 55, 60, 0
1845, 4, 2, 34, 32, 0
1845, 5, 0, 35, 32, 0
1845, 5, 2, 39, 41, 0
1845, 5, 2, 39, 44, 0
1845, 4, 0, 40, 41, 0
1845, 4, 0, 40, 44, 0
1845, 4, 2, 40, 55, 0
1845, 5, 0, 41, 55, 0
1845, 5, 2, 42, 55, 0
1845, 4, 0, 43, 55, 0
1845, 5, 2, 47, 32, 0
1845, 4, 0, 48, 32, 0
1845, 4, 2, 52, 55, 0
1845, 5, 0, 53, 55, 0
1845, 5, 2, 55, 32, 0
1845, 4, 0, 56, 32, 0
1845, 4, 2, 58, 60, 0
1845, 5, 0, 59, 60, 0
1925, 16, 1, 25, 43, 1
1925, 12, 2, 25, 44, 1
1925, 12, 1, 26, 43, 1
1925, 17, 1, 26, 44, 1
1925, 16, 0, 27, 43, 1
1925, 12, 0, 27, 44, 1
1925, 16, 1, 25, 45, 2
1925, 12, 2, 25, 46, 2
1925, 16, 2, 25, 47, 2
1925, 12, 1, 26, 45, 2
1925, 17, 1, 26, 46, 2
1925, 12, 3, 26, 47, 2
1925, 16, 0, 27, 45, 2
1925, 12, 0, 27, 46, 2
1925, 16, 3, 27, 47, 2
1934, 10, 2, 2, 41, 0
1934, 10, 0, 2, 42, 0
1934, 10, 2, 2, 59, 0
1934, 10, 0, 2, 60, 0
1934, 10, 2, 3, 41, 0
1934, 10, 0, 3, 42, 0
1934, 10, 2, 3, 59, 0
1934, 10, 0, 3, 60, 0
1934, 10, 2, 4, 41, 0
1934, 10, 0, 4, 42, 0
1934, 10, 2, 4, 59, 0
1934, 10, 0, 4, 60, 0
1934, 10, 2, 5, 41, 0
1934, 10, 0, 5, 42, 0
1934, 10, 2, 5, 59, 0
1934, 10, 0, 5, 60, 0
1934, 10, 2, 6, 41, 0
1934, 10, 0, 6, 42, 0
1934, 10, 2, 6, 59, 0
1934, 10, 0, 6, 60, 0
1934, 10, 2, 7, 41, 0
1934, 10, 0, 7, 42, 0
1934, 10, 2, 7, 59, 0
1934, 10, 0, 7, 60, 0
1934, 10, 2, 8, 41, 0
1934, 10, 0, 8, 42, 0
1934, 10, 2, 8, 59, 0
1934, 10, 0, 8, 60, 0
1934, 10, 2, 9, 41, 0
1934, 10, 0, 9, 42, 0
1934, 10, 2, 9, 59, 0
1934, 10, 0, 9, 60, 0
1934, 10, 2, 10, 41, 0
1934, 10, 0, 10, 42, 0
1934, 10, 2, 10, 59, 0
1934, 10, 0, 10, 60, 0
1934, 10, 2, 11, 41, 0
1934, 10, 0, 11, 42, 0
1934, 10, 2, 11, 59, 0
1934, 10, 0, 11, 60, 0
1934, 10, 2, 12, 41, 0
1934, 10, 0, 12, 42, 0
1934, 10, 2, 12, 59, 0
1934, 10, 0, 12, 60, 0
1934, 10, 2, 13, 41, 0
1934, 10, 0, 13, 42, 0
1934, 10, 2, 13, 59, 0
1934, 10, 0, 13, 60, 0
1934, 10, 2, 14, 41, 0
1934, 10, 0, 14, 42, 0
1934, 10, 2, 14, 59, 0
1934, 10, 0, 14, 60, 0
1934, 10, 2, 15, 41, 0
1934, 10, 0, 15, 42, 0
1934, 10, 2, 15, 59, 0
1934, 10, 0, 15, 60, 0
1934, 10, 2, 16, 41, 0
1934, 10, 0, 16, 42, 0
1934, 10, 2, 16, 59, 0
1934, 10, 0, 16, 60, 0
1934, 10, 2, 17, 41, 0
1934, 10, 0, 17, 42, 0
1934, 10, 2, 17, 59, 0
1934, 10, 0, 17, 60, 0
1934, 10, 2, 18, 41, 0
1934, 10, 0, 18, 42, 0
1934, 10, 2, 18, 59, 0
1934, 10, 0, 18, 60, 0
1934, 10, 2, 19, 41, 0
1934, 10, 0, 19, 42, 0
1934, 10, 2, 19, 59, 0
1934, 10, 0, 19, 60, 0
1934, 10, 2, 20, 41, 0
1934, 10, 0, 20, 42, 0
1934, 10, 2, 20, 59, 0
1934, 10, 0, 20, 60, 0
1934, 10, 2, 21, 41, 0
1934, 10, 0, 21, 42, 0
1934, 10, 2, 21, 59, 0
1934, 10, 0, 21, 60, 0
1934, 10, 2, 22, 41, 0
1934, 10, 0, 22, 42, 0
1934, 10, 2, 22, 59, 0
1934, 10, 0, 22, 60, 0
1934, 10, 2, 23, 41, 0
1934, 10, 0, 23, 42, 0
1934, 10, 2, 23, 59, 0
1934, 10, 0, 23, 60, 0
1934, 10, 2, 24, 41, 0
1934, 10, 0, 24, 42, 0
1934, 10, 2, 24, 59, 0
1934, 10, 0, 24, 60, 0
1934, 10, 2, 25, 41, 0
1934, 10, 0, 25, 42, 0
1934, 10, 2, 25, 59, 0
1934, 10, 0, 25, 60, 0
1934, 10, 2, 26, 41, 0
1934, 10, 0, 26, 42, 0
1934, 10, 2, 26, 59, 0
1934, 10, 0, 26, 60, 0
1934, 10, 3, 27, 16, 0
1934, 10, 3, 27, 17, 0
1934, 10, 3, 27, 18, 0
1934, 10, 3, 27, 19, 0
1934, 10, 3, 27, 20, 0
1934, 10, 3, 27, 21, 0
1934, 10, 3, 27, 22, 0
1934, 10, 3, 27, 23, 0
1934, 10, 3, 27, 24, 0
1934, 10, 3, 27, 25, 0
1934, 10, 3, 27, 26, 0
1934, 10, 3, 27, 27, 0
1934, 10, 3, 27, 28, 0
1934, 10, 3, 27, 29, 0
1934, 10, 3, 27, 30, 0
1934, 10, 3, 27, 31, 0
1934, 10, 3, 27, 32, 0
1934, 10, 3, 27, 33, 0
1934, 10, 3, 27, 34, 0
1934, 10, 3, 27, 35, 0
1934, 10, 3, 27, 36, 0
1934, 10, 3, 27, 37, 0
1934, 10, 3, 27, 38, 0
1934, 10, 3, 27, 39, 0
1934, 10, 3, 27, 40, 0
1934, 10, 0, 27, 42, 0
1934, 10, 2, 27, 59, 0
1934, 10, 0, 27, 60, 0
1934, 10, 2, 28, 15, 0
1934, 10, 1, 28, 17, 0
1934, 10, 1, 28, 18, 0
1934, 10, 1, 28, 19, 0
1934, 10, 1, 28, 20, 0
1934, 10, 1, 28, 21, 0
1934, 10, 1, 28, 22, 0
1934, 10, 1, 28, 23, 0
1934, 10, 1, 28, 24, 0
1934, 10, 1, 28, 25, 0
1934, 10, 1, 28, 26, 0
1934, 10, 1, 28, 27, 0
1934, 10, 1, 28, 28, 0
1934, 10, 1, 28, 29, 0
1934, 10, 1, 28, 30, 0
1934, 10, 1, 28, 31, 0
1934, 10, 1, 28, 32, 0
1934, 10, 1, 28, 33, 0
1934, 10, 1, 28, 34, 0
1934, 10, 1, 28, 35, 0
1934, 10, 1, 28, 36, 0
1934, 10, 1, 28, 37, 0
1934, 10, 1, 28, 38, 0
1934, 10, 1, 28, 39, 0
1934, 10, 1, 28, 40, 0
1934, 10, 1, 28, 41, 0
1934, 10, 2, 28, 59, 0
1934, 10, 0, 28, 60, 0
1934, 10, 2, 29, 15, 0
1934, 10, 0, 29, 16, 0
1934, 10, 2, 29, 59, 0
1934, 10, 0, 29, 60, 0
1934, 10, 2, 30, 15, 0
1934, 10, 0, 30, 16, 0
1934, 10, 2, 30, 59, 0
1934, 10, 3, 30, 61, 0
1934, 10, 3, 30, 62, 0
1934, 10, 3, 30, 63, 0
1934, 10, 2, 31, 15, 0
1934, 10, 0, 31, 16, 0
1934, 10, 1, 31, 60, 0
1934, 10, 1, 31, 61, 0
1934, 10, 1, 31, 62, 0
1934, 10, 1, 31, 63, 0
1934, 10, 2, 32, 15, 0
1934, 10, 0, 32, 16, 0
1934, 10, 2, 33, 15, 0
1934, 10, 0, 33, 16, 0
1934, 10, 2, 34, 15, 0
1934, 10, 0, 34, 16, 0
1934, 10, 2, 35, 15, 0
1934, 10, 0, 35, 16, 0
1934, 10, 2, 36, 15, 0
1934, 10, 0, 36, 16, 0
1934, 10, 2, 37, 15, 0
1934, 10, 0, 37, 16, 0
1934, 10, 2, 38, 15, 0
1934, 10, 0, 38, 16, 0
1934, 10, 2, 39, 15, 0
1934, 10, 0, 39, 16, 0
1934, 10, 2, 40, 15, 0
1934, 10, 0, 40, 16, 0
1934, 10, 2, 41, 15, 0
1934, 10, 0, 41, 16, 0
1934, 10, 2, 42, 15, 0
1934, 10, 0, 42, 16, 0
1934, 10, 2, 43, 15, 0
1934, 10, 0, 43, 16, 0
1934, 10, 2, 44, 15, 0
1934, 10, 0, 44, 16, 0
1934, 10, 2, 45, 15, 0
1934, 10, 0, 45, 16, 0
1934, 10, 2, 46, 15, 0
1934, 10, 0, 46, 16, 0
1934, 10, 2, 47, 15, 0
1934, 10, 0, 47, 16, 0
1934, 10, 2, 48, 15, 0
1934, 10, 0, 48, 16, 0
1934, 10, 2, 49, 15, 0
1934, 10, 0, 49, 16, 0
1934, 10, 2, 50, 15, 0
1934, 10, 0, 50, 16, 0
1934, 10, 2, 51, 15, 0
1934, 10, 0, 51, 16, 0
1934, 10, 2, 52, 15, 0
1934, 10, 0, 52, 16, 0
1934, 10, 2, 53, 15, 0
1934, 10, 0, 53, 16, 0
1934, 10, 2, 54, 15, 0
1934, 10, 0, 54, 16, 0
1934, 10, 2, 55, 15, 0
1934, 10, 0, 55, 16, 0
1934, 10, 2, 56, 15, 0
1934, 10, 0, 56, 16, 0
1934, 10, 2, 57, 15, 0
1934, 10, 0, 57, 16, 0
1934, 10, 2, 58, 15, 0
1934, 10, 0, 58, 16, 0
1934, 10, 2, 59, 15, 0
1934, 10, 0, 59, 16, 0
1934, 10, 2, 60, 15, 0
1934, 10, 0, 60, 16, 0
1934, 10, 2, 61, 15, 0
1934, 10, 0, 61, 16, 0
1934, 10, 2, 62, 15, 0
1934, 10, 0, 62, 16, 0
1934, 10, 2, 63, 15, 0
1934, 10, 0, 63, 16, 0
1935, 10, 2, 27, 41, 0
1935, 10, 0, 28, 16, 0
1935, 10, 3, 30, 60, 0
1936, 10, 2, 27, 15, 0
1936, 10, 0, 28, 42, 0
1936, 10, 1, 31, 59, 0
2182, 10, 0, 36, 50, 0
2733, 22, 0, 33, 22, 0
2997, 0, 0, 35, 31, 0
2997, 0, 0, 35, 43, 0
2997, 0, 1, 38, 53, 0
2997, 0, 2, 39, 31, 0
2997, 0, 2, 39, 37, 0
2997, 0, 3, 45, 23, 0
2997, 0, 1, 50, 53, 0
2997, 0, 1, 50, 58, 0
2997, 0, 1, 56, 53, 0
3213, 10, 3, 1, 49, 0
3467, 5, 0, 35, 24, 0
8803, 11, 2, 35, 23, 0
8803, 10, 3, 35, 24, 0
8803, 10, 2, 37, 23, 0
8806, 10, 2, 35, 25, 0
