1434, 10, 0, 0, 0, 1
1434, 10, 0, 0, 1, 1
1434, 10, 0, 0, 2, 1
1434, 10, 0, 0, 3, 1
1434, 10, 0, 0, 4, 1
1434, 10, 0, 0, 5, 1
1434, 10, 0, 0, 6, 1
1434, 10, 0, 0, 7, 1
1434, 10, 0, 0, 8, 1
1434, 10, 0, 0, 9, 1
1434, 10, 0, 0, 10, 1
1434, 10, 0, 0, 11, 1
1434, 10, 0, 0, 12, 1
1434, 10, 0, 0, 13, 1
1434, 10, 0, 0, 14, 1
1434, 10, 0, 0, 15, 1
1434, 10, 0, 0, 16, 1
1434, 10, 0, 0, 17, 1
1434, 10, 0, 0, 18, 1
1434, 10, 0, 0, 19, 1
1434, 10, 0, 0, 20, 1
1434, 10, 0, 0, 21, 1
1434, 10, 0, 0, 22, 1
1434, 10, 0, 0, 23, 1
1434, 10, 0, 0, 24, 1
1434, 10, 0, 0, 25, 1
1434, 10, 0, 0, 26, 1
1434, 10, 0, 0, 27, 1
1434, 10, 0, 0, 28, 1
1434, 10, 0, 0, 29, 1
1434, 10, 0, 0, 30, 1
1434, 10, 0, 0, 31, 1
1434, 10, 0, 0, 32, 1
1434, 10, 0, 0, 33, 1
1434, 10, 0, 0, 34, 1
1434, 10, 0, 0, 35, 1
1434, 10, 0, 0, 36, 1
1434, 10, 0, 0, 37, 1
1434, 10, 0, 0, 38, 1
1434, 10, 0, 0, 39, 1
1434, 10, 0, 0, 40, 1
1434, 10, 0, 0, 41, 1
1434, 10, 0, 0, 42, 1
1434, 10, 0, 0, 43, 1
1434, 10, 0, 0, 44, 1
1434, 10, 0, 0, 45, 1
1434, 10, 0, 0, 46, 1
1434, 10, 0, 0, 47, 1
1434, 10, 0, 0, 48, 1
1434, 10, 0, 0, 49, 1
1434, 10, 0, 0, 50, 1
1434, 10, 0, 0, 51, 1
1434, 10, 0, 0, 52, 1
1434, 10, 0, 0, 53, 1
1434, 10, 0, 0, 54, 1
1434, 10, 0, 0, 55, 1
1434, 10, 0, 0, 56, 1
1434, 10, 0, 0, 57, 1
1434, 10, 0, 0, 58, 1
1434, 10, 0, 0, 59, 1
1434, 10, 0, 0, 60, 1
1434, 10, 0, 0, 61, 1
1434, 10, 0, 0, 62, 1
1434, 10, 0, 0, 63, 1
1434, 10, 0, 1, 0, 1
1434, 10, 0, 1, 1, 1
1434, 10, 0, 1, 2, 1
1434, 10, 0, 1, 3, 1
1434, 10, 0, 1, 4, 1
1434, 10, 0, 1, 5, 1
1434, 10, 0, 1, 6, 1
1434, 10, 0, 1, 7, 1
1434, 10, 0, 1, 8, 1
1434, 10, 0, 1, 9, 1
1434, 10, 0, 1, 10, 1
1434, 10, 0, 1, 11, 1
1434, 10, 0, 1, 12, 1
1434, 10, 0, 1, 13, 1
1434, 10, 0, 1, 14, 1
1434, 10, 0, 1, 15, 1
1434, 10, 0, 1, 16, 1
1434, 10, 0, 1, 17, 1
1434, 10, 0, 1, 18, 1
1434, 10, 0, 1, 19, 1
1434, 10, 0, 1, 20, 1
1434, 10, 0, 1, 21, 1
1434, 10, 0, 1, 22, 1
1434, 10, 0, 1, 23, 1
1434, 10, 0, 1, 24, 1
1434, 10, 0, 1, 25, 1
1434, 10, 0, 1, 26, 1
1434, 10, 0, 1, 27, 1
1434, 10, 0, 1, 28, 1
1434, 10, 0, 1, 29, 1
1434, 10, 0, 1, 30, 1
1434, 10, 0, 1, 31, 1
1434, 10, 0, 1, 32, 1
1434, 10, 0, 1, 33, 1
1434, 10, 0, 1, 34, 1
1434, 10, 0, 1, 35, 1
1434, 10, 0, 1, 36, 1
1434, 10, 0, 1, 37, 1
1434, 10, 0, 1, 38, 1
1434, 10, 0, 1, 39, 1
1434, 10, 0, 1, 40, 1
1434, 10, 0, 1, 41, 1
1434, 10, 0, 1, 42, 1
1434, 10, 0, 1, 43, 1
1434, 10, 0, 1, 44, 1
1434, 10, 0, 1, 45, 1
1434, 10, 0, 1, 46, 1
1434, 10, 0, 1, 47, 1
1434, 10, 0, 1, 48, 1
1434, 10, 0, 1, 49, 1
1434, 10, 0, 1, 50, 1
1434, 10, 0, 1, 51, 1
1434, 10, 0, 1, 52, 1
1434, 10, 0, 1, 53, 1
1434, 10, 0, 1, 54, 1
1434, 10, 0, 1, 55, 1
1434, 10, 0, 1, 56, 1
1434, 10, 0, 1, 57, 1
1434, 10, 0, 1, 58, 1
1434, 10, 0, 1, 59, 1
1434, 10, 0, 1, 60, 1
1434, 10, 0, 1, 61, 1
1434, 10, 0, 1, 62, 1
1434, 10, 0, 1, 63, 1
1434, 10, 0, 2, 0, 1
1434, 10, 0, 2, 1, 1
1434, 10, 0, 2, 2, 1
1434, 10, 0, 2, 3, 1
1434, 10, 0, 2, 4, 1
1434, 10, 0, 2, 5, 1
1434, 10, 0, 2, 6, 1
1434, 10, 0, 2, 7, 1
1434, 10, 0, 2, 8, 1
1434, 10, 0, 2, 9, 1
1434, 10, 0, 2, 10, 1
1434, 10, 0, 2, 11, 1
1434, 10, 0, 2, 12, 1
1434, 10, 0, 2, 13, 1
1434, 10, 0, 2, 14, 1
1434, 10, 0, 2, 15, 1
1434, 10, 0, 2, 16, 1
1434, 10, 0, 2, 17, 1
1434, 10, 0, 2, 18, 1
1434, 10, 0, 2, 19, 1
1434, 10, 0, 2, 20, 1
1434, 10, 0, 2, 21, 1
1434, 10, 0, 2, 22, 1
1434, 10, 0, 2, 23, 1
1434, 10, 0, 2, 24, 1
1434, 10, 0, 2, 25, 1
1434, 10, 0, 2, 26, 1
1434, 10, 0, 2, 27, 1
1434, 10, 0, 2, 28, 1
1434, 10, 0, 2, 29, 1
1434, 10, 0, 2, 30, 1
1434, 10, 0, 2, 31, 1
1434, 10, 0, 2, 32, 1
1434, 10, 0, 2, 33, 1
1434, 10, 0, 2, 34, 1
1434, 10, 0, 2, 35, 1
1434, 10, 0, 2, 36, 1
1434, 10, 0, 2, 37, 1
1434, 10, 0, 2, 38, 1
1434, 10, 0, 2, 39, 1
1434, 10, 0, 2, 40, 1
1434, 10, 0, 2, 41, 1
1434, 10, 0, 2, 42, 1
1434, 10, 0, 2, 43, 1
1434, 10, 0, 2, 44, 1
1434, 10, 0, 2, 45, 1
1434, 10, 0, 2, 46, 1
1434, 10, 0, 2, 47, 1
1434, 10, 0, 2, 48, 1
1434, 10, 0, 2, 49, 1
1434, 10, 0, 2, 50, 1
1434, 10, 0, 2, 51, 1
1434, 10, 0, 2, 52, 1
1434, 10, 0, 2, 53, 1
1434, 10, 0, 2, 54, 1
1434, 10, 0, 2, 55, 1
1434, 10, 0, 2, 56, 1
1434, 10, 0, 2, 57, 1
1434, 10, 0, 2, 58, 1
1434, 10, 0, 2, 59, 1
1434, 10, 0, 2, 60, 1
1434, 10, 0, 2, 61, 1
1434, 10, 0, 2, 62, 1
1434, 10, 0, 2, 63, 1
1434, 10, 0, 3, 0, 1
1434, 10, 0, 3, 1, 1
1434, 10, 0, 3, 2, 1
1434, 10, 0, 3, 3, 1
1434, 10, 0, 3, 4, 1
1434, 10, 0, 3, 5, 1
1434, 10, 0, 3, 6, 1
1434, 10, 0, 3, 7, 1
1434, 10, 0, 3, 8, 1
1434, 10, 0, 3, 9, 1
1434, 10, 0, 3, 10, 1
1434, 10, 0, 3, 11, 1
1434, 10, 0, 3, 12, 1
1434, 10, 0, 3, 13, 1
1434, 10, 0, 3, 14, 1
1434, 10, 0, 3, 15, 1
1434, 10, 0, 3, 16, 1
1434, 10, 0, 3, 17, 1
1434, 10, 0, 3, 18, 1
1434, 10, 0, 3, 19, 1
1434, 10, 0, 3, 20, 1
1434, 10, 0, 3, 21, 1
1434, 10, 0, 3, 22, 1
1434, 10, 0, 3, 23, 1
1434, 10, 0, 3, 24, 1
1434, 10, 0, 3, 25, 1
1434, 10, 0, 3, 26, 1
1434, 10, 0, 3, 27, 1
1434, 10, 0, 3, 28, 1
1434, 10, 0, 3, 29, 1
1434, 10, 0, 3, 30, 1
1434, 10, 0, 3, 31, 1
1434, 10, 0, 3, 32, 1
1434, 10, 0, 3, 33, 1
1434, 10, 0, 3, 34, 1
1434, 10, 0, 3, 35, 1
1434, 10, 0, 3, 36, 1
1434, 10, 0, 3, 37, 1
1434, 10, 0, 3, 38, 1
1434, 10, 0, 3, 39, 1
1434, 10, 0, 3, 40, 1
1434, 10, 0, 3, 41, 1
1434, 10, 0, 3, 42, 1
1434, 10, 0, 3, 43, 1
1434, 10, 0, 3, 44, 1
1434, 10, 0, 3, 45, 1
1434, 10, 0, 3, 46, 1
1434, 10, 0, 3, 47, 1
1434, 10, 0, 3, 48, 1
1434, 10, 0, 3, 49, 1
1434, 10, 0, 3, 50, 1
1434, 10, 0, 3, 51, 1
1434, 10, 0, 3, 52, 1
1434, 10, 0, 3, 53, 1
1434, 10, 0, 3, 54, 1
1434, 10, 0, 3, 55, 1
1434, 10, 0, 3, 56, 1
1434, 10, 0, 3, 57, 1
1434, 10, 0, 3, 58, 1
1434, 10, 0, 3, 59, 1
1434, 10, 0, 3, 60, 1
1434, 10, 0, 3, 61, 1
1434, 10, 0, 3, 62, 1
1434, 10, 0, 3, 63, 1
1434, 10, 0, 4, 0, 1
1434, 10, 0, 4, 1, 1
1434, 10, 0, 4, 2, 1
1434, 10, 0, 4, 3, 1
1434, 10, 0, 4, 4, 1
1434, 10, 0, 4, 5, 1
1434, 10, 0, 4, 6, 1
1434, 10, 0, 4, 7, 1
1434, 10, 0, 4, 8, 1
1434, 10, 0, 4, 9, 1
1434, 10, 0, 4, 10, 1
1434, 10, 0, 4, 11, 1
1434, 10, 0, 4, 12, 1
1434, 10, 0, 4, 13, 1
1434, 10, 0, 4, 14, 1
1434, 10, 0, 4, 15, 1
1434, 10, 0, 4, 16, 1
1434, 10, 0, 4, 17, 1
1434, 10, 0, 4, 18, 1
1434, 10, 0, 4, 19, 1
1434, 10, 0, 4, 20, 1
1434, 10, 0, 4, 21, 1
1434, 10, 0, 4, 22, 1
1434, 10, 0, 4, 23, 1
1434, 10, 0, 4, 24, 1
1434, 10, 0, 4, 25, 1
1434, 10, 0, 4, 26, 1
1434, 10, 0, 4, 27, 1
1434, 10, 0, 4, 28, 1
1434, 10, 0, 4, 29, 1
1434, 10, 0, 4, 30, 1
1434, 10, 0, 4, 31, 1
1434, 10, 0, 4, 32, 1
1434, 10, 0, 4, 33, 1
1434, 10, 0, 4, 34, 1
1434, 10, 0, 4, 35, 1
1434, 10, 0, 4, 36, 1
1434, 10, 0, 4, 37, 1
1434, 10, 0, 4, 38, 1
1434, 10, 0, 4, 39, 1
1434, 10, 0, 4, 40, 1
1434, 10, 0, 4, 41, 1
1434, 10, 0, 4, 42, 1
1434, 10, 0, 4, 43, 1
1434, 10, 0, 4, 44, 1
1434, 10, 0, 4, 45, 1
1434, 10, 0, 4, 46, 1
1434, 10, 0, 4, 47, 1
1434, 10, 0, 4, 48, 1
1434, 10, 0, 4, 49, 1
1434, 10, 0, 4, 50, 1
1434, 10, 0, 4, 51, 1
1434, 10, 0, 4, 52, 1
1434, 10, 0, 4, 53, 1
1434, 10, 0, 4, 54, 1
1434, 10, 0, 4, 55, 1
1434, 10, 0, 4, 56, 1
1434, 10, 0, 4, 57, 1
1434, 10, 0, 4, 58, 1
1434, 10, 0, 4, 59, 1
1434, 10, 0, 4, 60, 1
1434, 10, 0, 4, 61, 1
1434, 10, 0, 4, 62, 1
1434, 10, 0, 4, 63, 1
1434, 10, 0, 5, 0, 1
1434, 10, 0, 5, 1, 1
1434, 10, 0, 5, 2, 1
1434, 10, 0, 5, 3, 1
1434, 10, 0, 5, 4, 1
1434, 10, 0, 5, 5, 1
1434, 10, 0, 5, 6, 1
1434, 10, 0, 5, 7, 1
1434, 10, 0, 5, 8, 1
1434, 10, 0, 5, 9, 1
1434, 10, 0, 5, 10, 1
1434, 10, 0, 5, 11, 1
1434, 10, 0, 5, 12, 1
1434, 10, 0, 5, 13, 1
1434, 10, 0, 5, 14, 1
1434, 10, 0, 5, 15, 1
1434, 10, 0, 5, 16, 1
1434, 10, 0, 5, 17, 1
1434, 10, 0, 5, 18, 1
1434, 10, 0, 5, 19, 1
1434, 10, 0, 5, 20, 1
1434, 10, 0, 5, 21, 1
1434, 10, 0, 5, 22, 1
1434, 10, 0, 5, 23, 1
1434, 10, 0, 5, 24, 1
1434, 10, 0, 5, 25, 1
1434, 10, 0, 5, 26, 1
1434, 10, 0, 5, 27, 1
1434, 10, 0, 5, 28, 1
1434, 10, 0, 5, 29, 1
1434, 10, 0, 5, 30, 1
1434, 10, 0, 5, 31, 1
1434, 10, 0, 5, 32, 1
1434, 10, 0, 5, 33, 1
1434, 10, 0, 5, 34, 1
1434, 10, 0, 5, 35, 1
1434, 10, 0, 5, 36, 1
1434, 10, 0, 5, 37, 1
1434, 10, 0, 5, 38, 1
1434, 10, 0, 5, 39, 1
1434, 10, 0, 5, 40, 1
1434, 10, 0, 5, 41, 1
1434, 10, 0, 5, 42, 1
1434, 10, 0, 5, 43, 1
1434, 10, 0, 5, 44, 1
1434, 10, 0, 5, 45, 1
1434, 10, 0, 5, 46, 1
1434, 10, 0, 5, 47, 1
1434, 10, 0, 5, 48, 1
1434, 10, 0, 5, 49, 1
1434, 10, 0, 5, 50, 1
1434, 10, 0, 5, 51, 1
1434, 10, 0, 5, 52, 1
1434, 10, 0, 5, 53, 1
1434, 10, 0, 5, 54, 1
1434, 10, 0, 5, 55, 1
1434, 10, 0, 5, 56, 1
1434, 10, 0, 5, 57, 1
1434, 10, 0, 5, 58, 1
1434, 10, 0, 5, 59, 1
1434, 10, 0, 5, 60, 1
1434, 10, 0, 5, 61, 1
1434, 10, 0, 5, 62, 1
1434, 10, 0, 5, 63, 1
1434, 10, 0, 6, 0, 1
1434, 10, 0, 6, 1, 1
1434, 10, 0, 6, 2, 1
1434, 10, 0, 6, 3, 1
1434, 10, 0, 6, 4, 1
1434, 10, 0, 6, 5, 1
1434, 10, 0, 6, 6, 1
1434, 10, 0, 6, 7, 1
1434, 10, 0, 6, 8, 1
1434, 10, 0, 6, 9, 1
1434, 10, 0, 6, 10, 1
1434, 10, 0, 6, 11, 1
1434, 10, 0, 6, 12, 1
1434, 10, 0, 6, 13, 1
1434, 10, 0, 6, 14, 1
1434, 10, 0, 6, 15, 1
1434, 10, 0, 6, 16, 1
1434, 10, 0, 6, 17, 1
1434, 10, 0, 6, 18, 1
1434, 10, 0, 6, 19, 1
1434, 10, 0, 6, 20, 1
1434, 10, 0, 6, 21, 1
1434, 10, 0, 6, 22, 1
1434, 10, 0, 6, 23, 1
1434, 10, 0, 6, 24, 1
1434, 10, 0, 6, 25, 1
1434, 10, 0, 6, 26, 1
1434, 10, 0, 6, 27, 1
1434, 10, 0, 6, 28, 1
1434, 10, 0, 6, 29, 1
1434, 10, 0, 6, 30, 1
1434, 10, 0, 6, 31, 1
1434, 10, 0, 6, 32, 1
1434, 10, 0, 6, 33, 1
1434, 10, 0, 6, 34, 1
1434, 10, 0, 6, 35, 1
1434, 10, 0, 6, 36, 1
1434, 10, 0, 6, 37, 1
1434, 10, 0, 6, 38, 1
1434, 10, 0, 6, 39, 1
1434, 10, 0, 6, 40, 1
1434, 10, 0, 6, 41, 1
1434, 10, 0, 6, 42, 1
1434, 10, 0, 6, 43, 1
1434, 10, 0, 6, 44, 1
1434, 10, 0, 6, 45, 1
1434, 10, 0, 6, 46, 1
1434, 10, 0, 6, 47, 1
1434, 10, 0, 6, 48, 1
1434, 10, 0, 6, 49, 1
1434, 10, 0, 6, 50, 1
1434, 10, 0, 6, 51, 1
1434, 10, 0, 6, 52, 1
1434, 10, 0, 6, 53, 1
1434, 10, 0, 6, 54, 1
1434, 10, 0, 6, 55, 1
1434, 10, 0, 6, 56, 1
1434, 10, 0, 6, 57, 1
1434, 10, 0, 6, 58, 1
1434, 10, 0, 6, 59, 1
1434, 10, 0, 6, 60, 1
1434, 10, 0, 6, 61, 1
1434, 10, 0, 6, 62, 1
1434, 10, 0, 6, 63, 1
1434, 10, 0, 7, 0, 1
1434, 10, 0, 7, 1, 1
1434, 10, 0, 7, 2, 1
1434, 10, 0, 7, 3, 1
1434, 10, 0, 7, 4, 1
1434, 10, 0, 7, 5, 1
1434, 10, 0, 7, 6, 1
1434, 10, 0, 7, 7, 1
1434, 10, 0, 7, 8, 1
1434, 10, 0, 7, 9, 1
1434, 10, 0, 7, 10, 1
1434, 10, 0, 7, 11, 1
1434, 10, 0, 7, 12, 1
1434, 10, 0, 7, 13, 1
1434, 10, 0, 7, 14, 1
1434, 10, 0, 7, 15, 1
1434, 10, 0, 7, 16, 1
1434, 10, 0, 7, 17, 1
1434, 10, 0, 7, 18, 1
1434, 10, 0, 7, 19, 1
1434, 10, 0, 7, 20, 1
1434, 10, 0, 7, 21, 1
1434, 10, 0, 7, 22, 1
1434, 10, 0, 7, 23, 1
1434, 10, 0, 7, 24, 1
1434, 10, 0, 7, 25, 1
1434, 10, 0, 7, 26, 1
1434, 10, 0, 7, 27, 1
1434, 10, 0, 7, 28, 1
1434, 10, 0, 7, 29, 1
1434, 10, 0, 7, 30, 1
1434, 10, 0, 7, 31, 1
1434, 10, 0, 7, 32, 1
1434, 10, 0, 7, 33, 1
1434, 10, 0, 7, 34, 1
1434, 10, 0, 7, 35, 1
1434, 10, 0, 7, 36, 1
1434, 10, 0, 7, 37, 1
1434, 10, 0, 7, 38, 1
1434, 10, 0, 7, 39, 1
1434, 10, 0, 7, 40, 1
1434, 10, 0, 7, 41, 1
1434, 10, 0, 7, 42, 1
1434, 10, 0, 7, 43, 1
1434, 10, 0, 7, 44, 1
1434, 10, 0, 7, 45, 1
1434, 10, 0, 7, 46, 1
1434, 10, 0, 7, 47, 1
1434, 10, 0, 7, 48, 1
1434, 10, 0, 7, 49, 1
1434, 10, 0, 7, 50, 1
1434, 10, 0, 7, 51, 1
1434, 10, 0, 7, 52, 1
1434, 10, 0, 7, 53, 1
1434, 10, 0, 7, 54, 1
1434, 10, 0, 7, 55, 1
1434, 10, 0, 7, 56, 1
1434, 10, 0, 7, 57, 1
1434, 10, 0, 7, 58, 1
1434, 10, 0, 7, 59, 1
1434, 10, 0, 7, 60, 1
1434, 10, 0, 7, 61, 1
1434, 10, 0, 7, 62, 1
1434, 10, 0, 7, 63, 1
1434, 10, 0, 8, 0, 1
1434, 10, 0, 8, 1, 1
1434, 10, 0, 8, 2, 1
1434, 10, 0, 8, 3, 1
1434, 10, 0, 8, 4, 1
1434, 10, 0, 8, 5, 1
1434, 10, 0, 8, 6, 1
1434, 10, 0, 8, 7, 1
1434, 10, 0, 8, 8, 1
1434, 10, 0, 8, 9, 1
1434, 10, 0, 8, 10, 1
1434, 10, 0, 8, 11, 1
1434, 10, 0, 8, 12, 1
1434, 10, 0, 8, 13, 1
1434, 10, 0, 8, 14, 1
1434, 10, 0, 8, 15, 1
1434, 10, 0, 8, 16, 1
1434, 10, 0, 8, 17, 1
1434, 10, 0, 8, 18, 1
1434, 10, 0, 8, 19, 1
1434, 10, 0, 8, 20, 1
1434, 10, 0, 8, 21, 1
1434, 10, 0, 8, 22, 1
1434, 10, 0, 8, 23, 1
1434, 10, 0, 8, 24, 1
1434, 10, 0, 8, 25, 1
1434, 10, 0, 8, 26, 1
1434, 10, 0, 8, 27, 1
1434, 10, 0, 8, 28, 1
1434, 10, 0, 8, 29, 1
1434, 10, 0, 8, 30, 1
1434, 10, 0, 8, 31, 1
1434, 10, 0, 8, 32, 1
1434, 10, 0, 8, 33, 1
1434, 10, 0, 8, 34, 1
1434, 10, 0, 8, 35, 1
1434, 10, 0, 8, 36, 1
1434, 10, 0, 8, 37, 1
1434, 10, 0, 8, 38, 1
1434, 10, 0, 8, 39, 1
1434, 10, 0, 8, 40, 1
1434, 10, 0, 8, 41, 1
1434, 10, 0, 8, 42, 1
1434, 10, 0, 8, 43, 1
1434, 10, 0, 8, 44, 1
1434, 10, 0, 8, 45, 1
1434, 10, 0, 8, 46, 1
1434, 10, 0, 8, 47, 1
1434, 10, 0, 8, 48, 1
1434, 10, 0, 8, 49, 1
1434, 10, 0, 8, 50, 1
1434, 10, 0, 8, 51, 1
1434, 10, 0, 8, 52, 1
1434, 10, 0, 8, 53, 1
1434, 10, 0, 8, 54, 1
1434, 10, 0, 8, 55, 1
1434, 10, 0, 8, 56, 1
1434, 10, 0, 8, 57, 1
1434, 10, 0, 8, 58, 1
1434, 10, 0, 8, 59, 1
1434, 10, 0, 8, 60, 1
1434, 10, 0, 8, 61, 1
1434, 10, 0, 8, 62, 1
1434, 10, 0, 8, 63, 1
1434, 10, 0, 9, 0, 1
1434, 10, 0, 9, 1, 1
1434, 10, 0, 9, 2, 1
1434, 10, 0, 9, 3, 1
1434, 10, 0, 9, 4, 1
1434, 10, 0, 9, 5, 1
1434, 10, 0, 9, 6, 1
1434, 10, 0, 9, 7, 1
1434, 10, 0, 9, 8, 1
1434, 10, 0, 9, 9, 1
1434, 10, 0, 9, 10, 1
1434, 10, 0, 9, 11, 1
1434, 10, 0, 9, 12, 1
1434, 10, 0, 9, 13, 1
1434, 10, 0, 9, 14, 1
1434, 10, 0, 9, 15, 1
1434, 10, 0, 9, 16, 1
1434, 10, 0, 9, 17, 1
1434, 10, 0, 9, 18, 1
1434, 10, 0, 9, 19, 1
1434, 10, 0, 9, 20, 1
1434, 10, 0, 9, 21, 1
1434, 10, 0, 9, 22, 1
1434, 10, 0, 9, 23, 1
1434, 10, 0, 9, 24, 1
1434, 10, 0, 9, 25, 1
1434, 10, 0, 9, 26, 1
1434, 10, 0, 9, 27, 1
1434, 10, 0, 9, 28, 1
1434, 10, 0, 9, 29, 1
1434, 10, 0, 9, 30, 1
1434, 10, 0, 9, 31, 1
1434, 10, 0, 9, 32, 1
1434, 10, 0, 9, 33, 1
1434, 10, 0, 9, 34, 1
1434, 10, 0, 9, 35, 1
1434, 10, 0, 9, 36, 1
1434, 10, 0, 9, 37, 1
1434, 10, 0, 9, 38, 1
1434, 10, 0, 9, 39, 1
1434, 10, 0, 9, 40, 1
1434, 10, 0, 9, 41, 1
1434, 10, 0, 9, 42, 1
1434, 10, 0, 9, 43, 1
1434, 10, 0, 9, 44, 1
1434, 10, 0, 9, 45, 1
1434, 10, 0, 9, 46, 1
1434, 10, 0, 9, 47, 1
1434, 10, 0, 9, 48, 1
1434, 10, 0, 9, 49, 1
1434, 10, 0, 9, 50, 1
1434, 10, 0, 9, 51, 1
1434, 10, 0, 9, 52, 1
1434, 10, 0, 9, 53, 1
1434, 10, 0, 9, 54, 1
1434, 10, 0, 9, 55, 1
1434, 10, 0, 9, 56, 1
1434, 10, 0, 9, 57, 1
1434, 10, 0, 9, 58, 1
1434, 10, 0, 9, 59, 1
1434, 10, 0, 9, 60, 1
1434, 10, 0, 9, 61, 1
1434, 10, 0, 9, 62, 1
1434, 10, 0, 9, 63, 1
1434, 10, 0, 10, 0, 1
1434, 10, 0, 10, 1, 1
1434, 10, 0, 10, 2, 1
1434, 10, 0, 10, 3, 1
1434, 10, 0, 10, 4, 1
1434, 10, 0, 10, 5, 1
1434, 10, 0, 10, 6, 1
1434, 10, 0, 10, 7, 1
1434, 10, 0, 10, 8, 1
1434, 10, 0, 10, 9, 1
1434, 10, 0, 10, 10, 1
1434, 10, 0, 10, 11, 1
1434, 10, 0, 10, 12, 1
1434, 10, 0, 10, 13, 1
1434, 10, 0, 10, 14, 1
1434, 10, 0, 10, 15, 1
1434, 10, 0, 10, 16, 1
1434, 10, 0, 10, 17, 1
1434, 10, 0, 10, 18, 1
1434, 10, 0, 10, 19, 1
1434, 10, 0, 10, 20, 1
1434, 10, 0, 10, 21, 1
1434, 10, 0, 10, 22, 1
1434, 10, 0, 10, 23, 1
1434, 10, 0, 10, 24, 1
1434, 10, 0, 10, 25, 1
1434, 10, 0, 10, 26, 1
1434, 10, 0, 10, 27, 1
1434, 10, 0, 10, 28, 1
1434, 10, 0, 10, 29, 1
1434, 10, 0, 10, 30, 1
1434, 10, 0, 10, 31, 1
1434, 10, 0, 10, 32, 1
1434, 10, 0, 10, 33, 1
1434, 10, 0, 10, 34, 1
1434, 10, 0, 10, 35, 1
1434, 10, 0, 10, 36, 1
1434, 10, 0, 10, 37, 1
1434, 10, 0, 10, 38, 1
1434, 10, 0, 10, 39, 1
1434, 10, 0, 10, 40, 1
1434, 10, 0, 10, 41, 1
1434, 10, 0, 10, 42, 1
1434, 10, 0, 10, 43, 1
1434, 10, 0, 10, 44, 1
1434, 10, 0, 10, 45, 1
1434, 10, 0, 10, 46, 1
1434, 10, 0, 10, 47, 1
1434, 10, 0, 10, 48, 1
1434, 10, 0, 10, 49, 1
1434, 10, 0, 10, 50, 1
1434, 10, 0, 10, 51, 1
1434, 10, 0, 10, 52, 1
1434, 10, 0, 10, 53, 1
1434, 10, 0, 10, 54, 1
1434, 10, 0, 10, 55, 1
1434, 10, 0, 10, 56, 1
1434, 10, 0, 10, 57, 1
1434, 10, 0, 10, 58, 1
1434, 10, 0, 10, 59, 1
1434, 10, 0, 10, 60, 1
1434, 10, 0, 10, 61, 1
1434, 10, 0, 10, 62, 1
1434, 10, 0, 10, 63, 1
1434, 10, 0, 11, 0, 1
1434, 10, 0, 11, 1, 1
1434, 10, 0, 11, 2, 1
1434, 10, 0, 11, 3, 1
1434, 10, 0, 11, 4, 1
1434, 10, 0, 11, 5, 1
1434, 10, 0, 11, 6, 1
1434, 10, 0, 11, 7, 1
1434, 10, 0, 11, 8, 1
1434, 10, 0, 11, 9, 1
1434, 10, 0, 11, 10, 1
1434, 10, 0, 11, 11, 1
1434, 10, 0, 11, 12, 1
1434, 10, 0, 11, 13, 1
1434, 10, 0, 11, 14, 1
1434, 10, 0, 11, 15, 1
1434, 10, 0, 11, 16, 1
1434, 10, 0, 11, 17, 1
1434, 10, 0, 11, 18, 1
1434, 10, 0, 11, 19, 1
1434, 10, 0, 11, 20, 1
1434, 10, 0, 11, 21, 1
1434, 10, 0, 11, 22, 1
1434, 10, 0, 11, 23, 1
1434, 10, 0, 11, 24, 1
1434, 10, 0, 11, 25, 1
1434, 10, 0, 11, 26, 1
1434, 10, 0, 11, 27, 1
1434, 10, 0, 11, 28, 1
1434, 10, 0, 11, 29, 1
1434, 10, 0, 11, 30, 1
1434, 10, 0, 11, 31, 1
1434, 10, 0, 11, 32, 1
1434, 10, 0, 11, 33, 1
1434, 10, 0, 11, 34, 1
1434, 10, 0, 11, 35, 1
1434, 10, 0, 11, 36, 1
1434, 10, 0, 11, 37, 1
1434, 10, 0, 11, 38, 1
1434, 10, 0, 11, 39, 1
1434, 10, 0, 11, 40, 1
1434, 10, 0, 11, 41, 1
1434, 10, 0, 11, 42, 1
1434, 10, 0, 11, 43, 1
1434, 10, 0, 11, 44, 1
1434, 10, 0, 11, 45, 1
1434, 10, 0, 11, 46, 1
1434, 10, 0, 11, 47, 1
1434, 10, 0, 11, 48, 1
1434, 10, 0, 11, 49, 1
1434, 10, 0, 11, 50, 1
1434, 10, 0, 11, 51, 1
1434, 10, 0, 11, 52, 1
1434, 10, 0, 11, 53, 1
1434, 10, 0, 11, 54, 1
1434, 10, 0, 11, 55, 1
1434, 10, 0, 11, 56, 1
1434, 10, 0, 11, 57, 1
1434, 10, 0, 11, 58, 1
1434, 10, 0, 11, 59, 1
1434, 10, 0, 11, 60, 1
1434, 10, 0, 11, 61, 1
1434, 10, 0, 11, 62, 1
1434, 10, 0, 11, 63, 1
1490, 10, 0, 47, 0, 0
1490, 10, 0, 47, 1, 0
1490, 10, 0, 47, 2, 0
1490, 10, 0, 47, 3, 0
1490, 10, 0, 47, 4, 0
1490, 10, 0, 47, 5, 0
1490, 10, 0, 47, 6, 0
1490, 10, 0, 47, 7, 0
1490, 10, 0, 47, 8, 0
1490, 10, 0, 47, 9, 0
1490, 10, 0, 47, 10, 0
1490, 10, 0, 47, 11, 0
1490, 10, 0, 47, 12, 0
1490, 10, 0, 47, 13, 0
1490, 10, 0, 47, 14, 0
1490, 10, 0, 47, 15, 0
1490, 10, 0, 47, 16, 0
1490, 10, 0, 47, 17, 0
1490, 10, 0, 47, 18, 0
1490, 10, 0, 47, 19, 0
1490, 10, 0, 47, 20, 0
1490, 10, 0, 47, 21, 0
1490, 10, 0, 47, 22, 0
1490, 10, 0, 47, 23, 0
1490, 10, 0, 47, 24, 0
1490, 10, 0, 47, 25, 0
1490, 10, 0, 47, 26, 0
1490, 10, 0, 47, 27, 0
1490, 10, 0, 47, 28, 0
1490, 10, 0, 47, 29, 0
1490, 10, 0, 47, 30, 0
1490, 10, 0, 47, 31, 0
1490, 10, 0, 47, 32, 0
1490, 10, 0, 47, 33, 0
1490, 10, 0, 47, 34, 0
1490, 10, 0, 47, 35, 0
1490, 10, 0, 47, 36, 0
1490, 10, 0, 47, 37, 0
1490, 10, 0, 47, 38, 0
1490, 10, 0, 47, 39, 0
1490, 10, 0, 47, 40, 0
1490, 10, 0, 47, 41, 0
1490, 10, 0, 47, 42, 0
1490, 10, 0, 47, 43, 0
1490, 10, 0, 47, 44, 0
1490, 10, 0, 47, 45, 0
1490, 10, 0, 47, 46, 0
1490, 10, 0, 47, 47, 0
1490, 10, 0, 47, 48, 0
1490, 10, 0, 47, 49, 0
1490, 10, 0, 47, 50, 0
1490, 10, 0, 47, 51, 0
1490, 10, 0, 47, 52, 0
1490, 10, 0, 47, 53, 0
1490, 10, 0, 47, 54, 0
1490, 10, 0, 47, 55, 0
1490, 10, 0, 47, 56, 0
1490, 10, 0, 47, 57, 0
1490, 10, 0, 47, 58, 0
1490, 10, 0, 47, 59, 0
1490, 10, 0, 47, 60, 0
1490, 10, 0, 47, 61, 0
1490, 10, 0, 47, 62, 0
1490, 10, 0, 47, 63, 0
1490, 10, 0, 48, 0, 0
1490, 10, 0, 48, 1, 0
1490, 10, 0, 48, 2, 0
1490, 10, 0, 48, 3, 0
1490, 10, 0, 48, 4, 0
1490, 10, 0, 48, 5, 0
1490, 10, 0, 48, 6, 0
1490, 10, 0, 48, 7, 0
1490, 10, 0, 48, 8, 0
1490, 10, 0, 48, 9, 0
1490, 10, 0, 48, 10, 0
1490, 10, 0, 48, 11, 0
1490, 10, 0, 48, 12, 0
1490, 10, 0, 48, 13, 0
1490, 10, 0, 48, 14, 0
1490, 10, 0, 48, 15, 0
1490, 10, 0, 48, 16, 0
1490, 10, 0, 48, 17, 0
1490, 10, 0, 48, 18, 0
1490, 10, 0, 48, 19, 0
1490, 10, 0, 48, 20, 0
1490, 10, 0, 48, 21, 0
1490, 10, 0, 48, 22, 0
1490, 10, 0, 48, 23, 0
1490, 10, 0, 48, 24, 0
1490, 10, 0, 48, 25, 0
1490, 10, 0, 48, 26, 0
1490, 10, 0, 48, 27, 0
1490, 10, 0, 48, 28, 0
1490, 10, 0, 48, 29, 0
1490, 10, 0, 48, 30, 0
1490, 10, 0, 48, 31, 0
1490, 10, 0, 48, 32, 0
1490, 10, 0, 48, 33, 0
1490, 10, 0, 48, 34, 0
1490, 10, 0, 48, 35, 0
1490, 10, 0, 48, 36, 0
1490, 10, 0, 48, 37, 0
1490, 10, 0, 48, 38, 0
1490, 10, 0, 48, 39, 0
1490, 10, 0, 48, 40, 0
1490, 10, 0, 48, 41, 0
1490, 10, 0, 48, 42, 0
1490, 10, 0, 48, 43, 0
1490, 10, 0, 48, 44, 0
1490, 10, 0, 48, 45, 0
1490, 10, 0, 48, 46, 0
1490, 10, 0, 48, 47, 0
1490, 10, 0, 48, 48, 0
1490, 10, 0, 48, 49, 0
1490, 10, 0, 48, 50, 0
1490, 10, 0, 48, 51, 0
1490, 10, 0, 48, 52, 0
1490, 10, 0, 48, 53, 0
1490, 10, 0, 48, 54, 0
1490, 10, 0, 48, 55, 0
1490, 10, 0, 48, 56, 0
1490, 10, 0, 48, 57, 0
1490, 10, 0, 48, 58, 0
1490, 10, 0, 48, 59, 0
1490, 10, 0, 48, 60, 0
1490, 10, 0, 48, 61, 0
1490, 10, 0, 48, 62, 0
1490, 10, 0, 48, 63, 0
1490, 10, 0, 49, 0, 0
1490, 10, 0, 49, 1, 0
1490, 10, 0, 49, 2, 0
1490, 10, 0, 49, 3, 0
1490, 10, 0, 49, 4, 0
1490, 10, 0, 49, 5, 0
1490, 10, 0, 49, 6, 0
1490, 10, 0, 49, 7, 0
1490, 10, 0, 49, 8, 0
1490, 10, 0, 49, 9, 0
1490, 10, 0, 49, 10, 0
1490, 10, 0, 49, 11, 0
1490, 10, 0, 49, 12, 0
1490, 10, 0, 49, 13, 0
1490, 10, 0, 49, 14, 0
1490, 10, 0, 49, 15, 0
1490, 10, 0, 49, 16, 0
1490, 10, 0, 49, 17, 0
1490, 10, 0, 49, 18, 0
1490, 10, 0, 49, 19, 0
1490, 10, 0, 49, 20, 0
1490, 10, 0, 49, 21, 0
1490, 10, 0, 49, 22, 0
1490, 10, 0, 49, 23, 0
1490, 10, 0, 49, 24, 0
1490, 10, 0, 49, 25, 0
1490, 10, 0, 49, 26, 0
1490, 10, 0, 49, 27, 0
1490, 10, 0, 49, 28, 0
1490, 10, 0, 49, 29, 0
1490, 10, 0, 49, 30, 0
1490, 10, 0, 49, 31, 0
1490, 10, 0, 49, 32, 0
1490, 10, 0, 49, 33, 0
1490, 10, 0, 49, 34, 0
1490, 10, 0, 49, 35, 0
1490, 10, 0, 49, 36, 0
1490, 10, 0, 49, 37, 0
1490, 10, 0, 49, 38, 0
1490, 10, 0, 49, 39, 0
1490, 10, 0, 49, 40, 0
1490, 10, 0, 49, 41, 0
1490, 10, 0, 49, 42, 0
1490, 10, 0, 49, 43, 0
1490, 10, 0, 49, 44, 0
1490, 10, 0, 49, 45, 0
1490, 10, 0, 49, 46, 0
1490, 10, 0, 49, 47, 0
1490, 10, 0, 49, 48, 0
1490, 10, 0, 49, 49, 0
1490, 10, 0, 49, 50, 0
1490, 10, 0, 49, 51, 0
1490, 10, 0, 49, 52, 0
1490, 10, 0, 49, 53, 0
1490, 10, 0, 49, 54, 0
1490, 10, 0, 49, 55, 0
1490, 10, 0, 49, 56, 0
1490, 10, 0, 49, 57, 0
1490, 10, 0, 49, 58, 0
1490, 10, 0, 49, 59, 0
1490, 10, 0, 49, 60, 0
1490, 10, 0, 49, 61, 0
1490, 10, 0, 49, 62, 0
1490, 10, 0, 49, 63, 0
1490, 10, 0, 50, 0, 0
1490, 10, 0, 50, 1, 0
1490, 10, 0, 50, 2, 0
1490, 10, 0, 50, 3, 0
1490, 10, 0, 50, 4, 0
1490, 10, 0, 50, 5, 0
1490, 10, 0, 50, 6, 0
1490, 10, 0, 50, 7, 0
1490, 10, 0, 50, 8, 0
1490, 10, 0, 50, 9, 0
1490, 10, 0, 50, 10, 0
1490, 10, 0, 50, 11, 0
1490, 10, 0, 50, 12, 0
1490, 10, 0, 50, 13, 0
1490, 10, 0, 50, 14, 0
1490, 10, 0, 50, 15, 0
1490, 10, 0, 50, 16, 0
1490, 10, 0, 50, 17, 0
1490, 10, 0, 50, 18, 0
1490, 10, 0, 50, 19, 0
1490, 10, 0, 50, 20, 0
1490, 10, 0, 50, 21, 0
1490, 10, 0, 50, 22, 0
1490, 10, 0, 50, 23, 0
1490, 10, 0, 50, 24, 0
1490, 10, 0, 50, 25, 0
1490, 10, 0, 50, 26, 0
1490, 10, 0, 50, 27, 0
1490, 10, 0, 50, 28, 0
1490, 10, 0, 50, 29, 0
1490, 10, 0, 50, 30, 0
1490, 10, 0, 50, 31, 0
1490, 10, 0, 50, 32, 0
1490, 10, 0, 50, 33, 0
1490, 10, 0, 50, 34, 0
1490, 10, 0, 50, 35, 0
1490, 10, 0, 50, 36, 0
1490, 10, 0, 50, 37, 0
1490, 10, 0, 50, 38, 0
1490, 10, 0, 50, 39, 0
1490, 10, 0, 50, 40, 0
1490, 10, 0, 50, 41, 0
1490, 10, 0, 50, 42, 0
1490, 10, 0, 50, 43, 0
1490, 10, 0, 50, 44, 0
1490, 10, 0, 50, 45, 0
1490, 10, 0, 50, 46, 0
1490, 10, 0, 50, 47, 0
1490, 10, 0, 50, 48, 0
1490, 10, 0, 50, 49, 0
1490, 10, 0, 50, 50, 0
1490, 10, 0, 50, 51, 0
1490, 10, 0, 50, 52, 0
1490, 10, 0, 50, 53, 0
1490, 10, 0, 50, 54, 0
1490, 10, 0, 50, 55, 0
1490, 10, 0, 50, 56, 0
1490, 10, 0, 50, 57, 0
1490, 10, 0, 50, 58, 0
1490, 10, 0, 50, 59, 0
1490, 10, 0, 50, 60, 0
1490, 10, 0, 50, 61, 0
1490, 10, 0, 50, 62, 0
1490, 10, 0, 50, 63, 0
1490, 10, 0, 51, 0, 0
1490, 10, 0, 51, 1, 0
1490, 10, 0, 51, 2, 0
1490, 10, 0, 51, 3, 0
1490, 10, 0, 51, 4, 0
1490, 10, 0, 51, 5, 0
1490, 10, 0, 51, 6, 0
1490, 10, 0, 51, 7, 0
1490, 10, 0, 51, 8, 0
1490, 10, 0, 51, 9, 0
1490, 10, 0, 51, 10, 0
1490, 10, 0, 51, 11, 0
1490, 10, 0, 51, 12, 0
1490, 10, 0, 51, 13, 0
1490, 10, 0, 51, 14, 0
1490, 10, 0, 51, 15, 0
1490, 10, 0, 51, 16, 0
1490, 10, 0, 51, 17, 0
1490, 10, 0, 51, 18, 0
1490, 10, 0, 51, 19, 0
1490, 10, 0, 51, 20, 0
1490, 10, 0, 51, 21, 0
1490, 10, 0, 51, 22, 0
1490, 10, 0, 51, 23, 0
1490, 10, 0, 51, 24, 0
1490, 10, 0, 51, 25, 0
1490, 10, 0, 51, 26, 0
1490, 10, 0, 51, 27, 0
1490, 10, 0, 51, 28, 0
1490, 10, 0, 51, 29, 0
1490, 10, 0, 51, 30, 0
1490, 10, 0, 51, 31, 0
1490, 10, 0, 51, 32, 0
1490, 10, 0, 51, 33, 0
1490, 10, 0, 51, 34, 0
1490, 10, 0, 51, 35, 0
1490, 10, 0, 51, 36, 0
1490, 10, 0, 51, 37, 0
1490, 10, 0, 51, 38, 0
1490, 10, 0, 51, 39, 0
1490, 10, 0, 51, 40, 0
1490, 10, 0, 51, 41, 0
1490, 10, 0, 51, 42, 0
1490, 10, 0, 51, 43, 0
1490, 10, 0, 51, 44, 0
1490, 10, 0, 51, 45, 0
1490, 10, 0, 51, 46, 0
1490, 10, 0, 51, 47, 0
1490, 10, 0, 51, 48, 0
1490, 10, 0, 51, 49, 0
1490, 10, 0, 51, 50, 0
1490, 10, 0, 51, 51, 0
1490, 10, 0, 51, 52, 0
1490, 10, 0, 51, 53, 0
1490, 10, 0, 51, 54, 0
1490, 10, 0, 51, 55, 0
1490, 10, 0, 51, 56, 0
1490, 10, 0, 51, 57, 0
1490, 10, 0, 51, 58, 0
1490, 10, 0, 51, 59, 0
1490, 10, 0, 51, 60, 0
1490, 10, 0, 51, 61, 0
1490, 10, 0, 51, 62, 0
1490, 10, 0, 51, 63, 0
1490, 10, 0, 52, 0, 0
1490, 10, 0, 52, 1, 0
1490, 10, 0, 52, 2, 0
1490, 10, 0, 52, 3, 0
1490, 10, 0, 52, 4, 0
1490, 10, 0, 52, 5, 0
1490, 10, 0, 52, 6, 0
1490, 10, 0, 52, 7, 0
1490, 10, 0, 52, 8, 0
1490, 10, 0, 52, 9, 0
1490, 10, 0, 52, 10, 0
1490, 10, 0, 52, 11, 0
1490, 10, 0, 52, 12, 0
1490, 10, 0, 52, 13, 0
1490, 10, 0, 52, 14, 0
1490, 10, 0, 52, 15, 0
1490, 10, 0, 52, 16, 0
1490, 10, 0, 52, 17, 0
1490, 10, 0, 52, 18, 0
1490, 10, 0, 52, 19, 0
1490, 10, 0, 52, 20, 0
1490, 10, 0, 52, 21, 0
1490, 10, 0, 52, 22, 0
1490, 10, 0, 52, 23, 0
1490, 10, 0, 52, 24, 0
1490, 10, 0, 52, 25, 0
1490, 10, 0, 52, 26, 0
1490, 10, 0, 52, 27, 0
1490, 10, 0, 52, 28, 0
1490, 10, 0, 52, 29, 0
1490, 10, 0, 52, 30, 0
1490, 10, 0, 52, 31, 0
1490, 10, 0, 52, 32, 0
1490, 10, 0, 52, 33, 0
1490, 10, 0, 52, 34, 0
1490, 10, 0, 52, 35, 0
1490, 10, 0, 52, 36, 0
1490, 10, 0, 52, 37, 0
1490, 10, 0, 52, 38, 0
1490, 10, 0, 52, 39, 0
1490, 10, 0, 52, 40, 0
1490, 10, 0, 52, 41, 0
1490, 10, 0, 52, 42, 0
1490, 10, 0, 52, 43, 0
1490, 10, 0, 52, 44, 0
1490, 10, 0, 52, 45, 0
1490, 10, 0, 52, 46, 0
1490, 10, 0, 52, 47, 0
1490, 10, 0, 52, 48, 0
1490, 10, 0, 52, 49, 0
1490, 10, 0, 52, 50, 0
1490, 10, 0, 52, 51, 0
1490, 10, 0, 52, 52, 0
1490, 10, 0, 52, 53, 0
1490, 10, 0, 52, 54, 0
1490, 10, 0, 52, 55, 0
1490, 10, 0, 52, 56, 0
1490, 10, 0, 52, 57, 0
1490, 10, 0, 52, 58, 0
1490, 10, 0, 52, 59, 0
1490, 10, 0, 52, 60, 0
1490, 10, 0, 52, 61, 0
1490, 10, 0, 52, 62, 0
1490, 10, 0, 52, 63, 0
1490, 10, 0, 53, 0, 0
1490, 10, 0, 53, 1, 0
1490, 10, 0, 53, 2, 0
1490, 10, 0, 53, 3, 0
1490, 10, 0, 53, 4, 0
1490, 10, 0, 53, 5, 0
1490, 10, 0, 53, 6, 0
1490, 10, 0, 53, 7, 0
1490, 10, 0, 53, 8, 0
1490, 10, 0, 53, 9, 0
1490, 10, 0, 53, 10, 0
1490, 10, 0, 53, 11, 0
1490, 10, 0, 53, 12, 0
1490, 10, 0, 53, 13, 0
1490, 10, 0, 53, 14, 0
1490, 10, 0, 53, 15, 0
1490, 10, 0, 53, 16, 0
1490, 10, 0, 53, 17, 0
1490, 10, 0, 53, 18, 0
1490, 10, 0, 53, 19, 0
1490, 10, 0, 53, 20, 0
1490, 10, 0, 53, 21, 0
1490, 10, 0, 53, 22, 0
1490, 10, 0, 53, 23, 0
1490, 10, 0, 53, 24, 0
1490, 10, 0, 53, 25, 0
1490, 10, 0, 53, 26, 0
1490, 10, 0, 53, 27, 0
1490, 10, 0, 53, 28, 0
1490, 10, 0, 53, 29, 0
1490, 10, 0, 53, 30, 0
1490, 10, 0, 53, 31, 0
1490, 10, 0, 53, 32, 0
1490, 10, 0, 53, 33, 0
1490, 10, 0, 53, 34, 0
1490, 10, 0, 53, 35, 0
1490, 10, 0, 53, 36, 0
1490, 10, 0, 53, 37, 0
1490, 10, 0, 53, 38, 0
1490, 10, 0, 53, 39, 0
1490, 10, 0, 53, 40, 0
1490, 10, 0, 53, 41, 0
1490, 10, 0, 53, 42, 0
1490, 10, 0, 53, 43, 0
1490, 10, 0, 53, 44, 0
1490, 10, 0, 53, 45, 0
1490, 10, 0, 53, 46, 0
1490, 10, 0, 53, 47, 0
1490, 10, 0, 53, 48, 0
1490, 10, 0, 53, 49, 0
1490, 10, 0, 53, 50, 0
1490, 10, 0, 53, 51, 0
1490, 10, 0, 53, 52, 0
1490, 10, 0, 53, 53, 0
1490, 10, 0, 53, 54, 0
1490, 10, 0, 53, 55, 0
1490, 10, 0, 53, 56, 0
1490, 10, 0, 53, 57, 0
1490, 10, 0, 53, 58, 0
1490, 10, 0, 53, 59, 0
1490, 10, 0, 53, 60, 0
1490, 10, 0, 53, 61, 0
1490, 10, 0, 53, 62, 0
1490, 10, 0, 53, 63, 0
1490, 10, 0, 54, 0, 0
1490, 10, 0, 54, 1, 0
1490, 10, 0, 54, 2, 0
1490, 10, 0, 54, 3, 0
1490, 10, 0, 54, 4, 0
1490, 10, 0, 54, 5, 0
1490, 10, 0, 54, 6, 0
1490, 10, 0, 54, 7, 0
1490, 10, 0, 54, 8, 0
1490, 10, 0, 54, 9, 0
1490, 10, 0, 54, 10, 0
1490, 10, 0, 54, 11, 0
1490, 10, 0, 54, 12, 0
1490, 10, 0, 54, 13, 0
1490, 10, 0, 54, 14, 0
1490, 10, 0, 54, 15, 0
1490, 10, 0, 54, 16, 0
1490, 10, 0, 54, 17, 0
1490, 10, 0, 54, 18, 0
1490, 10, 0, 54, 19, 0
1490, 10, 0, 54, 20, 0
1490, 10, 0, 54, 21, 0
1490, 10, 0, 54, 22, 0
1490, 10, 0, 54, 23, 0
1490, 10, 0, 54, 24, 0
1490, 10, 0, 54, 25, 0
1490, 10, 0, 54, 26, 0
1490, 10, 0, 54, 27, 0
1490, 10, 0, 54, 28, 0
1490, 10, 0, 54, 29, 0
1490, 10, 0, 54, 30, 0
1490, 10, 0, 54, 31, 0
1490, 10, 0, 54, 32, 0
1490, 10, 0, 54, 33, 0
1490, 10, 0, 54, 34, 0
1490, 10, 0, 54, 35, 0
1490, 10, 0, 54, 36, 0
1490, 10, 0, 54, 37, 0
1490, 10, 0, 54, 38, 0
1490, 10, 0, 54, 39, 0
1490, 10, 0, 54, 40, 0
1490, 10, 0, 54, 41, 0
1490, 10, 0, 54, 42, 0
1490, 10, 0, 54, 43, 0
1490, 10, 0, 54, 44, 0
1490, 10, 0, 54, 45, 0
1490, 10, 0, 54, 46, 0
1490, 10, 0, 54, 47, 0
1490, 10, 0, 54, 48, 0
1490, 10, 0, 54, 49, 0
1490, 10, 0, 54, 50, 0
1490, 10, 0, 54, 51, 0
1490, 10, 0, 54, 52, 0
1490, 10, 0, 54, 53, 0
1490, 10, 0, 54, 54, 0
1490, 10, 0, 54, 55, 0
1490, 10, 0, 54, 56, 0
1490, 10, 0, 54, 57, 0
1490, 10, 0, 54, 58, 0
1490, 10, 0, 54, 59, 0
1490, 10, 0, 54, 60, 0
1490, 10, 0, 54, 61, 0
1490, 10, 0, 54, 62, 0
1490, 10, 0, 54, 63, 0
1490, 10, 0, 55, 0, 0
1490, 10, 0, 55, 1, 0
1490, 10, 0, 55, 2, 0
1490, 10, 0, 55, 3, 0
1490, 10, 0, 55, 4, 0
1490, 10, 0, 55, 5, 0
1490, 10, 0, 55, 6, 0
1490, 10, 0, 55, 7, 0
1490, 10, 0, 55, 8, 0
1490, 10, 0, 55, 9, 0
1490, 10, 0, 55, 10, 0
1490, 10, 0, 55, 11, 0
1490, 10, 0, 55, 12, 0
1490, 10, 0, 55, 13, 0
1490, 10, 0, 55, 14, 0
1490, 10, 0, 55, 15, 0
1490, 10, 0, 55, 16, 0
1490, 10, 0, 55, 17, 0
1490, 10, 0, 55, 18, 0
1490, 10, 0, 55, 19, 0
1490, 10, 0, 55, 20, 0
1490, 10, 0, 55, 21, 0
1490, 10, 0, 55, 22, 0
1490, 10, 0, 55, 23, 0
1490, 10, 0, 55, 24, 0
1490, 10, 0, 55, 25, 0
1490, 10, 0, 55, 26, 0
1490, 10, 0, 55, 27, 0
1490, 10, 0, 55, 28, 0
1490, 10, 0, 55, 29, 0
1490, 10, 0, 55, 30, 0
1490, 10, 0, 55, 31, 0
1490, 10, 0, 55, 32, 0
1490, 10, 0, 55, 33, 0
1490, 10, 0, 55, 34, 0
1490, 10, 0, 55, 35, 0
1490, 10, 0, 55, 36, 0
1490, 10, 0, 55, 37, 0
1490, 10, 0, 55, 38, 0
1490, 10, 0, 55, 39, 0
1490, 10, 0, 55, 40, 0
1490, 10, 0, 55, 41, 0
1490, 10, 0, 55, 42, 0
1490, 10, 0, 55, 43, 0
1490, 10, 0, 55, 44, 0
1490, 10, 0, 55, 45, 0
1490, 10, 0, 55, 46, 0
1490, 10, 0, 55, 47, 0
1490, 10, 0, 55, 48, 0
1490, 10, 0, 55, 49, 0
1490, 10, 0, 55, 50, 0
1490, 10, 0, 55, 51, 0
1490, 10, 0, 55, 52, 0
1490, 10, 0, 55, 53, 0
1490, 10, 0, 55, 54, 0
1490, 10, 0, 55, 55, 0
1490, 10, 0, 55, 56, 0
1490, 10, 0, 55, 57, 0
1490, 10, 0, 55, 58, 0
1490, 10, 0, 55, 59, 0
1490, 10, 0, 55, 60, 0
1490, 10, 0, 55, 61, 0
1490, 10, 0, 55, 62, 0
1490, 10, 0, 55, 63, 0
1490, 10, 0, 56, 0, 0
1490, 10, 0, 56, 1, 0
1490, 10, 0, 56, 2, 0
1490, 10, 0, 56, 3, 0
1490, 10, 0, 56, 4, 0
1490, 10, 0, 56, 5, 0
1490, 10, 0, 56, 6, 0
1490, 10, 0, 56, 7, 0
1490, 10, 0, 56, 8, 0
1490, 10, 0, 56, 9, 0
1490, 10, 0, 56, 10, 0
1490, 10, 0, 56, 11, 0
1490, 10, 0, 56, 12, 0
1490, 10, 0, 56, 13, 0
1490, 10, 0, 56, 14, 0
1490, 10, 0, 56, 15, 0
1490, 10, 0, 56, 16, 0
1490, 10, 0, 56, 17, 0
1490, 10, 0, 56, 18, 0
1490, 10, 0, 56, 19, 0
1490, 10, 0, 56, 20, 0
1490, 10, 0, 56, 21, 0
1490, 10, 0, 56, 22, 0
1490, 10, 0, 56, 23, 0
1490, 10, 0, 56, 24, 0
1490, 10, 0, 56, 25, 0
1490, 10, 0, 56, 26, 0
1490, 10, 0, 56, 27, 0
1490, 10, 0, 56, 28, 0
1490, 10, 0, 56, 29, 0
1490, 10, 0, 56, 30, 0
1490, 10, 0, 56, 31, 0
1490, 10, 0, 56, 32, 0
1490, 10, 0, 56, 33, 0
1490, 10, 0, 56, 34, 0
1490, 10, 0, 56, 35, 0
1490, 10, 0, 56, 36, 0
1490, 10, 0, 56, 37, 0
1490, 10, 0, 56, 38, 0
1490, 10, 0, 56, 39, 0
1490, 10, 0, 56, 40, 0
1490, 10, 0, 56, 41, 0
1490, 10, 0, 56, 42, 0
1490, 10, 0, 56, 43, 0
1490, 10, 0, 56, 44, 0
1490, 10, 0, 56, 45, 0
1490, 10, 0, 56, 46, 0
1490, 10, 0, 56, 47, 0
1490, 10, 0, 56, 48, 0
1490, 10, 0, 56, 49, 0
1490, 10, 0, 56, 50, 0
1490, 10, 0, 56, 51, 0
1490, 10, 0, 56, 52, 0
1490, 10, 0, 56, 53, 0
1490, 10, 0, 56, 54, 0
1490, 10, 0, 56, 55, 0
1490, 10, 0, 56, 56, 0
1490, 10, 0, 56, 57, 0
1490, 10, 0, 56, 58, 0
1490, 10, 0, 56, 59, 0
1490, 10, 0, 56, 60, 0
1490, 10, 0, 56, 61, 0
1490, 10, 0, 56, 62, 0
1490, 10, 0, 56, 63, 0
1490, 10, 0, 57, 0, 0
1490, 10, 0, 57, 1, 0
1490, 10, 0, 57, 2, 0
1490, 10, 0, 57, 3, 0
1490, 10, 0, 57, 4, 0
1490, 10, 0, 57, 5, 0
1490, 10, 0, 57, 6, 0
1490, 10, 0, 57, 7, 0
1490, 10, 0, 57, 8, 0
1490, 10, 0, 57, 9, 0
1490, 10, 0, 57, 10, 0
1490, 10, 0, 57, 11, 0
1490, 10, 0, 57, 12, 0
1490, 10, 0, 57, 13, 0
1490, 10, 0, 57, 14, 0
1490, 10, 0, 57, 15, 0
1490, 10, 0, 57, 16, 0
1490, 10, 0, 57, 17, 0
1490, 10, 0, 57, 18, 0
1490, 10, 0, 57, 19, 0
1490, 10, 0, 57, 20, 0
1490, 10, 0, 57, 21, 0
1490, 10, 0, 57, 22, 0
1490, 10, 0, 57, 23, 0
1490, 10, 0, 57, 24, 0
1490, 10, 0, 57, 25, 0
1490, 10, 0, 57, 26, 0
1490, 10, 0, 57, 27, 0
1490, 10, 0, 57, 28, 0
1490, 10, 0, 57, 29, 0
1490, 10, 0, 57, 30, 0
1490, 10, 0, 57, 31, 0
1490, 10, 0, 57, 32, 0
1490, 10, 0, 57, 33, 0
1490, 10, 0, 57, 34, 0
1490, 10, 0, 57, 35, 0
1490, 10, 0, 57, 36, 0
1490, 10, 0, 57, 37, 0
1490, 10, 0, 57, 38, 0
1490, 10, 0, 57, 39, 0
1490, 10, 0, 57, 40, 0
1490, 10, 0, 57, 41, 0
1490, 10, 0, 57, 42, 0
1490, 10, 0, 57, 43, 0
1490, 10, 0, 57, 44, 0
1490, 10, 0, 57, 45, 0
1490, 10, 0, 57, 46, 0
1490, 10, 0, 57, 47, 0
1490, 10, 0, 57, 48, 0
1490, 10, 0, 57, 49, 0
1490, 10, 0, 57, 50, 0
1490, 10, 0, 57, 51, 0
1490, 10, 0, 57, 52, 0
1490, 10, 0, 57, 53, 0
1490, 10, 0, 57, 54, 0
1490, 10, 0, 57, 55, 0
1490, 10, 0, 57, 56, 0
1490, 10, 0, 57, 57, 0
1490, 10, 0, 57, 58, 0
1490, 10, 0, 57, 59, 0
1490, 10, 0, 57, 60, 0
1490, 10, 0, 57, 61, 0
1490, 10, 0, 57, 62, 0
1490, 10, 0, 57, 63, 0
1490, 10, 0, 58, 0, 0
1490, 10, 0, 58, 1, 0
1490, 10, 0, 58, 2, 0
1490, 10, 0, 58, 3, 0
1490, 10, 0, 58, 4, 0
1490, 10, 0, 58, 5, 0
1490, 10, 0, 58, 6, 0
1490, 10, 0, 58, 7, 0
1490, 10, 0, 58, 8, 0
1490, 10, 0, 58, 9, 0
1490, 10, 0, 58, 10, 0
1490, 10, 0, 58, 11, 0
1490, 10, 0, 58, 12, 0
1490, 10, 0, 58, 13, 0
1490, 10, 0, 58, 14, 0
1490, 10, 0, 58, 15, 0
1490, 10, 0, 58, 16, 0
1490, 10, 0, 58, 17, 0
1490, 10, 0, 58, 18, 0
1490, 10, 0, 58, 19, 0
1490, 10, 0, 58, 20, 0
1490, 10, 0, 58, 21, 0
1490, 10, 0, 58, 22, 0
1490, 10, 0, 58, 23, 0
1490, 10, 0, 58, 24, 0
1490, 10, 0, 58, 25, 0
1490, 10, 0, 58, 26, 0
1490, 10, 0, 58, 27, 0
1490, 10, 0, 58, 28, 0
1490, 10, 0, 58, 29, 0
1490, 10, 0, 58, 30, 0
1490, 10, 0, 58, 31, 0
1490, 10, 0, 58, 32, 0
1490, 10, 0, 58, 33, 0
1490, 10, 0, 58, 34, 0
1490, 10, 0, 58, 35, 0
1490, 10, 0, 58, 36, 0
1490, 10, 0, 58, 37, 0
1490, 10, 0, 58, 38, 0
1490, 10, 0, 58, 39, 0
1490, 10, 0, 58, 40, 0
1490, 10, 0, 58, 41, 0
1490, 10, 0, 58, 42, 0
1490, 10, 0, 58, 43, 0
1490, 10, 0, 58, 44, 0
1490, 10, 0, 58, 45, 0
1490, 10, 0, 58, 46, 0
1490, 10, 0, 58, 47, 0
1490, 10, 0, 58, 48, 0
1490, 10, 0, 58, 49, 0
1490, 10, 0, 58, 50, 0
1490, 10, 0, 58, 51, 0
1490, 10, 0, 58, 52, 0
1490, 10, 0, 58, 53, 0
1490, 10, 0, 58, 54, 0
1490, 10, 0, 58, 55, 0
1490, 10, 0, 58, 56, 0
1490, 10, 0, 58, 57, 0
1490, 10, 0, 58, 58, 0
1490, 10, 0, 58, 59, 0
1490, 10, 0, 58, 60, 0
1490, 10, 0, 58, 61, 0
1490, 10, 0, 58, 62, 0
1490, 10, 0, 58, 63, 0
1490, 10, 0, 59, 0, 0
1490, 10, 0, 59, 1, 0
1490, 10, 0, 59, 2, 0
1490, 10, 0, 59, 3, 0
1490, 10, 0, 59, 4, 0
1490, 10, 0, 59, 5, 0
1490, 10, 0, 59, 6, 0
1490, 10, 0, 59, 7, 0
1490, 10, 0, 59, 8, 0
1490, 10, 0, 59, 9, 0
1490, 10, 0, 59, 10, 0
1490, 10, 0, 59, 11, 0
1490, 10, 0, 59, 12, 0
1490, 10, 0, 59, 13, 0
1490, 10, 0, 59, 14, 0
1490, 10, 0, 59, 15, 0
1490, 10, 0, 59, 16, 0
1490, 10, 0, 59, 17, 0
1490, 10, 0, 59, 18, 0
1490, 10, 0, 59, 19, 0
1490, 10, 0, 59, 20, 0
1490, 10, 0, 59, 21, 0
1490, 10, 0, 59, 22, 0
1490, 10, 0, 59, 23, 0
1490, 10, 0, 59, 24, 0
1490, 10, 0, 59, 25, 0
1490, 10, 0, 59, 26, 0
1490, 10, 0, 59, 27, 0
1490, 10, 0, 59, 28, 0
1490, 10, 0, 59, 29, 0
1490, 10, 0, 59, 30, 0
1490, 10, 0, 59, 31, 0
1490, 10, 0, 59, 32, 0
1490, 10, 0, 59, 33, 0
1490, 10, 0, 59, 34, 0
1490, 10, 0, 59, 35, 0
1490, 10, 0, 59, 36, 0
1490, 10, 0, 59, 37, 0
1490, 10, 0, 59, 38, 0
1490, 10, 0, 59, 39, 0
1490, 10, 0, 59, 40, 0
1490, 10, 0, 59, 41, 0
1490, 10, 0, 59, 42, 0
1490, 10, 0, 59, 43, 0
1490, 10, 0, 59, 44, 0
1490, 10, 0, 59, 45, 0
1490, 10, 0, 59, 46, 0
1490, 10, 0, 59, 47, 0
1490, 10, 0, 59, 48, 0
1490, 10, 0, 59, 49, 0
1490, 10, 0, 59, 50, 0
1490, 10, 0, 59, 51, 0
1490, 10, 0, 59, 52, 0
1490, 10, 0, 59, 53, 0
1490, 10, 0, 59, 54, 0
1490, 10, 0, 59, 55, 0
1490, 10, 0, 59, 56, 0
1490, 10, 0, 59, 57, 0
1490, 10, 0, 59, 58, 0
1490, 10, 0, 59, 59, 0
1490, 10, 0, 59, 60, 0
1490, 10, 0, 59, 61, 0
1490, 10, 0, 59, 62, 0
1490, 10, 0, 59, 63, 0
1490, 10, 0, 60, 0, 0
1490, 10, 0, 60, 1, 0
1490, 10, 0, 60, 2, 0
1490, 10, 0, 60, 3, 0
1490, 10, 0, 60, 4, 0
1490, 10, 0, 60, 5, 0
1490, 10, 0, 60, 6, 0
1490, 10, 0, 60, 7, 0
1490, 10, 0, 60, 8, 0
1490, 10, 0, 60, 9, 0
1490, 10, 0, 60, 10, 0
1490, 10, 0, 60, 11, 0
1490, 10, 0, 60, 12, 0
1490, 10, 0, 60, 13, 0
1490, 10, 0, 60, 14, 0
1490, 10, 0, 60, 15, 0
1490, 10, 0, 60, 16, 0
1490, 10, 0, 60, 17, 0
1490, 10, 0, 60, 18, 0
1490, 10, 0, 60, 19, 0
1490, 10, 0, 60, 20, 0
1490, 10, 0, 60, 21, 0
1490, 10, 0, 60, 22, 0
1490, 10, 0, 60, 23, 0
1490, 10, 0, 60, 24, 0
1490, 10, 0, 60, 25, 0
1490, 10, 0, 60, 26, 0
1490, 10, 0, 60, 27, 0
1490, 10, 0, 60, 28, 0
1490, 10, 0, 60, 29, 0
1490, 10, 0, 60, 30, 0
1490, 10, 0, 60, 31, 0
1490, 10, 0, 60, 32, 0
1490, 10, 0, 60, 33, 0
1490, 10, 0, 60, 34, 0
1490, 10, 0, 60, 35, 0
1490, 10, 0, 60, 36, 0
1490, 10, 0, 60, 37, 0
1490, 10, 0, 60, 38, 0
1490, 10, 0, 60, 39, 0
1490, 10, 0, 60, 40, 0
1490, 10, 0, 60, 41, 0
1490, 10, 0, 60, 42, 0
1490, 10, 0, 60, 43, 0
1490, 10, 0, 60, 44, 0
1490, 10, 0, 60, 45, 0
1490, 10, 0, 60, 46, 0
1490, 10, 0, 60, 47, 0
1490, 10, 0, 60, 48, 0
1490, 10, 0, 60, 49, 0
1490, 10, 0, 60, 50, 0
1490, 10, 0, 60, 51, 0
1490, 10, 0, 60, 52, 0
1490, 10, 0, 60, 53, 0
1490, 10, 0, 60, 54, 0
1490, 10, 0, 60, 55, 0
1490, 10, 0, 60, 56, 0
1490, 10, 0, 60, 57, 0
1490, 10, 0, 60, 58, 0
1490, 10, 0, 60, 59, 0
1490, 10, 0, 60, 60, 0
1490, 10, 0, 60, 61, 0
1490, 10, 0, 60, 62, 0
1490, 10, 0, 60, 63, 0
1490, 10, 0, 61, 0, 0
1490, 10, 0, 61, 1, 0
1490, 10, 0, 61, 2, 0
1490, 10, 0, 61, 3, 0
1490, 10, 0, 61, 4, 0
1490, 10, 0, 61, 5, 0
1490, 10, 0, 61, 6, 0
1490, 10, 0, 61, 7, 0
1490, 10, 0, 61, 8, 0
1490, 10, 0, 61, 9, 0
1490, 10, 0, 61, 10, 0
1490, 10, 0, 61, 11, 0
1490, 10, 0, 61, 12, 0
1490, 10, 0, 61, 13, 0
1490, 10, 0, 61, 14, 0
1490, 10, 0, 61, 15, 0
1490, 10, 0, 61, 16, 0
1490, 10, 0, 61, 17, 0
1490, 10, 0, 61, 18, 0
1490, 10, 0, 61, 19, 0
1490, 10, 0, 61, 20, 0
1490, 10, 0, 61, 21, 0
1490, 10, 0, 61, 22, 0
1490, 10, 0, 61, 23, 0
1490, 10, 0, 61, 24, 0
1490, 10, 0, 61, 25, 0
1490, 10, 0, 61, 26, 0
1490, 10, 0, 61, 27, 0
1490, 10, 0, 61, 28, 0
1490, 10, 0, 61, 29, 0
1490, 10, 0, 61, 30, 0
1490, 10, 0, 61, 31, 0
1490, 10, 0, 61, 32, 0
1490, 10, 0, 61, 33, 0
1490, 10, 0, 61, 34, 0
1490, 10, 0, 61, 35, 0
1490, 10, 0, 61, 36, 0
1490, 10, 0, 61, 37, 0
1490, 10, 0, 61, 38, 0
1490, 10, 0, 61, 39, 0
1490, 10, 0, 61, 40, 0
1490, 10, 0, 61, 41, 0
1490, 10, 0, 61, 42, 0
1490, 10, 0, 61, 43, 0
1490, 10, 0, 61, 44, 0
1490, 10, 0, 61, 45, 0
1490, 10, 0, 61, 46, 0
1490, 10, 0, 61, 47, 0
1490, 10, 0, 61, 48, 0
1490, 10, 0, 61, 49, 0
1490, 10, 0, 61, 50, 0
1490, 10, 0, 61, 51, 0
1490, 10, 0, 61, 52, 0
1490, 10, 0, 61, 53, 0
1490, 10, 0, 61, 54, 0
1490, 10, 0, 61, 55, 0
1490, 10, 0, 61, 56, 0
1490, 10, 0, 61, 57, 0
1490, 10, 0, 61, 58, 0
1490, 10, 0, 61, 59, 0
1490, 10, 0, 61, 60, 0
1490, 10, 0, 61, 61, 0
1490, 10, 0, 61, 62, 0
1490, 10, 0, 61, 63, 0
1490, 10, 0, 62, 0, 0
1490, 10, 0, 62, 1, 0
1490, 10, 0, 62, 2, 0
1490, 10, 0, 62, 3, 0
1490, 10, 0, 62, 4, 0
1490, 10, 0, 62, 5, 0
1490, 10, 0, 62, 6, 0
1490, 10, 0, 62, 7, 0
1490, 10, 0, 62, 8, 0
1490, 10, 0, 62, 9, 0
1490, 10, 0, 62, 10, 0
1490, 10, 0, 62, 11, 0
1490, 10, 0, 62, 12, 0
1490, 10, 0, 62, 13, 0
1490, 10, 0, 62, 14, 0
1490, 10, 0, 62, 15, 0
1490, 10, 0, 62, 16, 0
1490, 10, 0, 62, 17, 0
1490, 10, 0, 62, 18, 0
1490, 10, 0, 62, 19, 0
1490, 10, 0, 62, 20, 0
1490, 10, 0, 62, 21, 0
1490, 10, 0, 62, 22, 0
1490, 10, 0, 62, 23, 0
1490, 10, 0, 62, 24, 0
1490, 10, 0, 62, 25, 0
1490, 10, 0, 62, 26, 0
1490, 10, 0, 62, 27, 0
1490, 10, 0, 62, 28, 0
1490, 10, 0, 62, 29, 0
1490, 10, 0, 62, 30, 0
1490, 10, 0, 62, 31, 0
1490, 10, 0, 62, 32, 0
1490, 10, 0, 62, 33, 0
1490, 10, 0, 62, 34, 0
1490, 10, 0, 62, 35, 0
1490, 10, 0, 62, 36, 0
1490, 10, 0, 62, 37, 0
1490, 10, 0, 62, 38, 0
1490, 10, 0, 62, 39, 0
1490, 10, 0, 62, 40, 0
1490, 10, 0, 62, 41, 0
1490, 10, 0, 62, 42, 0
1490, 10, 0, 62, 43, 0
1490, 10, 0, 62, 44, 0
1490, 10, 0, 62, 45, 0
1490, 10, 0, 62, 46, 0
1490, 10, 0, 62, 47, 0
1490, 10, 0, 62, 48, 0
1490, 10, 0, 62, 49, 0
1490, 10, 0, 62, 50, 0
1490, 10, 0, 62, 51, 0
1490, 10, 0, 62, 52, 0
1490, 10, 0, 62, 53, 0
1490, 10, 0, 62, 54, 0
1490, 10, 0, 62, 55, 0
1490, 10, 0, 62, 56, 0
1490, 10, 0, 62, 57, 0
1490, 10, 0, 62, 58, 0
1490, 10, 0, 62, 59, 0
1490, 10, 0, 62, 60, 0
1490, 10, 0, 62, 61, 0
1490, 10, 0, 62, 62, 0
1490, 10, 0, 62, 63, 0
1490, 10, 0, 63, 0, 0
1490, 10, 0, 63, 1, 0
1490, 10, 0, 63, 2, 0
1490, 10, 0, 63, 3, 0
1490, 10, 0, 63, 4, 0
1490, 10, 0, 63, 5, 0
1490, 10, 0, 63, 6, 0
1490, 10, 0, 63, 7, 0
1490, 10, 0, 63, 8, 0
1490, 10, 0, 63, 9, 0
1490, 10, 0, 63, 10, 0
1490, 10, 0, 63, 11, 0
1490, 10, 0, 63, 12, 0
1490, 10, 0, 63, 13, 0
1490, 10, 0, 63, 14, 0
1490, 10, 0, 63, 15, 0
1490, 10, 0, 63, 16, 0
1490, 10, 0, 63, 17, 0
1490, 10, 0, 63, 18, 0
1490, 10, 0, 63, 19, 0
1490, 10, 0, 63, 20, 0
1490, 10, 0, 63, 21, 0
1490, 10, 0, 63, 22, 0
1490, 10, 0, 63, 23, 0
1490, 10, 0, 63, 24, 0
1490, 10, 0, 63, 25, 0
1490, 10, 0, 63, 26, 0
1490, 10, 0, 63, 27, 0
1490, 10, 0, 63, 28, 0
1490, 10, 0, 63, 29, 0
1490, 10, 0, 63, 30, 0
1490, 10, 0, 63, 31, 0
1490, 10, 0, 63, 32, 0
1490, 10, 0, 63, 33, 0
1490, 10, 0, 63, 34, 0
1490, 10, 0, 63, 35, 0
1490, 10, 0, 63, 36, 0
1490, 10, 0, 63, 37, 0
1490, 10, 0, 63, 38, 0
1490, 10, 0, 63, 39, 0
1490, 10, 0, 63, 40, 0
1490, 10, 0, 63, 41, 0
1490, 10, 0, 63, 42, 0
1490, 10, 0, 63, 43, 0
1490, 10, 0, 63, 44, 0
1490, 10, 0, 63, 45, 0
1490, 10, 0, 63, 46, 0
1490, 10, 0, 63, 47, 0
1490, 10, 0, 63, 48, 0
1490, 10, 0, 63, 49, 0
1490, 10, 0, 63, 50, 0
1490, 10, 0, 63, 51, 0
1490, 10, 0, 63, 52, 0
1490, 10, 0, 63, 53, 0
1490, 10, 0, 63, 54, 0
1490, 10, 0, 63, 55, 0
1490, 10, 0, 63, 56, 0
1490, 10, 0, 63, 57, 0
1490, 10, 0, 63, 58, 0
1490, 10, 0, 63, 59, 0
1490, 10, 0, 63, 60, 0
1490, 10, 0, 63, 61, 0
1490, 10, 0, 63, 62, 0
1490, 10, 0, 63, 63, 0
