201, 10, 1, 8, 34, 0
201, 10, 2, 14, 17, 0
201, 10, 2, 24, 21, 0
201, 10, 2, 26, 8, 0
201, 10, 2, 26, 31, 0
201, 10, 2, 27, 38, 0
201, 10, 2, 27, 47, 0
201, 10, 0, 29, 19, 0
201, 10, 2, 30, 28, 0
201, 10, 0, 31, 8, 0
201, 10, 0, 31, 38, 0
201, 10, 0, 31, 47, 0
201, 10, 2, 37, 26, 0
201, 10, 2, 37, 41, 0
201, 10, 1, 41, 22, 0
201, 10, 3, 41, 48, 0
201, 10, 1, 54, 22, 0
201, 10, 3, 54, 48, 0
201, 10, 0, 58, 26, 0
201, 10, 0, 58, 41, 0
201, 10, 2, 16, 30, 1
269, 22, 1, 47, 28, 2
269, 22, 1, 48, 28, 2
269, 22, 1, 49, 28, 2
269, 22, 1, 50, 28, 2
324, 22, 3, 39, 40, 0
324, 22, 2, 41, 38, 0
324, 22, 1, 41, 39, 0
324, 22, 0, 42, 43, 0
324, 22, 0, 43, 42, 0
324, 22, 1, 45, 41, 0
325, 22, 0, 39, 42, 0
325, 22, 3, 40, 39, 0
325, 22, 1, 40, 41, 0
325, 22, 3, 40, 43, 0
325, 22, 2, 41, 40, 0
325, 22, 2, 41, 42, 0
325, 22, 1, 42, 39, 0
325, 22, 0, 42, 40, 0
325, 22, 3, 42, 41, 0
325, 22, 2, 42, 42, 0
325, 22, 0, 43, 38, 0
325, 22, 3, 43, 41, 0
325, 22, 3, 44, 39, 0
325, 22, 1, 44, 41, 0
325, 22, 0, 44, 42, 0
325, 22, 1, 44, 43, 0
325, 22, 2, 45, 39, 0
326, 22, 0, 39, 39, 0
326, 22, 1, 39, 41, 0
326, 22, 1, 40, 38, 0
326, 22, 2, 40, 42, 0
326, 22, 3, 41, 41, 0
326, 22, 1, 41, 43, 0
326, 22, 0, 42, 38, 0
326, 22, 0, 43, 40, 0
326, 22, 3, 43, 43, 0
326, 22, 3, 44, 38, 0
326, 22, 3, 44, 40, 0
326, 22, 2, 45, 40, 0
326, 22, 2, 45, 42, 0
444, 10, 1, 0, 23, 0
444, 10, 2, 20, 52, 0
444, 10, 2, 24, 15, 0
444, 10, 1, 25, 34, 0
444, 10, 1, 26, 48, 0
445, 10, 0, 20, 12, 0
445, 10, 1, 22, 17, 0
445, 10, 2, 23, 48, 0
445, 10, 0, 31, 14, 0
569, 10, 0, 27, 25, 1
590, 10, 1, 12, 30, 1
590, 10, 1, 12, 34, 1
590, 10, 3, 15, 30, 1
591, 10, 3, 15, 33, 1
593, 10, 3, 56, 56, 0
600, 10, 1, 46, 14, 1
652, 22, 1, 47, 28, 0
652, 22, 0, 50, 28, 0
654, 22, 1, 48, 27, 0
824, 10, 2, 25, 3, 0
824, 10, 2, 26, 6, 0
824, 10, 2, 31, 6, 0
824, 10, 2, 32, 3, 0
857, 10, 0, 28, 26, 1
858, 10, 0, 26, 26, 1
1102, 10, 3, 55, 10, 1
1102, 10, 3, 57, 18, 1
1103, 10, 1, 37, 34, 0
1103, 10, 1, 37, 39, 0
1103, 10, 2, 44, 48, 0
1103, 10, 2, 51, 48, 0
1103, 10, 2, 4, 4, 1
1103, 10, 2, 4, 12, 1
1103, 10, 2, 12, 26, 1
1103, 10, 2, 12, 40, 1
1103, 10, 2, 15, 42, 1
1103, 10, 1, 45, 8, 1
1103, 10, 1, 45, 14, 1
1103, 10, 1, 46, 13, 1
1103, 10, 1, 51, 7, 1
1104, 10, 1, 37, 36, 0
1104, 10, 2, 47, 48, 0
1104, 10, 3, 54, 57, 0
1104, 10, 2, 55, 55, 0
1104, 10, 0, 56, 59, 0
1104, 10, 1, 59, 56, 0
1104, 10, 1, 2, 5, 1
1104, 10, 2, 8, 9, 1
1104, 10, 1, 15, 24, 1
1104, 10, 1, 15, 40, 1
1106, 10, 3, 24, 23, 0
1106, 10, 3, 25, 10, 0
1106, 10, 1, 31, 41, 0
1106, 10, 1, 32, 10, 0
1118, 11, 3, 0, 62, 0
1118, 11, 1, 6, 20, 0
1118, 11, 3, 8, 30, 0
1118, 11, 3, 10, 15, 0
1118, 11, 3, 11, 46, 0
1118, 11, 0, 14, 1, 0
1118, 11, 3, 22, 2, 0
1118, 11, 3, 33, 35, 0
1118, 10, 2, 34, 32, 0
1118, 10, 0, 35, 35, 0
1118, 11, 3, 35, 38, 0
1118, 11, 1, 39, 4, 0
1118, 11, 3, 39, 20, 0
1118, 11, 3, 58, 48, 0
1127, 10, 1, 14, 33, 3
1127, 10, 0, 53, 7, 3
1128, 10, 1, 10, 33, 3
1128, 10, 0, 14, 29, 3
1128, 10, 2, 14, 34, 3
1128, 10, 3, 15, 33, 3
1128, 10, 1, 49, 7, 3
1128, 10, 0, 53, 3, 3
1128, 10, 2, 53, 8, 3
1128, 10, 3, 54, 7, 3
1129, 10, 1, 10, 29, 3
1129, 10, 2, 10, 34, 3
1129, 10, 0, 15, 29, 3
1129, 10, 3, 15, 34, 3
1129, 10, 1, 49, 3, 3
1129, 10, 2, 49, 8, 3
1129, 10, 0, 54, 3, 3
1129, 10, 3, 54, 8, 3
1133, 10, 0, 5, 8, 0
1133, 10, 1, 14, 33, 0
1133, 10, 0, 40, 15, 0
1133, 10, 0, 41, 28, 0
1133, 10, 1, 51, 27, 0
1133, 10, 0, 53, 7, 0
1133, 10, 0, 55, 27, 0
1134, 10, 1, 14, 33, 1
1134, 10, 0, 40, 15, 1
1134, 10, 1, 51, 27, 1
1134, 10, 0, 53, 7, 1
1134, 10, 0, 55, 27, 1
1135, 10, 0, 5, 8, 1
1135, 10, 0, 41, 28, 1
1135, 10, 1, 14, 33, 2
1135, 10, 0, 40, 15, 2
1135, 10, 0, 53, 7, 2
1135, 10, 0, 55, 27, 2
1137, 10, 0, 6, 8, 1
1137, 10, 0, 42, 28, 1
1137, 10, 1, 14, 32, 2
1137, 10, 0, 41, 15, 2
1137, 10, 0, 54, 7, 2
1137, 10, 0, 56, 27, 2
1138, 10, 0, 4, 8, 1
1138, 10, 0, 40, 28, 1
1138, 10, 1, 14, 34, 2
1138, 10, 0, 39, 15, 2
1138, 10, 0, 52, 7, 2
1139, 10, 2, 5, 6, 1
1139, 10, 0, 5, 10, 1
1139, 10, 1, 7, 8, 1
1139, 10, 0, 40, 17, 2
1140, 10, 3, 39, 28, 1
1140, 10, 2, 41, 26, 1
1140, 10, 1, 43, 28, 1
1140, 10, 3, 38, 15, 2
1140, 10, 2, 40, 13, 2
1140, 10, 1, 42, 15, 2
1140, 10, 3, 51, 7, 2
1140, 10, 2, 53, 5, 2
1140, 10, 0, 53, 9, 2
1140, 10, 1, 55, 7, 2
1141, 10, 3, 3, 8, 2
1141, 10, 2, 5, 6, 2
1141, 10, 0, 5, 9, 2
1141, 10, 1, 6, 8, 2
1141, 10, 3, 38, 15, 3
1141, 10, 2, 40, 13, 3
1141, 10, 0, 40, 16, 3
1141, 10, 1, 41, 15, 3
1143, 10, 2, 5, 7, 1
1143, 10, 0, 5, 9, 1
1143, 10, 2, 41, 27, 1
1143, 10, 0, 41, 29, 1
1143, 10, 3, 13, 33, 2
1143, 10, 1, 15, 33, 2
1143, 10, 2, 40, 14, 2
1143, 10, 0, 40, 16, 2
1143, 10, 2, 53, 6, 2
1143, 10, 0, 53, 8, 2
1156, 10, 1, 2, 12, 1
1156, 10, 1, 12, 23, 1
1156, 10, 1, 12, 41, 1
1156, 10, 3, 45, 5, 1
1156, 10, 3, 50, 14, 1
1156, 10, 1, 52, 10, 1
1157, 10, 1, 2, 10, 1
1157, 10, 1, 12, 25, 1
1157, 10, 1, 12, 39, 1
1157, 10, 3, 50, 13, 1
1157, 10, 3, 50, 15, 1
1157, 10, 1, 50, 16, 1
1157, 10, 2, 55, 16, 1
1158, 10, 3, 11, 30, 1
1158, 10, 2, 11, 35, 1
1158, 10, 0, 42, 7, 1
1158, 10, 2, 46, 16, 1
1158, 10, 3, 51, 9, 1
1158, 10, 0, 55, 19, 1
1158, 10, 2, 58, 19, 1
1165, 10, 2, 9, 62, 0
1165, 10, 0, 13, 50, 0
1165, 10, 3, 14, 49, 0
1165, 10, 1, 32, 53, 0
1166, 10, 3, 9, 61, 0
1166, 10, 2, 10, 62, 0
1166, 10, 1, 12, 49, 0
1166, 10, 3, 19, 4, 0
1166, 10, 0, 19, 29, 0
1166, 10, 1, 21, 20, 0
1166, 10, 2, 27, 55, 0
1166, 10, 2, 35, 5, 0
1166, 10, 1, 42, 58, 0
1166, 10, 0, 43, 59, 0
1166, 10, 3, 44, 57, 0
1166, 10, 2, 56, 50, 0
1169, 10, 2, 13, 49, 0
1169, 10, 2, 43, 58, 0
1187, 10, 3, 0, 11, 0
1187, 10, 2, 0, 28, 0
1187, 10, 0, 0, 38, 0
1187, 10, 1, 0, 42, 0
1187, 10, 3, 1, 30, 0
1187, 10, 1, 2, 17, 0
1187, 10, 0, 2, 28, 0
1187, 10, 0, 4, 14, 0
1187, 10, 0, 4, 18, 0
1187, 10, 1, 5, 47, 0
1187, 10, 0, 6, 3, 0
1187, 10, 0, 9, 39, 0
1187, 10, 0, 16, 25, 0
1187, 10, 1, 18, 29, 0
1187, 10, 0, 18, 45, 0
1187, 11, 3, 19, 60, 0
1187, 10, 0, 21, 36, 0
1187, 11, 3, 24, 51, 0
1187, 10, 1, 25, 48, 0
1187, 11, 3, 26, 47, 0
1187, 10, 0, 33, 38, 0
1187, 10, 2, 34, 9, 0
1187, 10, 0, 34, 15, 0
1187, 10, 1, 34, 24, 0
1187, 10, 3, 36, 20, 0
1187, 10, 1, 36, 48, 0
1187, 11, 2, 50, 57, 0
1187, 11, 1, 52, 59, 0
1187, 11, 3, 53, 54, 0
1187, 11, 1, 54, 63, 0
1187, 11, 1, 61, 58, 0
1187, 11, 0, 61, 60, 0
1188, 10, 2, 1, 16, 0
1188, 10, 0, 4, 36, 0
1188, 10, 3, 9, 21, 0
1188, 10, 0, 14, 19, 0
1188, 10, 1, 16, 12, 0
1188, 10, 0, 19, 39, 0
1188, 10, 1, 23, 27, 0
1188, 10, 1, 31, 12, 0
1188, 10, 1, 31, 44, 0
1188, 10, 3, 39, 2, 0
1188, 10, 3, 44, 20, 0
1188, 10, 2, 52, 58, 0
1188, 10, 2, 53, 56, 0
1188, 10, 3, 54, 12, 0
1188, 10, 1, 54, 53, 0
1188, 10, 0, 56, 60, 0
1188, 10, 2, 58, 54, 0
1188, 10, 3, 58, 57, 0
1189, 10, 0, 1, 53, 0
1189, 10, 3, 2, 55, 0
1189, 10, 2, 3, 52, 0
1189, 10, 2, 3, 53, 0
1189, 10, 0, 5, 9, 0
1189, 10, 1, 6, 8, 0
1189, 10, 2, 20, 6, 0
1189, 10, 3, 20, 63, 0
1189, 10, 3, 21, 4, 0
1189, 10, 3, 21, 22, 0
1189, 10, 1, 21, 61, 0
1189, 10, 2, 22, 21, 0
1189, 10, 0, 22, 62, 0
1189, 10, 3, 30, 32, 0
1189, 10, 0, 30, 61, 0
1189, 10, 1, 31, 35, 0
1189, 10, 1, 31, 49, 0
1189, 10, 0, 32, 34, 0
1189, 10, 1, 32, 40, 0
1189, 10, 2, 32, 51, 0
1189, 10, 3, 32, 59, 0
1189, 10, 2, 33, 61, 0
1189, 10, 0, 34, 22, 0
1189, 10, 3, 34, 52, 0
1189, 10, 1, 35, 21, 0
1189, 10, 2, 38, 37, 0
1189, 10, 1, 40, 8, 0
1189, 10, 2, 41, 7, 0
1189, 10, 2, 46, 19, 0
1189, 10, 0, 51, 4, 0
1189, 10, 0, 52, 3, 0
1192, 10, 2, 37, 50, 0
1197, 10, 1, 7, 5, 0
1244, 22, 0, 0, 0, 0
1244, 22, 0, 6, 0, 0
1244, 22, 0, 8, 60, 0
1244, 22, 2, 11, 5, 0
1244, 22, 0, 14, 59, 0
1244, 22, 1, 16, 58, 0
1244, 22, 1, 16, 62, 0
1244, 22, 3, 18, 3, 0
1244, 22, 0, 23, 32, 0
1244, 22, 1, 24, 32, 0
1244, 22, 3, 24, 41, 0
1244, 22, 0, 26, 50, 0
1244, 22, 3, 29, 23, 0
1244, 22, 0, 31, 26, 0
1244, 22, 2, 35, 23, 0
1244, 22, 0, 40, 50, 0
1244, 22, 2, 46, 62, 0
1244, 22, 0, 47, 55, 0
1244, 22, 0, 49, 32, 0
1244, 22, 1, 49, 57, 0
1244, 22, 0, 51, 63, 0
1244, 22, 0, 53, 0, 0
1244, 22, 1, 55, 50, 0
1244, 22, 1, 60, 45, 0
1244, 22, 0, 61, 39, 0
1244, 22, 0, 62, 0, 0
1245, 22, 3, 7, 10, 0
1245, 22, 2, 8, 1, 0
1245, 22, 1, 8, 27, 0
1245, 22, 1, 11, 44, 0
1245, 22, 1, 11, 51, 0
1245, 22, 1, 16, 26, 0
1245, 22, 0, 16, 55, 0
1245, 22, 1, 17, 35, 0
1245, 22, 0, 25, 30, 0
1245, 22, 1, 27, 41, 0
1245, 22, 1, 38, 13, 0
1245, 22, 2, 38, 19, 0
1245, 22, 3, 47, 16, 0
1246, 22, 0, 0, 50, 0
1246, 22, 2, 1, 36, 0
1246, 22, 3, 3, 34, 0
1246, 22, 0, 3, 63, 0
1246, 22, 2, 5, 31, 0
1246, 22, 3, 6, 15, 0
1246, 22, 2, 6, 63, 0
1246, 22, 3, 7, 20, 0
1246, 22, 2, 10, 12, 0
1246, 22, 1, 11, 62, 0
1246, 22, 2, 12, 47, 0
1246, 22, 2, 13, 61, 0
1246, 22, 1, 14, 2, 0
1246, 22, 0, 15, 1, 0
1246, 22, 0, 17, 52, 0
1246, 22, 0, 20, 1, 0
1246, 22, 2, 20, 21, 0
1246, 22, 3, 20, 26, 0
1246, 22, 3, 20, 50, 0
1246, 22, 2, 21, 27, 0
1246, 22, 2, 23, 51, 0
1246, 22, 3, 23, 60, 0
1246, 22, 2, 27, 22, 0
1246, 22, 1, 32, 17, 0
1246, 22, 2, 33, 28, 0
1246, 22, 2, 33, 47, 0
1246, 22, 2, 34, 10, 0
1246, 22, 1, 34, 14, 0
1246, 22, 2, 34, 33, 0
1246, 22, 2, 37, 56, 0
1246, 22, 1, 37, 61, 0
1246, 22, 3, 39, 59, 0
1246, 22, 3, 44, 18, 0
1246, 22, 3, 44, 37, 0
1246, 22, 2, 52, 46, 0
1246, 22, 2, 59, 20, 0
1246, 22, 3, 60, 30, 0
1247, 22, 2, 0, 17, 0
1247, 22, 1, 0, 44, 0
1247, 22, 0, 0, 45, 0
1247, 22, 0, 0, 49, 0
1247, 22, 2, 1, 41, 0
1247, 22, 3, 1, 48, 0
1247, 22, 1, 1, 50, 0
1247, 22, 1, 1, 52, 0
1247, 22, 0, 2, 38, 0
1247, 22, 2, 2, 50, 0
1247, 22, 1, 3, 33, 0
1247, 22, 1, 3, 46, 0
1247, 22, 2, 3, 49, 0
1247, 22, 0, 4, 30, 0
1247, 22, 3, 4, 39, 0
1247, 22, 1, 5, 28, 0
1247, 22, 1, 5, 34, 0
1247, 22, 1, 5, 44, 0
1247, 22, 0, 6, 25, 0
1247, 22, 0, 7, 43, 0
1247, 22, 0, 8, 2, 0
1247, 22, 1, 9, 2, 0
1247, 22, 2, 9, 30, 0
1247, 22, 0, 9, 46, 0
1247, 22, 3, 9, 49, 0
1247, 22, 1, 10, 13, 0
1247, 22, 0, 12, 13, 0
1247, 22, 0, 13, 9, 0
1247, 22, 0, 13, 14, 0
1247, 22, 3, 13, 19, 0
1247, 22, 0, 13, 28, 0
1247, 22, 2, 13, 57, 0
1247, 22, 2, 14, 14, 0
1247, 22, 0, 14, 15, 0
1247, 22, 0, 14, 24, 0
1247, 22, 3, 14, 43, 0
1247, 22, 0, 14, 58, 0
1247, 22, 1, 15, 14, 0
1247, 22, 3, 15, 48, 0
1247, 22, 0, 15, 50, 0
1247, 22, 1, 16, 8, 0
1247, 22, 3, 16, 19, 0
1247, 22, 3, 16, 43, 0
1247, 22, 0, 16, 47, 0
1247, 22, 0, 17, 10, 0
1247, 22, 1, 17, 39, 0
1247, 22, 2, 18, 19, 0
1247, 22, 1, 19, 15, 0
1247, 22, 0, 19, 16, 0
1247, 22, 1, 19, 21, 0
1247, 22, 2, 19, 22, 0
1247, 22, 0, 19, 26, 0
1247, 22, 0, 19, 49, 0
1247, 22, 0, 19, 51, 0
1247, 22, 2, 20, 15, 0
1247, 22, 2, 20, 16, 0
1247, 22, 2, 20, 25, 0
1247, 22, 0, 20, 28, 0
1247, 22, 0, 20, 29, 0
1247, 22, 0, 20, 30, 0
1247, 22, 2, 20, 38, 0
1247, 22, 0, 20, 42, 0
1247, 22, 1, 20, 48, 0
1247, 22, 3, 21, 0, 0
1247, 22, 2, 21, 1, 0
1247, 22, 1, 21, 24, 0
1247, 22, 3, 21, 26, 0
1247, 22, 2, 21, 50, 0
1247, 22, 1, 22, 3, 0
1247, 22, 2, 22, 7, 0
1247, 22, 2, 22, 8, 0
1247, 22, 2, 22, 10, 0
1247, 22, 0, 22, 12, 0
1247, 22, 1, 22, 14, 0
1247, 22, 0, 22, 24, 0
1247, 22, 3, 22, 26, 0
1247, 22, 3, 22, 27, 0
1247, 22, 0, 23, 2, 0
1247, 22, 0, 23, 6, 0
1247, 22, 0, 23, 58, 0
1247, 22, 0, 24, 7, 0
1247, 22, 1, 24, 8, 0
1247, 22, 1, 24, 12, 0
1247, 22, 1, 24, 43, 0
1247, 22, 0, 25, 45, 0
1247, 22, 3, 25, 58, 0
1247, 22, 0, 26, 21, 0
1247, 22, 1, 27, 28, 0
1247, 22, 0, 28, 11, 0
1247, 22, 1, 28, 14, 0
1247, 22, 0, 28, 39, 0
1247, 22, 3, 29, 18, 0
1247, 22, 0, 30, 33, 0
1247, 22, 1, 30, 45, 0
1247, 22, 2, 31, 16, 0
1247, 22, 2, 31, 19, 0
1247, 22, 1, 33, 0, 0
1247, 22, 2, 33, 1, 0
1247, 22, 3, 33, 16, 0
1247, 22, 0, 33, 18, 0
1247, 22, 2, 34, 7, 0
1247, 22, 1, 34, 19, 0
1247, 22, 1, 35, 1, 0
1247, 22, 3, 35, 6, 0
1247, 22, 2, 35, 15, 0
1247, 22, 1, 35, 16, 0
1247, 22, 2, 35, 28, 0
1247, 22, 1, 35, 33, 0
1247, 22, 1, 35, 48, 0
1247, 22, 1, 35, 59, 0
1247, 22, 2, 35, 60, 0
1247, 22, 1, 36, 45, 0
1247, 22, 2, 36, 59, 0
1247, 22, 1, 37, 16, 0
1247, 22, 0, 37, 52, 0
1247, 22, 0, 37, 59, 0
1247, 22, 0, 38, 16, 0
1247, 22, 0, 38, 21, 0
1247, 22, 1, 38, 51, 0
1247, 22, 1, 39, 1, 0
1247, 22, 1, 39, 18, 0
1247, 22, 2, 39, 21, 0
1247, 22, 3, 39, 52, 0
1247, 22, 0, 42, 17, 0
1247, 22, 2, 47, 51, 0
1247, 22, 1, 48, 7, 0
1247, 22, 3, 48, 44, 0
1247, 22, 3, 51, 53, 0
1247, 22, 1, 52, 4, 0
1247, 22, 0, 52, 53, 0
1247, 22, 0, 53, 51, 0
1247, 22, 2, 55, 3, 0
1247, 22, 3, 55, 5, 0
1247, 22, 2, 55, 60, 0
1247, 22, 0, 56, 1, 0
1247, 22, 1, 56, 2, 0
1247, 22, 0, 56, 9, 0
1247, 22, 0, 58, 3, 0
1247, 22, 1, 58, 59, 0
1247, 22, 3, 59, 13, 0
1247, 22, 2, 60, 8, 0
1247, 22, 1, 60, 10, 0
1247, 22, 3, 60, 14, 0
1247, 22, 2, 60, 18, 0
1247, 22, 3, 60, 36, 0
1247, 22, 3, 61, 24, 0
1247, 22, 2, 61, 37, 0
1247, 22, 0, 62, 9, 0
1247, 22, 0, 62, 23, 0
1247, 22, 3, 62, 32, 0
1247, 22, 3, 63, 3, 0
1247, 22, 0, 63, 27, 0
1247, 22, 0, 63, 34, 0
1251, 22, 2, 2, 5, 0
1251, 22, 3, 3, 8, 0
1251, 22, 1, 5, 4, 0
1251, 22, 0, 5, 9, 0
1252, 22, 0, 2, 7, 0
1252, 22, 2, 3, 4, 0
1252, 22, 3, 3, 6, 0
1252, 22, 1, 3, 12, 0
1252, 22, 1, 4, 3, 0
1252, 22, 3, 4, 5, 0
1252, 22, 3, 4, 10, 0
1252, 22, 1, 4, 12, 0
1252, 22, 0, 5, 11, 0
1252, 22, 1, 8, 11, 0
1252, 22, 3, 10, 11, 0
1252, 22, 2, 11, 10, 0
1257, 22, 3, 0, 9, 0
1257, 22, 3, 0, 15, 0
1257, 22, 1, 0, 55, 0
1257, 22, 2, 0, 56, 0
1257, 22, 3, 0, 58, 0
1257, 22, 2, 1, 10, 0
1257, 22, 3, 1, 57, 0
1257, 22, 2, 1, 59, 0
1257, 22, 2, 1, 60, 0
1257, 22, 2, 2, 11, 0
1257, 22, 1, 2, 12, 0
1257, 22, 1, 2, 13, 0
1257, 22, 0, 2, 14, 0
1257, 22, 2, 2, 53, 0
1257, 22, 2, 2, 54, 0
1257, 22, 3, 2, 60, 0
1257, 22, 3, 3, 1, 0
1257, 22, 3, 3, 55, 0
1257, 22, 1, 3, 59, 0
1257, 22, 2, 4, 1, 0
1257, 22, 3, 4, 2, 0
1257, 22, 0, 4, 51, 0
1257, 22, 0, 4, 56, 0
1257, 22, 1, 4, 57, 0
1257, 22, 0, 4, 59, 0
1257, 22, 2, 5, 1, 0
1257, 22, 2, 5, 57, 0
1257, 22, 2, 5, 58, 0
1257, 22, 0, 5, 59, 0
1257, 22, 3, 6, 52, 0
1257, 22, 1, 6, 55, 0
1257, 22, 3, 6, 56, 0
1257, 22, 2, 7, 22, 0
1257, 22, 3, 7, 24, 0
1257, 22, 2, 7, 33, 0
1257, 22, 1, 7, 34, 0
1257, 22, 0, 7, 36, 0
1257, 22, 1, 7, 41, 0
1257, 22, 2, 7, 53, 0
1257, 22, 1, 7, 54, 0
1257, 22, 1, 8, 20, 0
1257, 22, 2, 8, 21, 0
1257, 22, 3, 8, 32, 0
1257, 22, 3, 8, 38, 0
1257, 22, 0, 8, 42, 0
1257, 22, 2, 8, 53, 0
1257, 22, 2, 8, 56, 0
1257, 22, 3, 9, 9, 0
1257, 22, 0, 9, 10, 0
1257, 22, 0, 9, 19, 0
1257, 22, 0, 9, 20, 0
1257, 22, 1, 9, 25, 0
1257, 22, 0, 9, 26, 0
1257, 22, 0, 9, 31, 0
1257, 22, 0, 9, 32, 0
1257, 22, 0, 9, 37, 0
1257, 22, 2, 9, 39, 0
1257, 22, 2, 9, 40, 0
1257, 22, 1, 9, 55, 0
1257, 22, 3, 9, 56, 0
1257, 22, 3, 9, 57, 0
1257, 22, 1, 10, 6, 0
1257, 22, 1, 10, 9, 0
1257, 22, 2, 10, 10, 0
1257, 22, 0, 10, 19, 0
1257, 22, 2, 10, 25, 0
1257, 22, 2, 10, 34, 0
1257, 22, 1, 10, 38, 0
1257, 22, 0, 10, 40, 0
1257, 22, 2, 10, 43, 0
1257, 22, 2, 10, 55, 0
1257, 22, 3, 10, 58, 0
1257, 22, 2, 11, 8, 0
1257, 22, 1, 11, 9, 0
1257, 22, 1, 11, 11, 0
1257, 22, 3, 11, 23, 0
1257, 22, 3, 11, 24, 0
1257, 22, 1, 11, 32, 0
1257, 22, 1, 11, 40, 0
1257, 22, 3, 11, 55, 0
1257, 22, 2, 11, 58, 0
1257, 22, 2, 12, 58, 0
1257, 22, 0, 13, 20, 0
1257, 22, 1, 13, 21, 0
1257, 22, 0, 13, 53, 0
1257, 22, 1, 13, 55, 0
1257, 22, 0, 14, 20, 0
1257, 22, 0, 14, 54, 0
1257, 22, 3, 15, 19, 0
1257, 22, 2, 15, 24, 0
1257, 22, 0, 15, 25, 0
1257, 22, 1, 15, 55, 0
1257, 22, 3, 16, 20, 0
1257, 22, 3, 16, 22, 0
1257, 22, 0, 16, 25, 0
1257, 22, 0, 16, 54, 0
1257, 22, 3, 17, 24, 0
1257, 22, 0, 17, 55, 0
1257, 22, 2, 18, 56, 0
1257, 22, 2, 18, 57, 0
1257, 22, 0, 19, 55, 0
1257, 22, 3, 19, 56, 0
1257, 22, 1, 19, 57, 0
1257, 22, 2, 19, 58, 0
1257, 22, 3, 20, 55, 0
1257, 22, 0, 20, 58, 0
1257, 22, 2, 22, 0, 0
1257, 22, 3, 22, 1, 0
1257, 22, 3, 22, 53, 0
1257, 22, 1, 22, 55, 0
1257, 22, 1, 23, 4, 0
1257, 22, 2, 23, 55, 0
1257, 22, 0, 24, 5, 0
1257, 22, 2, 24, 52, 0
1257, 22, 2, 24, 53, 0
1257, 22, 3, 24, 56, 0
1257, 22, 3, 25, 7, 0
1257, 22, 1, 25, 51, 0
1257, 22, 3, 26, 5, 0
1257, 22, 1, 26, 6, 0
1257, 22, 0, 26, 60, 0
1257, 22, 0, 26, 61, 0
1257, 22, 1, 26, 62, 0
1257, 22, 0, 27, 4, 0
1257, 22, 2, 27, 62, 0
1257, 22, 1, 29, 2, 0
1257, 22, 3, 29, 5, 0
1257, 22, 0, 29, 6, 0
1257, 22, 2, 29, 58, 0
1257, 22, 0, 29, 60, 0
1257, 22, 0, 29, 61, 0
1257, 22, 1, 30, 6, 0
1257, 22, 2, 30, 7, 0
1257, 22, 0, 30, 10, 0
1257, 22, 1, 30, 11, 0
1257, 22, 0, 30, 30, 0
1257, 22, 1, 30, 34, 0
1257, 22, 2, 30, 59, 0
1257, 22, 0, 30, 60, 0
1257, 22, 3, 30, 63, 0
1257, 22, 3, 31, 3, 0
1257, 22, 2, 31, 5, 0
1257, 22, 1, 31, 6, 0
1257, 22, 1, 31, 8, 0
1257, 22, 2, 31, 32, 0
1257, 22, 1, 31, 34, 0
1257, 22, 2, 31, 35, 0
1257, 22, 3, 31, 49, 0
1257, 22, 3, 31, 50, 0
1257, 22, 3, 31, 51, 0
1257, 22, 1, 31, 59, 0
1257, 22, 0, 32, 4, 0
1257, 22, 1, 32, 5, 0
1257, 22, 2, 32, 9, 0
1257, 22, 3, 32, 12, 0
1257, 22, 3, 32, 29, 0
1257, 22, 1, 32, 36, 0
1257, 22, 0, 32, 49, 0
1257, 22, 0, 32, 51, 0
1257, 22, 0, 32, 58, 0
1257, 22, 1, 32, 60, 0
1257, 22, 3, 33, 35, 0
1257, 22, 1, 33, 49, 0
1257, 22, 1, 33, 50, 0
1257, 22, 2, 33, 53, 0
1257, 22, 3, 33, 56, 0
1257, 22, 3, 33, 57, 0
1257, 22, 2, 33, 61, 0
1257, 22, 3, 34, 49, 0
1257, 22, 3, 34, 50, 0
1257, 22, 1, 34, 53, 0
1257, 22, 2, 34, 57, 0
1257, 22, 3, 34, 59, 0
1257, 22, 0, 35, 30, 0
1257, 22, 3, 35, 50, 0
1257, 22, 0, 35, 52, 0
1257, 22, 0, 35, 53, 0
1257, 22, 1, 35, 54, 0
1257, 22, 0, 35, 58, 0
1257, 22, 0, 36, 58, 0
1257, 22, 1, 37, 57, 0
1257, 22, 1, 38, 7, 0
1257, 22, 1, 38, 8, 0
1257, 22, 2, 38, 33, 0
1257, 22, 0, 38, 36, 0
1257, 22, 3, 38, 37, 0
1257, 22, 3, 38, 38, 0
1257, 22, 3, 38, 44, 0
1257, 22, 3, 38, 45, 0
1257, 22, 2, 38, 46, 0
1257, 22, 3, 39, 5, 0
1257, 22, 2, 39, 6, 0
1257, 22, 0, 39, 9, 0
1257, 22, 2, 39, 28, 0
1257, 22, 0, 39, 34, 0
1257, 22, 1, 39, 37, 0
1257, 22, 0, 39, 44, 0
1257, 22, 0, 40, 4, 0
1257, 22, 3, 40, 9, 0
1257, 22, 0, 40, 28, 0
1257, 22, 2, 40, 34, 0
1257, 22, 2, 40, 46, 0
1257, 22, 0, 40, 52, 0
1257, 22, 3, 40, 58, 0
1257, 22, 0, 40, 59, 0
1257, 22, 0, 41, 4, 0
1257, 22, 3, 41, 5, 0
1257, 22, 3, 41, 6, 0
1257, 22, 2, 41, 10, 0
1257, 22, 1, 41, 27, 0
1257, 22, 1, 41, 47, 0
1257, 22, 1, 41, 48, 0
1257, 22, 2, 41, 53, 0
1257, 22, 0, 42, 6, 0
1257, 22, 0, 42, 7, 0
1257, 22, 1, 42, 8, 0
1257, 22, 2, 42, 9, 0
1257, 22, 0, 42, 13, 0
1257, 22, 3, 42, 14, 0
1257, 22, 2, 42, 25, 0
1257, 22, 1, 42, 27, 0
1257, 22, 2, 42, 36, 0
1257, 22, 2, 42, 37, 0
1257, 22, 0, 42, 48, 0
1257, 22, 2, 42, 50, 0
1257, 22, 3, 42, 54, 0
1257, 22, 3, 43, 11, 0
1257, 22, 1, 43, 12, 0
1257, 22, 2, 43, 15, 0
1257, 22, 1, 43, 24, 0
1257, 22, 1, 43, 25, 0
1257, 22, 2, 43, 27, 0
1257, 22, 2, 43, 36, 0
1257, 22, 2, 43, 37, 0
1257, 22, 3, 43, 50, 0
1257, 22, 3, 43, 54, 0
1257, 22, 1, 43, 58, 0
1257, 22, 3, 43, 60, 0
1257, 22, 3, 43, 61, 0
1257, 22, 3, 44, 10, 0
1257, 22, 1, 44, 15, 0
1257, 22, 1, 44, 22, 0
1257, 22, 0, 44, 24, 0
1257, 22, 0, 44, 28, 0
1257, 22, 0, 44, 36, 0
1257, 22, 0, 44, 44, 0
1257, 22, 1, 44, 53, 0
1257, 22, 0, 44, 59, 0
1257, 22, 0, 45, 10, 0
1257, 22, 2, 45, 14, 0
1257, 22, 2, 45, 23, 0
1257, 22, 0, 45, 24, 0
1257, 22, 2, 45, 25, 0
1257, 22, 0, 45, 45, 0
1257, 22, 1, 45, 46, 0
1257, 22, 0, 45, 53, 0
1257, 22, 3, 46, 12, 0
1257, 22, 0, 46, 13, 0
1257, 22, 1, 46, 14, 0
1257, 22, 3, 46, 25, 0
1257, 22, 2, 46, 29, 0
1257, 22, 3, 46, 30, 0
1257, 22, 1, 46, 31, 0
1257, 22, 2, 46, 46, 0
1257, 22, 0, 47, 26, 0
1257, 22, 2, 47, 30, 0
1257, 22, 0, 47, 32, 0
1257, 22, 3, 47, 33, 0
1257, 22, 2, 47, 53, 0
1257, 22, 1, 47, 54, 0
1257, 22, 1, 48, 28, 0
1257, 22, 1, 48, 31, 0
1257, 22, 0, 48, 37, 0
1257, 22, 0, 48, 51, 0
1257, 22, 0, 48, 55, 0
1257, 22, 1, 49, 24, 0
1257, 22, 2, 49, 25, 0
1257, 22, 3, 49, 33, 0
1257, 22, 0, 49, 34, 0
1257, 22, 2, 49, 36, 0
1257, 22, 0, 49, 37, 0
1257, 22, 1, 49, 40, 0
1257, 22, 1, 49, 41, 0
1257, 22, 0, 49, 42, 0
1257, 22, 0, 49, 46, 0
1257, 22, 3, 49, 54, 0
1257, 22, 0, 49, 55, 0
1257, 22, 2, 49, 58, 0
1257, 22, 3, 49, 61, 0
1257, 22, 0, 49, 62, 0
1257, 22, 1, 50, 14, 0
1257, 22, 1, 50, 17, 0
1257, 22, 0, 50, 18, 0
1257, 22, 1, 50, 20, 0
1257, 22, 0, 50, 23, 0
1257, 22, 3, 50, 26, 0
1257, 22, 3, 50, 35, 0
1257, 22, 2, 50, 36, 0
1257, 22, 2, 50, 38, 0
1257, 22, 2, 50, 39, 0
1257, 22, 2, 50, 43, 0
1257, 22, 2, 50, 44, 0
1257, 22, 1, 50, 45, 0
1257, 22, 3, 50, 53, 0
1257, 22, 2, 50, 57, 0
1257, 22, 0, 50, 62, 0
1257, 22, 3, 51, 12, 0
1257, 22, 0, 51, 13, 0
1257, 22, 2, 51, 14, 0
1257, 22, 2, 51, 15, 0
1257, 22, 1, 51, 17, 0
1257, 22, 2, 51, 19, 0
1257, 22, 1, 51, 22, 0
1257, 22, 3, 51, 37, 0
1257, 22, 3, 51, 47, 0
1257, 22, 1, 51, 55, 0
1257, 22, 1, 51, 56, 0
1257, 22, 0, 51, 57, 0
1257, 22, 1, 51, 62, 0
1257, 22, 3, 52, 22, 0
1257, 22, 2, 52, 23, 0
1257, 22, 1, 52, 26, 0
1257, 22, 0, 52, 47, 0
1257, 22, 3, 52, 62, 0
1257, 22, 2, 52, 63, 0
1257, 22, 1, 53, 15, 0
1257, 22, 3, 53, 21, 0
1257, 22, 0, 53, 27, 0
1257, 22, 0, 53, 45, 0
1257, 22, 1, 53, 47, 0
1257, 22, 2, 53, 53, 0
1257, 22, 2, 53, 63, 0
1257, 22, 1, 54, 13, 0
1257, 22, 2, 54, 19, 0
1257, 22, 2, 54, 20, 0
1257, 22, 3, 54, 21, 0
1257, 22, 3, 54, 24, 0
1257, 22, 2, 54, 26, 0
1257, 22, 3, 54, 36, 0
1257, 22, 3, 54, 37, 0
1257, 22, 1, 54, 46, 0
1257, 22, 2, 54, 47, 0
1257, 22, 3, 54, 52, 0
1257, 22, 0, 55, 12, 0
1257, 22, 3, 55, 25, 0
1257, 22, 2, 55, 46, 0
1257, 22, 3, 55, 51, 0
1257, 22, 0, 55, 52, 0
1257, 22, 3, 56, 14, 0
1257, 22, 1, 56, 20, 0
1257, 22, 0, 56, 21, 0
1257, 22, 0, 56, 30, 0
1257, 22, 3, 56, 36, 0
1257, 22, 1, 56, 39, 0
1257, 22, 2, 56, 47, 0
1257, 22, 1, 57, 13, 0
1257, 22, 3, 57, 19, 0
1257, 22, 0, 57, 22, 0
1257, 22, 3, 57, 26, 0
1257, 22, 3, 57, 32, 0
1257, 22, 3, 57, 37, 0
1257, 22, 1, 57, 43, 0
1257, 22, 1, 57, 44, 0
1257, 22, 0, 57, 45, 0
1257, 22, 2, 57, 50, 0
1257, 22, 2, 58, 20, 0
1257, 22, 2, 58, 27, 0
1257, 22, 1, 58, 28, 0
1257, 22, 2, 58, 31, 0
1257, 22, 0, 58, 37, 0
1257, 22, 1, 58, 50, 0
1257, 22, 1, 58, 51, 0
1257, 22, 3, 59, 26, 0
1257, 22, 0, 59, 27, 0
1257, 22, 0, 59, 51, 0
1257, 22, 2, 60, 25, 0
1257, 22, 2, 60, 28, 0
1257, 22, 1, 60, 29, 0
1257, 22, 3, 60, 51, 0
1257, 22, 3, 61, 25, 0
1257, 22, 2, 61, 53, 0
1257, 22, 0, 62, 28, 0
1257, 22, 2, 63, 26, 0
1258, 22, 1, 0, 10, 0
1258, 22, 2, 0, 12, 0
1258, 22, 2, 0, 14, 0
1258, 22, 2, 1, 13, 0
1258, 22, 1, 1, 14, 0
1258, 22, 1, 1, 15, 0
1258, 22, 1, 1, 55, 0
1258, 22, 0, 1, 56, 0
1258, 22, 3, 1, 58, 0
1258, 22, 3, 2, 47, 0
1258, 22, 1, 2, 55, 0
1258, 22, 0, 3, 48, 0
1258, 22, 0, 3, 52, 0
1258, 22, 0, 3, 53, 0
1258, 22, 0, 3, 54, 0
1258, 22, 2, 3, 56, 0
1258, 22, 2, 4, 46, 0
1258, 22, 0, 4, 48, 0
1258, 22, 1, 4, 54, 0
1258, 22, 1, 4, 58, 0
1258, 22, 1, 5, 46, 0
1258, 22, 1, 5, 47, 0
1258, 22, 3, 5, 49, 0
1258, 22, 3, 5, 52, 0
1258, 22, 0, 5, 55, 0
1258, 22, 0, 5, 56, 0
1258, 22, 2, 6, 47, 0
1258, 22, 2, 6, 53, 0
1258, 22, 1, 7, 4, 0
1258, 22, 1, 7, 5, 0
1258, 22, 2, 8, 5, 0
1258, 22, 3, 8, 8, 0
1258, 22, 1, 8, 23, 0
1258, 22, 3, 8, 33, 0
1258, 22, 1, 8, 34, 0
1258, 22, 2, 8, 35, 0
1258, 22, 2, 8, 40, 0
1258, 22, 1, 9, 5, 0
1258, 22, 3, 9, 21, 0
1258, 22, 2, 9, 22, 0
1258, 22, 0, 9, 24, 0
1258, 22, 1, 9, 35, 0
1258, 22, 0, 9, 42, 0
1258, 22, 0, 10, 7, 0
1258, 22, 3, 10, 8, 0
1258, 22, 3, 10, 20, 0
1258, 22, 3, 10, 24, 0
1258, 22, 3, 10, 33, 0
1258, 22, 1, 10, 41, 0
1258, 22, 1, 10, 42, 0
1258, 22, 3, 10, 57, 0
1258, 22, 3, 11, 20, 0
1258, 22, 1, 11, 21, 0
1258, 22, 2, 11, 41, 0
1258, 22, 3, 11, 57, 0
1258, 22, 1, 12, 56, 0
1258, 22, 2, 12, 57, 0
1258, 22, 3, 13, 54, 0
1258, 22, 1, 15, 20, 0
1258, 22, 2, 16, 21, 0
1258, 22, 3, 16, 23, 0
1258, 22, 3, 16, 24, 0
1258, 22, 1, 20, 56, 0
1258, 22, 3, 20, 57, 0
1258, 22, 1, 21, 55, 0
1258, 22, 1, 21, 58, 0
1258, 22, 3, 22, 20, 0
1258, 22, 3, 22, 57, 0
1258, 22, 1, 23, 0, 0
1258, 22, 0, 23, 19, 0
1258, 22, 0, 23, 21, 0
1258, 22, 0, 23, 23, 0
1258, 22, 1, 23, 54, 0
1258, 22, 2, 23, 56, 0
1258, 22, 0, 24, 1, 0
1258, 22, 1, 24, 3, 0
1258, 22, 3, 24, 4, 0
1258, 22, 1, 24, 20, 0
1258, 22, 1, 24, 21, 0
1258, 22, 3, 25, 1, 0
1258, 22, 2, 25, 2, 0
1258, 22, 0, 25, 3, 0
1258, 22, 1, 25, 5, 0
1258, 22, 2, 25, 6, 0
1258, 22, 3, 25, 13, 0
1258, 22, 1, 25, 24, 0
1258, 22, 0, 25, 54, 0
1258, 22, 3, 26, 11, 0
1258, 22, 2, 26, 13, 0
1258, 22, 2, 26, 14, 0
1258, 22, 3, 26, 52, 0
1258, 22, 1, 27, 11, 0
1258, 22, 2, 27, 12, 0
1258, 22, 2, 27, 59, 0
1258, 22, 1, 27, 60, 0
1258, 22, 3, 28, 3, 0
1258, 22, 2, 28, 4, 0
1258, 22, 3, 28, 58, 0
1258, 22, 0, 28, 61, 0
1258, 22, 1, 29, 3, 0
1258, 22, 2, 29, 17, 0
1258, 22, 3, 29, 19, 0
1258, 22, 0, 29, 21, 0
1258, 22, 3, 29, 29, 0
1258, 22, 3, 29, 62, 0
1258, 22, 2, 29, 63, 0
1258, 22, 2, 30, 3, 0
1258, 22, 2, 30, 5, 0
1258, 22, 0, 30, 18, 0
1258, 22, 2, 30, 19, 0
1258, 22, 0, 30, 20, 0
1258, 22, 3, 30, 62, 0
1258, 22, 1, 31, 4, 0
1258, 22, 3, 31, 10, 0
1258, 22, 2, 31, 12, 0
1258, 22, 1, 31, 18, 0
1258, 22, 1, 31, 21, 0
1258, 22, 0, 31, 30, 0
1258, 22, 1, 31, 31, 0
1258, 22, 2, 32, 10, 0
1258, 22, 1, 32, 19, 0
1258, 22, 0, 32, 21, 0
1258, 22, 2, 32, 30, 0
1258, 22, 0, 32, 32, 0
1258, 22, 1, 32, 33, 0
1258, 22, 0, 32, 35, 0
1258, 22, 3, 32, 59, 0
1258, 22, 3, 33, 20, 0
1258, 22, 3, 33, 31, 0
1258, 22, 3, 33, 32, 0
1258, 22, 2, 33, 34, 0
1258, 22, 0, 33, 52, 0
1258, 22, 3, 34, 30, 0
1258, 22, 3, 34, 61, 0
1258, 22, 3, 35, 51, 0
1258, 22, 0, 38, 27, 0
1258, 22, 2, 38, 35, 0
1258, 22, 1, 39, 7, 0
1258, 22, 0, 39, 8, 0
1258, 22, 3, 39, 25, 0
1258, 22, 1, 39, 26, 0
1258, 22, 2, 39, 35, 0
1258, 22, 1, 39, 36, 0
1258, 22, 3, 39, 45, 0
1258, 22, 0, 40, 5, 0
1258, 22, 2, 40, 7, 0
1258, 22, 3, 40, 24, 0
1258, 22, 1, 40, 27, 0
1258, 22, 3, 40, 35, 0
1258, 22, 3, 40, 44, 0
1258, 22, 2, 41, 7, 0
1258, 22, 2, 41, 24, 0
1258, 22, 3, 41, 25, 0
1258, 22, 2, 41, 34, 0
1258, 22, 0, 41, 36, 0
1258, 22, 0, 41, 37, 0
1258, 22, 0, 41, 44, 0
1258, 22, 2, 41, 45, 0
1258, 22, 2, 41, 46, 0
1258, 22, 2, 41, 52, 0
1258, 22, 2, 41, 58, 0
1258, 22, 0, 42, 24, 0
1258, 22, 1, 42, 26, 0
1258, 22, 3, 42, 34, 0
1258, 22, 1, 42, 44, 0
1258, 22, 0, 42, 46, 0
1258, 22, 3, 42, 53, 0
1258, 22, 1, 42, 58, 0
1258, 22, 2, 43, 13, 0
1258, 22, 1, 43, 14, 0
1258, 22, 3, 43, 22, 0
1258, 22, 2, 43, 26, 0
1258, 22, 3, 43, 35, 0
1258, 22, 1, 43, 45, 0
1258, 22, 0, 43, 46, 0
1258, 22, 3, 43, 48, 0
1258, 22, 2, 43, 51, 0
1258, 22, 0, 43, 59, 0
1258, 22, 0, 44, 11, 0
1258, 22, 0, 44, 14, 0
1258, 22, 1, 44, 23, 0
1258, 22, 0, 44, 25, 0
1258, 22, 1, 44, 27, 0
1258, 22, 2, 44, 46, 0
1258, 22, 2, 44, 48, 0
1258, 22, 0, 44, 50, 0
1258, 22, 3, 44, 52, 0
1258, 22, 0, 45, 13, 0
1258, 22, 3, 45, 26, 0
1258, 22, 0, 45, 29, 0
1258, 22, 3, 45, 44, 0
1258, 22, 1, 45, 52, 0
1258, 22, 2, 46, 26, 0
1258, 22, 0, 46, 39, 0
1258, 22, 2, 46, 45, 0
1258, 22, 3, 47, 27, 0
1258, 22, 1, 47, 34, 0
1258, 22, 0, 47, 37, 0
1258, 22, 1, 47, 38, 0
1258, 22, 2, 47, 40, 0
1258, 22, 1, 47, 41, 0
1258, 22, 1, 47, 43, 0
1258, 22, 0, 47, 44, 0
1258, 22, 1, 47, 46, 0
1258, 22, 3, 47, 52, 0
1258, 22, 0, 48, 36, 0
1258, 22, 3, 48, 38, 0
1258, 22, 2, 48, 39, 0
1258, 22, 2, 48, 40, 0
1258, 22, 1, 48, 45, 0
1258, 22, 0, 48, 53, 0
1258, 22, 0, 48, 54, 0
1258, 22, 2, 49, 35, 0
1258, 22, 1, 49, 43, 0
1258, 22, 2, 49, 45, 0
1258, 22, 1, 49, 50, 0
1258, 22, 2, 49, 51, 0
1258, 22, 3, 49, 52, 0
1258, 22, 3, 49, 60, 0
1258, 22, 1, 50, 24, 0
1258, 22, 0, 50, 25, 0
1258, 22, 2, 50, 37, 0
1258, 22, 1, 50, 54, 0
1258, 22, 0, 50, 61, 0
1258, 22, 1, 51, 20, 0
1258, 22, 0, 51, 23, 0
1258, 22, 2, 51, 24, 0
1258, 22, 0, 51, 26, 0
1258, 22, 2, 51, 58, 0
1258, 22, 1, 51, 59, 0
1258, 22, 2, 52, 18, 0
1258, 22, 2, 52, 19, 0
1258, 22, 1, 52, 24, 0
1258, 22, 2, 52, 25, 0
1258, 22, 0, 53, 13, 0
1258, 22, 1, 53, 14, 0
1258, 22, 3, 53, 19, 0
1258, 22, 0, 53, 23, 0
1258, 22, 1, 53, 24, 0
1258, 22, 2, 53, 26, 0
1258, 22, 2, 54, 14, 0
1258, 22, 3, 54, 25, 0
1258, 22, 2, 54, 38, 0
1258, 22, 2, 54, 44, 0
1258, 22, 1, 55, 13, 0
1258, 22, 3, 55, 37, 0
1258, 22, 2, 55, 45, 0
1258, 22, 1, 56, 12, 0
1258, 22, 1, 56, 13, 0
1258, 22, 1, 56, 19, 0
1258, 22, 3, 56, 28, 0
1258, 22, 2, 56, 31, 0
1258, 22, 3, 56, 37, 0
1258, 22, 1, 56, 38, 0
1258, 22, 1, 56, 44, 0
1258, 22, 3, 56, 45, 0
1258, 22, 3, 56, 46, 0
1258, 22, 1, 57, 20, 0
1258, 22, 2, 57, 21, 0
1258, 22, 0, 57, 27, 0
1258, 22, 2, 57, 29, 0
1258, 22, 1, 57, 31, 0
1258, 22, 0, 57, 38, 0
1258, 22, 0, 57, 39, 0
1258, 22, 0, 57, 51, 0
1258, 22, 3, 58, 19, 0
1258, 22, 1, 58, 52, 0
1258, 22, 1, 60, 27, 0
1258, 22, 3, 60, 52, 0
1258, 22, 0, 62, 25, 0
1258, 22, 3, 62, 26, 0
1259, 22, 1, 0, 11, 0
1259, 22, 2, 0, 13, 0
1259, 22, 0, 1, 11, 0
1259, 22, 3, 1, 12, 0
1259, 22, 1, 2, 56, 0
1259, 22, 3, 2, 57, 0
1259, 22, 3, 2, 58, 0
1259, 22, 3, 3, 47, 0
1259, 22, 2, 3, 57, 0
1259, 22, 3, 4, 47, 0
1259, 22, 1, 4, 49, 0
1259, 22, 3, 4, 53, 0
1259, 22, 2, 5, 48, 0
1259, 22, 2, 5, 53, 0
1259, 22, 0, 5, 54, 0
1259, 22, 2, 6, 54, 0
1259, 22, 0, 7, 6, 0
1259, 22, 0, 7, 7, 0
1259, 22, 3, 8, 6, 0
1259, 22, 1, 8, 7, 0
1259, 22, 2, 8, 22, 0
1259, 22, 0, 8, 24, 0
1259, 22, 0, 8, 41, 0
1259, 22, 3, 9, 6, 0
1259, 22, 3, 9, 7, 0
1259, 22, 2, 9, 8, 0
1259, 22, 0, 9, 23, 0
1259, 22, 0, 9, 33, 0
1259, 22, 3, 9, 34, 0
1259, 22, 3, 9, 41, 0
1259, 22, 3, 10, 21, 0
1259, 22, 1, 10, 22, 0
1259, 22, 2, 10, 23, 0
1259, 22, 0, 10, 39, 0
1259, 22, 0, 10, 56, 0
1259, 22, 3, 11, 22, 0
1259, 22, 3, 11, 56, 0
1259, 22, 1, 12, 54, 0
1259, 22, 2, 12, 55, 0
1259, 22, 3, 14, 21, 0
1259, 22, 0, 15, 21, 0
1259, 22, 3, 15, 22, 0
1259, 22, 0, 21, 56, 0
1259, 22, 3, 21, 57, 0
1259, 22, 1, 22, 56, 0
1259, 22, 2, 23, 1, 0
1259, 22, 1, 23, 20, 0
1259, 22, 3, 23, 22, 0
1259, 22, 2, 23, 53, 0
1259, 22, 3, 24, 2, 0
1259, 22, 1, 24, 22, 0
1259, 22, 3, 24, 54, 0
1259, 22, 1, 25, 4, 0
1259, 22, 3, 25, 12, 0
1259, 22, 0, 25, 53, 0
1259, 22, 0, 26, 12, 0
1259, 22, 1, 27, 61, 0
1259, 22, 2, 28, 59, 0
1259, 22, 1, 28, 60, 0
1259, 22, 0, 28, 62, 0
1259, 22, 3, 29, 4, 0
1259, 22, 3, 29, 20, 0
1259, 22, 2, 29, 59, 0
1259, 22, 1, 30, 4, 0
1259, 22, 1, 31, 9, 0
1259, 22, 0, 31, 11, 0
1259, 22, 1, 31, 20, 0
1259, 22, 3, 32, 11, 0
1259, 22, 2, 32, 20, 0
1259, 22, 1, 32, 31, 0
1259, 22, 0, 32, 34, 0
1259, 22, 2, 32, 50, 0
1259, 22, 2, 33, 30, 0
1259, 22, 2, 33, 51, 0
1259, 22, 3, 33, 58, 0
1259, 22, 3, 33, 59, 0
1259, 22, 2, 33, 60, 0
1259, 22, 0, 34, 51, 0
1259, 22, 1, 34, 52, 0
1259, 22, 0, 34, 58, 0
1259, 22, 0, 35, 57, 0
1259, 22, 1, 38, 26, 0
1259, 22, 1, 39, 27, 0
1259, 22, 3, 40, 6, 0
1259, 22, 3, 40, 8, 0
1259, 22, 3, 40, 25, 0
1259, 22, 0, 40, 26, 0
1259, 22, 3, 40, 36, 0
1259, 22, 3, 40, 37, 0
1259, 22, 0, 40, 45, 0
1259, 22, 2, 41, 8, 0
1259, 22, 3, 41, 23, 0
1259, 22, 3, 41, 26, 0
1259, 22, 0, 41, 35, 0
1259, 22, 0, 41, 51, 0
1259, 22, 1, 41, 59, 0
1259, 22, 3, 42, 23, 0
1259, 22, 1, 42, 35, 0
1259, 22, 2, 42, 45, 0
1259, 22, 0, 42, 51, 0
1259, 22, 1, 42, 52, 0
1259, 22, 1, 42, 59, 0
1259, 22, 3, 42, 60, 0
1259, 22, 2, 43, 23, 0
1259, 22, 1, 43, 47, 0
1259, 22, 2, 43, 52, 0
1259, 22, 2, 43, 53, 0
1259, 22, 3, 44, 12, 0
1259, 22, 2, 44, 13, 0
1259, 22, 3, 44, 26, 0
1259, 22, 0, 44, 47, 0
1259, 22, 3, 44, 51, 0
1259, 22, 2, 45, 11, 0
1259, 22, 0, 45, 12, 0
1259, 22, 3, 45, 27, 0
1259, 22, 0, 45, 28, 0
1259, 22, 3, 45, 37, 0
1259, 22, 1, 46, 27, 0
1259, 22, 1, 46, 28, 0
1259, 22, 0, 46, 37, 0
1259, 22, 1, 46, 43, 0
1259, 22, 0, 46, 44, 0
1259, 22, 1, 47, 31, 0
1259, 22, 2, 47, 42, 0
1259, 22, 3, 47, 45, 0
1259, 22, 0, 48, 32, 0
1259, 22, 3, 48, 33, 0
1259, 22, 3, 48, 34, 0
1259, 22, 0, 48, 35, 0
1259, 22, 1, 48, 41, 0
1259, 22, 1, 48, 42, 0
1259, 22, 0, 48, 43, 0
1259, 22, 1, 48, 52, 0
1259, 22, 3, 49, 38, 0
1259, 22, 3, 49, 39, 0
1259, 22, 2, 49, 44, 0
1259, 22, 3, 49, 53, 0
1259, 22, 1, 49, 59, 0
1259, 22, 2, 50, 19, 0
1259, 22, 1, 50, 58, 0
1259, 22, 0, 50, 59, 0
1259, 22, 0, 50, 60, 0
1259, 22, 3, 51, 18, 0
1259, 22, 1, 51, 25, 0
1259, 22, 3, 51, 60, 0
1259, 22, 2, 51, 61, 0
1259, 22, 1, 52, 12, 0
1259, 22, 1, 52, 13, 0
1259, 22, 0, 52, 14, 0
1259, 22, 0, 52, 15, 0
1259, 22, 1, 52, 20, 0
1259, 22, 0, 53, 20, 0
1259, 22, 0, 53, 25, 0
1259, 22, 1, 53, 44, 0
1259, 22, 3, 54, 45, 0
1259, 22, 3, 55, 38, 0
1259, 22, 2, 55, 44, 0
1259, 22, 3, 56, 51, 0
1259, 22, 1, 56, 52, 0
1259, 22, 0, 57, 28, 0
1259, 22, 2, 57, 30, 0
1259, 22, 0, 57, 52, 0
1259, 22, 3, 58, 53, 0
1259, 22, 3, 59, 52, 0
1259, 22, 2, 59, 53, 0
1259, 22, 1, 60, 26, 0
1259, 22, 1, 60, 53, 0
1259, 22, 2, 61, 26, 0
1259, 22, 3, 61, 27, 0
1259, 22, 0, 61, 28, 0
1259, 22, 3, 63, 55, 0
1259, 22, 3, 63, 56, 0
1259, 22, 2, 63, 57, 0
1259, 22, 2, 63, 58, 0
1264, 22, 1, 0, 19, 0
1264, 22, 2, 1, 20, 0
1264, 22, 3, 1, 35, 0
1264, 22, 0, 2, 34, 0
1264, 22, 0, 2, 49, 0
1264, 22, 1, 3, 23, 0
1264, 22, 1, 3, 51, 0
1264, 22, 1, 4, 33, 0
1264, 22, 3, 5, 16, 0
1264, 22, 2, 5, 23, 0
1264, 22, 2, 6, 32, 0
1264, 22, 3, 7, 17, 0
1264, 22, 2, 7, 29, 0
1264, 22, 2, 8, 48, 0
1264, 22, 0, 10, 2, 0
1264, 22, 3, 12, 7, 0
1264, 22, 0, 12, 18, 0
1264, 22, 3, 12, 19, 0
1264, 22, 0, 15, 10, 0
1264, 22, 1, 17, 9, 0
1264, 22, 2, 17, 20, 0
1264, 22, 2, 17, 37, 0
1264, 22, 3, 18, 21, 0
1264, 22, 0, 19, 2, 0
1264, 22, 3, 19, 19, 0
1264, 22, 1, 20, 3, 0
1264, 22, 1, 21, 34, 0
1264, 22, 2, 22, 29, 0
1264, 22, 2, 22, 60, 0
1264, 22, 0, 23, 52, 0
1264, 22, 3, 24, 39, 0
1264, 22, 0, 25, 38, 0
1264, 22, 2, 25, 44, 0
1264, 22, 0, 25, 50, 0
1264, 22, 3, 25, 52, 0
1264, 22, 1, 25, 57, 0
1264, 22, 2, 25, 60, 0
1264, 22, 1, 26, 35, 0
1264, 22, 3, 26, 43, 0
1264, 22, 1, 26, 45, 0
1264, 22, 3, 30, 17, 0
1264, 22, 0, 32, 18, 0
1264, 22, 1, 32, 28, 0
1264, 22, 1, 32, 37, 0
1264, 22, 2, 33, 13, 0
1264, 22, 1, 33, 22, 0
1264, 22, 2, 33, 26, 0
1264, 22, 2, 33, 33, 0
1264, 22, 2, 33, 45, 0
1264, 22, 0, 34, 2, 0
1264, 22, 2, 34, 29, 0
1264, 22, 1, 34, 31, 0
1264, 22, 3, 34, 47, 0
1264, 22, 1, 35, 12, 0
1264, 22, 0, 35, 46, 0
1264, 22, 0, 36, 3, 0
1264, 22, 2, 36, 52, 0
1264, 22, 1, 37, 2, 0
1264, 22, 0, 37, 10, 0
1264, 22, 3, 37, 46, 0
1264, 22, 0, 39, 50, 0
1264, 22, 3, 39, 53, 0
1264, 22, 3, 40, 12, 0
1264, 22, 3, 40, 20, 0
1264, 22, 2, 42, 1, 0
1264, 22, 2, 42, 2, 0
1264, 22, 2, 42, 12, 0
1264, 22, 1, 43, 9, 0
1264, 22, 1, 46, 2, 0
1264, 22, 2, 48, 1, 0
1264, 22, 2, 56, 3, 0
1264, 22, 3, 58, 1, 0
1264, 22, 3, 59, 11, 0
1264, 22, 0, 59, 19, 0
1264, 22, 1, 60, 13, 0
1264, 22, 2, 60, 15, 0
1264, 22, 3, 61, 3, 0
1264, 22, 2, 61, 10, 0
1264, 22, 1, 61, 18, 0
1264, 22, 3, 62, 8, 0
1264, 22, 0, 63, 4, 0
1265, 22, 1, 0, 3, 0
1265, 22, 2, 0, 24, 0
1265, 22, 3, 0, 34, 0
1265, 22, 2, 0, 35, 0
1265, 22, 1, 0, 40, 0
1265, 22, 0, 1, 2, 0
1265, 22, 2, 1, 18, 0
1265, 22, 3, 1, 24, 0
1265, 22, 3, 1, 34, 0
1265, 22, 2, 2, 39, 0
1265, 22, 2, 2, 40, 0
1265, 22, 1, 2, 46, 0
1265, 22, 2, 3, 45, 0
1265, 22, 3, 4, 26, 0
1265, 22, 2, 4, 27, 0
1265, 22, 3, 5, 32, 0
1265, 22, 2, 5, 40, 0
1265, 22, 3, 6, 17, 0
1265, 22, 3, 6, 39, 0
1265, 22, 1, 6, 44, 0
1265, 22, 3, 7, 45, 0
1265, 22, 1, 7, 49, 0
1265, 22, 2, 8, 44, 0
1265, 22, 2, 8, 47, 0
1265, 22, 0, 10, 28, 0
1265, 22, 0, 11, 14, 0
1265, 22, 3, 11, 16, 0
1265, 22, 3, 11, 27, 0
1265, 22, 2, 11, 47, 0
1265, 22, 1, 12, 46, 0
1265, 22, 0, 15, 9, 0
1265, 22, 2, 15, 15, 0
1265, 22, 1, 16, 2, 0
1265, 22, 3, 16, 38, 0
1265, 22, 0, 18, 49, 0
1265, 22, 2, 19, 34, 0
1265, 22, 1, 19, 43, 0
1265, 22, 2, 20, 33, 0
1265, 22, 1, 20, 61, 0
1265, 22, 2, 21, 31, 0
1265, 22, 1, 21, 48, 0
1265, 22, 1, 21, 49, 0
1265, 22, 0, 22, 45, 0
1265, 22, 1, 23, 30, 0
1265, 22, 3, 24, 44, 0
1265, 22, 0, 25, 42, 0
1265, 22, 3, 32, 23, 0
1265, 22, 3, 32, 24, 0
1265, 22, 2, 33, 12, 0
1265, 22, 3, 33, 29, 0
1265, 22, 0, 33, 41, 0
1265, 22, 3, 34, 27, 0
1265, 22, 3, 34, 45, 0
1265, 22, 2, 34, 60, 0
1265, 22, 1, 34, 62, 0
1265, 22, 2, 35, 0, 0
1265, 22, 3, 35, 18, 0
1265, 22, 0, 35, 27, 0
1265, 22, 3, 35, 39, 0
1265, 22, 0, 35, 44, 0
1265, 22, 2, 35, 61, 0
1265, 22, 2, 36, 17, 0
1265, 22, 1, 37, 53, 0
1265, 22, 1, 38, 9, 0
1265, 22, 2, 38, 60, 0
1265, 22, 3, 40, 62, 0
1265, 22, 2, 41, 11, 0
1265, 22, 2, 41, 62, 0
1265, 22, 2, 46, 60, 0
1265, 22, 1, 47, 11, 0
1265, 22, 1, 48, 20, 0
1265, 22, 3, 48, 59, 0
1265, 22, 2, 49, 11, 0
1265, 22, 0, 49, 19, 0
1265, 22, 2, 54, 61, 0
1265, 22, 1, 55, 54, 0
1265, 22, 2, 56, 62, 0
1265, 22, 2, 58, 5, 0
1265, 22, 3, 59, 4, 0
1265, 22, 2, 59, 23, 0
1265, 22, 3, 59, 62, 0
1265, 22, 3, 60, 20, 0
1265, 22, 2, 60, 33, 0
1265, 22, 3, 61, 4, 0
1265, 22, 2, 61, 29, 0
1265, 22, 2, 61, 56, 0
1265, 22, 2, 62, 2, 0
1265, 22, 3, 62, 27, 0
1265, 22, 3, 62, 33, 0
1265, 22, 3, 62, 36, 0
1265, 22, 3, 63, 29, 0
1276, 11, 0, 1, 39, 0
1276, 11, 3, 2, 45, 0
1276, 11, 3, 3, 26, 0
1276, 10, 2, 5, 39, 0
1276, 10, 3, 7, 24, 0
1276, 11, 3, 10, 27, 0
1276, 11, 1, 11, 18, 0
1276, 11, 3, 13, 57, 0
1276, 10, 2, 14, 14, 0
1276, 10, 3, 15, 47, 0
1276, 11, 0, 16, 37, 0
1276, 10, 2, 17, 5, 0
1276, 10, 0, 21, 29, 0
1276, 11, 0, 21, 45, 0
1276, 10, 3, 22, 11, 0
1276, 11, 0, 33, 40, 0
1276, 11, 3, 36, 2, 0
1276, 10, 0, 38, 8, 0
1276, 10, 0, 43, 17, 0
1276, 11, 2, 49, 2, 0
1276, 11, 2, 52, 16, 0
1276, 11, 3, 53, 60, 0
1276, 11, 3, 55, 53, 0
1276, 11, 3, 58, 4, 0
1276, 11, 1, 58, 9, 0
1276, 11, 1, 60, 49, 0
1278, 11, 3, 0, 2, 0
1278, 11, 2, 1, 51, 0
1278, 11, 1, 4, 62, 0
1278, 11, 1, 12, 6, 0
1278, 11, 1, 12, 61, 0
1278, 11, 0, 15, 2, 0
1278, 11, 2, 18, 60, 0
1278, 11, 0, 19, 15, 0
1278, 11, 3, 19, 33, 0
1278, 11, 0, 19, 42, 0
1278, 11, 1, 20, 0, 0
1278, 11, 1, 31, 22, 0
1278, 11, 1, 33, 46, 0
1278, 11, 0, 34, 6, 0
1278, 11, 0, 35, 17, 0
1278, 11, 2, 40, 61, 0
1278, 11, 1, 41, 1, 0
1278, 11, 0, 46, 50, 0
1278, 11, 2, 47, 59, 0
1278, 11, 0, 48, 19, 0
1278, 11, 2, 51, 51, 0
1278, 11, 1, 54, 2, 0
1278, 11, 3, 60, 55, 0
1278, 11, 1, 61, 22, 0
1278, 11, 0, 61, 36, 0
1281, 10, 2, 3, 22, 0
1281, 10, 0, 4, 31, 0
1281, 10, 0, 5, 15, 0
1281, 10, 0, 7, 47, 0
1281, 10, 0, 8, 2, 0
1281, 10, 0, 15, 8, 0
1281, 10, 3, 17, 19, 0
1281, 10, 2, 19, 48, 0
1281, 10, 0, 20, 24, 0
1281, 10, 0, 22, 6, 0
1281, 10, 0, 23, 37, 0
1281, 10, 2, 23, 50, 0
1281, 10, 2, 23, 58, 0
1281, 10, 0, 24, 42, 0
1281, 10, 2, 30, 16, 0
1281, 10, 2, 33, 0, 0
1281, 10, 1, 33, 11, 0
1281, 10, 2, 33, 27, 0
1281, 10, 2, 34, 44, 0
1281, 10, 2, 35, 59, 0
1281, 10, 0, 37, 51, 0
1281, 10, 2, 40, 10, 0
1281, 10, 3, 47, 9, 0
1281, 10, 2, 59, 18, 0
1281, 10, 0, 60, 31, 0
1281, 10, 2, 61, 27, 0
1293, 10, 0, 28, 53, 0
1301, 10, 2, 57, 61, 0
1301, 10, 0, 59, 59, 0
1301, 10, 3, 61, 62, 0
1306, 10, 3, 0, 18, 0
1306, 10, 0, 58, 22, 0
1308, 10, 2, 59, 13, 0
1309, 10, 3, 0, 33, 0
1309, 10, 0, 0, 48, 0
1309, 10, 1, 6, 43, 0
1309, 10, 0, 46, 0, 0
1309, 10, 1, 56, 1, 0
1309, 10, 1, 60, 8, 0
1309, 10, 1, 61, 2, 0
1701, 22, 2, 3, 7, 1
1701, 22, 2, 3, 8, 1
1701, 22, 2, 3, 9, 1
1701, 22, 1, 5, 11, 1
1701, 22, 1, 6, 11, 1
1701, 22, 3, 42, 15, 1
1701, 22, 3, 43, 15, 1
1701, 22, 3, 44, 15, 1
1702, 22, 0, 2, 4, 1
1702, 22, 1, 2, 6, 1
1702, 22, 0, 2, 10, 1
1702, 22, 1, 2, 12, 1
1702, 22, 3, 4, 4, 1
1702, 22, 2, 4, 6, 1
1702, 22, 3, 4, 10, 1
1702, 22, 2, 4, 12, 1
1702, 22, 0, 7, 9, 1
1702, 22, 1, 7, 12, 1
1702, 22, 3, 9, 9, 1
1702, 22, 2, 9, 12, 1
1702, 22, 3, 10, 10, 1
1702, 22, 2, 10, 11, 1
1702, 22, 0, 11, 30, 1
1702, 22, 1, 11, 35, 1
1702, 22, 0, 12, 23, 1
1702, 22, 1, 12, 26, 1
1702, 22, 0, 12, 39, 1
1702, 22, 1, 12, 42, 1
1702, 22, 3, 15, 23, 1
1702, 22, 2, 15, 26, 1
1702, 22, 3, 15, 39, 1
1702, 22, 2, 15, 42, 1
1702, 22, 3, 16, 30, 1
1702, 22, 2, 16, 35, 1
1702, 22, 0, 26, 24, 1
1702, 22, 1, 26, 26, 1
1702, 22, 3, 28, 24, 1
1702, 22, 2, 28, 26, 1
1702, 22, 0, 39, 14, 1
1702, 22, 1, 39, 16, 1
1702, 22, 3, 41, 14, 1
1702, 22, 2, 41, 16, 1
1702, 22, 0, 42, 5, 1
1702, 22, 1, 42, 8, 1
1702, 22, 3, 45, 5, 1
1702, 22, 2, 45, 8, 1
1702, 22, 0, 45, 14, 1
1702, 22, 1, 45, 16, 1
1702, 22, 0, 46, 13, 1
1702, 22, 3, 50, 13, 1
1702, 22, 2, 50, 16, 1
1702, 22, 0, 51, 7, 1
1702, 22, 1, 51, 9, 1
1702, 22, 3, 52, 7, 1
1702, 22, 1, 52, 10, 1
1702, 22, 0, 54, 7, 1
1702, 22, 3, 55, 7, 1
1702, 22, 2, 55, 10, 1
1702, 22, 0, 55, 16, 1
1702, 22, 1, 55, 19, 1
1702, 22, 3, 58, 16, 1
1702, 22, 2, 58, 19, 1
1702, 22, 0, 40, 26, 2
1702, 22, 1, 40, 29, 2
1702, 22, 3, 43, 26, 2
1702, 22, 2, 43, 29, 2
1702, 22, 0, 53, 26, 2
1702, 22, 1, 53, 29, 2
1702, 22, 3, 56, 26, 2
1702, 22, 2, 56, 29, 2
1703, 22, 2, 3, 5, 1
1703, 22, 2, 3, 6, 1
1703, 22, 2, 3, 10, 1
1703, 22, 2, 3, 11, 1
1703, 22, 2, 4, 11, 1
1703, 22, 2, 7, 11, 1
1703, 22, 2, 8, 10, 1
1703, 22, 2, 8, 11, 1
1703, 22, 2, 9, 10, 1
1703, 22, 2, 9, 11, 1
1703, 22, 2, 12, 31, 1
1703, 22, 2, 12, 32, 1
1703, 22, 2, 12, 33, 1
1703, 22, 2, 12, 34, 1
1703, 22, 2, 13, 24, 1
1703, 22, 2, 13, 25, 1
1703, 22, 2, 13, 26, 1
1703, 22, 2, 13, 30, 1
1703, 22, 2, 13, 31, 1
1703, 22, 2, 13, 32, 1
1703, 22, 2, 13, 33, 1
1703, 22, 2, 13, 34, 1
1703, 22, 2, 13, 35, 1
1703, 22, 2, 13, 39, 1
1703, 22, 2, 13, 40, 1
1703, 22, 2, 13, 41, 1
1703, 22, 2, 14, 24, 1
1703, 22, 2, 14, 25, 1
1703, 22, 2, 14, 26, 1
1703, 22, 2, 14, 30, 1
1703, 22, 2, 14, 31, 1
1703, 22, 2, 14, 32, 1
1703, 22, 2, 14, 34, 1
1703, 22, 2, 14, 35, 1
1703, 22, 2, 14, 39, 1
1703, 22, 2, 14, 40, 1
1703, 22, 2, 14, 41, 1
1703, 22, 2, 15, 31, 1
1703, 22, 2, 15, 32, 1
1703, 22, 2, 15, 33, 1
1703, 22, 2, 15, 34, 1
1703, 22, 3, 25, 25, 1
1703, 22, 3, 26, 25, 1
1703, 22, 3, 27, 25, 1
1703, 22, 3, 28, 25, 1
1703, 22, 2, 39, 30, 1
1703, 22, 2, 39, 31, 1
1703, 22, 2, 39, 32, 1
1703, 22, 2, 40, 30, 1
1703, 22, 2, 40, 31, 1
1703, 22, 2, 40, 32, 1
1703, 22, 2, 41, 15, 1
1703, 22, 2, 41, 30, 1
1703, 22, 2, 41, 31, 1
1703, 22, 2, 41, 32, 1
1703, 22, 2, 42, 30, 1
1703, 22, 2, 42, 31, 1
1703, 22, 2, 42, 32, 1
1703, 22, 2, 43, 6, 1
1703, 22, 2, 43, 7, 1
1703, 22, 2, 43, 30, 1
1703, 22, 2, 43, 31, 1
1703, 22, 2, 43, 32, 1
1703, 22, 2, 44, 6, 1
1703, 22, 2, 44, 7, 1
1703, 22, 2, 44, 30, 1
1703, 22, 2, 44, 31, 1
1703, 22, 2, 44, 32, 1
1703, 22, 2, 45, 15, 1
1703, 22, 2, 46, 14, 1
1703, 22, 2, 46, 15, 1
1703, 22, 2, 47, 14, 1
1703, 22, 2, 47, 15, 1
1703, 22, 2, 48, 14, 1
1703, 22, 2, 48, 15, 1
1703, 22, 2, 49, 14, 1
1703, 22, 2, 49, 15, 1
1703, 22, 2, 52, 8, 1
1703, 22, 2, 52, 9, 1
1703, 22, 2, 53, 9, 1
1703, 22, 2, 54, 8, 1
1703, 22, 2, 54, 9, 1
1703, 22, 2, 56, 17, 1
1703, 22, 2, 56, 18, 1
1703, 22, 2, 57, 17, 1
1703, 22, 2, 57, 18, 1
1703, 22, 3, 41, 27, 2
1703, 22, 3, 41, 28, 2
1703, 22, 3, 42, 27, 2
1703, 22, 3, 42, 28, 2
1703, 22, 3, 43, 27, 2
1703, 22, 3, 43, 28, 2
1703, 22, 3, 53, 27, 2
1703, 22, 3, 53, 28, 2
1703, 22, 3, 54, 27, 2
1703, 22, 3, 54, 28, 2
1703, 22, 3, 55, 27, 2
1703, 22, 3, 55, 28, 2
1704, 22, 0, 2, 5, 1
1704, 22, 0, 2, 11, 1
1704, 22, 3, 3, 4, 1
1704, 22, 1, 3, 12, 1
1704, 22, 2, 4, 5, 1
1704, 22, 0, 7, 10, 1
1704, 22, 3, 8, 9, 1
1704, 22, 0, 11, 31, 1
1704, 22, 0, 11, 32, 1
1704, 22, 0, 11, 33, 1
1704, 22, 0, 11, 34, 1
1704, 22, 0, 12, 24, 1
1704, 22, 0, 12, 25, 1
1704, 22, 3, 12, 30, 1
1704, 22, 1, 12, 35, 1
1704, 22, 0, 12, 40, 1
1704, 22, 0, 12, 41, 1
1704, 22, 0, 13, 27, 1
1704, 22, 0, 13, 28, 1
1704, 22, 0, 13, 29, 1
1704, 22, 0, 13, 36, 1
1704, 22, 0, 13, 37, 1
1704, 22, 0, 13, 38, 1
1704, 22, 3, 14, 23, 1
1704, 22, 2, 14, 27, 1
1704, 22, 2, 14, 28, 1
1704, 22, 2, 14, 29, 1
1704, 22, 2, 14, 36, 1
1704, 22, 2, 14, 37, 1
1704, 22, 2, 14, 38, 1
1704, 22, 1, 14, 42, 1
1704, 22, 2, 15, 24, 1
1704, 22, 2, 15, 25, 1
1704, 22, 3, 15, 30, 1
1704, 22, 1, 15, 35, 1
1704, 22, 2, 15, 40, 1
1704, 22, 2, 15, 41, 1
1704, 22, 2, 16, 31, 1
1704, 22, 2, 16, 32, 1
1704, 22, 2, 16, 33, 1
1704, 22, 2, 16, 34, 1
1704, 22, 3, 27, 24, 1
1704, 22, 1, 27, 26, 1
1704, 22, 0, 39, 15, 1
1704, 22, 3, 40, 14, 1
1704, 22, 1, 40, 16, 1
1704, 22, 0, 42, 6, 1
1704, 22, 0, 42, 7, 1
1704, 22, 3, 43, 5, 1
1704, 22, 3, 44, 5, 1
1704, 22, 1, 44, 8, 1
1704, 22, 2, 45, 6, 1
1704, 22, 2, 45, 7, 1
1704, 22, 1, 46, 16, 1
1704, 22, 3, 47, 13, 1
1704, 22, 3, 48, 13, 1
1704, 22, 1, 48, 16, 1
1704, 22, 3, 49, 13, 1
1704, 22, 1, 49, 16, 1
1704, 22, 2, 50, 14, 1
1704, 22, 2, 50, 15, 1
1704, 22, 0, 51, 8, 1
1704, 22, 3, 53, 8, 1
1704, 22, 1, 54, 10, 1
1704, 22, 2, 55, 8, 1
1704, 22, 2, 55, 9, 1
1704, 22, 0, 55, 17, 1
1704, 22, 0, 55, 18, 1
1704, 22, 3, 56, 16, 1
1704, 22, 1, 56, 19, 1
1704, 22, 1, 57, 19, 1
1704, 22, 2, 58, 17, 1
1704, 22, 2, 58, 18, 1
1704, 22, 0, 40, 27, 2
1704, 22, 0, 40, 28, 2
1704, 22, 3, 41, 26, 2
1704, 22, 3, 42, 26, 2
1704, 22, 1, 42, 29, 2
1704, 22, 3, 44, 27, 2
1704, 22, 1, 44, 28, 2
1704, 22, 3, 45, 27, 2
1704, 22, 1, 45, 28, 2
1704, 22, 3, 51, 27, 2
1704, 22, 1, 51, 28, 2
1704, 22, 3, 52, 27, 2
1704, 22, 1, 52, 28, 2
1704, 22, 3, 54, 26, 2
1704, 22, 1, 54, 29, 2
1704, 22, 3, 55, 26, 2
1704, 22, 1, 55, 29, 2
1704, 22, 2, 56, 27, 2
1704, 22, 2, 56, 28, 2
1706, 11, 2, 2, 4, 0
1706, 11, 3, 2, 6, 0
1706, 11, 3, 2, 10, 0
1706, 10, 3, 2, 12, 0
1706, 11, 3, 3, 7, 0
1706, 11, 3, 3, 9, 0
1706, 11, 1, 4, 4, 0
1706, 10, 3, 4, 11, 0
1706, 10, 0, 6, 11, 0
1706, 11, 0, 7, 12, 0
1706, 11, 1, 8, 9, 0
1706, 11, 0, 9, 11, 0
1706, 11, 1, 10, 10, 0
1706, 11, 2, 11, 34, 0
1706, 11, 0, 12, 25, 0
1706, 11, 2, 12, 31, 0
1706, 11, 3, 12, 41, 0
1706, 11, 3, 13, 37, 0
1706, 11, 0, 14, 28, 0
1706, 11, 0, 15, 23, 0
1706, 11, 0, 15, 31, 0
1706, 11, 0, 15, 39, 0
1706, 11, 3, 15, 41, 0
1706, 11, 2, 16, 35, 0
1706, 11, 0, 42, 5, 0
1706, 11, 2, 42, 8, 0
1706, 11, 0, 44, 7, 0
1706, 11, 0, 45, 5, 0
1706, 11, 1, 45, 16, 0
1706, 11, 0, 46, 13, 0
1706, 11, 3, 50, 13, 0
1706, 11, 3, 50, 16, 0
1706, 11, 2, 51, 7, 0
1706, 11, 0, 51, 9, 0
1706, 11, 2, 55, 7, 0
1706, 11, 2, 55, 16, 0
1706, 11, 0, 56, 18, 0
1706, 11, 0, 57, 17, 0
1706, 11, 0, 58, 16, 0
1708, 2, 3, 11, 30, 1
1708, 0, 0, 11, 31, 1
1708, 0, 0, 11, 32, 1
1708, 0, 0, 11, 33, 1
1708, 0, 0, 11, 34, 1
1708, 2, 0, 11, 35, 1
1708, 2, 3, 12, 23, 1
1708, 0, 0, 12, 24, 1
1708, 0, 0, 12, 25, 1
1708, 2, 0, 12, 26, 1
1708, 0, 3, 12, 30, 1
1708, 0, 1, 12, 35, 1
1708, 2, 3, 12, 39, 1
1708, 0, 0, 12, 40, 1
1708, 0, 0, 12, 41, 1
1708, 2, 0, 12, 42, 1
1708, 0, 0, 13, 27, 1
1708, 0, 0, 13, 28, 1
1708, 0, 0, 13, 29, 1
1708, 0, 0, 13, 36, 1
1708, 0, 0, 13, 37, 1
1708, 0, 0, 13, 38, 1
1708, 0, 3, 14, 23, 1
1708, 0, 2, 14, 27, 1
1708, 0, 2, 14, 28, 1
1708, 0, 2, 14, 29, 1
1708, 0, 2, 14, 36, 1
1708, 0, 2, 14, 37, 1
1708, 0, 2, 14, 38, 1
1708, 0, 1, 14, 42, 1
1708, 2, 2, 15, 23, 1
1708, 0, 2, 15, 24, 1
1708, 0, 2, 15, 25, 1
1708, 2, 1, 15, 26, 1
1708, 0, 3, 15, 30, 1
1708, 0, 1, 15, 35, 1
1708, 2, 2, 15, 39, 1
1708, 0, 2, 15, 40, 1
1708, 0, 2, 15, 41, 1
1708, 2, 1, 15, 42, 1
1708, 2, 2, 16, 30, 1
1708, 0, 2, 16, 31, 1
1708, 0, 2, 16, 32, 1
1708, 0, 2, 16, 33, 1
1708, 0, 2, 16, 34, 1
1708, 2, 1, 16, 35, 1
1708, 2, 1, 25, 24, 1
1708, 2, 2, 25, 26, 1
1708, 0, 1, 26, 23, 1
1708, 0, 3, 26, 27, 1
1708, 0, 1, 27, 23, 1
1708, 0, 3, 27, 27, 1
1708, 0, 1, 28, 23, 1
1708, 0, 3, 28, 27, 1
1708, 2, 0, 29, 24, 1
1708, 2, 3, 29, 26, 1
1708, 2, 3, 45, 14, 1
1708, 2, 0, 45, 16, 1
1708, 2, 3, 46, 13, 1
1708, 0, 1, 46, 16, 1
1708, 0, 3, 47, 13, 1
1708, 0, 3, 48, 13, 1
1708, 0, 1, 48, 16, 1
1708, 0, 3, 49, 13, 1
1708, 0, 1, 49, 16, 1
1708, 0, 2, 50, 7, 1
1708, 0, 2, 50, 8, 1
1708, 0, 2, 50, 9, 1
1708, 2, 2, 50, 13, 1
1708, 0, 2, 50, 14, 1
1708, 0, 2, 50, 15, 1
1708, 2, 1, 50, 16, 1
1708, 0, 1, 51, 6, 1
1708, 2, 2, 51, 10, 1
1708, 0, 1, 52, 6, 1
1708, 0, 2, 52, 7, 1
1708, 0, 3, 52, 11, 1
1708, 2, 1, 53, 7, 1
1708, 0, 1, 54, 6, 1
1708, 0, 3, 54, 11, 1
1708, 0, 1, 55, 6, 1
1708, 0, 3, 55, 11, 1
1708, 2, 3, 55, 16, 1
1708, 0, 0, 55, 17, 1
1708, 0, 0, 55, 18, 1
1708, 2, 0, 55, 19, 1
1708, 0, 0, 56, 7, 1
1708, 0, 0, 56, 8, 1
1708, 0, 0, 56, 9, 1
1708, 0, 0, 56, 10, 1
1708, 0, 3, 56, 16, 1
1708, 0, 1, 56, 19, 1
1708, 0, 1, 57, 19, 1
1708, 2, 2, 58, 16, 1
1708, 0, 2, 58, 17, 1
1708, 0, 2, 58, 18, 1
1708, 2, 1, 58, 19, 1
1742, 10, 1, 8, 12, 0
1742, 10, 3, 12, 22, 0
1742, 10, 1, 13, 42, 0
1742, 10, 0, 23, 25, 0
1742, 10, 2, 29, 24, 0
1742, 10, 1, 43, 8, 0
1742, 10, 1, 47, 16, 0
1742, 10, 1, 53, 10, 0
1742, 10, 3, 56, 15, 0
1744, 10, 1, 8, 12, 1
1744, 10, 3, 13, 23, 1
1744, 10, 1, 13, 42, 1
1744, 10, 0, 24, 25, 1
1744, 10, 2, 29, 25, 1
1744, 10, 1, 43, 8, 1
1744, 10, 1, 47, 16, 1
1744, 10, 1, 53, 10, 1
1744, 10, 3, 57, 16, 1
1770, 0, 2, 38, 30, 0
1770, 0, 2, 38, 31, 0
1770, 0, 2, 38, 32, 0
1770, 0, 1, 39, 29, 0
1770, 0, 3, 39, 33, 0
1770, 0, 1, 40, 29, 0
1770, 0, 3, 40, 33, 0
1770, 0, 1, 41, 29, 0
1770, 0, 3, 41, 33, 0
1770, 0, 1, 42, 29, 0
1770, 0, 3, 42, 33, 0
1770, 0, 1, 43, 29, 0
1770, 0, 3, 43, 33, 0
1770, 0, 1, 44, 29, 0
1770, 0, 3, 44, 33, 0
1770, 0, 0, 45, 30, 0
1770, 0, 0, 45, 31, 0
1770, 0, 0, 45, 32, 0
1770, 2, 3, 51, 40, 0
1770, 0, 0, 51, 41, 0
1770, 0, 0, 51, 42, 0
1770, 2, 0, 51, 43, 0
1770, 0, 3, 52, 40, 0
1770, 0, 3, 53, 40, 0
1770, 0, 1, 53, 43, 0
1770, 0, 3, 54, 40, 0
1770, 0, 1, 54, 43, 0
1770, 0, 1, 55, 43, 0
1770, 2, 2, 56, 40, 0
1770, 0, 2, 56, 41, 0
1770, 0, 2, 56, 42, 0
1770, 2, 1, 56, 43, 0
1982, 0, 2, 36, 26, 0
1982, 0, 2, 36, 27, 0
1982, 0, 2, 36, 28, 0
1982, 0, 2, 36, 29, 0
1982, 0, 2, 36, 30, 0
1982, 0, 2, 36, 31, 0
1982, 0, 2, 36, 32, 0
1982, 0, 2, 36, 33, 0
1982, 0, 2, 36, 34, 0
1982, 0, 2, 36, 35, 0
1982, 0, 2, 36, 36, 0
1982, 0, 2, 36, 37, 0
1982, 0, 2, 36, 38, 0
1982, 0, 2, 36, 39, 0
1982, 0, 2, 36, 40, 0
1982, 0, 2, 36, 41, 0
1982, 0, 2, 36, 42, 0
1982, 9, 1, 37, 25, 0
1982, 9, 2, 37, 45, 0
1982, 9, 1, 38, 24, 0
1982, 9, 2, 38, 46, 0
1982, 9, 1, 39, 23, 0
1982, 9, 2, 39, 47, 0
1982, 9, 1, 40, 22, 0
1982, 9, 2, 40, 48, 0
1982, 0, 1, 41, 21, 0
1982, 0, 3, 41, 49, 0
1982, 0, 1, 42, 21, 0
1982, 0, 3, 42, 49, 0
1982, 0, 1, 43, 21, 0
1982, 0, 3, 43, 49, 0
1982, 0, 1, 44, 21, 0
1982, 0, 3, 44, 49, 0
1982, 0, 1, 45, 21, 0
1982, 0, 3, 45, 49, 0
1982, 0, 1, 46, 21, 0
1982, 0, 3, 46, 49, 0
1982, 0, 1, 47, 21, 0
1982, 0, 3, 47, 49, 0
1982, 0, 1, 48, 21, 0
1982, 0, 3, 48, 49, 0
1982, 0, 1, 49, 21, 0
1982, 0, 3, 49, 49, 0
1982, 0, 1, 50, 21, 0
1982, 0, 3, 50, 49, 0
1982, 0, 1, 51, 21, 0
1982, 0, 3, 51, 49, 0
1982, 0, 1, 52, 21, 0
1982, 0, 3, 52, 49, 0
1982, 0, 1, 53, 21, 0
1982, 0, 3, 53, 49, 0
1982, 0, 1, 54, 21, 0
1982, 0, 3, 54, 49, 0
1982, 9, 0, 55, 22, 0
1982, 9, 3, 55, 48, 0
1982, 9, 0, 56, 23, 0
1982, 9, 3, 56, 47, 0
1982, 9, 0, 57, 24, 0
1982, 9, 3, 57, 46, 0
1982, 9, 0, 58, 25, 0
1982, 9, 3, 58, 45, 0
1982, 0, 0, 59, 26, 0
1982, 0, 0, 59, 27, 0
1982, 0, 0, 59, 28, 0
1982, 0, 0, 59, 29, 0
1982, 0, 0, 59, 30, 0
1982, 0, 0, 59, 31, 0
1982, 0, 0, 59, 32, 0
1982, 0, 0, 59, 33, 0
1982, 0, 0, 59, 34, 0
1982, 0, 0, 59, 35, 0
1982, 0, 0, 59, 36, 0
1982, 0, 0, 59, 37, 0
1982, 0, 0, 59, 38, 0
1982, 0, 0, 59, 39, 0
1982, 0, 0, 59, 40, 0
1982, 0, 0, 59, 41, 0
1982, 0, 0, 59, 42, 0
1982, 0, 0, 59, 43, 0
1982, 0, 0, 59, 44, 0
1982, 0, 2, 61, 12, 0
1982, 0, 2, 61, 13, 0
1982, 0, 2, 61, 14, 0
1982, 0, 2, 61, 15, 0
1982, 0, 2, 61, 41, 0
1982, 0, 2, 61, 42, 0
1982, 0, 2, 61, 43, 0
1982, 0, 2, 61, 44, 0
1982, 0, 2, 61, 45, 0
1982, 9, 1, 62, 11, 0
1982, 9, 2, 62, 16, 0
1982, 0, 2, 62, 17, 0
1982, 0, 2, 62, 18, 0
1982, 0, 2, 62, 19, 0
1982, 9, 1, 62, 40, 0
1982, 9, 2, 62, 46, 0
1982, 9, 1, 63, 10, 0
1982, 9, 2, 63, 20, 0
1982, 0, 2, 63, 21, 0
1982, 0, 2, 63, 22, 0
1982, 0, 2, 63, 23, 0
1982, 9, 1, 63, 39, 0
1982, 9, 2, 63, 47, 0
1982, 0, 2, 63, 48, 0
1982, 0, 2, 63, 49, 0
1982, 0, 2, 63, 50, 0
1982, 0, 2, 63, 51, 0
1982, 0, 2, 63, 52, 0
1982, 0, 2, 63, 53, 0
1982, 0, 2, 63, 54, 0
1982, 0, 2, 63, 55, 0
1982, 0, 2, 63, 56, 0
1982, 0, 2, 63, 57, 0
1982, 0, 2, 63, 58, 0
1982, 0, 2, 63, 59, 0
1982, 0, 2, 63, 60, 0
1982, 0, 2, 63, 61, 0
1982, 0, 2, 63, 62, 0
1982, 0, 2, 63, 63, 0
1983, 0, 2, 39, 26, 2
1983, 0, 2, 39, 27, 2
1983, 0, 2, 39, 28, 2
1983, 0, 2, 39, 29, 2
1983, 0, 1, 40, 25, 2
1983, 0, 1, 41, 25, 2
1983, 0, 1, 42, 25, 2
1983, 0, 1, 43, 25, 2
1983, 0, 1, 53, 25, 2
1983, 0, 1, 54, 25, 2
1983, 0, 1, 55, 25, 2
1983, 0, 1, 56, 25, 2
1983, 0, 0, 57, 26, 2
1983, 0, 0, 57, 27, 2
1983, 0, 0, 57, 28, 2
1983, 0, 0, 57, 29, 2
2213, 10, 1, 12, 32, 1
2213, 10, 1, 12, 33, 1
2213, 10, 1, 15, 32, 1
2213, 10, 1, 15, 35, 1
2285, 10, 0, 39, 33, 0
2285, 10, 0, 41, 33, 0
2285, 10, 0, 43, 33, 0
2286, 10, 2, 51, 34, 0
2286, 10, 2, 53, 34, 0
2286, 10, 2, 55, 34, 0
2289, 10, 3, 52, 43, 0
2289, 10, 1, 55, 39, 0
2292, 22, 0, 42, 38, 1
2292, 22, 0, 42, 41, 1
2293, 22, 0, 42, 39, 1
2293, 22, 0, 42, 40, 1
2293, 22, 0, 42, 42, 1
2295, 22, 0, 42, 43, 1
2312, 22, 1, 46, 28, 2
2313, 10, 0, 41, 30, 1
2314, 10, 0, 54, 27, 2
2315, 10, 2, 55, 26, 2
2315, 10, 0, 55, 28, 2
2315, 10, 2, 57, 58, 2
2644, 10, 3, 43, 6, 1
2644, 10, 1, 55, 9, 1
2644, 10, 0, 56, 18, 1
2646, 10, 3, 10, 7, 0
2646, 10, 1, 10, 14, 0
2646, 11, 3, 10, 44, 0
2646, 10, 2, 13, 4, 0
2646, 10, 0, 14, 12, 0
2646, 10, 2, 16, 16, 0
2646, 10, 0, 16, 33, 0
2646, 10, 0, 17, 26, 0
2646, 10, 3, 18, 11, 0
2646, 10, 0, 18, 52, 0
2646, 10, 2, 20, 8, 0
2646, 11, 3, 22, 41, 0
2646, 10, 2, 34, 20, 0
2646, 10, 2, 36, 15, 0
2646, 10, 3, 37, 5, 0
2646, 10, 3, 37, 11, 0
2646, 10, 3, 37, 13, 0
2646, 10, 0, 38, 0, 0
2646, 10, 0, 39, 11, 0
2646, 10, 3, 41, 18, 0
2646, 10, 3, 43, 0, 0
2646, 10, 1, 43, 11, 0
2646, 10, 0, 44, 53, 0
2646, 10, 0, 48, 5, 0
2646, 10, 3, 49, 6, 0
2646, 10, 0, 51, 1, 0
2646, 10, 0, 51, 5, 0
2646, 10, 2, 51, 19, 0
2646, 10, 3, 53, 19, 0
2646, 10, 3, 54, 18, 0
2646, 10, 2, 57, 14, 0
2646, 10, 2, 58, 7, 0
2646, 11, 0, 61, 53, 0
2646, 10, 0, 63, 6, 0
2738, 22, 2, 15, 32, 0
2767, 22, 2, 1, 19, 0
2767, 22, 0, 59, 22, 0
2767, 22, 2, 62, 4, 0
2768, 22, 2, 43, 6, 0
2768, 22, 0, 55, 9, 0
2768, 22, 0, 56, 18, 0
