174, 22, 3, 2, 39, 0
174, 22, 3, 11, 50, 0
174, 22, 0, 12, 34, 0
174, 22, 1, 15, 43, 0
174, 22, 1, 22, 50, 0
174, 22, 2, 27, 44, 0
174, 22, 0, 32, 50, 0
175, 22, 3, 6, 53, 0
175, 22, 0, 18, 43, 0
175, 22, 0, 25, 52, 0
175, 22, 1, 37, 46, 0
179, 22, 0, 24, 12, 0
180, 22, 0, 24, 18, 0
180, 22, 0, 26, 19, 0
180, 22, 0, 57, 24, 0
185, 22, 3, 15, 14, 0
185, 22, 1, 15, 15, 0
185, 22, 2, 16, 14, 0
185, 22, 1, 18, 15, 0
185, 22, 2, 18, 18, 0
185, 22, 0, 19, 15, 0
185, 22, 2, 19, 17, 0
185, 22, 3, 19, 18, 0
185, 22, 0, 20, 15, 0
185, 22, 0, 20, 18, 0
185, 22, 3, 21, 15, 0
185, 22, 1, 21, 18, 0
185, 22, 1, 22, 11, 0
185, 22, 2, 22, 15, 0
185, 22, 1, 22, 16, 0
185, 22, 3, 22, 17, 0
185, 22, 3, 23, 12, 0
185, 22, 0, 23, 16, 0
185, 22, 0, 24, 13, 0
185, 22, 2, 24, 16, 0
185, 22, 3, 24, 17, 0
185, 22, 2, 24, 19, 0
185, 22, 2, 25, 17, 0
185, 22, 2, 26, 13, 0
185, 22, 0, 26, 18, 0
185, 22, 2, 26, 20, 0
185, 22, 1, 26, 21, 0
185, 22, 1, 27, 13, 0
185, 22, 1, 27, 15, 0
185, 22, 2, 27, 21, 0
185, 22, 0, 28, 13, 0
185, 22, 1, 28, 14, 0
185, 22, 3, 28, 15, 0
185, 22, 1, 29, 21, 0
185, 22, 2, 30, 14, 0
185, 22, 0, 30, 23, 0
185, 22, 3, 31, 14, 0
185, 22, 2, 31, 15, 0
185, 22, 1, 31, 16, 0
185, 22, 2, 31, 21, 0
185, 22, 3, 32, 22, 0
185, 22, 2, 33, 15, 0
185, 22, 2, 33, 16, 0
185, 22, 3, 33, 17, 0
185, 22, 0, 34, 15, 0
185, 22, 0, 34, 17, 0
185, 22, 1, 35, 16, 0
185, 22, 1, 42, 19, 0
185, 22, 2, 43, 18, 0
185, 22, 0, 44, 16, 0
185, 22, 3, 45, 15, 0
185, 22, 2, 45, 16, 0
185, 22, 2, 45, 18, 0
185, 22, 1, 45, 19, 0
185, 22, 0, 47, 15, 0
185, 22, 1, 47, 16, 0
185, 22, 0, 48, 15, 0
185, 22, 3, 48, 16, 0
185, 22, 0, 50, 20, 0
185, 22, 3, 51, 20, 0
185, 22, 2, 51, 26, 0
185, 22, 1, 51, 27, 0
185, 22, 2, 52, 20, 0
185, 22, 3, 52, 25, 0
185, 22, 1, 52, 26, 0
185, 22, 1, 53, 20, 0
185, 22, 0, 53, 26, 0
185, 22, 0, 53, 28, 0
185, 22, 3, 53, 29, 0
185, 22, 2, 54, 23, 0
185, 22, 1, 55, 21, 0
185, 22, 1, 55, 22, 0
185, 22, 1, 55, 29, 0
185, 22, 2, 55, 32, 0
185, 22, 0, 56, 22, 0
185, 22, 3, 56, 23, 0
185, 22, 2, 56, 25, 0
185, 22, 1, 57, 31, 0
185, 22, 2, 57, 33, 0
185, 22, 3, 58, 23, 0
185, 22, 1, 58, 25, 0
185, 22, 0, 58, 32, 0
185, 22, 0, 59, 24, 0
185, 22, 2, 59, 25, 0
185, 22, 2, 59, 26, 0
185, 22, 3, 59, 33, 0
185, 22, 3, 59, 36, 0
185, 22, 1, 60, 34, 0
185, 22, 1, 60, 35, 0
185, 22, 2, 60, 36, 0
186, 22, 0, 16, 15, 0
186, 22, 2, 17, 17, 0
186, 22, 0, 18, 17, 0
186, 22, 3, 19, 9, 0
186, 22, 0, 19, 16, 0
186, 22, 0, 20, 8, 0
186, 22, 2, 21, 11, 0
186, 22, 0, 21, 12, 0
186, 22, 1, 21, 17, 0
186, 22, 0, 22, 18, 0
186, 22, 0, 23, 13, 0
186, 22, 2, 24, 9, 0
186, 22, 2, 25, 12, 0
186, 22, 1, 25, 13, 0
186, 22, 3, 25, 20, 0
186, 22, 3, 26, 8, 0
186, 22, 2, 26, 9, 0
186, 22, 0, 26, 14, 0
186, 22, 3, 28, 20, 0
186, 22, 0, 28, 21, 0
186, 22, 3, 28, 22, 0
186, 22, 1, 29, 10, 0
186, 22, 1, 29, 14, 0
186, 22, 2, 30, 10, 0
186, 22, 2, 30, 15, 0
186, 22, 1, 32, 15, 0
186, 22, 2, 32, 16, 0
186, 22, 0, 32, 23, 0
186, 22, 1, 38, 22, 0
186, 22, 0, 39, 23, 0
186, 22, 3, 40, 24, 0
186, 22, 0, 41, 20, 0
186, 22, 3, 41, 21, 0
186, 22, 3, 42, 21, 0
186, 22, 3, 42, 24, 0
186, 22, 0, 43, 19, 0
186, 22, 0, 43, 23, 0
186, 22, 0, 45, 20, 0
186, 22, 3, 45, 24, 0
186, 22, 2, 46, 19, 0
186, 22, 3, 46, 23, 0
186, 22, 2, 46, 24, 0
186, 22, 0, 46, 25, 0
186, 22, 2, 47, 20, 0
186, 22, 1, 47, 24, 0
186, 22, 2, 48, 21, 0
186, 22, 2, 49, 20, 0
186, 22, 1, 49, 23, 0
186, 22, 1, 49, 24, 0
186, 22, 2, 49, 25, 0
186, 22, 1, 50, 17, 0
186, 22, 0, 50, 23, 0
186, 22, 3, 50, 25, 0
186, 22, 0, 51, 16, 0
186, 22, 3, 51, 18, 0
186, 22, 0, 52, 18, 0
186, 22, 3, 52, 22, 0
186, 22, 0, 52, 28, 0
186, 22, 2, 53, 17, 0
186, 22, 1, 53, 22, 0
186, 22, 1, 54, 18, 0
186, 22, 2, 54, 21, 0
186, 22, 0, 54, 30, 0
186, 22, 0, 55, 19, 0
186, 22, 3, 55, 27, 0
186, 22, 3, 55, 31, 0
186, 22, 0, 56, 33, 0
186, 22, 3, 57, 18, 0
186, 22, 2, 57, 23, 0
186, 22, 2, 58, 19, 0
186, 22, 3, 58, 26, 0
186, 22, 0, 58, 34, 0
186, 22, 3, 59, 34, 0
186, 22, 3, 60, 27, 0
186, 22, 2, 60, 31, 0
196, 4, 0, 4, 54, 0
196, 4, 1, 5, 56, 0
196, 4, 1, 5, 59, 0
196, 4, 1, 7, 56, 0
196, 4, 1, 7, 59, 0
206, 5, 1, 27, 54, 0
206, 5, 1, 29, 54, 0
306, 10, 3, 44, 10, 0
307, 10, 3, 37, 53, 0
307, 11, 1, 38, 3, 0
307, 10, 0, 47, 6, 0
325, 22, 3, 2, 52, 0
325, 22, 0, 2, 53, 0
325, 22, 3, 2, 55, 0
325, 22, 3, 2, 56, 0
325, 22, 1, 3, 51, 0
325, 22, 0, 3, 53, 0
325, 22, 2, 3, 54, 0
325, 22, 0, 3, 56, 0
325, 22, 2, 3, 57, 0
325, 22, 2, 3, 58, 0
325, 22, 1, 5, 49, 0
325, 22, 2, 6, 50, 0
325, 22, 3, 7, 47, 0
325, 22, 0, 7, 48, 0
325, 22, 0, 7, 49, 0
325, 22, 3, 8, 49, 0
325, 22, 2, 9, 49, 0
325, 22, 3, 9, 50, 0
325, 22, 1, 9, 51, 0
325, 22, 1, 10, 50, 0
325, 22, 2, 10, 51, 0
325, 22, 0, 10, 52, 0
325, 22, 2, 15, 47, 0
325, 22, 3, 16, 46, 0
325, 22, 1, 16, 48, 0
325, 22, 0, 17, 49, 0
325, 22, 0, 19, 43, 0
325, 22, 1, 19, 46, 0
325, 22, 0, 20, 42, 0
325, 22, 1, 20, 43, 0
325, 22, 2, 20, 47, 0
325, 22, 0, 20, 48, 0
325, 22, 3, 21, 42, 0
325, 22, 2, 21, 45, 0
325, 22, 1, 21, 46, 0
325, 22, 0, 21, 47, 0
325, 22, 2, 22, 42, 0
325, 22, 3, 22, 46, 0
325, 22, 3, 22, 47, 0
325, 22, 3, 22, 51, 0
325, 22, 1, 23, 42, 0
325, 22, 0, 23, 43, 0
325, 22, 1, 23, 46, 0
325, 22, 1, 23, 47, 0
325, 22, 2, 23, 51, 0
325, 22, 1, 24, 43, 0
325, 22, 3, 24, 45, 0
325, 22, 0, 24, 46, 0
325, 22, 1, 24, 47, 0
325, 22, 2, 25, 42, 0
325, 22, 0, 25, 43, 0
325, 22, 3, 25, 45, 0
325, 22, 3, 25, 46, 0
325, 22, 3, 26, 44, 0
325, 22, 2, 26, 45, 0
326, 22, 2, 3, 52, 0
326, 22, 1, 3, 55, 0
326, 22, 3, 4, 50, 0
326, 22, 2, 5, 50, 0
326, 22, 1, 7, 50, 0
326, 22, 1, 8, 50, 0
326, 22, 0, 11, 53, 0
326, 22, 2, 12, 46, 0
326, 22, 1, 13, 44, 0
326, 22, 3, 15, 46, 0
326, 22, 0, 15, 50, 0
326, 22, 0, 20, 45, 0
326, 22, 3, 20, 46, 0
326, 22, 0, 21, 43, 0
326, 22, 3, 22, 43, 0
326, 22, 2, 22, 45, 0
326, 22, 1, 25, 44, 0
326, 22, 1, 25, 55, 0
326, 22, 3, 27, 53, 0
356, 10, 0, 22, 58, 0
356, 10, 3, 23, 59, 0
357, 10, 2, 24, 58, 0
358, 10, 2, 23, 58, 0
359, 10, 0, 24, 59, 0
360, 10, 3, 4, 58, 0
360, 10, 3, 6, 59, 0
360, 10, 3, 13, 60, 0
360, 10, 3, 18, 53, 0
360, 10, 3, 19, 54, 0
360, 10, 1, 21, 54, 0
360, 10, 0, 24, 49, 0
360, 11, 1, 35, 4, 0
360, 11, 3, 37, 5, 0
360, 11, 1, 41, 3, 0
360, 11, 1, 44, 4, 0
360, 11, 0, 45, 3, 0
360, 11, 2, 45, 5, 0
362, 10, 0, 5, 58, 0
362, 10, 3, 12, 60, 0
362, 10, 0, 17, 56, 0
362, 10, 0, 17, 57, 0
362, 10, 0, 18, 52, 0
362, 10, 0, 19, 42, 0
362, 10, 0, 20, 42, 0
362, 10, 0, 24, 45, 0
362, 10, 1, 34, 5, 0
362, 10, 1, 36, 4, 0
362, 10, 1, 36, 5, 0
362, 11, 0, 36, 56, 0
362, 10, 1, 39, 5, 0
362, 11, 0, 39, 56, 0
365, 10, 0, 3, 42, 0
365, 10, 0, 16, 41, 0
365, 10, 0, 37, 57, 0
365, 10, 0, 38, 56, 0
444, 10, 3, 3, 32, 0
444, 10, 0, 6, 37, 0
444, 10, 0, 10, 45, 0
444, 10, 0, 59, 39, 0
445, 10, 3, 8, 29, 0
445, 10, 0, 52, 32, 0
446, 10, 3, 55, 36, 0
446, 10, 0, 57, 37, 0
446, 10, 2, 59, 52, 0
446, 10, 2, 61, 43, 0
447, 10, 0, 56, 38, 0
447, 10, 1, 60, 47, 0
447, 10, 3, 62, 39, 0
447, 10, 3, 62, 41, 0
447, 10, 0, 62, 56, 0
447, 10, 2, 63, 44, 0
447, 10, 1, 63, 50, 0
535, 22, 2, 62, 22, 0
535, 22, 3, 63, 20, 0
535, 22, 1, 63, 24, 0
536, 22, 3, 62, 21, 0
536, 22, 0, 62, 23, 0
599, 10, 0, 6, 55, 0
599, 11, 3, 16, 47, 0
599, 11, 3, 22, 49, 0
650, 4, 1, 27, 58, 0
650, 4, 1, 29, 58, 0
652, 22, 0, 10, 57, 0
652, 22, 1, 12, 50, 0
652, 22, 3, 33, 38, 0
653, 22, 1, 7, 58, 0
653, 22, 2, 13, 55, 0
653, 22, 0, 17, 51, 0
653, 22, 0, 23, 24, 0
653, 22, 0, 23, 30, 0
653, 22, 1, 23, 49, 0
653, 22, 0, 26, 49, 0
653, 22, 0, 31, 22, 0
653, 22, 3, 31, 34, 0
653, 22, 2, 32, 29, 0
653, 22, 0, 32, 34, 0
653, 22, 3, 34, 26, 0
653, 22, 0, 36, 27, 0
653, 22, 1, 36, 29, 0
653, 22, 0, 38, 34, 0
653, 22, 0, 42, 31, 0
653, 22, 0, 49, 33, 0
653, 22, 0, 57, 32, 0
654, 22, 3, 32, 36, 0
655, 7, 2, 26, 58, 0
656, 5, 1, 15, 53, 0
656, 7, 3, 30, 58, 0
657, 4, 1, 11, 36, 0
657, 6, 1, 26, 55, 0
705, 4, 0, 4, 55, 0
705, 4, 0, 4, 58, 0
705, 4, 1, 9, 59, 0
706, 4, 0, 4, 52, 0
754, 22, 1, 62, 49, 0
754, 22, 1, 62, 50, 0
754, 22, 1, 62, 51, 0
754, 22, 1, 62, 52, 0
799, 22, 0, 17, 20, 1
799, 22, 0, 17, 21, 1
799, 22, 0, 17, 22, 1
799, 22, 0, 17, 23, 1
799, 22, 0, 17, 24, 1
799, 22, 0, 17, 25, 1
799, 22, 0, 17, 26, 1
799, 22, 0, 17, 27, 1
799, 22, 0, 18, 20, 1
799, 22, 0, 18, 21, 1
799, 22, 0, 18, 22, 1
799, 22, 0, 18, 23, 1
799, 22, 0, 18, 24, 1
799, 22, 0, 18, 25, 1
799, 22, 0, 18, 26, 1
799, 22, 0, 18, 27, 1
799, 22, 0, 34, 28, 1
799, 22, 0, 34, 29, 1
799, 22, 0, 34, 30, 1
799, 22, 0, 34, 31, 1
799, 22, 0, 34, 32, 1
799, 22, 0, 34, 33, 1
799, 22, 0, 34, 34, 1
799, 22, 0, 35, 28, 1
799, 22, 0, 35, 29, 1
799, 22, 0, 35, 30, 1
799, 22, 0, 35, 31, 1
799, 22, 0, 35, 32, 1
799, 22, 0, 35, 33, 1
799, 22, 0, 35, 34, 1
799, 22, 1, 46, 36, 1
799, 22, 1, 46, 37, 1
799, 22, 1, 47, 36, 1
799, 22, 1, 47, 37, 1
799, 22, 1, 48, 36, 1
799, 22, 1, 48, 37, 1
799, 22, 1, 49, 36, 1
799, 22, 1, 49, 37, 1
799, 22, 1, 50, 36, 1
799, 22, 1, 50, 37, 1
799, 22, 1, 51, 36, 1
799, 22, 1, 51, 37, 1
814, 0, 0, 17, 20, 1
814, 0, 0, 17, 21, 1
814, 0, 0, 17, 22, 1
814, 0, 0, 17, 23, 1
814, 0, 0, 17, 24, 1
814, 0, 0, 17, 25, 1
814, 0, 0, 17, 26, 1
814, 0, 0, 17, 27, 1
814, 0, 2, 18, 20, 1
814, 0, 2, 18, 21, 1
814, 0, 2, 18, 22, 1
814, 0, 2, 18, 23, 1
814, 0, 2, 18, 24, 1
814, 0, 2, 18, 25, 1
814, 0, 2, 18, 26, 1
814, 0, 2, 18, 27, 1
814, 0, 0, 34, 28, 1
814, 0, 0, 34, 29, 1
814, 0, 0, 34, 30, 1
814, 0, 0, 34, 31, 1
814, 0, 0, 34, 32, 1
814, 0, 0, 34, 33, 1
814, 0, 0, 34, 34, 1
814, 0, 2, 35, 28, 1
814, 0, 2, 35, 29, 1
814, 0, 2, 35, 30, 1
814, 0, 2, 35, 31, 1
814, 0, 2, 35, 32, 1
814, 0, 2, 35, 33, 1
814, 0, 2, 35, 34, 1
814, 0, 3, 46, 36, 1
814, 0, 1, 46, 37, 1
814, 0, 3, 47, 36, 1
814, 0, 1, 47, 37, 1
814, 0, 3, 48, 36, 1
814, 0, 1, 48, 37, 1
814, 0, 3, 49, 36, 1
814, 0, 1, 49, 37, 1
814, 0, 3, 50, 36, 1
814, 0, 1, 50, 37, 1
814, 0, 3, 51, 36, 1
814, 0, 1, 51, 37, 1
821, 10, 0, 4, 54, 1
821, 10, 2, 5, 58, 1
821, 10, 2, 7, 58, 1
821, 10, 2, 9, 58, 1
821, 10, 0, 10, 54, 1
822, 10, 3, 4, 58, 1
822, 10, 2, 5, 54, 1
822, 10, 0, 6, 59, 1
822, 10, 2, 8, 59, 1
822, 10, 0, 9, 54, 1
824, 11, 3, 11, 12, 0
824, 10, 0, 12, 13, 0
824, 10, 0, 14, 13, 0
824, 11, 0, 15, 12, 0
824, 10, 0, 21, 20, 0
824, 10, 0, 26, 23, 0
824, 11, 3, 29, 6, 0
824, 10, 0, 30, 7, 0
824, 10, 0, 31, 7, 0
824, 11, 3, 31, 12, 0
824, 10, 0, 32, 7, 0
824, 11, 3, 32, 10, 0
824, 10, 0, 32, 27, 0
824, 11, 0, 33, 6, 0
824, 11, 3, 33, 11, 0
824, 11, 3, 33, 19, 0
824, 11, 3, 34, 14, 0
824, 10, 0, 35, 11, 0
824, 10, 0, 36, 14, 0
824, 10, 0, 37, 14, 0
824, 10, 0, 37, 27, 0
824, 10, 0, 38, 11, 0
824, 10, 0, 39, 11, 0
824, 10, 0, 39, 14, 0
824, 10, 0, 40, 14, 0
824, 10, 0, 42, 11, 0
824, 11, 0, 42, 15, 0
824, 10, 0, 43, 11, 0
824, 11, 0, 44, 13, 0
824, 10, 0, 46, 26, 0
824, 11, 3, 50, 29, 0
824, 11, 3, 52, 23, 0
824, 11, 3, 58, 29, 0
825, 22, 1, 8, 55, 0
825, 22, 1, 25, 24, 0
825, 22, 1, 29, 35, 0
826, 22, 0, 21, 32, 0
826, 22, 2, 29, 26, 0
826, 22, 2, 34, 33, 0
826, 22, 2, 34, 36, 0
826, 22, 2, 45, 32, 0
826, 22, 2, 52, 29, 0
827, 22, 2, 12, 56, 0
827, 22, 0, 14, 57, 0
827, 22, 3, 16, 21, 0
827, 22, 0, 16, 29, 0
827, 22, 2, 18, 26, 0
827, 22, 1, 20, 39, 0
827, 22, 3, 30, 41, 0
827, 22, 3, 30, 43, 0
827, 22, 2, 35, 25, 0
827, 22, 2, 35, 30, 0
827, 22, 3, 35, 34, 0
827, 22, 0, 37, 36, 0
827, 22, 1, 39, 26, 0
828, 22, 0, 15, 28, 0
828, 22, 1, 21, 16, 0
828, 22, 0, 28, 34, 0
828, 22, 1, 34, 22, 0
830, 0, 3, 23, 31, 0
831, 0, 3, 22, 31, 0
832, 0, 3, 19, 32, 0
848, 10, 0, 5, 42, 0
848, 11, 3, 14, 30, 0
848, 10, 0, 14, 40, 0
848, 11, 3, 19, 32, 0
848, 10, 2, 21, 19, 0
848, 10, 0, 22, 44, 0
848, 10, 2, 23, 14, 0
848, 11, 3, 23, 35, 0
848, 10, 2, 24, 21, 0
848, 11, 3, 26, 36, 0
848, 10, 2, 29, 16, 0
848, 10, 0, 31, 34, 0
848, 10, 2, 32, 28, 0
848, 11, 3, 35, 43, 0
848, 10, 2, 36, 28, 0
848, 10, 0, 37, 34, 0
848, 11, 3, 39, 37, 0
848, 11, 3, 40, 49, 0
848, 11, 3, 43, 39, 0
848, 11, 3, 46, 42, 0
848, 11, 3, 49, 45, 0
849, 10, 3, 19, 14, 0
849, 10, 3, 19, 19, 0
849, 10, 3, 20, 14, 0
849, 10, 3, 20, 19, 0
849, 10, 3, 21, 14, 0
849, 10, 3, 22, 14, 0
849, 10, 3, 23, 20, 0
849, 10, 3, 25, 15, 0
849, 10, 3, 26, 16, 0
849, 10, 3, 26, 22, 0
849, 10, 3, 27, 16, 0
849, 10, 3, 28, 16, 0
849, 10, 3, 28, 24, 0
849, 10, 3, 29, 25, 0
849, 10, 3, 30, 25, 0
849, 10, 3, 31, 18, 0
849, 10, 3, 31, 25, 0
849, 10, 3, 32, 18, 0
849, 10, 3, 32, 25, 0
849, 10, 3, 33, 18, 0
849, 10, 3, 43, 15, 0
849, 10, 3, 43, 20, 0
849, 10, 3, 44, 20, 0
849, 10, 3, 45, 21, 0
849, 10, 3, 46, 21, 0
849, 10, 3, 47, 21, 0
849, 10, 3, 47, 27, 0
849, 10, 3, 48, 22, 0
849, 10, 3, 48, 27, 0
849, 10, 3, 49, 22, 0
849, 10, 3, 49, 27, 0
849, 10, 3, 50, 19, 0
849, 10, 3, 50, 22, 0
849, 10, 3, 50, 27, 0
849, 10, 3, 51, 19, 0
849, 10, 3, 51, 22, 0
849, 10, 3, 52, 19, 0
849, 10, 3, 53, 19, 0
849, 10, 3, 54, 19, 0
851, 10, 0, 22, 52, 0
851, 10, 0, 4, 53, 1
851, 10, 0, 27, 55, 1
853, 10, 0, 23, 46, 0
857, 10, 2, 44, 9, 0
858, 10, 2, 34, 10, 0
858, 10, 2, 46, 15, 0
997, 0, 1, 8, 49, 0
997, 0, 1, 12, 45, 0
997, 0, 1, 14, 48, 0
997, 0, 1, 26, 56, 0
997, 0, 1, 27, 56, 0
997, 0, 1, 28, 56, 0
997, 0, 1, 29, 56, 0
997, 0, 1, 30, 56, 0
1032, 10, 3, 9, 5, 0
1089, 11, 2, 5, 52, 0
1089, 10, 3, 11, 54, 0
1089, 11, 0, 16, 57, 0
1118, 10, 3, 6, 23, 0
1118, 10, 3, 11, 16, 0
1118, 10, 0, 13, 18, 0
1118, 10, 3, 13, 26, 0
1118, 10, 1, 26, 25, 0
1118, 10, 0, 28, 27, 0
1118, 10, 3, 30, 28, 0
1122, 10, 0, 22, 30, 0
1122, 10, 0, 42, 34, 0
1122, 10, 0, 46, 58, 0
1133, 10, 0, 1, 50, 0
1133, 10, 0, 46, 54, 0
1134, 10, 0, 1, 50, 1
1135, 10, 0, 46, 54, 1
1135, 10, 0, 1, 50, 2
1137, 10, 0, 47, 54, 1
1137, 10, 0, 2, 50, 2
1138, 10, 0, 45, 54, 1
1138, 10, 0, 0, 50, 2
1141, 10, 3, 44, 54, 2
1141, 10, 0, 46, 55, 2
1141, 10, 1, 47, 54, 2
1141, 10, 1, 2, 50, 3
1142, 10, 2, 1, 49, 3
1142, 10, 0, 1, 51, 3
1143, 10, 2, 46, 53, 1
1143, 10, 0, 46, 55, 1
1143, 10, 2, 1, 49, 2
1143, 10, 0, 1, 51, 2
1189, 10, 0, 54, 62, 0
1189, 10, 1, 55, 55, 0
1189, 10, 1, 61, 56, 0
1189, 10, 2, 63, 61, 0
1244, 22, 3, 16, 18, 0
1244, 22, 0, 19, 14, 0
1244, 22, 0, 23, 14, 0
1244, 22, 0, 23, 20, 0
1244, 22, 1, 28, 16, 0
1244, 22, 2, 31, 17, 0
1244, 22, 1, 32, 19, 0
1244, 22, 0, 40, 25, 0
1244, 22, 3, 41, 25, 0
1244, 22, 0, 44, 26, 0
1244, 22, 1, 48, 27, 0
1244, 22, 2, 50, 22, 0
1244, 22, 3, 52, 30, 0
1244, 22, 3, 57, 27, 0
1244, 22, 0, 59, 28, 0
1245, 22, 1, 18, 12, 0
1245, 22, 1, 19, 19, 0
1245, 22, 3, 24, 14, 0
1245, 22, 0, 24, 22, 0
1245, 22, 2, 26, 16, 0
1245, 22, 0, 28, 24, 0
1245, 22, 1, 43, 22, 0
1245, 22, 3, 44, 20, 0
1245, 22, 3, 50, 27, 0
1245, 22, 3, 50, 28, 0
1245, 22, 1, 51, 24, 0
1245, 22, 3, 56, 28, 0
1245, 22, 3, 57, 35, 0
1246, 22, 2, 1, 16, 0
1246, 22, 3, 1, 22, 0
1246, 22, 0, 3, 20, 0
1246, 22, 0, 3, 26, 0
1246, 22, 2, 4, 2, 0
1246, 22, 1, 5, 21, 0
1246, 22, 1, 10, 0, 0
1246, 22, 0, 12, 4, 0
1246, 22, 3, 17, 0, 0
1246, 22, 3, 22, 3, 0
1246, 22, 2, 24, 0, 0
1246, 22, 1, 26, 3, 0
1246, 22, 0, 28, 0, 0
1246, 22, 2, 37, 0, 0
1246, 22, 1, 42, 1, 0
1246, 22, 2, 47, 1, 0
1246, 22, 3, 52, 1, 0
1246, 22, 2, 56, 1, 0
1246, 22, 0, 57, 6, 0
1246, 22, 0, 58, 2, 0
1246, 22, 0, 58, 4, 0
1246, 22, 0, 58, 14, 0
1246, 22, 1, 60, 2, 0
1246, 22, 1, 60, 6, 0
1246, 22, 2, 60, 15, 0
1246, 22, 1, 60, 18, 0
1247, 22, 3, 0, 17, 0
1247, 22, 0, 0, 21, 0
1247, 22, 1, 0, 22, 0
1247, 22, 2, 1, 19, 0
1247, 22, 2, 1, 20, 0
1247, 22, 0, 2, 1, 0
1247, 22, 1, 2, 7, 0
1247, 22, 3, 2, 18, 0
1247, 22, 1, 2, 20, 0
1247, 22, 3, 2, 22, 0
1247, 22, 2, 3, 0, 0
1247, 22, 1, 3, 1, 0
1247, 22, 3, 3, 6, 0
1247, 22, 0, 3, 8, 0
1247, 22, 0, 3, 22, 0
1247, 22, 0, 4, 8, 0
1247, 22, 3, 4, 9, 0
1247, 22, 1, 4, 22, 0
1247, 22, 2, 4, 23, 0
1247, 22, 1, 5, 9, 0
1247, 22, 1, 6, 1, 0
1247, 22, 3, 6, 3, 0
1247, 22, 3, 6, 7, 0
1247, 22, 2, 6, 9, 0
1247, 22, 1, 6, 24, 0
1247, 22, 2, 7, 0, 0
1247, 22, 1, 7, 1, 0
1247, 22, 0, 7, 2, 0
1247, 22, 3, 7, 3, 0
1247, 22, 2, 7, 11, 0
1247, 22, 3, 7, 23, 0
1247, 22, 3, 8, 1, 0
1247, 22, 0, 8, 2, 0
1247, 22, 1, 8, 4, 0
1247, 22, 0, 8, 10, 0
1247, 22, 3, 9, 2, 0
1247, 22, 0, 9, 3, 0
1247, 22, 1, 9, 14, 0
1247, 22, 2, 9, 24, 0
1247, 22, 2, 9, 26, 0
1247, 22, 2, 10, 2, 0
1247, 22, 0, 10, 23, 0
1247, 22, 1, 10, 24, 0
1247, 22, 0, 10, 26, 0
1247, 22, 0, 11, 2, 0
1247, 22, 3, 11, 3, 0
1247, 22, 3, 11, 4, 0
1247, 22, 1, 12, 1, 0
1247, 22, 1, 12, 17, 0
1247, 22, 0, 13, 2, 0
1247, 22, 3, 13, 3, 0
1247, 22, 1, 13, 26, 0
1247, 22, 1, 13, 27, 0
1247, 22, 1, 14, 1, 0
1247, 22, 2, 14, 3, 0
1247, 22, 0, 14, 26, 0
1247, 22, 0, 14, 27, 0
1247, 22, 2, 15, 0, 0
1247, 22, 3, 15, 1, 0
1247, 22, 0, 16, 0, 0
1247, 22, 1, 16, 1, 0
1247, 22, 2, 16, 4, 0
1247, 22, 0, 16, 5, 0
1247, 22, 3, 17, 1, 0
1247, 22, 3, 17, 4, 0
1247, 22, 2, 18, 3, 0
1247, 22, 0, 19, 2, 0
1247, 22, 3, 21, 1, 0
1247, 22, 2, 21, 2, 0
1247, 22, 3, 21, 3, 0
1247, 22, 1, 23, 1, 0
1247, 22, 0, 23, 3, 0
1247, 22, 0, 24, 1, 0
1247, 22, 2, 25, 2, 0
1247, 22, 1, 25, 3, 0
1247, 22, 3, 25, 5, 0
1247, 22, 0, 26, 4, 0
1247, 22, 1, 27, 0, 0
1247, 22, 2, 27, 1, 0
1247, 22, 3, 36, 0, 0
1247, 22, 3, 36, 1, 0
1247, 22, 1, 37, 1, 0
1247, 22, 3, 43, 0, 0
1247, 22, 2, 43, 1, 0
1247, 22, 2, 46, 1, 0
1247, 22, 3, 47, 0, 0
1247, 22, 1, 48, 2, 0
1247, 22, 0, 48, 3, 0
1247, 22, 0, 49, 3, 0
1247, 22, 0, 51, 1, 0
1247, 22, 1, 52, 0, 0
1247, 22, 2, 53, 3, 0
1247, 22, 0, 54, 2, 0
1247, 22, 3, 54, 3, 0
1247, 22, 3, 55, 14, 0
1247, 22, 1, 56, 0, 0
1247, 22, 1, 56, 5, 0
1247, 22, 2, 56, 6, 0
1247, 22, 0, 56, 13, 0
1247, 22, 0, 56, 14, 0
1247, 22, 2, 57, 1, 0
1247, 22, 0, 57, 5, 0
1247, 22, 1, 57, 14, 0
1247, 22, 2, 57, 15, 0
1247, 22, 0, 58, 3, 0
1247, 22, 2, 58, 15, 0
1247, 22, 2, 59, 4, 0
1247, 22, 0, 59, 5, 0
1247, 22, 3, 59, 6, 0
1247, 22, 3, 59, 18, 0
1247, 22, 2, 59, 19, 0
1247, 22, 1, 60, 3, 0
1247, 22, 2, 60, 4, 0
1247, 22, 1, 60, 17, 0
1247, 22, 0, 61, 17, 0
1247, 22, 3, 62, 15, 0
1248, 22, 2, 17, 15, 0
1248, 22, 1, 18, 16, 0
1248, 22, 0, 20, 9, 0
1248, 22, 2, 20, 12, 0
1248, 22, 1, 20, 16, 0
1248, 22, 0, 20, 17, 0
1248, 22, 0, 21, 13, 0
1248, 22, 1, 22, 12, 0
1248, 22, 1, 23, 9, 0
1248, 22, 1, 23, 17, 0
1248, 22, 2, 23, 18, 0
1248, 22, 0, 25, 9, 0
1248, 22, 0, 25, 18, 0
1248, 22, 2, 25, 19, 0
1248, 22, 2, 27, 9, 0
1248, 22, 2, 27, 10, 0
1248, 22, 2, 27, 14, 0
1248, 22, 1, 27, 20, 0
1248, 22, 1, 28, 9, 0
1248, 22, 0, 28, 10, 0
1248, 22, 0, 29, 11, 0
1248, 22, 0, 29, 13, 0
1248, 22, 3, 29, 15, 0
1248, 22, 3, 29, 20, 0
1248, 22, 0, 29, 22, 0
1248, 22, 1, 29, 23, 0
1248, 22, 2, 30, 21, 0
1248, 22, 0, 30, 22, 0
1248, 22, 3, 31, 11, 0
1248, 22, 0, 31, 12, 0
1248, 22, 2, 31, 18, 0
1248, 22, 0, 31, 23, 0
1248, 22, 1, 33, 19, 0
1248, 22, 3, 34, 16, 0
1248, 22, 0, 41, 23, 0
1248, 22, 0, 42, 18, 0
1248, 22, 2, 44, 15, 0
1248, 22, 0, 44, 18, 0
1248, 22, 1, 44, 24, 0
1248, 22, 3, 45, 22, 0
1248, 22, 0, 46, 16, 0
1248, 22, 0, 46, 20, 0
1248, 22, 0, 47, 19, 0
1248, 22, 1, 47, 25, 0
1248, 22, 0, 48, 20, 0
1248, 22, 0, 49, 16, 0
1248, 22, 0, 49, 21, 0
1248, 22, 3, 50, 15, 0
1248, 22, 0, 50, 18, 0
1248, 22, 0, 50, 21, 0
1248, 22, 1, 51, 17, 0
1248, 22, 0, 51, 25, 0
1248, 22, 2, 52, 16, 0
1248, 22, 3, 52, 17, 0
1248, 22, 0, 52, 21, 0
1248, 22, 0, 53, 18, 0
1248, 22, 0, 53, 21, 0
1248, 22, 0, 53, 27, 0
1248, 22, 2, 54, 17, 0
1248, 22, 0, 54, 22, 0
1248, 22, 1, 54, 29, 0
1248, 22, 1, 55, 17, 0
1248, 22, 1, 55, 18, 0
1248, 22, 2, 55, 23, 0
1248, 22, 2, 55, 30, 0
1248, 22, 2, 56, 16, 0
1248, 22, 2, 56, 18, 0
1248, 22, 0, 56, 19, 0
1248, 22, 0, 56, 24, 0
1248, 22, 2, 56, 31, 0
1248, 22, 0, 57, 19, 0
1248, 22, 3, 57, 25, 0
1248, 22, 1, 57, 26, 0
1248, 22, 3, 58, 24, 0
1248, 22, 1, 58, 33, 0
1248, 22, 2, 59, 27, 0
1248, 22, 0, 59, 30, 0
1248, 22, 1, 59, 35, 0
1248, 22, 0, 61, 26, 0
1248, 22, 3, 61, 30, 0
1253, 22, 3, 57, 50, 0
1253, 22, 2, 57, 51, 0
1253, 22, 3, 58, 51, 0
1253, 22, 1, 58, 53, 0
1253, 22, 2, 59, 56, 0
1253, 22, 0, 60, 51, 0
1253, 22, 2, 60, 53, 0
1253, 22, 3, 60, 54, 0
1253, 22, 3, 61, 57, 0
1253, 22, 2, 62, 54, 0
1253, 22, 0, 62, 56, 0
1253, 22, 0, 63, 56, 0
1255, 22, 3, 56, 53, 0
1255, 22, 3, 57, 55, 0
1255, 22, 3, 59, 58, 0
1255, 22, 1, 61, 54, 0
1255, 22, 0, 62, 55, 0
1255, 22, 3, 63, 57, 0
1255, 22, 2, 63, 59, 0
1255, 22, 2, 63, 60, 0
1257, 22, 3, 46, 61, 0
1257, 22, 0, 46, 62, 0
1257, 22, 3, 47, 60, 0
1257, 22, 0, 47, 62, 0
1257, 22, 1, 47, 63, 0
1257, 22, 2, 48, 60, 0
1257, 22, 1, 48, 63, 0
1257, 22, 2, 49, 60, 0
1257, 22, 1, 49, 61, 0
1257, 22, 2, 49, 62, 0
1257, 22, 1, 49, 63, 0
1257, 22, 3, 50, 62, 0
1257, 22, 2, 51, 10, 0
1257, 22, 2, 51, 11, 0
1257, 22, 3, 52, 9, 0
1257, 22, 3, 52, 10, 0
1257, 22, 2, 52, 11, 0
1257, 22, 1, 52, 12, 0
1257, 22, 0, 53, 8, 0
1257, 22, 2, 53, 9, 0
1257, 22, 0, 53, 10, 0
1257, 22, 0, 53, 11, 0
1257, 22, 0, 53, 12, 0
1257, 22, 1, 53, 24, 0
1257, 22, 1, 54, 9, 0
1257, 22, 1, 54, 11, 0
1257, 22, 0, 54, 12, 0
1257, 22, 0, 54, 24, 0
1257, 22, 0, 55, 8, 0
1257, 22, 0, 55, 12, 0
1257, 22, 3, 56, 8, 0
1257, 22, 0, 56, 9, 0
1257, 22, 0, 56, 10, 0
1257, 22, 2, 56, 11, 0
1257, 22, 3, 56, 12, 0
1257, 22, 3, 57, 8, 0
1257, 22, 2, 57, 9, 0
1257, 22, 1, 57, 10, 0
1257, 22, 2, 57, 11, 0
1257, 22, 2, 57, 12, 0
1257, 22, 3, 58, 9, 0
1257, 22, 0, 58, 11, 0
1257, 22, 2, 59, 8, 0
1257, 22, 3, 59, 9, 0
1257, 22, 0, 59, 10, 0
1257, 22, 2, 60, 7, 0
1257, 22, 3, 60, 8, 0
1257, 22, 0, 60, 10, 0
1257, 22, 1, 60, 11, 0
1257, 22, 1, 61, 7, 0
1257, 22, 1, 61, 11, 0
1257, 22, 2, 61, 12, 0
1257, 22, 2, 62, 5, 0
1257, 22, 0, 62, 6, 0
1257, 22, 0, 62, 7, 0
1257, 22, 1, 62, 8, 0
1257, 22, 1, 62, 10, 0
1257, 22, 1, 62, 11, 0
1257, 22, 2, 62, 12, 0
1257, 22, 1, 63, 3, 0
1257, 22, 0, 63, 4, 0
1257, 22, 2, 63, 5, 0
1257, 22, 0, 63, 6, 0
1257, 22, 3, 63, 7, 0
1257, 22, 2, 63, 8, 0
1257, 22, 2, 63, 9, 0
1257, 22, 2, 63, 10, 0
1257, 22, 3, 63, 12, 0
1257, 22, 2, 63, 13, 0
1258, 22, 3, 45, 62, 0
1258, 22, 2, 47, 61, 0
1258, 22, 2, 48, 61, 0
1258, 22, 1, 48, 62, 0
1258, 22, 3, 55, 10, 0
1258, 22, 2, 55, 11, 0
1258, 22, 0, 60, 9, 0
1258, 22, 3, 61, 8, 0
1258, 22, 1, 61, 10, 0
1258, 22, 2, 62, 9, 0
1259, 22, 0, 54, 10, 0
1259, 22, 1, 55, 9, 0
1259, 22, 0, 61, 9, 0
1259, 22, 3, 63, 11, 0
1265, 22, 3, 15, 13, 0
1265, 22, 3, 15, 17, 0
1265, 22, 3, 27, 22, 0
1265, 22, 3, 27, 23, 0
1265, 22, 3, 29, 24, 0
1265, 22, 3, 30, 25, 0
1265, 22, 0, 51, 29, 0
1265, 22, 3, 53, 31, 0
1265, 22, 3, 54, 32, 0
1276, 10, 0, 4, 1, 0
1276, 10, 2, 6, 0, 0
1276, 10, 3, 6, 2, 0
1276, 10, 3, 7, 10, 0
1276, 10, 1, 8, 3, 0
1276, 10, 0, 16, 0, 0
1276, 10, 0, 23, 0, 0
1276, 10, 0, 25, 2, 0
1276, 10, 0, 25, 4, 0
1276, 10, 2, 46, 0, 0
1276, 10, 2, 48, 2, 0
1276, 10, 0, 51, 0, 0
1276, 10, 2, 53, 2, 0
1276, 10, 2, 56, 0, 0
1276, 10, 0, 56, 5, 0
1276, 10, 0, 57, 14, 0
1278, 10, 0, 0, 16, 0
1278, 10, 0, 0, 21, 0
1278, 10, 0, 1, 18, 0
1278, 10, 0, 2, 0, 0
1278, 10, 3, 2, 6, 0
1278, 10, 3, 2, 26, 0
1278, 10, 0, 4, 22, 0
1278, 10, 0, 5, 20, 0
1278, 10, 3, 9, 13, 0
1278, 10, 3, 9, 23, 0
1278, 10, 0, 11, 3, 0
1278, 10, 0, 16, 4, 0
1278, 10, 0, 18, 2, 0
1278, 10, 0, 27, 0, 0
1278, 10, 0, 36, 0, 0
1278, 10, 0, 42, 0, 0
1278, 10, 0, 52, 4, 0
1278, 10, 0, 55, 13, 0
1278, 10, 0, 59, 5, 0
1281, 10, 0, 1, 20, 0
1281, 10, 0, 4, 7, 0
1281, 10, 1, 8, 0, 0
1281, 10, 0, 21, 1, 0
1281, 10, 0, 58, 2, 0
1281, 10, 0, 60, 15, 0
1282, 10, 0, 1, 30, 0
1282, 10, 1, 1, 43, 0
1282, 11, 3, 1, 58, 0
1282, 10, 0, 4, 37, 0
1282, 10, 0, 8, 33, 0
1282, 11, 3, 9, 25, 0
1282, 11, 3, 29, 50, 0
1282, 10, 1, 42, 61, 0
1286, 10, 2, 1, 48, 0
1286, 10, 1, 3, 29, 0
1286, 10, 1, 10, 61, 0
1286, 10, 0, 12, 28, 0
1286, 10, 3, 18, 59, 0
1286, 10, 0, 31, 60, 0
1317, 10, 0, 59, 60, 0
1341, 10, 2, 23, 4, 0
1341, 10, 1, 27, 6, 0
1341, 10, 2, 29, 2, 0
1341, 10, 2, 34, 3, 0
1341, 10, 0, 38, 1, 0
1341, 10, 1, 46, 4, 0
1341, 10, 2, 50, 4, 0
1341, 10, 3, 54, 8, 0
1341, 10, 0, 55, 4, 0
1392, 11, 3, 16, 8, 0
1392, 11, 3, 27, 18, 0
1392, 11, 3, 41, 6, 0
1392, 11, 3, 59, 18, 0
1393, 11, 3, 3, 16, 0
1393, 11, 3, 3, 24, 0
1393, 11, 0, 4, 19, 0
1393, 11, 3, 7, 21, 0
1393, 11, 0, 8, 23, 0
1393, 11, 0, 11, 25, 0
1393, 11, 0, 14, 25, 0
1393, 10, 0, 15, 11, 0
1393, 11, 1, 15, 19, 0
1393, 11, 0, 16, 27, 0
1393, 11, 3, 20, 28, 0
1393, 11, 1, 47, 29, 0
1393, 11, 0, 53, 43, 0
1393, 11, 3, 56, 46, 0
1530, 9, 3, 9, 56, 0
1530, 0, 1, 28, 54, 0
1620, 0, 3, 4, 57, 0
1620, 0, 3, 5, 57, 0
1620, 0, 3, 6, 57, 0
1620, 0, 3, 7, 57, 0
1620, 0, 3, 8, 57, 0
1620, 2, 3, 9, 37, 0
1620, 0, 0, 9, 38, 0
1620, 0, 3, 10, 37, 0
1620, 0, 3, 10, 56, 0
1622, 0, 3, 12, 50, 0
1622, 0, 3, 13, 50, 0
1622, 0, 2, 3, 52, 1
1622, 0, 2, 3, 53, 1
1622, 0, 2, 3, 54, 1
1622, 0, 2, 3, 55, 1
1622, 0, 2, 3, 56, 1
1622, 0, 2, 3, 57, 1
1622, 0, 2, 3, 58, 1
1622, 9, 1, 4, 51, 1
1622, 9, 2, 4, 59, 1
1622, 0, 1, 5, 50, 1
1622, 0, 3, 5, 60, 1
1622, 0, 1, 6, 50, 1
1622, 0, 3, 6, 60, 1
1622, 0, 1, 7, 50, 1
1622, 0, 3, 7, 60, 1
1622, 1, 0, 8, 50, 1
1622, 9, 0, 8, 51, 1
1622, 0, 3, 8, 60, 1
1622, 2, 3, 9, 37, 1
1622, 0, 0, 9, 38, 1
1622, 1, 0, 9, 51, 1
1622, 9, 0, 9, 52, 1
1622, 0, 3, 9, 60, 1
1622, 0, 3, 10, 37, 1
1622, 1, 0, 10, 52, 1
1622, 9, 0, 10, 53, 1
1622, 0, 3, 10, 60, 1
1622, 1, 0, 11, 53, 1
1622, 0, 0, 11, 54, 1
1622, 0, 0, 11, 55, 1
1622, 0, 0, 11, 56, 1
1622, 0, 0, 11, 57, 1
1622, 0, 0, 11, 58, 1
1622, 0, 0, 11, 59, 1
1622, 1, 1, 25, 55, 1
1622, 0, 2, 25, 56, 1
1622, 0, 2, 25, 57, 1
1622, 1, 2, 25, 58, 1
1622, 1, 1, 26, 54, 1
1622, 9, 1, 26, 55, 1
1622, 9, 2, 26, 58, 1
1622, 1, 2, 26, 59, 1
1622, 0, 1, 27, 54, 1
1622, 0, 3, 27, 59, 1
1622, 0, 1, 28, 54, 1
1622, 0, 3, 28, 59, 1
1622, 0, 1, 29, 54, 1
1622, 0, 3, 29, 59, 1
1622, 1, 0, 30, 54, 1
1622, 9, 0, 30, 55, 1
1622, 9, 3, 30, 58, 1
1622, 1, 3, 30, 59, 1
1622, 1, 0, 31, 55, 1
1622, 0, 0, 31, 56, 1
1622, 0, 0, 31, 57, 1
1622, 1, 3, 31, 58, 1
1624, 0, 0, 5, 49, 0
1624, 3, 1, 7, 45, 0
1624, 3, 1, 7, 46, 0
1624, 3, 0, 8, 42, 0
1624, 3, 0, 10, 42, 0
1624, 3, 0, 10, 44, 0
1624, 0, 3, 11, 37, 0
1624, 3, 1, 11, 45, 0
1624, 2, 3, 11, 58, 0
1624, 0, 0, 11, 59, 0
1624, 0, 3, 11, 60, 0
1624, 3, 1, 12, 44, 0
1624, 2, 0, 13, 44, 0
1624, 0, 1, 14, 53, 0
1624, 2, 3, 15, 46, 0
1624, 3, 0, 15, 48, 0
1624, 9, 0, 16, 54, 0
1624, 3, 0, 17, 47, 0
1624, 0, 0, 17, 58, 0
1624, 3, 0, 18, 40, 0
1624, 2, 3, 18, 49, 0
1624, 2, 2, 20, 46, 0
1624, 1, 1, 20, 48, 0
1624, 0, 2, 20, 49, 0
1624, 3, 2, 20, 56, 0
1624, 3, 1, 20, 57, 0
1624, 9, 1, 21, 48, 0
1624, 0, 1, 22, 50, 0
1624, 2, 2, 22, 56, 0
1624, 2, 1, 22, 57, 0
1624, 3, 3, 23, 56, 0
1624, 3, 0, 23, 57, 0
1624, 1, 0, 24, 47, 0
1624, 0, 1, 24, 57, 0
1624, 2, 0, 25, 46, 0
1624, 1, 0, 26, 41, 0
1624, 0, 0, 26, 46, 0
1624, 1, 0, 29, 44, 0
1624, 1, 0, 33, 46, 0
1624, 1, 0, 35, 48, 0
1625, 0, 1, 12, 53, 0
1625, 0, 3, 14, 60, 0
1626, 3, 1, 4, 41, 0
1626, 9, 1, 4, 42, 0
1626, 3, 0, 4, 44, 0
1626, 0, 1, 5, 41, 0
1626, 3, 3, 5, 48, 0
1626, 0, 1, 6, 41, 0
1626, 3, 0, 7, 41, 0
1626, 9, 0, 7, 42, 0
1626, 3, 1, 7, 44, 0
1626, 3, 2, 7, 48, 0
1626, 0, 2, 7, 49, 0
1626, 0, 3, 8, 37, 0
1626, 0, 1, 8, 44, 0
1626, 0, 1, 9, 40, 0
1626, 0, 1, 9, 42, 0
1626, 0, 1, 9, 44, 0
1626, 0, 2, 11, 39, 0
1626, 0, 2, 11, 46, 0
1626, 0, 2, 11, 47, 0
1626, 0, 0, 11, 54, 0
1626, 0, 0, 11, 55, 0
1626, 0, 3, 12, 37, 0
1626, 2, 1, 12, 42, 0
1626, 3, 0, 12, 48, 0
1626, 2, 0, 12, 51, 0
1626, 0, 3, 12, 58, 0
1626, 0, 3, 12, 60, 0
1626, 3, 1, 13, 39, 0
1626, 9, 1, 13, 40, 0
1626, 3, 1, 13, 48, 0
1626, 2, 1, 13, 51, 0
1626, 0, 3, 13, 58, 0
1626, 0, 3, 13, 60, 0
1626, 0, 1, 14, 39, 0
1626, 3, 0, 14, 45, 0
1626, 0, 0, 14, 46, 0
1626, 0, 0, 14, 47, 0
1626, 0, 3, 14, 58, 0
1626, 0, 3, 15, 37, 0
1626, 0, 1, 15, 39, 0
1626, 0, 0, 15, 47, 0
1626, 1, 0, 15, 52, 0
1626, 3, 0, 16, 39, 0
1626, 9, 0, 16, 40, 0
1626, 0, 3, 16, 46, 0
1626, 0, 3, 16, 49, 0
1626, 3, 0, 17, 40, 0
1626, 0, 1, 17, 44, 0
1626, 0, 3, 17, 46, 0
1626, 1, 0, 17, 53, 0
1626, 0, 0, 17, 56, 0
1626, 0, 0, 17, 57, 0
1626, 0, 3, 18, 37, 0
1626, 9, 0, 18, 41, 0
1626, 0, 1, 18, 44, 0
1626, 1, 0, 18, 50, 0
1626, 1, 0, 18, 56, 0
1626, 0, 1, 19, 41, 0
1626, 0, 1, 19, 44, 0
1626, 0, 3, 19, 46, 0
1626, 3, 0, 19, 47, 0
1626, 0, 3, 19, 49, 0
1626, 0, 1, 20, 41, 0
1626, 0, 1, 21, 41, 0
1626, 3, 1, 21, 43, 0
1626, 9, 1, 21, 44, 0
1626, 0, 0, 21, 45, 0
1626, 0, 0, 21, 46, 0
1626, 1, 1, 21, 47, 0
1626, 2, 3, 21, 56, 0
1626, 2, 0, 21, 57, 0
1626, 0, 1, 22, 43, 0
1626, 0, 1, 22, 47, 0
1626, 3, 1, 23, 43, 0
1626, 0, 1, 23, 50, 0
1626, 0, 1, 24, 41, 0
1626, 9, 0, 24, 44, 0
1626, 9, 0, 24, 48, 0
1626, 9, 3, 24, 50, 0
1626, 3, 3, 24, 56, 0
1626, 0, 1, 25, 41, 0
1626, 3, 0, 25, 44, 0
1626, 0, 0, 25, 45, 0
1626, 3, 0, 25, 47, 0
1626, 9, 0, 26, 42, 0
1626, 0, 0, 26, 44, 0
1626, 0, 0, 26, 45, 0
1626, 1, 0, 27, 42, 0
1626, 9, 0, 27, 43, 0
1626, 1, 0, 28, 43, 0
1626, 9, 0, 28, 44, 0
1626, 0, 1, 28, 46, 0
1626, 9, 0, 29, 45, 0
1626, 1, 0, 30, 45, 0
1626, 9, 0, 30, 46, 0
1626, 0, 1, 31, 46, 0
1626, 0, 1, 32, 46, 0
1626, 9, 0, 33, 47, 0
1626, 0, 2, 34, 42, 0
1626, 1, 0, 34, 47, 0
1626, 9, 0, 34, 48, 0
1626, 9, 0, 35, 42, 0
1626, 0, 3, 35, 45, 0
1626, 0, 0, 35, 49, 0
1626, 1, 0, 36, 42, 0
1626, 9, 0, 36, 43, 0
1626, 1, 0, 37, 43, 0
1626, 0, 0, 37, 44, 0
1626, 9, 0, 40, 47, 0
1626, 1, 0, 41, 47, 0
1626, 9, 0, 41, 48, 0
1626, 1, 0, 42, 48, 0
1626, 0, 0, 42, 49, 0
1626, 0, 0, 42, 50, 0
1629, 22, 0, 4, 43, 0
1629, 22, 0, 4, 44, 0
1629, 22, 0, 4, 45, 0
1629, 22, 0, 4, 46, 0
1629, 22, 0, 5, 48, 0
1629, 22, 1, 8, 42, 0
1629, 22, 0, 8, 48, 0
1629, 22, 0, 9, 40, 0
1629, 22, 1, 9, 44, 0
1629, 22, 1, 10, 42, 0
1629, 22, 1, 11, 44, 0
1629, 22, 0, 12, 37, 0
1629, 22, 0, 12, 38, 0
1629, 22, 1, 12, 42, 0
1629, 22, 1, 12, 44, 0
1629, 22, 0, 13, 41, 0
1629, 22, 0, 13, 42, 0
1629, 22, 0, 13, 43, 0
1629, 22, 1, 14, 44, 0
1629, 22, 1, 15, 44, 0
1629, 22, 0, 15, 48, 0
1629, 22, 1, 16, 44, 0
1629, 22, 1, 17, 44, 0
1629, 22, 1, 18, 44, 0
1629, 22, 1, 18, 55, 0
1629, 22, 1, 19, 44, 0
1629, 22, 1, 19, 55, 0
1629, 22, 1, 20, 44, 0
1629, 22, 0, 20, 49, 0
1629, 22, 0, 20, 51, 0
1629, 22, 1, 23, 41, 0
1629, 22, 1, 23, 55, 0
1629, 22, 1, 23, 57, 0
1629, 22, 0, 26, 42, 0
1629, 22, 1, 27, 46, 0
1629, 22, 1, 28, 46, 0
1629, 22, 0, 31, 47, 0
1629, 22, 0, 31, 48, 0
1629, 22, 0, 42, 51, 0
1629, 22, 0, 42, 52, 0
1630, 22, 1, 8, 44, 0
1630, 22, 0, 9, 39, 0
1630, 22, 1, 9, 42, 0
1630, 22, 1, 10, 44, 0
1630, 22, 1, 11, 42, 0
1630, 22, 0, 12, 40, 0
1630, 22, 0, 12, 41, 0
1630, 22, 3, 13, 38, 0
1630, 22, 3, 14, 36, 0
1630, 22, 0, 16, 42, 0
1630, 22, 0, 16, 43, 0
1630, 22, 3, 17, 38, 0
1630, 22, 1, 17, 55, 0
1630, 22, 1, 17, 57, 0
1630, 22, 1, 18, 57, 0
1630, 22, 0, 19, 49, 0
1630, 22, 0, 19, 50, 0
1630, 22, 1, 19, 57, 0
1630, 22, 0, 20, 50, 0
1630, 22, 1, 20, 52, 0
1630, 22, 1, 20, 55, 0
1630, 22, 1, 20, 57, 0
1630, 22, 1, 22, 41, 0
1630, 22, 2, 22, 53, 0
1630, 22, 2, 23, 40, 0
1630, 22, 0, 23, 53, 0
1630, 22, 3, 24, 54, 0
1630, 22, 0, 26, 43, 0
1630, 22, 1, 26, 46, 0
1630, 22, 3, 27, 41, 0
1630, 22, 1, 27, 50, 0
1630, 22, 1, 29, 46, 0
1630, 22, 1, 30, 46, 0
1630, 22, 1, 33, 57, 0
1630, 22, 0, 34, 50, 0
1630, 22, 0, 34, 51, 0
1630, 22, 0, 34, 52, 0
1630, 22, 0, 34, 53, 0
1631, 1, 1, 3, 51, 0
1631, 0, 2, 3, 52, 0
1631, 0, 2, 3, 53, 0
1631, 0, 2, 3, 54, 0
1631, 0, 2, 3, 55, 0
1631, 0, 2, 3, 56, 0
1631, 0, 2, 3, 57, 0
1631, 0, 2, 3, 58, 0
1631, 1, 2, 3, 59, 0
1631, 1, 1, 4, 50, 0
1631, 9, 1, 4, 51, 0
1631, 9, 2, 4, 59, 0
1631, 1, 2, 4, 60, 0
1631, 2, 0, 5, 50, 0
1631, 0, 3, 5, 60, 0
1631, 0, 3, 6, 60, 0
1631, 2, 1, 7, 50, 0
1631, 0, 3, 7, 60, 0
1631, 1, 0, 8, 50, 0
1631, 9, 0, 8, 51, 0
1631, 0, 3, 8, 60, 0
1631, 1, 0, 9, 51, 0
1631, 9, 0, 9, 52, 0
1631, 0, 3, 9, 60, 0
1631, 1, 0, 10, 52, 0
1631, 9, 0, 10, 53, 0
1631, 3, 2, 10, 55, 0
1631, 0, 3, 10, 60, 0
1631, 0, 1, 11, 53, 0
1631, 3, 3, 11, 56, 0
1631, 0, 1, 15, 53, 0
1631, 3, 0, 15, 58, 0
1631, 0, 3, 15, 60, 0
1631, 1, 0, 16, 53, 0
1631, 9, 3, 16, 59, 0
1631, 1, 3, 16, 60, 0
1631, 1, 0, 17, 54, 0
1631, 0, 0, 17, 55, 0
1631, 1, 3, 17, 59, 0
1631, 1, 1, 25, 55, 0
1631, 2, 2, 25, 56, 0
1631, 2, 1, 25, 57, 0
1631, 1, 2, 25, 58, 0
1631, 1, 1, 26, 54, 0
1631, 9, 1, 26, 55, 0
1631, 9, 2, 26, 58, 0
1631, 1, 2, 26, 59, 0
1631, 0, 1, 27, 54, 0
1631, 0, 3, 27, 59, 0
1631, 0, 3, 28, 59, 0
1631, 0, 1, 29, 54, 0
1631, 0, 3, 29, 59, 0
1631, 1, 0, 30, 54, 0
1631, 9, 0, 30, 55, 0
1631, 9, 3, 30, 58, 0
1631, 1, 3, 30, 59, 0
1631, 1, 0, 31, 55, 0
1631, 0, 0, 31, 56, 0
1631, 0, 0, 31, 57, 0
1631, 1, 3, 31, 58, 0
1710, 10, 0, 5, 54, 0
1710, 10, 0, 8, 54, 0
1746, 10, 0, 7, 52, 1
1747, 10, 0, 7, 52, 0
1864, 10, 3, 6, 27, 0
1864, 10, 3, 7, 27, 0
1864, 10, 3, 8, 27, 0
1864, 10, 3, 9, 27, 0
1864, 10, 3, 14, 32, 0
1864, 10, 3, 15, 32, 0
1864, 10, 3, 16, 32, 0
1864, 10, 3, 17, 32, 0
1864, 10, 3, 17, 38, 0
1864, 10, 3, 18, 32, 0
1864, 10, 3, 18, 38, 0
1864, 10, 3, 19, 38, 0
1864, 10, 3, 20, 38, 0
1864, 10, 3, 21, 38, 0
1864, 10, 3, 22, 38, 0
1864, 10, 3, 23, 38, 0
1864, 10, 3, 24, 31, 0
1864, 10, 3, 24, 33, 0
1864, 10, 3, 24, 38, 0
1864, 10, 3, 25, 31, 0
1864, 10, 3, 25, 33, 0
1864, 10, 3, 26, 31, 0
1864, 10, 3, 26, 33, 0
1864, 10, 3, 27, 33, 0
1864, 10, 3, 30, 33, 0
1864, 10, 3, 31, 33, 0
1864, 10, 3, 38, 32, 0
1864, 10, 3, 39, 32, 0
1864, 10, 3, 40, 31, 0
1864, 10, 3, 40, 32, 0
1864, 10, 3, 41, 31, 0
1864, 10, 3, 42, 31, 0
1864, 10, 2, 44, 35, 0
1864, 10, 2, 44, 36, 0
1864, 10, 2, 44, 40, 0
1864, 10, 2, 44, 41, 0
1864, 10, 2, 44, 42, 0
1938, 6, 0, 8, 51, 0
1938, 4, 1, 9, 36, 0
1938, 6, 0, 9, 52, 0
1938, 4, 1, 10, 36, 0
1938, 6, 0, 10, 53, 0
2180, 10, 0, 30, 4, 0
2181, 10, 0, 12, 10, 0
2183, 10, 2, 10, 59, 1
2184, 0, 1, 6, 50, 0
2185, 10, 1, 13, 53, 0
3000, 10, 3, 13, 32, 0
3000, 10, 3, 16, 38, 0
3000, 10, 3, 23, 33, 0
3000, 10, 3, 29, 33, 0
3000, 10, 3, 37, 32, 0
3000, 10, 3, 39, 31, 0
3000, 10, 2, 44, 34, 0
3000, 10, 2, 44, 39, 0
3046, 10, 3, 25, 38, 0
3046, 10, 3, 27, 31, 0
3046, 10, 3, 28, 33, 0
3046, 10, 3, 32, 33, 0
3046, 10, 3, 41, 32, 0
3046, 10, 3, 43, 31, 0
3046, 10, 2, 44, 37, 0
3046, 10, 2, 44, 43, 0
5611, 3, 3, 17, 23, 0
5611, 3, 3, 17, 24, 0
5611, 3, 3, 17, 25, 0
5611, 3, 3, 17, 26, 0
5611, 3, 2, 18, 22, 0
5611, 3, 2, 18, 23, 0
5611, 3, 2, 18, 24, 0
5611, 3, 2, 18, 25, 0
5611, 3, 2, 18, 26, 0
5611, 3, 0, 34, 30, 0
5611, 3, 0, 34, 31, 0
5611, 3, 0, 34, 32, 0
5611, 3, 1, 35, 30, 0
5611, 3, 1, 35, 31, 0
5611, 3, 1, 35, 32, 0
5612, 3, 3, 17, 21, 0
5612, 3, 3, 17, 22, 0
5612, 3, 3, 17, 27, 0
5612, 3, 2, 18, 21, 0
5612, 3, 2, 18, 27, 0
5612, 3, 3, 34, 34, 0
5612, 3, 2, 35, 34, 0
5906, 3, 2, 45, 36, 0
5906, 3, 1, 45, 37, 0
5906, 3, 3, 48, 36, 0
5906, 3, 0, 48, 37, 0
5906, 3, 3, 49, 36, 0
5906, 3, 0, 49, 37, 0
5906, 3, 3, 50, 36, 0
5906, 3, 0, 50, 37, 0
5906, 3, 3, 52, 36, 0
5906, 3, 0, 52, 37, 0
