174, 22, 2, 20, 62, 0
174, 22, 1, 30, 57, 0
184, 22, 0, 2, 19, 0
184, 22, 1, 5, 17, 0
184, 22, 0, 7, 15, 0
184, 22, 3, 9, 15, 0
184, 22, 2, 10, 14, 0
184, 22, 2, 11, 12, 0
184, 22, 3, 13, 11, 0
184, 22, 2, 14, 8, 0
184, 22, 1, 14, 10, 0
184, 22, 0, 16, 9, 0
184, 22, 1, 17, 5, 0
184, 22, 3, 17, 7, 0
184, 22, 0, 18, 9, 0
184, 22, 3, 22, 6, 0
184, 22, 3, 22, 8, 0
184, 22, 3, 22, 9, 0
184, 22, 1, 25, 7, 0
184, 22, 2, 27, 3, 0
184, 22, 0, 27, 6, 0
184, 22, 2, 28, 9, 0
184, 22, 1, 30, 5, 0
184, 22, 0, 35, 6, 0
184, 22, 1, 41, 3, 0
184, 22, 2, 54, 6, 0
184, 22, 1, 58, 6, 0
184, 22, 0, 59, 9, 0
184, 22, 2, 61, 10, 0
185, 22, 0, 1, 19, 0
185, 22, 3, 2, 18, 0
185, 22, 1, 2, 20, 0
185, 22, 3, 3, 18, 0
185, 22, 2, 3, 19, 0
185, 22, 2, 4, 17, 0
185, 22, 3, 5, 16, 0
185, 22, 1, 5, 18, 0
185, 22, 1, 6, 15, 0
185, 22, 0, 6, 17, 0
185, 22, 2, 7, 14, 0
185, 22, 0, 7, 16, 0
185, 22, 1, 8, 14, 0
185, 22, 3, 8, 15, 0
185, 22, 2, 9, 13, 0
185, 22, 2, 9, 16, 0
185, 22, 0, 10, 10, 0
185, 22, 0, 10, 12, 0
185, 22, 3, 10, 13, 0
185, 22, 0, 10, 15, 0
185, 22, 1, 11, 9, 0
185, 22, 3, 11, 11, 0
185, 22, 2, 11, 14, 0
185, 22, 2, 12, 9, 0
185, 22, 0, 12, 10, 0
185, 22, 3, 12, 13, 0
185, 22, 2, 12, 15, 0
185, 22, 1, 13, 7, 0
185, 22, 1, 13, 8, 0
185, 22, 0, 13, 10, 0
185, 22, 0, 13, 12, 0
185, 22, 1, 13, 14, 0
185, 22, 2, 14, 6, 0
185, 22, 0, 14, 9, 0
185, 22, 1, 14, 12, 0
185, 22, 2, 14, 14, 0
185, 22, 0, 15, 7, 0
185, 22, 3, 15, 8, 0
185, 22, 1, 15, 12, 0
185, 22, 3, 15, 13, 0
185, 22, 1, 16, 7, 0
185, 22, 0, 16, 10, 0
185, 22, 1, 16, 11, 0
185, 22, 3, 16, 13, 0
185, 22, 2, 17, 6, 0
185, 22, 2, 17, 12, 0
185, 22, 2, 18, 5, 0
185, 22, 2, 18, 10, 0
185, 22, 3, 18, 11, 0
185, 22, 1, 19, 4, 0
185, 22, 3, 19, 5, 0
185, 22, 3, 19, 6, 0
185, 22, 0, 19, 7, 0
185, 22, 0, 19, 8, 0
185, 22, 2, 20, 6, 0
185, 22, 1, 20, 9, 0
185, 22, 1, 21, 6, 0
185, 22, 3, 21, 8, 0
185, 22, 2, 21, 9, 0
185, 22, 0, 22, 7, 0
185, 22, 2, 22, 10, 0
185, 22, 3, 23, 8, 0
185, 22, 1, 23, 10, 0
185, 22, 1, 24, 5, 0
185, 22, 1, 24, 9, 0
185, 22, 3, 24, 11, 0
185, 22, 0, 25, 4, 0
185, 22, 3, 25, 8, 0
185, 22, 2, 25, 10, 0
185, 22, 0, 26, 3, 0
185, 22, 2, 26, 6, 0
185, 22, 0, 26, 7, 0
185, 22, 0, 26, 9, 0
185, 22, 1, 27, 2, 0
185, 22, 3, 27, 4, 0
185, 22, 3, 27, 5, 0
185, 22, 2, 27, 8, 0
185, 22, 1, 27, 10, 0
185, 22, 3, 28, 3, 0
185, 22, 0, 28, 5, 0
185, 22, 1, 28, 6, 0
185, 22, 3, 28, 8, 0
185, 22, 0, 28, 10, 0
185, 22, 2, 29, 4, 0
185, 22, 1, 29, 6, 0
185, 22, 2, 29, 7, 0
185, 22, 3, 30, 4, 0
185, 22, 2, 30, 6, 0
185, 22, 1, 31, 5, 0
185, 22, 0, 31, 7, 0
185, 22, 0, 32, 3, 0
185, 22, 3, 32, 6, 0
185, 22, 3, 33, 2, 0
185, 22, 1, 33, 4, 0
185, 22, 2, 33, 5, 0
185, 22, 1, 34, 2, 0
185, 22, 2, 34, 3, 0
185, 22, 1, 34, 6, 0
185, 22, 0, 35, 3, 0
185, 22, 0, 35, 5, 0
185, 22, 3, 35, 7, 0
185, 22, 3, 36, 2, 0
185, 22, 3, 36, 6, 0
185, 22, 1, 40, 3, 0
185, 22, 2, 41, 2, 0
185, 22, 0, 41, 4, 0
185, 22, 3, 42, 3, 0
185, 22, 0, 43, 5, 0
185, 22, 1, 44, 4, 0
185, 22, 3, 44, 6, 0
185, 22, 1, 45, 4, 0
185, 22, 2, 45, 5, 0
185, 22, 2, 45, 7, 0
185, 22, 2, 46, 4, 0
185, 22, 1, 46, 6, 0
185, 22, 3, 46, 8, 0
185, 22, 1, 47, 3, 0
185, 22, 0, 47, 5, 0
185, 22, 0, 47, 7, 0
185, 22, 2, 48, 3, 0
185, 22, 1, 48, 5, 0
185, 22, 3, 49, 4, 0
185, 22, 1, 49, 6, 0
185, 22, 0, 49, 7, 0
185, 22, 2, 50, 5, 0
185, 22, 1, 50, 6, 0
185, 22, 0, 50, 8, 0
185, 22, 1, 51, 4, 0
185, 22, 0, 51, 7, 0
185, 22, 2, 51, 9, 0
185, 22, 0, 52, 3, 0
185, 22, 3, 52, 5, 0
185, 22, 3, 52, 8, 0
185, 22, 1, 52, 10, 0
185, 22, 3, 53, 4, 0
185, 22, 2, 53, 5, 0
185, 22, 1, 53, 6, 0
185, 22, 0, 53, 7, 0
185, 22, 3, 53, 8, 0
185, 22, 0, 53, 10, 0
185, 22, 3, 54, 2, 0
185, 22, 0, 54, 4, 0
185, 22, 1, 54, 8, 0
185, 22, 2, 54, 9, 0
185, 22, 1, 54, 10, 0
185, 22, 0, 55, 4, 0
185, 22, 3, 55, 5, 0
185, 22, 0, 55, 6, 0
185, 22, 2, 55, 7, 0
185, 22, 1, 55, 9, 0
185, 22, 2, 56, 3, 0
185, 22, 3, 56, 5, 0
185, 22, 3, 56, 8, 0
185, 22, 3, 56, 10, 0
185, 22, 1, 57, 5, 0
185, 22, 0, 57, 7, 0
185, 22, 0, 57, 9, 0
185, 22, 2, 57, 11, 0
185, 22, 3, 58, 8, 0
185, 22, 2, 58, 9, 0
185, 22, 1, 58, 10, 0
185, 22, 0, 59, 8, 0
185, 22, 1, 59, 10, 0
185, 22, 1, 60, 7, 0
185, 22, 0, 60, 9, 0
185, 22, 1, 61, 7, 0
185, 22, 2, 61, 8, 0
185, 22, 3, 62, 6, 0
185, 22, 0, 62, 8, 0
185, 22, 2, 63, 7, 0
186, 22, 2, 62, 7, 0
324, 22, 1, 3, 33, 0
324, 22, 3, 9, 44, 0
324, 22, 1, 9, 46, 0
324, 22, 1, 11, 44, 0
324, 22, 1, 12, 43, 0
324, 22, 2, 12, 47, 0
324, 22, 3, 14, 32, 0
324, 22, 0, 14, 46, 0
324, 22, 0, 22, 47, 0
324, 22, 2, 22, 49, 0
324, 22, 1, 25, 46, 0
324, 22, 3, 25, 48, 0
324, 22, 3, 25, 51, 0
324, 22, 0, 26, 57, 0
324, 22, 3, 27, 58, 0
324, 22, 1, 29, 48, 0
324, 22, 2, 29, 49, 0
324, 22, 3, 30, 53, 0
324, 22, 3, 31, 47, 0
324, 22, 0, 31, 49, 0
324, 22, 2, 34, 52, 0
324, 22, 2, 35, 46, 0
324, 22, 2, 37, 39, 0
324, 22, 0, 44, 40, 0
324, 22, 0, 45, 38, 0
324, 22, 2, 47, 43, 0
324, 22, 3, 49, 49, 0
324, 22, 3, 50, 12, 0
324, 22, 1, 50, 46, 0
324, 22, 2, 52, 59, 0
324, 22, 0, 53, 47, 0
324, 22, 2, 54, 62, 0
324, 22, 1, 56, 45, 0
324, 22, 3, 58, 42, 0
324, 22, 1, 58, 52, 0
324, 22, 3, 59, 12, 0
324, 22, 0, 59, 44, 0
324, 22, 1, 60, 12, 0
324, 22, 0, 63, 14, 0
325, 22, 2, 2, 30, 0
325, 22, 0, 2, 33, 0
325, 22, 1, 3, 29, 0
325, 22, 3, 3, 31, 0
325, 22, 3, 3, 34, 0
325, 22, 1, 3, 37, 0
325, 22, 1, 4, 29, 0
325, 22, 2, 4, 30, 0
325, 22, 3, 4, 37, 0
325, 22, 2, 4, 38, 0
325, 22, 1, 5, 28, 0
325, 22, 0, 8, 44, 0
325, 22, 2, 8, 46, 0
325, 22, 3, 9, 43, 0
325, 22, 0, 9, 45, 0
325, 22, 3, 9, 47, 0
325, 22, 1, 10, 33, 0
325, 22, 1, 10, 44, 0
325, 22, 0, 10, 46, 0
325, 22, 2, 10, 50, 0
325, 22, 2, 11, 28, 0
325, 22, 3, 11, 29, 0
325, 22, 0, 11, 36, 0
325, 22, 0, 11, 43, 0
325, 22, 0, 11, 45, 0
325, 22, 2, 11, 47, 0
325, 22, 3, 11, 49, 0
325, 22, 1, 11, 51, 0
325, 22, 2, 12, 28, 0
325, 22, 3, 12, 29, 0
325, 22, 3, 12, 31, 0
325, 22, 2, 12, 32, 0
325, 22, 1, 12, 35, 0
325, 22, 2, 12, 37, 0
325, 22, 2, 12, 44, 0
325, 22, 3, 12, 46, 0
325, 22, 1, 12, 48, 0
325, 22, 3, 12, 49, 0
325, 22, 2, 12, 50, 0
325, 22, 0, 13, 31, 0
325, 22, 0, 13, 35, 0
325, 22, 3, 13, 36, 0
325, 22, 1, 13, 43, 0
325, 22, 2, 13, 45, 0
325, 22, 3, 13, 46, 0
325, 22, 0, 13, 47, 0
325, 22, 0, 13, 48, 0
325, 22, 1, 13, 51, 0
325, 22, 1, 14, 28, 0
325, 22, 1, 14, 29, 0
325, 22, 1, 14, 31, 0
325, 22, 1, 14, 34, 0
325, 22, 2, 14, 36, 0
325, 22, 0, 14, 43, 0
325, 22, 1, 14, 44, 0
325, 22, 2, 14, 47, 0
325, 22, 1, 14, 48, 0
325, 22, 1, 14, 50, 0
325, 22, 2, 15, 16, 0
325, 22, 2, 15, 17, 0
325, 22, 0, 15, 28, 0
325, 22, 2, 15, 32, 0
325, 22, 1, 15, 46, 0
325, 22, 3, 15, 49, 0
325, 22, 1, 16, 16, 0
325, 22, 1, 16, 17, 0
325, 22, 0, 16, 34, 0
325, 22, 1, 16, 36, 0
325, 22, 2, 16, 48, 0
325, 22, 0, 16, 50, 0
325, 22, 2, 17, 33, 0
325, 22, 1, 17, 36, 0
325, 22, 3, 17, 52, 0
325, 22, 2, 18, 15, 0
325, 22, 0, 18, 51, 0
325, 22, 2, 18, 53, 0
325, 22, 1, 19, 13, 0
325, 22, 1, 19, 52, 0
325, 22, 3, 20, 13, 0
325, 22, 0, 21, 47, 0
325, 22, 0, 21, 48, 0
325, 22, 0, 22, 46, 0
325, 22, 1, 22, 48, 0
325, 22, 2, 22, 50, 0
325, 22, 3, 23, 14, 0
325, 22, 0, 23, 15, 0
325, 22, 2, 23, 47, 0
325, 22, 3, 23, 49, 0
325, 22, 1, 24, 46, 0
325, 22, 3, 24, 48, 0
325, 22, 1, 24, 51, 0
325, 22, 3, 25, 17, 0
325, 22, 2, 25, 45, 0
325, 22, 1, 25, 47, 0
325, 22, 3, 25, 49, 0
325, 22, 2, 25, 50, 0
325, 22, 3, 25, 52, 0
325, 22, 0, 25, 57, 0
325, 22, 0, 26, 46, 0
325, 22, 0, 26, 48, 0
325, 22, 0, 26, 51, 0
325, 22, 1, 26, 55, 0
325, 22, 1, 26, 56, 0
325, 22, 3, 26, 58, 0
325, 22, 3, 27, 54, 0
325, 22, 0, 27, 56, 0
325, 22, 2, 27, 57, 0
325, 22, 1, 27, 59, 0
325, 22, 2, 28, 55, 0
325, 22, 0, 28, 58, 0
325, 22, 3, 29, 9, 0
325, 22, 0, 29, 10, 0
325, 22, 3, 29, 46, 0
325, 22, 0, 29, 47, 0
325, 22, 3, 29, 53, 0
325, 22, 2, 30, 10, 0
325, 22, 1, 30, 11, 0
325, 22, 3, 30, 47, 0
325, 22, 1, 30, 48, 0
325, 22, 2, 30, 50, 0
325, 22, 0, 30, 52, 0
325, 22, 2, 30, 54, 0
325, 22, 0, 31, 9, 0
325, 22, 3, 31, 41, 0
325, 22, 0, 31, 42, 0
325, 22, 2, 31, 44, 0
325, 22, 0, 31, 46, 0
325, 22, 1, 31, 50, 0
325, 22, 3, 31, 51, 0
325, 22, 1, 31, 53, 0
325, 22, 1, 31, 56, 0
325, 22, 1, 32, 39, 0
325, 22, 1, 32, 40, 0
325, 22, 2, 32, 41, 0
325, 22, 2, 32, 43, 0
325, 22, 1, 32, 44, 0
325, 22, 2, 32, 47, 0
325, 22, 1, 32, 48, 0
325, 22, 0, 32, 49, 0
325, 22, 2, 32, 55, 0
325, 22, 3, 33, 42, 0
325, 22, 2, 33, 43, 0
325, 22, 3, 33, 52, 0
325, 22, 1, 34, 40, 0
325, 22, 3, 34, 46, 0
325, 22, 0, 34, 51, 0
325, 22, 2, 34, 53, 0
325, 22, 3, 35, 40, 0
325, 22, 2, 35, 45, 0
325, 22, 1, 35, 47, 0
325, 22, 0, 35, 50, 0
325, 22, 1, 35, 52, 0
325, 22, 3, 35, 54, 0
325, 22, 2, 36, 39, 0
325, 22, 0, 36, 46, 0
325, 22, 1, 36, 48, 0
325, 22, 1, 36, 50, 0
325, 22, 0, 36, 54, 0
325, 22, 1, 37, 4, 0
325, 22, 3, 37, 38, 0
325, 22, 0, 37, 40, 0
325, 22, 0, 37, 47, 0
325, 22, 2, 37, 49, 0
325, 22, 0, 37, 53, 0
325, 22, 2, 38, 39, 0
325, 22, 3, 38, 48, 0
325, 22, 0, 38, 49, 0
325, 22, 1, 39, 43, 0
325, 22, 0, 39, 48, 0
325, 22, 2, 39, 50, 0
325, 22, 0, 39, 52, 0
325, 22, 3, 40, 4, 0
325, 22, 2, 40, 34, 0
325, 22, 2, 40, 43, 0
325, 22, 0, 40, 47, 0
325, 22, 1, 40, 49, 0
325, 22, 3, 40, 51, 0
325, 22, 3, 40, 53, 0
325, 22, 1, 41, 35, 0
325, 22, 0, 41, 44, 0
325, 22, 3, 41, 45, 0
325, 22, 1, 41, 47, 0
325, 22, 1, 41, 52, 0
325, 22, 3, 42, 34, 0
325, 22, 3, 42, 41, 0
325, 22, 2, 42, 42, 0
325, 22, 2, 42, 44, 0
325, 22, 2, 42, 46, 0
325, 22, 0, 43, 40, 0
325, 22, 0, 43, 42, 0
325, 22, 2, 43, 44, 0
325, 22, 2, 44, 41, 0
325, 22, 1, 45, 34, 0
325, 22, 0, 45, 39, 0
325, 22, 1, 45, 40, 0
325, 22, 3, 45, 56, 0
325, 22, 0, 46, 35, 0
325, 22, 0, 46, 38, 0
325, 22, 3, 46, 39, 0
325, 22, 0, 46, 43, 0
325, 22, 0, 46, 55, 0
325, 22, 0, 46, 57, 0
325, 22, 3, 47, 37, 0
325, 22, 3, 47, 38, 0
325, 22, 3, 47, 42, 0
325, 22, 1, 47, 44, 0
325, 22, 1, 47, 54, 0
325, 22, 3, 47, 56, 0
325, 22, 1, 48, 12, 0
325, 22, 2, 48, 40, 0
325, 22, 2, 48, 55, 0
325, 22, 3, 49, 8, 0
325, 22, 0, 49, 11, 0
325, 22, 3, 49, 12, 0
325, 22, 1, 49, 39, 0
325, 22, 0, 49, 44, 0
325, 22, 0, 49, 46, 0
325, 22, 3, 49, 48, 0
325, 22, 1, 49, 50, 0
325, 22, 3, 49, 59, 0
325, 22, 0, 49, 61, 0
325, 22, 1, 50, 10, 0
325, 22, 2, 50, 13, 0
325, 22, 1, 50, 45, 0
325, 22, 3, 50, 47, 0
325, 22, 2, 50, 49, 0
325, 22, 3, 50, 62, 0
325, 22, 3, 50, 63, 0
325, 22, 1, 51, 11, 0
325, 22, 2, 51, 12, 0
325, 22, 3, 51, 45, 0
325, 22, 2, 51, 46, 0
325, 22, 0, 51, 53, 0
325, 22, 1, 51, 54, 0
325, 22, 3, 51, 56, 0
325, 22, 2, 51, 59, 0
325, 22, 1, 51, 61, 0
325, 22, 3, 51, 63, 0
325, 22, 2, 52, 47, 0
325, 22, 2, 52, 52, 0
325, 22, 2, 52, 54, 0
325, 22, 0, 52, 56, 0
325, 22, 3, 52, 58, 0
325, 22, 1, 52, 60, 0
325, 22, 0, 52, 62, 0
325, 22, 2, 52, 63, 0
325, 22, 0, 53, 13, 0
325, 22, 3, 53, 39, 0
325, 22, 3, 53, 46, 0
325, 22, 1, 53, 48, 0
325, 22, 2, 53, 51, 0
325, 22, 2, 53, 53, 0
325, 22, 3, 53, 55, 0
325, 22, 0, 53, 59, 0
325, 22, 2, 53, 61, 0
325, 22, 0, 54, 47, 0
325, 22, 3, 54, 50, 0
325, 22, 3, 54, 52, 0
325, 22, 2, 54, 57, 0
325, 22, 1, 54, 61, 0
325, 22, 1, 54, 63, 0
325, 22, 1, 55, 51, 0
325, 22, 2, 55, 53, 0
325, 22, 0, 55, 55, 0
325, 22, 2, 55, 62, 0
325, 22, 1, 56, 48, 0
325, 22, 1, 56, 52, 0
325, 22, 1, 56, 54, 0
325, 22, 2, 56, 56, 0
325, 22, 3, 56, 58, 0
325, 22, 3, 56, 60, 0
325, 22, 2, 57, 45, 0
325, 22, 3, 57, 46, 0
325, 22, 0, 57, 50, 0
325, 22, 1, 57, 52, 0
325, 22, 1, 57, 54, 0
325, 22, 3, 57, 55, 0
325, 22, 1, 57, 59, 0
325, 22, 1, 57, 61, 0
325, 22, 1, 58, 12, 0
325, 22, 0, 58, 47, 0
325, 22, 2, 58, 49, 0
325, 22, 1, 58, 51, 0
325, 22, 0, 58, 58, 0
325, 22, 2, 58, 60, 0
325, 22, 2, 59, 11, 0
325, 22, 3, 59, 13, 0
325, 22, 2, 59, 45, 0
325, 22, 3, 59, 50, 0
325, 22, 1, 59, 52, 0
325, 22, 0, 59, 62, 0
325, 22, 0, 60, 6, 0
325, 22, 0, 60, 11, 0
325, 22, 2, 60, 14, 0
325, 22, 1, 60, 44, 0
325, 22, 3, 60, 45, 0
325, 22, 3, 60, 49, 0
325, 22, 3, 60, 63, 0
325, 22, 3, 61, 11, 0
325, 22, 1, 61, 13, 0
325, 22, 3, 61, 40, 0
325, 22, 1, 61, 45, 0
325, 22, 2, 61, 46, 0
325, 22, 2, 61, 61, 0
325, 22, 2, 61, 62, 0
325, 22, 2, 62, 9, 0
325, 22, 1, 62, 10, 0
325, 22, 0, 62, 12, 0
325, 22, 2, 62, 39, 0
325, 22, 2, 62, 41, 0
325, 22, 3, 62, 59, 0
325, 22, 1, 62, 61, 0
325, 22, 2, 63, 10, 0
325, 22, 3, 63, 11, 0
325, 22, 3, 63, 12, 0
325, 22, 0, 63, 37, 0
325, 22, 1, 63, 39, 0
325, 22, 0, 63, 40, 0
325, 22, 0, 63, 60, 0
326, 22, 0, 2, 52, 0
326, 22, 2, 3, 30, 0
326, 22, 3, 3, 55, 0
326, 22, 3, 4, 28, 0
326, 22, 1, 4, 51, 0
326, 22, 1, 4, 58, 0
326, 22, 2, 5, 55, 0
326, 22, 2, 7, 50, 0
326, 22, 0, 7, 52, 0
326, 22, 3, 8, 50, 0
326, 22, 3, 8, 51, 0
326, 22, 0, 9, 14, 0
326, 22, 2, 10, 42, 0
326, 22, 2, 11, 10, 0
326, 22, 2, 11, 13, 0
326, 22, 3, 11, 46, 0
326, 22, 0, 11, 50, 0
326, 22, 1, 12, 12, 0
326, 22, 2, 12, 14, 0
326, 22, 0, 12, 36, 0
326, 22, 2, 13, 13, 0
326, 22, 1, 13, 29, 0
326, 22, 0, 13, 32, 0
326, 22, 2, 13, 44, 0
326, 22, 3, 13, 49, 0
326, 22, 0, 13, 50, 0
326, 22, 1, 14, 7, 0
326, 22, 2, 14, 11, 0
326, 22, 2, 14, 13, 0
326, 22, 2, 14, 35, 0
326, 22, 3, 14, 49, 0
326, 22, 2, 15, 10, 0
326, 22, 1, 15, 36, 0
326, 22, 2, 16, 8, 0
326, 22, 2, 16, 12, 0
326, 22, 2, 16, 49, 0
326, 22, 2, 17, 10, 0
326, 22, 2, 17, 11, 0
326, 22, 3, 17, 34, 0
326, 22, 0, 18, 8, 0
326, 22, 1, 18, 52, 0
326, 22, 1, 20, 7, 0
326, 22, 2, 20, 8, 0
326, 22, 3, 23, 6, 0
326, 22, 1, 23, 9, 0
326, 22, 2, 24, 10, 0
326, 22, 1, 25, 5, 0
326, 22, 2, 25, 9, 0
326, 22, 2, 26, 5, 0
326, 22, 3, 27, 7, 0
326, 22, 2, 27, 9, 0
326, 22, 1, 27, 55, 0
326, 22, 2, 28, 7, 0
326, 22, 2, 28, 47, 0
326, 22, 0, 29, 5, 0
326, 22, 2, 30, 49, 0
326, 22, 1, 31, 6, 0
326, 22, 0, 31, 40, 0
326, 22, 2, 31, 45, 0
326, 22, 2, 31, 48, 0
326, 22, 2, 32, 5, 0
326, 22, 3, 32, 42, 0
326, 22, 2, 33, 3, 0
326, 22, 3, 35, 2, 0
326, 22, 3, 36, 49, 0
326, 22, 2, 37, 48, 0
326, 22, 3, 38, 6, 0
326, 22, 1, 39, 49, 0
326, 22, 0, 40, 44, 0
326, 22, 3, 40, 52, 0
326, 22, 3, 41, 46, 0
326, 22, 2, 42, 35, 0
326, 22, 3, 44, 5, 0
326, 22, 1, 45, 35, 0
326, 22, 2, 46, 7, 0
326, 22, 0, 46, 56, 0
326, 22, 3, 47, 4, 0
326, 22, 1, 47, 55, 0
326, 22, 1, 48, 4, 0
326, 22, 2, 50, 7, 0
326, 22, 3, 50, 11, 0
326, 22, 0, 50, 44, 0
326, 22, 1, 50, 61, 0
326, 22, 3, 51, 5, 0
326, 22, 2, 51, 55, 0
326, 22, 2, 51, 62, 0
326, 22, 2, 52, 4, 0
326, 22, 0, 52, 9, 0
326, 22, 2, 52, 53, 0
326, 22, 1, 52, 55, 0
326, 22, 0, 53, 3, 0
326, 22, 1, 53, 9, 0
326, 22, 1, 54, 5, 0
326, 22, 0, 54, 51, 0
326, 22, 2, 55, 8, 0
326, 22, 2, 55, 10, 0
326, 22, 3, 55, 52, 0
326, 22, 0, 55, 56, 0
326, 22, 3, 55, 57, 0
326, 22, 0, 56, 4, 0
326, 22, 1, 56, 6, 0
326, 22, 0, 56, 55, 0
326, 22, 3, 56, 57, 0
326, 22, 3, 57, 8, 0
326, 22, 1, 57, 10, 0
326, 22, 2, 57, 57, 0
326, 22, 2, 57, 58, 0
326, 22, 2, 57, 60, 0
326, 22, 2, 58, 50, 0
326, 22, 3, 59, 16, 0
326, 22, 3, 60, 5, 0
326, 22, 0, 60, 8, 0
326, 22, 3, 60, 13, 0
326, 22, 1, 60, 62, 0
326, 22, 2, 61, 5, 0
326, 22, 2, 61, 12, 0
326, 22, 2, 61, 16, 0
326, 22, 1, 62, 11, 0
326, 22, 3, 62, 14, 0
326, 22, 1, 62, 40, 0
326, 22, 0, 62, 60, 0
326, 22, 2, 63, 38, 0
452, 11, 0, 1, 47, 0
518, 10, 1, 39, 45, 0
518, 10, 1, 43, 36, 0
518, 10, 3, 58, 13, 0
519, 10, 2, 41, 36, 0
519, 10, 1, 43, 34, 0
519, 10, 3, 43, 38, 0
519, 10, 0, 45, 36, 0
684, 10, 2, 29, 35, 0
684, 10, 1, 31, 32, 0
684, 10, 0, 33, 37, 0
684, 10, 2, 48, 41, 0
684, 10, 3, 50, 42, 0
684, 10, 0, 51, 40, 0
684, 10, 1, 53, 40, 0
684, 10, 1, 53, 42, 0
684, 10, 2, 53, 45, 0
731, 10, 2, 11, 55, 0
731, 10, 3, 12, 56, 0
731, 10, 2, 13, 58, 0
731, 10, 1, 14, 55, 0
731, 10, 0, 14, 56, 0
731, 10, 3, 14, 58, 0
731, 10, 1, 14, 59, 0
731, 10, 1, 14, 61, 0
731, 10, 0, 14, 63, 0
731, 10, 3, 15, 54, 0
731, 10, 3, 16, 60, 0
731, 10, 1, 33, 62, 0
731, 10, 1, 34, 63, 0
731, 10, 2, 35, 62, 0
731, 10, 3, 37, 60, 0
731, 10, 0, 39, 61, 0
731, 10, 0, 39, 62, 0
731, 10, 3, 40, 58, 0
731, 10, 3, 41, 60, 0
731, 10, 1, 41, 61, 0
731, 10, 2, 42, 60, 0
731, 10, 1, 42, 61, 0
731, 10, 3, 42, 63, 0
731, 10, 1, 43, 60, 0
731, 10, 1, 43, 63, 0
731, 10, 0, 46, 62, 0
732, 10, 2, 11, 56, 0
732, 10, 3, 11, 57, 0
732, 10, 2, 12, 55, 0
732, 10, 3, 13, 54, 0
732, 10, 0, 13, 57, 0
732, 10, 1, 13, 63, 0
732, 10, 1, 15, 55, 0
732, 10, 1, 15, 57, 0
732, 10, 3, 15, 60, 0
732, 10, 1, 16, 55, 0
732, 10, 0, 16, 58, 0
732, 10, 3, 16, 62, 0
732, 10, 1, 32, 63, 0
732, 10, 0, 34, 61, 0
732, 10, 2, 36, 61, 0
732, 10, 3, 36, 63, 0
732, 10, 1, 37, 62, 0
732, 10, 2, 38, 59, 0
732, 10, 1, 39, 63, 0
732, 10, 0, 40, 59, 0
732, 10, 0, 40, 61, 0
732, 10, 2, 44, 59, 0
732, 10, 1, 44, 60, 0
732, 10, 2, 44, 62, 0
732, 10, 0, 45, 60, 0
732, 10, 0, 45, 61, 0
732, 10, 0, 46, 63, 0
851, 10, 0, 12, 33, 0
851, 10, 0, 15, 38, 0
859, 11, 0, 0, 49, 0
859, 11, 2, 8, 43, 0
859, 10, 2, 12, 31, 0
859, 10, 2, 16, 43, 0
859, 10, 2, 17, 31, 0
859, 10, 2, 25, 44, 0
859, 10, 2, 27, 60, 0
859, 10, 2, 48, 38, 0
859, 10, 2, 55, 38, 0
997, 9, 1, 0, 19, 0
997, 0, 2, 0, 50, 0
997, 0, 2, 0, 51, 0
997, 0, 2, 0, 52, 0
997, 0, 2, 0, 53, 0
997, 9, 1, 0, 54, 0
997, 0, 2, 1, 13, 0
997, 0, 2, 1, 14, 0
997, 0, 2, 1, 15, 0
997, 0, 2, 1, 16, 0
997, 0, 2, 1, 17, 0
997, 9, 1, 1, 18, 0
997, 0, 2, 1, 48, 0
997, 9, 1, 1, 49, 0
997, 9, 1, 2, 12, 0
997, 9, 1, 2, 47, 0
997, 9, 1, 3, 11, 0
997, 0, 2, 4, 9, 0
997, 9, 1, 4, 10, 0
997, 9, 1, 5, 8, 0
997, 9, 1, 6, 7, 0
997, 9, 1, 7, 6, 0
997, 9, 1, 7, 44, 0
997, 0, 0, 7, 45, 0
997, 0, 1, 8, 5, 0
997, 0, 1, 8, 43, 0
997, 9, 1, 9, 5, 0
997, 0, 1, 9, 43, 0
997, 0, 2, 9, 55, 0
997, 0, 2, 9, 56, 0
997, 9, 1, 10, 4, 0
997, 0, 1, 10, 43, 0
997, 9, 1, 10, 54, 0
997, 9, 2, 10, 57, 0
997, 0, 1, 11, 3, 0
997, 0, 1, 11, 43, 0
997, 0, 1, 11, 53, 0
997, 9, 2, 11, 58, 0
997, 0, 1, 12, 3, 0
997, 0, 1, 12, 43, 0
997, 9, 1, 12, 53, 0
997, 0, 3, 12, 59, 0
997, 9, 1, 12, 63, 0
997, 0, 1, 13, 3, 0
997, 0, 1, 13, 43, 0
997, 0, 1, 13, 52, 0
997, 9, 2, 13, 59, 0
997, 0, 2, 13, 60, 0
997, 0, 2, 13, 61, 0
997, 9, 1, 13, 62, 0
997, 0, 1, 14, 3, 0
997, 0, 1, 14, 43, 0
997, 0, 1, 14, 52, 0
997, 0, 1, 15, 3, 0
997, 9, 0, 15, 44, 0
997, 9, 0, 15, 53, 0
997, 9, 1, 16, 3, 0
997, 9, 0, 16, 45, 0
997, 9, 0, 16, 54, 0
997, 0, 1, 17, 2, 0
997, 9, 0, 17, 46, 0
997, 0, 0, 17, 55, 0
997, 9, 0, 17, 56, 0
997, 9, 3, 17, 60, 0
997, 0, 0, 17, 61, 0
997, 0, 0, 17, 62, 0
997, 9, 0, 17, 63, 0
997, 0, 1, 18, 2, 0
997, 0, 1, 18, 46, 0
997, 0, 0, 18, 57, 0
997, 0, 0, 18, 58, 0
997, 0, 0, 18, 59, 0
997, 0, 1, 19, 2, 0
997, 9, 0, 19, 47, 0
997, 0, 1, 20, 2, 0
997, 9, 0, 20, 48, 0
997, 0, 1, 21, 2, 0
997, 9, 0, 21, 49, 0
997, 9, 0, 22, 3, 0
997, 9, 0, 22, 50, 0
997, 0, 1, 23, 3, 0
997, 9, 0, 23, 51, 0
997, 0, 1, 24, 3, 0
997, 9, 0, 24, 52, 0
997, 9, 1, 25, 3, 0
997, 9, 0, 25, 53, 0
997, 0, 1, 26, 2, 0
997, 9, 0, 26, 54, 0
997, 0, 1, 27, 2, 0
997, 0, 1, 27, 54, 0
997, 0, 1, 28, 2, 0
997, 9, 1, 28, 54, 0
997, 9, 0, 29, 3, 0
997, 9, 1, 29, 53, 0
997, 0, 0, 30, 4, 0
997, 9, 0, 30, 5, 0
997, 9, 1, 30, 52, 0
997, 0, 2, 30, 63, 0
997, 0, 0, 31, 6, 0
997, 9, 0, 31, 7, 0
997, 0, 1, 31, 51, 0
997, 9, 1, 31, 62, 0
997, 0, 1, 32, 7, 0
997, 0, 1, 32, 51, 0
997, 9, 1, 32, 61, 0
997, 0, 1, 33, 7, 0
997, 0, 1, 33, 51, 0
997, 9, 1, 33, 60, 0
997, 0, 1, 34, 7, 0
997, 0, 1, 34, 51, 0
997, 0, 1, 34, 59, 0
997, 0, 1, 35, 7, 0
997, 0, 1, 35, 51, 0
997, 0, 1, 35, 59, 0
997, 0, 1, 36, 7, 0
997, 0, 1, 36, 51, 0
997, 9, 1, 36, 59, 0
997, 9, 1, 37, 7, 0
997, 0, 1, 37, 51, 0
997, 9, 1, 37, 58, 0
997, 9, 1, 38, 6, 0
997, 9, 1, 38, 51, 0
997, 0, 1, 38, 57, 0
997, 0, 1, 39, 5, 0
997, 0, 1, 39, 50, 0
997, 0, 1, 39, 57, 0
997, 0, 1, 40, 5, 0
997, 0, 1, 40, 50, 0
997, 0, 1, 40, 57, 0
997, 0, 1, 41, 5, 0
997, 0, 1, 41, 50, 0
997, 0, 1, 41, 57, 0
997, 0, 2, 42, 4, 0
997, 9, 1, 42, 5, 0
997, 9, 0, 42, 51, 0
997, 0, 1, 42, 57, 0
997, 9, 1, 43, 3, 0
997, 9, 0, 43, 52, 0
997, 9, 0, 43, 58, 0
997, 0, 1, 44, 2, 0
997, 0, 1, 44, 52, 0
997, 0, 1, 44, 58, 0
997, 0, 1, 45, 2, 0
997, 0, 1, 45, 52, 0
997, 9, 0, 45, 59, 0
997, 0, 1, 46, 2, 0
997, 0, 1, 46, 52, 0
997, 9, 0, 46, 60, 0
997, 0, 1, 47, 2, 0
997, 9, 0, 47, 53, 0
997, 9, 0, 47, 61, 0
997, 0, 1, 48, 2, 0
997, 9, 0, 48, 54, 0
997, 0, 0, 48, 62, 0
997, 0, 0, 48, 63, 0
997, 0, 1, 49, 2, 0
997, 0, 1, 49, 54, 0
997, 0, 1, 50, 2, 0
997, 9, 0, 50, 55, 0
997, 0, 1, 51, 2, 0
997, 9, 0, 51, 56, 0
997, 0, 1, 52, 2, 0
997, 9, 0, 52, 57, 0
997, 0, 1, 53, 2, 0
997, 9, 0, 53, 58, 0
997, 0, 1, 54, 2, 0
997, 9, 0, 54, 59, 0
997, 0, 1, 55, 2, 0
997, 9, 0, 55, 60, 0
997, 0, 1, 56, 2, 0
997, 9, 0, 56, 61, 0
997, 0, 1, 57, 2, 0
997, 9, 0, 57, 62, 0
997, 0, 1, 58, 2, 0
997, 9, 0, 58, 63, 0
997, 0, 1, 59, 2, 0
997, 0, 1, 59, 63, 0
997, 0, 1, 60, 2, 0
997, 0, 1, 60, 63, 0
997, 0, 1, 61, 2, 0
997, 0, 1, 61, 63, 0
997, 0, 1, 62, 2, 0
997, 0, 1, 62, 63, 0
997, 0, 1, 63, 2, 0
997, 0, 1, 63, 63, 0
1124, 10, 1, 1, 50, 0
1171, 10, 2, 7, 32, 0
1171, 10, 1, 8, 30, 0
1171, 10, 3, 10, 30, 0
1171, 10, 0, 19, 32, 0
1171, 10, 0, 40, 29, 0
1171, 10, 3, 41, 28, 0
1171, 10, 3, 43, 30, 0
1171, 10, 2, 47, 32, 0
1171, 10, 1, 48, 32, 0
1173, 11, 3, 13, 35, 0
1184, 11, 1, 4, 53, 0
1184, 10, 1, 6, 48, 0
1184, 11, 2, 15, 49, 0
1244, 22, 3, 15, 44, 0
1246, 22, 0, 0, 38, 0
1246, 22, 0, 1, 39, 0
1246, 22, 1, 2, 36, 0
1246, 22, 0, 8, 8, 0
1246, 22, 2, 8, 23, 0
1246, 22, 1, 8, 24, 0
1246, 22, 3, 11, 5, 0
1246, 22, 2, 13, 4, 0
1246, 22, 1, 14, 3, 0
1246, 22, 0, 15, 2, 0
1246, 22, 3, 16, 23, 0
1246, 22, 3, 16, 42, 0
1246, 22, 2, 17, 40, 0
1246, 22, 2, 18, 19, 0
1246, 22, 2, 18, 38, 0
1246, 22, 1, 18, 44, 0
1246, 22, 3, 20, 16, 0
1246, 22, 1, 20, 18, 0
1246, 22, 2, 20, 43, 0
1246, 22, 0, 21, 50, 0
1246, 22, 0, 23, 22, 0
1246, 22, 3, 24, 45, 0
1246, 22, 1, 26, 11, 0
1246, 22, 2, 26, 16, 0
1246, 22, 0, 26, 26, 0
1246, 22, 1, 27, 23, 0
1246, 22, 2, 27, 47, 0
1246, 22, 0, 28, 12, 0
1246, 22, 2, 28, 25, 0
1246, 22, 1, 28, 48, 0
1246, 22, 0, 28, 51, 0
1246, 22, 1, 30, 23, 0
1246, 22, 3, 32, 46, 0
1246, 22, 3, 33, 10, 0
1246, 22, 0, 34, 15, 0
1246, 22, 2, 36, 1, 0
1246, 22, 2, 36, 22, 0
1246, 22, 1, 37, 45, 0
1246, 22, 0, 39, 41, 0
1246, 22, 0, 39, 44, 0
1246, 22, 3, 39, 46, 0
1246, 22, 3, 40, 19, 0
1246, 22, 1, 40, 24, 0
1246, 22, 1, 40, 41, 0
1246, 22, 2, 41, 40, 0
1246, 22, 0, 42, 10, 0
1246, 22, 1, 42, 11, 0
1246, 22, 3, 43, 8, 0
1246, 22, 0, 43, 12, 0
1246, 22, 3, 44, 12, 0
1246, 22, 2, 44, 49, 0
1246, 22, 1, 45, 10, 0
1246, 22, 2, 45, 13, 0
1246, 22, 0, 46, 21, 0
1246, 22, 0, 46, 48, 0
1246, 22, 3, 46, 50, 0
1246, 22, 1, 48, 47, 0
1246, 22, 1, 50, 20, 0
1246, 22, 0, 51, 31, 0
1246, 22, 0, 51, 49, 0
1246, 22, 2, 52, 19, 0
1246, 22, 0, 53, 25, 0
1246, 22, 3, 53, 33, 0
1246, 22, 2, 54, 15, 0
1246, 22, 1, 54, 30, 0
1246, 22, 0, 55, 22, 0
1246, 22, 1, 55, 24, 0
1246, 22, 1, 57, 15, 0
1246, 22, 2, 57, 31, 0
1246, 22, 3, 58, 1, 0
1246, 22, 3, 58, 23, 0
1246, 22, 1, 59, 30, 0
1246, 22, 0, 60, 59, 0
1246, 22, 3, 60, 60, 0
1246, 22, 1, 61, 1, 0
1246, 22, 2, 61, 14, 0
1246, 22, 3, 61, 15, 0
1246, 22, 2, 61, 24, 0
1246, 22, 2, 61, 58, 0
1246, 22, 0, 63, 17, 0
1247, 22, 1, 0, 39, 0
1247, 22, 2, 1, 36, 0
1247, 22, 3, 1, 37, 0
1247, 22, 1, 1, 38, 0
1247, 22, 2, 1, 43, 0
1247, 22, 2, 2, 37, 0
1247, 22, 3, 2, 42, 0
1247, 22, 2, 7, 8, 0
1247, 22, 3, 7, 9, 0
1247, 22, 1, 7, 24, 0
1247, 22, 1, 8, 9, 0
1247, 22, 0, 8, 25, 0
1247, 22, 1, 9, 25, 0
1247, 22, 0, 9, 26, 0
1247, 22, 2, 10, 20, 0
1247, 22, 3, 10, 24, 0
1247, 22, 2, 10, 25, 0
1247, 22, 0, 11, 4, 0
1247, 22, 3, 11, 19, 0
1247, 22, 2, 11, 20, 0
1247, 22, 0, 12, 4, 0
1247, 22, 0, 12, 5, 0
1247, 22, 2, 13, 3, 0
1247, 22, 1, 14, 1, 0
1247, 22, 1, 14, 2, 0
1247, 22, 3, 14, 40, 0
1247, 22, 0, 15, 1, 0
1247, 22, 0, 15, 40, 0
1247, 22, 2, 15, 41, 0
1247, 22, 2, 15, 42, 0
1247, 22, 1, 16, 41, 0
1247, 22, 2, 17, 41, 0
1247, 22, 0, 17, 44, 0
1247, 22, 0, 18, 17, 0
1247, 22, 3, 18, 18, 0
1247, 22, 0, 19, 43, 0
1247, 22, 1, 20, 17, 0
1247, 22, 2, 20, 19, 0
1247, 22, 2, 20, 42, 0
1247, 22, 2, 20, 46, 0
1247, 22, 2, 21, 16, 0
1247, 22, 1, 21, 17, 0
1247, 22, 1, 21, 45, 0
1247, 22, 1, 21, 46, 0
1247, 22, 0, 22, 42, 0
1247, 22, 1, 23, 23, 0
1247, 22, 1, 23, 41, 0
1247, 22, 3, 23, 43, 0
1247, 22, 1, 23, 44, 0
1247, 22, 0, 24, 22, 0
1247, 22, 3, 24, 23, 0
1247, 22, 0, 24, 44, 0
1247, 22, 3, 25, 12, 0
1247, 22, 2, 26, 14, 0
1247, 22, 3, 26, 23, 0
1247, 22, 0, 26, 24, 0
1247, 22, 3, 26, 47, 0
1247, 22, 0, 27, 12, 0
1247, 22, 1, 27, 15, 0
1247, 22, 0, 27, 16, 0
1247, 22, 2, 27, 24, 0
1247, 22, 0, 27, 25, 0
1247, 22, 2, 27, 26, 0
1247, 22, 0, 27, 45, 0
1247, 22, 2, 27, 48, 0
1247, 22, 1, 27, 49, 0
1247, 22, 3, 27, 51, 0
1247, 22, 0, 28, 22, 0
1247, 22, 1, 28, 46, 0
1247, 22, 0, 28, 49, 0
1247, 22, 2, 28, 52, 0
1247, 22, 3, 29, 21, 0
1247, 22, 3, 29, 23, 0
1247, 22, 1, 29, 25, 0
1247, 22, 3, 29, 45, 0
1247, 22, 0, 30, 24, 0
1247, 22, 2, 30, 44, 0
1247, 22, 1, 31, 25, 0
1247, 22, 1, 32, 20, 0
1247, 22, 1, 32, 24, 0
1247, 22, 0, 32, 25, 0
1247, 22, 3, 32, 45, 0
1247, 22, 2, 33, 19, 0
1247, 22, 0, 33, 20, 0
1247, 22, 0, 33, 46, 0
1247, 22, 2, 34, 9, 0
1247, 22, 1, 34, 10, 0
1247, 22, 0, 34, 48, 0
1247, 22, 3, 34, 49, 0
1247, 22, 3, 35, 1, 0
1247, 22, 0, 35, 22, 0
1247, 22, 2, 35, 48, 0
1247, 22, 3, 35, 49, 0
1247, 22, 0, 36, 0, 0
1247, 22, 3, 36, 23, 0
1247, 22, 2, 37, 44, 0
1247, 22, 1, 38, 43, 0
1247, 22, 0, 38, 45, 0
1247, 22, 2, 39, 18, 0
1247, 22, 1, 39, 19, 0
1247, 22, 1, 39, 45, 0
1247, 22, 0, 40, 18, 0
1247, 22, 2, 40, 23, 0
1247, 22, 2, 40, 39, 0
1247, 22, 3, 40, 40, 0
1247, 22, 3, 40, 45, 0
1247, 22, 2, 40, 46, 0
1247, 22, 3, 41, 22, 0
1247, 22, 2, 41, 23, 0
1247, 22, 0, 41, 41, 0
1247, 22, 0, 42, 22, 0
1247, 22, 3, 43, 17, 0
1247, 22, 3, 43, 18, 0
1247, 22, 1, 43, 48, 0
1247, 22, 0, 43, 49, 0
1247, 22, 2, 44, 17, 0
1247, 22, 1, 44, 18, 0
1247, 22, 0, 44, 48, 0
1247, 22, 2, 45, 49, 0
1247, 22, 1, 46, 20, 0
1247, 22, 3, 47, 21, 0
1247, 22, 3, 47, 22, 0
1247, 22, 3, 47, 46, 0
1247, 22, 2, 47, 48, 0
1247, 22, 1, 47, 49, 0
1247, 22, 0, 47, 50, 0
1247, 22, 1, 48, 19, 0
1247, 22, 2, 48, 21, 0
1247, 22, 3, 48, 22, 0
1247, 22, 1, 48, 23, 0
1247, 22, 2, 48, 48, 0
1247, 22, 1, 48, 49, 0
1247, 22, 3, 50, 19, 0
1247, 22, 3, 50, 21, 0
1247, 22, 1, 50, 30, 0
1247, 22, 2, 50, 31, 0
1247, 22, 2, 51, 20, 0
1247, 22, 2, 51, 30, 0
1247, 22, 0, 51, 50, 0
1247, 22, 1, 52, 24, 0
1247, 22, 0, 52, 29, 0
1247, 22, 3, 52, 31, 0
1247, 22, 1, 52, 48, 0
1247, 22, 3, 53, 24, 0
1247, 22, 1, 53, 29, 0
1247, 22, 2, 53, 32, 0
1247, 22, 1, 53, 49, 0
1247, 22, 3, 53, 50, 0
1247, 22, 2, 54, 25, 0
1247, 22, 1, 54, 29, 0
1247, 22, 0, 54, 32, 0
1247, 22, 3, 54, 33, 0
1247, 22, 1, 55, 26, 0
1247, 22, 2, 56, 22, 0
1247, 22, 3, 56, 23, 0
1247, 22, 0, 56, 25, 0
1247, 22, 3, 57, 0, 0
1247, 22, 3, 57, 1, 0
1247, 22, 2, 58, 0, 0
1247, 22, 1, 58, 22, 0
1247, 22, 0, 58, 27, 0
1247, 22, 0, 59, 22, 0
1247, 22, 3, 59, 23, 0
1247, 22, 0, 59, 31, 0
1247, 22, 0, 59, 61, 0
1247, 22, 3, 60, 28, 0
1247, 22, 2, 60, 29, 0
1247, 22, 0, 60, 57, 0
1247, 22, 0, 60, 58, 0
1247, 22, 1, 60, 61, 0
1247, 22, 1, 61, 2, 0
1247, 22, 3, 61, 23, 0
1247, 22, 2, 61, 60, 0
1247, 22, 2, 62, 2, 0
1257, 22, 3, 21, 22, 0
1257, 22, 3, 21, 24, 0
1257, 22, 3, 21, 25, 0
1257, 22, 2, 21, 26, 0
1257, 22, 2, 22, 19, 0
1257, 22, 1, 22, 20, 0
1257, 22, 0, 22, 21, 0
1257, 22, 2, 22, 23, 0
1257, 22, 1, 22, 27, 0
1257, 22, 2, 23, 19, 0
1257, 22, 0, 23, 21, 0
1257, 22, 0, 23, 24, 0
1257, 22, 0, 23, 28, 0
1257, 22, 0, 24, 19, 0
1257, 22, 1, 24, 24, 0
1257, 22, 2, 24, 25, 0
1257, 22, 3, 24, 28, 0
1257, 22, 1, 25, 18, 0
1257, 22, 3, 25, 22, 0
1257, 22, 3, 25, 26, 0
1257, 22, 2, 25, 29, 0
1257, 22, 1, 26, 18, 0
1257, 22, 1, 26, 19, 0
1257, 22, 0, 26, 21, 0
1257, 22, 0, 26, 27, 0
1257, 22, 1, 26, 28, 0
1257, 22, 2, 27, 19, 0
1257, 22, 2, 27, 20, 0
1257, 22, 2, 31, 26, 0
1257, 22, 0, 31, 27, 0
1257, 22, 1, 32, 28, 0
1257, 22, 3, 33, 25, 0
1257, 22, 0, 34, 17, 0
1257, 22, 2, 34, 19, 0
1257, 22, 1, 34, 20, 0
1257, 22, 3, 35, 16, 0
1257, 22, 1, 35, 17, 0
1257, 22, 3, 35, 21, 0
1257, 22, 1, 35, 27, 0
1257, 22, 2, 36, 17, 0
1257, 22, 0, 36, 21, 0
1257, 22, 2, 36, 24, 0
1257, 22, 1, 36, 25, 0
1257, 22, 1, 37, 17, 0
1257, 22, 3, 37, 18, 0
1257, 22, 2, 37, 19, 0
1257, 22, 2, 37, 24, 0
1257, 22, 3, 38, 23, 0
1257, 22, 3, 38, 27, 0
1257, 22, 2, 39, 20, 0
1257, 22, 1, 39, 21, 0
1257, 22, 0, 39, 24, 0
1257, 22, 1, 39, 25, 0
1257, 22, 3, 39, 27, 0
1257, 22, 0, 40, 22, 0
1257, 22, 1, 40, 25, 0
1257, 22, 1, 40, 26, 0
1257, 22, 2, 40, 27, 0
1257, 22, 2, 41, 18, 0
1257, 22, 3, 42, 19, 0
1257, 22, 1, 43, 19, 0
1257, 22, 0, 43, 20, 0
1257, 22, 1, 43, 22, 0
1257, 22, 3, 44, 21, 0
1257, 22, 2, 45, 19, 0
1257, 22, 0, 45, 25, 0
1257, 22, 0, 47, 25, 0
1257, 22, 1, 47, 28, 0
1257, 22, 3, 48, 24, 0
1257, 22, 2, 48, 27, 0
1257, 22, 1, 48, 28, 0
1257, 22, 2, 48, 29, 0
1257, 22, 2, 49, 22, 0
1257, 22, 3, 49, 26, 0
1257, 22, 2, 50, 25, 0
1257, 22, 3, 50, 26, 0
1257, 22, 0, 50, 27, 0
1257, 22, 1, 51, 21, 0
1257, 22, 1, 51, 25, 0
1257, 22, 3, 51, 27, 0
1257, 22, 3, 51, 28, 0
1257, 22, 1, 51, 29, 0
1257, 22, 0, 52, 22, 0
1257, 22, 3, 53, 23, 0
1257, 22, 2, 53, 26, 0
1257, 22, 2, 53, 27, 0
1257, 22, 2, 54, 27, 0
1257, 22, 2, 54, 28, 0
1257, 22, 1, 56, 27, 0
1257, 22, 3, 56, 29, 0
1257, 22, 0, 56, 31, 0
1257, 22, 2, 57, 26, 0
1257, 22, 1, 57, 27, 0
1257, 22, 0, 58, 34, 0
1257, 22, 1, 58, 35, 0
1257, 22, 3, 59, 26, 0
1257, 22, 2, 59, 32, 0
1257, 22, 3, 59, 36, 0
1257, 22, 3, 60, 26, 0
1257, 22, 3, 61, 29, 0
1257, 22, 1, 61, 31, 0
1257, 22, 3, 61, 34, 0
1257, 22, 2, 61, 35, 0
1257, 22, 2, 62, 29, 0
1257, 22, 0, 62, 31, 0
1257, 22, 3, 62, 33, 0
1257, 22, 0, 63, 26, 0
1257, 22, 1, 63, 28, 0
1257, 22, 2, 63, 32, 0
1258, 22, 0, 22, 24, 0
1258, 22, 0, 22, 26, 0
1258, 22, 2, 23, 20, 0
1258, 22, 3, 23, 27, 0
1258, 22, 3, 24, 20, 0
1258, 22, 1, 24, 21, 0
1258, 22, 2, 24, 26, 0
1258, 22, 2, 25, 19, 0
1258, 22, 0, 25, 21, 0
1258, 22, 3, 32, 26, 0
1258, 22, 0, 34, 26, 0
1258, 22, 3, 36, 18, 0
1258, 22, 0, 36, 20, 0
1258, 22, 1, 37, 25, 0
1258, 22, 2, 37, 27, 0
1258, 22, 1, 38, 26, 0
1258, 22, 3, 39, 26, 0
1258, 22, 3, 40, 20, 0
1258, 22, 1, 41, 19, 0
1258, 22, 0, 41, 21, 0
1258, 22, 2, 42, 20, 0
1258, 22, 0, 42, 21, 0
1258, 22, 3, 44, 20, 0
1258, 22, 3, 49, 23, 0
1258, 22, 2, 49, 24, 0
1258, 22, 1, 49, 27, 0
1258, 22, 3, 49, 29, 0
1258, 22, 2, 50, 22, 0
1258, 22, 0, 50, 28, 0
1258, 22, 3, 51, 22, 0
1258, 22, 1, 51, 24, 0
1258, 22, 0, 52, 23, 0
1258, 22, 1, 56, 28, 0
1258, 22, 2, 58, 29, 0
1258, 22, 3, 59, 28, 0
1258, 22, 0, 59, 34, 0
1258, 22, 1, 59, 35, 0
1258, 22, 3, 60, 27, 0
1258, 22, 2, 60, 32, 0
1258, 22, 2, 60, 33, 0
1258, 22, 1, 60, 35, 0
1258, 22, 0, 61, 27, 0
1258, 22, 0, 61, 33, 0
1258, 22, 1, 62, 28, 0
1258, 22, 3, 63, 33, 0
1259, 22, 1, 22, 25, 0
1259, 22, 2, 23, 25, 0
1259, 22, 3, 23, 26, 0
1259, 22, 0, 24, 27, 0
1259, 22, 3, 25, 20, 0
1259, 22, 0, 25, 27, 0
1259, 22, 2, 25, 28, 0
1259, 22, 0, 26, 20, 0
1259, 22, 2, 32, 27, 0
1259, 22, 0, 33, 26, 0
1259, 22, 1, 33, 27, 0
1259, 22, 0, 34, 18, 0
1259, 22, 3, 35, 18, 0
1259, 22, 2, 35, 19, 0
1259, 22, 2, 35, 20, 0
1259, 22, 3, 36, 19, 0
1259, 22, 2, 37, 26, 0
1259, 22, 1, 38, 25, 0
1259, 22, 2, 40, 21, 0
1259, 22, 1, 41, 20, 0
1259, 22, 0, 43, 21, 0
1259, 22, 1, 49, 28, 0
1259, 22, 1, 50, 23, 0
1259, 22, 2, 50, 24, 0
1259, 22, 0, 50, 29, 0
1259, 22, 0, 51, 23, 0
1259, 22, 0, 53, 28, 0
1259, 22, 3, 55, 28, 0
1259, 22, 1, 58, 28, 0
1259, 22, 2, 60, 34, 0
1259, 22, 3, 61, 32, 0
1259, 22, 3, 62, 27, 0
1259, 22, 0, 62, 32, 0
1276, 10, 0, 0, 38, 0
1276, 10, 3, 1, 36, 0
1276, 10, 3, 23, 22, 0
1276, 10, 3, 26, 23, 0
1276, 10, 0, 26, 25, 0
1276, 10, 2, 28, 21, 0
1276, 10, 1, 31, 24, 0
1276, 10, 2, 32, 19, 0
1276, 10, 2, 35, 22, 0
1276, 10, 0, 39, 18, 0
1276, 10, 0, 39, 23, 0
1276, 10, 3, 41, 22, 0
1276, 10, 2, 43, 17, 0
1276, 10, 0, 46, 20, 0
1276, 10, 3, 47, 22, 0
1276, 10, 2, 51, 19, 0
1276, 10, 2, 53, 32, 0
1276, 10, 1, 55, 22, 0
1276, 10, 3, 58, 22, 0
1276, 10, 1, 61, 23, 0
1281, 10, 0, 28, 23, 0
1281, 10, 1, 48, 19, 0
1286, 10, 2, 10, 48, 0
1286, 10, 0, 11, 42, 0
1286, 10, 3, 13, 47, 0
1286, 10, 0, 14, 45, 0
1286, 10, 1, 18, 49, 0
1286, 10, 0, 21, 46, 0
1286, 10, 1, 23, 42, 0
1286, 10, 2, 27, 56, 0
1286, 10, 3, 34, 48, 0
1286, 10, 3, 38, 50, 0
1286, 10, 3, 42, 47, 0
1286, 10, 1, 44, 51, 0
1286, 10, 2, 45, 46, 0
1286, 10, 3, 52, 60, 0
1286, 10, 0, 53, 62, 0
1286, 10, 1, 58, 50, 0
1286, 10, 3, 58, 53, 0
1286, 10, 1, 61, 51, 0
1298, 11, 0, 24, 55, 0
1298, 11, 0, 33, 54, 0
1299, 11, 1, 5, 50, 0
1301, 10, 0, 7, 8, 0
1301, 10, 2, 7, 23, 0
1301, 10, 1, 8, 24, 0
1301, 10, 0, 8, 25, 0
1301, 10, 0, 9, 24, 0
1301, 10, 3, 10, 19, 0
1301, 10, 1, 11, 4, 0
1301, 10, 0, 13, 3, 0
1301, 10, 3, 14, 1, 0
1301, 10, 3, 14, 40, 0
1301, 10, 3, 15, 41, 0
1301, 10, 2, 16, 22, 0
1301, 10, 0, 16, 40, 0
1301, 10, 0, 17, 37, 0
1301, 10, 1, 17, 43, 0
1301, 10, 1, 18, 17, 0
1301, 10, 0, 18, 18, 0
1301, 10, 1, 19, 16, 0
1301, 10, 3, 19, 18, 0
1301, 10, 2, 19, 42, 0
1301, 10, 2, 20, 16, 0
1301, 10, 2, 23, 44, 0
1301, 10, 3, 25, 12, 0
1301, 10, 3, 26, 11, 0
1301, 10, 2, 26, 13, 0
1301, 10, 1, 26, 15, 0
1301, 10, 1, 26, 47, 0
1301, 10, 0, 27, 12, 0
1301, 10, 2, 27, 45, 0
1301, 10, 3, 27, 48, 0
1301, 10, 2, 27, 51, 0
1301, 10, 1, 29, 44, 0
1301, 10, 0, 32, 45, 0
1301, 10, 1, 33, 9, 0
1301, 10, 0, 34, 14, 0
1301, 10, 0, 35, 0, 0
1301, 10, 2, 37, 44, 0
1301, 10, 3, 38, 43, 0
1301, 10, 2, 39, 40, 0
1301, 10, 0, 40, 39, 0
1301, 10, 1, 40, 40, 0
1301, 10, 3, 41, 9, 0
1301, 10, 2, 42, 7, 0
1301, 10, 3, 42, 11, 0
1301, 10, 2, 43, 11, 0
1301, 10, 2, 43, 48, 0
1301, 10, 1, 44, 10, 0
1301, 10, 1, 44, 12, 0
1301, 10, 3, 45, 47, 0
1301, 10, 1, 45, 48, 0
1301, 10, 0, 46, 49, 0
1301, 10, 3, 47, 46, 0
1301, 10, 3, 47, 48, 0
1301, 10, 2, 51, 48, 0
1301, 10, 3, 51, 49, 0
1301, 10, 0, 52, 49, 0
1301, 10, 2, 54, 14, 0
1301, 10, 3, 57, 0, 0
1301, 10, 3, 57, 14, 0
1301, 10, 3, 58, 15, 0
1301, 10, 3, 59, 60, 0
1301, 10, 1, 60, 14, 0
1301, 10, 0, 60, 57, 0
1301, 10, 1, 60, 59, 0
1301, 10, 1, 61, 1, 0
1301, 10, 3, 61, 13, 0
1301, 10, 2, 62, 12, 0
1301, 10, 0, 62, 14, 0
1301, 10, 2, 62, 17, 0
1301, 10, 0, 63, 13, 0
1323, 10, 2, 27, 34, 0
1323, 10, 0, 31, 38, 0
1323, 10, 1, 32, 32, 0
1323, 10, 1, 34, 36, 0
1323, 10, 1, 35, 37, 0
1323, 10, 0, 35, 39, 0
1323, 10, 3, 48, 42, 0
1323, 10, 2, 49, 40, 0
1323, 10, 1, 54, 40, 0
1323, 10, 0, 54, 45, 0
1324, 10, 3, 29, 33, 0
1324, 10, 1, 29, 36, 0
1324, 10, 2, 32, 33, 0
1324, 10, 0, 32, 35, 0
1324, 10, 1, 49, 42, 0
1324, 10, 2, 51, 43, 0
1324, 10, 3, 52, 41, 0
1324, 10, 0, 52, 45, 0
1325, 10, 0, 28, 35, 0
1325, 10, 3, 28, 36, 0
1325, 10, 2, 30, 33, 0
1325, 10, 3, 30, 37, 0
1325, 10, 1, 32, 38, 0
1325, 10, 3, 33, 38, 0
1325, 10, 2, 34, 37, 0
1325, 10, 0, 34, 38, 0
1325, 10, 1, 35, 38, 0
1325, 10, 2, 42, 46, 0
1325, 10, 2, 43, 45, 0
1325, 10, 0, 47, 47, 0
1325, 10, 1, 48, 47, 0
1325, 10, 1, 49, 41, 0
1325, 10, 0, 50, 40, 0
1325, 10, 2, 50, 43, 0
1325, 10, 3, 52, 44, 0
1325, 10, 3, 54, 44, 0
1390, 10, 0, 3, 47, 0
1391, 10, 2, 1, 28, 0
1391, 10, 3, 1, 42, 0
1391, 10, 3, 2, 30, 0
1391, 10, 2, 2, 33, 0
1391, 10, 1, 2, 38, 0
1391, 10, 0, 3, 29, 0
1391, 10, 3, 3, 37, 0
1391, 10, 0, 3, 39, 0
1391, 10, 1, 4, 28, 0
1391, 10, 3, 4, 48, 0
1391, 10, 3, 7, 35, 0
1391, 10, 2, 8, 37, 0
1391, 10, 0, 8, 38, 0
1391, 10, 2, 9, 42, 0
1391, 10, 3, 10, 39, 0
1391, 10, 3, 10, 44, 0
1391, 10, 0, 11, 28, 0
1391, 10, 3, 11, 41, 0
1391, 10, 2, 11, 44, 0
1391, 10, 3, 12, 29, 0
1391, 10, 0, 12, 40, 0
1391, 10, 2, 12, 42, 0
1391, 10, 1, 13, 41, 0
1391, 10, 2, 13, 44, 0
1391, 10, 2, 14, 28, 0
1391, 10, 1, 18, 27, 0
1391, 10, 0, 19, 29, 0
1391, 10, 1, 21, 29, 0
1391, 10, 1, 21, 34, 0
1391, 10, 0, 21, 36, 0
1391, 10, 2, 22, 37, 0
1391, 10, 0, 23, 17, 0
1391, 10, 3, 23, 36, 0
1391, 10, 2, 25, 31, 0
1391, 10, 1, 26, 30, 0
1391, 10, 3, 26, 40, 0
1391, 10, 1, 27, 41, 0
1391, 10, 1, 28, 18, 0
1391, 10, 0, 28, 39, 0
1391, 10, 0, 29, 15, 0
1391, 10, 2, 29, 17, 0
1391, 10, 2, 29, 29, 0
1391, 10, 3, 31, 16, 0
1391, 10, 0, 32, 11, 0
1391, 10, 3, 32, 29, 0
1391, 10, 0, 34, 30, 0
1391, 10, 3, 35, 29, 0
1391, 10, 3, 35, 34, 0
1391, 10, 0, 35, 44, 0
1391, 10, 0, 36, 8, 0
1391, 10, 1, 36, 31, 0
1391, 10, 2, 36, 35, 0
1391, 10, 3, 37, 46, 0
1391, 10, 2, 39, 6, 0
1391, 10, 3, 40, 7, 0
1391, 10, 3, 43, 43, 0
1391, 10, 2, 44, 44, 0
1391, 10, 1, 45, 43, 0
1391, 10, 2, 48, 34, 0
1391, 10, 1, 50, 35, 0
1391, 10, 2, 50, 51, 0
1391, 10, 0, 56, 34, 0
1391, 10, 0, 56, 45, 0
1391, 10, 0, 58, 36, 0
1391, 10, 3, 58, 42, 0
1391, 10, 3, 59, 37, 0
1391, 10, 2, 59, 44, 0
1391, 10, 2, 60, 36, 0
1391, 10, 1, 60, 45, 0
1391, 10, 1, 61, 34, 0
1391, 10, 1, 61, 53, 0
1391, 10, 2, 62, 52, 0
1391, 10, 0, 62, 54, 0
1602, 3, 1, 0, 18, 0
1602, 3, 1, 1, 12, 0
1602, 3, 1, 1, 47, 0
1602, 3, 1, 4, 8, 0
1602, 3, 1, 7, 5, 0
1602, 3, 1, 7, 43, 0
1602, 3, 1, 10, 3, 0
1602, 3, 0, 10, 56, 0
1602, 3, 2, 11, 54, 0
1602, 3, 0, 12, 58, 0
1602, 3, 2, 14, 53, 0
1602, 3, 0, 14, 61, 0
1602, 3, 0, 15, 43, 0
1602, 3, 1, 16, 2, 0
1602, 3, 1, 16, 62, 0
1602, 3, 2, 17, 57, 0
1602, 3, 1, 17, 59, 0
1602, 3, 0, 19, 46, 0
1602, 3, 0, 22, 2, 0
1602, 3, 0, 22, 49, 0
1602, 3, 1, 25, 2, 0
1602, 3, 0, 25, 52, 0
1602, 3, 0, 29, 2, 0
1602, 3, 1, 30, 51, 0
1602, 3, 0, 31, 5, 0
1602, 3, 3, 31, 63, 0
1602, 3, 3, 34, 60, 0
1602, 3, 1, 38, 5, 0
1602, 3, 1, 38, 50, 0
1602, 3, 0, 42, 50, 0
1602, 3, 2, 42, 58, 0
1602, 3, 1, 43, 2, 0
1602, 3, 2, 44, 59, 0
1602, 3, 0, 47, 52, 0
1602, 3, 2, 47, 62, 0
1602, 3, 2, 50, 3, 0
1602, 3, 0, 50, 54, 0
1602, 3, 0, 54, 58, 0
1602, 3, 2, 57, 3, 0
1602, 3, 0, 58, 62, 0
1624, 3, 0, 13, 31, 0
1624, 2, 3, 13, 35, 0
1624, 3, 0, 13, 37, 0
1624, 3, 3, 14, 35, 0
1624, 3, 0, 15, 37, 0
1624, 2, 2, 16, 35, 0
1624, 3, 1, 16, 36, 0
1624, 1, 0, 17, 32, 0
1625, 0, 1, 16, 32, 0
1626, 1, 2, 9, 37, 0
1626, 3, 0, 10, 34, 0
1626, 3, 0, 10, 35, 0
1626, 1, 2, 10, 38, 0
1626, 3, 0, 11, 32, 0
1626, 1, 2, 11, 39, 0
1626, 3, 0, 12, 32, 0
1626, 3, 0, 13, 30, 0
1626, 2, 0, 13, 32, 0
1626, 0, 0, 13, 38, 0
1626, 3, 1, 14, 31, 0
1626, 2, 1, 14, 32, 0
1626, 3, 2, 15, 35, 0
1626, 0, 0, 15, 38, 0
1626, 1, 0, 18, 33, 0
1626, 3, 2, 18, 36, 0
1626, 9, 0, 19, 33, 0
1626, 3, 2, 19, 36, 0
1626, 1, 0, 20, 33, 0
1626, 1, 0, 21, 34, 0
1627, 9, 2, 10, 37, 0
1627, 0, 3, 12, 39, 0
1627, 0, 3, 13, 39, 0
1627, 0, 1, 15, 32, 0
1627, 9, 0, 20, 34, 0
1627, 0, 0, 21, 36, 0
1628, 9, 2, 11, 38, 0
1628, 0, 3, 14, 39, 0
1628, 0, 3, 15, 39, 0
1628, 0, 3, 16, 39, 0
1628, 9, 0, 17, 33, 0
1628, 9, 0, 18, 34, 0
1628, 0, 0, 21, 35, 0
1629, 22, 2, 9, 36, 0
1629, 22, 3, 10, 32, 0
1629, 22, 2, 11, 31, 0
1629, 22, 1, 11, 32, 0
1629, 22, 0, 13, 34, 0
1629, 22, 0, 13, 37, 0
1629, 22, 0, 15, 35, 0
1629, 22, 3, 17, 35, 0
1629, 22, 0, 19, 36, 0
1630, 22, 2, 9, 35, 0
1630, 22, 1, 10, 31, 0
1630, 22, 0, 11, 34, 0
1630, 22, 0, 13, 33, 0
1630, 22, 3, 15, 33, 0
1630, 22, 0, 15, 37, 0
1630, 22, 1, 17, 31, 0
1630, 22, 3, 18, 35, 0
1630, 22, 0, 19, 37, 0
1630, 22, 3, 20, 35, 0
2811, 10, 0, 3, 45, 0
2836, 10, 3, 0, 43, 0
2836, 10, 1, 1, 44, 0
2836, 10, 0, 1, 45, 0
2836, 10, 0, 2, 46, 0
2837, 10, 3, 6, 44, 0
5814, 22, 0, 49, 25, 0
5814, 22, 2, 49, 30, 0
5814, 22, 0, 52, 25, 0
5814, 22, 2, 52, 30, 0
5814, 22, 0, 55, 25, 0
5814, 22, 2, 55, 30, 0
5814, 22, 0, 58, 25, 0
5814, 22, 2, 58, 30, 0
5820, 10, 0, 58, 25, 0
5820, 10, 2, 58, 30, 0
5821, 10, 0, 52, 25, 0
5821, 10, 2, 52, 30, 0
5822, 10, 0, 55, 25, 0
5822, 10, 2, 55, 30, 0
5823, 10, 0, 49, 25, 0
5823, 10, 2, 49, 30, 0
5825, 10, 3, 44, 26, 0
