85, 9, 3, 10, 29, 0
85, 9, 0, 13, 28, 0
85, 9, 1, 14, 28, 0
85, 0, 3, 15, 28, 0
85, 9, 3, 16, 27, 0
85, 9, 3, 17, 23, 0
85, 0, 0, 17, 24, 0
85, 0, 0, 17, 25, 0
85, 0, 0, 17, 26, 0
85, 9, 3, 18, 22, 0
85, 9, 3, 19, 21, 0
85, 9, 3, 20, 20, 0
85, 0, 3, 21, 20, 0
85, 9, 3, 22, 19, 0
85, 0, 3, 23, 19, 0
85, 0, 1, 24, 18, 0
85, 0, 1, 25, 18, 0
85, 0, 1, 26, 18, 0
85, 0, 1, 27, 18, 0
85, 0, 1, 28, 18, 0
85, 9, 1, 28, 21, 0
85, 0, 3, 29, 19, 0
85, 0, 1, 29, 20, 0
85, 0, 3, 30, 19, 0
85, 0, 1, 30, 20, 0
85, 0, 3, 31, 19, 0
85, 0, 3, 32, 19, 0
85, 0, 1, 32, 20, 0
85, 9, 3, 33, 18, 0
85, 0, 1, 33, 20, 0
85, 0, 3, 34, 18, 0
85, 9, 3, 35, 17, 0
85, 0, 3, 36, 17, 0
85, 9, 3, 37, 16, 0
85, 9, 0, 38, 12, 0
85, 9, 3, 38, 15, 0
85, 0, 0, 39, 13, 0
85, 0, 0, 39, 14, 0
196, 4, 3, 14, 36, 0
196, 4, 1, 14, 38, 0
196, 4, 3, 22, 32, 0
196, 4, 2, 24, 39, 0
196, 4, 2, 24, 41, 0
196, 4, 2, 28, 34, 0
196, 5, 0, 20, 36, 1
196, 5, 0, 20, 38, 1
196, 4, 1, 21, 39, 1
196, 4, 1, 23, 39, 1
299, 10, 2, 28, 46, 0
300, 10, 2, 29, 44, 0
324, 22, 0, 0, 49, 0
324, 22, 3, 0, 53, 0
324, 22, 0, 0, 59, 0
324, 22, 1, 1, 46, 0
324, 22, 1, 2, 57, 0
324, 22, 2, 3, 32, 0
324, 22, 1, 3, 36, 0
324, 22, 0, 3, 40, 0
324, 22, 2, 3, 44, 0
324, 22, 3, 4, 41, 0
324, 22, 3, 5, 30, 0
324, 22, 0, 7, 28, 0
324, 22, 2, 8, 35, 0
324, 22, 1, 9, 28, 0
324, 22, 1, 10, 38, 0
324, 22, 3, 11, 33, 0
324, 22, 0, 11, 40, 0
324, 22, 3, 12, 42, 0
324, 22, 2, 14, 32, 0
324, 22, 3, 14, 43, 0
324, 22, 2, 15, 26, 0
324, 22, 3, 16, 24, 0
324, 22, 1, 16, 31, 0
324, 22, 0, 17, 22, 0
324, 22, 1, 17, 45, 0
324, 22, 0, 18, 30, 0
324, 22, 3, 19, 29, 0
324, 22, 0, 19, 46, 0
324, 22, 2, 20, 19, 0
324, 22, 3, 22, 18, 0
324, 22, 2, 22, 28, 0
324, 22, 3, 23, 49, 0
324, 22, 1, 24, 27, 0
324, 22, 0, 25, 26, 0
324, 22, 0, 27, 17, 0
324, 22, 2, 27, 49, 0
324, 22, 1, 29, 17, 0
324, 22, 3, 31, 18, 0
324, 22, 1, 33, 17, 0
324, 22, 2, 36, 16, 0
324, 22, 1, 37, 58, 0
324, 22, 0, 37, 62, 0
324, 22, 3, 38, 13, 0
325, 22, 0, 0, 48, 0
325, 22, 3, 0, 50, 0
325, 22, 2, 0, 52, 0
325, 22, 1, 0, 54, 0
325, 22, 0, 0, 55, 0
325, 22, 1, 0, 56, 0
325, 22, 2, 0, 58, 0
325, 22, 1, 0, 60, 0
325, 22, 0, 0, 61, 0
325, 22, 2, 1, 45, 0
325, 22, 1, 1, 47, 0
325, 22, 0, 1, 54, 0
325, 22, 2, 1, 56, 0
325, 22, 3, 1, 57, 0
325, 22, 2, 1, 58, 0
325, 22, 3, 2, 44, 0
325, 22, 3, 2, 56, 0
325, 22, 3, 3, 33, 0
325, 22, 2, 3, 35, 0
325, 22, 1, 3, 37, 0
325, 22, 0, 3, 39, 0
325, 22, 2, 3, 41, 0
325, 22, 1, 3, 43, 0
325, 22, 1, 4, 30, 0
325, 22, 0, 4, 31, 0
325, 22, 3, 4, 40, 0
325, 22, 2, 6, 29, 0
325, 22, 0, 8, 28, 0
325, 22, 3, 8, 34, 0
325, 22, 2, 8, 36, 0
325, 22, 1, 10, 28, 0
325, 22, 1, 10, 33, 0
325, 22, 1, 10, 37, 0
325, 22, 0, 11, 39, 0
325, 22, 3, 11, 41, 0
325, 22, 0, 12, 32, 0
325, 22, 2, 12, 41, 0
325, 22, 1, 13, 42, 0
325, 22, 2, 15, 25, 0
325, 22, 0, 15, 43, 0
325, 22, 3, 17, 23, 0
325, 22, 3, 17, 30, 0
325, 22, 1, 18, 21, 0
325, 22, 3, 18, 45, 0
325, 22, 2, 20, 46, 0
325, 22, 2, 21, 19, 0
325, 22, 2, 21, 29, 0
325, 22, 3, 23, 18, 0
325, 22, 1, 23, 27, 0
325, 22, 1, 23, 47, 0
325, 22, 0, 23, 48, 0
325, 22, 0, 24, 17, 0
325, 22, 3, 24, 49, 0
325, 22, 1, 26, 17, 0
325, 22, 2, 26, 49, 0
325, 22, 2, 28, 17, 0
325, 22, 0, 28, 49, 0
325, 22, 1, 28, 50, 0
325, 22, 3, 29, 49, 0
325, 22, 3, 30, 18, 0
325, 22, 0, 32, 18, 0
325, 22, 1, 35, 16, 0
325, 22, 0, 37, 13, 0
325, 22, 2, 37, 15, 0
325, 22, 0, 37, 57, 0
325, 22, 1, 37, 59, 0
325, 22, 2, 37, 61, 0
325, 22, 3, 38, 14, 0
326, 22, 0, 0, 51, 0
326, 22, 2, 0, 57, 0
326, 22, 3, 1, 55, 0
326, 22, 1, 2, 45, 0
326, 22, 0, 3, 34, 0
326, 22, 3, 3, 38, 0
326, 22, 2, 3, 42, 0
326, 22, 2, 5, 29, 0
326, 22, 3, 9, 27, 0
326, 22, 0, 9, 33, 0
326, 22, 1, 9, 36, 0
326, 22, 3, 13, 32, 0
326, 22, 0, 14, 27, 0
326, 22, 1, 15, 31, 0
326, 22, 2, 16, 43, 0
326, 22, 1, 19, 20, 0
326, 22, 0, 20, 29, 0
326, 22, 3, 21, 46, 0
326, 22, 3, 23, 28, 0
326, 22, 2, 25, 17, 0
326, 22, 0, 25, 49, 0
326, 22, 0, 29, 18, 0
326, 22, 1, 29, 50, 0
326, 22, 1, 34, 17, 0
326, 22, 2, 37, 14, 0
326, 22, 3, 37, 60, 0
380, 10, 0, 21, 32, 1
380, 10, 2, 24, 38, 1
381, 10, 3, 23, 32, 1
444, 10, 3, 10, 22, 0
444, 10, 3, 16, 20, 0
444, 10, 3, 22, 16, 0
444, 11, 2, 38, 1, 0
444, 11, 2, 38, 44, 0
444, 10, 2, 44, 53, 0
444, 11, 1, 45, 42, 0
444, 10, 0, 47, 44, 0
444, 11, 0, 52, 3, 0
445, 10, 3, 13, 20, 0
445, 10, 0, 17, 17, 0
445, 11, 2, 31, 1, 0
445, 11, 2, 34, 3, 0
445, 11, 1, 42, 52, 0
445, 11, 2, 49, 6, 0
445, 10, 3, 50, 54, 0
445, 11, 1, 51, 50, 0
462, 10, 1, 53, 14, 0
462, 10, 3, 55, 18, 0
462, 10, 2, 58, 12, 0
462, 10, 3, 60, 11, 0
463, 10, 0, 56, 17, 0
463, 10, 2, 56, 19, 0
463, 10, 1, 58, 15, 0
463, 10, 3, 60, 17, 0
463, 10, 2, 62, 17, 0
518, 10, 1, 6, 42, 0
576, 10, 1, 14, 37, 0
592, 10, 0, 26, 35, 0
595, 10, 3, 21, 41, 0
595, 10, 3, 23, 41, 0
602, 10, 2, 24, 32, 1
611, 10, 1, 48, 24, 0
611, 10, 1, 48, 35, 0
611, 10, 1, 55, 30, 0
611, 10, 1, 60, 30, 0
683, 10, 2, 21, 32, 0
689, 10, 2, 28, 33, 0
690, 11, 0, 24, 34, 0
690, 10, 1, 25, 32, 0
690, 10, 1, 27, 32, 0
756, 22, 2, 52, 52, 0
756, 22, 3, 52, 53, 0
756, 22, 2, 54, 51, 0
756, 22, 2, 54, 54, 0
756, 22, 2, 56, 51, 0
756, 22, 2, 56, 54, 0
756, 22, 2, 58, 51, 0
756, 22, 2, 58, 54, 0
756, 22, 2, 59, 49, 0
756, 22, 2, 59, 56, 0
756, 22, 2, 61, 48, 0
756, 22, 2, 61, 57, 0
756, 22, 2, 63, 48, 0
756, 22, 2, 63, 57, 0
825, 22, 3, 42, 29, 0
825, 22, 2, 51, 14, 0
827, 22, 1, 42, 62, 0
827, 22, 0, 52, 16, 0
840, 4, 0, 15, 35, 0
840, 4, 0, 15, 39, 0
871, 10, 0, 28, 35, 0
875, 10, 2, 27, 34, 0
888, 4, 3, 17, 35, 0
888, 4, 1, 19, 39, 0
888, 4, 2, 24, 33, 1
889, 4, 1, 17, 39, 0
889, 4, 3, 19, 35, 0
889, 4, 2, 24, 37, 1
891, 4, 0, 21, 34, 0
894, 4, 0, 20, 40, 0
917, 22, 3, 22, 33, 1
917, 22, 0, 22, 35, 1
917, 22, 2, 23, 33, 1
917, 22, 1, 23, 35, 1
918, 22, 3, 22, 34, 1
918, 22, 1, 23, 34, 1
956, 22, 3, 17, 35, 0
956, 22, 2, 28, 33, 0
976, 22, 3, 16, 36, 0
976, 22, 0, 16, 38, 0
976, 22, 2, 20, 36, 0
976, 22, 1, 20, 38, 0
977, 22, 3, 16, 37, 0
977, 22, 2, 17, 36, 0
977, 22, 0, 17, 38, 0
977, 22, 2, 18, 36, 0
977, 22, 0, 18, 38, 0
977, 22, 2, 19, 36, 0
977, 22, 0, 19, 38, 0
977, 22, 1, 20, 37, 0
978, 22, 2, 17, 37, 0
978, 22, 2, 18, 37, 0
978, 22, 2, 19, 37, 0
979, 0, 0, 28, 22, 0
979, 0, 0, 28, 23, 0
979, 9, 0, 28, 24, 0
979, 1, 0, 29, 24, 0
979, 9, 0, 29, 25, 0
979, 1, 0, 30, 25, 0
979, 9, 0, 30, 26, 0
979, 9, 3, 30, 49, 0
979, 1, 0, 31, 26, 0
979, 9, 0, 31, 27, 0
979, 9, 3, 31, 48, 0
979, 1, 3, 31, 49, 0
979, 1, 0, 32, 27, 0
979, 9, 0, 32, 28, 0
979, 9, 3, 32, 47, 0
979, 1, 3, 32, 48, 0
979, 1, 0, 33, 28, 0
979, 0, 0, 33, 29, 0
979, 0, 0, 33, 30, 0
979, 0, 0, 33, 31, 0
979, 0, 0, 33, 32, 0
979, 0, 0, 33, 33, 0
979, 0, 0, 33, 34, 0
979, 0, 0, 33, 35, 0
979, 0, 0, 33, 36, 0
979, 0, 0, 33, 37, 0
979, 0, 0, 33, 38, 0
979, 0, 0, 33, 39, 0
979, 0, 0, 33, 42, 0
979, 0, 0, 33, 43, 0
979, 0, 0, 33, 44, 0
979, 0, 0, 33, 45, 0
979, 0, 0, 33, 46, 0
979, 1, 3, 33, 47, 0
980, 9, 3, 10, 34, 0
980, 0, 0, 10, 35, 0
980, 9, 0, 10, 36, 0
980, 0, 3, 11, 34, 0
980, 0, 0, 11, 37, 0
980, 9, 0, 11, 38, 0
980, 0, 3, 12, 34, 0
980, 0, 0, 12, 39, 0
980, 9, 0, 12, 40, 0
980, 9, 3, 13, 33, 0
980, 1, 3, 13, 34, 0
980, 1, 0, 13, 40, 0
980, 9, 0, 13, 41, 0
980, 0, 3, 14, 33, 0
980, 0, 1, 14, 41, 0
980, 0, 3, 15, 33, 0
980, 0, 1, 15, 41, 0
980, 0, 3, 16, 33, 0
980, 1, 0, 16, 41, 0
980, 9, 0, 16, 42, 0
980, 9, 3, 17, 32, 0
980, 1, 3, 17, 33, 0
980, 1, 0, 17, 42, 0
980, 9, 0, 17, 43, 0
980, 9, 3, 18, 31, 0
980, 1, 3, 18, 32, 0
980, 0, 1, 18, 43, 0
980, 9, 3, 19, 30, 0
980, 1, 3, 19, 31, 0
980, 9, 0, 19, 44, 0
980, 0, 3, 20, 30, 0
980, 9, 0, 20, 45, 0
980, 0, 3, 21, 30, 0
980, 0, 1, 21, 45, 0
980, 1, 1, 22, 29, 0
980, 0, 3, 22, 30, 0
980, 0, 1, 22, 45, 0
980, 1, 1, 23, 28, 0
980, 9, 1, 23, 29, 0
980, 1, 0, 23, 45, 0
980, 9, 0, 23, 46, 0
980, 0, 1, 24, 28, 0
980, 1, 0, 24, 46, 0
980, 9, 0, 24, 47, 0
980, 1, 1, 25, 27, 0
980, 9, 1, 25, 28, 0
980, 1, 0, 25, 47, 0
980, 9, 0, 25, 48, 0
980, 0, 2, 26, 24, 0
980, 0, 2, 26, 25, 0
980, 0, 2, 26, 26, 0
980, 9, 1, 26, 27, 0
980, 0, 1, 26, 48, 0
980, 0, 1, 27, 48, 0
980, 0, 1, 28, 48, 0
980, 0, 1, 29, 48, 0
980, 9, 3, 45, 21, 0
980, 0, 0, 45, 22, 0
980, 0, 0, 45, 23, 0
980, 0, 0, 45, 24, 0
980, 0, 0, 45, 25, 0
980, 9, 0, 45, 26, 0
980, 9, 3, 46, 20, 0
980, 1, 3, 46, 21, 0
980, 1, 0, 46, 26, 0
980, 0, 0, 46, 27, 0
980, 0, 0, 46, 28, 0
980, 0, 0, 46, 29, 0
980, 0, 0, 46, 30, 0
980, 0, 0, 46, 31, 0
980, 0, 0, 46, 32, 0
980, 0, 0, 46, 35, 0
980, 0, 0, 46, 36, 0
980, 9, 0, 46, 37, 0
980, 0, 3, 47, 20, 0
980, 1, 0, 47, 37, 0
980, 9, 0, 47, 38, 0
980, 0, 3, 48, 20, 0
980, 0, 1, 48, 38, 0
980, 0, 1, 49, 38, 0
980, 9, 2, 50, 20, 0
980, 1, 2, 50, 21, 0
980, 1, 1, 50, 37, 0
980, 9, 1, 50, 38, 0
980, 9, 2, 51, 21, 0
980, 1, 2, 51, 22, 0
980, 0, 1, 51, 37, 0
980, 0, 3, 52, 22, 0
980, 0, 1, 52, 37, 0
980, 9, 2, 53, 22, 0
980, 1, 2, 53, 23, 0
980, 0, 1, 53, 37, 0
980, 9, 2, 54, 23, 0
980, 1, 2, 54, 24, 0
980, 0, 1, 54, 37, 0
980, 9, 2, 55, 24, 0
980, 1, 2, 55, 25, 0
980, 1, 1, 55, 36, 0
980, 9, 1, 55, 37, 0
980, 9, 2, 56, 25, 0
980, 1, 2, 56, 26, 0
980, 1, 1, 56, 35, 0
980, 9, 1, 56, 36, 0
980, 0, 3, 57, 26, 0
980, 1, 1, 57, 34, 0
980, 9, 1, 57, 35, 0
980, 9, 0, 58, 26, 0
980, 0, 1, 58, 34, 0
980, 1, 0, 59, 26, 0
980, 9, 0, 59, 27, 0
980, 1, 1, 59, 33, 0
980, 9, 1, 59, 34, 0
980, 0, 3, 60, 28, 0
980, 0, 1, 60, 33, 0
980, 0, 3, 61, 28, 0
980, 0, 1, 61, 33, 0
980, 0, 3, 62, 28, 0
980, 0, 1, 62, 33, 0
980, 9, 2, 63, 28, 0
980, 0, 2, 63, 29, 0
980, 9, 1, 63, 33, 0
981, 3, 1, 26, 23, 0
981, 3, 0, 30, 48, 0
981, 3, 3, 46, 33, 0
981, 3, 0, 46, 34, 0
991, 0, 3, 49, 20, 0
991, 0, 2, 63, 31, 0
992, 0, 2, 63, 30, 0
992, 0, 2, 63, 32, 0
994, 0, 1, 21, 36, 1
994, 0, 0, 21, 37, 1
994, 2, 0, 21, 38, 1
994, 0, 1, 22, 36, 1
994, 0, 0, 23, 37, 1
994, 0, 0, 23, 38, 1
994, 0, 3, 36, 8, 1
994, 0, 1, 36, 9, 1
994, 0, 3, 37, 8, 1
994, 0, 1, 37, 9, 1
994, 0, 3, 38, 8, 1
994, 0, 1, 38, 9, 1
994, 0, 3, 39, 8, 1
994, 0, 1, 39, 9, 1
994, 0, 3, 40, 8, 1
994, 0, 1, 40, 9, 1
1022, 4, 2, 24, 37, 0
1023, 4, 2, 24, 38, 0
1102, 10, 0, 16, 36, 0
1102, 11, 0, 17, 37, 0
1102, 11, 0, 18, 36, 0
1106, 10, 0, 16, 39, 0
1106, 10, 3, 21, 33, 0
1106, 10, 2, 25, 16, 0
1106, 10, 2, 29, 15, 0
1106, 10, 1, 45, 12, 0
1107, 4, 0, 20, 41, 0
1107, 4, 0, 20, 42, 0
1107, 4, 1, 21, 43, 0
1107, 4, 1, 22, 43, 0
1107, 4, 1, 23, 43, 0
1107, 4, 2, 24, 42, 0
1119, 11, 3, 34, 43, 0
1119, 11, 3, 34, 48, 0
1119, 11, 2, 35, 29, 0
1119, 11, 3, 39, 33, 0
1120, 11, 0, 34, 35, 0
1120, 11, 2, 51, 38, 0
1120, 10, 3, 53, 26, 0
1162, 11, 0, 35, 13, 0
1162, 10, 0, 35, 15, 0
1162, 11, 2, 36, 10, 0
1162, 11, 2, 37, 5, 0
1162, 11, 2, 38, 3, 0
1162, 11, 2, 40, 10, 0
1162, 11, 0, 40, 16, 0
1187, 10, 0, 48, 38, 0
1187, 10, 3, 49, 45, 0
1187, 10, 3, 50, 32, 0
1187, 10, 1, 51, 57, 0
1187, 10, 0, 52, 36, 0
1187, 10, 0, 52, 62, 0
1187, 10, 1, 55, 36, 0
1187, 10, 0, 55, 59, 0
1187, 10, 2, 56, 63, 0
1187, 10, 0, 57, 45, 0
1187, 10, 0, 58, 27, 0
1187, 10, 0, 58, 58, 0
1187, 10, 1, 59, 60, 0
1187, 10, 1, 61, 46, 0
1187, 10, 0, 61, 61, 0
1187, 10, 1, 63, 29, 0
1188, 10, 1, 45, 23, 0
1188, 11, 1, 45, 55, 0
1188, 10, 1, 46, 22, 0
1188, 10, 3, 46, 35, 0
1188, 10, 2, 47, 20, 0
1188, 10, 1, 48, 58, 0
1188, 10, 0, 49, 60, 0
1188, 10, 0, 51, 45, 0
1188, 10, 0, 53, 23, 0
1188, 10, 0, 53, 29, 0
1188, 10, 2, 53, 37, 0
1188, 10, 2, 54, 58, 0
1188, 10, 1, 56, 49, 0
1188, 10, 3, 57, 34, 0
1188, 10, 3, 58, 32, 0
1188, 10, 2, 58, 42, 0
1188, 10, 1, 58, 46, 0
1188, 10, 3, 62, 63, 0
1194, 10, 0, 45, 7, 0
1194, 10, 1, 47, 7, 0
1194, 10, 3, 48, 5, 0
1194, 10, 2, 48, 8, 0
1195, 10, 1, 60, 51, 0
1195, 10, 2, 60, 54, 0
1195, 10, 3, 62, 50, 0
1195, 10, 2, 62, 55, 0
1197, 10, 0, 61, 50, 0
1197, 10, 1, 61, 55, 0
1197, 10, 1, 63, 51, 0
1197, 10, 2, 63, 54, 0
1244, 22, 0, 5, 23, 0
1244, 22, 0, 16, 1, 0
1244, 22, 2, 18, 8, 0
1244, 22, 1, 26, 14, 0
1244, 22, 2, 26, 47, 0
1244, 22, 1, 33, 7, 0
1244, 22, 2, 35, 46, 0
1244, 22, 1, 38, 48, 0
1244, 22, 1, 40, 7, 0
1244, 22, 2, 42, 50, 0
1244, 22, 2, 43, 5, 0
1244, 22, 3, 43, 30, 0
1244, 22, 3, 43, 56, 0
1244, 22, 1, 45, 19, 0
1244, 22, 2, 45, 26, 0
1244, 22, 0, 47, 37, 0
1244, 22, 2, 56, 6, 0
1244, 22, 3, 57, 15, 0
1244, 22, 1, 60, 40, 0
1244, 22, 3, 62, 2, 0
1244, 22, 1, 62, 5, 0
1244, 22, 1, 62, 28, 0
1245, 22, 3, 1, 15, 0
1245, 22, 2, 3, 17, 0
1245, 22, 1, 16, 10, 0
1245, 22, 0, 20, 16, 0
1245, 22, 2, 24, 7, 0
1245, 22, 1, 25, 13, 0
1245, 22, 1, 28, 9, 0
1245, 22, 1, 29, 12, 0
1245, 22, 3, 34, 23, 0
1245, 22, 3, 35, 50, 0
1245, 22, 2, 38, 47, 0
1245, 22, 1, 39, 17, 0
1245, 22, 2, 40, 23, 0
1245, 22, 1, 41, 6, 0
1245, 22, 2, 41, 15, 0
1245, 22, 3, 42, 1, 0
1245, 22, 2, 43, 46, 0
1245, 22, 0, 43, 51, 0
1245, 22, 1, 44, 51, 0
1245, 22, 2, 45, 0, 0
1245, 22, 1, 45, 37, 0
1245, 22, 1, 45, 44, 0
1245, 22, 0, 46, 4, 0
1245, 22, 3, 47, 4, 0
1245, 22, 0, 47, 18, 0
1245, 22, 3, 47, 24, 0
1245, 22, 2, 47, 47, 0
1245, 22, 1, 49, 2, 0
1245, 22, 3, 50, 50, 0
1245, 22, 2, 52, 1, 0
1245, 22, 3, 53, 0, 0
1245, 22, 2, 55, 2, 0
1245, 22, 2, 55, 8, 0
1245, 22, 3, 59, 3, 0
1245, 22, 2, 61, 21, 0
1246, 22, 3, 6, 17, 0
1246, 22, 1, 9, 7, 0
1246, 22, 2, 11, 7, 0
1246, 22, 2, 12, 9, 0
1246, 22, 0, 14, 19, 0
1246, 22, 2, 16, 12, 0
1246, 22, 3, 18, 14, 0
1246, 22, 2, 28, 7, 0
1246, 22, 3, 30, 7, 0
1246, 22, 3, 41, 26, 0
1246, 22, 0, 42, 24, 0
1246, 22, 3, 42, 26, 0
1246, 22, 0, 45, 58, 0
1246, 22, 1, 45, 59, 0
1246, 22, 0, 46, 30, 0
1246, 22, 3, 46, 56, 0
1246, 22, 0, 47, 29, 0
1246, 22, 1, 47, 40, 0
1246, 22, 2, 47, 56, 0
1246, 22, 2, 47, 58, 0
1246, 22, 1, 48, 28, 0
1246, 22, 1, 48, 42, 0
1246, 22, 2, 49, 20, 0
1246, 22, 1, 49, 39, 0
1246, 22, 2, 49, 40, 0
1246, 22, 3, 49, 58, 0
1246, 22, 0, 50, 22, 0
1246, 22, 0, 50, 48, 0
1246, 22, 2, 50, 61, 0
1246, 22, 3, 51, 10, 0
1246, 22, 3, 51, 46, 0
1246, 22, 0, 52, 20, 0
1246, 22, 0, 52, 45, 0
1246, 22, 3, 52, 61, 0
1246, 22, 3, 53, 10, 0
1246, 22, 2, 53, 12, 0
1246, 22, 1, 53, 27, 0
1246, 22, 0, 53, 47, 0
1246, 22, 1, 53, 58, 0
1246, 22, 0, 54, 26, 0
1246, 22, 1, 54, 47, 0
1246, 22, 2, 54, 62, 0
1246, 22, 3, 55, 11, 0
1246, 22, 3, 55, 13, 0
1246, 22, 1, 56, 44, 0
1246, 22, 1, 56, 57, 0
1246, 22, 3, 56, 61, 0
1246, 22, 0, 57, 12, 0
1246, 22, 0, 57, 47, 0
1246, 22, 3, 58, 23, 0
1246, 22, 3, 58, 43, 0
1246, 22, 2, 58, 60, 0
1246, 22, 3, 59, 24, 0
1246, 22, 2, 59, 34, 0
1246, 22, 3, 59, 44, 0
1246, 22, 2, 59, 63, 0
1246, 22, 2, 60, 37, 0
1246, 22, 0, 60, 43, 0
1246, 22, 2, 60, 58, 0
1246, 22, 1, 60, 62, 0
1246, 22, 0, 61, 23, 0
1246, 22, 3, 61, 25, 0
1246, 22, 3, 61, 34, 0
1246, 22, 3, 61, 35, 0
1246, 22, 1, 61, 62, 0
1246, 22, 3, 62, 42, 0
1247, 22, 2, 5, 18, 0
1247, 22, 2, 8, 16, 0
1247, 22, 3, 8, 18, 0
1247, 22, 3, 13, 18, 0
1247, 22, 3, 15, 17, 0
1247, 22, 3, 15, 18, 0
1247, 22, 2, 17, 19, 0
1247, 22, 3, 21, 3, 0
1247, 22, 3, 21, 5, 0
1247, 22, 2, 22, 3, 0
1247, 22, 3, 22, 5, 0
1247, 22, 0, 38, 1, 0
1247, 22, 1, 38, 2, 0
1247, 22, 2, 42, 25, 0
1247, 22, 3, 46, 28, 0
1247, 22, 2, 46, 57, 0
1247, 22, 2, 47, 27, 0
1247, 22, 2, 47, 55, 0
1247, 22, 3, 48, 29, 0
1247, 22, 2, 48, 30, 0
1247, 22, 0, 48, 41, 0
1247, 22, 2, 48, 48, 0
1247, 22, 3, 48, 57, 0
1247, 22, 1, 49, 47, 0
1247, 22, 2, 49, 56, 0
1247, 22, 2, 49, 59, 0
1247, 22, 2, 50, 21, 0
1247, 22, 2, 50, 30, 0
1247, 22, 3, 50, 44, 0
1247, 22, 3, 51, 19, 0
1247, 22, 2, 52, 21, 0
1247, 22, 0, 52, 48, 0
1247, 22, 2, 53, 44, 0
1247, 22, 3, 53, 57, 0
1247, 22, 3, 53, 59, 0
1247, 22, 3, 54, 12, 0
1247, 22, 3, 54, 48, 0
1247, 22, 3, 55, 58, 0
1247, 22, 3, 55, 60, 0
1247, 22, 2, 56, 12, 0
1247, 22, 1, 56, 13, 0
1247, 22, 2, 56, 23, 0
1247, 22, 2, 56, 47, 0
1247, 22, 3, 56, 48, 0
1247, 22, 2, 56, 62, 0
1247, 22, 2, 57, 57, 0
1247, 22, 3, 58, 22, 0
1247, 22, 3, 58, 45, 0
1247, 22, 2, 58, 59, 0
1247, 22, 3, 58, 61, 0
1247, 22, 3, 59, 22, 0
1247, 22, 2, 59, 25, 0
1247, 22, 2, 59, 47, 0
1247, 22, 3, 60, 22, 0
1247, 22, 2, 60, 26, 0
1247, 22, 2, 60, 35, 0
1247, 22, 3, 60, 45, 0
1247, 22, 2, 61, 60, 0
1247, 22, 3, 62, 35, 0
1248, 22, 3, 18, 12, 0
1248, 22, 0, 19, 3, 0
1248, 22, 3, 23, 4, 0
1248, 22, 3, 23, 8, 0
1248, 22, 0, 25, 3, 0
1248, 22, 0, 25, 11, 0
1248, 22, 3, 26, 42, 0
1248, 22, 3, 28, 10, 0
1248, 22, 3, 28, 40, 0
1248, 22, 0, 30, 3, 0
1248, 22, 2, 30, 39, 0
1248, 22, 3, 32, 15, 0
1248, 22, 3, 33, 1, 0
1248, 22, 2, 33, 9, 0
1248, 22, 1, 37, 40, 0
1248, 22, 0, 38, 38, 0
1248, 22, 0, 42, 9, 0
1248, 22, 0, 42, 35, 0
1248, 22, 1, 43, 7, 0
1248, 22, 3, 45, 46, 0
1248, 22, 2, 46, 9, 0
1248, 22, 2, 46, 13, 0
1248, 22, 3, 48, 33, 0
1248, 22, 3, 50, 8, 0
1248, 22, 3, 50, 15, 0
1248, 22, 0, 54, 6, 0
1248, 22, 0, 54, 40, 0
1248, 22, 2, 57, 2, 0
1248, 22, 1, 57, 5, 0
1248, 22, 3, 59, 1, 0
1248, 22, 0, 59, 18, 0
1248, 22, 1, 61, 20, 0
1248, 22, 3, 62, 13, 0
1248, 22, 0, 62, 33, 0
1248, 22, 1, 63, 40, 0
1257, 22, 1, 25, 30, 0
1257, 22, 2, 26, 29, 0
1257, 22, 3, 27, 28, 0
1257, 22, 0, 28, 28, 0
1257, 22, 1, 28, 37, 0
1257, 22, 0, 29, 28, 0
1257, 22, 1, 29, 30, 0
1257, 22, 1, 29, 31, 0
1257, 22, 3, 29, 34, 0
1257, 22, 3, 30, 29, 0
1257, 22, 2, 30, 30, 0
1257, 22, 2, 30, 33, 0
1257, 22, 0, 31, 36, 0
1257, 22, 1, 44, 30, 0
1257, 22, 2, 44, 31, 0
1257, 22, 3, 44, 32, 0
1257, 22, 0, 44, 33, 0
1257, 22, 1, 44, 34, 0
1257, 22, 2, 44, 35, 0
1258, 22, 3, 0, 2, 0
1258, 22, 0, 0, 13, 0
1258, 22, 1, 0, 15, 0
1258, 22, 2, 0, 16, 0
1258, 22, 0, 0, 22, 0
1258, 22, 1, 0, 23, 0
1258, 22, 3, 0, 24, 0
1258, 22, 3, 0, 25, 0
1258, 22, 3, 0, 27, 0
1258, 22, 0, 0, 29, 0
1258, 22, 1, 0, 30, 0
1258, 22, 1, 0, 32, 0
1258, 22, 0, 0, 38, 0
1258, 22, 2, 0, 40, 0
1258, 22, 2, 0, 41, 0
1258, 22, 1, 0, 44, 0
1258, 22, 2, 1, 1, 0
1258, 22, 0, 1, 5, 0
1258, 22, 1, 1, 6, 0
1258, 22, 3, 1, 9, 0
1258, 22, 3, 1, 11, 0
1258, 22, 2, 1, 17, 0
1258, 22, 3, 1, 19, 0
1258, 22, 2, 1, 24, 0
1258, 22, 0, 1, 25, 0
1258, 22, 0, 1, 28, 0
1258, 22, 1, 1, 29, 0
1258, 22, 0, 1, 32, 0
1258, 22, 2, 1, 35, 0
1258, 22, 2, 1, 37, 0
1258, 22, 0, 1, 39, 0
1258, 22, 3, 1, 40, 0
1258, 22, 1, 2, 2, 0
1258, 22, 3, 2, 3, 0
1258, 22, 3, 2, 4, 0
1258, 22, 2, 2, 8, 0
1258, 22, 3, 2, 10, 0
1258, 22, 0, 2, 12, 0
1258, 22, 0, 2, 15, 0
1258, 22, 1, 2, 19, 0
1258, 22, 2, 2, 22, 0
1258, 22, 2, 2, 24, 0
1258, 22, 3, 2, 29, 0
1258, 22, 2, 3, 1, 0
1258, 22, 3, 3, 3, 0
1258, 22, 2, 3, 9, 0
1258, 22, 3, 3, 14, 0
1258, 22, 3, 3, 15, 0
1258, 22, 0, 3, 26, 0
1258, 22, 2, 3, 28, 0
1258, 22, 1, 4, 0, 0
1258, 22, 1, 4, 1, 0
1258, 22, 3, 4, 3, 0
1258, 22, 2, 4, 6, 0
1258, 22, 0, 4, 9, 0
1258, 22, 2, 4, 19, 0
1258, 22, 3, 4, 25, 0
1258, 22, 2, 4, 27, 0
1258, 22, 2, 5, 1, 0
1258, 22, 0, 5, 2, 0
1258, 22, 1, 5, 7, 0
1258, 22, 3, 5, 8, 0
1258, 22, 3, 5, 9, 0
1258, 22, 1, 5, 14, 0
1258, 22, 1, 6, 5, 0
1258, 22, 2, 6, 11, 0
1258, 22, 3, 6, 24, 0
1258, 22, 0, 6, 25, 0
1258, 22, 1, 6, 26, 0
1258, 22, 0, 7, 2, 0
1258, 22, 0, 7, 5, 0
1258, 22, 0, 7, 8, 0
1258, 22, 1, 7, 22, 0
1258, 22, 2, 7, 23, 0
1258, 22, 3, 7, 24, 0
1258, 22, 1, 7, 26, 0
1258, 22, 0, 8, 1, 0
1258, 22, 1, 8, 12, 0
1258, 22, 2, 8, 13, 0
1258, 22, 0, 8, 21, 0
1258, 22, 1, 8, 23, 0
1258, 22, 1, 9, 1, 0
1258, 22, 0, 9, 2, 0
1258, 22, 1, 9, 6, 0
1258, 22, 3, 9, 11, 0
1258, 22, 2, 9, 13, 0
1258, 22, 0, 9, 20, 0
1258, 22, 1, 9, 21, 0
1258, 22, 0, 9, 26, 0
1258, 22, 3, 10, 3, 0
1258, 22, 2, 10, 16, 0
1258, 22, 1, 10, 25, 0
1258, 22, 2, 11, 0, 0
1258, 22, 2, 11, 1, 0
1258, 22, 2, 11, 4, 0
1258, 22, 3, 11, 14, 0
1258, 22, 0, 11, 15, 0
1258, 22, 2, 11, 19, 0
1258, 22, 3, 11, 26, 0
1258, 22, 0, 12, 2, 0
1258, 22, 0, 12, 3, 0
1258, 22, 0, 12, 6, 0
1258, 22, 2, 12, 10, 0
1258, 22, 3, 12, 12, 0
1258, 22, 3, 12, 17, 0
1258, 22, 1, 12, 19, 0
1258, 22, 1, 12, 20, 0
1258, 22, 3, 12, 23, 0
1258, 22, 3, 12, 24, 0
1258, 22, 1, 13, 0, 0
1258, 22, 3, 13, 5, 0
1258, 22, 0, 13, 7, 0
1258, 22, 1, 13, 9, 0
1258, 22, 0, 13, 13, 0
1258, 22, 1, 13, 14, 0
1258, 22, 2, 13, 15, 0
1258, 22, 2, 13, 25, 0
1258, 22, 1, 14, 3, 0
1258, 22, 0, 14, 8, 0
1258, 22, 2, 14, 10, 0
1258, 22, 1, 14, 12, 0
1258, 22, 3, 15, 0, 0
1258, 22, 0, 15, 2, 0
1258, 22, 0, 15, 4, 0
1258, 22, 3, 15, 6, 0
1258, 22, 1, 15, 8, 0
1258, 22, 0, 15, 11, 0
1258, 22, 1, 15, 13, 0
1258, 22, 2, 15, 14, 0
1258, 22, 1, 15, 33, 0
1258, 22, 3, 16, 0, 0
1258, 22, 2, 16, 3, 0
1258, 22, 2, 16, 4, 0
1258, 22, 3, 16, 7, 0
1258, 22, 3, 16, 11, 0
1258, 22, 3, 16, 15, 0
1258, 22, 2, 17, 0, 0
1258, 22, 1, 17, 2, 0
1258, 22, 3, 17, 5, 0
1258, 22, 0, 17, 7, 0
1258, 22, 0, 17, 8, 0
1258, 22, 1, 17, 9, 0
1258, 22, 2, 17, 10, 0
1258, 22, 0, 17, 33, 0
1258, 22, 2, 18, 1, 0
1258, 22, 0, 18, 3, 0
1258, 22, 0, 18, 4, 0
1258, 22, 2, 18, 7, 0
1258, 22, 3, 18, 15, 0
1258, 22, 3, 18, 33, 0
1258, 22, 2, 18, 41, 0
1258, 22, 0, 19, 1, 0
1258, 22, 2, 19, 4, 0
1258, 22, 3, 19, 5, 0
1258, 22, 1, 19, 8, 0
1258, 22, 0, 19, 11, 0
1258, 22, 1, 19, 13, 0
1258, 22, 2, 19, 14, 0
1258, 22, 2, 19, 32, 0
1258, 22, 3, 19, 42, 0
1258, 22, 1, 20, 2, 0
1258, 22, 2, 20, 3, 0
1258, 22, 1, 20, 8, 0
1258, 22, 0, 20, 10, 0
1258, 22, 3, 20, 13, 0
1258, 22, 2, 20, 31, 0
1258, 22, 1, 21, 6, 0
1258, 22, 0, 21, 11, 0
1258, 22, 2, 21, 14, 0
1258, 22, 3, 22, 0, 0
1258, 22, 3, 22, 10, 0
1258, 22, 0, 22, 11, 0
1258, 22, 1, 22, 13, 0
1258, 22, 1, 22, 15, 0
1258, 22, 2, 23, 0, 0
1258, 22, 0, 23, 11, 0
1258, 22, 1, 23, 12, 0
1258, 22, 2, 23, 14, 0
1258, 22, 2, 23, 30, 0
1258, 22, 2, 23, 45, 0
1258, 22, 2, 24, 0, 0
1258, 22, 3, 24, 9, 0
1258, 22, 1, 24, 13, 0
1258, 22, 2, 24, 14, 0
1258, 22, 0, 24, 29, 0
1258, 22, 2, 24, 45, 0
1258, 22, 2, 25, 1, 0
1258, 22, 0, 25, 5, 0
1258, 22, 2, 25, 6, 0
1258, 22, 3, 25, 10, 0
1258, 22, 3, 25, 15, 0
1258, 22, 0, 25, 46, 0
1258, 22, 1, 26, 1, 0
1258, 22, 3, 26, 6, 0
1258, 22, 2, 26, 8, 0
1258, 22, 2, 26, 10, 0
1258, 22, 3, 27, 2, 0
1258, 22, 3, 27, 4, 0
1258, 22, 1, 27, 7, 0
1258, 22, 1, 27, 12, 0
1258, 22, 2, 27, 14, 0
1258, 22, 1, 27, 15, 0
1258, 22, 2, 27, 29, 0
1258, 22, 1, 27, 30, 0
1258, 22, 1, 27, 47, 0
1258, 22, 0, 28, 5, 0
1258, 22, 1, 28, 6, 0
1258, 22, 2, 28, 30, 0
1258, 22, 2, 29, 0, 0
1258, 22, 0, 29, 1, 0
1258, 22, 2, 29, 5, 0
1258, 22, 3, 29, 13, 0
1258, 22, 0, 29, 14, 0
1258, 22, 3, 29, 22, 0
1258, 22, 3, 29, 29, 0
1258, 22, 1, 30, 0, 0
1258, 22, 1, 30, 5, 0
1258, 22, 1, 30, 6, 0
1258, 22, 1, 30, 9, 0
1258, 22, 0, 30, 13, 0
1258, 22, 1, 30, 23, 0
1258, 22, 2, 30, 24, 0
1258, 22, 1, 31, 6, 0
1258, 22, 2, 31, 11, 0
1258, 22, 3, 31, 12, 0
1258, 22, 1, 31, 25, 0
1258, 22, 1, 31, 42, 0
1258, 22, 0, 32, 4, 0
1258, 22, 2, 32, 5, 0
1258, 22, 0, 32, 9, 0
1258, 22, 3, 32, 10, 0
1258, 22, 1, 32, 24, 0
1258, 22, 0, 32, 27, 0
1258, 22, 3, 33, 5, 0
1258, 22, 2, 33, 12, 0
1258, 22, 2, 33, 13, 0
1258, 22, 1, 33, 14, 0
1258, 22, 1, 33, 23, 0
1258, 22, 0, 33, 28, 0
1258, 22, 2, 33, 30, 0
1258, 22, 3, 34, 1, 0
1258, 22, 2, 34, 10, 0
1258, 22, 3, 34, 11, 0
1258, 22, 1, 34, 24, 0
1258, 22, 0, 34, 28, 0
1258, 22, 3, 34, 31, 0
1258, 22, 0, 34, 32, 0
1258, 22, 2, 34, 38, 0
1258, 22, 3, 34, 39, 0
1258, 22, 0, 34, 41, 0
1258, 22, 2, 34, 50, 0
1258, 22, 0, 35, 5, 0
1258, 22, 3, 35, 22, 0
1258, 22, 2, 35, 25, 0
1258, 22, 3, 35, 27, 0
1258, 22, 1, 35, 31, 0
1258, 22, 1, 35, 34, 0
1258, 22, 1, 35, 37, 0
1258, 22, 1, 35, 39, 0
1258, 22, 0, 35, 51, 0
1258, 22, 2, 36, 0, 0
1258, 22, 1, 36, 3, 0
1258, 22, 0, 36, 4, 0
1258, 22, 0, 36, 21, 0
1258, 22, 2, 36, 26, 0
1258, 22, 2, 36, 27, 0
1258, 22, 0, 36, 32, 0
1258, 22, 1, 36, 35, 0
1258, 22, 3, 36, 38, 0
1258, 22, 0, 36, 40, 0
1258, 22, 2, 36, 44, 0
1258, 22, 3, 36, 45, 0
1258, 22, 3, 36, 46, 0
1258, 22, 1, 36, 50, 0
1258, 22, 2, 37, 1, 0
1258, 22, 1, 37, 21, 0
1258, 22, 1, 37, 26, 0
1258, 22, 1, 37, 29, 0
1258, 22, 1, 37, 30, 0
1258, 22, 0, 37, 31, 0
1258, 22, 2, 37, 32, 0
1258, 22, 3, 37, 34, 0
1258, 22, 2, 37, 37, 0
1258, 22, 1, 37, 43, 0
1258, 22, 0, 37, 48, 0
1258, 22, 2, 37, 50, 0
1258, 22, 1, 37, 52, 0
1258, 22, 1, 38, 0, 0
1258, 22, 2, 38, 19, 0
1258, 22, 2, 38, 20, 0
1258, 22, 0, 38, 27, 0
1258, 22, 2, 38, 29, 0
1258, 22, 1, 38, 30, 0
1258, 22, 2, 38, 33, 0
1258, 22, 3, 38, 35, 0
1258, 22, 3, 38, 36, 0
1258, 22, 3, 38, 41, 0
1258, 22, 1, 38, 50, 0
1258, 22, 2, 38, 53, 0
1258, 22, 3, 38, 54, 0
1258, 22, 3, 39, 36, 0
1258, 22, 1, 39, 38, 0
1258, 22, 2, 39, 39, 0
1258, 22, 2, 40, 24, 0
1258, 22, 0, 40, 25, 0
1258, 22, 3, 40, 27, 0
1258, 22, 3, 40, 28, 0
1258, 22, 0, 40, 31, 0
1258, 22, 0, 40, 35, 0
1258, 22, 2, 40, 47, 0
1258, 22, 0, 40, 48, 0
1258, 22, 0, 40, 49, 0
1258, 22, 1, 40, 50, 0
1258, 22, 0, 40, 55, 0
1258, 22, 0, 41, 0, 0
1258, 22, 3, 41, 9, 0
1258, 22, 0, 41, 10, 0
1258, 22, 0, 41, 33, 0
1258, 22, 1, 41, 37, 0
1258, 22, 2, 41, 48, 0
1258, 22, 3, 41, 50, 0
1258, 22, 3, 41, 51, 0
1258, 22, 2, 41, 53, 0
1258, 22, 1, 41, 56, 0
1258, 22, 2, 42, 8, 0
1258, 22, 1, 42, 11, 0
1258, 22, 0, 42, 16, 0
1258, 22, 2, 42, 19, 0
1258, 22, 0, 42, 22, 0
1258, 22, 3, 42, 31, 0
1258, 22, 1, 42, 37, 0
1258, 22, 0, 42, 55, 0
1258, 22, 2, 43, 11, 0
1258, 22, 1, 43, 17, 0
1258, 22, 3, 43, 20, 0
1258, 22, 3, 43, 21, 0
1258, 22, 0, 43, 23, 0
1258, 22, 1, 43, 24, 0
1258, 22, 2, 43, 25, 0
1258, 22, 1, 43, 28, 0
1258, 22, 0, 43, 32, 0
1258, 22, 1, 43, 34, 0
1258, 22, 1, 43, 35, 0
1258, 22, 3, 43, 40, 0
1258, 22, 0, 44, 8, 0
1258, 22, 1, 44, 9, 0
1258, 22, 3, 44, 13, 0
1258, 22, 3, 44, 15, 0
1258, 22, 0, 44, 16, 0
1258, 22, 3, 44, 24, 0
1258, 22, 0, 44, 26, 0
1258, 22, 0, 44, 27, 0
1258, 22, 1, 44, 28, 0
1258, 22, 2, 44, 37, 0
1258, 22, 1, 44, 38, 0
1258, 22, 1, 44, 40, 0
1258, 22, 0, 44, 42, 0
1258, 22, 0, 45, 16, 0
1258, 22, 2, 45, 20, 0
1258, 22, 3, 45, 28, 0
1258, 22, 2, 45, 29, 0
1258, 22, 0, 45, 30, 0
1258, 22, 2, 45, 31, 0
1258, 22, 3, 45, 32, 0
1258, 22, 3, 45, 33, 0
1258, 22, 1, 45, 34, 0
1258, 22, 1, 45, 35, 0
1258, 22, 2, 45, 36, 0
1258, 22, 0, 45, 38, 0
1258, 22, 0, 45, 41, 0
1258, 22, 0, 45, 43, 0
1258, 22, 3, 46, 6, 0
1258, 22, 0, 46, 7, 0
1258, 22, 0, 46, 8, 0
1258, 22, 0, 46, 10, 0
1258, 22, 2, 46, 14, 0
1258, 22, 0, 46, 18, 0
1258, 22, 1, 46, 19, 0
1258, 22, 3, 46, 39, 0
1258, 22, 1, 46, 46, 0
1258, 22, 2, 47, 5, 0
1258, 22, 3, 47, 9, 0
1258, 22, 1, 47, 12, 0
1258, 22, 2, 47, 13, 0
1258, 22, 3, 47, 15, 0
1258, 22, 0, 47, 17, 0
1258, 22, 3, 47, 39, 0
1258, 22, 2, 48, 14, 0
1258, 22, 3, 48, 17, 0
1258, 22, 2, 48, 49, 0
1258, 22, 0, 49, 4, 0
1258, 22, 2, 49, 9, 0
1258, 22, 1, 49, 11, 0
1258, 22, 1, 49, 15, 0
1258, 22, 2, 49, 27, 0
1258, 22, 3, 49, 43, 0
1258, 22, 0, 50, 3, 0
1258, 22, 0, 50, 4, 0
1258, 22, 0, 50, 9, 0
1258, 22, 1, 50, 10, 0
1258, 22, 2, 50, 13, 0
1258, 22, 2, 50, 18, 0
1258, 22, 0, 50, 43, 0
1258, 22, 3, 51, 5, 0
1258, 22, 2, 51, 16, 0
1258, 22, 1, 51, 17, 0
1258, 22, 2, 51, 28, 0
1258, 22, 3, 51, 34, 0
1258, 22, 2, 51, 40, 0
1258, 22, 1, 51, 43, 0
1258, 22, 2, 52, 6, 0
1258, 22, 3, 52, 8, 0
1258, 22, 1, 52, 18, 0
1258, 22, 0, 52, 31, 0
1258, 22, 2, 53, 8, 0
1258, 22, 1, 53, 40, 0
1258, 22, 2, 53, 42, 0
1258, 22, 0, 54, 1, 0
1258, 22, 1, 54, 8, 0
1258, 22, 2, 54, 18, 0
1258, 22, 3, 54, 20, 0
1258, 22, 3, 54, 29, 0
1258, 22, 0, 54, 39, 0
1258, 22, 2, 54, 42, 0
1258, 22, 3, 55, 0, 0
1258, 22, 1, 55, 3, 0
1258, 22, 1, 55, 5, 0
1258, 22, 0, 55, 10, 0
1258, 22, 3, 55, 19, 0
1258, 22, 3, 55, 21, 0
1258, 22, 0, 55, 33, 0
1258, 22, 3, 55, 39, 0
1258, 22, 3, 55, 42, 0
1258, 22, 0, 56, 1, 0
1258, 22, 1, 56, 2, 0
1258, 22, 2, 56, 3, 0
1258, 22, 3, 56, 9, 0
1258, 22, 0, 56, 10, 0
1258, 22, 1, 56, 22, 0
1258, 22, 0, 56, 33, 0
1258, 22, 0, 56, 41, 0
1258, 22, 3, 57, 4, 0
1258, 22, 0, 57, 7, 0
1258, 22, 1, 57, 20, 0
1258, 22, 2, 57, 28, 0
1258, 22, 1, 57, 38, 0
1258, 22, 2, 57, 39, 0
1258, 22, 3, 58, 0, 0
1258, 22, 0, 58, 1, 0
1258, 22, 0, 58, 5, 0
1258, 22, 0, 58, 19, 0
1258, 22, 3, 58, 29, 0
1258, 22, 0, 58, 37, 0
1258, 22, 1, 58, 40, 0
1258, 22, 2, 59, 0, 0
1258, 22, 1, 59, 6, 0
1258, 22, 3, 59, 7, 0
1258, 22, 2, 59, 20, 0
1258, 22, 3, 59, 37, 0
1258, 22, 1, 59, 41, 0
1258, 22, 3, 60, 4, 0
1258, 22, 0, 60, 8, 0
1258, 22, 0, 60, 19, 0
1258, 22, 3, 60, 21, 0
1258, 22, 2, 60, 38, 0
1258, 22, 2, 61, 1, 0
1258, 22, 1, 61, 2, 0
1258, 22, 0, 61, 6, 0
1258, 22, 3, 61, 7, 0
1258, 22, 0, 61, 9, 0
1258, 22, 2, 61, 17, 0
1258, 22, 0, 61, 26, 0
1258, 22, 1, 61, 38, 0
1258, 22, 3, 62, 1, 0
1258, 22, 2, 62, 3, 0
1258, 22, 1, 62, 10, 0
1258, 22, 0, 62, 16, 0
1258, 22, 3, 62, 19, 0
1258, 22, 0, 62, 22, 0
1258, 22, 1, 62, 23, 0
1258, 22, 1, 62, 24, 0
1258, 22, 0, 62, 37, 0
1258, 22, 3, 62, 39, 0
1258, 22, 0, 63, 2, 0
1258, 22, 1, 63, 8, 0
1258, 22, 1, 63, 11, 0
1258, 22, 3, 63, 13, 0
1258, 22, 0, 63, 15, 0
1258, 22, 1, 63, 17, 0
1258, 22, 2, 63, 20, 0
1258, 22, 2, 63, 21, 0
1258, 22, 3, 63, 22, 0
1258, 22, 2, 63, 25, 0
1258, 22, 3, 63, 27, 0
1258, 22, 3, 63, 36, 0
1259, 22, 0, 26, 30, 0
1259, 22, 2, 28, 29, 0
1259, 22, 0, 44, 20, 0
1259, 22, 3, 44, 21, 0
1259, 22, 0, 45, 22, 0
1259, 22, 1, 45, 24, 0
1259, 22, 1, 45, 25, 0
1259, 22, 1, 46, 21, 0
1259, 22, 2, 46, 23, 0
1259, 22, 0, 46, 24, 0
1259, 22, 3, 46, 25, 0
1259, 22, 1, 46, 26, 0
1259, 22, 1, 46, 27, 0
1259, 22, 0, 46, 32, 0
1259, 22, 3, 46, 33, 0
1259, 22, 3, 46, 34, 0
1259, 22, 3, 46, 36, 0
1259, 22, 2, 47, 21, 0
1259, 22, 0, 47, 22, 0
1259, 22, 1, 47, 23, 0
1259, 22, 2, 47, 25, 0
1259, 22, 0, 47, 26, 0
1259, 22, 3, 47, 28, 0
1259, 22, 1, 47, 30, 0
1259, 22, 1, 47, 32, 0
1259, 22, 0, 47, 33, 0
1259, 22, 3, 47, 34, 0
1259, 22, 0, 47, 35, 0
1259, 22, 1, 47, 36, 0
1259, 22, 1, 48, 19, 0
1259, 22, 1, 48, 21, 0
1259, 22, 3, 48, 22, 0
1259, 22, 2, 48, 23, 0
1259, 22, 3, 48, 26, 0
1259, 22, 3, 48, 27, 0
1259, 22, 3, 48, 31, 0
1259, 22, 1, 48, 32, 0
1259, 22, 1, 48, 34, 0
1259, 22, 2, 48, 37, 0
1259, 22, 2, 49, 22, 0
1259, 22, 1, 49, 23, 0
1259, 22, 3, 49, 26, 0
1259, 22, 2, 49, 29, 0
1259, 22, 1, 49, 30, 0
1259, 22, 0, 49, 32, 0
1259, 22, 0, 49, 33, 0
1259, 22, 2, 49, 34, 0
1259, 22, 0, 49, 37, 0
1259, 22, 1, 49, 38, 0
1259, 22, 2, 50, 23, 0
1259, 22, 3, 50, 24, 0
1259, 22, 1, 50, 25, 0
1259, 22, 2, 50, 26, 0
1259, 22, 1, 50, 27, 0
1259, 22, 0, 50, 28, 0
1259, 22, 3, 50, 31, 0
1259, 22, 1, 50, 33, 0
1259, 22, 3, 50, 34, 0
1259, 22, 0, 50, 35, 0
1259, 22, 1, 50, 36, 0
1259, 22, 2, 50, 37, 0
1259, 22, 2, 51, 23, 0
1259, 22, 3, 51, 25, 0
1259, 22, 0, 51, 26, 0
1259, 22, 1, 51, 27, 0
1259, 22, 2, 51, 29, 0
1259, 22, 2, 51, 30, 0
1259, 22, 3, 51, 31, 0
1259, 22, 2, 51, 32, 0
1259, 22, 0, 51, 33, 0
1259, 22, 1, 51, 35, 0
1259, 22, 1, 51, 36, 0
1259, 22, 2, 51, 37, 0
1259, 22, 3, 52, 22, 0
1259, 22, 1, 52, 23, 0
1259, 22, 3, 52, 24, 0
1259, 22, 1, 52, 25, 0
1259, 22, 2, 52, 27, 0
1259, 22, 3, 52, 28, 0
1259, 22, 1, 52, 29, 0
1259, 22, 0, 52, 30, 0
1259, 22, 0, 52, 32, 0
1259, 22, 3, 52, 35, 0
1259, 22, 0, 52, 37, 0
1259, 22, 2, 53, 19, 0
1259, 22, 3, 53, 21, 0
1259, 22, 3, 53, 24, 0
1259, 22, 2, 53, 28, 0
1259, 22, 0, 53, 30, 0
1259, 22, 1, 53, 31, 0
1259, 22, 1, 53, 32, 0
1259, 22, 3, 53, 35, 0
1259, 22, 2, 53, 36, 0
1259, 22, 0, 54, 22, 0
1259, 22, 2, 54, 24, 0
1259, 22, 1, 54, 30, 0
1259, 22, 2, 54, 31, 0
1259, 22, 2, 54, 32, 0
1259, 22, 1, 54, 33, 0
1259, 22, 2, 54, 34, 0
1259, 22, 3, 54, 35, 0
1259, 22, 1, 54, 36, 0
1259, 22, 0, 54, 37, 0
1259, 22, 1, 55, 23, 0
1259, 22, 0, 55, 25, 0
1259, 22, 0, 55, 26, 0
1259, 22, 0, 55, 28, 0
1259, 22, 3, 55, 29, 0
1259, 22, 2, 55, 32, 0
1259, 22, 0, 55, 34, 0
1259, 22, 0, 55, 35, 0
1259, 22, 2, 56, 24, 0
1259, 22, 1, 56, 26, 0
1259, 22, 2, 56, 27, 0
1259, 22, 2, 56, 28, 0
1259, 22, 3, 56, 29, 0
1259, 22, 3, 56, 32, 0
1259, 22, 2, 56, 34, 0
1259, 22, 3, 56, 35, 0
1259, 22, 3, 57, 25, 0
1259, 22, 2, 57, 27, 0
1259, 22, 0, 57, 29, 0
1259, 22, 0, 57, 30, 0
1259, 22, 1, 57, 31, 0
1259, 22, 0, 57, 32, 0
1259, 22, 1, 57, 33, 0
1259, 22, 1, 58, 28, 0
1259, 22, 1, 58, 30, 0
1259, 22, 3, 58, 31, 0
1259, 22, 0, 58, 33, 0
1259, 22, 0, 58, 34, 0
1259, 22, 3, 59, 28, 0
1259, 22, 0, 59, 29, 0
1259, 22, 1, 59, 30, 0
1259, 22, 2, 59, 31, 0
1259, 22, 1, 59, 32, 0
1259, 22, 2, 59, 33, 0
1259, 22, 1, 60, 27, 0
1259, 22, 2, 60, 28, 0
1259, 22, 0, 60, 29, 0
1259, 22, 1, 60, 32, 0
1259, 22, 0, 60, 33, 0
1259, 22, 1, 61, 27, 0
1259, 22, 2, 61, 28, 0
1259, 22, 3, 61, 29, 0
1259, 22, 0, 61, 32, 0
1259, 22, 1, 61, 33, 0
1259, 22, 3, 62, 29, 0
1259, 22, 3, 62, 30, 0
1259, 22, 0, 62, 31, 0
1259, 22, 3, 62, 32, 0
1259, 22, 1, 63, 30, 0
1259, 22, 2, 63, 31, 0
1259, 22, 3, 63, 32, 0
1264, 22, 2, 6, 19, 0
1264, 22, 0, 7, 15, 0
1264, 22, 3, 7, 18, 0
1264, 22, 3, 9, 17, 0
1264, 22, 3, 15, 16, 0
1264, 22, 2, 15, 20, 0
1264, 22, 2, 16, 20, 0
1264, 22, 2, 17, 18, 0
1264, 22, 3, 23, 16, 0
1264, 22, 3, 40, 19, 0
1264, 22, 3, 46, 60, 0
1264, 22, 1, 47, 31, 0
1264, 22, 2, 47, 59, 0
1264, 22, 2, 48, 39, 0
1264, 22, 1, 48, 46, 0
1264, 22, 1, 49, 21, 0
1264, 22, 2, 49, 28, 0
1264, 22, 2, 49, 31, 0
1264, 22, 2, 50, 41, 0
1264, 22, 1, 50, 42, 0
1264, 22, 0, 50, 46, 0
1264, 22, 0, 50, 56, 0
1264, 22, 3, 50, 57, 0
1264, 22, 0, 50, 58, 0
1264, 22, 2, 51, 20, 0
1264, 22, 2, 51, 22, 0
1264, 22, 2, 52, 26, 0
1264, 22, 1, 53, 25, 0
1264, 22, 0, 54, 57, 0
1264, 22, 3, 54, 59, 0
1264, 22, 3, 54, 63, 0
1264, 22, 1, 55, 27, 0
1264, 22, 1, 55, 48, 0
1264, 22, 0, 56, 42, 0
1264, 22, 0, 57, 36, 0
1264, 22, 1, 57, 48, 0
1264, 22, 0, 57, 61, 0
1264, 22, 0, 57, 63, 0
1264, 22, 3, 58, 38, 0
1264, 22, 2, 59, 36, 0
1264, 22, 3, 60, 24, 0
1264, 22, 1, 60, 60, 0
1264, 22, 1, 61, 44, 0
1264, 22, 1, 62, 34, 0
1264, 22, 1, 62, 36, 0
1265, 22, 3, 5, 16, 0
1265, 22, 2, 6, 15, 0
1265, 22, 3, 8, 15, 0
1265, 22, 0, 8, 19, 0
1265, 22, 3, 15, 19, 0
1265, 22, 2, 44, 58, 0
1265, 22, 2, 46, 29, 0
1265, 22, 3, 48, 59, 0
1265, 22, 3, 49, 19, 0
1265, 22, 2, 49, 41, 0
1265, 22, 1, 49, 46, 0
1265, 22, 2, 49, 49, 0
1265, 22, 2, 49, 61, 0
1265, 22, 3, 50, 29, 0
1265, 22, 1, 50, 62, 0
1265, 22, 3, 51, 48, 0
1265, 22, 3, 52, 41, 0
1265, 22, 0, 52, 46, 0
1265, 22, 2, 53, 38, 0
1265, 22, 3, 53, 49, 0
1265, 22, 2, 54, 25, 0
1265, 22, 0, 54, 27, 0
1265, 22, 3, 54, 28, 0
1265, 22, 1, 54, 56, 0
1265, 22, 2, 56, 21, 0
1265, 22, 3, 56, 38, 0
1265, 22, 3, 57, 21, 0
1265, 22, 3, 57, 24, 0
1265, 22, 3, 57, 44, 0
1265, 22, 2, 57, 58, 0
1265, 22, 1, 57, 59, 0
1265, 22, 1, 57, 60, 0
1265, 22, 2, 58, 35, 0
1265, 22, 2, 58, 57, 0
1265, 22, 3, 59, 26, 0
1265, 22, 3, 59, 43, 0
1265, 22, 1, 59, 59, 0
1265, 22, 0, 60, 23, 0
1265, 22, 0, 60, 25, 0
1265, 22, 2, 60, 42, 0
1265, 22, 3, 61, 36, 0
1265, 22, 1, 61, 42, 0
1265, 22, 2, 62, 26, 0
1276, 10, 3, 11, 34, 0
1276, 10, 3, 36, 22, 0
1276, 10, 3, 37, 24, 0
1276, 11, 1, 46, 55, 0
1276, 11, 2, 48, 56, 0
1276, 11, 3, 50, 58, 0
1276, 11, 1, 50, 60, 0
1276, 11, 3, 51, 47, 0
1276, 11, 1, 51, 59, 0
1276, 11, 3, 52, 57, 0
1276, 11, 1, 53, 47, 0
1276, 11, 2, 53, 60, 0
1276, 11, 0, 54, 43, 0
1276, 10, 0, 55, 46, 0
1276, 11, 3, 55, 57, 0
1276, 11, 2, 56, 58, 0
1276, 11, 2, 57, 43, 0
1276, 10, 2, 57, 49, 0
1276, 11, 3, 58, 62, 0
1276, 11, 3, 59, 46, 0
1276, 11, 3, 59, 58, 0
1276, 11, 3, 59, 61, 0
1278, 10, 0, 17, 13, 0
1278, 10, 2, 29, 7, 0
1278, 10, 1, 33, 25, 0
1278, 10, 0, 38, 51, 0
1278, 10, 2, 39, 21, 0
1278, 10, 2, 40, 29, 0
1278, 10, 0, 41, 25, 0
1278, 10, 0, 44, 18, 0
1278, 10, 0, 48, 47, 0
1278, 10, 0, 52, 9, 0
1278, 10, 0, 52, 33, 0
1278, 10, 2, 57, 22, 0
1281, 10, 3, 0, 41, 0
1281, 10, 2, 3, 11, 0
1281, 10, 0, 3, 21, 0
1281, 10, 2, 6, 16, 0
1281, 10, 1, 10, 7, 0
1281, 10, 1, 14, 17, 0
1281, 10, 3, 21, 3, 0
1281, 10, 3, 45, 57, 0
1281, 10, 0, 47, 28, 0
1281, 10, 3, 48, 40, 0
1281, 10, 0, 50, 19, 0
1281, 10, 2, 52, 44, 0
1281, 10, 3, 54, 11, 0
1281, 10, 1, 54, 60, 0
1281, 10, 2, 59, 23, 0
1281, 10, 0, 59, 42, 0
1281, 10, 0, 60, 34, 0
1393, 10, 0, 45, 51, 0
1393, 10, 3, 46, 54, 0
1393, 10, 0, 49, 49, 0
1393, 10, 2, 49, 58, 0
1393, 10, 0, 50, 45, 0
1393, 10, 1, 50, 57, 0
1393, 10, 1, 51, 49, 0
1393, 10, 2, 52, 48, 0
1393, 10, 1, 52, 56, 0
1393, 10, 3, 54, 48, 0
1393, 10, 3, 54, 57, 0
1393, 10, 3, 55, 49, 0
1393, 10, 2, 55, 56, 0
1393, 10, 0, 56, 43, 0
1393, 10, 3, 56, 46, 0
1393, 10, 1, 56, 48, 0
1393, 10, 2, 57, 57, 0
1393, 10, 3, 58, 59, 0
1393, 10, 1, 58, 61, 0
1393, 10, 0, 59, 45, 0
1393, 10, 0, 60, 45, 0
1393, 10, 2, 60, 48, 0
1393, 10, 2, 60, 60, 0
1393, 10, 3, 62, 61, 0
1530, 0, 1, 28, 42, 0
1536, 0, 0, 25, 40, 0
1736, 10, 2, 20, 33, 1
1737, 10, 2, 20, 32, 0
1738, 10, 3, 21, 37, 0
1740, 10, 3, 22, 38, 1
1770, 1, 1, 26, 43, 0
1770, 1, 2, 26, 46, 0
1770, 1, 1, 27, 42, 0
1770, 1, 2, 27, 47, 0
1770, 3, 3, 29, 36, 0
1770, 1, 0, 30, 42, 0
1770, 1, 3, 30, 47, 0
1770, 1, 0, 31, 43, 0
1770, 1, 3, 31, 46, 0
1792, 19, 1, 12, 36, 1
1792, 18, 2, 12, 37, 1
1792, 19, 2, 12, 38, 1
1792, 19, 1, 13, 35, 1
1792, 19, 2, 13, 39, 1
1792, 21, 1, 14, 34, 1
1792, 20, 1, 14, 35, 1
1792, 20, 2, 14, 39, 1
1792, 21, 2, 14, 40, 1
1792, 18, 1, 15, 34, 1
1792, 18, 3, 15, 40, 1
1792, 18, 1, 16, 34, 1
1792, 18, 3, 16, 40, 1
1792, 18, 1, 17, 34, 1
1792, 18, 3, 17, 40, 1
1792, 18, 1, 18, 34, 1
1792, 18, 3, 18, 40, 1
1792, 18, 1, 19, 34, 1
1792, 20, 2, 19, 40, 1
1792, 18, 2, 19, 41, 1
1792, 18, 2, 19, 42, 1
1792, 19, 2, 19, 43, 1
1792, 19, 2, 20, 44, 1
1792, 18, 3, 21, 44, 1
1792, 18, 3, 22, 44, 1
1792, 19, 1, 23, 30, 1
1792, 18, 3, 23, 44, 1
1792, 18, 1, 24, 30, 1
1792, 19, 3, 24, 44, 1
1792, 18, 1, 25, 30, 1
1792, 18, 3, 25, 36, 1
1792, 18, 0, 25, 42, 1
1792, 19, 3, 25, 43, 1
1792, 18, 1, 26, 30, 1
1792, 18, 3, 26, 36, 1
1792, 19, 1, 26, 43, 1
1792, 18, 2, 26, 44, 1
1792, 18, 2, 26, 45, 1
1792, 19, 2, 26, 46, 1
1792, 18, 1, 27, 30, 1
1792, 18, 3, 27, 36, 1
1792, 19, 1, 27, 42, 1
1792, 19, 2, 27, 47, 1
1792, 19, 0, 28, 30, 1
1792, 18, 3, 28, 36, 1
1792, 18, 1, 28, 42, 1
1792, 18, 3, 28, 47, 1
1792, 19, 0, 29, 31, 1
1792, 18, 0, 29, 32, 1
1792, 18, 0, 29, 33, 1
1792, 18, 0, 29, 34, 1
1792, 18, 0, 29, 35, 1
1792, 21, 3, 29, 36, 1
1792, 18, 1, 29, 42, 1
1792, 18, 3, 29, 47, 1
1792, 19, 0, 30, 42, 1
1792, 19, 3, 30, 47, 1
1792, 19, 0, 31, 43, 1
1792, 18, 0, 31, 44, 1
1792, 18, 0, 31, 45, 1
1792, 19, 3, 31, 46, 1
1792, 21, 1, 19, 34, 2
1792, 18, 2, 19, 35, 2
1792, 18, 2, 19, 36, 2
1792, 18, 2, 19, 37, 2
1792, 18, 2, 19, 38, 2
1792, 18, 2, 19, 39, 2
1792, 21, 2, 19, 40, 2
1792, 21, 1, 20, 31, 2
1792, 18, 2, 20, 32, 2
1792, 18, 2, 20, 33, 2
1792, 20, 1, 20, 34, 2
1792, 18, 3, 20, 40, 2
1792, 18, 1, 21, 31, 2
1792, 18, 3, 21, 40, 2
1792, 18, 1, 22, 31, 2
1792, 18, 3, 22, 40, 2
1792, 18, 1, 23, 31, 2
1792, 18, 3, 23, 40, 2
1792, 18, 1, 24, 31, 2
1792, 18, 3, 24, 40, 2
1792, 21, 0, 25, 31, 2
1792, 18, 0, 25, 32, 2
1792, 18, 0, 25, 33, 2
1792, 18, 0, 25, 34, 2
1792, 18, 0, 25, 35, 2
1792, 18, 0, 25, 36, 2
1792, 18, 0, 25, 37, 2
1792, 18, 0, 25, 38, 2
1792, 18, 0, 25, 39, 2
1792, 21, 3, 25, 40, 2
1838, 5, 1, 21, 31, 0
1838, 4, 3, 21, 32, 0
1838, 4, 1, 26, 35, 0
1838, 5, 3, 26, 36, 0
1838, 5, 2, 26, 44, 0
1838, 4, 0, 27, 44, 0
1838, 4, 2, 28, 32, 0
1838, 4, 2, 28, 35, 0
1838, 5, 0, 29, 32, 0
1838, 5, 0, 29, 35, 0
1838, 4, 2, 30, 44, 0
1838, 5, 0, 31, 44, 0
1838, 5, 1, 21, 31, 1
1838, 4, 3, 21, 32, 1
1838, 4, 2, 24, 36, 1
1838, 4, 2, 24, 38, 1
1838, 5, 0, 25, 36, 1
1838, 5, 0, 25, 38, 1
1853, 0, 3, 22, 44, 0
1853, 0, 1, 26, 30, 0
1854, 0, 2, 12, 37, 0
1854, 9, 1, 13, 36, 0
1854, 9, 2, 13, 38, 0
1854, 0, 1, 16, 34, 0
1854, 0, 3, 16, 40, 0
1854, 0, 1, 18, 34, 0
1854, 0, 3, 18, 40, 0
1854, 9, 2, 20, 43, 0
1854, 0, 3, 21, 44, 0
1854, 9, 1, 23, 31, 0
1854, 0, 3, 23, 44, 0
1854, 0, 1, 24, 30, 0
1854, 9, 3, 24, 43, 0
1854, 0, 1, 25, 30, 0
1854, 0, 1, 27, 30, 0
1868, 10, 1, 58, 52, 0
1870, 10, 3, 25, 39, 0
1870, 10, 3, 25, 41, 0
1870, 10, 1, 37, 8, 0
1870, 10, 1, 37, 9, 0
1870, 10, 1, 39, 8, 0
1870, 10, 1, 39, 9, 0
1871, 4, 3, 20, 35, 0
1871, 4, 2, 24, 36, 0
1871, 4, 1, 25, 35, 0
1904, 2, 3, 20, 35, 1
1904, 0, 0, 20, 36, 1
1904, 0, 0, 20, 37, 1
1904, 0, 0, 20, 38, 1
1904, 0, 0, 20, 39, 1
1905, 1, 1, 12, 36, 0
1905, 1, 2, 12, 38, 0
1905, 3, 1, 14, 34, 0
1905, 2, 1, 14, 35, 0
1905, 2, 2, 14, 39, 0
1905, 3, 2, 14, 40, 0
1905, 0, 1, 15, 34, 0
1905, 0, 3, 15, 40, 0
1905, 0, 1, 17, 34, 0
1905, 0, 3, 17, 40, 0
1905, 0, 1, 19, 34, 0
1905, 2, 2, 19, 40, 0
1905, 0, 2, 19, 41, 0
1905, 0, 2, 19, 42, 0
1905, 1, 2, 19, 43, 0
1905, 3, 1, 20, 31, 0
1905, 0, 2, 20, 32, 0
1905, 0, 2, 20, 33, 0
1905, 2, 1, 20, 34, 0
1905, 1, 2, 20, 44, 0
1905, 0, 1, 21, 31, 0
1905, 0, 1, 22, 31, 0
1905, 1, 1, 23, 30, 0
1905, 1, 3, 24, 44, 0
1905, 2, 3, 25, 36, 0
1905, 0, 0, 25, 37, 0
1905, 0, 0, 25, 38, 0
1905, 0, 0, 25, 39, 0
1905, 0, 0, 25, 41, 0
1905, 0, 0, 25, 42, 0
1905, 1, 3, 25, 43, 0
1905, 0, 3, 26, 36, 0
1905, 0, 2, 26, 44, 0
1905, 0, 2, 26, 45, 0
1905, 0, 3, 27, 36, 0
1905, 9, 1, 27, 43, 0
1905, 9, 2, 27, 46, 0
1905, 1, 0, 28, 30, 0
1905, 9, 0, 28, 31, 0
1905, 0, 3, 28, 36, 0
1905, 0, 3, 28, 47, 0
1905, 3, 0, 29, 31, 0
1905, 0, 0, 29, 32, 0
1905, 0, 0, 29, 33, 0
1905, 0, 0, 29, 34, 0
1905, 0, 0, 29, 35, 0
1905, 0, 1, 29, 42, 0
1905, 0, 3, 29, 47, 0
1905, 9, 0, 30, 43, 0
1905, 9, 3, 30, 46, 0
1905, 0, 0, 31, 44, 0
1905, 0, 0, 31, 45, 0
1905, 1, 1, 19, 39, 1
1905, 1, 2, 19, 40, 1
1905, 3, 1, 20, 31, 1
1905, 0, 2, 20, 32, 1
1905, 0, 2, 20, 33, 1
1905, 0, 3, 20, 40, 1
1905, 0, 1, 21, 31, 1
1905, 0, 3, 21, 40, 1
1905, 0, 1, 22, 31, 1
1905, 0, 3, 22, 40, 1
1905, 0, 1, 23, 31, 1
1905, 0, 3, 23, 40, 1
1905, 0, 1, 24, 31, 1
1905, 0, 3, 24, 40, 1
1905, 1, 0, 25, 31, 1
1905, 0, 0, 25, 32, 1
1905, 0, 0, 25, 33, 1
1905, 0, 0, 25, 34, 1
1905, 0, 0, 25, 35, 1
1905, 0, 0, 25, 36, 1
1905, 0, 0, 25, 37, 1
1905, 0, 0, 25, 38, 1
1905, 0, 0, 25, 39, 1
1905, 1, 3, 25, 40, 1
1926, 13, 1, 13, 36, 1
1926, 12, 2, 13, 37, 1
1926, 13, 2, 13, 38, 1
1926, 12, 1, 14, 36, 1
1926, 17, 2, 14, 37, 1
1926, 12, 3, 14, 38, 1
1926, 16, 1, 15, 35, 1
1926, 14, 1, 15, 36, 1
1926, 17, 2, 15, 37, 1
1926, 14, 2, 15, 38, 1
1926, 16, 2, 15, 39, 1
1926, 12, 1, 16, 35, 1
1926, 17, 2, 16, 36, 1
1926, 17, 2, 16, 37, 1
1926, 17, 2, 16, 38, 1
1926, 12, 3, 16, 39, 1
1926, 17, 2, 17, 36, 1
1926, 17, 2, 17, 37, 1
1926, 17, 2, 17, 38, 1
1926, 12, 3, 17, 39, 1
1926, 12, 1, 18, 35, 1
1926, 17, 2, 18, 36, 1
1926, 17, 2, 18, 37, 1
1926, 17, 2, 18, 38, 1
1926, 12, 3, 18, 39, 1
1926, 12, 1, 19, 35, 1
1926, 17, 0, 19, 36, 1
1926, 17, 0, 19, 37, 1
1926, 17, 0, 19, 38, 1
1926, 12, 3, 19, 39, 1
1926, 12, 2, 20, 40, 1
1926, 12, 2, 20, 41, 1
1926, 12, 2, 20, 42, 1
1926, 13, 2, 20, 43, 1
1926, 17, 1, 21, 41, 1
1926, 17, 1, 21, 42, 1
1926, 12, 3, 21, 43, 1
1926, 17, 1, 22, 41, 1
1926, 17, 1, 22, 42, 1
1926, 12, 3, 22, 43, 1
1926, 17, 1, 23, 41, 1
1926, 17, 1, 23, 42, 1
1926, 12, 3, 23, 43, 1
1926, 14, 3, 24, 41, 1
1926, 12, 0, 24, 42, 1
1926, 13, 3, 24, 43, 1
1926, 12, 1, 25, 31, 1
1926, 12, 3, 25, 35, 1
1926, 13, 0, 25, 39, 1
1926, 12, 0, 25, 40, 1
1926, 13, 3, 25, 41, 1
1926, 12, 1, 26, 31, 1
1926, 17, 0, 26, 32, 1
1926, 17, 3, 26, 33, 1
1926, 17, 3, 26, 34, 1
1926, 12, 3, 26, 35, 1
1926, 12, 1, 27, 31, 1
1926, 17, 0, 27, 32, 1
1926, 17, 3, 27, 33, 1
1926, 17, 3, 27, 34, 1
1926, 12, 3, 27, 35, 1
1926, 13, 1, 27, 43, 1
1926, 12, 2, 27, 44, 1
1926, 12, 2, 27, 45, 1
1926, 13, 2, 27, 46, 1
1926, 13, 0, 28, 31, 1
1926, 12, 0, 28, 32, 1
1926, 12, 0, 28, 33, 1
1926, 12, 0, 28, 34, 1
1926, 16, 3, 28, 35, 1
1926, 12, 1, 28, 43, 1
1926, 17, 0, 28, 44, 1
1926, 17, 0, 28, 45, 1
1926, 12, 3, 28, 46, 1
1926, 12, 1, 29, 43, 1
1926, 17, 0, 29, 44, 1
1926, 17, 0, 29, 45, 1
1926, 12, 3, 29, 46, 1
1926, 13, 0, 30, 43, 1
1926, 12, 0, 30, 44, 1
1926, 12, 0, 30, 45, 1
1926, 13, 3, 30, 46, 1
1926, 16, 1, 20, 35, 2
1926, 12, 2, 20, 36, 2
1926, 12, 2, 20, 37, 2
1926, 12, 2, 20, 38, 2
1926, 16, 2, 20, 39, 2
1926, 16, 1, 21, 32, 2
1926, 12, 2, 21, 33, 2
1926, 12, 2, 21, 34, 2
1926, 15, 1, 21, 35, 2
1926, 17, 0, 21, 36, 2
1926, 17, 0, 21, 37, 2
1926, 17, 0, 21, 38, 2
1926, 12, 3, 21, 39, 2
1926, 12, 1, 22, 32, 2
1926, 17, 0, 22, 33, 2
1926, 17, 0, 22, 34, 2
1926, 17, 0, 22, 35, 2
1926, 17, 0, 22, 36, 2
1926, 17, 0, 22, 37, 2
1926, 17, 0, 22, 38, 2
1926, 12, 3, 22, 39, 2
1926, 12, 1, 23, 32, 2
1926, 17, 0, 23, 33, 2
1926, 17, 0, 23, 34, 2
1926, 17, 0, 23, 35, 2
1926, 17, 0, 23, 36, 2
1926, 17, 0, 23, 37, 2
1926, 17, 0, 23, 38, 2
1926, 12, 3, 23, 39, 2
1926, 16, 0, 24, 32, 2
1926, 12, 0, 24, 33, 2
1926, 12, 0, 24, 34, 2
1926, 12, 0, 24, 35, 2
1926, 12, 0, 24, 36, 2
1926, 12, 0, 24, 37, 2
1926, 16, 3, 24, 39, 2
1929, 12, 1, 17, 35, 1
1929, 12, 0, 24, 38, 2
1930, 17, 3, 21, 40, 1
1930, 17, 3, 22, 40, 1
1930, 17, 3, 23, 40, 1
1930, 12, 1, 24, 31, 1
1930, 17, 3, 24, 40, 1
1930, 17, 0, 25, 32, 1
1930, 17, 0, 25, 33, 1
1930, 17, 0, 25, 34, 1
1931, 13, 1, 23, 31, 1
1982, 9, 1, 0, 9, 0
1982, 9, 0, 0, 24, 0
1982, 9, 1, 0, 38, 0
1982, 9, 1, 1, 8, 0
1982, 9, 0, 1, 25, 0
1982, 9, 1, 1, 37, 0
1982, 9, 1, 2, 7, 0
1982, 0, 0, 2, 26, 0
1982, 0, 0, 2, 27, 0
1982, 0, 0, 2, 28, 0
1982, 0, 0, 2, 29, 0
1982, 0, 0, 2, 30, 0
1982, 0, 0, 2, 31, 0
1982, 0, 0, 2, 32, 0
1982, 0, 0, 2, 33, 0
1982, 0, 0, 2, 34, 0
1982, 0, 0, 2, 35, 0
1982, 0, 0, 2, 36, 0
1982, 9, 1, 3, 6, 0
1982, 9, 1, 4, 5, 0
1982, 9, 1, 5, 4, 0
1982, 0, 1, 6, 3, 0
1982, 0, 1, 7, 3, 0
1982, 0, 1, 8, 3, 0
1982, 0, 2, 9, 0, 0
1982, 0, 2, 9, 1, 0
1982, 0, 2, 9, 2, 0
1982, 9, 1, 9, 3, 0
1989, 10, 2, 24, 34, 1
1992, 10, 0, 62, 52, 0
2724, 10, 3, 17, 35, 0
2732, 10, 3, 58, 14, 0
2759, 22, 0, 12, 28, 0
2759, 22, 0, 31, 20, 0
2759, 22, 0, 41, 13, 0
