21, 11, 2, 56, 40, 0
165, 10, 2, 45, 32, 0
166, 0, 2, 34, 34, 0
167, 0, 2, 34, 33, 0
176, 22, 2, 5, 28, 0
176, 22, 2, 6, 28, 0
176, 22, 2, 8, 27, 0
176, 22, 2, 10, 27, 0
197, 4, 0, 44, 29, 0
197, 4, 0, 44, 31, 0
197, 4, 3, 46, 29, 0
197, 4, 2, 47, 30, 0
197, 4, 0, 57, 16, 0
197, 4, 2, 60, 19, 0
197, 4, 2, 62, 15, 0
197, 4, 2, 62, 17, 0
309, 10, 1, 8, 56, 0
309, 10, 2, 8, 57, 0
309, 10, 2, 14, 54, 0
309, 10, 3, 40, 35, 0
309, 10, 2, 42, 35, 0
309, 10, 2, 43, 35, 0
309, 10, 0, 61, 19, 0
309, 10, 0, 62, 19, 0
309, 10, 1, 62, 20, 0
309, 10, 1, 62, 22, 0
312, 10, 1, 7, 3, 0
312, 10, 1, 7, 4, 0
312, 10, 1, 7, 5, 0
312, 10, 1, 7, 6, 0
312, 10, 1, 7, 7, 0
313, 10, 1, 6, 6, 0
313, 10, 1, 6, 7, 0
319, 22, 1, 22, 25, 0
320, 22, 0, 21, 25, 0
320, 22, 3, 21, 28, 0
320, 22, 1, 21, 30, 0
320, 22, 0, 22, 24, 0
320, 22, 2, 22, 31, 0
320, 22, 0, 23, 23, 0
320, 22, 0, 23, 24, 0
320, 22, 0, 24, 22, 0
321, 22, 2, 21, 31, 0
321, 22, 3, 22, 26, 0
324, 22, 3, 44, 34, 0
324, 22, 0, 45, 33, 0
324, 22, 3, 46, 30, 0
325, 22, 1, 39, 33, 0
325, 22, 2, 40, 31, 0
325, 22, 2, 41, 32, 0
325, 22, 1, 41, 33, 0
325, 22, 2, 42, 32, 0
325, 22, 0, 42, 34, 0
325, 22, 2, 43, 32, 0
325, 22, 3, 43, 34, 0
325, 22, 0, 44, 29, 0
325, 22, 2, 44, 30, 0
325, 22, 2, 44, 32, 0
325, 22, 0, 44, 33, 0
325, 22, 1, 45, 30, 0
325, 22, 3, 45, 31, 0
325, 22, 1, 47, 30, 0
326, 22, 1, 42, 33, 0
326, 22, 1, 44, 31, 0
326, 22, 0, 45, 34, 0
326, 22, 2, 47, 29, 0
335, 22, 1, 23, 18, 0
336, 22, 2, 19, 18, 0
336, 22, 1, 20, 17, 0
336, 22, 3, 20, 19, 0
336, 22, 1, 21, 18, 0
336, 22, 1, 22, 18, 0
336, 22, 3, 23, 17, 0
336, 22, 0, 23, 19, 0
336, 22, 0, 24, 18, 0
336, 22, 0, 26, 18, 0
337, 22, 3, 20, 18, 0
347, 10, 3, 11, 3, 0
347, 10, 3, 13, 3, 0
348, 10, 0, 30, 9, 0
348, 10, 0, 30, 10, 0
350, 10, 1, 11, 7, 0
350, 10, 3, 24, 6, 0
350, 10, 3, 25, 6, 0
352, 10, 2, 29, 9, 1
354, 10, 2, 58, 19, 0
355, 10, 3, 57, 19, 0
361, 10, 0, 13, 58, 0
361, 10, 3, 62, 17, 0
362, 10, 3, 10, 58, 0
362, 10, 0, 11, 58, 0
362, 10, 3, 61, 18, 0
362, 10, 3, 62, 15, 0
362, 10, 3, 62, 18, 0
364, 10, 0, 10, 57, 0
374, 10, 0, 28, 8, 1
417, 10, 1, 28, 10, 1
444, 10, 0, 12, 20, 0
444, 10, 0, 13, 39, 0
444, 10, 0, 24, 29, 0
444, 10, 0, 51, 19, 0
445, 10, 0, 14, 36, 0
445, 10, 3, 15, 19, 0
445, 10, 3, 32, 53, 0
445, 10, 0, 47, 24, 0
445, 10, 3, 50, 21, 0
446, 10, 3, 14, 23, 0
446, 10, 0, 15, 21, 0
446, 10, 3, 25, 52, 0
446, 10, 0, 45, 27, 0
446, 10, 0, 49, 15, 0
447, 10, 0, 21, 55, 0
447, 10, 1, 23, 54, 0
447, 10, 3, 25, 50, 0
447, 10, 1, 28, 53, 0
447, 10, 1, 30, 35, 0
447, 10, 3, 33, 58, 0
447, 10, 2, 35, 51, 0
447, 10, 1, 48, 28, 0
447, 10, 0, 51, 16, 0
590, 10, 0, 60, 3, 0
591, 10, 0, 56, 3, 0
592, 10, 1, 25, 6, 1
592, 10, 0, 25, 7, 1
593, 10, 0, 2, 28, 1
595, 10, 2, 32, 9, 0
598, 10, 0, 2, 26, 0
598, 10, 0, 2, 30, 0
598, 10, 3, 16, 6, 0
598, 10, 2, 16, 9, 1
609, 10, 3, 60, 15, 0
612, 10, 0, 23, 8, 0
652, 22, 3, 46, 29, 0
653, 22, 0, 46, 31, 0
655, 4, 3, 45, 29, 0
656, 4, 2, 47, 31, 0
680, 10, 3, 14, 5, 1
682, 10, 3, 16, 5, 1
683, 10, 0, 13, 7, 0
683, 10, 1, 19, 7, 1
683, 10, 3, 28, 6, 1
686, 22, 3, 59, 17, 0
688, 22, 3, 57, 16, 0
689, 10, 0, 23, 10, 1
690, 10, 1, 24, 10, 1
767, 22, 3, 21, 33, 1
767, 22, 3, 21, 34, 1
767, 22, 3, 21, 35, 1
767, 22, 3, 21, 36, 1
767, 22, 3, 21, 37, 1
767, 22, 1, 22, 33, 1
767, 22, 1, 22, 34, 1
767, 22, 1, 22, 35, 1
767, 22, 1, 22, 36, 1
767, 22, 1, 22, 37, 1
826, 22, 2, 28, 32, 0
840, 5, 3, 26, 11, 1
840, 5, 3, 28, 11, 1
871, 10, 0, 23, 7, 1
875, 10, 0, 24, 7, 1
887, 4, 0, 30, 9, 0
888, 4, 0, 30, 7, 0
889, 4, 2, 34, 9, 0
898, 5, 2, 43, 29, 0
906, 4, 0, 30, 9, 1
906, 4, 0, 30, 10, 1
908, 4, 3, 2, 26, 0
908, 4, 1, 2, 30, 0
916, 22, 3, 17, 5, 0
916, 22, 2, 24, 10, 0
917, 22, 3, 23, 7, 0
917, 22, 0, 23, 8, 0
917, 22, 2, 25, 7, 0
917, 22, 1, 25, 8, 0
918, 22, 2, 24, 7, 0
918, 22, 0, 24, 8, 0
925, 22, 3, 30, 8, 0
925, 22, 0, 30, 10, 0
925, 22, 2, 34, 8, 0
925, 22, 1, 34, 10, 0
925, 22, 3, 26, 6, 1
925, 22, 0, 26, 10, 1
925, 22, 2, 27, 6, 1
925, 22, 1, 27, 10, 1
926, 22, 3, 30, 9, 0
926, 22, 2, 31, 8, 0
926, 22, 0, 31, 10, 0
926, 22, 2, 32, 8, 0
926, 22, 0, 32, 10, 0
926, 22, 2, 33, 8, 0
926, 22, 0, 33, 10, 0
926, 22, 1, 34, 9, 0
926, 22, 3, 26, 7, 1
926, 22, 3, 26, 8, 1
926, 22, 3, 26, 9, 1
926, 22, 1, 27, 7, 1
926, 22, 1, 27, 8, 1
926, 22, 1, 27, 9, 1
927, 22, 2, 31, 9, 0
927, 22, 2, 32, 9, 0
927, 22, 2, 33, 9, 0
943, 22, 3, 11, 4, 0
943, 22, 0, 11, 6, 0
943, 22, 2, 13, 4, 0
943, 22, 1, 13, 6, 0
943, 22, 3, 15, 5, 1
943, 22, 0, 15, 7, 1
943, 22, 2, 18, 5, 1
943, 22, 1, 18, 7, 1
944, 22, 3, 11, 5, 0
944, 22, 2, 12, 4, 0
944, 22, 0, 12, 6, 0
944, 22, 1, 13, 5, 0
944, 22, 3, 15, 6, 1
944, 22, 2, 16, 5, 1
944, 22, 0, 16, 7, 1
944, 22, 2, 17, 5, 1
944, 22, 0, 17, 7, 1
944, 22, 1, 18, 6, 1
945, 22, 2, 12, 5, 0
945, 22, 3, 16, 6, 1
945, 22, 3, 17, 6, 1
950, 22, 0, 31, 10, 1
950, 22, 0, 33, 10, 1
951, 22, 0, 32, 10, 1
951, 22, 0, 34, 10, 1
952, 22, 0, 31, 9, 1
952, 22, 0, 33, 9, 1
953, 22, 0, 32, 9, 1
953, 22, 0, 34, 9, 1
961, 4, 3, 56, 2, 0
961, 4, 3, 58, 2, 0
962, 4, 2, 25, 7, 0
962, 4, 2, 25, 9, 0
979, 1, 0, 0, 9, 0
979, 9, 0, 0, 10, 0
979, 1, 0, 1, 10, 0
979, 9, 0, 1, 11, 0
979, 1, 0, 2, 11, 0
979, 9, 0, 2, 12, 0
979, 1, 0, 3, 12, 0
979, 9, 0, 3, 13, 0
979, 0, 1, 4, 13, 0
979, 0, 1, 5, 13, 0
979, 0, 1, 6, 13, 0
979, 0, 1, 7, 13, 0
979, 0, 1, 8, 13, 0
979, 0, 1, 9, 13, 0
979, 0, 1, 10, 13, 0
979, 0, 1, 11, 13, 0
979, 0, 1, 12, 13, 0
979, 0, 1, 13, 13, 0
979, 0, 1, 14, 13, 0
979, 0, 1, 15, 13, 0
979, 0, 1, 16, 13, 0
979, 0, 1, 17, 13, 0
979, 0, 1, 18, 13, 0
979, 0, 1, 19, 13, 0
979, 0, 1, 20, 13, 0
979, 0, 1, 21, 13, 0
979, 0, 1, 22, 13, 0
979, 0, 1, 23, 13, 0
979, 0, 1, 24, 13, 0
979, 0, 1, 25, 13, 0
979, 0, 1, 26, 13, 0
979, 3, 2, 26, 14, 0
979, 0, 1, 29, 13, 0
979, 3, 3, 29, 14, 0
979, 0, 1, 30, 13, 0
979, 0, 1, 31, 13, 0
979, 0, 1, 32, 13, 0
979, 0, 1, 33, 13, 0
979, 0, 1, 34, 13, 0
979, 0, 1, 35, 13, 0
979, 3, 0, 36, 13, 0
979, 3, 1, 41, 13, 0
979, 0, 1, 42, 13, 0
979, 0, 1, 43, 13, 0
979, 0, 1, 44, 13, 0
979, 0, 1, 45, 13, 0
979, 0, 1, 46, 13, 0
979, 0, 1, 47, 13, 0
979, 0, 1, 48, 13, 0
979, 0, 1, 49, 13, 0
979, 0, 1, 50, 13, 0
979, 0, 1, 51, 13, 0
979, 3, 2, 51, 14, 0
979, 0, 1, 54, 13, 0
979, 3, 3, 54, 14, 0
979, 1, 1, 55, 12, 0
979, 9, 1, 55, 13, 0
979, 1, 1, 56, 11, 0
979, 9, 1, 56, 12, 0
979, 0, 1, 57, 11, 0
979, 0, 1, 58, 11, 0
979, 0, 1, 59, 11, 0
979, 0, 1, 60, 11, 0
979, 0, 1, 61, 11, 0
979, 0, 1, 62, 11, 0
979, 0, 1, 63, 11, 0
980, 0, 1, 0, 22, 0
980, 0, 3, 0, 33, 0
980, 0, 1, 1, 22, 0
980, 0, 3, 1, 33, 0
980, 0, 1, 2, 22, 0
980, 0, 3, 2, 33, 0
980, 0, 1, 3, 22, 0
980, 0, 3, 3, 33, 0
980, 0, 1, 4, 22, 0
980, 0, 3, 4, 33, 0
980, 0, 1, 5, 22, 0
980, 0, 3, 5, 33, 0
980, 9, 0, 6, 23, 0
980, 0, 3, 6, 33, 0
980, 9, 0, 7, 24, 0
980, 9, 3, 7, 32, 0
980, 0, 1, 8, 24, 0
980, 0, 3, 8, 32, 0
980, 0, 1, 9, 24, 0
980, 9, 3, 9, 31, 0
980, 9, 0, 10, 25, 0
980, 9, 3, 10, 29, 0
980, 0, 0, 10, 30, 0
980, 0, 0, 11, 26, 0
980, 0, 0, 11, 28, 0
980, 9, 2, 16, 39, 0
980, 1, 2, 16, 40, 0
980, 0, 3, 17, 40, 0
980, 0, 3, 18, 40, 0
980, 0, 3, 19, 40, 0
980, 9, 3, 20, 39, 0
980, 1, 3, 20, 40, 0
980, 9, 3, 21, 24, 0
980, 0, 0, 21, 25, 0
980, 0, 0, 21, 26, 0
980, 0, 0, 21, 27, 0
980, 0, 0, 21, 28, 0
980, 0, 0, 21, 29, 0
980, 0, 0, 21, 30, 0
980, 0, 0, 21, 31, 0
980, 0, 0, 21, 32, 0
980, 0, 0, 21, 38, 0
980, 1, 3, 21, 39, 0
980, 0, 2, 22, 29, 0
980, 0, 2, 22, 30, 0
980, 0, 2, 22, 31, 0
980, 0, 2, 22, 32, 0
980, 0, 2, 22, 38, 0
980, 1, 2, 22, 39, 0
980, 0, 2, 23, 25, 0
980, 9, 2, 23, 39, 0
980, 1, 2, 23, 40, 0
980, 0, 2, 24, 23, 0
980, 9, 3, 24, 24, 0
980, 0, 3, 24, 40, 0
980, 9, 3, 35, 23, 0
980, 0, 0, 35, 24, 0
980, 0, 0, 35, 25, 0
980, 0, 0, 35, 26, 0
980, 0, 0, 35, 27, 0
980, 0, 0, 35, 28, 0
980, 0, 0, 35, 29, 0
980, 0, 0, 35, 30, 0
980, 0, 0, 35, 31, 0
980, 0, 0, 35, 32, 0
980, 0, 0, 35, 35, 0
980, 2, 0, 35, 36, 0
980, 0, 3, 36, 23, 0
980, 0, 1, 36, 36, 0
980, 0, 3, 37, 23, 0
980, 0, 1, 37, 36, 0
980, 0, 3, 38, 23, 0
980, 0, 1, 38, 36, 0
980, 0, 3, 39, 23, 0
980, 0, 1, 39, 36, 0
980, 0, 3, 40, 23, 0
980, 0, 1, 40, 36, 0
980, 0, 3, 41, 23, 0
980, 0, 1, 41, 36, 0
980, 0, 3, 42, 23, 0
980, 0, 1, 42, 36, 0
980, 0, 3, 43, 23, 0
980, 0, 1, 43, 36, 0
980, 0, 3, 44, 23, 0
980, 0, 1, 44, 36, 0
980, 0, 3, 45, 23, 0
980, 0, 1, 45, 36, 0
980, 0, 2, 46, 0, 0
980, 0, 2, 46, 1, 0
980, 0, 2, 46, 2, 0
980, 0, 2, 46, 5, 0
980, 0, 2, 46, 6, 0
980, 0, 2, 46, 7, 0
980, 0, 3, 46, 23, 0
980, 0, 1, 46, 36, 0
980, 9, 2, 47, 8, 0
980, 0, 2, 47, 9, 0
980, 0, 2, 47, 10, 0
980, 3, 2, 47, 11, 0
980, 0, 3, 47, 23, 0
980, 0, 1, 47, 36, 0
980, 9, 2, 48, 11, 0
980, 3, 2, 48, 12, 0
980, 0, 3, 48, 23, 0
980, 0, 1, 48, 36, 0
980, 0, 0, 49, 0, 0
980, 0, 0, 49, 1, 0
980, 0, 0, 49, 2, 0
980, 0, 0, 49, 3, 0
980, 0, 0, 49, 4, 0
980, 0, 0, 49, 5, 0
980, 9, 2, 49, 6, 0
980, 0, 2, 49, 7, 0
980, 0, 2, 49, 8, 0
980, 0, 3, 49, 12, 0
980, 2, 2, 49, 23, 0
980, 0, 2, 49, 24, 0
980, 0, 2, 49, 25, 0
980, 0, 2, 49, 26, 0
980, 0, 2, 49, 27, 0
980, 0, 2, 49, 28, 0
980, 0, 2, 49, 29, 0
980, 0, 2, 49, 30, 0
980, 0, 2, 49, 31, 0
980, 0, 2, 49, 32, 0
980, 0, 2, 49, 33, 0
980, 0, 2, 49, 34, 0
980, 0, 2, 49, 35, 0
980, 2, 1, 49, 36, 0
980, 9, 0, 50, 9, 0
980, 0, 3, 50, 12, 0
980, 9, 0, 51, 10, 0
980, 9, 2, 51, 12, 0
980, 0, 1, 52, 10, 0
980, 0, 2, 55, 19, 0
980, 0, 2, 55, 20, 0
980, 0, 2, 55, 21, 0
980, 0, 2, 55, 22, 0
980, 0, 2, 55, 28, 0
980, 0, 2, 55, 29, 0
980, 0, 2, 55, 30, 0
980, 0, 2, 55, 34, 0
980, 1, 2, 55, 35, 0
980, 9, 2, 56, 23, 0
980, 0, 2, 56, 24, 0
980, 0, 2, 56, 25, 0
980, 0, 2, 56, 26, 0
980, 9, 1, 56, 27, 0
980, 9, 2, 56, 31, 0
980, 0, 2, 56, 32, 0
980, 9, 1, 56, 33, 0
980, 9, 2, 56, 35, 0
980, 1, 2, 56, 36, 0
980, 9, 2, 57, 36, 0
980, 0, 3, 58, 37, 0
980, 0, 3, 59, 37, 0
980, 0, 3, 60, 37, 0
980, 0, 3, 61, 37, 0
980, 9, 3, 62, 30, 0
980, 0, 0, 62, 31, 0
980, 9, 0, 62, 32, 0
980, 9, 3, 62, 36, 0
980, 0, 0, 63, 19, 0
980, 0, 0, 63, 20, 0
980, 0, 0, 63, 21, 0
980, 0, 0, 63, 22, 0
980, 0, 0, 63, 23, 0
980, 0, 0, 63, 24, 0
980, 0, 0, 63, 25, 0
980, 0, 0, 63, 28, 0
980, 0, 0, 63, 29, 0
980, 0, 0, 63, 33, 0
980, 0, 0, 63, 34, 0
980, 0, 0, 63, 35, 0
980, 0, 0, 21, 33, 1
980, 0, 0, 21, 34, 1
980, 0, 0, 21, 35, 1
980, 0, 0, 21, 36, 1
980, 0, 0, 21, 37, 1
980, 0, 2, 22, 33, 1
980, 0, 2, 22, 34, 1
980, 0, 2, 22, 35, 1
980, 0, 2, 22, 36, 1
980, 0, 2, 22, 37, 1
981, 3, 1, 2, 1, 0
981, 0, 2, 2, 2, 0
981, 0, 2, 2, 3, 0
981, 0, 2, 2, 4, 0
981, 0, 2, 2, 5, 0
981, 0, 2, 2, 6, 0
981, 0, 2, 2, 7, 0
981, 3, 2, 2, 8, 0
981, 3, 1, 3, 0, 0
981, 9, 1, 3, 1, 0
981, 9, 2, 3, 8, 0
981, 3, 2, 3, 9, 0
981, 0, 1, 4, 0, 0
981, 9, 2, 4, 9, 0
981, 3, 2, 4, 10, 0
981, 0, 1, 5, 0, 0
981, 0, 3, 5, 10, 0
981, 0, 1, 6, 0, 0
981, 0, 3, 6, 10, 0
981, 3, 0, 6, 22, 0
981, 0, 1, 7, 0, 0
981, 0, 3, 7, 10, 0
981, 3, 0, 7, 23, 0
981, 3, 3, 7, 33, 0
981, 0, 1, 8, 0, 0
981, 9, 2, 8, 10, 0
981, 3, 2, 8, 11, 0
981, 0, 1, 9, 0, 0
981, 0, 3, 9, 11, 0
981, 3, 3, 9, 32, 0
981, 0, 1, 10, 0, 0
981, 0, 3, 10, 11, 0
981, 3, 0, 10, 24, 0
981, 3, 3, 10, 31, 0
981, 0, 1, 11, 0, 0
981, 0, 3, 11, 11, 0
981, 3, 0, 11, 25, 0
981, 3, 3, 11, 29, 0
981, 0, 1, 12, 0, 0
981, 0, 3, 12, 11, 0
981, 0, 1, 13, 0, 0
981, 0, 3, 13, 11, 0
981, 0, 1, 14, 0, 0
981, 0, 3, 14, 11, 0
981, 0, 1, 15, 0, 0
981, 0, 3, 15, 11, 0
981, 3, 2, 15, 39, 0
981, 0, 1, 16, 0, 0
981, 0, 3, 16, 11, 0
981, 0, 1, 17, 0, 0
981, 0, 3, 17, 11, 0
981, 0, 1, 18, 0, 0
981, 0, 3, 18, 11, 0
981, 0, 1, 19, 0, 0
981, 0, 3, 19, 11, 0
981, 3, 0, 20, 0, 0
981, 0, 0, 20, 1, 0
981, 0, 0, 20, 2, 0
981, 0, 0, 20, 3, 0
981, 0, 0, 20, 4, 0
981, 0, 0, 20, 6, 0
981, 0, 0, 20, 7, 0
981, 0, 0, 20, 8, 0
981, 0, 0, 20, 9, 0
981, 0, 0, 20, 10, 0
981, 3, 3, 20, 11, 0
981, 3, 3, 25, 40, 0
981, 3, 2, 46, 3, 0
981, 3, 1, 46, 4, 0
981, 3, 2, 46, 8, 0
981, 3, 3, 52, 13, 0
981, 0, 0, 53, 2, 0
981, 3, 0, 53, 10, 0
981, 0, 2, 13, 8, 1
981, 0, 2, 13, 9, 1
981, 0, 2, 13, 10, 1
981, 3, 2, 13, 11, 1
981, 0, 3, 14, 11, 1
981, 0, 3, 15, 11, 1
981, 0, 3, 16, 11, 1
981, 0, 3, 17, 11, 1
981, 0, 3, 18, 11, 1
981, 0, 3, 19, 11, 1
981, 0, 0, 20, 8, 1
981, 0, 0, 20, 9, 1
981, 0, 0, 20, 10, 1
981, 3, 3, 20, 11, 1
994, 0, 2, 15, 3, 1
994, 0, 2, 15, 4, 1
994, 0, 3, 16, 5, 1
994, 0, 3, 17, 5, 1
994, 0, 2, 31, 6, 1
994, 0, 2, 31, 7, 1
994, 1, 2, 31, 8, 1
994, 0, 3, 32, 8, 1
994, 0, 3, 33, 8, 1
997, 0, 1, 51, 0, 0
997, 0, 0, 51, 1, 0
997, 0, 0, 51, 2, 0
997, 0, 0, 51, 3, 0
997, 0, 0, 51, 4, 0
997, 0, 0, 51, 5, 0
997, 0, 0, 51, 6, 0
997, 0, 0, 51, 7, 0
997, 0, 0, 51, 8, 0
997, 0, 3, 51, 9, 0
997, 0, 1, 52, 0, 0
997, 0, 3, 52, 9, 0
997, 0, 1, 53, 0, 0
997, 0, 3, 53, 9, 0
997, 0, 1, 54, 0, 0
997, 0, 3, 54, 9, 0
997, 0, 1, 55, 0, 0
997, 0, 3, 55, 9, 0
997, 0, 1, 56, 0, 0
997, 0, 1, 57, 0, 0
997, 0, 1, 58, 0, 0
997, 0, 3, 58, 9, 0
997, 0, 1, 59, 0, 0
997, 0, 3, 59, 9, 0
997, 0, 1, 60, 0, 0
997, 0, 3, 60, 9, 0
997, 0, 1, 61, 0, 0
997, 0, 3, 61, 9, 0
997, 0, 1, 62, 0, 0
997, 0, 3, 62, 9, 0
997, 0, 0, 63, 1, 0
997, 0, 0, 63, 2, 0
997, 0, 0, 63, 3, 0
997, 0, 0, 63, 4, 0
997, 0, 0, 63, 5, 0
997, 0, 0, 63, 6, 0
997, 0, 0, 63, 7, 0
997, 0, 0, 63, 8, 0
1019, 7, 3, 4, 30, 0
1020, 7, 0, 4, 26, 0
1032, 10, 3, 35, 32, 0
1032, 10, 3, 35, 35, 0
1090, 10, 2, 33, 8, 0
1090, 10, 0, 33, 10, 0
1090, 10, 1, 34, 9, 0
1102, 10, 3, 1, 26, 0
1102, 10, 0, 1, 30, 0
1102, 10, 0, 3, 26, 0
1102, 10, 0, 6, 55, 0
1102, 10, 1, 16, 7, 0
1102, 10, 1, 17, 6, 0
1102, 10, 3, 23, 7, 0
1102, 10, 3, 36, 26, 0
1102, 10, 0, 38, 28, 0
1102, 10, 1, 40, 26, 0
1102, 10, 1, 15, 9, 1
1102, 10, 2, 15, 10, 1
1102, 10, 2, 16, 10, 1
1102, 10, 3, 17, 9, 1
1106, 10, 0, 59, 7, 0
1106, 10, 1, 61, 5, 0
1118, 10, 0, 12, 41, 0
1118, 10, 1, 27, 46, 0
1118, 10, 0, 28, 44, 0
1153, 10, 2, 14, 9, 1
1153, 10, 2, 19, 8, 1
1154, 10, 2, 19, 9, 1
1155, 10, 2, 14, 8, 1
1158, 10, 2, 14, 10, 1
1158, 10, 2, 19, 10, 1
1161, 10, 0, 5, 3, 0
1161, 10, 0, 5, 4, 0
1161, 10, 0, 5, 5, 0
1161, 10, 0, 5, 6, 0
1161, 10, 0, 5, 7, 0
1171, 10, 3, 34, 28, 0
1171, 10, 2, 35, 27, 0
1171, 10, 3, 36, 24, 0
1171, 10, 1, 36, 29, 0
1171, 10, 2, 38, 23, 0
1173, 10, 0, 27, 25, 0
1178, 10, 0, 42, 58, 0
1178, 10, 2, 44, 56, 0
1178, 10, 2, 44, 57, 0
1178, 10, 1, 45, 56, 0
1179, 10, 3, 40, 59, 0
1179, 10, 0, 43, 57, 0
1179, 10, 2, 44, 60, 0
1179, 10, 1, 45, 58, 0
1179, 10, 3, 48, 55, 0
1179, 10, 1, 48, 56, 0
1179, 10, 3, 49, 55, 0
1185, 10, 3, 11, 10, 0
1185, 10, 3, 13, 10, 0
1185, 10, 2, 18, 9, 0
1187, 10, 2, 3, 2, 0
1187, 10, 1, 3, 6, 0
1187, 10, 0, 3, 7, 0
1187, 10, 2, 8, 9, 0
1187, 10, 0, 10, 4, 0
1187, 10, 2, 10, 6, 0
1188, 10, 2, 3, 3, 0
1188, 10, 3, 10, 7, 0
1189, 10, 1, 0, 57, 0
1189, 10, 0, 3, 60, 0
1189, 10, 1, 9, 2, 0
1189, 10, 1, 9, 18, 0
1189, 10, 2, 11, 45, 0
1189, 10, 0, 12, 8, 0
1189, 10, 1, 13, 45, 0
1189, 10, 3, 14, 42, 0
1189, 10, 0, 36, 2, 0
1189, 10, 3, 53, 42, 0
1189, 10, 1, 54, 48, 0
1189, 10, 0, 55, 63, 0
1189, 10, 2, 56, 36, 0
1189, 10, 0, 57, 46, 0
1189, 10, 2, 58, 51, 0
1189, 10, 2, 58, 62, 0
1189, 10, 3, 62, 61, 0
1189, 10, 2, 63, 63, 0
1190, 10, 1, 7, 9, 0
1191, 10, 1, 5, 9, 0
1191, 10, 1, 6, 9, 0
1191, 10, 0, 18, 4, 0
1191, 10, 0, 18, 6, 0
1192, 10, 1, 5, 1, 0
1192, 10, 1, 8, 1, 0
1193, 10, 1, 6, 1, 0
1194, 10, 2, 4, 8, 0
1194, 10, 0, 9, 1, 0
1194, 10, 3, 9, 10, 0
1194, 10, 1, 10, 1, 0
1194, 10, 3, 10, 10, 0
1194, 10, 1, 34, 40, 0
1194, 10, 0, 34, 44, 0
1194, 10, 2, 35, 38, 0
1194, 10, 0, 36, 46, 0
1194, 10, 1, 38, 44, 0
1194, 10, 2, 39, 46, 0
1194, 10, 3, 40, 45, 0
1194, 10, 1, 43, 43, 0
1194, 10, 2, 45, 38, 0
1195, 10, 2, 3, 5, 0
1196, 10, 2, 3, 4, 0
1198, 10, 1, 7, 1, 0
1246, 22, 1, 0, 25, 0
1246, 22, 3, 1, 23, 0
1246, 22, 0, 1, 32, 0
1246, 22, 3, 2, 21, 0
1246, 22, 3, 3, 43, 0
1246, 22, 2, 3, 54, 0
1246, 22, 1, 3, 58, 0
1246, 22, 0, 4, 25, 0
1246, 22, 2, 5, 16, 0
1246, 22, 2, 5, 60, 0
1246, 22, 2, 6, 30, 0
1246, 22, 2, 6, 32, 0
1246, 22, 1, 7, 21, 0
1246, 22, 3, 9, 43, 0
1246, 22, 2, 9, 54, 0
1246, 22, 0, 11, 43, 0
1246, 22, 3, 11, 53, 0
1246, 22, 0, 12, 23, 0
1246, 22, 0, 12, 47, 0
1246, 22, 1, 12, 62, 0
1246, 22, 1, 12, 63, 0
1246, 22, 0, 13, 40, 0
1246, 22, 3, 14, 56, 0
1246, 22, 0, 18, 38, 0
1246, 22, 1, 19, 30, 0
1246, 22, 0, 22, 63, 0
1246, 22, 2, 24, 30, 0
1246, 22, 3, 24, 61, 0
1246, 22, 1, 25, 35, 0
1246, 22, 0, 25, 56, 0
1246, 22, 1, 26, 24, 0
1246, 22, 3, 29, 23, 0
1246, 22, 2, 29, 49, 0
1246, 22, 1, 29, 57, 0
1246, 22, 1, 31, 2, 0
1246, 22, 2, 32, 18, 0
1246, 22, 1, 34, 47, 0
1246, 22, 0, 36, 60, 0
1246, 22, 1, 38, 31, 0
1246, 22, 1, 40, 57, 0
1246, 22, 2, 42, 28, 0
1246, 22, 3, 43, 25, 0
1246, 22, 2, 43, 47, 0
1246, 22, 1, 44, 44, 0
1246, 22, 3, 45, 15, 0
1246, 22, 3, 47, 20, 0
1246, 22, 1, 47, 51, 0
1246, 22, 1, 48, 35, 0
1246, 22, 1, 49, 31, 0
1246, 22, 2, 50, 18, 0
1246, 22, 1, 51, 46, 0
1246, 22, 1, 51, 53, 0
1246, 22, 2, 52, 42, 0
1246, 22, 2, 52, 60, 0
1246, 22, 0, 53, 35, 0
1246, 22, 2, 53, 50, 0
1246, 22, 1, 54, 61, 0
1246, 22, 3, 55, 45, 0
1246, 22, 2, 55, 56, 0
1246, 22, 0, 56, 49, 0
1246, 22, 1, 56, 53, 0
1246, 22, 0, 57, 22, 0
1246, 22, 2, 57, 48, 0
1246, 22, 2, 59, 16, 0
1246, 22, 1, 59, 23, 0
1246, 22, 1, 59, 35, 0
1246, 22, 1, 60, 19, 0
1246, 22, 1, 60, 29, 0
1246, 22, 2, 60, 54, 0
1246, 22, 3, 60, 60, 0
1246, 22, 0, 61, 33, 0
1246, 22, 2, 61, 50, 0
1246, 22, 2, 62, 41, 0
1246, 22, 3, 62, 57, 0
1247, 22, 2, 0, 24, 0
1247, 22, 3, 0, 32, 0
1247, 22, 3, 3, 24, 0
1247, 22, 2, 3, 32, 0
1247, 22, 1, 5, 23, 0
1247, 22, 0, 6, 21, 0
1247, 22, 3, 6, 29, 0
1247, 22, 3, 6, 53, 0
1247, 22, 3, 6, 57, 0
1247, 22, 1, 7, 58, 0
1247, 22, 3, 8, 53, 0
1247, 22, 0, 8, 55, 0
1247, 22, 0, 9, 17, 0
1247, 22, 2, 9, 25, 0
1247, 22, 0, 9, 28, 0
1247, 22, 3, 9, 30, 0
1247, 22, 0, 9, 52, 0
1247, 22, 0, 10, 22, 0
1247, 22, 1, 10, 36, 0
1247, 22, 2, 12, 33, 0
1247, 22, 3, 13, 24, 0
1247, 22, 3, 13, 59, 0
1247, 22, 0, 15, 55, 0
1247, 22, 1, 16, 53, 0
1247, 22, 2, 19, 31, 0
1247, 22, 0, 20, 52, 0
1247, 22, 1, 21, 36, 0
1247, 22, 2, 21, 52, 0
1247, 22, 1, 22, 51, 0
1247, 22, 1, 22, 56, 0
1247, 22, 0, 22, 57, 0
1247, 22, 0, 24, 9, 0
1247, 22, 1, 28, 17, 0
1247, 22, 1, 28, 22, 0
1247, 22, 0, 28, 24, 0
1247, 22, 3, 28, 38, 0
1247, 22, 1, 28, 50, 0
1247, 22, 1, 29, 3, 0
1247, 22, 2, 29, 21, 0
1247, 22, 0, 30, 36, 0
1247, 22, 3, 30, 38, 0
1247, 22, 3, 31, 34, 0
1247, 22, 1, 31, 46, 0
1247, 22, 2, 32, 12, 0
1247, 22, 3, 32, 33, 0
1247, 22, 0, 32, 34, 0
1247, 22, 2, 32, 51, 0
1247, 22, 3, 33, 50, 0
1247, 22, 1, 34, 16, 0
1247, 22, 3, 34, 53, 0
1247, 22, 2, 35, 55, 0
1247, 22, 3, 36, 42, 0
1247, 22, 0, 36, 58, 0
1247, 22, 2, 37, 13, 0
1247, 22, 0, 37, 41, 0
1247, 22, 2, 38, 27, 0
1247, 22, 3, 38, 58, 0
1247, 22, 0, 39, 57, 0
1247, 22, 3, 40, 24, 0
1247, 22, 3, 41, 2, 0
1247, 22, 2, 41, 30, 0
1247, 22, 1, 41, 43, 0
1247, 22, 0, 42, 40, 0
1247, 22, 0, 42, 46, 0
1247, 22, 2, 43, 44, 0
1247, 22, 1, 44, 39, 0
1247, 22, 3, 44, 54, 0
1247, 22, 0, 45, 19, 0
1247, 22, 1, 46, 17, 0
1247, 22, 1, 46, 43, 0
1247, 22, 2, 46, 55, 0
1247, 22, 3, 46, 58, 0
1247, 22, 2, 47, 11, 0
1247, 22, 3, 47, 50, 0
1247, 22, 0, 47, 57, 0
1247, 22, 1, 48, 16, 0
1247, 22, 0, 48, 19, 0
1247, 22, 2, 48, 44, 0
1247, 22, 2, 49, 20, 0
1247, 22, 2, 49, 40, 0
1247, 22, 1, 49, 45, 0
1247, 22, 0, 50, 1, 0
1247, 22, 1, 52, 24, 0
1247, 22, 1, 53, 38, 0
1247, 22, 1, 53, 57, 0
1247, 22, 1, 54, 39, 0
1247, 22, 2, 56, 38, 0
1247, 22, 2, 57, 21, 0
1247, 22, 2, 57, 24, 0
1247, 22, 3, 57, 29, 0
1247, 22, 1, 57, 31, 0
1247, 22, 2, 58, 18, 0
1247, 22, 1, 58, 27, 0
1247, 22, 1, 59, 44, 0
1247, 22, 1, 59, 45, 0
1247, 22, 2, 60, 31, 0
1247, 22, 3, 61, 16, 0
1247, 22, 1, 61, 23, 0
1247, 22, 0, 61, 30, 0
1247, 22, 2, 61, 40, 0
1247, 22, 1, 62, 1, 0
1247, 22, 2, 62, 46, 0
1247, 22, 3, 63, 39, 0
1247, 22, 3, 63, 49, 0
1247, 22, 3, 63, 50, 0
1247, 22, 2, 63, 52, 0
1248, 22, 2, 0, 31, 0
1248, 22, 3, 1, 25, 0
1248, 22, 1, 4, 49, 0
1248, 22, 1, 4, 56, 0
1248, 22, 2, 5, 31, 0
1248, 22, 3, 6, 25, 0
1248, 22, 2, 6, 26, 0
1248, 22, 2, 6, 54, 0
1248, 22, 3, 7, 26, 0
1248, 22, 3, 8, 28, 0
1248, 22, 3, 9, 23, 0
1248, 22, 1, 9, 61, 0
1248, 22, 3, 12, 26, 0
1248, 22, 0, 12, 44, 0
1248, 22, 2, 12, 46, 0
1248, 22, 3, 14, 9, 0
1248, 22, 1, 19, 42, 0
1248, 22, 0, 20, 27, 0
1248, 22, 3, 21, 24, 0
1248, 22, 0, 21, 41, 0
1248, 22, 3, 21, 48, 0
1248, 22, 0, 21, 50, 0
1248, 22, 1, 25, 27, 0
1248, 22, 0, 26, 42, 0
1248, 22, 1, 28, 8, 0
1248, 22, 3, 29, 55, 0
1248, 22, 3, 35, 24, 0
1248, 22, 0, 36, 38, 0
1248, 22, 2, 37, 7, 0
1248, 22, 3, 37, 28, 0
1248, 22, 3, 37, 30, 0
1248, 22, 2, 37, 33, 0
1248, 22, 3, 38, 25, 0
1248, 22, 2, 38, 35, 0
1248, 22, 2, 39, 28, 0
1248, 22, 0, 40, 25, 0
1248, 22, 0, 41, 18, 0
1248, 22, 0, 45, 27, 0
1248, 22, 3, 45, 29, 0
1248, 22, 3, 46, 34, 0
1248, 22, 2, 46, 36, 0
1248, 22, 0, 47, 5, 0
1248, 22, 3, 47, 28, 0
1248, 22, 0, 47, 32, 0
1248, 22, 3, 48, 27, 0
1248, 22, 3, 48, 38, 0
1248, 22, 0, 59, 26, 0
1248, 22, 3, 59, 32, 0
1248, 22, 3, 60, 21, 0
1248, 22, 0, 61, 35, 0
1254, 22, 1, 31, 20, 0
1257, 22, 0, 0, 0, 0
1257, 22, 3, 0, 8, 0
1257, 22, 3, 0, 9, 0
1257, 22, 2, 0, 14, 0
1257, 22, 1, 0, 18, 0
1257, 22, 1, 0, 37, 0
1257, 22, 1, 0, 38, 0
1257, 22, 2, 0, 39, 0
1257, 22, 3, 0, 41, 0
1257, 22, 2, 0, 42, 0
1257, 22, 2, 0, 56, 0
1257, 22, 2, 0, 57, 0
1257, 22, 0, 1, 0, 0
1257, 22, 0, 1, 7, 0
1257, 22, 0, 1, 8, 0
1257, 22, 2, 1, 10, 0
1257, 22, 2, 1, 11, 0
1257, 22, 2, 1, 14, 0
1257, 22, 3, 1, 37, 0
1257, 22, 1, 1, 55, 0
1257, 22, 3, 1, 58, 0
1257, 22, 3, 2, 0, 0
1257, 22, 3, 2, 15, 0
1257, 22, 3, 2, 38, 0
1257, 22, 0, 2, 59, 0
1257, 22, 0, 3, 17, 0
1257, 22, 1, 3, 18, 0
1257, 22, 1, 3, 38, 0
1257, 22, 1, 3, 39, 0
1257, 22, 1, 3, 59, 0
1257, 22, 1, 4, 19, 0
1257, 22, 3, 4, 37, 0
1257, 22, 2, 4, 59, 0
1257, 22, 0, 4, 60, 0
1257, 22, 0, 4, 61, 0
1257, 22, 2, 5, 13, 0
1257, 22, 3, 5, 18, 0
1257, 22, 0, 5, 19, 0
1257, 22, 0, 5, 61, 0
1257, 22, 3, 6, 2, 0
1257, 22, 3, 6, 12, 0
1257, 22, 2, 6, 13, 0
1257, 22, 1, 6, 61, 0
1257, 22, 2, 7, 12, 0
1257, 22, 1, 7, 13, 0
1257, 22, 2, 7, 62, 0
1257, 22, 0, 8, 7, 0
1257, 22, 2, 8, 12, 0
1257, 22, 0, 8, 13, 0
1257, 22, 1, 8, 18, 0
1257, 22, 1, 8, 59, 0
1257, 22, 2, 8, 62, 0
1257, 22, 2, 9, 2, 0
1257, 22, 2, 9, 7, 0
1257, 22, 2, 9, 8, 0
1257, 22, 1, 9, 59, 0
1257, 22, 0, 9, 60, 0
1257, 22, 3, 9, 62, 0
1257, 22, 2, 10, 2, 0
1257, 22, 3, 10, 8, 0
1257, 22, 1, 10, 9, 0
1257, 22, 2, 10, 17, 0
1257, 22, 0, 10, 20, 0
1257, 22, 1, 11, 2, 0
1257, 22, 2, 11, 9, 0
1257, 22, 3, 11, 12, 0
1257, 22, 2, 11, 18, 0
1257, 22, 0, 11, 20, 0
1257, 22, 3, 12, 12, 0
1257, 22, 2, 12, 18, 0
1257, 22, 3, 12, 19, 0
1257, 22, 3, 12, 20, 0
1257, 22, 1, 12, 28, 0
1257, 22, 2, 13, 27, 0
1257, 22, 0, 13, 49, 0
1257, 22, 1, 13, 61, 0
1257, 22, 2, 14, 12, 0
1257, 22, 3, 14, 28, 0
1257, 22, 3, 14, 47, 0
1257, 22, 1, 14, 48, 0
1257, 22, 0, 14, 62, 0
1257, 22, 0, 15, 27, 0
1257, 22, 0, 15, 46, 0
1257, 22, 3, 15, 47, 0
1257, 22, 2, 15, 59, 0
1257, 22, 2, 16, 12, 0
1257, 22, 3, 16, 28, 0
1257, 22, 0, 16, 45, 0
1257, 22, 0, 16, 46, 0
1257, 22, 2, 16, 62, 0
1257, 22, 1, 17, 12, 0
1257, 22, 3, 17, 28, 0
1257, 22, 2, 17, 29, 0
1257, 22, 2, 17, 49, 0
1257, 22, 1, 17, 52, 0
1257, 22, 0, 18, 2, 0
1257, 22, 1, 18, 8, 0
1257, 22, 1, 18, 9, 0
1257, 22, 1, 18, 12, 0
1257, 22, 1, 18, 45, 0
1257, 22, 1, 18, 49, 0
1257, 22, 3, 19, 3, 0
1257, 22, 3, 19, 4, 0
1257, 22, 2, 19, 7, 0
1257, 22, 0, 19, 8, 0
1257, 22, 2, 19, 45, 0
1257, 22, 3, 19, 46, 0
1257, 22, 0, 19, 47, 0
1257, 22, 1, 19, 48, 0
1257, 22, 3, 19, 51, 0
1257, 22, 2, 20, 7, 0
1257, 22, 1, 20, 9, 0
1257, 22, 0, 20, 13, 0
1257, 22, 1, 20, 25, 0
1257, 22, 1, 20, 26, 0
1257, 22, 0, 20, 51, 0
1257, 22, 2, 21, 4, 0
1257, 22, 3, 21, 5, 0
1257, 22, 0, 21, 6, 0
1257, 22, 1, 21, 7, 0
1257, 22, 2, 21, 8, 0
1257, 22, 3, 21, 9, 0
1257, 22, 0, 21, 10, 0
1257, 22, 3, 21, 13, 0
1257, 22, 0, 22, 12, 0
1257, 22, 2, 22, 14, 0
1257, 22, 1, 22, 15, 0
1257, 22, 1, 22, 47, 0
1257, 22, 0, 23, 3, 0
1257, 22, 3, 23, 14, 0
1257, 22, 2, 23, 46, 0
1257, 22, 0, 23, 50, 0
1257, 22, 0, 24, 14, 0
1257, 22, 3, 24, 50, 0
1257, 22, 2, 25, 49, 0
1257, 22, 1, 25, 61, 0
1257, 22, 2, 26, 43, 0
1257, 22, 0, 26, 46, 0
1257, 22, 1, 26, 48, 0
1257, 22, 1, 26, 58, 0
1257, 22, 2, 26, 59, 0
1257, 22, 3, 26, 62, 0
1257, 22, 2, 26, 63, 0
1257, 22, 2, 27, 43, 0
1257, 22, 3, 27, 45, 0
1257, 22, 1, 27, 63, 0
1257, 22, 2, 30, 57, 0
1257, 22, 3, 31, 53, 0
1257, 22, 0, 31, 54, 0
1257, 22, 0, 32, 37, 0
1257, 22, 0, 32, 49, 0
1257, 22, 0, 32, 57, 0
1257, 22, 3, 33, 0, 0
1257, 22, 3, 33, 1, 0
1257, 22, 2, 33, 2, 0
1257, 22, 1, 33, 3, 0
1257, 22, 3, 33, 37, 0
1257, 22, 1, 33, 38, 0
1257, 22, 2, 33, 39, 0
1257, 22, 3, 33, 40, 0
1257, 22, 1, 33, 48, 0
1257, 22, 2, 33, 55, 0
1257, 22, 2, 33, 57, 0
1257, 22, 1, 34, 3, 0
1257, 22, 0, 34, 4, 0
1257, 22, 2, 34, 37, 0
1257, 22, 0, 34, 40, 0
1257, 22, 2, 34, 49, 0
1257, 22, 0, 35, 4, 0
1257, 22, 3, 35, 5, 0
1257, 22, 2, 35, 37, 0
1257, 22, 1, 35, 38, 0
1257, 22, 0, 35, 40, 0
1257, 22, 2, 35, 41, 0
1257, 22, 3, 35, 45, 0
1257, 22, 3, 36, 5, 0
1257, 22, 2, 36, 44, 0
1257, 22, 1, 37, 2, 0
1257, 22, 1, 37, 3, 0
1257, 22, 2, 37, 5, 0
1257, 22, 3, 37, 6, 0
1257, 22, 1, 37, 44, 0
1257, 22, 1, 38, 41, 0
1257, 22, 0, 38, 43, 0
1257, 22, 1, 38, 44, 0
1257, 22, 0, 39, 40, 0
1257, 22, 3, 39, 44, 0
1257, 22, 3, 40, 39, 0
1257, 22, 2, 40, 42, 0
1257, 22, 3, 41, 39, 0
1257, 22, 2, 41, 42, 0
1257, 22, 1, 41, 47, 0
1257, 22, 0, 41, 49, 0
1257, 22, 2, 42, 39, 0
1257, 22, 3, 42, 42, 0
1257, 22, 2, 42, 45, 0
1257, 22, 1, 42, 48, 0
1257, 22, 3, 42, 49, 0
1257, 22, 2, 43, 10, 0
1257, 22, 0, 43, 11, 0
1257, 22, 0, 43, 41, 0
1257, 22, 1, 43, 42, 0
1257, 22, 0, 44, 46, 0
1257, 22, 3, 45, 1, 0
1257, 22, 3, 45, 2, 0
1257, 22, 0, 45, 3, 0
1257, 22, 1, 45, 5, 0
1257, 22, 2, 45, 8, 0
1257, 22, 3, 45, 42, 0
1257, 22, 2, 45, 43, 0
1257, 22, 0, 45, 45, 0
1257, 22, 3, 45, 49, 0
1257, 22, 1, 46, 39, 0
1257, 22, 0, 46, 41, 0
1257, 22, 3, 46, 42, 0
1257, 22, 3, 46, 45, 0
1257, 22, 1, 46, 47, 0
1257, 22, 2, 46, 49, 0
1257, 22, 3, 47, 10, 0
1257, 22, 2, 47, 12, 0
1257, 22, 2, 47, 45, 0
1257, 22, 2, 47, 46, 0
1257, 22, 1, 48, 40, 0
1257, 22, 1, 49, 23, 0
1257, 22, 0, 49, 38, 0
1257, 22, 1, 50, 25, 0
1257, 22, 2, 50, 26, 0
1257, 22, 0, 50, 37, 0
1257, 22, 2, 50, 41, 0
1257, 22, 2, 51, 27, 0
1257, 22, 3, 51, 28, 0
1257, 22, 0, 51, 29, 0
1257, 22, 2, 51, 37, 0
1257, 22, 1, 52, 27, 0
1257, 22, 0, 52, 32, 0
1257, 22, 3, 52, 37, 0
1257, 22, 0, 52, 38, 0
1257, 22, 1, 52, 39, 0
1257, 22, 3, 52, 40, 0
1257, 22, 3, 53, 25, 0
1257, 22, 0, 53, 26, 0
1257, 22, 2, 53, 28, 0
1257, 22, 1, 53, 31, 0
1257, 22, 2, 53, 33, 0
1257, 22, 3, 53, 37, 0
1257, 22, 3, 54, 24, 0
1257, 22, 3, 54, 30, 0
1257, 22, 2, 54, 32, 0
1257, 22, 0, 55, 13, 0
1257, 22, 3, 55, 14, 0
1257, 22, 2, 55, 15, 0
1257, 22, 2, 55, 24, 0
1257, 22, 2, 55, 28, 0
1257, 22, 0, 55, 29, 0
1257, 22, 1, 56, 57, 0
1257, 22, 1, 56, 58, 0
1257, 22, 2, 57, 57, 0
1257, 22, 1, 57, 58, 0
1257, 22, 0, 57, 59, 0
1257, 22, 0, 58, 57, 0
1257, 22, 0, 58, 59, 0
1257, 22, 1, 59, 13, 0
1257, 22, 1, 59, 56, 0
1257, 22, 0, 60, 14, 0
1257, 22, 1, 60, 56, 0
1257, 22, 0, 61, 14, 0
1257, 22, 3, 61, 60, 0
1257, 22, 3, 62, 12, 0
1257, 22, 2, 62, 59, 0
1257, 22, 3, 62, 60, 0
1257, 22, 2, 63, 13, 0
1257, 22, 1, 63, 58, 0
1257, 22, 2, 63, 59, 0
1258, 22, 2, 0, 1, 0
1258, 22, 1, 0, 7, 0
1258, 22, 2, 1, 2, 0
1258, 22, 3, 1, 4, 0
1258, 22, 2, 1, 6, 0
1258, 22, 3, 1, 16, 0
1258, 22, 1, 1, 18, 0
1258, 22, 2, 1, 38, 0
1258, 22, 0, 1, 39, 0
1258, 22, 0, 1, 41, 0
1258, 22, 1, 1, 56, 0
1258, 22, 1, 1, 57, 0
1258, 22, 2, 2, 5, 0
1258, 22, 0, 2, 16, 0
1258, 22, 0, 2, 17, 0
1258, 22, 1, 2, 19, 0
1258, 22, 1, 2, 40, 0
1258, 22, 0, 2, 58, 0
1258, 22, 0, 3, 19, 0
1258, 22, 3, 3, 53, 0
1258, 22, 2, 3, 56, 0
1258, 22, 0, 4, 18, 0
1258, 22, 2, 4, 52, 0
1258, 22, 3, 5, 57, 0
1258, 22, 1, 5, 58, 0
1258, 22, 3, 6, 17, 0
1258, 22, 2, 6, 18, 0
1258, 22, 1, 6, 19, 0
1258, 22, 1, 6, 59, 0
1258, 22, 1, 7, 2, 0
1258, 22, 0, 7, 17, 0
1258, 22, 1, 7, 19, 0
1258, 22, 1, 7, 60, 0
1258, 22, 3, 7, 61, 0
1258, 22, 3, 8, 2, 0
1258, 22, 1, 8, 5, 0
1258, 22, 3, 8, 61, 0
1258, 22, 2, 9, 12, 0
1258, 22, 2, 9, 18, 0
1258, 22, 1, 9, 19, 0
1258, 22, 0, 10, 13, 0
1258, 22, 3, 10, 18, 0
1258, 22, 1, 10, 60, 0
1258, 22, 0, 10, 61, 0
1258, 22, 3, 10, 62, 0
1258, 22, 2, 11, 8, 0
1258, 22, 3, 11, 19, 0
1258, 22, 2, 12, 13, 0
1258, 22, 2, 13, 12, 0
1258, 22, 3, 13, 13, 0
1258, 22, 2, 14, 60, 0
1258, 22, 3, 14, 61, 0
1258, 22, 3, 15, 8, 0
1258, 22, 3, 15, 12, 0
1258, 22, 1, 15, 13, 0
1258, 22, 1, 16, 8, 0
1258, 22, 3, 16, 13, 0
1258, 22, 3, 16, 27, 0
1258, 22, 1, 16, 49, 0
1258, 22, 1, 16, 61, 0
1258, 22, 2, 17, 13, 0
1258, 22, 2, 17, 27, 0
1258, 22, 0, 17, 60, 0
1258, 22, 3, 17, 61, 0
1258, 22, 3, 18, 46, 0
1258, 22, 0, 18, 47, 0
1258, 22, 0, 18, 48, 0
1258, 22, 1, 19, 12, 0
1258, 22, 0, 19, 13, 0
1258, 22, 0, 19, 28, 0
1258, 22, 1, 19, 52, 0
1258, 22, 0, 20, 53, 0
1258, 22, 2, 22, 3, 0
1258, 22, 0, 22, 4, 0
1258, 22, 3, 22, 5, 0
1258, 22, 3, 22, 7, 0
1258, 22, 1, 22, 9, 0
1258, 22, 0, 22, 10, 0
1258, 22, 0, 23, 12, 0
1258, 22, 3, 23, 13, 0
1258, 22, 1, 23, 15, 0
1258, 22, 1, 23, 49, 0
1258, 22, 2, 24, 4, 0
1258, 22, 1, 24, 12, 0
1258, 22, 3, 24, 13, 0
1258, 22, 3, 24, 15, 0
1258, 22, 1, 24, 16, 0
1258, 22, 3, 24, 45, 0
1258, 22, 1, 24, 49, 0
1258, 22, 1, 25, 5, 0
1258, 22, 2, 25, 48, 0
1258, 22, 1, 25, 60, 0
1258, 22, 1, 26, 44, 0
1258, 22, 1, 26, 60, 0
1258, 22, 2, 27, 59, 0
1258, 22, 2, 27, 60, 0
1258, 22, 0, 27, 62, 0
1258, 22, 3, 28, 63, 0
1258, 22, 3, 29, 62, 0
1258, 22, 3, 33, 49, 0
1258, 22, 1, 34, 0, 0
1258, 22, 1, 34, 1, 0
1258, 22, 0, 34, 2, 0
1258, 22, 0, 34, 48, 0
1258, 22, 0, 35, 2, 0
1258, 22, 0, 35, 3, 0
1258, 22, 3, 35, 46, 0
1258, 22, 2, 35, 47, 0
1258, 22, 2, 36, 3, 0
1258, 22, 2, 36, 4, 0
1258, 22, 1, 36, 40, 0
1258, 22, 1, 36, 48, 0
1258, 22, 0, 37, 0, 0
1258, 22, 1, 37, 1, 0
1258, 22, 2, 37, 40, 0
1258, 22, 2, 38, 45, 0
1258, 22, 1, 39, 21, 0
1258, 22, 0, 39, 41, 0
1258, 22, 0, 40, 20, 0
1258, 22, 3, 40, 40, 0
1258, 22, 3, 40, 45, 0
1258, 22, 2, 40, 46, 0
1258, 22, 1, 40, 47, 0
1258, 22, 3, 41, 19, 0
1258, 22, 2, 41, 41, 0
1258, 22, 0, 41, 45, 0
1258, 22, 0, 41, 46, 0
1258, 22, 0, 42, 16, 0
1258, 22, 1, 42, 18, 0
1258, 22, 2, 42, 20, 0
1258, 22, 1, 42, 41, 0
1258, 22, 1, 43, 9, 0
1258, 22, 2, 43, 15, 0
1258, 22, 3, 43, 17, 0
1258, 22, 1, 43, 18, 0
1258, 22, 3, 44, 1, 0
1258, 22, 1, 44, 6, 0
1258, 22, 1, 44, 9, 0
1258, 22, 0, 44, 42, 0
1258, 22, 1, 44, 47, 0
1258, 22, 1, 44, 48, 0
1258, 22, 1, 45, 4, 0
1258, 22, 0, 45, 6, 0
1258, 22, 2, 45, 7, 0
1258, 22, 0, 45, 46, 0
1258, 22, 3, 45, 47, 0
1258, 22, 3, 46, 5, 0
1258, 22, 2, 46, 9, 0
1258, 22, 3, 46, 40, 0
1258, 22, 3, 46, 46, 0
1258, 22, 2, 47, 41, 0
1258, 22, 3, 47, 47, 0
1258, 22, 1, 48, 22, 0
1258, 22, 3, 48, 48, 0
1258, 22, 2, 48, 49, 0
1258, 22, 1, 48, 50, 0
1258, 22, 0, 49, 4, 0
1258, 22, 2, 49, 6, 0
1258, 22, 2, 49, 39, 0
1258, 22, 0, 50, 40, 0
1258, 22, 3, 51, 39, 0
1258, 22, 0, 51, 40, 0
1258, 22, 2, 52, 30, 0
1258, 22, 2, 52, 44, 0
1258, 22, 0, 53, 27, 0
1258, 22, 1, 53, 30, 0
1258, 22, 0, 53, 45, 0
1258, 22, 0, 53, 46, 0
1258, 22, 1, 54, 28, 0
1258, 22, 2, 54, 29, 0
1258, 22, 3, 54, 43, 0
1258, 22, 3, 55, 26, 0
1258, 22, 2, 55, 27, 0
1258, 22, 2, 55, 42, 0
1258, 22, 1, 56, 13, 0
1258, 22, 1, 56, 43, 0
1258, 22, 2, 57, 13, 0
1258, 22, 3, 59, 12, 0
1258, 22, 3, 59, 43, 0
1258, 22, 0, 59, 57, 0
1258, 22, 3, 59, 59, 0
1258, 22, 2, 59, 60, 0
1258, 22, 0, 60, 13, 0
1258, 22, 0, 60, 43, 0
1258, 22, 1, 60, 44, 0
1258, 22, 2, 60, 45, 0
1258, 22, 3, 60, 57, 0
1258, 22, 1, 61, 12, 0
1258, 22, 0, 61, 43, 0
1258, 22, 3, 61, 45, 0
1258, 22, 1, 61, 48, 0
1258, 22, 1, 61, 52, 0
1258, 22, 2, 61, 57, 0
1258, 22, 1, 61, 59, 0
1258, 22, 0, 62, 13, 0
1258, 22, 1, 62, 43, 0
1258, 22, 2, 62, 48, 0
1258, 22, 0, 62, 51, 0
1258, 22, 0, 62, 53, 0
1258, 22, 3, 62, 58, 0
1258, 22, 2, 63, 44, 0
1258, 22, 3, 63, 45, 0
1258, 22, 0, 63, 47, 0
1258, 22, 3, 63, 48, 0
1258, 22, 3, 63, 54, 0
1258, 22, 2, 63, 55, 0
1259, 22, 3, 0, 2, 0
1259, 22, 0, 0, 3, 0
1259, 22, 1, 0, 4, 0
1259, 22, 1, 0, 5, 0
1259, 22, 2, 0, 6, 0
1259, 22, 0, 0, 16, 0
1259, 22, 1, 0, 17, 0
1259, 22, 3, 0, 40, 0
1259, 22, 3, 1, 3, 0
1259, 22, 2, 1, 5, 0
1259, 22, 2, 1, 17, 0
1259, 22, 1, 1, 40, 0
1259, 22, 2, 2, 18, 0
1259, 22, 0, 2, 39, 0
1259, 22, 2, 2, 56, 0
1259, 22, 1, 2, 57, 0
1259, 22, 2, 3, 55, 0
1259, 22, 1, 3, 57, 0
1259, 22, 3, 4, 53, 0
1259, 22, 3, 4, 54, 0
1259, 22, 0, 6, 58, 0
1259, 22, 1, 7, 18, 0
1259, 22, 3, 7, 59, 0
1259, 22, 3, 8, 3, 0
1259, 22, 0, 8, 4, 0
1259, 22, 1, 8, 19, 0
1259, 22, 0, 8, 20, 0
1259, 22, 1, 8, 60, 0
1259, 22, 1, 9, 3, 0
1259, 22, 3, 9, 5, 0
1259, 22, 2, 9, 13, 0
1259, 22, 0, 9, 20, 0
1259, 22, 3, 10, 19, 0
1259, 22, 1, 11, 13, 0
1259, 22, 3, 12, 8, 0
1259, 22, 2, 13, 8, 0
1259, 22, 2, 13, 28, 0
1259, 22, 1, 14, 8, 0
1259, 22, 0, 14, 13, 0
1259, 22, 3, 14, 27, 0
1259, 22, 3, 15, 28, 0
1259, 22, 2, 15, 60, 0
1259, 22, 2, 15, 61, 0
1259, 22, 0, 16, 47, 0
1259, 22, 3, 16, 48, 0
1259, 22, 0, 16, 60, 0
1259, 22, 1, 17, 46, 0
1259, 22, 2, 17, 47, 0
1259, 22, 3, 17, 48, 0
1259, 22, 3, 18, 13, 0
1259, 22, 1, 18, 27, 0
1259, 22, 3, 18, 28, 0
1259, 22, 3, 18, 29, 0
1259, 22, 1, 18, 53, 0
1259, 22, 3, 18, 54, 0
1259, 22, 3, 19, 27, 0
1259, 22, 1, 22, 6, 0
1259, 22, 0, 22, 8, 0
1259, 22, 3, 23, 4, 0
1259, 22, 2, 23, 5, 0
1259, 22, 2, 23, 47, 0
1259, 22, 1, 23, 48, 0
1259, 22, 0, 24, 5, 0
1259, 22, 3, 24, 46, 0
1259, 22, 2, 24, 47, 0
1259, 22, 0, 24, 48, 0
1259, 22, 2, 25, 12, 0
1259, 22, 1, 25, 13, 0
1259, 22, 0, 25, 14, 0
1259, 22, 3, 25, 15, 0
1259, 22, 2, 25, 44, 0
1259, 22, 3, 25, 45, 0
1259, 22, 0, 25, 46, 0
1259, 22, 0, 25, 47, 0
1259, 22, 3, 26, 12, 0
1259, 22, 0, 26, 61, 0
1259, 22, 0, 27, 61, 0
1259, 22, 2, 28, 61, 0
1259, 22, 2, 28, 62, 0
1259, 22, 1, 29, 63, 0
1259, 22, 3, 32, 55, 0
1259, 22, 3, 32, 56, 0
1259, 22, 0, 34, 38, 0
1259, 22, 0, 34, 39, 0
1259, 22, 0, 35, 0, 0
1259, 22, 3, 35, 1, 0
1259, 22, 3, 35, 39, 0
1259, 22, 0, 35, 48, 0
1259, 22, 0, 36, 0, 0
1259, 22, 2, 36, 1, 0
1259, 22, 2, 36, 2, 0
1259, 22, 2, 36, 39, 0
1259, 22, 3, 36, 45, 0
1259, 22, 0, 36, 46, 0
1259, 22, 3, 36, 47, 0
1259, 22, 2, 37, 39, 0
1259, 22, 3, 37, 45, 0
1259, 22, 0, 37, 46, 0
1259, 22, 1, 37, 47, 0
1259, 22, 1, 37, 48, 0
1259, 22, 0, 38, 46, 0
1259, 22, 3, 38, 47, 0
1259, 22, 1, 39, 45, 0
1259, 22, 1, 39, 46, 0
1259, 22, 3, 40, 41, 0
1259, 22, 2, 41, 20, 0
1259, 22, 0, 41, 40, 0
1259, 22, 0, 42, 15, 0
1259, 22, 3, 42, 19, 0
1259, 22, 1, 43, 16, 0
1259, 22, 3, 44, 7, 0
1259, 22, 3, 44, 8, 0
1259, 22, 0, 44, 15, 0
1259, 22, 1, 44, 16, 0
1259, 22, 1, 44, 40, 0
1259, 22, 1, 44, 41, 0
1259, 22, 2, 45, 9, 0
1259, 22, 0, 45, 39, 0
1259, 22, 0, 45, 40, 0
1259, 22, 3, 45, 41, 0
1259, 22, 0, 45, 48, 0
1259, 22, 3, 46, 48, 0
1259, 22, 0, 47, 40, 0
1259, 22, 3, 47, 48, 0
1259, 22, 3, 47, 49, 0
1259, 22, 3, 50, 38, 0
1259, 22, 2, 50, 39, 0
1259, 22, 1, 51, 30, 0
1259, 22, 1, 51, 38, 0
1259, 22, 1, 52, 29, 0
1259, 22, 0, 52, 31, 0
1259, 22, 0, 52, 36, 0
1259, 22, 3, 53, 32, 0
1259, 22, 0, 53, 44, 0
1259, 22, 2, 54, 25, 0
1259, 22, 1, 54, 26, 0
1259, 22, 1, 54, 27, 0
1259, 22, 2, 54, 44, 0
1259, 22, 2, 55, 25, 0
1259, 22, 1, 55, 43, 0
1259, 22, 3, 56, 14, 0
1259, 22, 1, 57, 12, 0
1259, 22, 0, 58, 12, 0
1259, 22, 3, 58, 13, 0
1259, 22, 0, 58, 58, 0
1259, 22, 0, 59, 58, 0
1259, 22, 1, 60, 12, 0
1259, 22, 2, 60, 58, 0
1259, 22, 3, 60, 59, 0
1259, 22, 0, 61, 13, 0
1259, 22, 1, 61, 44, 0
1259, 22, 1, 61, 58, 0
1259, 22, 0, 62, 44, 0
1259, 22, 3, 62, 45, 0
1259, 22, 2, 62, 47, 0
1259, 22, 0, 62, 50, 0
1259, 22, 2, 62, 52, 0
1259, 22, 1, 63, 53, 0
1264, 22, 1, 6, 52, 0
1264, 22, 0, 6, 63, 0
1264, 22, 0, 10, 48, 0
1264, 22, 3, 11, 42, 0
1264, 22, 1, 11, 62, 0
1264, 22, 1, 13, 52, 0
1264, 22, 2, 15, 50, 0
1264, 22, 2, 17, 62, 0
1264, 22, 0, 24, 63, 0
1264, 22, 3, 26, 55, 0
1264, 22, 0, 28, 56, 0
1264, 22, 1, 30, 55, 0
1264, 22, 2, 34, 45, 0
1264, 22, 0, 35, 62, 0
1264, 22, 1, 36, 61, 0
1264, 22, 1, 38, 50, 0
1264, 22, 2, 39, 49, 0
1264, 22, 1, 40, 43, 0
1264, 22, 0, 40, 54, 0
1264, 22, 1, 41, 52, 0
1264, 22, 2, 46, 44, 0
1264, 22, 2, 48, 51, 0
1264, 22, 2, 50, 54, 0
1264, 22, 3, 51, 44, 0
1264, 22, 2, 54, 46, 0
1264, 22, 1, 56, 61, 0
1264, 22, 0, 58, 60, 0
1265, 22, 2, 18, 19, 0
1265, 22, 2, 27, 23, 0
1265, 22, 1, 32, 47, 0
1265, 22, 0, 33, 17, 0
1265, 22, 0, 36, 54, 0
1265, 22, 2, 41, 61, 0
1265, 22, 1, 44, 18, 0
1265, 22, 3, 44, 62, 0
1276, 10, 3, 3, 57, 0
1276, 10, 0, 5, 52, 0
1276, 10, 1, 14, 49, 0
1278, 10, 0, 10, 47, 0
1278, 10, 0, 12, 51, 0
1278, 10, 0, 32, 17, 0
1278, 10, 2, 44, 18, 0
1278, 10, 3, 47, 15, 0
1278, 10, 1, 51, 23, 0
1281, 10, 0, 3, 16, 0
1281, 10, 1, 5, 11, 0
1281, 10, 2, 8, 14, 0
1281, 10, 1, 13, 16, 0
1281, 10, 1, 16, 23, 0
1281, 10, 2, 20, 50, 0
1281, 10, 2, 27, 22, 0
1281, 10, 0, 44, 10, 0
1281, 10, 2, 47, 18, 0
1282, 10, 3, 1, 20, 0
1282, 10, 2, 4, 35, 0
1282, 10, 1, 5, 24, 0
1282, 10, 0, 7, 30, 0
1286, 10, 3, 0, 22, 0
1286, 10, 1, 0, 23, 0
1286, 10, 2, 0, 32, 0
1286, 10, 0, 0, 35, 0
1286, 10, 0, 1, 35, 0
1286, 10, 2, 2, 24, 0
1286, 10, 0, 2, 31, 0
1286, 10, 2, 4, 23, 0
1286, 10, 3, 4, 32, 0
1286, 10, 1, 5, 26, 0
1286, 10, 1, 6, 33, 0
1286, 10, 1, 7, 22, 0
1286, 10, 1, 7, 25, 0
1286, 10, 3, 7, 29, 0
1286, 10, 2, 8, 26, 0
1286, 10, 1, 9, 29, 0
1286, 10, 2, 10, 26, 0
1286, 10, 0, 11, 23, 0
1297, 10, 1, 56, 28, 0
1297, 10, 3, 57, 32, 0
1297, 10, 0, 61, 26, 0
1298, 10, 0, 11, 1, 0
1298, 10, 0, 18, 1, 0
1298, 10, 1, 24, 31, 0
1298, 10, 1, 30, 22, 0
1299, 10, 0, 12, 1, 0
1299, 10, 0, 14, 1, 0
1299, 10, 0, 17, 1, 0
1299, 10, 3, 31, 40, 0
1299, 10, 3, 31, 42, 0
1299, 10, 0, 34, 42, 0
1299, 10, 0, 38, 46, 0
1299, 10, 3, 43, 59, 0
1299, 10, 0, 47, 47, 0
1299, 10, 3, 49, 48, 0
1299, 10, 2, 49, 51, 0
1299, 10, 0, 49, 62, 0
1299, 10, 0, 51, 47, 0
1299, 10, 3, 51, 57, 0
1299, 10, 3, 52, 52, 0
1299, 10, 0, 57, 55, 0
1300, 10, 0, 13, 1, 0
1300, 10, 0, 15, 1, 0
1300, 10, 0, 16, 1, 0
1308, 10, 1, 2, 42, 0
1308, 10, 0, 17, 37, 0
1308, 10, 0, 18, 30, 0
1341, 10, 2, 56, 34, 0
1341, 10, 3, 57, 26, 0
1341, 10, 3, 58, 22, 0
1341, 10, 3, 58, 30, 0
1341, 10, 3, 59, 25, 0
1341, 10, 3, 59, 28, 0
1341, 10, 1, 59, 33, 0
1341, 10, 0, 61, 21, 0
1341, 10, 0, 61, 24, 0
1341, 10, 2, 61, 29, 0
1341, 10, 3, 61, 36, 0
1341, 10, 0, 62, 33, 0
1394, 10, 3, 0, 42, 0
1394, 10, 2, 1, 40, 0
1394, 10, 3, 18, 26, 0
1394, 10, 1, 18, 41, 0
1394, 10, 3, 20, 21, 0
1394, 10, 0, 25, 27, 0
1394, 10, 0, 25, 43, 0
1394, 10, 1, 30, 16, 0
1394, 10, 2, 31, 14, 0
1394, 10, 0, 43, 15, 0
1509, 0, 0, 56, 6, 0
1510, 0, 2, 57, 6, 0
1530, 0, 2, 10, 5, 0
1530, 0, 0, 14, 5, 0
1530, 0, 0, 18, 5, 0
1530, 0, 3, 24, 11, 0
1530, 0, 2, 56, 17, 0
1533, 0, 3, 16, 8, 1
1533, 0, 0, 26, 8, 1
1533, 0, 2, 27, 7, 1
1602, 3, 1, 10, 2, 0
1602, 0, 2, 10, 3, 0
1602, 0, 2, 10, 4, 0
1602, 0, 2, 10, 6, 0
1602, 0, 2, 10, 7, 0
1602, 3, 2, 10, 8, 0
1602, 0, 1, 11, 2, 0
1602, 0, 3, 11, 8, 0
1602, 0, 1, 12, 2, 0
1602, 0, 3, 12, 8, 0
1602, 0, 1, 13, 2, 0
1602, 0, 3, 13, 8, 0
1602, 0, 1, 14, 2, 0
1602, 0, 0, 14, 3, 0
1602, 0, 0, 14, 4, 0
1602, 0, 0, 14, 6, 0
1602, 0, 0, 14, 7, 0
1602, 0, 3, 14, 8, 0
1602, 0, 1, 15, 2, 0
1602, 0, 3, 15, 8, 0
1602, 0, 1, 16, 2, 0
1602, 0, 3, 16, 8, 0
1602, 0, 1, 17, 2, 0
1602, 0, 3, 17, 8, 0
1602, 3, 0, 18, 2, 0
1602, 0, 0, 18, 3, 0
1602, 0, 0, 18, 4, 0
1602, 0, 0, 18, 6, 0
1602, 0, 0, 18, 7, 0
1602, 3, 3, 18, 8, 0
1602, 3, 1, 22, 5, 0
1602, 0, 2, 22, 6, 0
1602, 0, 2, 22, 7, 0
1602, 0, 2, 22, 8, 0
1602, 0, 2, 22, 9, 0
1602, 0, 2, 22, 10, 0
1602, 3, 2, 22, 11, 0
1602, 3, 0, 22, 21, 0
1602, 3, 0, 22, 22, 0
1602, 3, 0, 22, 23, 0
1602, 3, 1, 22, 28, 0
1602, 0, 1, 23, 5, 0
1602, 0, 3, 23, 11, 0
1602, 3, 2, 23, 26, 0
1602, 0, 1, 24, 5, 0
1602, 3, 1, 24, 22, 0
1602, 0, 1, 25, 5, 0
1602, 0, 3, 25, 11, 0
1602, 3, 0, 26, 5, 0
1602, 0, 0, 26, 6, 0
1602, 0, 0, 26, 7, 0
1602, 0, 0, 26, 8, 0
1602, 0, 0, 26, 9, 0
1602, 0, 0, 26, 10, 0
1602, 3, 3, 26, 11, 0
1602, 3, 1, 29, 5, 0
1602, 0, 2, 29, 6, 0
1602, 0, 2, 29, 7, 0
1602, 0, 2, 29, 8, 0
1602, 0, 2, 29, 9, 0
1602, 0, 2, 29, 10, 0
1602, 3, 2, 29, 11, 0
1602, 0, 1, 30, 5, 0
1602, 0, 3, 30, 11, 0
1602, 0, 1, 31, 5, 0
1602, 0, 3, 31, 11, 0
1602, 0, 1, 32, 5, 0
1602, 0, 1, 33, 5, 0
1602, 0, 3, 33, 11, 0
1602, 0, 1, 34, 5, 0
1602, 0, 3, 34, 11, 0
1602, 3, 0, 35, 5, 0
1602, 0, 0, 35, 6, 0
1602, 0, 0, 35, 7, 0
1602, 0, 0, 35, 8, 0
1602, 0, 0, 35, 9, 0
1602, 0, 0, 35, 10, 0
1602, 3, 3, 35, 11, 0
1602, 0, 1, 52, 1, 0
1602, 0, 0, 52, 2, 0
1602, 0, 0, 52, 3, 0
1602, 0, 0, 52, 4, 0
1602, 0, 0, 52, 5, 0
1602, 0, 0, 52, 6, 0
1602, 0, 0, 52, 7, 0
1602, 0, 3, 52, 8, 0
1602, 0, 1, 53, 1, 0
1602, 0, 3, 53, 8, 0
1602, 0, 1, 54, 1, 0
1602, 0, 3, 54, 8, 0
1602, 0, 1, 55, 1, 0
1602, 0, 1, 55, 6, 0
1602, 0, 0, 55, 7, 0
1602, 3, 1, 55, 18, 0
1602, 3, 2, 55, 23, 0
1602, 3, 1, 55, 27, 0
1602, 3, 2, 55, 31, 0
1602, 3, 1, 55, 33, 0
1602, 0, 1, 56, 1, 0
1602, 0, 1, 57, 1, 0
1602, 3, 2, 57, 37, 0
1602, 0, 1, 58, 1, 0
1602, 0, 1, 58, 6, 0
1602, 0, 2, 58, 7, 0
1602, 3, 2, 58, 8, 0
1602, 0, 1, 59, 1, 0
1602, 0, 3, 59, 8, 0
1602, 0, 1, 60, 1, 0
1602, 0, 3, 60, 8, 0
1602, 0, 1, 61, 1, 0
1602, 0, 3, 61, 8, 0
1602, 3, 0, 62, 1, 0
1602, 0, 0, 62, 2, 0
1602, 0, 0, 62, 3, 0
1602, 0, 0, 62, 4, 0
1602, 0, 0, 62, 5, 0
1602, 0, 0, 62, 6, 0
1602, 0, 0, 62, 7, 0
1602, 3, 3, 62, 8, 0
1602, 3, 3, 62, 37, 0
1602, 3, 0, 63, 0, 0
1602, 3, 3, 63, 9, 0
1602, 3, 0, 63, 32, 0
1602, 3, 3, 63, 36, 0
1602, 0, 1, 14, 2, 1
1602, 0, 0, 14, 3, 1
1602, 0, 0, 14, 4, 1
1602, 0, 0, 14, 5, 1
1602, 0, 0, 14, 6, 1
1602, 0, 0, 14, 7, 1
1602, 0, 3, 14, 8, 1
1602, 0, 1, 15, 2, 1
1602, 0, 3, 15, 8, 1
1602, 0, 1, 16, 2, 1
1602, 0, 1, 17, 2, 1
1602, 0, 3, 17, 8, 1
1602, 0, 1, 18, 2, 1
1602, 0, 3, 18, 8, 1
1602, 0, 1, 19, 2, 1
1602, 0, 3, 19, 8, 1
1602, 3, 0, 20, 2, 1
1602, 0, 0, 20, 3, 1
1602, 0, 0, 20, 4, 1
1602, 0, 0, 20, 5, 1
1602, 0, 0, 20, 6, 1
1602, 0, 0, 20, 7, 1
1602, 3, 1, 22, 5, 1
1602, 0, 2, 22, 6, 1
1602, 0, 2, 22, 7, 1
1602, 0, 2, 22, 8, 1
1602, 0, 2, 22, 9, 1
1602, 0, 2, 22, 10, 1
1602, 3, 2, 22, 11, 1
1602, 0, 1, 23, 5, 1
1602, 0, 3, 23, 11, 1
1602, 0, 1, 24, 5, 1
1602, 0, 3, 24, 11, 1
1602, 0, 1, 25, 5, 1
1602, 0, 3, 25, 11, 1
1602, 0, 1, 26, 5, 1
1602, 0, 0, 26, 6, 1
1602, 0, 0, 26, 7, 1
1602, 0, 0, 26, 9, 1
1602, 0, 0, 26, 10, 1
1602, 0, 3, 26, 11, 1
1602, 0, 1, 27, 5, 1
1602, 0, 2, 27, 6, 1
1602, 0, 2, 27, 8, 1
1602, 0, 3, 27, 11, 1
1602, 0, 1, 28, 5, 1
1602, 0, 1, 28, 8, 1
1602, 0, 3, 28, 11, 1
1602, 0, 1, 29, 5, 1
1602, 0, 1, 29, 8, 1
1602, 0, 2, 29, 9, 1
1602, 0, 2, 29, 10, 1
1602, 0, 3, 29, 11, 1
1602, 0, 1, 30, 5, 1
1602, 0, 3, 30, 11, 1
1602, 0, 1, 31, 5, 1
1602, 0, 3, 31, 11, 1
1602, 0, 1, 32, 5, 1
1602, 0, 3, 32, 11, 1
1602, 0, 1, 33, 5, 1
1602, 0, 3, 33, 11, 1
1602, 0, 1, 34, 5, 1
1602, 0, 3, 34, 11, 1
1602, 3, 0, 35, 5, 1
1602, 0, 0, 35, 6, 1
1602, 0, 0, 35, 7, 1
1602, 0, 0, 35, 8, 1
1602, 0, 0, 35, 9, 1
1602, 0, 0, 35, 10, 1
1602, 3, 3, 35, 11, 1
1602, 3, 2, 49, 0, 1
1602, 0, 3, 50, 0, 1
1602, 0, 3, 51, 0, 1
1602, 0, 3, 52, 0, 1
1602, 0, 3, 53, 0, 1
1602, 0, 3, 54, 0, 1
1602, 0, 3, 55, 0, 1
1602, 0, 3, 56, 0, 1
1602, 0, 3, 57, 0, 1
1602, 0, 3, 58, 0, 1
1602, 3, 3, 59, 0, 1
1604, 12, 2, 52, 3, 1
1604, 12, 2, 52, 4, 1
1604, 12, 2, 52, 5, 1
1604, 12, 2, 52, 6, 1
1604, 12, 2, 52, 7, 1
1604, 12, 0, 54, 7, 1
1604, 12, 1, 55, 2, 1
1604, 12, 1, 56, 2, 1
1604, 12, 1, 57, 2, 1
1604, 12, 1, 58, 2, 1
1604, 12, 2, 59, 7, 1
1604, 12, 0, 61, 3, 1
1604, 12, 0, 61, 4, 1
1604, 12, 0, 61, 5, 1
1604, 12, 0, 61, 6, 1
1604, 12, 0, 61, 7, 1
1604, 12, 1, 14, 3, 2
1604, 12, 3, 14, 7, 2
1604, 12, 1, 15, 3, 2
1604, 12, 3, 15, 7, 2
1604, 12, 1, 16, 3, 2
1604, 12, 3, 16, 7, 2
1604, 12, 1, 17, 3, 2
1604, 12, 3, 17, 7, 2
1604, 12, 1, 18, 3, 2
1604, 12, 3, 18, 7, 2
1604, 12, 1, 19, 3, 2
1604, 12, 3, 19, 7, 2
1604, 12, 1, 23, 6, 2
1604, 12, 3, 23, 10, 2
1604, 12, 1, 24, 6, 2
1604, 12, 3, 24, 10, 2
1604, 12, 1, 25, 6, 2
1604, 12, 3, 25, 10, 2
1604, 12, 1, 26, 6, 2
1604, 12, 3, 26, 10, 2
1604, 12, 1, 27, 6, 2
1604, 12, 3, 27, 10, 2
1604, 12, 1, 28, 6, 2
1604, 12, 3, 28, 10, 2
1604, 12, 1, 29, 6, 2
1604, 12, 3, 29, 10, 2
1604, 12, 1, 30, 6, 2
1604, 12, 3, 30, 10, 2
1604, 12, 1, 31, 6, 2
1604, 12, 3, 31, 10, 2
1604, 12, 1, 32, 6, 2
1604, 12, 3, 32, 10, 2
1604, 12, 1, 33, 6, 2
1604, 12, 3, 33, 10, 2
1604, 12, 1, 34, 6, 2
1604, 12, 3, 34, 10, 2
1604, 12, 1, 55, 3, 2
1604, 12, 1, 56, 3, 2
1604, 12, 1, 57, 3, 2
1604, 12, 1, 58, 3, 2
1604, 12, 1, 14, 4, 3
1604, 12, 3, 14, 6, 3
1604, 12, 1, 15, 4, 3
1604, 12, 3, 15, 6, 3
1604, 12, 1, 16, 4, 3
1604, 12, 3, 16, 6, 3
1604, 12, 1, 17, 4, 3
1604, 12, 3, 17, 6, 3
1604, 12, 1, 18, 4, 3
1604, 12, 3, 18, 6, 3
1604, 12, 1, 19, 4, 3
1604, 12, 3, 19, 6, 3
1604, 12, 1, 23, 7, 3
1604, 12, 3, 23, 9, 3
1604, 12, 1, 24, 7, 3
1604, 12, 3, 24, 9, 3
1604, 12, 1, 25, 7, 3
1604, 12, 3, 25, 9, 3
1604, 12, 1, 26, 7, 3
1604, 12, 3, 26, 9, 3
1604, 12, 1, 27, 7, 3
1604, 12, 3, 27, 9, 3
1604, 12, 1, 28, 7, 3
1604, 12, 3, 28, 9, 3
1604, 12, 1, 29, 7, 3
1604, 12, 3, 29, 9, 3
1604, 12, 1, 30, 7, 3
1604, 12, 3, 30, 9, 3
1604, 12, 1, 31, 7, 3
1604, 12, 3, 31, 9, 3
1604, 12, 1, 32, 7, 3
1604, 12, 3, 32, 9, 3
1604, 12, 1, 33, 7, 3
1604, 12, 3, 33, 9, 3
1604, 12, 1, 34, 7, 3
1604, 12, 3, 34, 9, 3
1605, 12, 2, 11, 4, 1
1605, 12, 2, 11, 5, 1
1605, 12, 2, 11, 6, 1
1605, 12, 1, 12, 3, 1
1605, 17, 2, 12, 4, 1
1605, 17, 2, 12, 5, 1
1605, 17, 2, 12, 6, 1
1605, 12, 3, 12, 7, 1
1605, 12, 1, 13, 3, 1
1605, 17, 2, 13, 4, 1
1605, 17, 2, 13, 5, 1
1605, 17, 2, 13, 6, 1
1605, 12, 3, 13, 7, 1
1605, 12, 1, 53, 2, 1
1605, 17, 2, 53, 3, 1
1605, 17, 2, 53, 4, 1
1605, 17, 2, 53, 5, 1
1605, 17, 2, 53, 6, 1
1605, 17, 2, 53, 7, 1
1605, 12, 1, 54, 2, 1
1605, 17, 1, 54, 3, 1
1605, 17, 1, 54, 4, 1
1605, 17, 3, 54, 5, 1
1605, 17, 2, 55, 3, 1
1605, 17, 2, 55, 4, 1
1605, 17, 3, 55, 5, 1
1605, 12, 3, 55, 6, 1
1605, 17, 2, 56, 3, 1
1605, 17, 2, 56, 4, 1
1605, 17, 3, 56, 5, 1
1605, 12, 3, 56, 6, 1
1605, 17, 2, 57, 3, 1
1605, 17, 2, 57, 4, 1
1605, 17, 3, 57, 5, 1
1605, 12, 3, 57, 6, 1
1605, 17, 1, 58, 3, 1
1605, 17, 1, 58, 4, 1
1605, 17, 3, 58, 5, 1
1605, 12, 3, 58, 6, 1
1605, 12, 1, 59, 2, 1
1605, 17, 1, 59, 3, 1
1605, 17, 1, 59, 4, 1
1605, 17, 3, 59, 5, 1
1605, 12, 1, 60, 2, 1
1605, 17, 1, 60, 3, 1
1605, 17, 1, 60, 4, 1
1605, 17, 1, 60, 5, 1
1605, 17, 1, 60, 6, 1
1605, 17, 1, 60, 7, 1
1605, 17, 1, 14, 4, 2
1605, 17, 1, 14, 5, 2
1605, 17, 1, 14, 6, 2
1605, 17, 1, 19, 4, 2
1605, 17, 1, 19, 5, 2
1605, 17, 1, 19, 6, 2
1605, 17, 1, 23, 7, 2
1605, 17, 1, 23, 8, 2
1605, 17, 1, 23, 9, 2
1605, 17, 1, 34, 7, 2
1605, 17, 1, 34, 8, 2
1605, 17, 1, 34, 9, 2
1605, 12, 2, 53, 4, 2
1605, 12, 1, 54, 3, 2
1605, 17, 2, 54, 4, 2
1605, 12, 3, 54, 5, 2
1605, 17, 2, 55, 4, 2
1605, 12, 3, 55, 5, 2
1605, 17, 2, 56, 4, 2
1605, 12, 3, 56, 5, 2
1605, 17, 2, 57, 4, 2
1605, 12, 3, 57, 5, 2
1605, 17, 2, 58, 4, 2
1605, 12, 3, 58, 5, 2
1605, 12, 1, 59, 3, 2
1605, 17, 2, 59, 4, 2
1605, 12, 3, 59, 5, 2
1605, 12, 0, 60, 4, 2
1605, 17, 1, 14, 5, 3
1605, 17, 1, 15, 5, 3
1605, 17, 1, 16, 5, 3
1605, 17, 1, 17, 5, 3
1605, 17, 1, 18, 5, 3
1605, 17, 1, 19, 5, 3
1605, 17, 1, 23, 8, 3
1605, 17, 1, 24, 8, 3
1605, 17, 1, 25, 8, 3
1605, 17, 1, 26, 8, 3
1605, 17, 1, 27, 8, 3
1605, 17, 1, 28, 8, 3
1605, 17, 1, 29, 8, 3
1605, 17, 1, 30, 8, 3
1605, 17, 1, 31, 8, 3
1605, 17, 1, 32, 8, 3
1605, 17, 1, 33, 8, 3
1605, 17, 1, 34, 8, 3
1607, 22, 0, 20, 3, 1
1607, 22, 0, 20, 4, 1
1607, 22, 0, 20, 5, 1
1607, 22, 0, 20, 6, 1
1607, 22, 0, 20, 7, 1
1607, 22, 1, 26, 5, 1
1607, 22, 3, 26, 11, 1
1607, 22, 1, 27, 5, 1
1607, 22, 3, 27, 11, 1
1607, 22, 1, 28, 5, 1
1607, 22, 3, 28, 11, 1
1607, 22, 1, 29, 5, 1
1607, 22, 3, 29, 11, 1
1607, 22, 3, 50, 0, 1
1607, 22, 3, 51, 0, 1
1607, 22, 3, 52, 0, 1
1607, 22, 3, 53, 0, 1
1607, 22, 3, 54, 0, 1
1607, 22, 3, 55, 0, 1
1607, 22, 3, 56, 0, 1
1607, 22, 3, 57, 0, 1
1607, 22, 3, 58, 0, 1
1620, 9, 1, 0, 26, 0
1620, 9, 2, 0, 30, 0
1620, 9, 0, 4, 26, 0
1620, 9, 3, 4, 30, 0
1620, 9, 1, 0, 26, 1
1620, 9, 2, 0, 30, 1
1620, 9, 0, 4, 26, 1
1620, 9, 3, 4, 30, 1
1620, 9, 1, 1, 27, 2
1620, 9, 2, 1, 29, 2
1620, 9, 0, 3, 27, 2
1620, 9, 3, 3, 29, 2
1622, 1, 1, 0, 25, 2
1622, 9, 1, 0, 26, 2
1622, 9, 2, 0, 30, 2
1622, 1, 2, 0, 31, 2
1622, 0, 1, 1, 25, 2
1622, 0, 3, 1, 31, 2
1622, 0, 1, 2, 25, 2
1622, 0, 3, 2, 31, 2
1622, 0, 1, 3, 25, 2
1622, 0, 3, 3, 31, 2
1622, 1, 0, 4, 25, 2
1622, 9, 0, 4, 26, 2
1622, 9, 3, 4, 30, 2
1622, 1, 3, 4, 31, 2
1622, 1, 0, 5, 26, 2
1622, 0, 0, 5, 27, 2
1622, 0, 0, 5, 28, 2
1622, 0, 0, 5, 29, 2
1622, 1, 3, 5, 30, 2
1623, 1, 1, 0, 25, 0
1623, 1, 2, 0, 31, 0
1623, 0, 1, 1, 25, 0
1623, 0, 3, 1, 31, 0
1623, 0, 1, 2, 25, 0
1623, 0, 3, 2, 31, 0
1623, 0, 1, 3, 25, 0
1623, 0, 3, 3, 31, 0
1623, 1, 0, 4, 25, 0
1623, 1, 3, 4, 31, 0
1623, 1, 0, 5, 26, 0
1623, 0, 0, 5, 27, 0
1623, 0, 0, 5, 29, 0
1623, 1, 3, 5, 30, 0
1623, 1, 1, 0, 25, 1
1623, 1, 2, 0, 31, 1
1623, 0, 1, 1, 25, 1
1623, 0, 3, 1, 31, 1
1623, 0, 1, 2, 25, 1
1623, 0, 3, 2, 31, 1
1623, 0, 1, 3, 25, 1
1623, 0, 3, 3, 31, 1
1623, 1, 0, 4, 25, 1
1623, 1, 3, 4, 31, 1
1623, 1, 0, 5, 26, 1
1623, 0, 0, 5, 27, 1
1623, 0, 0, 5, 28, 1
1623, 0, 0, 5, 29, 1
1623, 1, 3, 5, 30, 1
1623, 1, 1, 0, 27, 2
1623, 0, 2, 0, 28, 2
1623, 1, 2, 0, 29, 2
1623, 1, 1, 1, 26, 2
1623, 1, 2, 1, 30, 2
1623, 0, 1, 2, 26, 2
1623, 0, 3, 2, 30, 2
1623, 1, 0, 3, 26, 2
1623, 1, 3, 3, 30, 2
1623, 1, 0, 4, 27, 2
1623, 0, 0, 4, 28, 2
1623, 1, 3, 4, 29, 2
1631, 3, 1, 40, 30, 0
1631, 3, 2, 40, 35, 0
1631, 3, 1, 41, 30, 0
1631, 3, 2, 41, 35, 0
1631, 3, 1, 42, 30, 0
1631, 3, 2, 42, 35, 0
1631, 3, 1, 43, 28, 0
1631, 0, 2, 43, 29, 0
1631, 0, 2, 43, 30, 0
1631, 0, 2, 43, 31, 0
1631, 3, 2, 43, 35, 0
1631, 0, 1, 44, 28, 0
1631, 0, 3, 44, 35, 0
1631, 0, 1, 45, 28, 0
1631, 0, 3, 45, 35, 0
1631, 0, 1, 46, 28, 0
1631, 0, 3, 46, 35, 0
1631, 0, 1, 47, 28, 0
1631, 0, 3, 47, 35, 0
1631, 3, 0, 48, 28, 0
1631, 0, 0, 48, 29, 0
1631, 0, 0, 48, 30, 0
1631, 0, 0, 48, 31, 0
1631, 0, 0, 48, 32, 0
1631, 0, 0, 48, 33, 0
1631, 0, 0, 48, 34, 0
1631, 3, 3, 48, 35, 0
1640, 16, 1, 19, 16, 1
1640, 12, 2, 19, 17, 1
1640, 12, 2, 19, 18, 1
1640, 12, 2, 19, 19, 1
1640, 16, 2, 19, 20, 1
1640, 12, 1, 20, 16, 1
1640, 17, 2, 20, 17, 1
1640, 17, 2, 20, 18, 1
1640, 17, 2, 20, 19, 1
1640, 12, 3, 20, 20, 1
1640, 12, 1, 21, 16, 1
1640, 17, 2, 21, 17, 1
1640, 17, 2, 21, 18, 1
1640, 17, 2, 21, 19, 1
1640, 12, 3, 21, 20, 1
1640, 12, 1, 22, 16, 1
1640, 17, 2, 22, 17, 1
1640, 17, 2, 22, 18, 1
1640, 17, 2, 22, 19, 1
1640, 12, 3, 22, 20, 1
1640, 12, 1, 23, 16, 1
1640, 17, 2, 23, 17, 1
1640, 17, 2, 23, 18, 1
1640, 17, 2, 23, 19, 1
1640, 12, 3, 23, 20, 1
1640, 16, 0, 24, 16, 1
1640, 12, 0, 24, 17, 1
1640, 12, 0, 24, 18, 1
1640, 12, 0, 24, 19, 1
1640, 16, 3, 24, 20, 1
1641, 16, 1, 11, 3, 1
1641, 16, 2, 11, 7, 1
1641, 16, 1, 57, 15, 1
1641, 12, 2, 57, 16, 1
1641, 12, 2, 57, 17, 1
1641, 12, 2, 57, 18, 1
1641, 16, 2, 57, 19, 1
1641, 12, 1, 58, 15, 1
1641, 17, 3, 58, 16, 1
1641, 17, 3, 58, 17, 1
1641, 17, 3, 58, 18, 1
1641, 12, 3, 58, 19, 1
1641, 12, 1, 59, 15, 1
1641, 17, 3, 59, 16, 1
1641, 17, 3, 59, 17, 1
1641, 17, 3, 59, 18, 1
1641, 12, 3, 59, 19, 1
1641, 12, 1, 60, 15, 1
1641, 17, 3, 60, 16, 1
1641, 14, 3, 60, 17, 1
1641, 12, 0, 60, 18, 1
1641, 16, 3, 60, 19, 1
1641, 12, 1, 61, 15, 1
1641, 17, 3, 61, 16, 1
1641, 12, 3, 61, 17, 1
1641, 16, 0, 62, 15, 1
1641, 12, 0, 62, 16, 1
1641, 16, 3, 62, 17, 1
1722, 10, 1, 15, 3, 0
1722, 10, 1, 31, 6, 0
1723, 10, 1, 16, 3, 1
1723, 10, 1, 32, 6, 1
1749, 10, 0, 0, 28, 1
1750, 10, 0, 0, 28, 0
1754, 10, 3, 2, 28, 0
1769, 3, 1, 56, 14, 0
1769, 0, 2, 56, 15, 0
1769, 0, 2, 56, 16, 0
1769, 0, 2, 56, 18, 0
1769, 0, 2, 56, 19, 0
1769, 3, 2, 56, 20, 0
1769, 0, 1, 57, 14, 0
1769, 0, 3, 57, 20, 0
1769, 0, 1, 58, 14, 0
1769, 0, 3, 58, 20, 0
1769, 0, 1, 59, 14, 0
1769, 0, 3, 59, 20, 0
1769, 0, 1, 60, 14, 0
1769, 0, 3, 60, 20, 0
1769, 0, 1, 61, 14, 0
1769, 2, 3, 61, 18, 0
1769, 0, 0, 61, 19, 0
1769, 3, 3, 61, 20, 0
1769, 0, 1, 62, 14, 0
1769, 0, 3, 62, 18, 0
1769, 3, 0, 63, 14, 0
1769, 0, 0, 63, 15, 0
1769, 0, 0, 63, 16, 0
1769, 0, 0, 63, 17, 0
1769, 3, 3, 63, 18, 0
1792, 21, 1, 10, 2, 1
1792, 18, 2, 10, 3, 1
1792, 18, 2, 10, 4, 1
1792, 18, 2, 10, 5, 1
1792, 18, 2, 10, 6, 1
1792, 18, 2, 10, 7, 1
1792, 21, 2, 10, 8, 1
1792, 18, 1, 11, 2, 1
1792, 18, 3, 11, 8, 1
1792, 18, 1, 12, 2, 1
1792, 18, 3, 12, 8, 1
1792, 18, 1, 13, 2, 1
1792, 18, 3, 13, 8, 1
1792, 21, 2, 25, 0, 1
1792, 18, 3, 26, 0, 1
1792, 18, 3, 27, 0, 1
1792, 18, 3, 28, 0, 1
1792, 18, 3, 29, 0, 1
1792, 18, 3, 30, 0, 1
1792, 18, 3, 31, 0, 1
1792, 21, 3, 32, 0, 1
1792, 19, 1, 51, 1, 1
1792, 18, 2, 51, 2, 1
1792, 18, 2, 51, 3, 1
1792, 18, 2, 51, 4, 1
1792, 18, 2, 51, 5, 1
1792, 18, 2, 51, 6, 1
1792, 18, 2, 51, 7, 1
1792, 18, 1, 52, 1, 1
1792, 18, 1, 53, 1, 1
1792, 18, 1, 54, 1, 1
1792, 18, 1, 55, 1, 1
1792, 20, 3, 55, 7, 1
1792, 18, 1, 56, 1, 1
1792, 18, 3, 56, 7, 1
1792, 21, 1, 56, 14, 1
1792, 18, 2, 56, 15, 1
1792, 18, 2, 56, 16, 1
1792, 18, 2, 56, 17, 1
1792, 18, 2, 56, 18, 1
1792, 18, 2, 56, 19, 1
1792, 21, 2, 56, 20, 1
1792, 18, 1, 57, 1, 1
1792, 18, 3, 57, 7, 1
1792, 18, 1, 57, 14, 1
1792, 18, 3, 57, 20, 1
1792, 18, 1, 58, 1, 1
1792, 20, 2, 58, 7, 1
1792, 18, 1, 58, 14, 1
1792, 18, 3, 58, 20, 1
1792, 18, 1, 59, 1, 1
1792, 18, 1, 59, 14, 1
1792, 18, 3, 59, 20, 1
1792, 18, 1, 60, 1, 1
1792, 18, 1, 60, 14, 1
1792, 18, 3, 60, 20, 1
1792, 18, 1, 61, 1, 1
1792, 18, 1, 61, 14, 1
1792, 20, 3, 61, 18, 1
1792, 18, 0, 61, 19, 1
1792, 21, 3, 61, 20, 1
1792, 19, 0, 62, 1, 1
1792, 18, 0, 62, 2, 1
1792, 18, 0, 62, 3, 1
1792, 18, 0, 62, 4, 1
1792, 18, 0, 62, 5, 1
1792, 18, 0, 62, 6, 1
1792, 18, 0, 62, 7, 1
1792, 18, 1, 62, 14, 1
1792, 18, 3, 62, 18, 1
1792, 21, 0, 63, 14, 1
1792, 18, 0, 63, 15, 1
1792, 18, 0, 63, 16, 1
1792, 18, 0, 63, 17, 1
1792, 21, 3, 63, 18, 1
1792, 18, 1, 14, 2, 2
1792, 18, 3, 14, 8, 2
1792, 18, 1, 15, 2, 2
1792, 18, 3, 15, 8, 2
1792, 18, 1, 16, 2, 2
1792, 18, 3, 16, 8, 2
1792, 18, 1, 17, 2, 2
1792, 18, 3, 17, 8, 2
1792, 18, 1, 18, 2, 2
1792, 18, 3, 18, 8, 2
1792, 18, 1, 19, 2, 2
1792, 18, 3, 19, 8, 2
1792, 18, 1, 23, 5, 2
1792, 18, 3, 23, 11, 2
1792, 18, 1, 24, 5, 2
1792, 18, 3, 24, 11, 2
1792, 18, 1, 25, 5, 2
1792, 18, 3, 25, 11, 2
1792, 18, 1, 26, 5, 2
1792, 18, 3, 26, 11, 2
1792, 18, 1, 27, 5, 2
1792, 18, 3, 27, 11, 2
1792, 18, 1, 28, 5, 2
1792, 18, 3, 28, 11, 2
1792, 18, 1, 29, 5, 2
1792, 18, 3, 29, 11, 2
1792, 18, 1, 30, 5, 2
1792, 18, 3, 30, 11, 2
1792, 18, 1, 31, 5, 2
1792, 18, 3, 31, 11, 2
1792, 18, 1, 32, 5, 2
1792, 18, 3, 32, 11, 2
1792, 18, 1, 33, 5, 2
1792, 18, 3, 33, 11, 2
1792, 18, 1, 34, 5, 2
1792, 18, 3, 34, 11, 2
1792, 19, 2, 49, 0, 2
1792, 18, 3, 50, 0, 2
1792, 18, 3, 51, 0, 2
1792, 18, 3, 52, 0, 2
1792, 18, 3, 53, 0, 2
1792, 18, 3, 54, 0, 2
1792, 18, 3, 55, 0, 2
1792, 18, 3, 56, 0, 2
1792, 18, 3, 57, 0, 2
1792, 18, 3, 58, 0, 2
1792, 19, 3, 59, 0, 2
1793, 19, 1, 18, 15, 1
1793, 18, 2, 18, 16, 1
1793, 18, 2, 18, 17, 1
1793, 18, 2, 18, 18, 1
1793, 18, 2, 18, 19, 1
1793, 18, 2, 18, 20, 1
1793, 19, 2, 18, 21, 1
1793, 18, 1, 19, 15, 1
1793, 18, 3, 19, 21, 1
1793, 18, 1, 20, 15, 1
1793, 18, 3, 20, 21, 1
1793, 18, 1, 21, 15, 1
1793, 18, 3, 21, 21, 1
1793, 18, 1, 22, 15, 1
1793, 18, 3, 22, 21, 1
1793, 18, 1, 23, 15, 1
1793, 18, 3, 23, 21, 1
1793, 18, 1, 24, 15, 1
1793, 18, 3, 24, 21, 1
1793, 19, 0, 25, 15, 1
1793, 18, 0, 25, 16, 1
1793, 18, 0, 25, 17, 1
1793, 18, 0, 25, 18, 1
1793, 18, 0, 25, 19, 1
1793, 18, 0, 25, 20, 1
1793, 19, 3, 25, 21, 1
1793, 21, 1, 40, 30, 1
1793, 18, 2, 40, 31, 1
1793, 18, 2, 40, 32, 1
1793, 18, 2, 40, 33, 1
1793, 18, 2, 40, 34, 1
1793, 21, 2, 40, 35, 1
1793, 18, 1, 41, 30, 1
1793, 18, 3, 41, 35, 1
1793, 18, 1, 42, 30, 1
1793, 18, 3, 42, 35, 1
1793, 21, 1, 43, 28, 1
1793, 18, 2, 43, 29, 1
1793, 20, 1, 43, 30, 1
1793, 18, 3, 43, 35, 1
1793, 18, 1, 44, 28, 1
1793, 18, 3, 44, 35, 1
1793, 18, 1, 45, 28, 1
1793, 18, 3, 45, 35, 1
1793, 18, 1, 46, 28, 1
1793, 18, 3, 46, 35, 1
1793, 18, 1, 47, 28, 1
1793, 18, 3, 47, 35, 1
1793, 21, 0, 48, 28, 1
1793, 18, 0, 48, 29, 1
1793, 18, 0, 48, 30, 1
1793, 18, 0, 48, 31, 1
1793, 18, 0, 48, 32, 1
1793, 18, 0, 48, 33, 1
1793, 18, 0, 48, 34, 1
1793, 21, 3, 48, 35, 1
1793, 19, 1, 0, 27, 3
1793, 18, 2, 0, 28, 3
1793, 19, 2, 0, 29, 3
1793, 19, 1, 1, 26, 3
1793, 19, 2, 1, 30, 3
1793, 18, 1, 2, 26, 3
1793, 18, 3, 2, 30, 3
1793, 19, 0, 3, 26, 3
1793, 19, 3, 3, 30, 3
1793, 19, 0, 4, 27, 3
1793, 18, 0, 4, 28, 3
1793, 19, 3, 4, 29, 3
1821, 5, 2, 56, 15, 0
1821, 5, 2, 56, 18, 0
1821, 4, 0, 57, 15, 0
1821, 4, 0, 57, 18, 0
1821, 4, 1, 57, 19, 0
1821, 5, 3, 57, 20, 0
1821, 5, 1, 58, 14, 0
1821, 4, 3, 58, 15, 0
1821, 5, 3, 59, 20, 0
1821, 5, 1, 61, 14, 0
1821, 4, 3, 61, 15, 0
1821, 4, 1, 61, 17, 0
1823, 5, 3, 23, 11, 0
1823, 5, 3, 25, 11, 0
1823, 5, 3, 31, 11, 0
1823, 5, 3, 33, 11, 0
1823, 4, 2, 51, 4, 0
1823, 4, 2, 51, 6, 0
1823, 5, 3, 53, 8, 0
1823, 5, 3, 59, 8, 0
1823, 5, 3, 61, 8, 0
1823, 5, 0, 62, 4, 0
1823, 5, 0, 62, 6, 0
1823, 5, 3, 23, 11, 1
1823, 5, 3, 27, 11, 1
1823, 5, 3, 29, 11, 1
1823, 4, 3, 52, 0, 1
1823, 4, 3, 56, 0, 1
1824, 5, 0, 52, 4, 0
1824, 5, 0, 52, 6, 0
1824, 4, 1, 53, 7, 0
1824, 4, 1, 59, 7, 0
1824, 4, 2, 61, 4, 0
1824, 4, 2, 61, 6, 0
1824, 4, 1, 61, 7, 0
1824, 4, 1, 23, 10, 1
1824, 4, 1, 27, 10, 1
1824, 4, 1, 29, 10, 1
1828, 5, 2, 10, 4, 0
1828, 5, 2, 10, 6, 0
1828, 5, 1, 12, 2, 0
1828, 5, 3, 12, 8, 0
1828, 5, 1, 14, 2, 0
1828, 5, 3, 15, 8, 0
1828, 5, 1, 17, 2, 0
1828, 5, 3, 17, 8, 0
1828, 5, 0, 18, 4, 0
1828, 5, 0, 18, 6, 0
1828, 5, 2, 22, 6, 0
1828, 5, 2, 22, 8, 0
1828, 5, 0, 35, 6, 0
1828, 5, 0, 35, 8, 0
1828, 5, 0, 35, 10, 0
1828, 5, 1, 15, 2, 1
1828, 5, 3, 15, 8, 1
1828, 5, 1, 18, 2, 1
1828, 5, 3, 18, 8, 1
1828, 5, 0, 20, 4, 1
1828, 5, 0, 20, 6, 1
1828, 5, 2, 22, 7, 1
1828, 5, 2, 22, 9, 1
1828, 5, 1, 23, 5, 1
1828, 5, 1, 25, 5, 1
1828, 5, 3, 25, 11, 1
1828, 5, 1, 30, 5, 1
1828, 5, 3, 31, 11, 1
1828, 5, 3, 33, 11, 1
1828, 5, 1, 34, 5, 1
1828, 5, 0, 35, 7, 1
1828, 5, 0, 35, 9, 1
1829, 4, 3, 23, 6, 1
1829, 4, 0, 23, 7, 1
1829, 4, 0, 23, 9, 1
1829, 4, 3, 25, 6, 1
1829, 4, 1, 25, 10, 1
1829, 4, 3, 30, 6, 1
1829, 4, 1, 31, 10, 1
1829, 4, 1, 33, 10, 1
1829, 4, 3, 34, 6, 1
1829, 4, 2, 34, 7, 1
1829, 4, 2, 34, 9, 1
1830, 4, 0, 23, 6, 0
1830, 4, 0, 23, 8, 0
1830, 4, 1, 23, 10, 0
1830, 4, 2, 25, 6, 0
1830, 4, 1, 25, 10, 0
1830, 4, 0, 30, 6, 0
1830, 4, 0, 30, 10, 0
1830, 4, 1, 31, 10, 0
1830, 4, 1, 33, 10, 0
1830, 4, 2, 34, 8, 0
1830, 4, 2, 34, 10, 0
1832, 4, 0, 11, 4, 0
1832, 4, 0, 11, 6, 0
1832, 4, 3, 12, 3, 0
1832, 4, 1, 12, 7, 0
1832, 4, 3, 14, 3, 0
1832, 4, 1, 15, 7, 0
1832, 4, 3, 17, 3, 0
1832, 4, 2, 17, 4, 0
1832, 4, 2, 17, 6, 0
1832, 4, 1, 17, 7, 0
1832, 4, 3, 15, 3, 1
1832, 4, 1, 15, 7, 1
1832, 4, 3, 18, 3, 1
1832, 4, 1, 18, 7, 1
1832, 4, 2, 19, 4, 1
1832, 4, 2, 19, 6, 1
1838, 5, 1, 53, 1, 0
1838, 4, 3, 53, 2, 0
1838, 5, 1, 55, 1, 0
1838, 4, 3, 55, 2, 0
1838, 5, 1, 57, 1, 0
1838, 4, 3, 57, 2, 0
1838, 5, 1, 59, 1, 0
1838, 4, 3, 59, 2, 0
1838, 5, 1, 61, 1, 0
1838, 4, 3, 61, 2, 0
1864, 10, 3, 7, 50, 0
1864, 10, 3, 8, 50, 0
1864, 10, 3, 9, 50, 0
1864, 10, 3, 10, 50, 0
1864, 10, 2, 18, 54, 0
1864, 10, 2, 18, 55, 0
1864, 10, 2, 18, 56, 0
1870, 10, 1, 14, 10, 0
1870, 10, 1, 16, 10, 0
1870, 10, 2, 19, 3, 0
1870, 10, 3, 19, 6, 0
1870, 10, 1, 19, 10, 0
1870, 10, 1, 19, 16, 0
1870, 10, 1, 19, 19, 0
1870, 10, 0, 21, 34, 0
1870, 10, 0, 21, 36, 0
1870, 10, 0, 22, 34, 0
1870, 10, 0, 22, 36, 0
1870, 10, 1, 24, 16, 0
1870, 10, 1, 24, 19, 0
1872, 5, 0, 26, 6, 0
1872, 5, 2, 29, 6, 0
1872, 5, 2, 29, 10, 0
1873, 5, 1, 44, 28, 0
1873, 5, 3, 44, 35, 0
1873, 5, 1, 47, 28, 0
1873, 5, 3, 47, 35, 0
1873, 5, 0, 48, 29, 0
1873, 5, 0, 48, 31, 0
1873, 5, 0, 48, 32, 0
1873, 5, 0, 48, 34, 0
1905, 3, 2, 25, 0, 0
1905, 0, 3, 26, 0, 0
1905, 0, 3, 27, 0, 0
1905, 0, 3, 28, 0, 0
1905, 0, 3, 29, 0, 0
1905, 0, 3, 30, 0, 0
1905, 0, 3, 31, 0, 0
1905, 3, 3, 32, 0, 0
1926, 16, 1, 52, 2, 1
1926, 15, 3, 54, 6, 1
1926, 15, 2, 59, 6, 1
1926, 16, 0, 61, 2, 1
1926, 16, 1, 53, 3, 2
1926, 16, 2, 53, 5, 2
1926, 16, 0, 60, 3, 2
1926, 16, 3, 60, 5, 2
1933, 16, 1, 41, 31, 1
1933, 12, 2, 41, 32, 1
1933, 12, 2, 41, 33, 1
1933, 16, 2, 41, 34, 1
1933, 12, 1, 42, 31, 1
1933, 17, 1, 42, 32, 1
1933, 17, 1, 42, 33, 1
1933, 12, 3, 42, 34, 1
1933, 12, 1, 43, 31, 1
1933, 17, 1, 43, 32, 1
1933, 17, 1, 43, 33, 1
1933, 12, 3, 43, 34, 1
1933, 16, 1, 44, 29, 1
1933, 12, 2, 44, 30, 1
1933, 14, 1, 44, 31, 1
1933, 17, 1, 44, 32, 1
1933, 17, 1, 44, 33, 1
1933, 12, 3, 44, 34, 1
1933, 12, 1, 45, 29, 1
1933, 17, 1, 45, 30, 1
1933, 17, 1, 45, 31, 1
1933, 17, 1, 45, 32, 1
1933, 17, 1, 45, 33, 1
1933, 12, 3, 45, 34, 1
1933, 12, 1, 46, 29, 1
1933, 17, 1, 46, 30, 1
1933, 17, 1, 46, 31, 1
1933, 17, 1, 46, 32, 1
1933, 17, 1, 46, 33, 1
1933, 12, 3, 46, 34, 1
1933, 16, 0, 47, 29, 1
1933, 12, 0, 47, 30, 1
1933, 12, 0, 47, 31, 1
1933, 12, 0, 47, 32, 1
1933, 12, 0, 47, 33, 1
1933, 16, 3, 47, 34, 1
1933, 13, 1, 1, 27, 3
1933, 12, 2, 1, 28, 3
1933, 13, 2, 1, 29, 3
1933, 12, 1, 2, 27, 3
1933, 17, 1, 2, 28, 3
1933, 12, 3, 2, 29, 3
1933, 13, 0, 3, 27, 3
1933, 12, 0, 3, 28, 3
1933, 13, 3, 3, 29, 3
1938, 5, 1, 1, 25, 0
1938, 4, 3, 1, 26, 0
1938, 4, 1, 1, 30, 0
1938, 5, 3, 1, 31, 0
1938, 5, 1, 3, 25, 0
1938, 4, 3, 3, 26, 0
1938, 4, 1, 3, 30, 0
1938, 5, 3, 3, 31, 0
1938, 4, 2, 4, 27, 0
1938, 4, 2, 4, 29, 0
1938, 5, 0, 5, 27, 0
1938, 5, 0, 5, 29, 0
1938, 5, 1, 1, 25, 1
1938, 4, 3, 1, 26, 1
1938, 4, 1, 1, 30, 1
1938, 5, 3, 1, 31, 1
1938, 5, 1, 3, 25, 1
1938, 4, 3, 3, 26, 1
1938, 4, 1, 3, 30, 1
1938, 5, 3, 3, 31, 1
1938, 4, 2, 4, 27, 1
1938, 4, 2, 4, 29, 1
1938, 5, 0, 5, 27, 1
1938, 5, 0, 5, 29, 1
2054, 0, 3, 32, 11, 0
2213, 10, 0, 55, 3, 0
2213, 10, 0, 58, 3, 0
2213, 10, 0, 59, 3, 0
2214, 10, 0, 53, 7, 0
2214, 10, 0, 54, 7, 0
2215, 10, 0, 53, 3, 0
2215, 10, 0, 54, 3, 0
2524, 10, 0, 14, 6, 0
2531, 22, 0, 6, 3, 0
2531, 22, 0, 6, 5, 0
2532, 22, 0, 6, 4, 0
2554, 0, 0, 5, 28, 0
2727, 10, 2, 34, 7, 0
2732, 10, 0, 11, 56, 0
2732, 10, 3, 13, 56, 0
2732, 10, 3, 38, 26, 0
2738, 22, 2, 57, 8, 0
2739, 22, 0, 8, 6, 0
2739, 22, 2, 32, 7, 0
2745, 22, 0, 2, 28, 0
2759, 22, 0, 1, 46, 0
2759, 22, 0, 6, 42, 0
2784, 4, 1, 59, 19, 0
3000, 10, 3, 6, 50, 0
3000, 10, 2, 18, 53, 0
3046, 10, 3, 11, 50, 0
3046, 10, 2, 18, 57, 0
