1189, 10, 0, 36, 34, 0
1189, 10, 1, 37, 42, 0
1189, 10, 2, 38, 33, 0
1189, 10, 1, 38, 35, 0
1189, 10, 2, 47, 35, 0
1189, 10, 3, 47, 36, 0
1189, 10, 0, 48, 37, 0
1246, 22, 1, 24, 46, 0
1246, 22, 0, 27, 50, 0
1246, 22, 3, 30, 36, 0
1246, 22, 2, 30, 40, 0
1246, 22, 0, 31, 29, 0
1246, 22, 1, 32, 48, 0
1246, 22, 1, 34, 30, 0
1246, 22, 3, 36, 50, 0
1246, 22, 2, 38, 21, 0
1246, 22, 3, 38, 29, 0
1246, 22, 2, 38, 52, 0
1246, 22, 2, 39, 47, 0
1246, 22, 3, 40, 23, 0
1246, 22, 0, 41, 26, 0
1246, 22, 1, 41, 52, 0
1246, 22, 2, 41, 53, 0
1246, 22, 3, 42, 47, 0
1246, 22, 0, 43, 49, 0
1246, 22, 0, 43, 54, 0
1246, 22, 3, 47, 49, 0
1246, 22, 3, 49, 30, 0
1246, 22, 1, 50, 47, 0
1246, 22, 1, 51, 26, 0
1246, 22, 2, 51, 30, 0
1246, 22, 1, 51, 47, 0
1246, 22, 2, 52, 27, 0
1246, 22, 0, 52, 47, 0
1246, 22, 3, 53, 30, 0
1246, 22, 1, 54, 32, 0
1246, 22, 2, 55, 26, 0
1246, 22, 0, 55, 37, 0
1246, 22, 1, 55, 43, 0
1246, 22, 2, 55, 48, 0
1246, 22, 2, 57, 45, 0
1246, 22, 0, 58, 51, 0
1246, 22, 1, 59, 35, 0
1246, 22, 1, 60, 48, 0
1246, 22, 0, 61, 38, 0
1247, 22, 2, 22, 41, 0
1247, 22, 2, 22, 42, 0
1247, 22, 3, 23, 41, 0
1247, 22, 0, 23, 42, 0
1247, 22, 0, 25, 43, 0
1247, 22, 1, 25, 44, 0
1247, 22, 1, 25, 45, 0
1247, 22, 2, 26, 30, 0
1247, 22, 0, 26, 46, 0
1247, 22, 3, 26, 50, 0
1247, 22, 0, 27, 29, 0
1247, 22, 2, 27, 49, 0
1247, 22, 2, 28, 48, 0
1247, 22, 2, 28, 51, 0
1247, 22, 2, 28, 52, 0
1247, 22, 0, 28, 53, 0
1247, 22, 1, 29, 27, 0
1247, 22, 3, 29, 28, 0
1247, 22, 3, 29, 37, 0
1247, 22, 3, 29, 48, 0
1247, 22, 0, 29, 52, 0
1247, 22, 1, 29, 53, 0
1247, 22, 0, 30, 27, 0
1247, 22, 1, 30, 29, 0
1247, 22, 1, 30, 34, 0
1247, 22, 1, 30, 35, 0
1247, 22, 2, 30, 37, 0
1247, 22, 3, 30, 47, 0
1247, 22, 3, 30, 48, 0
1247, 22, 1, 31, 46, 0
1247, 22, 2, 31, 47, 0
1247, 22, 1, 31, 48, 0
1247, 22, 0, 31, 49, 0
1247, 22, 2, 32, 33, 0
1247, 22, 3, 32, 50, 0
1247, 22, 2, 33, 28, 0
1247, 22, 0, 33, 30, 0
1247, 22, 1, 33, 47, 0
1247, 22, 1, 33, 48, 0
1247, 22, 1, 33, 56, 0
1247, 22, 0, 34, 47, 0
1247, 22, 1, 34, 48, 0
1247, 22, 3, 34, 50, 0
1247, 22, 2, 35, 31, 0
1247, 22, 0, 36, 49, 0
1247, 22, 0, 37, 22, 0
1247, 22, 1, 37, 49, 0
1247, 22, 1, 37, 50, 0
1247, 22, 3, 38, 22, 0
1247, 22, 3, 38, 48, 0
1247, 22, 2, 39, 53, 0
1247, 22, 1, 39, 54, 0
1247, 22, 2, 40, 25, 0
1247, 22, 3, 40, 26, 0
1247, 22, 3, 40, 53, 0
1247, 22, 3, 42, 28, 0
1247, 22, 0, 42, 46, 0
1247, 22, 0, 42, 52, 0
1247, 22, 3, 42, 53, 0
1247, 22, 0, 42, 54, 0
1247, 22, 0, 43, 28, 0
1247, 22, 1, 43, 47, 0
1247, 22, 3, 44, 48, 0
1247, 22, 2, 44, 49, 0
1247, 22, 0, 47, 48, 0
1247, 22, 3, 48, 30, 0
1247, 22, 3, 48, 49, 0
1247, 22, 0, 49, 29, 0
1247, 22, 2, 49, 49, 0
1247, 22, 2, 50, 29, 0
1247, 22, 1, 50, 30, 0
1247, 22, 3, 50, 48, 0
1247, 22, 1, 50, 49, 0
1247, 22, 3, 51, 28, 0
1247, 22, 2, 51, 48, 0
1247, 22, 1, 52, 30, 0
1247, 22, 0, 52, 31, 0
1247, 22, 0, 53, 31, 0
1247, 22, 2, 53, 32, 0
1247, 22, 3, 53, 33, 0
1247, 22, 0, 53, 45, 0
1247, 22, 1, 53, 46, 0
1247, 22, 0, 53, 47, 0
1247, 22, 1, 53, 50, 0
1247, 22, 0, 54, 25, 0
1247, 22, 0, 54, 33, 0
1247, 22, 1, 54, 42, 0
1247, 22, 0, 54, 43, 0
1247, 22, 3, 54, 44, 0
1247, 22, 3, 54, 48, 0
1247, 22, 0, 54, 50, 0
1247, 22, 0, 55, 25, 0
1247, 22, 1, 55, 42, 0
1247, 22, 3, 55, 44, 0
1247, 22, 2, 55, 45, 0
1247, 22, 2, 55, 49, 0
1247, 22, 1, 56, 25, 0
1247, 22, 3, 56, 46, 0
1247, 22, 1, 56, 47, 0
1247, 22, 2, 57, 36, 0
1247, 22, 2, 57, 47, 0
1247, 22, 0, 58, 33, 0
1247, 22, 3, 59, 34, 0
1247, 22, 2, 60, 35, 0
1391, 10, 1, 43, 51, 0
1391, 10, 3, 45, 46, 0
1391, 10, 0, 47, 46, 0
1391, 10, 1, 49, 45, 0
1391, 10, 3, 51, 44, 0
1391, 10, 3, 52, 43, 0
1392, 10, 1, 25, 47, 0
1392, 10, 0, 26, 33, 0
1392, 10, 2, 27, 43, 0
1392, 10, 0, 29, 50, 0
1392, 10, 3, 31, 35, 0
1392, 10, 1, 31, 38, 0
1392, 10, 3, 31, 40, 0
1392, 10, 0, 32, 25, 0
1392, 10, 1, 32, 44, 0
1392, 10, 0, 33, 34, 0
1392, 10, 2, 33, 37, 0
1392, 10, 0, 33, 40, 0
1392, 10, 2, 33, 42, 0
1392, 10, 1, 34, 32, 0
1392, 10, 3, 34, 45, 0
1392, 10, 2, 35, 47, 0
1392, 10, 3, 36, 33, 0
1392, 10, 0, 37, 25, 0
1392, 10, 3, 37, 31, 0
1392, 10, 1, 37, 46, 0
1392, 10, 3, 37, 55, 0
1392, 10, 0, 39, 29, 0
1392, 10, 3, 39, 31, 0
1392, 10, 1, 39, 45, 0
1392, 10, 3, 40, 30, 0
1392, 10, 2, 40, 47, 0
1392, 10, 1, 42, 29, 0
1392, 10, 3, 42, 46, 0
1392, 10, 1, 44, 28, 0
1392, 10, 3, 45, 29, 0
1392, 10, 0, 46, 28, 0
1392, 10, 2, 46, 45, 0
1392, 10, 3, 47, 30, 0
1392, 10, 2, 47, 53, 0
1392, 10, 0, 48, 41, 0
1392, 10, 1, 49, 23, 0
1392, 10, 2, 49, 31, 0
1392, 10, 0, 49, 51, 0
1392, 10, 3, 51, 32, 0
1392, 10, 2, 52, 36, 0
1392, 10, 0, 52, 38, 0
1392, 10, 2, 52, 41, 0
1392, 10, 2, 53, 34, 0
1392, 10, 0, 53, 40, 0
1392, 10, 1, 53, 52, 0
1392, 10, 1, 54, 38, 0
1392, 10, 3, 56, 42, 0
1392, 10, 1, 57, 29, 0
1490, 10, 0, 0, 0, 0
1490, 10, 0, 0, 1, 0
1490, 10, 0, 0, 2, 0
1490, 10, 0, 0, 3, 0
1490, 10, 0, 0, 4, 0
1490, 10, 0, 0, 5, 0
1490, 10, 0, 0, 6, 0
1490, 10, 0, 0, 7, 0
1490, 10, 0, 0, 8, 0
1490, 10, 0, 0, 9, 0
1490, 10, 0, 0, 10, 0
1490, 10, 0, 0, 11, 0
1490, 10, 0, 0, 12, 0
1490, 10, 0, 0, 13, 0
1490, 10, 0, 0, 14, 0
1490, 10, 0, 0, 15, 0
1490, 10, 0, 0, 16, 0
1490, 10, 0, 1, 0, 0
1490, 10, 0, 1, 1, 0
1490, 10, 0, 1, 2, 0
1490, 10, 0, 1, 3, 0
1490, 10, 0, 1, 4, 0
1490, 10, 0, 1, 5, 0
1490, 10, 0, 1, 6, 0
1490, 10, 0, 1, 7, 0
1490, 10, 0, 1, 8, 0
1490, 10, 0, 1, 9, 0
1490, 10, 0, 1, 10, 0
1490, 10, 0, 1, 11, 0
1490, 10, 0, 1, 12, 0
1490, 10, 0, 1, 13, 0
1490, 10, 0, 1, 14, 0
1490, 10, 0, 1, 15, 0
1490, 10, 0, 1, 16, 0
1490, 10, 0, 2, 0, 0
1490, 10, 0, 2, 1, 0
1490, 10, 0, 2, 2, 0
1490, 10, 0, 2, 3, 0
1490, 10, 0, 2, 4, 0
1490, 10, 0, 2, 5, 0
1490, 10, 0, 2, 6, 0
1490, 10, 0, 2, 7, 0
1490, 10, 0, 2, 8, 0
1490, 10, 0, 2, 9, 0
1490, 10, 0, 2, 10, 0
1490, 10, 0, 2, 11, 0
1490, 10, 0, 2, 12, 0
1490, 10, 0, 2, 13, 0
1490, 10, 0, 2, 14, 0
1490, 10, 0, 2, 15, 0
1490, 10, 0, 2, 16, 0
1490, 10, 0, 3, 0, 0
1490, 10, 0, 3, 1, 0
1490, 10, 0, 3, 2, 0
1490, 10, 0, 3, 3, 0
1490, 10, 0, 3, 4, 0
1490, 10, 0, 3, 5, 0
1490, 10, 0, 3, 6, 0
1490, 10, 0, 3, 7, 0
1490, 10, 0, 3, 8, 0
1490, 10, 0, 3, 9, 0
1490, 10, 0, 3, 10, 0
1490, 10, 0, 3, 11, 0
1490, 10, 0, 3, 12, 0
1490, 10, 0, 3, 13, 0
1490, 10, 0, 3, 14, 0
1490, 10, 0, 3, 15, 0
1490, 10, 0, 3, 16, 0
1490, 10, 0, 4, 0, 0
1490, 10, 0, 4, 1, 0
1490, 10, 0, 4, 2, 0
1490, 10, 0, 4, 3, 0
1490, 10, 0, 4, 4, 0
1490, 10, 0, 4, 5, 0
1490, 10, 0, 4, 6, 0
1490, 10, 0, 4, 7, 0
1490, 10, 0, 4, 8, 0
1490, 10, 0, 4, 9, 0
1490, 10, 0, 4, 10, 0
1490, 10, 0, 4, 11, 0
1490, 10, 0, 4, 12, 0
1490, 10, 0, 4, 13, 0
1490, 10, 0, 4, 14, 0
1490, 10, 0, 4, 15, 0
1490, 10, 0, 4, 16, 0
1490, 10, 0, 5, 0, 0
1490, 10, 0, 5, 1, 0
1490, 10, 0, 5, 2, 0
1490, 10, 0, 5, 3, 0
1490, 10, 0, 5, 4, 0
1490, 10, 0, 5, 5, 0
1490, 10, 0, 5, 6, 0
1490, 10, 0, 5, 7, 0
1490, 10, 0, 5, 8, 0
1490, 10, 0, 5, 9, 0
1490, 10, 0, 5, 10, 0
1490, 10, 0, 5, 11, 0
1490, 10, 0, 5, 12, 0
1490, 10, 0, 5, 13, 0
1490, 10, 0, 5, 14, 0
1490, 10, 0, 5, 15, 0
1490, 10, 0, 5, 16, 0
1490, 10, 0, 6, 0, 0
1490, 10, 0, 6, 1, 0
1490, 10, 0, 6, 2, 0
1490, 10, 0, 6, 3, 0
1490, 10, 0, 6, 4, 0
1490, 10, 0, 6, 5, 0
1490, 10, 0, 6, 6, 0
1490, 10, 0, 6, 7, 0
1490, 10, 0, 6, 8, 0
1490, 10, 0, 6, 9, 0
1490, 10, 0, 6, 10, 0
1490, 10, 0, 6, 11, 0
1490, 10, 0, 6, 12, 0
1490, 10, 0, 6, 13, 0
1490, 10, 0, 6, 14, 0
1490, 10, 0, 6, 15, 0
1490, 10, 0, 6, 16, 0
1490, 10, 0, 7, 0, 0
1490, 10, 0, 7, 1, 0
1490, 10, 0, 7, 2, 0
1490, 10, 0, 7, 3, 0
1490, 10, 0, 7, 4, 0
1490, 10, 0, 7, 5, 0
1490, 10, 0, 7, 6, 0
1490, 10, 0, 7, 7, 0
1490, 10, 0, 7, 8, 0
1490, 10, 0, 7, 9, 0
1490, 10, 0, 7, 10, 0
1490, 10, 0, 7, 11, 0
1490, 10, 0, 7, 12, 0
1490, 10, 0, 7, 13, 0
1490, 10, 0, 7, 14, 0
1490, 10, 0, 7, 15, 0
1490, 10, 0, 7, 16, 0
1490, 10, 0, 8, 0, 0
1490, 10, 0, 8, 1, 0
1490, 10, 0, 8, 2, 0
1490, 10, 0, 8, 3, 0
1490, 10, 0, 8, 4, 0
1490, 10, 0, 8, 5, 0
1490, 10, 0, 8, 6, 0
1490, 10, 0, 8, 7, 0
1490, 10, 0, 8, 8, 0
1490, 10, 0, 8, 9, 0
1490, 10, 0, 8, 10, 0
1490, 10, 0, 8, 11, 0
1490, 10, 0, 8, 12, 0
1490, 10, 0, 8, 13, 0
1490, 10, 0, 8, 14, 0
1490, 10, 0, 8, 15, 0
1490, 10, 0, 8, 16, 0
1490, 10, 0, 9, 0, 0
1490, 10, 0, 9, 1, 0
1490, 10, 0, 9, 2, 0
1490, 10, 0, 9, 3, 0
1490, 10, 0, 9, 4, 0
1490, 10, 0, 9, 5, 0
1490, 10, 0, 9, 6, 0
1490, 10, 0, 9, 7, 0
1490, 10, 0, 9, 8, 0
1490, 10, 0, 9, 9, 0
1490, 10, 0, 9, 10, 0
1490, 10, 0, 9, 11, 0
1490, 10, 0, 9, 12, 0
1490, 10, 0, 9, 13, 0
1490, 10, 0, 9, 14, 0
1490, 10, 0, 9, 15, 0
1490, 10, 0, 9, 16, 0
1490, 10, 0, 10, 0, 0
1490, 10, 0, 10, 1, 0
1490, 10, 0, 10, 2, 0
1490, 10, 0, 10, 3, 0
1490, 10, 0, 10, 4, 0
1490, 10, 0, 10, 5, 0
1490, 10, 0, 10, 6, 0
1490, 10, 0, 10, 7, 0
1490, 10, 0, 10, 8, 0
1490, 10, 0, 10, 9, 0
1490, 10, 0, 10, 10, 0
1490, 10, 0, 10, 11, 0
1490, 10, 0, 10, 12, 0
1490, 10, 0, 10, 13, 0
1490, 10, 0, 10, 14, 0
1490, 10, 0, 10, 15, 0
1490, 10, 0, 10, 16, 0
1490, 10, 0, 11, 0, 0
1490, 10, 0, 11, 1, 0
1490, 10, 0, 11, 2, 0
1490, 10, 0, 11, 3, 0
1490, 10, 0, 11, 4, 0
1490, 10, 0, 11, 5, 0
1490, 10, 0, 11, 6, 0
1490, 10, 0, 11, 7, 0
1490, 10, 0, 11, 8, 0
1490, 10, 0, 11, 9, 0
1490, 10, 0, 11, 10, 0
1490, 10, 0, 11, 11, 0
1490, 10, 0, 11, 12, 0
1490, 10, 0, 11, 13, 0
1490, 10, 0, 11, 14, 0
1490, 10, 0, 11, 15, 0
1490, 10, 0, 11, 16, 0
1490, 10, 0, 12, 0, 0
1490, 10, 0, 12, 1, 0
1490, 10, 0, 12, 2, 0
1490, 10, 0, 12, 3, 0
1490, 10, 0, 12, 4, 0
1490, 10, 0, 12, 5, 0
1490, 10, 0, 12, 6, 0
1490, 10, 0, 12, 7, 0
1490, 10, 0, 12, 8, 0
1490, 10, 0, 12, 9, 0
1490, 10, 0, 12, 10, 0
1490, 10, 0, 12, 11, 0
1490, 10, 0, 12, 12, 0
1490, 10, 0, 12, 13, 0
1490, 10, 0, 12, 14, 0
1490, 10, 0, 12, 15, 0
1490, 10, 0, 12, 16, 0
1490, 10, 0, 13, 0, 0
1490, 10, 0, 13, 1, 0
1490, 10, 0, 13, 2, 0
1490, 10, 0, 13, 3, 0
1490, 10, 0, 13, 4, 0
1490, 10, 0, 13, 5, 0
1490, 10, 0, 13, 6, 0
1490, 10, 0, 13, 7, 0
1490, 10, 0, 13, 8, 0
1490, 10, 0, 13, 9, 0
1490, 10, 0, 13, 10, 0
1490, 10, 0, 13, 11, 0
1490, 10, 0, 13, 12, 0
1490, 10, 0, 13, 13, 0
1490, 10, 0, 13, 14, 0
1490, 10, 0, 13, 15, 0
1490, 10, 0, 13, 16, 0
1490, 10, 0, 14, 0, 0
1490, 10, 0, 14, 1, 0
1490, 10, 0, 14, 2, 0
1490, 10, 0, 14, 3, 0
1490, 10, 0, 14, 4, 0
1490, 10, 0, 14, 5, 0
1490, 10, 0, 14, 6, 0
1490, 10, 0, 14, 7, 0
1490, 10, 0, 14, 8, 0
1490, 10, 0, 14, 9, 0
1490, 10, 0, 14, 10, 0
1490, 10, 0, 14, 11, 0
1490, 10, 0, 14, 12, 0
1490, 10, 0, 14, 13, 0
1490, 10, 0, 14, 14, 0
1490, 10, 0, 14, 15, 0
1490, 10, 0, 14, 16, 0
1490, 10, 0, 15, 0, 0
1490, 10, 0, 15, 1, 0
1490, 10, 0, 15, 2, 0
1490, 10, 0, 15, 3, 0
1490, 10, 0, 15, 4, 0
1490, 10, 0, 15, 5, 0
1490, 10, 0, 15, 6, 0
1490, 10, 0, 15, 7, 0
1490, 10, 0, 15, 8, 0
1490, 10, 0, 15, 9, 0
1490, 10, 0, 15, 10, 0
1490, 10, 0, 15, 11, 0
1490, 10, 0, 15, 12, 0
1490, 10, 0, 15, 13, 0
1490, 10, 0, 15, 14, 0
1490, 10, 0, 15, 15, 0
1490, 10, 0, 15, 16, 0
4735, 22, 0, 22, 36, 0
4735, 22, 3, 22, 37, 0
4735, 22, 2, 22, 38, 0
4735, 22, 0, 22, 39, 0
4735, 22, 0, 22, 40, 0
4735, 22, 3, 23, 34, 0
4735, 22, 0, 23, 36, 0
4735, 22, 3, 23, 40, 0
4735, 22, 1, 24, 32, 0
4735, 22, 0, 24, 33, 0
4735, 22, 3, 24, 34, 0
4735, 22, 2, 24, 35, 0
4735, 22, 2, 24, 36, 0
4735, 22, 2, 24, 41, 0
4735, 22, 1, 25, 31, 0
4735, 22, 1, 25, 32, 0
4735, 22, 1, 25, 33, 0
4735, 22, 1, 25, 41, 0
4735, 22, 0, 25, 42, 0
4735, 22, 3, 26, 42, 0
4735, 22, 1, 26, 43, 0
4735, 22, 0, 26, 45, 0
4735, 22, 3, 27, 36, 0
4735, 22, 2, 27, 41, 0
4735, 22, 3, 27, 42, 0
4735, 22, 2, 27, 46, 0
4735, 22, 2, 27, 47, 0
4735, 22, 0, 28, 29, 0
4735, 22, 0, 28, 36, 0
4735, 22, 2, 28, 41, 0
4735, 22, 1, 28, 47, 0
4735, 22, 2, 29, 30, 0
4735, 22, 3, 29, 34, 0
4735, 22, 1, 29, 35, 0
4735, 22, 1, 29, 36, 0
4735, 22, 2, 29, 38, 0
4735, 22, 3, 29, 39, 0
4735, 22, 1, 29, 40, 0
4735, 22, 3, 29, 46, 0
4735, 22, 0, 29, 47, 0
4735, 22, 3, 30, 30, 0
4735, 22, 2, 30, 33, 0
4735, 22, 0, 30, 41, 0
4735, 22, 2, 30, 44, 0
4735, 22, 3, 30, 46, 0
4735, 22, 3, 31, 30, 0
4735, 22, 0, 31, 31, 0
4735, 22, 1, 31, 32, 0
4735, 22, 2, 31, 33, 0
4735, 22, 1, 31, 41, 0
4735, 22, 2, 31, 42, 0
4735, 22, 3, 31, 45, 0
4735, 22, 3, 31, 52, 0
4735, 22, 2, 31, 53, 0
4735, 22, 1, 31, 54, 0
4735, 22, 1, 31, 55, 0
4735, 22, 0, 32, 39, 0
4735, 22, 2, 32, 42, 0
4735, 22, 2, 32, 43, 0
4735, 22, 1, 32, 44, 0
4735, 22, 0, 32, 45, 0
4735, 22, 3, 32, 52, 0
4735, 22, 2, 32, 56, 0
4735, 22, 1, 33, 24, 0
4735, 22, 0, 33, 25, 0
4735, 22, 3, 33, 26, 0
4735, 22, 2, 33, 27, 0
4735, 22, 1, 33, 38, 0
4735, 22, 0, 33, 39, 0
4735, 22, 2, 33, 40, 0
4735, 22, 1, 33, 52, 0
4735, 22, 1, 33, 57, 0
4735, 22, 1, 34, 23, 0
4735, 22, 2, 34, 24, 0
4735, 22, 1, 34, 27, 0
4735, 22, 3, 34, 28, 0
4735, 22, 0, 34, 29, 0
4735, 22, 0, 34, 37, 0
4735, 22, 1, 34, 39, 0
4735, 22, 2, 34, 51, 0
4735, 22, 0, 34, 58, 0
4735, 22, 0, 34, 59, 0
4735, 22, 1, 35, 23, 0
4735, 22, 2, 35, 24, 0
4735, 22, 3, 35, 30, 0
4735, 22, 2, 35, 37, 0
4735, 22, 3, 35, 40, 0
4735, 22, 3, 35, 51, 0
4735, 22, 0, 35, 52, 0
4735, 22, 3, 35, 59, 0
4735, 22, 3, 36, 23, 0
4735, 22, 1, 36, 30, 0
4735, 22, 3, 36, 35, 0
4735, 22, 1, 36, 36, 0
4735, 22, 2, 36, 37, 0
4735, 22, 2, 36, 39, 0
4735, 22, 2, 36, 42, 0
4735, 22, 1, 36, 52, 0
4735, 22, 2, 36, 59, 0
4735, 22, 0, 37, 23, 0
4735, 22, 0, 37, 30, 0
4735, 22, 2, 37, 33, 0
4735, 22, 3, 37, 34, 0
4735, 22, 0, 37, 35, 0
4735, 22, 1, 37, 36, 0
4735, 22, 1, 37, 37, 0
4735, 22, 2, 37, 39, 0
4735, 22, 0, 37, 43, 0
4735, 22, 2, 37, 53, 0
4735, 22, 1, 37, 59, 0
4735, 22, 1, 38, 23, 0
4735, 22, 2, 38, 24, 0
4735, 22, 2, 38, 31, 0
4735, 22, 1, 38, 33, 0
4735, 22, 3, 38, 38, 0
4735, 22, 3, 38, 39, 0
4735, 22, 2, 38, 42, 0
4735, 22, 3, 38, 53, 0
4735, 22, 0, 38, 54, 0
4735, 22, 0, 38, 55, 0
4735, 22, 0, 38, 58, 0
4735, 22, 1, 38, 59, 0
4735, 22, 3, 39, 24, 0
4735, 22, 3, 39, 25, 0
4735, 22, 1, 39, 31, 0
4735, 22, 0, 39, 32, 0
4735, 22, 3, 39, 38, 0
4735, 22, 0, 39, 39, 0
4735, 22, 1, 39, 56, 0
4735, 22, 1, 39, 57, 0
4735, 22, 2, 39, 58, 0
4735, 22, 3, 40, 32, 0
4735, 22, 0, 40, 39, 0
4735, 22, 0, 40, 57, 0
4735, 22, 3, 40, 58, 0
4735, 22, 1, 41, 23, 0
4735, 22, 3, 41, 24, 0
4735, 22, 1, 41, 25, 0
4735, 22, 2, 41, 32, 0
4735, 22, 1, 41, 33, 0
4735, 22, 0, 41, 38, 0
4735, 22, 1, 42, 23, 0
4735, 22, 0, 42, 33, 0
4735, 22, 3, 42, 34, 0
4735, 22, 2, 42, 35, 0
4735, 22, 2, 42, 36, 0
4735, 22, 1, 42, 37, 0
4735, 22, 1, 42, 41, 0
4735, 22, 2, 42, 42, 0
4735, 22, 1, 43, 33, 0
4735, 22, 2, 43, 38, 0
4735, 22, 3, 43, 42, 0
4735, 22, 3, 43, 45, 0
4735, 22, 1, 43, 46, 0
4735, 22, 1, 43, 52, 0
4735, 22, 0, 43, 53, 0
4735, 22, 0, 44, 27, 0
4735, 22, 3, 44, 28, 0
4735, 22, 0, 44, 33, 0
4735, 22, 0, 44, 34, 0
4735, 22, 0, 44, 42, 0
4735, 22, 0, 44, 44, 0
4735, 22, 3, 44, 45, 0
4735, 22, 3, 44, 51, 0
4735, 22, 2, 44, 52, 0
4735, 22, 3, 44, 54, 0
4735, 22, 2, 44, 55, 0
4735, 22, 2, 45, 29, 0
4735, 22, 2, 45, 34, 0
4735, 22, 1, 45, 35, 0
4735, 22, 0, 45, 42, 0
4735, 22, 3, 45, 43, 0
4735, 22, 1, 45, 44, 0
4735, 22, 1, 45, 50, 0
4735, 22, 0, 45, 51, 0
4735, 22, 3, 45, 54, 0
4735, 22, 1, 45, 56, 0
4735, 22, 1, 46, 29, 0
4735, 22, 3, 46, 40, 0
4735, 22, 2, 46, 41, 0
4735, 22, 3, 46, 43, 0
4735, 22, 0, 46, 56, 0
4735, 22, 0, 47, 29, 0
4735, 22, 1, 47, 33, 0
4735, 22, 2, 47, 39, 0
4735, 22, 0, 47, 40, 0
4735, 22, 3, 47, 43, 0
4735, 22, 0, 47, 56, 0
4735, 22, 0, 48, 24, 0
4735, 22, 1, 48, 25, 0
4735, 22, 2, 48, 28, 0
4735, 22, 3, 48, 29, 0
4735, 22, 0, 48, 32, 0
4735, 22, 1, 48, 33, 0
4735, 22, 1, 48, 42, 0
4735, 22, 2, 48, 55, 0
4735, 22, 3, 48, 56, 0
4735, 22, 0, 49, 24, 0
4735, 22, 1, 49, 25, 0
4735, 22, 3, 49, 26, 0
4735, 22, 0, 49, 27, 0
4735, 22, 1, 49, 28, 0
4735, 22, 3, 49, 32, 0
4735, 22, 2, 49, 33, 0
4735, 22, 3, 49, 34, 0
4735, 22, 1, 49, 42, 0
4735, 22, 3, 49, 50, 0
4735, 22, 1, 49, 55, 0
4735, 22, 2, 50, 26, 0
4735, 22, 1, 50, 36, 0
4735, 22, 1, 50, 37, 0
4735, 22, 0, 50, 38, 0
4735, 22, 2, 50, 42, 0
4735, 22, 3, 50, 50, 0
4735, 22, 0, 50, 55, 0
4735, 22, 0, 51, 37, 0
4735, 22, 2, 51, 38, 0
4735, 22, 2, 51, 39, 0
4735, 22, 3, 51, 42, 0
4735, 22, 0, 51, 50, 0
4735, 22, 1, 51, 51, 0
4735, 22, 3, 51, 55, 0
4735, 22, 1, 52, 39, 0
4735, 22, 3, 52, 42, 0
4735, 22, 1, 52, 51, 0
4735, 22, 0, 53, 40, 0
4735, 22, 2, 53, 51, 0
4735, 22, 3, 53, 52, 0
4735, 22, 1, 54, 30, 0
4735, 22, 3, 54, 52, 0
4735, 22, 0, 54, 53, 0
4735, 22, 0, 54, 54, 0
4735, 22, 3, 55, 28, 0
4735, 22, 2, 55, 29, 0
4735, 22, 1, 55, 30, 0
4735, 22, 3, 55, 52, 0
4735, 22, 1, 56, 27, 0
4735, 22, 0, 56, 28, 0
4735, 22, 3, 56, 52, 0
4735, 22, 3, 56, 53, 0
4735, 22, 2, 56, 54, 0
4735, 22, 2, 56, 55, 0
4735, 22, 3, 57, 26, 0
4735, 22, 2, 57, 27, 0
4735, 22, 1, 57, 33, 0
4735, 22, 1, 57, 51, 0
4735, 22, 0, 57, 52, 0
4735, 22, 1, 57, 55, 0
4735, 22, 1, 57, 56, 0
4735, 22, 3, 58, 26, 0
4735, 22, 2, 58, 34, 0
4735, 22, 3, 58, 35, 0
4735, 22, 2, 58, 50, 0
4735, 22, 0, 58, 56, 0
4735, 22, 0, 59, 26, 0
4735, 22, 3, 59, 33, 0
4735, 22, 2, 59, 44, 0
4735, 22, 3, 59, 50, 0
4735, 22, 3, 59, 57, 0
4735, 22, 1, 60, 26, 0
4735, 22, 2, 60, 27, 0
4735, 22, 2, 60, 32, 0
4735, 22, 3, 60, 33, 0
4735, 22, 1, 60, 37, 0
4735, 22, 3, 60, 44, 0
4735, 22, 0, 60, 50, 0
4735, 22, 2, 60, 56, 0
4735, 22, 3, 61, 27, 0
4735, 22, 3, 61, 28, 0
4735, 22, 3, 61, 31, 0
4735, 22, 1, 61, 32, 0
4735, 22, 1, 61, 37, 0
4735, 22, 2, 61, 42, 0
4735, 22, 0, 61, 43, 0
4735, 22, 1, 61, 50, 0
4735, 22, 0, 61, 55, 0
4735, 22, 1, 61, 56, 0
4735, 22, 0, 62, 28, 0
4735, 22, 1, 62, 29, 0
4735, 22, 2, 62, 30, 0
4735, 22, 3, 62, 38, 0
4735, 22, 3, 62, 39, 0
4735, 22, 0, 62, 40, 0
4735, 22, 1, 62, 41, 0
4735, 22, 1, 62, 42, 0
4735, 22, 1, 62, 50, 0
4735, 22, 1, 62, 51, 0
4735, 22, 1, 62, 54, 0
4735, 22, 3, 62, 55, 0
4735, 22, 1, 63, 51, 0
4735, 22, 1, 63, 52, 0
4735, 22, 1, 63, 53, 0
4735, 22, 1, 63, 54, 0
4735, 22, 3, 63, 55, 0
4736, 22, 3, 23, 37, 0
4736, 22, 0, 23, 39, 0
4736, 22, 0, 24, 40, 0
4736, 22, 3, 25, 34, 0
4736, 22, 0, 25, 35, 0
4736, 22, 3, 26, 31, 0
4736, 22, 3, 27, 30, 0
4736, 22, 3, 27, 43, 0
4736, 22, 2, 28, 35, 0
4736, 22, 1, 28, 40, 0
4736, 22, 3, 29, 41, 0
4736, 22, 2, 30, 31, 0
4736, 22, 1, 30, 32, 0
4736, 22, 3, 31, 35, 0
4736, 22, 0, 31, 36, 0
4736, 22, 3, 32, 53, 0
4736, 22, 0, 32, 55, 0
4736, 22, 3, 33, 31, 0
4736, 22, 1, 33, 37, 0
4736, 22, 3, 33, 41, 0
4736, 22, 0, 33, 46, 0
4736, 22, 3, 34, 25, 0
4736, 22, 2, 34, 31, 0
4736, 22, 2, 34, 32, 0
4736, 22, 3, 34, 52, 0
4736, 22, 0, 34, 56, 0
4736, 22, 0, 34, 57, 0
4736, 22, 0, 35, 29, 0
4736, 22, 1, 35, 36, 0
4736, 22, 2, 35, 41, 0
4736, 22, 0, 35, 47, 0
4736, 22, 3, 36, 24, 0
4736, 22, 2, 36, 32, 0
4736, 22, 1, 36, 34, 0
4736, 22, 2, 36, 43, 0
4736, 22, 2, 36, 53, 0
4736, 22, 2, 37, 24, 0
4736, 22, 2, 37, 44, 0
4736, 22, 1, 37, 47, 0
4736, 22, 2, 37, 54, 0
4736, 22, 1, 37, 58, 0
4736, 22, 2, 38, 25, 0
4736, 22, 0, 38, 30, 0
4736, 22, 3, 38, 34, 0
4736, 22, 0, 38, 37, 0
4736, 22, 0, 38, 41, 0
4736, 22, 3, 38, 49, 0
4736, 22, 0, 38, 51, 0
4736, 22, 2, 38, 56, 0
4736, 22, 1, 38, 57, 0
4736, 22, 2, 39, 26, 0
4736, 22, 3, 39, 33, 0
4736, 22, 0, 39, 43, 0
4736, 22, 0, 40, 44, 0
4736, 22, 0, 41, 31, 0
4736, 22, 2, 41, 34, 0
4736, 22, 2, 41, 40, 0
4736, 22, 1, 41, 44, 0
4736, 22, 2, 41, 48, 0
4736, 22, 3, 42, 24, 0
4736, 22, 3, 42, 25, 0
4736, 22, 0, 42, 27, 0
4736, 22, 3, 42, 29, 0
4736, 22, 0, 42, 32, 0
4736, 22, 2, 42, 48, 0
4736, 22, 1, 42, 51, 0
4736, 22, 3, 43, 23, 0
4736, 22, 3, 43, 39, 0
4736, 22, 0, 43, 41, 0
4736, 22, 2, 44, 23, 0
4736, 22, 2, 44, 29, 0
4736, 22, 3, 44, 38, 0
4736, 22, 3, 44, 46, 0
4736, 22, 0, 45, 28, 0
4736, 22, 0, 45, 33, 0
4736, 22, 1, 45, 41, 0
4736, 22, 3, 45, 45, 0
4736, 22, 0, 45, 48, 0
4736, 22, 0, 45, 55, 0
4736, 22, 0, 46, 28, 0
4736, 22, 2, 46, 30, 0
4736, 22, 1, 46, 33, 0
4736, 22, 3, 46, 34, 0
4736, 22, 0, 46, 37, 0
4736, 22, 3, 46, 44, 0
4736, 22, 1, 46, 48, 0
4736, 22, 3, 46, 50, 0
4736, 22, 2, 47, 24, 0
4736, 22, 1, 47, 28, 0
4736, 22, 2, 47, 30, 0
4736, 22, 1, 47, 32, 0
4736, 22, 0, 47, 38, 0
4736, 22, 2, 47, 50, 0
4736, 22, 1, 48, 31, 0
4736, 22, 2, 48, 34, 0
4736, 22, 3, 48, 43, 0
4736, 22, 1, 48, 47, 0
4736, 22, 2, 49, 35, 0
4736, 22, 1, 49, 38, 0
4736, 22, 2, 49, 51, 0
4736, 22, 3, 50, 33, 0
4736, 22, 0, 50, 35, 0
4736, 22, 3, 50, 51, 0
4736, 22, 0, 50, 54, 0
4736, 22, 0, 51, 36, 0
4736, 22, 1, 51, 46, 0
4736, 22, 0, 52, 38, 0
4736, 22, 2, 52, 43, 0
4736, 22, 1, 52, 45, 0
4736, 22, 0, 53, 39, 0
4736, 22, 1, 53, 54, 0
4736, 22, 2, 54, 37, 0
4736, 22, 1, 54, 38, 0
4736, 22, 0, 55, 31, 0
4736, 22, 3, 56, 29, 0
4736, 22, 3, 56, 30, 0
4736, 22, 0, 56, 32, 0
4736, 22, 3, 58, 27, 0
4736, 22, 3, 58, 52, 0
4736, 22, 0, 58, 55, 0
4736, 22, 2, 59, 27, 0
4736, 22, 1, 59, 32, 0
4736, 22, 0, 59, 56, 0
4736, 22, 2, 60, 28, 0
4736, 22, 1, 60, 31, 0
4736, 22, 2, 60, 38, 0
4736, 22, 1, 60, 43, 0
4736, 22, 2, 60, 51, 0
4736, 22, 2, 61, 29, 0
4736, 22, 1, 61, 30, 0
4736, 22, 2, 61, 39, 0
4736, 22, 1, 61, 41, 0
4736, 22, 3, 61, 51, 0
4736, 22, 2, 62, 52, 0
4736, 22, 1, 62, 53, 0
4737, 22, 3, 23, 38, 0
4737, 22, 2, 24, 37, 0
4737, 22, 3, 24, 39, 0
4737, 22, 2, 25, 36, 0
4737, 22, 2, 25, 37, 0
4737, 22, 3, 25, 40, 0
4737, 22, 3, 26, 32, 0
4737, 22, 3, 26, 33, 0
4737, 22, 0, 26, 35, 0
4737, 22, 2, 26, 36, 0
4737, 22, 0, 26, 41, 0
4737, 22, 3, 26, 44, 0
4737, 22, 0, 27, 35, 0
4737, 22, 0, 27, 40, 0
4737, 22, 3, 27, 45, 0
4737, 22, 2, 28, 30, 0
4737, 22, 1, 28, 34, 0
4737, 22, 1, 28, 37, 0
4737, 22, 1, 28, 38, 0
4737, 22, 1, 28, 39, 0
4737, 22, 2, 28, 42, 0
4737, 22, 0, 28, 46, 0
4737, 22, 1, 29, 31, 0
4737, 22, 1, 29, 32, 0
4737, 22, 1, 29, 33, 0
4737, 22, 2, 29, 42, 0
4737, 22, 2, 30, 42, 0
4737, 22, 1, 30, 45, 0
4737, 22, 1, 31, 43, 0
4737, 22, 1, 31, 44, 0
4737, 22, 3, 32, 34, 0
4737, 22, 3, 32, 35, 0
4737, 22, 0, 32, 37, 0
4737, 22, 3, 32, 54, 0
4737, 22, 2, 33, 32, 0
4737, 22, 0, 33, 36, 0
4737, 22, 2, 33, 42, 0
4737, 22, 3, 33, 45, 0
4737, 22, 2, 33, 53, 0
4737, 22, 3, 33, 55, 0
4737, 22, 3, 34, 26, 0
4737, 22, 2, 34, 33, 0
4737, 22, 0, 34, 36, 0
4737, 22, 2, 34, 40, 0
4737, 22, 1, 34, 43, 0
4737, 22, 3, 34, 45, 0
4737, 22, 3, 34, 46, 0
4737, 22, 2, 34, 53, 0
4737, 22, 2, 35, 25, 0
4737, 22, 3, 35, 27, 0
4737, 22, 3, 35, 28, 0
4737, 22, 2, 35, 32, 0
4737, 22, 1, 35, 34, 0
4737, 22, 1, 35, 35, 0
4737, 22, 1, 35, 42, 0
4737, 22, 1, 35, 43, 0
4737, 22, 2, 35, 53, 0
4737, 22, 0, 35, 58, 0
4737, 22, 2, 36, 25, 0
4737, 22, 0, 36, 29, 0
4737, 22, 1, 36, 33, 0
4737, 22, 1, 36, 44, 0
4737, 22, 0, 36, 47, 0
4737, 22, 2, 36, 54, 0
4737, 22, 0, 36, 58, 0
4737, 22, 2, 37, 25, 0
4737, 22, 0, 37, 29, 0
4737, 22, 3, 37, 40, 0
4737, 22, 1, 37, 45, 0
4737, 22, 1, 37, 46, 0
4737, 22, 1, 37, 55, 0
4737, 22, 1, 37, 56, 0
4737, 22, 1, 37, 57, 0
4737, 22, 1, 38, 26, 0
4737, 22, 1, 38, 27, 0
4737, 22, 1, 38, 28, 0
4737, 22, 3, 38, 35, 0
4737, 22, 3, 38, 36, 0
4737, 22, 3, 38, 50, 0
4737, 22, 2, 39, 27, 0
4737, 22, 3, 39, 34, 0
4737, 22, 0, 39, 37, 0
4737, 22, 2, 39, 40, 0
4737, 22, 0, 39, 42, 0
4737, 22, 2, 39, 48, 0
4737, 22, 0, 39, 51, 0
4737, 22, 2, 40, 27, 0
4737, 22, 2, 40, 33, 0
4737, 22, 0, 40, 37, 0
4737, 22, 2, 40, 40, 0
4737, 22, 0, 40, 43, 0
4737, 22, 2, 40, 48, 0
4737, 22, 0, 40, 51, 0
4737, 22, 1, 41, 28, 0
4737, 22, 1, 41, 29, 0
4737, 22, 3, 41, 30, 0
4737, 22, 1, 41, 35, 0
4737, 22, 1, 41, 36, 0
4737, 22, 1, 41, 41, 0
4737, 22, 0, 41, 43, 0
4737, 22, 0, 41, 51, 0
4737, 22, 3, 42, 26, 0
4737, 22, 0, 42, 31, 0
4737, 22, 1, 42, 49, 0
4737, 22, 1, 42, 50, 0
4737, 22, 2, 43, 24, 0
4737, 22, 0, 43, 27, 0
4737, 22, 0, 43, 32, 0
4737, 22, 3, 43, 40, 0
4737, 22, 2, 44, 24, 0
4737, 22, 0, 44, 32, 0
4737, 22, 2, 44, 39, 0
4737, 22, 0, 44, 41, 0
4737, 22, 3, 44, 47, 0
4737, 22, 3, 44, 53, 0
4737, 22, 2, 45, 24, 0
4737, 22, 0, 45, 27, 0
4737, 22, 1, 45, 30, 0
4737, 22, 0, 45, 32, 0
4737, 22, 2, 45, 39, 0
4737, 22, 2, 45, 46, 0
4737, 22, 3, 45, 52, 0
4737, 22, 2, 46, 24, 0
4737, 22, 0, 46, 32, 0
4737, 22, 3, 46, 35, 0
4737, 22, 3, 46, 36, 0
4737, 22, 1, 46, 39, 0
4737, 22, 2, 46, 45, 0
4737, 22, 0, 46, 47, 0
4737, 22, 2, 46, 51, 0
4737, 22, 0, 46, 55, 0
4737, 22, 2, 47, 25, 0
4737, 22, 1, 47, 31, 0
4737, 22, 2, 47, 34, 0
4737, 22, 2, 47, 44, 0
4737, 22, 0, 47, 47, 0
4737, 22, 2, 47, 51, 0
4737, 22, 0, 47, 55, 0
4737, 22, 1, 48, 26, 0
4737, 22, 1, 48, 27, 0
4737, 22, 2, 48, 35, 0
4737, 22, 0, 48, 38, 0
4737, 22, 2, 48, 44, 0
4737, 22, 2, 48, 51, 0
4737, 22, 1, 49, 36, 0
4737, 22, 1, 49, 37, 0
4737, 22, 2, 49, 43, 0
4737, 22, 0, 49, 47, 0
4737, 22, 2, 49, 52, 0
4737, 22, 0, 49, 54, 0
4737, 22, 3, 50, 34, 0
4737, 22, 2, 50, 43, 0
4737, 22, 0, 50, 46, 0
4737, 22, 2, 50, 52, 0
4737, 22, 1, 50, 53, 0
4737, 22, 2, 51, 33, 0
4737, 22, 3, 51, 35, 0
4737, 22, 2, 51, 43, 0
4737, 22, 1, 51, 45, 0
4737, 22, 0, 51, 54, 0
4737, 22, 2, 52, 33, 0
4737, 22, 3, 52, 37, 0
4737, 22, 1, 52, 44, 0
4737, 22, 2, 52, 52, 0
4737, 22, 0, 52, 54, 0
4737, 22, 1, 53, 34, 0
4737, 22, 1, 53, 35, 0
4737, 22, 1, 53, 36, 0
4737, 22, 0, 53, 38, 0
4737, 22, 1, 53, 53, 0
4737, 22, 2, 55, 33, 0
4737, 22, 0, 55, 36, 0
4737, 22, 3, 56, 31, 0
4737, 22, 2, 56, 33, 0
4737, 22, 0, 56, 36, 0
4737, 22, 3, 56, 37, 0
4737, 22, 3, 56, 38, 0
4737, 22, 3, 56, 39, 0
4737, 22, 3, 56, 40, 0
4737, 22, 3, 56, 41, 0
4737, 22, 2, 57, 28, 0
4737, 22, 0, 57, 32, 0
4737, 22, 1, 57, 34, 0
4737, 22, 1, 57, 35, 0
4737, 22, 2, 57, 37, 0
4737, 22, 0, 57, 42, 0
4737, 22, 0, 57, 43, 0
4737, 22, 3, 57, 53, 0
4737, 22, 3, 57, 54, 0
4737, 22, 2, 58, 28, 0
4737, 22, 0, 58, 32, 0
4737, 22, 2, 58, 36, 0
4737, 22, 2, 58, 37, 0
4737, 22, 0, 58, 43, 0
4737, 22, 0, 58, 44, 0
4737, 22, 2, 59, 28, 0
4737, 22, 1, 59, 31, 0
4737, 22, 2, 59, 37, 0
4737, 22, 1, 59, 38, 0
4737, 22, 1, 59, 41, 0
4737, 22, 1, 59, 42, 0
4737, 22, 1, 59, 43, 0
4737, 22, 2, 59, 51, 0
4737, 22, 0, 59, 55, 0
4737, 22, 1, 60, 29, 0
4737, 22, 1, 60, 30, 0
4737, 22, 1, 60, 39, 0
4737, 22, 1, 60, 40, 0
4737, 22, 1, 60, 41, 0
4737, 22, 1, 60, 42, 0
4737, 22, 0, 60, 55, 0
4737, 22, 1, 61, 40, 0
4737, 22, 1, 61, 52, 0
4737, 22, 1, 61, 53, 0
4737, 22, 1, 61, 54, 0
4738, 22, 3, 24, 38, 0
4738, 22, 0, 25, 38, 0
4738, 22, 0, 25, 39, 0
4738, 22, 2, 26, 34, 0
4738, 22, 1, 26, 37, 0
4738, 22, 0, 26, 38, 0
4738, 22, 1, 26, 39, 0
4738, 22, 1, 26, 40, 0
4738, 22, 2, 27, 31, 0
4738, 22, 2, 27, 32, 0
4738, 22, 1, 27, 33, 0
4738, 22, 3, 27, 34, 0
4738, 22, 1, 27, 37, 0
4738, 22, 3, 27, 38, 0
4738, 22, 3, 27, 39, 0
4738, 22, 0, 27, 44, 0
4738, 22, 0, 28, 31, 0
4738, 22, 0, 28, 32, 0
4738, 22, 3, 28, 33, 0
4738, 22, 0, 28, 43, 0
4738, 22, 1, 28, 44, 0
4738, 22, 1, 28, 45, 0
4738, 22, 0, 29, 43, 0
4738, 22, 2, 29, 44, 0
4738, 22, 2, 29, 45, 0
4738, 22, 0, 30, 43, 0
4738, 22, 2, 32, 36, 0
4738, 22, 1, 33, 33, 0
4738, 22, 0, 33, 34, 0
4738, 22, 1, 33, 35, 0
4738, 22, 2, 33, 43, 0
4738, 22, 2, 33, 44, 0
4738, 22, 2, 33, 54, 0
4738, 22, 3, 34, 34, 0
4738, 22, 3, 34, 35, 0
4738, 22, 0, 34, 41, 0
4738, 22, 1, 34, 42, 0
4738, 22, 3, 34, 44, 0
4738, 22, 2, 34, 54, 0
4738, 22, 2, 34, 55, 0
4738, 22, 1, 35, 26, 0
4738, 22, 3, 35, 33, 0
4738, 22, 3, 35, 44, 0
4738, 22, 0, 35, 45, 0
4738, 22, 0, 35, 46, 0
4738, 22, 1, 35, 54, 0
4738, 22, 2, 35, 55, 0
4738, 22, 1, 35, 56, 0
4738, 22, 1, 35, 57, 0
4738, 22, 1, 36, 26, 0
4738, 22, 1, 36, 27, 0
4738, 22, 2, 36, 28, 0
4738, 22, 0, 36, 45, 0
4738, 22, 1, 36, 46, 0
4738, 22, 0, 36, 55, 0
4738, 22, 0, 36, 56, 0
4738, 22, 1, 36, 57, 0
4738, 22, 1, 37, 26, 0
4738, 22, 1, 37, 27, 0
4738, 22, 1, 37, 28, 0
4738, 22, 2, 38, 40, 0
4738, 22, 3, 39, 28, 0
4738, 22, 3, 39, 29, 0
4738, 22, 3, 39, 30, 0
4738, 22, 1, 39, 35, 0
4738, 22, 0, 39, 36, 0
4738, 22, 1, 39, 41, 0
4738, 22, 1, 39, 49, 0
4738, 22, 1, 39, 50, 0
4738, 22, 3, 40, 28, 0
4738, 22, 3, 40, 29, 0
4738, 22, 3, 40, 30, 0
4738, 22, 2, 40, 34, 0
4738, 22, 1, 40, 35, 0
4738, 22, 2, 40, 36, 0
4738, 22, 1, 40, 41, 0
4738, 22, 3, 40, 42, 0
4738, 22, 2, 40, 49, 0
4738, 22, 0, 40, 50, 0
4738, 22, 0, 41, 42, 0
4738, 22, 3, 41, 49, 0
4738, 22, 3, 41, 50, 0
4738, 22, 1, 42, 30, 0
4738, 22, 1, 43, 25, 0
4738, 22, 0, 43, 26, 0
4738, 22, 2, 43, 29, 0
4738, 22, 3, 43, 30, 0
4738, 22, 2, 43, 31, 0
4738, 22, 1, 44, 25, 0
4738, 22, 0, 44, 26, 0
4738, 22, 0, 44, 30, 0
4738, 22, 2, 44, 31, 0
4738, 22, 3, 44, 40, 0
4738, 22, 1, 45, 25, 0
4738, 22, 3, 45, 26, 0
4738, 22, 0, 45, 31, 0
4738, 22, 0, 45, 40, 0
4738, 22, 0, 45, 47, 0
4738, 22, 3, 45, 53, 0
4738, 22, 2, 46, 25, 0
4738, 22, 0, 46, 26, 0
4738, 22, 3, 46, 27, 0
4738, 22, 2, 46, 31, 0
4738, 22, 3, 46, 46, 0
4738, 22, 2, 46, 52, 0
4738, 22, 3, 46, 53, 0
4738, 22, 2, 46, 54, 0
4738, 22, 0, 47, 26, 0
4738, 22, 3, 47, 27, 0
4738, 22, 3, 47, 35, 0
4738, 22, 0, 47, 36, 0
4738, 22, 1, 47, 37, 0
4738, 22, 2, 47, 45, 0
4738, 22, 0, 47, 46, 0
4738, 22, 1, 47, 52, 0
4738, 22, 3, 47, 53, 0
4738, 22, 2, 47, 54, 0
4738, 22, 0, 48, 36, 0
4738, 22, 2, 48, 37, 0
4738, 22, 1, 48, 45, 0
4738, 22, 1, 48, 46, 0
4738, 22, 0, 48, 52, 0
4738, 22, 2, 48, 53, 0
4738, 22, 2, 48, 54, 0
4738, 22, 3, 49, 44, 0
4738, 22, 3, 49, 45, 0
4738, 22, 2, 49, 46, 0
4738, 22, 1, 49, 53, 0
4738, 22, 2, 50, 44, 0
4738, 22, 1, 50, 45, 0
4738, 22, 3, 51, 34, 0
4738, 22, 2, 51, 44, 0
4738, 22, 0, 51, 52, 0
4738, 22, 0, 51, 53, 0
4738, 22, 2, 52, 34, 0
4738, 22, 1, 52, 35, 0
4738, 22, 0, 52, 36, 0
4738, 22, 0, 52, 53, 0
4738, 22, 1, 53, 37, 0
4738, 22, 1, 54, 34, 0
4738, 22, 1, 54, 35, 0
4738, 22, 1, 55, 34, 0
4738, 22, 1, 55, 35, 0
4738, 22, 1, 56, 34, 0
4738, 22, 1, 56, 35, 0
4738, 22, 3, 57, 29, 0
4738, 22, 1, 57, 30, 0
4738, 22, 0, 57, 31, 0
4738, 22, 1, 57, 38, 0
4738, 22, 1, 57, 39, 0
4738, 22, 2, 57, 40, 0
4738, 22, 2, 57, 41, 0
4738, 22, 3, 58, 29, 0
4738, 22, 0, 58, 30, 0
4738, 22, 0, 58, 31, 0
4738, 22, 0, 58, 38, 0
4738, 22, 0, 58, 39, 0
4738, 22, 1, 58, 40, 0
4738, 22, 0, 58, 41, 0
4738, 22, 0, 58, 42, 0
4738, 22, 2, 58, 53, 0
4738, 22, 2, 58, 54, 0
4738, 22, 0, 59, 29, 0
4738, 22, 0, 59, 30, 0
4738, 22, 1, 59, 39, 0
4738, 22, 2, 59, 40, 0
4738, 22, 2, 59, 52, 0
4738, 22, 1, 59, 53, 0
4738, 22, 1, 59, 54, 0
4738, 22, 2, 60, 52, 0
4738, 22, 1, 60, 53, 0
4738, 22, 3, 60, 54, 0
5537, 22, 3, 40, 38, 0
5537, 22, 2, 41, 37, 0
5537, 22, 0, 41, 39, 0
5537, 22, 1, 42, 38, 0
5582, 10, 0, 41, 38, 0
8972, 10, 2, 51, 40, 0
8973, 10, 3, 16, 31, 0
8973, 10, 3, 16, 48, 0
8973, 10, 1, 18, 41, 0
8973, 10, 2, 18, 59, 0
8973, 10, 1, 19, 26, 0
8973, 10, 2, 20, 52, 0
8973, 10, 3, 21, 14, 0
8973, 10, 0, 21, 18, 0
8973, 10, 2, 21, 31, 0
8973, 10, 0, 21, 36, 0
8973, 10, 2, 21, 40, 0
8973, 10, 3, 21, 48, 0
8973, 10, 2, 22, 23, 0
8973, 10, 3, 22, 42, 0
8973, 10, 0, 23, 52, 0
8973, 10, 0, 23, 57, 0
8973, 10, 0, 24, 20, 0
8973, 10, 0, 24, 26, 0
8973, 10, 0, 25, 39, 0
8973, 10, 1, 26, 30, 0
8973, 10, 2, 26, 45, 0
8973, 10, 1, 26, 49, 0
8973, 10, 0, 27, 22, 0
8973, 10, 1, 27, 28, 0
8973, 10, 1, 27, 36, 0
8973, 10, 1, 27, 38, 0
8973, 10, 1, 27, 53, 0
8973, 10, 3, 27, 56, 0
8973, 10, 3, 29, 19, 0
8973, 10, 3, 29, 27, 0
8973, 10, 2, 29, 29, 0
8973, 10, 0, 29, 31, 0
8973, 10, 1, 29, 34, 0
8973, 10, 0, 29, 39, 0
8973, 10, 2, 29, 46, 0
8973, 10, 1, 29, 55, 0
8973, 10, 1, 30, 14, 0
8973, 10, 3, 30, 42, 0
8973, 10, 3, 30, 61, 0
8973, 10, 2, 31, 29, 0
8973, 10, 3, 31, 33, 0
8973, 10, 1, 32, 20, 0
8973, 10, 0, 32, 23, 0
8973, 10, 0, 33, 47, 0
8973, 10, 0, 33, 55, 0
8973, 10, 0, 33, 59, 0
8973, 10, 2, 34, 17, 0
8973, 10, 0, 34, 27, 0
8973, 10, 3, 34, 49, 0
8973, 10, 0, 34, 52, 0
8973, 10, 2, 35, 13, 0
8973, 10, 2, 35, 30, 0
8973, 10, 0, 37, 22, 0
8973, 10, 3, 37, 27, 0
8973, 10, 2, 37, 51, 0
8973, 10, 0, 38, 12, 0
8973, 10, 1, 38, 49, 0
8973, 10, 2, 38, 57, 0
8973, 10, 3, 39, 22, 0
8973, 10, 2, 39, 52, 0
8973, 10, 2, 39, 54, 0
8973, 10, 1, 39, 60, 0
8973, 10, 3, 41, 19, 0
8973, 10, 1, 41, 27, 0
8973, 10, 3, 41, 50, 0
8973, 10, 1, 41, 55, 0
8973, 10, 0, 42, 16, 0
8973, 10, 1, 42, 22, 0
8973, 10, 0, 42, 25, 0
8973, 10, 3, 42, 53, 0
8973, 10, 0, 43, 48, 0
8973, 10, 3, 44, 20, 0
8973, 10, 1, 44, 24, 0
8973, 10, 3, 44, 56, 0
8973, 10, 3, 45, 53, 0
8973, 10, 0, 46, 26, 0
8973, 10, 2, 46, 48, 0
8973, 10, 1, 46, 51, 0
8973, 10, 2, 46, 63, 0
8973, 10, 0, 47, 19, 0
8973, 10, 0, 47, 58, 0
8973, 10, 0, 48, 19, 0
8973, 10, 0, 48, 55, 0
8973, 10, 1, 49, 17, 0
8973, 10, 1, 49, 27, 0
8973, 10, 3, 49, 29, 0
8973, 10, 3, 49, 48, 0
8973, 10, 3, 51, 14, 0
8973, 10, 2, 51, 30, 0
8973, 10, 2, 52, 23, 0
8973, 10, 3, 52, 28, 0
8973, 10, 1, 52, 46, 0
8973, 10, 1, 52, 50, 0
8973, 10, 0, 52, 60, 0
8973, 10, 1, 53, 17, 0
8973, 10, 2, 53, 26, 0
8973, 10, 1, 53, 32, 0
8973, 10, 2, 54, 20, 0
8973, 10, 2, 54, 44, 0
8973, 10, 2, 54, 47, 0
8973, 10, 2, 55, 29, 0
8973, 10, 3, 55, 40, 0
8973, 10, 2, 55, 50, 0
8973, 10, 1, 55, 56, 0
8973, 10, 2, 56, 16, 0
8973, 10, 2, 56, 18, 0
8973, 10, 0, 56, 22, 0
8973, 10, 0, 56, 36, 0
8973, 10, 2, 56, 38, 0
8973, 10, 3, 56, 46, 0
8973, 10, 3, 56, 54, 0
8973, 10, 1, 57, 26, 0
8973, 10, 3, 57, 33, 0
8973, 10, 2, 57, 58, 0
8973, 10, 3, 58, 24, 0
8973, 10, 3, 58, 37, 0
8973, 10, 2, 58, 46, 0
8973, 10, 1, 58, 51, 0
8973, 10, 0, 59, 31, 0
8973, 10, 0, 59, 35, 0
8973, 10, 0, 59, 40, 0
8973, 10, 3, 59, 42, 0
8973, 10, 1, 60, 18, 0
8973, 10, 0, 60, 26, 0
8973, 10, 3, 60, 38, 0
8973, 10, 1, 60, 60, 0
8973, 10, 1, 61, 44, 0
8973, 10, 2, 61, 48, 0
8973, 10, 3, 61, 53, 0
8973, 10, 1, 62, 22, 0
8973, 10, 0, 63, 43, 0
8974, 10, 0, 17, 22, 0
8974, 10, 2, 17, 52, 0
8974, 10, 0, 18, 36, 0
8974, 10, 1, 19, 29, 0
8974, 10, 2, 20, 22, 0
8974, 10, 3, 20, 46, 0
8974, 10, 3, 20, 56, 0
8974, 10, 0, 24, 32, 0
8974, 10, 3, 24, 36, 0
8974, 10, 1, 25, 14, 0
8974, 10, 2, 25, 41, 0
8974, 10, 0, 25, 61, 0
8974, 10, 0, 28, 25, 0
8974, 10, 1, 28, 41, 0
8974, 10, 1, 28, 58, 0
8974, 10, 2, 29, 37, 0
8974, 10, 1, 30, 25, 0
8974, 10, 1, 30, 44, 0
8974, 10, 3, 31, 27, 0
8974, 10, 3, 31, 31, 0
8974, 10, 3, 31, 47, 0
8974, 10, 2, 32, 49, 0
8974, 10, 1, 32, 52, 0
8974, 10, 2, 33, 10, 0
8974, 10, 2, 33, 29, 0
8974, 10, 2, 34, 24, 0
8974, 10, 1, 35, 21, 0
8974, 10, 1, 36, 49, 0
8974, 10, 0, 37, 29, 0
8974, 10, 0, 38, 17, 0
8974, 10, 1, 39, 26, 0
8974, 10, 0, 40, 24, 0
8974, 10, 0, 41, 59, 0
8974, 10, 3, 43, 12, 0
8974, 10, 2, 44, 26, 0
8974, 10, 3, 46, 15, 0
8974, 10, 2, 46, 60, 0
8974, 10, 0, 47, 24, 0
8974, 10, 1, 49, 25, 0
8974, 10, 3, 49, 59, 0
8974, 10, 3, 50, 10, 0
8974, 10, 2, 50, 53, 0
8974, 10, 0, 51, 20, 0
8974, 10, 0, 51, 48, 0
8974, 10, 0, 52, 56, 0
8974, 10, 2, 53, 30, 0
8974, 10, 2, 54, 36, 0
8974, 10, 1, 54, 42, 0
8974, 10, 3, 55, 32, 0
8974, 10, 0, 55, 34, 0
8974, 10, 1, 56, 60, 0
8974, 10, 1, 57, 40, 0
8974, 10, 0, 57, 44, 0
8974, 10, 3, 57, 48, 0
8974, 10, 1, 58, 20, 0
8974, 10, 2, 59, 12, 0
8974, 10, 0, 59, 55, 0
8974, 10, 2, 61, 30, 0
8974, 10, 3, 62, 39, 0
