75, 10, 0, 53, 53, 0
77, 0, 2, 46, 24, 0
77, 0, 2, 46, 27, 0
77, 0, 2, 46, 30, 0
78, 0, 2, 46, 23, 0
78, 0, 2, 46, 26, 0
78, 0, 2, 46, 29, 0
79, 0, 3, 29, 6, 0
79, 0, 3, 35, 6, 0
79, 0, 3, 40, 6, 0
79, 0, 0, 57, 23, 0
79, 0, 0, 57, 27, 0
80, 0, 0, 57, 31, 0
81, 0, 0, 25, 5, 0
81, 0, 1, 57, 35, 0
82, 9, 0, 46, 16, 0
174, 22, 0, 28, 35, 0
174, 22, 0, 31, 31, 0
174, 22, 0, 32, 34, 0
175, 22, 3, 2, 1, 0
175, 22, 0, 2, 17, 0
175, 22, 1, 4, 1, 0
175, 22, 1, 7, 31, 0
175, 22, 0, 9, 2, 0
175, 22, 0, 10, 0, 0
175, 22, 0, 11, 1, 0
175, 22, 1, 18, 40, 0
175, 22, 2, 19, 22, 0
175, 22, 3, 19, 24, 0
175, 22, 3, 19, 27, 0
175, 22, 3, 21, 37, 0
175, 22, 3, 31, 38, 0
175, 22, 1, 35, 40, 0
175, 22, 0, 37, 37, 0
175, 22, 1, 43, 38, 0
179, 22, 1, 18, 43, 0
179, 22, 1, 35, 60, 0
180, 22, 1, 21, 19, 0
180, 22, 3, 22, 24, 0
180, 22, 3, 24, 17, 0
180, 22, 2, 25, 15, 0
180, 22, 2, 26, 15, 0
180, 22, 2, 27, 16, 0
196, 5, 0, 3, 5, 0
196, 5, 0, 3, 8, 0
196, 5, 0, 3, 12, 0
196, 5, 0, 3, 15, 0
196, 5, 0, 3, 18, 0
196, 5, 3, 3, 23, 0
196, 5, 1, 5, 30, 0
196, 5, 3, 5, 34, 0
196, 5, 1, 5, 37, 0
196, 5, 2, 7, 15, 0
196, 5, 2, 7, 18, 0
196, 5, 3, 7, 23, 0
196, 5, 2, 7, 25, 0
196, 5, 2, 7, 27, 0
196, 5, 3, 7, 34, 0
196, 5, 1, 7, 37, 0
196, 5, 3, 9, 32, 0
196, 5, 1, 9, 37, 0
196, 5, 3, 11, 32, 0
196, 5, 2, 11, 35, 0
196, 5, 2, 12, 5, 0
196, 6, 3, 15, 60, 0
196, 6, 3, 16, 59, 0
196, 6, 2, 20, 59, 0
196, 6, 2, 21, 60, 0
196, 5, 0, 25, 4, 0
196, 5, 0, 25, 6, 0
196, 5, 0, 25, 56, 0
196, 5, 0, 25, 58, 0
196, 4, 1, 26, 5, 0
196, 5, 3, 29, 56, 0
196, 5, 3, 30, 3, 0
196, 5, 3, 31, 45, 0
196, 5, 0, 31, 50, 0
196, 5, 3, 31, 56, 0
196, 5, 3, 33, 3, 0
196, 5, 3, 33, 45, 0
196, 5, 2, 33, 57, 0
196, 5, 2, 33, 59, 0
196, 5, 1, 34, 52, 0
196, 5, 3, 36, 3, 0
196, 4, 1, 36, 5, 0
196, 5, 3, 36, 45, 0
196, 5, 1, 36, 52, 0
196, 5, 0, 37, 57, 0
196, 5, 1, 37, 59, 0
196, 5, 3, 38, 45, 0
196, 5, 2, 38, 50, 0
196, 5, 3, 38, 56, 0
196, 5, 3, 39, 3, 0
196, 5, 3, 40, 56, 0
196, 4, 1, 41, 5, 0
196, 5, 2, 41, 57, 0
196, 5, 1, 41, 59, 0
196, 5, 2, 43, 4, 0
196, 5, 2, 43, 7, 0
196, 5, 0, 45, 45, 0
196, 5, 0, 45, 47, 0
196, 4, 2, 48, 6, 0
196, 5, 3, 50, 45, 0
196, 5, 1, 50, 47, 0
196, 5, 3, 50, 55, 0
196, 5, 3, 52, 45, 0
196, 5, 1, 52, 47, 0
196, 5, 3, 57, 3, 0
196, 5, 2, 59, 5, 0
196, 5, 2, 59, 9, 0
196, 5, 2, 59, 23, 0
196, 5, 2, 59, 26, 0
196, 5, 2, 59, 29, 0
196, 5, 2, 59, 32, 0
196, 5, 1, 55, 9, 1
196, 5, 1, 57, 9, 1
196, 5, 3, 48, 3, 2
196, 5, 1, 48, 9, 2
196, 5, 3, 52, 3, 2
196, 5, 3, 55, 3, 2
196, 5, 3, 58, 3, 2
196, 5, 1, 58, 9, 2
196, 5, 2, 59, 5, 2
196, 5, 2, 59, 8, 2
202, 10, 3, 47, 4, 2
202, 10, 3, 47, 9, 2
202, 10, 1, 59, 9, 2
205, 4, 0, 8, 16, 0
205, 4, 3, 12, 9, 0
205, 4, 0, 13, 5, 0
205, 4, 2, 24, 56, 0
205, 4, 1, 33, 44, 0
205, 4, 1, 36, 44, 0
205, 4, 1, 49, 44, 0
205, 4, 1, 50, 54, 0
205, 4, 3, 55, 10, 1
205, 4, 3, 57, 10, 1
206, 5, 3, 49, 5, 0
206, 4, 3, 50, 10, 0
206, 5, 3, 51, 5, 0
206, 5, 1, 51, 15, 0
206, 4, 2, 52, 11, 0
206, 4, 1, 54, 10, 0
206, 5, 3, 54, 11, 0
206, 4, 1, 58, 10, 0
206, 5, 3, 58, 11, 0
206, 5, 0, 47, 4, 1
206, 5, 0, 47, 8, 1
206, 5, 3, 49, 3, 1
206, 5, 3, 52, 3, 1
206, 5, 2, 59, 8, 1
300, 11, 2, 60, 55, 0
303, 10, 0, 0, 27, 0
306, 10, 0, 9, 61, 0
306, 10, 1, 16, 17, 0
307, 11, 2, 26, 11, 0
319, 22, 3, 27, 22, 0
319, 22, 0, 27, 31, 0
319, 22, 1, 30, 33, 0
319, 22, 1, 33, 30, 0
319, 22, 0, 36, 32, 0
319, 22, 2, 38, 23, 0
319, 22, 2, 47, 24, 0
319, 22, 3, 50, 26, 0
319, 22, 0, 50, 30, 0
320, 22, 0, 23, 20, 0
320, 22, 3, 24, 19, 0
320, 22, 3, 24, 20, 0
320, 22, 2, 24, 21, 0
320, 22, 0, 25, 18, 0
320, 22, 1, 25, 19, 0
320, 22, 1, 26, 17, 0
320, 22, 2, 26, 18, 0
320, 22, 2, 26, 31, 0
320, 22, 2, 27, 18, 0
320, 22, 3, 27, 19, 0
320, 22, 0, 27, 23, 0
320, 22, 2, 27, 28, 0
320, 22, 3, 27, 30, 0
320, 22, 0, 27, 32, 0
320, 22, 3, 28, 19, 0
320, 22, 3, 28, 21, 0
320, 22, 1, 28, 22, 0
320, 22, 3, 28, 29, 0
320, 22, 2, 28, 33, 0
320, 22, 0, 29, 28, 0
320, 22, 3, 29, 34, 0
320, 22, 2, 30, 25, 0
320, 22, 2, 30, 26, 0
320, 22, 3, 30, 27, 0
320, 22, 1, 30, 29, 0
320, 22, 0, 30, 34, 0
320, 22, 1, 31, 21, 0
320, 22, 3, 31, 25, 0
320, 22, 0, 32, 20, 0
320, 22, 1, 32, 22, 0
320, 22, 3, 32, 23, 0
320, 22, 1, 32, 24, 0
320, 22, 0, 32, 28, 0
320, 22, 1, 32, 30, 0
320, 22, 0, 32, 31, 0
320, 22, 1, 32, 32, 0
320, 22, 2, 33, 21, 0
320, 22, 0, 33, 22, 0
320, 22, 0, 33, 24, 0
320, 22, 3, 33, 25, 0
320, 22, 2, 33, 26, 0
320, 22, 1, 33, 27, 0
320, 22, 2, 33, 29, 0
320, 22, 0, 33, 31, 0
320, 22, 1, 33, 33, 0
320, 22, 0, 34, 19, 0
320, 22, 1, 34, 20, 0
320, 22, 1, 34, 24, 0
320, 22, 3, 34, 29, 0
320, 22, 3, 34, 30, 0
320, 22, 2, 34, 31, 0
320, 22, 3, 35, 18, 0
320, 22, 2, 35, 32, 0
320, 22, 2, 36, 19, 0
320, 22, 1, 36, 31, 0
320, 22, 0, 36, 33, 0
320, 22, 2, 37, 18, 0
320, 22, 3, 37, 20, 0
320, 22, 3, 37, 23, 0
320, 22, 1, 37, 26, 0
320, 22, 1, 37, 32, 0
320, 22, 0, 38, 19, 0
320, 22, 2, 38, 22, 0
320, 22, 3, 38, 24, 0
320, 22, 3, 38, 25, 0
320, 22, 2, 38, 27, 0
320, 22, 0, 38, 30, 0
320, 22, 2, 39, 20, 0
320, 22, 1, 39, 22, 0
320, 22, 1, 39, 24, 0
320, 22, 3, 39, 26, 0
320, 22, 3, 39, 31, 0
320, 22, 2, 40, 19, 0
320, 22, 3, 40, 21, 0
320, 22, 0, 40, 23, 0
320, 22, 2, 40, 24, 0
320, 22, 3, 40, 29, 0
320, 22, 2, 40, 30, 0
320, 22, 0, 41, 20, 0
320, 22, 2, 41, 22, 0
320, 22, 1, 42, 21, 0
320, 22, 2, 44, 26, 0
320, 22, 2, 44, 27, 0
320, 22, 3, 44, 28, 0
320, 22, 1, 45, 25, 0
320, 22, 0, 45, 26, 0
320, 22, 0, 45, 28, 0
320, 22, 2, 45, 29, 0
320, 22, 2, 45, 30, 0
320, 22, 1, 46, 25, 0
320, 22, 0, 46, 27, 0
320, 22, 1, 46, 29, 0
320, 22, 2, 47, 23, 0
320, 22, 0, 47, 25, 0
320, 22, 3, 47, 30, 0
320, 22, 2, 47, 31, 0
320, 22, 1, 48, 24, 0
320, 22, 3, 49, 26, 0
320, 22, 0, 49, 30, 0
320, 22, 1, 50, 25, 0
320, 22, 2, 50, 27, 0
320, 22, 3, 50, 29, 0
320, 22, 1, 50, 31, 0
320, 22, 0, 51, 26, 0
320, 22, 2, 51, 30, 0
321, 22, 2, 24, 29, 0
321, 22, 2, 25, 20, 0
321, 22, 1, 25, 32, 0
321, 22, 0, 26, 19, 0
321, 22, 3, 28, 20, 0
321, 22, 0, 28, 28, 0
321, 22, 2, 29, 33, 0
321, 22, 1, 31, 26, 0
321, 22, 1, 31, 27, 0
321, 22, 0, 31, 29, 0
321, 22, 2, 32, 21, 0
321, 22, 0, 32, 27, 0
321, 22, 2, 32, 33, 0
321, 22, 1, 33, 20, 0
321, 22, 0, 33, 23, 0
321, 22, 0, 35, 19, 0
321, 22, 0, 36, 26, 0
321, 22, 3, 37, 19, 0
321, 22, 3, 38, 26, 0
321, 22, 2, 39, 19, 0
321, 22, 3, 39, 23, 0
321, 22, 1, 39, 30, 0
321, 22, 1, 40, 20, 0
321, 22, 0, 41, 21, 0
321, 22, 0, 45, 27, 0
321, 22, 0, 46, 26, 0
321, 22, 1, 46, 28, 0
362, 10, 1, 1, 3, 0
362, 10, 1, 1, 5, 0
362, 10, 1, 11, 3, 0
362, 10, 1, 12, 3, 0
362, 10, 1, 13, 4, 0
362, 11, 0, 29, 50, 0
362, 11, 0, 30, 50, 0
362, 11, 0, 50, 48, 0
366, 10, 0, 2, 3, 0
366, 10, 0, 2, 4, 0
367, 10, 0, 29, 46, 0
375, 10, 1, 47, 5, 2
375, 10, 1, 47, 6, 2
391, 5, 1, 17, 62, 0
391, 5, 1, 46, 51, 0
391, 5, 1, 50, 59, 0
422, 10, 3, 13, 61, 0
422, 10, 3, 13, 62, 0
444, 10, 2, 0, 18, 0
444, 10, 1, 6, 54, 0
444, 10, 0, 13, 26, 0
444, 10, 1, 13, 44, 0
444, 11, 3, 17, 51, 0
445, 11, 1, 4, 55, 0
445, 11, 0, 5, 57, 0
445, 10, 1, 15, 53, 0
445, 10, 3, 21, 41, 0
445, 11, 1, 24, 43, 0
445, 10, 2, 31, 0, 0
450, 11, 0, 1, 60, 0
450, 11, 3, 4, 58, 0
450, 11, 3, 8, 63, 0
577, 4, 3, 49, 10, 1
577, 4, 3, 53, 10, 1
577, 4, 2, 46, 5, 2
577, 4, 2, 46, 8, 2
577, 4, 1, 48, 2, 2
577, 4, 3, 49, 10, 2
577, 4, 1, 52, 2, 2
577, 4, 3, 53, 10, 2
577, 4, 1, 55, 2, 2
577, 4, 3, 57, 10, 2
577, 4, 1, 59, 2, 2
577, 4, 0, 60, 4, 2
577, 4, 0, 60, 8, 2
594, 10, 2, 4, 9, 0
594, 10, 2, 4, 12, 0
594, 10, 2, 4, 15, 0
594, 10, 2, 7, 5, 0
594, 10, 2, 8, 7, 0
594, 10, 2, 8, 10, 0
594, 10, 2, 9, 36, 0
594, 10, 0, 38, 58, 0
594, 10, 1, 48, 57, 0
595, 10, 0, 3, 53, 0
595, 10, 3, 32, 47, 0
595, 10, 2, 34, 48, 0
595, 10, 3, 37, 47, 0
595, 10, 2, 48, 46, 0
595, 10, 2, 52, 7, 0
595, 10, 2, 56, 7, 0
595, 10, 0, 57, 5, 1
595, 10, 0, 57, 7, 1
597, 10, 2, 52, 5, 2
599, 10, 0, 3, 49, 0
602, 10, 2, 4, 25, 0
602, 10, 2, 4, 27, 0
602, 10, 2, 7, 36, 0
602, 10, 0, 54, 7, 1
612, 10, 2, 30, 58, 0
612, 10, 2, 32, 58, 0
647, 10, 0, 55, 12, 0
647, 10, 2, 48, 13, 1
647, 10, 1, 49, 5, 1
648, 10, 3, 16, 22, 0
648, 10, 3, 16, 25, 0
648, 10, 3, 16, 28, 0
648, 10, 2, 54, 14, 1
648, 10, 2, 56, 14, 1
650, 5, 1, 27, 8, 0
650, 5, 1, 30, 8, 0
650, 5, 1, 33, 8, 0
650, 5, 1, 35, 8, 0
650, 5, 1, 38, 8, 0
650, 5, 1, 39, 8, 0
650, 5, 0, 53, 12, 0
650, 5, 1, 54, 15, 0
650, 5, 0, 54, 23, 0
650, 5, 0, 54, 28, 0
650, 5, 0, 54, 31, 0
650, 5, 0, 54, 32, 0
650, 5, 1, 58, 15, 0
650, 5, 0, 47, 5, 1
650, 5, 0, 47, 7, 1
650, 5, 1, 49, 9, 1
650, 5, 1, 51, 9, 1
650, 5, 1, 53, 9, 1
652, 22, 0, 27, 7, 0
652, 22, 0, 58, 12, 0
652, 22, 2, 48, 11, 1
652, 22, 2, 49, 8, 1
653, 22, 1, 33, 8, 0
653, 22, 2, 35, 7, 0
653, 22, 2, 43, 18, 0
653, 22, 2, 47, 14, 0
653, 22, 1, 47, 15, 0
653, 22, 0, 48, 14, 0
653, 22, 3, 50, 12, 0
653, 22, 2, 54, 34, 0
653, 22, 1, 55, 27, 0
653, 22, 1, 56, 14, 0
653, 22, 1, 48, 6, 1
653, 22, 2, 51, 8, 1
653, 22, 2, 51, 14, 1
654, 22, 0, 26, 27, 0
654, 22, 1, 40, 7, 0
654, 22, 0, 46, 15, 0
654, 22, 2, 47, 4, 1
654, 22, 2, 51, 4, 1
655, 5, 0, 53, 13, 0
656, 5, 1, 50, 15, 0
656, 5, 1, 55, 15, 0
657, 5, 0, 47, 12, 0
657, 4, 1, 55, 21, 0
657, 4, 1, 56, 29, 0
657, 6, 1, 59, 15, 0
660, 10, 1, 29, 21, 0
661, 10, 0, 29, 8, 0
661, 10, 3, 35, 25, 0
661, 10, 0, 40, 8, 0
661, 10, 3, 54, 23, 0
661, 10, 3, 47, 9, 1
662, 10, 3, 35, 31, 0
662, 10, 1, 39, 25, 0
662, 10, 2, 48, 4, 1
663, 10, 1, 26, 29, 0
683, 10, 3, 3, 7, 0
686, 22, 1, 26, 5, 0
686, 22, 1, 57, 11, 1
687, 22, 1, 42, 5, 0
687, 22, 1, 50, 12, 1
688, 22, 1, 48, 15, 1
697, 11, 1, 15, 50, 0
699, 10, 2, 28, 25, 0
706, 5, 2, 31, 6, 0
706, 5, 1, 31, 8, 0
706, 5, 1, 32, 8, 0
706, 5, 3, 37, 6, 0
706, 5, 2, 41, 7, 0
706, 5, 3, 55, 19, 0
706, 4, 1, 56, 25, 0
706, 5, 2, 56, 34, 0
736, 10, 0, 24, 33, 0
736, 10, 3, 39, 34, 0
817, 11, 2, 46, 14, 0
817, 11, 0, 48, 16, 0
817, 10, 0, 49, 9, 2
817, 10, 0, 57, 9, 2
825, 22, 0, 29, 29, 0
825, 22, 1, 42, 22, 0
825, 22, 2, 42, 33, 0
825, 22, 0, 53, 12, 1
825, 22, 3, 57, 15, 1
827, 22, 1, 31, 20, 0
827, 22, 2, 35, 22, 0
827, 22, 3, 35, 30, 0
827, 22, 0, 38, 28, 0
827, 22, 2, 51, 12, 1
827, 22, 1, 56, 7, 1
827, 22, 2, 50, 3, 2
827, 22, 1, 57, 7, 2
828, 22, 0, 32, 29, 0
840, 4, 3, 49, 10, 0
840, 4, 2, 52, 12, 0
848, 11, 0, 20, 17, 0
848, 11, 1, 21, 34, 0
848, 11, 0, 22, 15, 0
848, 11, 1, 23, 36, 0
848, 10, 1, 42, 12, 0
848, 11, 2, 44, 37, 0
848, 11, 2, 47, 34, 0
848, 10, 2, 49, 19, 0
848, 10, 2, 51, 21, 0
849, 10, 0, 22, 20, 0
849, 10, 0, 22, 21, 0
849, 10, 0, 22, 22, 0
849, 10, 0, 22, 23, 0
849, 10, 0, 22, 24, 0
849, 10, 0, 22, 25, 0
849, 10, 0, 22, 26, 0
849, 10, 0, 22, 27, 0
849, 10, 0, 22, 28, 0
849, 10, 0, 22, 29, 0
849, 10, 0, 22, 30, 0
849, 10, 0, 22, 31, 0
849, 10, 3, 26, 16, 0
849, 10, 1, 26, 35, 0
849, 10, 3, 27, 16, 0
849, 10, 1, 27, 35, 0
849, 10, 3, 28, 16, 0
849, 10, 1, 28, 35, 0
849, 10, 3, 29, 16, 0
849, 10, 1, 29, 35, 0
849, 10, 3, 30, 16, 0
849, 10, 2, 30, 26, 0
849, 10, 2, 30, 27, 0
849, 10, 1, 30, 35, 0
849, 10, 3, 31, 16, 0
849, 11, 1, 31, 25, 0
849, 11, 2, 31, 28, 0
849, 10, 1, 31, 35, 0
849, 10, 3, 32, 16, 0
849, 10, 1, 32, 24, 0
849, 10, 3, 32, 29, 0
849, 10, 1, 32, 35, 0
849, 10, 3, 33, 16, 0
849, 10, 1, 33, 24, 0
849, 10, 3, 33, 29, 0
849, 10, 1, 33, 35, 0
849, 10, 3, 34, 16, 0
849, 11, 0, 34, 25, 0
849, 11, 3, 34, 28, 0
849, 10, 1, 34, 35, 0
849, 10, 3, 35, 16, 0
849, 10, 0, 35, 26, 0
849, 10, 0, 35, 27, 0
849, 10, 1, 35, 35, 0
849, 10, 3, 36, 16, 0
849, 10, 1, 36, 35, 0
849, 10, 3, 37, 16, 0
849, 10, 1, 37, 35, 0
849, 11, 1, 38, 12, 0
849, 10, 3, 38, 16, 0
849, 10, 1, 38, 35, 0
849, 10, 2, 39, 9, 0
849, 10, 2, 39, 10, 0
849, 10, 2, 39, 11, 0
849, 10, 3, 39, 16, 0
849, 10, 1, 39, 35, 0
849, 10, 3, 40, 16, 0
849, 10, 1, 40, 35, 0
849, 10, 3, 41, 16, 0
849, 10, 1, 41, 35, 0
849, 10, 3, 42, 16, 0
849, 10, 1, 42, 35, 0
849, 10, 2, 46, 20, 0
849, 10, 2, 46, 21, 0
849, 10, 1, 50, 1, 0
849, 10, 1, 51, 1, 0
849, 10, 1, 52, 1, 0
849, 10, 3, 52, 32, 0
849, 10, 1, 53, 1, 0
849, 10, 3, 53, 32, 0
849, 10, 1, 58, 1, 0
849, 10, 1, 59, 1, 0
849, 10, 0, 61, 5, 0
849, 10, 0, 61, 6, 0
849, 10, 0, 61, 7, 0
849, 10, 0, 61, 8, 0
849, 10, 0, 61, 10, 0
851, 10, 0, 33, 25, 3
851, 10, 2, 33, 28, 3
859, 11, 3, 46, 15, 1
859, 11, 3, 47, 16, 1
873, 10, 1, 3, 30, 0
873, 10, 0, 3, 36, 0
873, 10, 1, 50, 59, 0
874, 10, 1, 31, 52, 0
874, 10, 1, 48, 51, 0
876, 4, 0, 13, 3, 0
876, 4, 1, 42, 2, 0
876, 4, 0, 60, 20, 0
885, 10, 3, 4, 5, 0
885, 10, 3, 5, 5, 0
885, 10, 3, 6, 5, 0
885, 10, 3, 9, 5, 0
890, 5, 1, 37, 52, 0
890, 5, 0, 47, 8, 0
890, 5, 2, 59, 7, 0
890, 5, 2, 59, 6, 1
891, 5, 0, 3, 14, 0
893, 5, 0, 47, 8, 2
893, 5, 2, 59, 4, 2
899, 5, 2, 59, 22, 0
899, 5, 3, 58, 3, 1
899, 5, 3, 54, 3, 2
899, 5, 2, 59, 7, 2
901, 5, 2, 59, 21, 0
901, 5, 3, 57, 3, 1
901, 5, 3, 53, 3, 2
901, 5, 2, 59, 6, 2
904, 5, 1, 55, 9, 2
905, 5, 3, 51, 3, 2
906, 5, 3, 4, 3, 0
906, 5, 3, 7, 3, 0
906, 5, 3, 10, 3, 0
906, 5, 1, 51, 9, 2
908, 5, 3, 29, 3, 0
908, 5, 3, 35, 3, 0
908, 7, 0, 52, 10, 0
908, 5, 2, 59, 8, 0
908, 5, 2, 59, 25, 0
908, 5, 2, 59, 31, 0
908, 5, 1, 50, 9, 2
908, 5, 1, 56, 9, 2
916, 22, 0, 9, 14, 0
916, 22, 2, 10, 32, 0
916, 22, 2, 18, 59, 0
916, 22, 3, 25, 57, 0
916, 22, 2, 30, 56, 0
916, 22, 0, 34, 45, 0
916, 22, 0, 35, 45, 0
916, 22, 1, 45, 46, 0
916, 22, 3, 52, 46, 0
917, 22, 3, 4, 3, 0
917, 22, 0, 4, 4, 0
917, 22, 3, 4, 16, 0
917, 22, 0, 4, 17, 0
917, 22, 3, 4, 23, 0
917, 22, 0, 4, 28, 0
917, 22, 2, 5, 23, 0
917, 22, 1, 5, 28, 0
917, 22, 3, 5, 35, 0
917, 22, 0, 5, 36, 0
917, 22, 2, 6, 16, 0
917, 22, 1, 6, 17, 0
917, 22, 2, 9, 35, 0
917, 22, 1, 9, 36, 0
917, 22, 2, 10, 3, 0
917, 22, 1, 10, 4, 0
917, 22, 3, 11, 4, 0
917, 22, 0, 11, 7, 0
917, 22, 2, 12, 4, 0
917, 22, 1, 12, 7, 0
917, 22, 3, 16, 60, 0
917, 22, 0, 16, 61, 0
917, 22, 2, 20, 60, 0
917, 22, 1, 20, 61, 0
917, 22, 3, 29, 58, 0
917, 22, 0, 29, 59, 0
917, 22, 2, 32, 58, 0
917, 22, 1, 32, 59, 0
917, 22, 3, 33, 49, 0
917, 22, 0, 33, 51, 0
917, 22, 2, 36, 49, 0
917, 22, 1, 36, 51, 0
917, 22, 3, 38, 57, 0
917, 22, 0, 38, 58, 0
917, 22, 2, 40, 57, 0
917, 22, 1, 40, 58, 0
917, 22, 3, 47, 47, 0
917, 22, 0, 47, 50, 0
917, 22, 2, 48, 47, 0
917, 22, 1, 48, 50, 0
917, 22, 3, 48, 57, 0
917, 22, 0, 48, 58, 0
917, 22, 2, 50, 57, 0
917, 22, 1, 50, 58, 0
917, 22, 3, 52, 54, 0
917, 22, 0, 52, 56, 0
917, 22, 2, 53, 54, 0
917, 22, 1, 53, 56, 0
918, 22, 3, 4, 24, 0
918, 22, 3, 4, 25, 0
918, 22, 3, 4, 26, 0
918, 22, 3, 4, 27, 0
918, 22, 2, 5, 3, 0
918, 22, 0, 5, 4, 0
918, 22, 2, 5, 16, 0
918, 22, 0, 5, 17, 0
918, 22, 1, 5, 24, 0
918, 22, 1, 5, 25, 0
918, 22, 1, 5, 26, 0
918, 22, 1, 5, 27, 0
918, 22, 2, 6, 3, 0
918, 22, 0, 6, 4, 0
918, 22, 2, 6, 35, 0
918, 22, 0, 6, 36, 0
918, 22, 2, 7, 3, 0
918, 22, 0, 7, 4, 0
918, 22, 2, 7, 35, 0
918, 22, 0, 7, 36, 0
918, 22, 2, 8, 3, 0
918, 22, 0, 8, 4, 0
918, 22, 2, 8, 35, 0
918, 22, 0, 8, 36, 0
918, 22, 2, 9, 3, 0
918, 22, 0, 9, 4, 0
918, 22, 3, 11, 5, 0
918, 22, 3, 11, 6, 0
918, 22, 1, 12, 5, 0
918, 22, 1, 12, 6, 0
918, 22, 2, 17, 60, 0
918, 22, 0, 17, 61, 0
918, 22, 2, 18, 60, 0
918, 22, 0, 18, 61, 0
918, 22, 2, 19, 60, 0
918, 22, 0, 19, 61, 0
918, 22, 2, 30, 58, 0
918, 22, 0, 30, 59, 0
918, 22, 2, 31, 58, 0
918, 22, 0, 31, 59, 0
918, 22, 3, 33, 50, 0
918, 22, 2, 34, 49, 0
918, 22, 0, 34, 51, 0
918, 22, 2, 35, 49, 0
918, 22, 0, 35, 51, 0
918, 22, 1, 36, 50, 0
918, 22, 2, 39, 57, 0
918, 22, 0, 39, 58, 0
918, 22, 3, 47, 48, 0
918, 22, 3, 47, 49, 0
918, 22, 1, 48, 48, 0
918, 22, 1, 48, 49, 0
918, 22, 2, 49, 57, 0
918, 22, 0, 49, 58, 0
918, 22, 3, 52, 55, 0
918, 22, 1, 53, 55, 0
919, 22, 0, 49, 55, 0
925, 22, 3, 51, 6, 0
925, 22, 0, 51, 7, 0
925, 22, 2, 58, 6, 0
925, 22, 1, 58, 7, 0
925, 22, 3, 49, 5, 2
925, 22, 0, 49, 6, 2
925, 22, 2, 57, 5, 2
925, 22, 1, 57, 6, 2
926, 22, 2, 52, 6, 0
926, 22, 0, 52, 7, 0
926, 22, 2, 53, 6, 0
926, 22, 0, 53, 7, 0
926, 22, 2, 54, 6, 0
926, 22, 0, 54, 7, 0
926, 22, 2, 55, 6, 0
926, 22, 0, 55, 7, 0
926, 22, 2, 56, 6, 0
926, 22, 0, 56, 7, 0
926, 22, 2, 57, 6, 0
926, 22, 0, 57, 7, 0
926, 22, 2, 50, 5, 2
926, 22, 0, 50, 6, 2
926, 22, 2, 51, 5, 2
926, 22, 0, 51, 6, 2
926, 22, 2, 52, 5, 2
926, 22, 0, 52, 6, 2
926, 22, 2, 53, 5, 2
926, 22, 0, 53, 6, 2
926, 22, 2, 54, 5, 2
926, 22, 0, 54, 6, 2
926, 22, 2, 55, 5, 2
926, 22, 0, 55, 6, 2
926, 22, 2, 56, 5, 2
926, 22, 0, 56, 6, 2
947, 22, 0, 48, 45, 0
948, 22, 0, 9, 33, 0
949, 22, 3, 7, 26, 0
950, 22, 0, 6, 9, 0
950, 22, 0, 6, 12, 0
951, 22, 0, 7, 9, 0
951, 22, 0, 7, 12, 0
952, 22, 0, 6, 8, 0
952, 22, 0, 6, 11, 0
953, 22, 0, 7, 8, 0
953, 22, 0, 7, 11, 0
980, 9, 1, 31, 25, 3
980, 9, 2, 31, 28, 3
980, 9, 0, 34, 25, 3
980, 9, 3, 34, 28, 3
981, 1, 1, 30, 25, 3
981, 1, 2, 30, 28, 3
981, 1, 1, 31, 24, 3
981, 1, 2, 31, 29, 3
981, 1, 0, 34, 24, 3
981, 1, 3, 34, 29, 3
981, 1, 0, 35, 25, 3
981, 1, 3, 35, 28, 3
994, 0, 3, 53, 5, 1
994, 0, 3, 54, 5, 1
994, 0, 2, 55, 4, 1
994, 0, 3, 55, 5, 1
997, 9, 1, 19, 6, 0
997, 0, 1, 20, 5, 0
997, 0, 1, 20, 8, 0
997, 9, 3, 21, 5, 0
997, 0, 1, 21, 8, 0
997, 9, 3, 21, 19, 0
997, 0, 0, 21, 20, 0
997, 0, 0, 21, 21, 0
997, 0, 0, 21, 22, 0
997, 0, 0, 21, 23, 0
997, 0, 0, 21, 24, 0
997, 0, 0, 21, 25, 0
997, 0, 0, 21, 26, 0
997, 0, 0, 21, 27, 0
997, 0, 0, 21, 28, 0
997, 0, 0, 21, 29, 0
997, 0, 0, 21, 30, 0
997, 0, 0, 21, 31, 0
997, 9, 0, 21, 32, 0
997, 9, 3, 22, 4, 0
997, 9, 3, 22, 8, 0
997, 9, 3, 22, 18, 0
997, 9, 0, 22, 33, 0
997, 0, 3, 23, 4, 0
997, 9, 3, 23, 7, 0
997, 9, 3, 23, 17, 0
997, 9, 0, 23, 34, 0
997, 0, 3, 24, 4, 0
997, 0, 1, 24, 6, 0
997, 9, 3, 24, 16, 0
997, 9, 0, 24, 35, 0
997, 9, 3, 25, 15, 0
997, 9, 0, 25, 36, 0
997, 0, 3, 26, 15, 0
997, 0, 1, 26, 36, 0
997, 0, 3, 27, 6, 0
997, 0, 3, 27, 15, 0
997, 0, 1, 27, 36, 0
997, 0, 3, 28, 6, 0
997, 0, 3, 28, 15, 0
997, 0, 1, 28, 36, 0
997, 0, 3, 29, 15, 0
997, 0, 1, 29, 36, 0
997, 0, 3, 30, 15, 0
997, 0, 1, 30, 36, 0
997, 0, 2, 31, 7, 0
997, 0, 3, 31, 15, 0
997, 0, 1, 31, 36, 0
997, 0, 3, 32, 6, 0
997, 0, 3, 32, 15, 0
997, 0, 1, 32, 36, 0
997, 0, 3, 33, 6, 0
997, 0, 3, 33, 15, 0
997, 0, 1, 33, 36, 0
997, 0, 3, 34, 6, 0
997, 0, 3, 34, 15, 0
997, 0, 1, 34, 36, 0
997, 0, 3, 35, 15, 0
997, 0, 1, 35, 36, 0
997, 0, 2, 36, 7, 0
997, 0, 3, 36, 15, 0
997, 0, 1, 36, 36, 0
997, 0, 3, 37, 6, 0
997, 0, 3, 37, 15, 0
997, 0, 1, 37, 36, 0
997, 0, 3, 38, 6, 0
997, 0, 3, 38, 15, 0
997, 0, 1, 38, 36, 0
997, 0, 3, 39, 6, 0
997, 0, 3, 39, 15, 0
997, 0, 1, 39, 36, 0
997, 0, 3, 40, 15, 0
997, 0, 1, 40, 36, 0
997, 0, 3, 41, 15, 0
997, 0, 1, 41, 36, 0
997, 0, 3, 42, 15, 0
997, 0, 1, 42, 36, 0
997, 9, 2, 43, 15, 0
997, 9, 1, 43, 36, 0
997, 9, 3, 44, 15, 0
997, 9, 1, 44, 35, 0
997, 9, 1, 45, 34, 0
997, 9, 1, 46, 33, 0
997, 9, 1, 47, 18, 0
997, 9, 2, 47, 19, 0
997, 0, 2, 47, 20, 0
997, 0, 2, 47, 21, 0
997, 9, 1, 47, 32, 0
997, 0, 1, 50, 38, 0
997, 9, 1, 51, 38, 0
997, 9, 1, 51, 41, 0
997, 0, 1, 52, 37, 0
997, 0, 1, 52, 40, 0
997, 0, 1, 53, 37, 0
997, 0, 1, 53, 40, 0
997, 0, 1, 54, 37, 0
997, 0, 1, 54, 40, 0
997, 0, 3, 55, 26, 0
997, 0, 3, 55, 30, 0
997, 9, 1, 55, 37, 0
997, 0, 1, 55, 40, 0
997, 0, 2, 56, 24, 0
997, 0, 2, 56, 25, 0
997, 0, 2, 56, 28, 0
997, 0, 2, 56, 29, 0
997, 0, 2, 56, 32, 0
997, 0, 2, 56, 33, 0
997, 9, 1, 56, 36, 0
997, 9, 1, 56, 40, 0
997, 9, 1, 57, 39, 0
997, 0, 2, 58, 36, 0
997, 0, 2, 58, 37, 0
997, 9, 1, 58, 38, 0
997, 0, 0, 52, 4, 1
997, 0, 0, 52, 5, 1
997, 0, 0, 52, 6, 1
997, 0, 0, 52, 7, 1
997, 0, 0, 52, 8, 1
1011, 10, 3, 5, 3, 0
1011, 10, 3, 9, 3, 0
1012, 10, 3, 6, 3, 0
1013, 10, 2, 40, 49, 0
1015, 10, 1, 28, 60, 0
1016, 10, 1, 6, 28, 0
1016, 10, 1, 27, 58, 0
1016, 10, 1, 29, 60, 0
1017, 10, 1, 31, 60, 0
1022, 5, 0, 2, 50, 0
1022, 5, 0, 3, 24, 0
1022, 5, 0, 3, 26, 0
1022, 5, 0, 3, 35, 0
1022, 5, 1, 6, 37, 0
1022, 5, 1, 21, 62, 0
1022, 5, 1, 30, 49, 0
1022, 5, 1, 40, 59, 0
1022, 5, 1, 47, 51, 0
1022, 5, 0, 47, 56, 0
1022, 5, 1, 48, 59, 0
1023, 5, 0, 3, 27, 0
1023, 5, 1, 49, 59, 0
1027, 10, 1, 3, 31, 0
1027, 10, 2, 34, 58, 0
1027, 10, 2, 39, 50, 0
1027, 10, 2, 39, 52, 0
1027, 10, 2, 42, 59, 0
1028, 10, 2, 34, 59, 0
1028, 10, 2, 42, 58, 0
1029, 10, 2, 40, 51, 0
1030, 10, 2, 35, 59, 0
1030, 10, 2, 41, 51, 0
1032, 11, 2, 22, 19, 0
1032, 11, 3, 22, 32, 0
1032, 11, 2, 25, 16, 0
1032, 11, 3, 25, 35, 0
1032, 10, 1, 43, 16, 0
1032, 11, 0, 43, 35, 0
1032, 10, 3, 44, 12, 0
1032, 10, 2, 46, 19, 0
1032, 11, 0, 46, 32, 0
1032, 10, 0, 50, 20, 0
1088, 10, 3, 2, 49, 0
1088, 10, 0, 3, 50, 0
1088, 10, 2, 4, 11, 0
1088, 10, 0, 4, 13, 0
1088, 10, 0, 4, 16, 0
1088, 10, 2, 5, 8, 0
1088, 10, 1, 6, 9, 0
1088, 10, 1, 6, 15, 0
1088, 10, 0, 8, 11, 0
1088, 11, 2, 8, 35, 0
1088, 10, 0, 9, 8, 0
1088, 11, 0, 9, 11, 0
1088, 10, 2, 10, 35, 0
1088, 10, 0, 10, 37, 0
1088, 10, 0, 30, 59, 0
1088, 10, 0, 32, 59, 0
1088, 10, 2, 34, 47, 0
1088, 10, 2, 35, 47, 0
1088, 10, 1, 38, 48, 0
1088, 11, 0, 40, 57, 0
1088, 10, 0, 48, 47, 0
1088, 11, 2, 51, 56, 0
1088, 10, 2, 52, 6, 0
1088, 10, 0, 52, 8, 0
1088, 10, 2, 53, 6, 0
1088, 10, 0, 53, 8, 0
1088, 10, 2, 56, 6, 0
1088, 10, 0, 56, 8, 0
1088, 10, 2, 57, 6, 0
1088, 11, 3, 57, 8, 1
1088, 10, 0, 58, 6, 1
1089, 10, 3, 32, 7, 0
1089, 10, 1, 55, 22, 0
1089, 10, 0, 51, 9, 1
1089, 11, 0, 53, 7, 1
1089, 10, 2, 54, 10, 1
1089, 11, 1, 56, 3, 1
1089, 10, 1, 58, 14, 1
1089, 11, 0, 59, 9, 1
1090, 11, 2, 52, 4, 2
1090, 11, 1, 55, 4, 2
1090, 10, 0, 55, 7, 2
1090, 11, 0, 56, 6, 2
1097, 10, 2, 52, 7, 2
1102, 10, 3, 2, 51, 0
1102, 10, 3, 3, 25, 0
1102, 10, 0, 3, 27, 0
1102, 10, 1, 4, 24, 0
1102, 10, 2, 4, 26, 0
1102, 10, 3, 6, 13, 0
1102, 10, 0, 31, 47, 0
1102, 10, 0, 32, 50, 0
1102, 10, 0, 33, 60, 0
1102, 10, 0, 37, 50, 0
1102, 10, 3, 42, 8, 0
1102, 10, 1, 50, 46, 0
1102, 10, 0, 54, 21, 0
1102, 10, 0, 54, 32, 0
1102, 10, 0, 55, 8, 1
1106, 10, 2, 3, 3, 0
1106, 10, 3, 11, 11, 0
1106, 10, 3, 13, 5, 0
1106, 10, 3, 18, 23, 0
1106, 10, 3, 18, 27, 0
1106, 10, 0, 28, 38, 0
1106, 10, 2, 29, 12, 0
1106, 10, 2, 34, 12, 0
1106, 10, 0, 34, 38, 0
1106, 10, 0, 40, 38, 0
1106, 10, 2, 49, 10, 1
1107, 5, 0, 3, 17, 0
1107, 5, 0, 3, 29, 0
1107, 5, 1, 20, 62, 0
1107, 5, 3, 26, 3, 0
1107, 5, 0, 26, 7, 0
1107, 5, 1, 26, 58, 0
1107, 5, 3, 32, 3, 0
1107, 5, 2, 36, 8, 0
1107, 5, 3, 38, 3, 0
1107, 5, 2, 41, 8, 0
1107, 5, 0, 46, 50, 0
1107, 5, 0, 54, 22, 0
1107, 5, 0, 54, 29, 0
1107, 5, 1, 54, 34, 0
1118, 10, 1, 1, 39, 0
1118, 10, 1, 2, 61, 0
1118, 10, 2, 12, 56, 0
1118, 10, 1, 14, 39, 0
1118, 10, 3, 19, 46, 0
1118, 10, 1, 41, 62, 0
1171, 10, 3, 54, 2, 0
1171, 10, 2, 56, 1, 0
1171, 10, 0, 58, 2, 0
1171, 10, 1, 60, 4, 0
1171, 10, 0, 60, 8, 0
1171, 10, 2, 60, 10, 0
1171, 10, 3, 60, 11, 0
1173, 10, 2, 27, 46, 0
1173, 10, 0, 27, 63, 0
1174, 10, 0, 0, 14, 0
1174, 10, 3, 1, 9, 0
1174, 10, 0, 1, 42, 0
1174, 10, 2, 4, 32, 0
1174, 10, 0, 7, 1, 0
1174, 10, 2, 8, 19, 0
1174, 10, 2, 13, 30, 0
1174, 10, 2, 18, 37, 0
1174, 11, 2, 19, 21, 0
1174, 10, 1, 25, 42, 0
1174, 10, 3, 28, 0, 0
1174, 10, 1, 38, 1, 0
1174, 10, 2, 38, 10, 0
1174, 10, 0, 46, 1, 0
1174, 10, 0, 48, 62, 0
1174, 10, 0, 61, 46, 0
1244, 22, 1, 0, 45, 0
1244, 22, 3, 8, 26, 0
1244, 22, 1, 12, 40, 0
1244, 22, 3, 12, 42, 0
1244, 22, 2, 15, 1, 0
1244, 22, 0, 16, 39, 0
1244, 22, 1, 21, 1, 0
1244, 22, 0, 27, 1, 0
1244, 22, 2, 31, 63, 0
1244, 22, 3, 36, 1, 0
1244, 22, 1, 44, 51, 0
1244, 22, 2, 46, 3, 0
1244, 22, 3, 47, 63, 0
1244, 22, 3, 48, 38, 0
1244, 22, 2, 49, 35, 0
1244, 22, 0, 51, 61, 0
1244, 22, 1, 54, 1, 0
1244, 22, 1, 56, 46, 0
1244, 22, 3, 60, 16, 0
1244, 22, 1, 61, 24, 0
1244, 22, 0, 62, 9, 0
1244, 22, 2, 62, 16, 0
1244, 22, 3, 62, 44, 0
1244, 22, 0, 63, 31, 0
1245, 22, 0, 0, 1, 0
1245, 22, 3, 0, 20, 0
1245, 22, 2, 1, 47, 0
1245, 22, 2, 4, 41, 0
1245, 22, 0, 5, 55, 0
1245, 22, 2, 14, 41, 0
1245, 22, 1, 17, 38, 0
1245, 22, 1, 18, 2, 0
1245, 22, 0, 28, 10, 0
1245, 22, 2, 33, 2, 0
1245, 22, 2, 37, 0, 0
1245, 22, 1, 45, 13, 0
1245, 22, 3, 49, 0, 0
1246, 22, 1, 2, 46, 0
1246, 22, 0, 4, 46, 0
1246, 22, 2, 6, 53, 0
1246, 22, 0, 17, 49, 0
1246, 22, 0, 17, 56, 0
1246, 22, 3, 19, 32, 0
1246, 22, 1, 22, 54, 0
1246, 22, 2, 23, 60, 0
1246, 22, 1, 24, 43, 0
1246, 22, 1, 24, 61, 0
1246, 22, 2, 25, 44, 0
1246, 22, 0, 25, 62, 0
1246, 22, 3, 29, 4, 0
1246, 22, 2, 35, 5, 0
1246, 22, 1, 35, 10, 0
1246, 22, 0, 41, 43, 0
1246, 22, 3, 43, 9, 0
1246, 22, 1, 45, 9, 0
1246, 22, 0, 45, 11, 0
1246, 22, 0, 45, 61, 0
1246, 22, 2, 47, 6, 0
1246, 22, 1, 48, 12, 0
1246, 22, 0, 49, 15, 0
1246, 22, 2, 50, 16, 0
1246, 22, 3, 52, 20, 0
1246, 22, 0, 55, 18, 0
1246, 22, 2, 57, 20, 0
1246, 22, 0, 57, 34, 0
1246, 22, 3, 58, 27, 0
1246, 22, 3, 58, 37, 0
1246, 22, 1, 59, 20, 0
1246, 22, 2, 60, 37, 0
1246, 22, 1, 62, 38, 0
1247, 22, 2, 0, 28, 0
1247, 22, 3, 0, 32, 0
1247, 22, 0, 0, 33, 0
1247, 22, 2, 1, 19, 0
1247, 22, 3, 1, 27, 0
1247, 22, 2, 1, 32, 0
1247, 22, 1, 1, 33, 0
1247, 22, 2, 1, 40, 0
1247, 22, 3, 2, 45, 0
1247, 22, 2, 3, 45, 0
1247, 22, 0, 5, 47, 0
1247, 22, 2, 6, 20, 0
1247, 22, 1, 8, 46, 0
1247, 22, 3, 8, 47, 0
1247, 22, 3, 9, 45, 0
1247, 22, 0, 9, 47, 0
1247, 22, 3, 10, 21, 0
1247, 22, 1, 10, 40, 0
1247, 22, 3, 10, 46, 0
1247, 22, 0, 10, 47, 0
1247, 22, 1, 11, 56, 0
1247, 22, 2, 12, 57, 0
1247, 22, 3, 13, 56, 0
1247, 22, 2, 13, 57, 0
1247, 22, 0, 15, 53, 0
1247, 22, 0, 17, 18, 0
1247, 22, 0, 17, 43, 0
1247, 22, 2, 18, 32, 0
1247, 22, 1, 19, 31, 0
1247, 22, 1, 20, 46, 0
1247, 22, 0, 20, 57, 0
1247, 22, 3, 21, 41, 0
1247, 22, 3, 21, 54, 0
1247, 22, 0, 22, 41, 0
1247, 22, 2, 22, 42, 0
1247, 22, 3, 22, 45, 0
1247, 22, 0, 22, 53, 0
1247, 22, 2, 22, 58, 0
1247, 22, 0, 23, 44, 0
1247, 22, 2, 23, 45, 0
1247, 22, 0, 23, 61, 0
1247, 22, 1, 24, 44, 0
1247, 22, 1, 24, 50, 0
1247, 22, 3, 24, 60, 0
1247, 22, 1, 25, 22, 0
1247, 22, 0, 25, 43, 0
1247, 22, 1, 25, 49, 0
1247, 22, 2, 26, 21, 0
1247, 22, 2, 26, 49, 0
1247, 22, 1, 29, 25, 0
1247, 22, 3, 40, 44, 0
1247, 22, 2, 41, 17, 0
1247, 22, 2, 41, 44, 0
1247, 22, 0, 42, 11, 0
1247, 22, 1, 42, 28, 0
1247, 22, 0, 42, 43, 0
1247, 22, 2, 42, 44, 0
1247, 22, 1, 42, 50, 0
1247, 22, 2, 43, 28, 0
1247, 22, 3, 44, 53, 0
1247, 22, 3, 45, 7, 0
1247, 22, 0, 45, 52, 0
1247, 22, 2, 45, 54, 0
1247, 22, 1, 47, 16, 0
1247, 22, 0, 50, 40, 0
1247, 22, 2, 52, 17, 0
1247, 22, 1, 54, 17, 0
1247, 22, 3, 54, 39, 0
1247, 22, 3, 57, 49, 0
1247, 22, 1, 58, 48, 0
1247, 22, 0, 60, 56, 0
1247, 22, 0, 61, 38, 0
1247, 22, 1, 61, 39, 0
1247, 22, 0, 61, 49, 0
1247, 22, 0, 62, 39, 0
1247, 22, 3, 62, 50, 0
1247, 22, 3, 63, 49, 0
1248, 22, 1, 50, 38, 0
1248, 22, 2, 58, 49, 0
1249, 22, 2, 14, 36, 0
1249, 22, 3, 15, 39, 0
1249, 22, 0, 17, 36, 0
1249, 22, 2, 19, 4, 0
1249, 22, 2, 20, 3, 0
1249, 22, 3, 20, 4, 0
1250, 22, 0, 9, 20, 0
1250, 22, 1, 9, 21, 0
1250, 22, 3, 10, 20, 0
1250, 22, 3, 13, 36, 0
1250, 22, 2, 13, 37, 0
1250, 22, 0, 14, 37, 0
1250, 22, 0, 14, 40, 0
1250, 22, 2, 14, 44, 0
1250, 22, 1, 15, 40, 0
1250, 22, 2, 18, 35, 0
1250, 22, 2, 18, 36, 0
1250, 22, 0, 19, 3, 0
1250, 22, 3, 19, 12, 0
1250, 22, 2, 19, 13, 0
1250, 22, 1, 20, 12, 0
1257, 22, 3, 0, 23, 0
1257, 22, 3, 0, 26, 0
1257, 22, 0, 0, 36, 0
1257, 22, 3, 0, 58, 0
1257, 22, 0, 1, 26, 0
1257, 22, 1, 1, 35, 0
1257, 22, 0, 1, 37, 0
1257, 22, 0, 1, 55, 0
1257, 22, 2, 1, 57, 0
1257, 22, 2, 2, 20, 0
1257, 22, 0, 2, 21, 0
1257, 22, 2, 2, 24, 0
1257, 22, 0, 2, 25, 0
1257, 22, 0, 2, 26, 0
1257, 22, 2, 2, 34, 0
1257, 22, 2, 2, 35, 0
1257, 22, 1, 2, 55, 0
1257, 22, 0, 2, 56, 0
1257, 22, 1, 3, 21, 0
1257, 22, 3, 3, 43, 0
1257, 22, 2, 3, 55, 0
1257, 22, 1, 3, 56, 0
1257, 22, 3, 4, 39, 0
1257, 22, 1, 4, 42, 0
1257, 22, 3, 4, 54, 0
1257, 22, 2, 4, 57, 0
1257, 22, 3, 5, 21, 0
1257, 22, 2, 5, 22, 0
1257, 22, 2, 5, 40, 0
1257, 22, 1, 5, 42, 0
1257, 22, 0, 5, 43, 0
1257, 22, 1, 5, 59, 0
1257, 22, 2, 6, 40, 0
1257, 22, 3, 6, 44, 0
1257, 22, 3, 6, 45, 0
1257, 22, 1, 6, 46, 0
1257, 22, 3, 6, 56, 0
1257, 22, 0, 6, 59, 0
1257, 22, 0, 7, 21, 0
1257, 22, 2, 7, 22, 0
1257, 22, 1, 7, 40, 0
1257, 22, 3, 7, 45, 0
1257, 22, 0, 7, 52, 0
1257, 22, 1, 8, 22, 0
1257, 22, 0, 8, 23, 0
1257, 22, 1, 8, 30, 0
1257, 22, 1, 8, 40, 0
1257, 22, 1, 8, 52, 0
1257, 22, 2, 8, 53, 0
1257, 22, 0, 9, 28, 0
1257, 22, 0, 9, 39, 0
1257, 22, 0, 10, 24, 0
1257, 22, 1, 10, 25, 0
1257, 22, 3, 10, 28, 0
1257, 22, 3, 10, 38, 0
1257, 22, 0, 11, 19, 0
1257, 22, 0, 11, 20, 0
1257, 22, 2, 11, 30, 0
1257, 22, 3, 11, 38, 0
1257, 22, 0, 12, 20, 0
1257, 22, 3, 12, 27, 0
1257, 22, 0, 12, 30, 0
1257, 22, 0, 13, 2, 0
1257, 22, 3, 13, 3, 0
1257, 22, 2, 13, 4, 0
1257, 22, 1, 13, 7, 0
1257, 22, 1, 13, 18, 0
1257, 22, 3, 13, 19, 0
1257, 22, 1, 13, 25, 0
1257, 22, 2, 13, 29, 0
1257, 22, 1, 13, 30, 0
1257, 22, 1, 13, 31, 0
1257, 22, 0, 13, 32, 0
1257, 22, 1, 13, 35, 0
1257, 22, 1, 14, 2, 0
1257, 22, 0, 14, 9, 0
1257, 22, 0, 14, 10, 0
1257, 22, 0, 14, 31, 0
1257, 22, 0, 14, 32, 0
1257, 22, 3, 14, 33, 0
1257, 22, 2, 14, 34, 0
1257, 22, 1, 14, 35, 0
1257, 22, 2, 14, 55, 0
1257, 22, 1, 14, 56, 0
1257, 22, 1, 15, 2, 0
1257, 22, 1, 15, 8, 0
1257, 22, 2, 15, 9, 0
1257, 22, 3, 15, 10, 0
1257, 22, 0, 15, 26, 0
1257, 22, 2, 15, 56, 0
1257, 22, 1, 16, 3, 0
1257, 22, 2, 16, 5, 0
1257, 22, 3, 16, 6, 0
1257, 22, 0, 16, 7, 0
1257, 22, 0, 16, 8, 0
1257, 22, 3, 16, 47, 0
1257, 22, 2, 16, 49, 0
1257, 22, 1, 16, 50, 0
1257, 22, 1, 16, 51, 0
1257, 22, 3, 16, 56, 0
1257, 22, 1, 17, 4, 0
1257, 22, 2, 17, 5, 0
1257, 22, 0, 17, 15, 0
1257, 22, 1, 17, 45, 0
1257, 22, 1, 18, 13, 0
1257, 22, 3, 18, 16, 0
1257, 22, 2, 18, 45, 0
1257, 22, 2, 18, 46, 0
1257, 22, 3, 19, 48, 0
1257, 22, 1, 19, 51, 0
1257, 22, 0, 20, 49, 0
1257, 22, 1, 20, 50, 0
1257, 22, 0, 23, 10, 0
1257, 22, 2, 23, 12, 0
1257, 22, 3, 24, 10, 0
1257, 22, 1, 27, 42, 0
1257, 22, 3, 27, 43, 0
1257, 22, 0, 27, 45, 0
1257, 22, 2, 28, 41, 0
1257, 22, 0, 28, 42, 0
1257, 22, 1, 28, 44, 0
1257, 22, 1, 28, 55, 0
1257, 22, 0, 29, 54, 0
1257, 22, 2, 29, 55, 0
1257, 22, 3, 30, 40, 0
1257, 22, 3, 30, 43, 0
1257, 22, 3, 30, 54, 0
1257, 22, 1, 31, 42, 0
1257, 22, 2, 31, 43, 0
1257, 22, 0, 32, 41, 0
1257, 22, 2, 36, 40, 0
1257, 22, 2, 36, 41, 0
1257, 22, 0, 36, 54, 0
1257, 22, 1, 36, 55, 0
1257, 22, 0, 37, 40, 0
1257, 22, 1, 37, 42, 0
1257, 22, 2, 37, 54, 0
1257, 22, 2, 37, 55, 0
1257, 22, 2, 39, 39, 0
1257, 22, 1, 39, 63, 0
1257, 22, 3, 40, 39, 0
1257, 22, 2, 40, 62, 0
1257, 22, 0, 41, 40, 0
1257, 22, 1, 41, 46, 0
1257, 22, 2, 41, 49, 0
1257, 22, 3, 42, 45, 0
1257, 22, 3, 42, 48, 0
1257, 22, 3, 43, 45, 0
1257, 22, 0, 43, 46, 0
1257, 22, 0, 43, 47, 0
1257, 22, 3, 43, 52, 0
1257, 22, 3, 43, 53, 0
1257, 22, 1, 44, 47, 0
1257, 22, 2, 44, 48, 0
1257, 22, 2, 44, 49, 0
1257, 22, 0, 44, 52, 0
1257, 22, 0, 44, 55, 0
1257, 22, 1, 44, 57, 0
1257, 22, 3, 44, 58, 0
1257, 22, 0, 45, 60, 0
1257, 22, 1, 46, 53, 0
1257, 22, 1, 46, 59, 0
1257, 22, 2, 46, 60, 0
1257, 22, 2, 47, 53, 0
1257, 22, 2, 48, 53, 0
1257, 22, 1, 50, 48, 0
1257, 22, 2, 50, 60, 0
1257, 22, 1, 51, 44, 0
1257, 22, 1, 51, 48, 0
1257, 22, 2, 51, 49, 0
1257, 22, 0, 51, 51, 0
1257, 22, 3, 51, 60, 0
1257, 22, 0, 52, 43, 0
1257, 22, 2, 52, 49, 0
1257, 22, 1, 52, 51, 0
1257, 22, 0, 52, 60, 0
1257, 22, 0, 53, 43, 0
1257, 22, 3, 53, 44, 0
1257, 22, 3, 53, 49, 0
1257, 22, 3, 53, 51, 0
1257, 22, 3, 54, 44, 0
1257, 22, 0, 54, 48, 0
1257, 22, 2, 54, 61, 0
1257, 22, 2, 55, 42, 0
1257, 22, 1, 55, 47, 0
1257, 22, 1, 55, 60, 0
1257, 22, 1, 55, 61, 0
1257, 22, 3, 56, 41, 0
1257, 22, 2, 56, 43, 0
1257, 22, 3, 56, 51, 0
1257, 22, 3, 56, 59, 0
1257, 22, 1, 56, 60, 0
1257, 22, 0, 57, 41, 0
1257, 22, 0, 57, 44, 0
1257, 22, 0, 57, 52, 0
1257, 22, 3, 57, 55, 0
1257, 22, 3, 57, 56, 0
1257, 22, 2, 57, 59, 0
1257, 22, 2, 57, 60, 0
1257, 22, 3, 58, 45, 0
1257, 22, 1, 58, 52, 0
1257, 22, 1, 58, 53, 0
1257, 22, 1, 58, 54, 0
1257, 22, 2, 58, 55, 0
1257, 22, 0, 59, 1, 0
1257, 22, 1, 59, 41, 0
1257, 22, 0, 59, 44, 0
1257, 22, 0, 59, 45, 0
1257, 22, 0, 59, 49, 0
1257, 22, 0, 60, 1, 0
1257, 22, 3, 60, 9, 0
1257, 22, 3, 60, 48, 0
1257, 22, 3, 60, 49, 0
1257, 22, 1, 60, 51, 0
1257, 22, 1, 61, 2, 0
1257, 22, 2, 61, 3, 0
1257, 22, 0, 61, 6, 0
1257, 22, 2, 61, 48, 0
1257, 22, 2, 62, 3, 0
1257, 22, 3, 62, 4, 0
1257, 22, 0, 62, 5, 0
1257, 22, 1, 62, 6, 0
1257, 22, 2, 62, 7, 0
1257, 22, 3, 62, 8, 0
1257, 22, 1, 62, 48, 0
1257, 22, 1, 62, 49, 0
1257, 22, 2, 62, 52, 0
1257, 22, 0, 63, 50, 0
1257, 22, 3, 63, 51, 0
1257, 22, 3, 63, 52, 0
1258, 22, 3, 0, 24, 0
1258, 22, 1, 0, 25, 0
1258, 22, 0, 0, 54, 0
1258, 22, 3, 0, 55, 0
1258, 22, 1, 0, 57, 0
1258, 22, 2, 1, 23, 0
1258, 22, 3, 1, 25, 0
1258, 22, 1, 1, 44, 0
1258, 22, 0, 2, 36, 0
1258, 22, 3, 2, 37, 0
1258, 22, 2, 2, 43, 0
1258, 22, 0, 2, 44, 0
1258, 22, 2, 3, 20, 0
1258, 22, 0, 3, 38, 0
1258, 22, 2, 4, 20, 0
1258, 22, 1, 4, 38, 0
1258, 22, 3, 4, 43, 0
1258, 22, 0, 4, 45, 0
1258, 22, 2, 4, 55, 0
1258, 22, 0, 5, 20, 0
1258, 22, 2, 5, 39, 0
1258, 22, 0, 5, 44, 0
1258, 22, 3, 5, 54, 0
1258, 22, 1, 5, 56, 0
1258, 22, 3, 5, 58, 0
1258, 22, 2, 6, 22, 0
1258, 22, 0, 6, 39, 0
1258, 22, 1, 7, 38, 0
1258, 22, 0, 7, 55, 0
1258, 22, 0, 8, 39, 0
1258, 22, 3, 9, 23, 0
1258, 22, 2, 9, 25, 0
1258, 22, 3, 9, 29, 0
1258, 22, 3, 9, 38, 0
1258, 22, 2, 10, 30, 0
1258, 22, 2, 12, 18, 0
1258, 22, 1, 12, 19, 0
1258, 22, 2, 12, 26, 0
1258, 22, 0, 12, 31, 0
1258, 22, 1, 12, 33, 0
1258, 22, 1, 13, 6, 0
1258, 22, 0, 13, 28, 0
1258, 22, 2, 13, 33, 0
1258, 22, 1, 13, 34, 0
1258, 22, 1, 13, 58, 0
1258, 22, 2, 14, 3, 0
1258, 22, 0, 14, 8, 0
1258, 22, 2, 14, 26, 0
1258, 22, 3, 14, 27, 0
1258, 22, 0, 15, 3, 0
1258, 22, 0, 15, 4, 0
1258, 22, 3, 15, 7, 0
1258, 22, 2, 15, 27, 0
1258, 22, 1, 16, 4, 0
1258, 22, 1, 16, 48, 0
1258, 22, 3, 17, 46, 0
1258, 22, 0, 17, 48, 0
1258, 22, 0, 18, 14, 0
1258, 22, 2, 18, 15, 0
1258, 22, 2, 18, 47, 0
1258, 22, 1, 19, 15, 0
1258, 22, 3, 19, 49, 0
1258, 22, 2, 19, 50, 0
1258, 22, 1, 20, 14, 0
1258, 22, 3, 21, 12, 0
1258, 22, 3, 22, 12, 0
1258, 22, 2, 22, 13, 0
1258, 22, 0, 23, 11, 0
1258, 22, 1, 29, 41, 0
1258, 22, 0, 29, 43, 0
1258, 22, 2, 30, 41, 0
1258, 22, 2, 30, 55, 0
1258, 22, 1, 31, 54, 0
1258, 22, 3, 31, 55, 0
1258, 22, 3, 33, 54, 0
1258, 22, 0, 34, 54, 0
1258, 22, 2, 34, 55, 0
1258, 22, 0, 34, 57, 0
1258, 22, 0, 35, 55, 0
1258, 22, 1, 35, 56, 0
1258, 22, 0, 36, 61, 0
1258, 22, 0, 37, 41, 0
1258, 22, 1, 37, 62, 0
1258, 22, 0, 38, 39, 0
1258, 22, 1, 38, 40, 0
1258, 22, 3, 38, 63, 0
1258, 22, 0, 39, 43, 0
1258, 22, 2, 39, 62, 0
1258, 22, 2, 40, 42, 0
1258, 22, 1, 41, 39, 0
1258, 22, 1, 41, 41, 0
1258, 22, 1, 41, 47, 0
1258, 22, 1, 42, 40, 0
1258, 22, 0, 42, 49, 0
1258, 22, 1, 42, 52, 0
1258, 22, 1, 43, 48, 0
1258, 22, 3, 44, 50, 0
1258, 22, 0, 44, 56, 0
1258, 22, 3, 45, 55, 0
1258, 22, 3, 45, 58, 0
1258, 22, 2, 45, 59, 0
1258, 22, 2, 46, 54, 0
1258, 22, 1, 47, 54, 0
1258, 22, 0, 49, 53, 0
1258, 22, 3, 50, 52, 0
1258, 22, 3, 51, 52, 0
1258, 22, 2, 52, 44, 0
1258, 22, 0, 52, 48, 0
1258, 22, 3, 52, 59, 0
1258, 22, 1, 53, 48, 0
1258, 22, 0, 53, 60, 0
1258, 22, 0, 54, 45, 0
1258, 22, 0, 54, 47, 0
1258, 22, 1, 54, 60, 0
1258, 22, 3, 55, 58, 0
1258, 22, 2, 55, 59, 0
1258, 22, 0, 56, 42, 0
1258, 22, 0, 56, 55, 0
1258, 22, 0, 56, 56, 0
1258, 22, 3, 56, 57, 0
1258, 22, 2, 57, 2, 0
1258, 22, 0, 57, 43, 0
1258, 22, 2, 57, 53, 0
1258, 22, 1, 57, 54, 0
1258, 22, 1, 58, 41, 0
1258, 22, 3, 58, 44, 0
1258, 22, 1, 59, 43, 0
1258, 22, 2, 60, 2, 0
1258, 22, 3, 60, 3, 0
1258, 22, 2, 60, 4, 0
1258, 22, 1, 60, 7, 0
1258, 22, 0, 60, 8, 0
1258, 22, 2, 60, 50, 0
1258, 22, 1, 61, 7, 0
1258, 22, 1, 62, 51, 0
1259, 22, 1, 0, 56, 0
1259, 22, 1, 1, 24, 0
1259, 22, 0, 1, 36, 0
1259, 22, 2, 3, 44, 0
1259, 22, 2, 4, 44, 0
1259, 22, 0, 4, 56, 0
1259, 22, 3, 5, 38, 0
1259, 22, 3, 5, 45, 0
1259, 22, 3, 5, 57, 0
1259, 22, 2, 6, 21, 0
1259, 22, 1, 6, 55, 0
1259, 22, 3, 6, 57, 0
1259, 22, 2, 6, 58, 0
1259, 22, 2, 7, 39, 0
1259, 22, 0, 7, 53, 0
1259, 22, 0, 7, 54, 0
1259, 22, 3, 8, 24, 0
1259, 22, 1, 8, 25, 0
1259, 22, 2, 8, 38, 0
1259, 22, 2, 9, 24, 0
1259, 22, 0, 9, 30, 0
1259, 22, 1, 10, 29, 0
1259, 22, 0, 11, 18, 0
1259, 22, 3, 12, 17, 0
1259, 22, 0, 12, 25, 0
1259, 22, 1, 12, 28, 0
1259, 22, 1, 12, 32, 0
1259, 22, 1, 13, 5, 0
1259, 22, 2, 13, 17, 0
1259, 22, 3, 13, 26, 0
1259, 22, 2, 14, 4, 0
1259, 22, 1, 14, 5, 0
1259, 22, 0, 14, 6, 0
1259, 22, 0, 14, 7, 0
1259, 22, 2, 14, 25, 0
1259, 22, 2, 14, 28, 0
1259, 22, 2, 15, 5, 0
1259, 22, 3, 15, 6, 0
1259, 22, 0, 17, 47, 0
1259, 22, 0, 17, 50, 0
1259, 22, 2, 18, 48, 0
1259, 22, 2, 18, 49, 0
1259, 22, 3, 18, 50, 0
1259, 22, 3, 19, 14, 0
1259, 22, 0, 21, 13, 0
1259, 22, 0, 21, 14, 0
1259, 22, 3, 22, 11, 0
1259, 22, 3, 27, 44, 0
1259, 22, 2, 28, 43, 0
1259, 22, 0, 29, 42, 0
1259, 22, 1, 30, 42, 0
1259, 22, 0, 31, 41, 0
1259, 22, 3, 32, 54, 0
1259, 22, 2, 32, 55, 0
1259, 22, 2, 33, 55, 0
1259, 22, 0, 34, 56, 0
1259, 22, 1, 35, 54, 0
1259, 22, 2, 37, 63, 0
1259, 22, 3, 38, 41, 0
1259, 22, 3, 38, 42, 0
1259, 22, 3, 38, 62, 0
1259, 22, 1, 39, 40, 0
1259, 22, 0, 39, 42, 0
1259, 22, 1, 40, 40, 0
1259, 22, 0, 40, 41, 0
1259, 22, 3, 42, 46, 0
1259, 22, 1, 42, 47, 0
1259, 22, 1, 42, 51, 0
1259, 22, 0, 43, 49, 0
1259, 22, 3, 43, 50, 0
1259, 22, 2, 43, 51, 0
1259, 22, 1, 45, 56, 0
1259, 22, 0, 45, 57, 0
1259, 22, 2, 46, 55, 0
1259, 22, 3, 50, 53, 0
1259, 22, 2, 52, 58, 0
1259, 22, 2, 53, 45, 0
1259, 22, 1, 53, 47, 0
1259, 22, 1, 54, 58, 0
1259, 22, 3, 54, 59, 0
1259, 22, 1, 55, 52, 0
1259, 22, 3, 55, 53, 0
1259, 22, 3, 55, 56, 0
1259, 22, 0, 55, 57, 0
1259, 22, 1, 56, 52, 0
1259, 22, 0, 56, 53, 0
1259, 22, 3, 56, 54, 0
1259, 22, 0, 57, 42, 0
1259, 22, 0, 58, 2, 0
1259, 22, 3, 58, 42, 0
1259, 22, 1, 58, 43, 0
1259, 22, 1, 59, 2, 0
1259, 22, 3, 59, 42, 0
1259, 22, 1, 60, 5, 0
1259, 22, 0, 60, 6, 0
1259, 22, 2, 61, 4, 0
1259, 22, 3, 61, 5, 0
1259, 22, 1, 61, 50, 0
1259, 22, 2, 61, 51, 0
1260, 22, 1, 39, 41, 0
1262, 22, 1, 58, 57, 0
1262, 22, 1, 58, 58, 0
1262, 22, 1, 58, 60, 0
1262, 22, 1, 58, 61, 0
1262, 22, 1, 60, 52, 0
1262, 22, 1, 61, 52, 0
1262, 22, 1, 61, 53, 0
1262, 22, 1, 61, 57, 0
1262, 22, 1, 62, 53, 0
1262, 22, 1, 62, 55, 0
1262, 22, 2, 62, 56, 0
1263, 22, 0, 57, 57, 0
1263, 22, 1, 57, 61, 0
1263, 22, 1, 59, 53, 0
1263, 22, 3, 59, 55, 0
1263, 22, 2, 60, 53, 0
1263, 22, 0, 61, 58, 0
1265, 22, 3, 10, 44, 0
1265, 22, 1, 31, 39, 0
1265, 22, 1, 54, 42, 0
1265, 22, 0, 54, 49, 0
1265, 22, 2, 60, 41, 0
1281, 10, 0, 1, 56, 0
1281, 10, 0, 8, 45, 0
1281, 10, 0, 24, 49, 0
1281, 10, 0, 59, 60, 0
1282, 10, 0, 0, 32, 0
1282, 10, 0, 2, 45, 0
1282, 10, 0, 9, 20, 0
1282, 10, 3, 13, 36, 0
1282, 10, 2, 17, 35, 0
1282, 10, 2, 18, 31, 0
1282, 10, 0, 19, 3, 0
1282, 10, 0, 19, 12, 0
1282, 10, 2, 21, 53, 0
1282, 10, 1, 23, 60, 0
1282, 10, 2, 25, 21, 0
1282, 10, 3, 33, 62, 0
1282, 10, 2, 36, 13, 0
1282, 10, 0, 41, 43, 0
1282, 10, 0, 57, 48, 0
1282, 10, 0, 61, 38, 0
1286, 10, 0, 5, 46, 0
1286, 10, 0, 27, 33, 0
1286, 10, 1, 27, 54, 0
1286, 10, 3, 45, 53, 0
1297, 10, 2, 6, 41, 0
1297, 10, 2, 20, 44, 0
1298, 10, 1, 16, 3, 0
1298, 10, 2, 21, 0, 0
1298, 10, 1, 29, 13, 0
1298, 10, 3, 52, 28, 0
1298, 10, 0, 58, 44, 0
1298, 10, 0, 63, 21, 0
1300, 10, 0, 10, 28, 0
1300, 10, 2, 21, 58, 0
1300, 10, 0, 42, 54, 0
1300, 10, 1, 44, 59, 0
1341, 10, 0, 8, 39, 0
1341, 11, 3, 17, 1, 0
1341, 10, 3, 23, 45, 0
1341, 11, 3, 29, 44, 0
1341, 11, 3, 61, 12, 0
1341, 11, 1, 62, 4, 0
1341, 11, 3, 62, 49, 0
1516, 0, 1, 34, 44, 0
1519, 0, 1, 35, 44, 0
1530, 0, 2, 5, 52, 0
1530, 0, 2, 7, 26, 0
1530, 0, 1, 9, 14, 0
1530, 0, 3, 10, 32, 0
1530, 0, 3, 18, 59, 0
1530, 0, 3, 30, 56, 0
1530, 0, 3, 39, 56, 0
1530, 0, 0, 45, 46, 0
1530, 0, 3, 48, 45, 0
1530, 0, 0, 49, 7, 0
1530, 0, 3, 49, 55, 0
1530, 0, 2, 52, 46, 0
1530, 0, 0, 53, 14, 0
1530, 0, 1, 56, 9, 1
1531, 0, 1, 24, 57, 0
1533, 0, 1, 35, 52, 0
1533, 0, 3, 56, 11, 0
1568, 22, 0, 33, 26, 3
1602, 3, 1, 18, 6, 0
1602, 3, 1, 19, 8, 0
1602, 3, 1, 49, 38, 0
1602, 3, 1, 50, 41, 0
1602, 3, 2, 52, 38, 0
1602, 3, 2, 53, 41, 0
1602, 3, 2, 54, 38, 0
1602, 3, 2, 55, 41, 0
1610, 10, 0, 31, 26, 0
1610, 10, 0, 31, 27, 0
1610, 10, 3, 32, 25, 0
1610, 10, 1, 32, 28, 0
1610, 10, 3, 33, 25, 0
1610, 10, 1, 33, 28, 0
1610, 10, 2, 34, 26, 0
1610, 10, 2, 34, 27, 0
1611, 10, 0, 31, 26, 2
1611, 10, 0, 31, 27, 2
1611, 10, 3, 32, 25, 2
1611, 10, 1, 32, 28, 2
1611, 10, 3, 33, 25, 2
1611, 10, 1, 33, 28, 2
1611, 10, 2, 34, 26, 2
1611, 10, 2, 34, 27, 2
1612, 10, 0, 32, 26, 0
1612, 10, 0, 32, 27, 0
1612, 10, 0, 33, 26, 0
1612, 10, 0, 33, 27, 0
1612, 10, 0, 32, 26, 1
1612, 10, 0, 32, 27, 1
1612, 10, 0, 33, 26, 1
1612, 10, 0, 33, 27, 1
1612, 10, 0, 32, 26, 2
1612, 10, 0, 32, 27, 2
1612, 10, 0, 33, 26, 2
1612, 10, 0, 33, 27, 2
1642, 13, 1, 2, 48, 1
1642, 12, 2, 2, 49, 1
1642, 12, 2, 2, 50, 1
1642, 12, 2, 2, 51, 1
1642, 12, 2, 2, 52, 1
1642, 13, 2, 2, 53, 1
1642, 16, 1, 3, 3, 1
1642, 12, 2, 3, 4, 1
1642, 12, 2, 3, 5, 1
1642, 12, 2, 3, 6, 1
1642, 12, 2, 3, 7, 1
1642, 12, 2, 3, 8, 1
1642, 12, 2, 3, 9, 1
1642, 12, 2, 3, 10, 1
1642, 12, 2, 3, 11, 1
1642, 12, 2, 3, 12, 1
1642, 12, 2, 3, 13, 1
1642, 12, 2, 3, 14, 1
1642, 12, 2, 3, 15, 1
1642, 12, 2, 3, 16, 1
1642, 12, 2, 3, 17, 1
1642, 16, 2, 3, 18, 1
1642, 16, 1, 3, 23, 1
1642, 12, 2, 3, 24, 1
1642, 12, 2, 3, 25, 1
1642, 12, 2, 3, 26, 1
1642, 12, 2, 3, 27, 1
1642, 12, 2, 3, 28, 1
1642, 12, 2, 3, 29, 1
1642, 16, 2, 3, 30, 1
1642, 16, 1, 3, 34, 1
1642, 12, 2, 3, 35, 1
1642, 12, 2, 3, 36, 1
1642, 16, 2, 3, 37, 1
1642, 12, 1, 3, 48, 1
1642, 17, 3, 3, 49, 1
1642, 17, 3, 3, 50, 1
1642, 17, 3, 3, 51, 1
1642, 17, 3, 3, 52, 1
1642, 12, 3, 3, 53, 1
1642, 12, 1, 4, 3, 1
1642, 17, 3, 4, 4, 1
1642, 17, 3, 4, 5, 1
1642, 17, 3, 4, 6, 1
1642, 17, 3, 4, 7, 1
1642, 17, 3, 4, 8, 1
1642, 17, 3, 4, 9, 1
1642, 17, 3, 4, 10, 1
1642, 17, 3, 4, 11, 1
1642, 17, 3, 4, 12, 1
1642, 17, 3, 4, 13, 1
1642, 17, 3, 4, 14, 1
1642, 17, 3, 4, 15, 1
1642, 17, 3, 4, 16, 1
1642, 17, 3, 4, 17, 1
1642, 12, 3, 4, 18, 1
1642, 12, 1, 4, 23, 1
1642, 17, 3, 4, 24, 1
1642, 17, 3, 4, 25, 1
1642, 17, 3, 4, 26, 1
1642, 17, 3, 4, 27, 1
1642, 17, 3, 4, 28, 1
1642, 17, 3, 4, 29, 1
1642, 12, 3, 4, 30, 1
1642, 12, 1, 4, 34, 1
1642, 17, 0, 4, 35, 1
1642, 17, 0, 4, 36, 1
1642, 12, 3, 4, 37, 1
1642, 12, 1, 4, 48, 1
1642, 17, 3, 4, 49, 1
1642, 17, 3, 4, 50, 1
1642, 17, 3, 4, 51, 1
1642, 17, 3, 4, 52, 1
1642, 12, 3, 4, 53, 1
1642, 12, 1, 5, 3, 1
1642, 17, 3, 5, 4, 1
1642, 17, 3, 5, 5, 1
1642, 17, 3, 5, 6, 1
1642, 17, 3, 5, 7, 1
1642, 17, 3, 5, 8, 1
1642, 17, 3, 5, 9, 1
1642, 17, 3, 5, 10, 1
1642, 17, 3, 5, 11, 1
1642, 17, 3, 5, 12, 1
1642, 17, 3, 5, 13, 1
1642, 17, 3, 5, 14, 1
1642, 17, 3, 5, 15, 1
1642, 17, 3, 5, 16, 1
1642, 17, 3, 5, 17, 1
1642, 12, 3, 5, 18, 1
1642, 12, 1, 5, 23, 1
1642, 17, 3, 5, 24, 1
1642, 17, 3, 5, 25, 1
1642, 17, 3, 5, 26, 1
1642, 17, 3, 5, 27, 1
1642, 15, 3, 5, 28, 1
1642, 12, 0, 5, 29, 1
1642, 16, 3, 5, 30, 1
1642, 12, 1, 5, 34, 1
1642, 17, 0, 5, 35, 1
1642, 17, 0, 5, 36, 1
1642, 12, 3, 5, 37, 1
1642, 12, 1, 5, 48, 1
1642, 17, 3, 5, 49, 1
1642, 15, 3, 5, 50, 1
1642, 12, 0, 5, 51, 1
1642, 12, 0, 5, 52, 1
1642, 13, 3, 5, 53, 1
1642, 12, 1, 6, 3, 1
1642, 17, 3, 6, 4, 1
1642, 17, 3, 6, 5, 1
1642, 17, 3, 6, 6, 1
1642, 17, 3, 6, 7, 1
1642, 17, 3, 6, 8, 1
1642, 17, 3, 6, 9, 1
1642, 17, 3, 6, 10, 1
1642, 17, 3, 6, 11, 1
1642, 17, 3, 6, 12, 1
1642, 17, 3, 6, 13, 1
1642, 17, 3, 6, 14, 1
1642, 17, 3, 6, 15, 1
1642, 17, 3, 6, 16, 1
1642, 17, 3, 6, 17, 1
1642, 12, 3, 6, 18, 1
1642, 12, 1, 6, 23, 1
1642, 17, 3, 6, 24, 1
1642, 17, 3, 6, 25, 1
1642, 17, 3, 6, 26, 1
1642, 17, 3, 6, 27, 1
1642, 12, 3, 6, 28, 1
1642, 12, 1, 6, 34, 1
1642, 17, 0, 6, 35, 1
1642, 17, 0, 6, 36, 1
1642, 12, 3, 6, 37, 1
1642, 12, 1, 6, 48, 1
1642, 17, 3, 6, 49, 1
1642, 12, 3, 6, 50, 1
1642, 12, 1, 7, 3, 1
1642, 17, 3, 7, 4, 1
1642, 17, 3, 7, 5, 1
1642, 17, 3, 7, 6, 1
1642, 17, 3, 7, 7, 1
1642, 17, 3, 7, 8, 1
1642, 17, 3, 7, 9, 1
1642, 17, 3, 7, 10, 1
1642, 17, 3, 7, 11, 1
1642, 17, 3, 7, 12, 1
1642, 17, 3, 7, 13, 1
1642, 15, 3, 7, 14, 1
1642, 12, 0, 7, 15, 1
1642, 12, 0, 7, 16, 1
1642, 12, 0, 7, 17, 1
1642, 16, 3, 7, 18, 1
1642, 16, 0, 7, 23, 1
1642, 12, 0, 7, 24, 1
1642, 12, 0, 7, 25, 1
1642, 12, 0, 7, 26, 1
1642, 12, 0, 7, 27, 1
1642, 16, 3, 7, 28, 1
1642, 12, 1, 7, 34, 1
1642, 17, 0, 7, 35, 1
1642, 17, 0, 7, 36, 1
1642, 12, 3, 7, 37, 1
1642, 13, 0, 7, 48, 1
1642, 12, 0, 7, 49, 1
1642, 13, 3, 7, 50, 1
1642, 12, 1, 8, 3, 1
1642, 17, 3, 8, 4, 1
1642, 17, 3, 8, 5, 1
1642, 17, 3, 8, 6, 1
1642, 17, 3, 8, 7, 1
1642, 17, 3, 8, 8, 1
1642, 17, 3, 8, 9, 1
1642, 17, 3, 8, 10, 1
1642, 17, 3, 8, 11, 1
1642, 17, 3, 8, 12, 1
1642, 17, 3, 8, 13, 1
1642, 12, 3, 8, 14, 1
1642, 16, 1, 8, 32, 1
1642, 12, 2, 8, 33, 1
1642, 15, 1, 8, 34, 1
1642, 17, 0, 8, 35, 1
1642, 17, 0, 8, 36, 1
1642, 12, 3, 8, 37, 1
1642, 12, 1, 9, 3, 1
1642, 17, 3, 9, 4, 1
1642, 17, 3, 9, 5, 1
1642, 17, 3, 9, 6, 1
1642, 17, 3, 9, 7, 1
1642, 17, 3, 9, 8, 1
1642, 17, 3, 9, 9, 1
1642, 17, 3, 9, 10, 1
1642, 17, 3, 9, 11, 1
1642, 17, 3, 9, 12, 1
1642, 17, 3, 9, 13, 1
1642, 12, 3, 9, 14, 1
1642, 12, 1, 9, 32, 1
1642, 17, 0, 9, 33, 1
1642, 17, 0, 9, 34, 1
1642, 17, 0, 9, 35, 1
1642, 17, 0, 9, 36, 1
1642, 12, 3, 9, 37, 1
1642, 12, 1, 10, 3, 1
1642, 17, 3, 10, 4, 1
1642, 17, 3, 10, 5, 1
1642, 17, 3, 10, 6, 1
1642, 17, 3, 10, 7, 1
1642, 15, 3, 10, 8, 1
1642, 12, 0, 10, 9, 1
1642, 12, 0, 10, 10, 1
1642, 12, 0, 10, 11, 1
1642, 12, 0, 10, 12, 1
1642, 12, 0, 10, 13, 1
1642, 16, 3, 10, 14, 1
1642, 12, 1, 10, 32, 1
1642, 17, 0, 10, 33, 1
1642, 17, 0, 10, 34, 1
1642, 17, 0, 10, 35, 1
1642, 17, 0, 10, 36, 1
1642, 12, 3, 10, 37, 1
1642, 12, 1, 11, 3, 1
1642, 17, 3, 11, 4, 1
1642, 17, 3, 11, 5, 1
1642, 17, 3, 11, 6, 1
1642, 17, 3, 11, 7, 1
1642, 12, 3, 11, 8, 1
1642, 16, 0, 11, 32, 1
1642, 12, 0, 11, 33, 1
1642, 12, 0, 11, 34, 1
1642, 12, 0, 11, 35, 1
1642, 12, 0, 11, 36, 1
1642, 16, 3, 11, 37, 1
1642, 16, 0, 12, 3, 1
1642, 12, 0, 12, 4, 1
1642, 12, 0, 12, 5, 1
1642, 12, 0, 12, 6, 1
1642, 12, 0, 12, 7, 1
1642, 16, 3, 12, 8, 1
1642, 13, 1, 25, 3, 1
1642, 12, 2, 25, 4, 1
1642, 12, 2, 25, 5, 1
1642, 12, 2, 25, 6, 1
1642, 12, 2, 25, 7, 1
1642, 13, 2, 25, 8, 1
1642, 16, 1, 25, 56, 1
1642, 12, 2, 25, 57, 1
1642, 16, 2, 25, 58, 1
1642, 12, 1, 26, 3, 1
1642, 17, 3, 26, 4, 1
1642, 17, 3, 26, 5, 1
1642, 17, 3, 26, 6, 1
1642, 17, 3, 26, 7, 1
1642, 12, 3, 26, 8, 1
1642, 12, 1, 26, 56, 1
1642, 17, 3, 26, 57, 1
1642, 12, 3, 26, 58, 1
1642, 12, 1, 27, 3, 1
1642, 17, 3, 27, 4, 1
1642, 17, 3, 27, 5, 1
1642, 17, 3, 27, 6, 1
1642, 17, 3, 27, 7, 1
1642, 12, 3, 27, 8, 1
1642, 12, 1, 27, 56, 1
1642, 17, 3, 27, 57, 1
1642, 12, 3, 27, 58, 1
1642, 12, 1, 28, 3, 1
1642, 17, 3, 28, 4, 1
1642, 17, 3, 28, 5, 1
1642, 17, 3, 28, 6, 1
1642, 17, 3, 28, 7, 1
1642, 12, 3, 28, 8, 1
1642, 12, 1, 28, 56, 1
1642, 17, 3, 28, 57, 1
1642, 15, 2, 28, 58, 1
1642, 12, 2, 28, 59, 1
1642, 16, 2, 28, 60, 1
1642, 12, 1, 29, 3, 1
1642, 17, 3, 29, 4, 1
1642, 17, 3, 29, 5, 1
1642, 17, 3, 29, 6, 1
1642, 17, 3, 29, 7, 1
1642, 12, 3, 29, 8, 1
1642, 13, 1, 29, 45, 1
1642, 12, 2, 29, 46, 1
1642, 12, 2, 29, 47, 1
1642, 12, 2, 29, 48, 1
1642, 16, 2, 29, 49, 1
1642, 12, 1, 29, 56, 1
1642, 17, 3, 29, 57, 1
1642, 17, 3, 29, 58, 1
1642, 17, 3, 29, 59, 1
1642, 12, 3, 29, 60, 1
1642, 12, 1, 30, 3, 1
1642, 17, 3, 30, 4, 1
1642, 17, 3, 30, 5, 1
1642, 17, 3, 30, 6, 1
1642, 17, 3, 30, 7, 1
1642, 12, 3, 30, 8, 1
1642, 12, 1, 30, 45, 1
1642, 17, 3, 30, 46, 1
1642, 17, 3, 30, 47, 1
1642, 17, 3, 30, 48, 1
1642, 12, 3, 30, 49, 1
1642, 12, 1, 30, 56, 1
1642, 17, 3, 30, 57, 1
1642, 17, 3, 30, 58, 1
1642, 17, 3, 30, 59, 1
1642, 12, 3, 30, 60, 1
1642, 12, 1, 31, 3, 1
1642, 17, 3, 31, 4, 1
1642, 17, 3, 31, 5, 1
1642, 17, 3, 31, 6, 1
1642, 17, 3, 31, 7, 1
1642, 12, 3, 31, 8, 1
1642, 12, 1, 31, 45, 1
1642, 17, 3, 31, 46, 1
1642, 17, 3, 31, 47, 1
1642, 17, 3, 31, 48, 1
1642, 15, 2, 31, 49, 1
1642, 12, 2, 31, 50, 1
1642, 12, 2, 31, 51, 1
1642, 16, 2, 31, 52, 1
1642, 12, 1, 31, 56, 1
1642, 17, 3, 31, 57, 1
1642, 17, 3, 31, 58, 1
1642, 17, 3, 31, 59, 1
1642, 12, 3, 31, 60, 1
1642, 12, 1, 32, 3, 1
1642, 17, 3, 32, 4, 1
1642, 17, 3, 32, 5, 1
1642, 17, 3, 32, 6, 1
1642, 17, 3, 32, 7, 1
1642, 12, 3, 32, 8, 1
1642, 12, 1, 32, 45, 1
1642, 17, 3, 32, 46, 1
1642, 17, 3, 32, 47, 1
1642, 17, 3, 32, 48, 1
1642, 17, 3, 32, 49, 1
1642, 17, 3, 32, 50, 1
1642, 17, 3, 32, 51, 1
1642, 12, 3, 32, 52, 1
1642, 12, 1, 32, 56, 1
1642, 17, 3, 32, 57, 1
1642, 17, 3, 32, 58, 1
1642, 17, 3, 32, 59, 1
1642, 12, 3, 32, 60, 1
1642, 12, 1, 33, 3, 1
1642, 17, 3, 33, 4, 1
1642, 17, 3, 33, 5, 1
1642, 17, 3, 33, 6, 1
1642, 17, 3, 33, 7, 1
1642, 12, 3, 33, 8, 1
1642, 12, 1, 33, 45, 1
1642, 17, 3, 33, 46, 1
1642, 17, 3, 33, 47, 1
1642, 17, 3, 33, 48, 1
1642, 17, 3, 33, 49, 1
1642, 17, 3, 33, 50, 1
1642, 17, 3, 33, 51, 1
1642, 12, 3, 33, 52, 1
1642, 16, 0, 33, 56, 1
1642, 12, 0, 33, 57, 1
1642, 12, 0, 33, 58, 1
1642, 12, 0, 33, 59, 1
1642, 16, 3, 33, 60, 1
1642, 12, 1, 34, 3, 1
1642, 17, 3, 34, 4, 1
1642, 17, 3, 34, 5, 1
1642, 17, 3, 34, 6, 1
1642, 17, 3, 34, 7, 1
1642, 12, 3, 34, 8, 1
1642, 12, 1, 34, 45, 1
1642, 17, 3, 34, 46, 1
1642, 17, 3, 34, 47, 1
1642, 17, 3, 34, 48, 1
1642, 17, 3, 34, 49, 1
1642, 17, 3, 34, 50, 1
1642, 17, 3, 34, 51, 1
1642, 12, 3, 34, 52, 1
1642, 12, 1, 35, 3, 1
1642, 17, 3, 35, 4, 1
1642, 17, 3, 35, 5, 1
1642, 17, 3, 35, 6, 1
1642, 17, 3, 35, 7, 1
1642, 12, 3, 35, 8, 1
1642, 12, 1, 35, 45, 1
1642, 17, 3, 35, 46, 1
1642, 17, 3, 35, 47, 1
1642, 17, 3, 35, 48, 1
1642, 17, 3, 35, 49, 1
1642, 17, 3, 35, 50, 1
1642, 17, 3, 35, 51, 1
1642, 12, 3, 35, 52, 1
1642, 12, 1, 36, 3, 1
1642, 17, 3, 36, 4, 1
1642, 17, 3, 36, 5, 1
1642, 17, 3, 36, 6, 1
1642, 17, 3, 36, 7, 1
1642, 12, 3, 36, 8, 1
1642, 12, 1, 36, 45, 1
1642, 17, 3, 36, 46, 1
1642, 17, 3, 36, 47, 1
1642, 17, 3, 36, 48, 1
1642, 17, 3, 36, 49, 1
1642, 17, 3, 36, 50, 1
1642, 17, 3, 36, 51, 1
1642, 12, 3, 36, 52, 1
1642, 12, 1, 37, 3, 1
1642, 17, 3, 37, 4, 1
1642, 17, 3, 37, 5, 1
1642, 17, 3, 37, 6, 1
1642, 17, 3, 37, 7, 1
1642, 12, 3, 37, 8, 1
1642, 12, 1, 37, 45, 1
1642, 17, 3, 37, 46, 1
1642, 17, 3, 37, 47, 1
1642, 17, 3, 37, 48, 1
1642, 17, 3, 37, 49, 1
1642, 17, 3, 37, 50, 1
1642, 17, 3, 37, 51, 1
1642, 12, 3, 37, 52, 1
1642, 13, 1, 37, 56, 1
1642, 12, 2, 37, 57, 1
1642, 12, 2, 37, 58, 1
1642, 16, 2, 37, 59, 1
1642, 12, 1, 38, 3, 1
1642, 17, 3, 38, 4, 1
1642, 17, 3, 38, 5, 1
1642, 17, 3, 38, 6, 1
1642, 17, 3, 38, 7, 1
1642, 12, 3, 38, 8, 1
1642, 12, 1, 38, 45, 1
1642, 17, 3, 38, 46, 1
1642, 17, 3, 38, 47, 1
1642, 17, 3, 38, 48, 1
1642, 15, 3, 38, 49, 1
1642, 12, 0, 38, 50, 1
1642, 12, 0, 38, 51, 1
1642, 16, 3, 38, 52, 1
1642, 12, 1, 38, 56, 1
1642, 17, 3, 38, 57, 1
1642, 17, 3, 38, 58, 1
1642, 12, 3, 38, 59, 1
1642, 12, 1, 39, 3, 1
1642, 17, 3, 39, 4, 1
1642, 17, 3, 39, 5, 1
1642, 17, 3, 39, 6, 1
1642, 17, 3, 39, 7, 1
1642, 12, 3, 39, 8, 1
1642, 12, 1, 39, 45, 1
1642, 17, 3, 39, 46, 1
1642, 17, 3, 39, 47, 1
1642, 17, 3, 39, 48, 1
1642, 12, 3, 39, 49, 1
1642, 12, 1, 39, 56, 1
1642, 17, 3, 39, 57, 1
1642, 17, 3, 39, 58, 1
1642, 12, 3, 39, 59, 1
1642, 12, 1, 40, 3, 1
1642, 17, 3, 40, 4, 1
1642, 17, 3, 40, 5, 1
1642, 17, 3, 40, 6, 1
1642, 17, 3, 40, 7, 1
1642, 12, 3, 40, 8, 1
1642, 13, 0, 40, 45, 1
1642, 12, 0, 40, 46, 1
1642, 12, 0, 40, 47, 1
1642, 12, 0, 40, 48, 1
1642, 16, 3, 40, 49, 1
1642, 12, 1, 40, 56, 1
1642, 17, 3, 40, 57, 1
1642, 17, 3, 40, 58, 1
1642, 12, 3, 40, 59, 1
1642, 12, 1, 41, 3, 1
1642, 17, 3, 41, 4, 1
1642, 17, 3, 41, 5, 1
1642, 17, 3, 41, 6, 1
1642, 17, 3, 41, 7, 1
1642, 12, 3, 41, 8, 1
1642, 13, 0, 41, 56, 1
1642, 12, 0, 41, 57, 1
1642, 12, 0, 41, 58, 1
1642, 16, 3, 41, 59, 1
1642, 12, 1, 42, 3, 1
1642, 17, 3, 42, 4, 1
1642, 17, 3, 42, 5, 1
1642, 17, 3, 42, 6, 1
1642, 17, 3, 42, 7, 1
1642, 12, 3, 42, 8, 1
1642, 13, 0, 43, 3, 1
1642, 12, 0, 43, 4, 1
1642, 15, 0, 43, 5, 1
1642, 15, 3, 43, 6, 1
1642, 12, 0, 43, 7, 1
1642, 13, 3, 43, 8, 1
1642, 12, 1, 44, 5, 1
1642, 12, 3, 44, 6, 1
1642, 12, 1, 45, 5, 1
1642, 12, 3, 45, 6, 1
1642, 16, 1, 45, 45, 1
1642, 12, 2, 45, 46, 1
1642, 16, 2, 45, 47, 1
1642, 12, 1, 46, 5, 1
1642, 12, 3, 46, 6, 1
1642, 12, 1, 46, 45, 1
1642, 17, 3, 46, 46, 1
1642, 15, 2, 46, 47, 1
1642, 12, 2, 46, 48, 1
1642, 12, 2, 46, 49, 1
1642, 12, 2, 46, 50, 1
1642, 16, 2, 46, 51, 1
1642, 12, 1, 47, 45, 1
1642, 17, 3, 47, 46, 1
1642, 17, 3, 47, 47, 1
1642, 17, 3, 47, 48, 1
1642, 17, 3, 47, 49, 1
1642, 17, 3, 47, 50, 1
1642, 12, 3, 47, 51, 1
1642, 13, 1, 47, 55, 1
1642, 12, 2, 47, 56, 1
1642, 12, 2, 47, 57, 1
1642, 12, 2, 47, 58, 1
1642, 16, 2, 47, 59, 1
1642, 12, 1, 48, 45, 1
1642, 17, 3, 48, 46, 1
1642, 17, 3, 48, 47, 1
1642, 17, 3, 48, 48, 1
1642, 17, 3, 48, 49, 1
1642, 17, 3, 48, 50, 1
1642, 12, 3, 48, 51, 1
1642, 12, 1, 48, 55, 1
1642, 17, 3, 48, 56, 1
1642, 17, 3, 48, 57, 1
1642, 17, 3, 48, 58, 1
1642, 12, 3, 48, 59, 1
1642, 12, 1, 49, 45, 1
1642, 17, 3, 49, 46, 1
1642, 15, 3, 49, 47, 1
1642, 12, 0, 49, 48, 1
1642, 12, 0, 49, 49, 1
1642, 12, 0, 49, 50, 1
1642, 16, 3, 49, 51, 1
1642, 12, 1, 49, 55, 1
1642, 17, 3, 49, 56, 1
1642, 17, 3, 49, 57, 1
1642, 17, 3, 49, 58, 1
1642, 12, 3, 49, 59, 1
1642, 12, 1, 50, 45, 1
1642, 17, 3, 50, 46, 1
1642, 12, 3, 50, 47, 1
1642, 12, 1, 50, 55, 1
1642, 17, 3, 50, 56, 1
1642, 17, 3, 50, 57, 1
1642, 17, 3, 50, 58, 1
1642, 12, 3, 50, 59, 1
1642, 12, 1, 51, 45, 1
1642, 17, 3, 51, 46, 1
1642, 12, 3, 51, 47, 1
1642, 12, 1, 51, 55, 1
1642, 17, 3, 51, 56, 1
1642, 15, 3, 51, 57, 1
1642, 12, 0, 51, 58, 1
1642, 16, 3, 51, 59, 1
1642, 16, 0, 52, 45, 1
1642, 12, 0, 52, 46, 1
1642, 16, 3, 52, 47, 1
1642, 16, 1, 52, 53, 1
1642, 12, 2, 52, 54, 1
1642, 15, 1, 52, 55, 1
1642, 17, 3, 52, 56, 1
1642, 12, 3, 52, 57, 1
1642, 12, 1, 53, 53, 1
1642, 17, 3, 53, 54, 1
1642, 17, 3, 53, 55, 1
1642, 17, 3, 53, 56, 1
1642, 12, 3, 53, 57, 1
1642, 13, 1, 54, 19, 1
1642, 12, 2, 54, 20, 1
1642, 12, 2, 54, 21, 1
1642, 12, 2, 54, 22, 1
1642, 12, 2, 54, 23, 1
1642, 12, 2, 54, 24, 1
1642, 12, 2, 54, 25, 1
1642, 12, 2, 54, 26, 1
1642, 12, 2, 54, 27, 1
1642, 12, 2, 54, 28, 1
1642, 12, 2, 54, 29, 1
1642, 12, 2, 54, 30, 1
1642, 12, 2, 54, 31, 1
1642, 12, 2, 54, 32, 1
1642, 12, 2, 54, 33, 1
1642, 12, 2, 54, 34, 1
1642, 13, 2, 54, 35, 1
1642, 13, 0, 54, 53, 1
1642, 12, 0, 54, 54, 1
1642, 12, 0, 54, 55, 1
1642, 12, 0, 54, 56, 1
1642, 13, 3, 54, 57, 1
1642, 12, 1, 55, 19, 1
1642, 17, 3, 55, 20, 1
1642, 17, 3, 55, 21, 1
1642, 17, 3, 55, 22, 1
1642, 17, 3, 55, 23, 1
1642, 17, 3, 55, 24, 1
1642, 17, 3, 55, 25, 1
1642, 17, 3, 55, 26, 1
1642, 17, 3, 55, 27, 1
1642, 17, 3, 55, 28, 1
1642, 17, 3, 55, 29, 1
1642, 17, 3, 55, 30, 1
1642, 17, 3, 55, 31, 1
1642, 17, 3, 55, 32, 1
1642, 17, 3, 55, 33, 1
1642, 17, 3, 55, 34, 1
1642, 12, 3, 55, 35, 1
1642, 12, 2, 56, 16, 1
1642, 12, 2, 56, 17, 1
1642, 12, 2, 56, 18, 1
1642, 15, 1, 56, 19, 1
1642, 17, 3, 56, 20, 1
1642, 17, 3, 56, 21, 1
1642, 17, 3, 56, 22, 1
1642, 17, 3, 56, 23, 1
1642, 17, 3, 56, 24, 1
1642, 17, 3, 56, 25, 1
1642, 17, 3, 56, 26, 1
1642, 17, 3, 56, 27, 1
1642, 17, 3, 56, 28, 1
1642, 17, 3, 56, 29, 1
1642, 17, 3, 56, 30, 1
1642, 17, 3, 56, 31, 1
1642, 17, 3, 56, 32, 1
1642, 17, 3, 56, 33, 1
1642, 17, 3, 56, 34, 1
1642, 12, 3, 56, 35, 1
1642, 12, 0, 57, 16, 1
1642, 12, 0, 57, 17, 1
1642, 12, 0, 57, 18, 1
1642, 15, 0, 57, 19, 1
1642, 17, 3, 57, 20, 1
1642, 17, 3, 57, 21, 1
1642, 17, 3, 57, 22, 1
1642, 17, 3, 57, 23, 1
1642, 17, 3, 57, 24, 1
1642, 17, 3, 57, 25, 1
1642, 17, 3, 57, 26, 1
1642, 17, 3, 57, 27, 1
1642, 17, 3, 57, 28, 1
1642, 17, 3, 57, 29, 1
1642, 17, 3, 57, 30, 1
1642, 17, 3, 57, 31, 1
1642, 17, 3, 57, 32, 1
1642, 17, 3, 57, 33, 1
1642, 17, 3, 57, 34, 1
1642, 12, 3, 57, 35, 1
1642, 12, 1, 58, 19, 1
1642, 17, 3, 58, 20, 1
1642, 17, 3, 58, 21, 1
1642, 17, 3, 58, 22, 1
1642, 17, 3, 58, 23, 1
1642, 17, 3, 58, 24, 1
1642, 17, 3, 58, 25, 1
1642, 17, 3, 58, 26, 1
1642, 17, 3, 58, 27, 1
1642, 17, 3, 58, 28, 1
1642, 17, 3, 58, 29, 1
1642, 17, 3, 58, 30, 1
1642, 17, 3, 58, 31, 1
1642, 17, 3, 58, 32, 1
1642, 17, 3, 58, 33, 1
1642, 17, 3, 58, 34, 1
1642, 12, 3, 58, 35, 1
1642, 13, 0, 59, 19, 1
1642, 12, 0, 59, 20, 1
1642, 12, 0, 59, 21, 1
1642, 12, 0, 59, 22, 1
1642, 12, 0, 59, 23, 1
1642, 12, 0, 59, 24, 1
1642, 12, 0, 59, 25, 1
1642, 12, 0, 59, 26, 1
1642, 12, 0, 59, 27, 1
1642, 12, 0, 59, 28, 1
1642, 12, 0, 59, 29, 1
1642, 12, 0, 59, 30, 1
1642, 12, 0, 59, 31, 1
1642, 12, 0, 59, 32, 1
1642, 12, 0, 59, 33, 1
1642, 12, 0, 59, 34, 1
1642, 13, 3, 59, 35, 1
1642, 13, 1, 47, 3, 3
1642, 12, 2, 47, 4, 3
1642, 12, 2, 47, 5, 3
1642, 12, 2, 47, 6, 3
1642, 12, 2, 47, 7, 3
1642, 12, 2, 47, 8, 3
1642, 16, 2, 47, 9, 3
1642, 12, 1, 48, 3, 3
1642, 17, 1, 48, 4, 3
1642, 17, 1, 48, 5, 3
1642, 17, 1, 48, 6, 3
1642, 17, 1, 48, 7, 3
1642, 17, 1, 48, 8, 3
1642, 12, 3, 48, 9, 3
1642, 12, 1, 49, 3, 3
1642, 17, 1, 49, 4, 3
1642, 17, 1, 49, 5, 3
1642, 17, 1, 49, 6, 3
1642, 17, 1, 49, 7, 3
1642, 17, 1, 49, 8, 3
1642, 12, 3, 49, 9, 3
1642, 12, 1, 50, 3, 3
1642, 17, 1, 50, 4, 3
1642, 17, 1, 50, 5, 3
1642, 17, 1, 50, 6, 3
1642, 17, 1, 50, 7, 3
1642, 17, 1, 50, 8, 3
1642, 12, 3, 50, 9, 3
1642, 12, 1, 51, 3, 3
1642, 17, 1, 51, 4, 3
1642, 17, 1, 51, 5, 3
1642, 17, 1, 51, 6, 3
1642, 17, 1, 51, 7, 3
1642, 17, 1, 51, 8, 3
1642, 12, 3, 51, 9, 3
1642, 12, 1, 52, 3, 3
1642, 17, 1, 52, 4, 3
1642, 17, 1, 52, 5, 3
1642, 17, 1, 52, 6, 3
1642, 17, 1, 52, 7, 3
1642, 17, 1, 52, 8, 3
1642, 12, 3, 52, 9, 3
1642, 12, 1, 53, 3, 3
1642, 17, 1, 53, 4, 3
1642, 17, 1, 53, 5, 3
1642, 17, 1, 53, 6, 3
1642, 17, 1, 53, 7, 3
1642, 17, 1, 53, 8, 3
1642, 12, 3, 53, 9, 3
1642, 12, 1, 54, 3, 3
1642, 17, 1, 54, 4, 3
1642, 17, 1, 54, 5, 3
1642, 17, 1, 54, 6, 3
1642, 17, 1, 54, 7, 3
1642, 17, 1, 54, 8, 3
1642, 12, 3, 54, 9, 3
1642, 12, 1, 55, 3, 3
1642, 17, 1, 55, 4, 3
1642, 17, 1, 55, 5, 3
1642, 17, 1, 55, 6, 3
1642, 17, 1, 55, 7, 3
1642, 17, 1, 55, 8, 3
1642, 12, 3, 55, 9, 3
1642, 12, 1, 56, 3, 3
1642, 17, 1, 56, 4, 3
1642, 17, 1, 56, 5, 3
1642, 17, 1, 56, 6, 3
1642, 17, 1, 56, 7, 3
1642, 17, 1, 56, 8, 3
1642, 12, 3, 56, 9, 3
1642, 12, 1, 57, 3, 3
1642, 17, 1, 57, 4, 3
1642, 17, 1, 57, 5, 3
1642, 17, 1, 57, 6, 3
1642, 17, 1, 57, 7, 3
1642, 17, 1, 57, 8, 3
1642, 12, 3, 57, 9, 3
1642, 12, 1, 58, 3, 3
1642, 17, 1, 58, 4, 3
1642, 17, 1, 58, 5, 3
1642, 17, 1, 58, 6, 3
1642, 17, 1, 58, 7, 3
1642, 17, 1, 58, 8, 3
1642, 12, 3, 58, 9, 3
1642, 16, 0, 59, 3, 3
1642, 12, 0, 59, 4, 3
1642, 12, 0, 59, 5, 3
1642, 12, 0, 59, 6, 3
1642, 12, 0, 59, 7, 3
1642, 12, 0, 59, 8, 3
1642, 16, 3, 59, 9, 3
1722, 10, 3, 53, 3, 0
1723, 10, 3, 53, 3, 1
1746, 10, 3, 59, 4, 2
1747, 10, 3, 59, 4, 1
1769, 3, 1, 51, 57, 0
1769, 1, 3, 52, 55, 0
1770, 3, 2, 20, 20, 0
1770, 3, 2, 20, 22, 0
1770, 3, 2, 20, 25, 0
1770, 3, 2, 20, 29, 0
1770, 3, 1, 20, 31, 0
1770, 3, 3, 22, 19, 0
1770, 3, 0, 22, 32, 0
1770, 3, 3, 23, 18, 0
1770, 3, 0, 23, 33, 0
1770, 3, 3, 24, 17, 0
1770, 3, 0, 24, 34, 0
1770, 3, 3, 25, 16, 0
1770, 3, 0, 25, 35, 0
1770, 3, 0, 26, 14, 0
1770, 3, 3, 26, 37, 0
1770, 3, 0, 29, 14, 0
1770, 3, 3, 29, 37, 0
1770, 3, 0, 32, 14, 0
1770, 3, 3, 32, 37, 0
1770, 3, 0, 35, 14, 0
1770, 3, 3, 35, 37, 0
1770, 3, 0, 38, 14, 0
1770, 3, 3, 38, 37, 0
1770, 3, 0, 40, 14, 0
1770, 3, 3, 40, 37, 0
1770, 3, 1, 42, 14, 0
1770, 3, 2, 42, 37, 0
1770, 3, 2, 43, 16, 0
1770, 3, 1, 43, 35, 0
1770, 3, 1, 44, 34, 0
1770, 3, 1, 45, 33, 0
1770, 3, 1, 46, 18, 0
1790, 19, 1, 1, 48, 1
1790, 18, 2, 1, 49, 1
1790, 18, 2, 1, 50, 1
1790, 18, 2, 1, 51, 1
1790, 18, 2, 1, 52, 1
1790, 19, 2, 1, 53, 1
1790, 19, 1, 2, 2, 1
1790, 18, 2, 2, 3, 1
1790, 18, 2, 2, 4, 1
1790, 18, 2, 2, 5, 1
1790, 18, 2, 2, 6, 1
1790, 18, 2, 2, 7, 1
1790, 18, 2, 2, 8, 1
1790, 18, 2, 2, 9, 1
1790, 18, 2, 2, 10, 1
1790, 18, 2, 2, 11, 1
1790, 18, 2, 2, 12, 1
1790, 18, 2, 2, 13, 1
1790, 18, 2, 2, 14, 1
1790, 18, 2, 2, 15, 1
1790, 18, 2, 2, 16, 1
1790, 18, 2, 2, 17, 1
1790, 18, 2, 2, 18, 1
1790, 19, 2, 2, 19, 1
1790, 19, 1, 2, 22, 1
1790, 18, 2, 2, 23, 1
1790, 18, 2, 2, 24, 1
1790, 18, 2, 2, 25, 1
1790, 18, 2, 2, 26, 1
1790, 18, 2, 2, 27, 1
1790, 18, 2, 2, 28, 1
1790, 18, 2, 2, 29, 1
1790, 18, 2, 2, 30, 1
1790, 19, 2, 2, 31, 1
1790, 19, 1, 2, 33, 1
1790, 18, 2, 2, 34, 1
1790, 18, 2, 2, 35, 1
1790, 18, 2, 2, 36, 1
1790, 18, 2, 2, 37, 1
1790, 19, 2, 2, 38, 1
1790, 19, 1, 2, 47, 1
1790, 19, 2, 2, 54, 1
1790, 18, 1, 3, 2, 1
1790, 18, 3, 3, 19, 1
1790, 18, 1, 3, 22, 1
1790, 18, 3, 3, 31, 1
1790, 18, 1, 3, 33, 1
1790, 18, 3, 3, 38, 1
1790, 18, 1, 3, 47, 1
1790, 18, 3, 3, 54, 1
1790, 18, 1, 4, 2, 1
1790, 18, 3, 4, 19, 1
1790, 18, 1, 4, 22, 1
1790, 18, 3, 4, 31, 1
1790, 18, 1, 4, 33, 1
1790, 18, 3, 4, 38, 1
1790, 18, 1, 4, 47, 1
1790, 18, 3, 4, 54, 1
1790, 18, 1, 5, 2, 1
1790, 18, 3, 5, 19, 1
1790, 18, 1, 5, 22, 1
1790, 18, 3, 5, 31, 1
1790, 18, 1, 5, 33, 1
1790, 18, 3, 5, 38, 1
1790, 18, 1, 5, 47, 1
1790, 19, 3, 5, 54, 1
1790, 18, 1, 6, 2, 1
1790, 18, 3, 6, 19, 1
1790, 18, 1, 6, 22, 1
1790, 20, 3, 6, 29, 1
1790, 18, 0, 6, 30, 1
1790, 19, 3, 6, 31, 1
1790, 18, 1, 6, 33, 1
1790, 18, 3, 6, 38, 1
1790, 18, 1, 6, 47, 1
1790, 20, 3, 6, 51, 1
1790, 18, 0, 6, 52, 1
1790, 19, 3, 6, 53, 1
1790, 18, 1, 7, 2, 1
1790, 18, 3, 7, 19, 1
1790, 18, 1, 7, 22, 1
1790, 18, 3, 7, 29, 1
1790, 19, 1, 7, 31, 1
1790, 18, 2, 7, 32, 1
1790, 20, 1, 7, 33, 1
1790, 18, 3, 7, 38, 1
1790, 19, 0, 7, 47, 1
1790, 19, 3, 7, 51, 1
1790, 18, 1, 8, 2, 1
1790, 20, 3, 8, 15, 1
1790, 18, 0, 8, 16, 1
1790, 18, 0, 8, 17, 1
1790, 18, 0, 8, 18, 1
1790, 19, 3, 8, 19, 1
1790, 19, 0, 8, 22, 1
1790, 18, 0, 8, 23, 1
1790, 18, 0, 8, 24, 1
1790, 18, 0, 8, 25, 1
1790, 18, 0, 8, 26, 1
1790, 18, 0, 8, 27, 1
1790, 18, 0, 8, 28, 1
1790, 19, 3, 8, 29, 1
1790, 18, 1, 8, 31, 1
1790, 18, 3, 8, 38, 1
1790, 19, 0, 8, 48, 1
1790, 18, 0, 8, 49, 1
1790, 19, 3, 8, 50, 1
1790, 18, 1, 9, 2, 1
1790, 18, 3, 9, 15, 1
1790, 18, 1, 9, 31, 1
1790, 18, 3, 9, 38, 1
1790, 18, 1, 10, 2, 1
1790, 18, 3, 10, 15, 1
1790, 18, 1, 10, 31, 1
1790, 18, 3, 10, 38, 1
1790, 18, 1, 11, 2, 1
1790, 20, 3, 11, 9, 1
1790, 18, 0, 11, 10, 1
1790, 18, 0, 11, 11, 1
1790, 18, 0, 11, 12, 1
1790, 18, 0, 11, 13, 1
1790, 18, 0, 11, 14, 1
1790, 19, 3, 11, 15, 1
1790, 18, 1, 11, 31, 1
1790, 18, 3, 11, 38, 1
1790, 18, 1, 12, 2, 1
1790, 18, 3, 12, 9, 1
1790, 19, 0, 12, 31, 1
1790, 18, 0, 12, 32, 1
1790, 18, 0, 12, 33, 1
1790, 18, 0, 12, 34, 1
1790, 18, 0, 12, 35, 1
1790, 18, 0, 12, 36, 1
1790, 18, 0, 12, 37, 1
1790, 19, 3, 12, 38, 1
1790, 19, 1, 12, 60, 1
1790, 18, 2, 12, 61, 1
1790, 18, 2, 12, 62, 1
1790, 19, 2, 12, 63, 1
1790, 19, 0, 13, 2, 1
1790, 18, 0, 13, 3, 1
1790, 18, 0, 13, 4, 1
1790, 18, 0, 13, 5, 1
1790, 18, 0, 13, 6, 1
1790, 18, 0, 13, 7, 1
1790, 18, 0, 13, 8, 1
1790, 19, 3, 13, 9, 1
1790, 18, 1, 13, 60, 1
1790, 18, 3, 13, 63, 1
1790, 18, 1, 14, 60, 1
1790, 18, 3, 14, 63, 1
1790, 19, 1, 15, 59, 1
1790, 18, 3, 15, 63, 1
1790, 19, 1, 16, 58, 1
1790, 18, 3, 16, 63, 1
1790, 18, 1, 17, 58, 1
1790, 18, 3, 17, 63, 1
1790, 18, 1, 18, 58, 1
1790, 18, 3, 18, 63, 1
1790, 18, 1, 19, 58, 1
1790, 18, 3, 19, 63, 1
1790, 19, 0, 20, 58, 1
1790, 18, 3, 20, 63, 1
1790, 19, 0, 21, 59, 1
1790, 18, 3, 21, 63, 1
1790, 19, 0, 22, 60, 1
1790, 18, 0, 22, 61, 1
1790, 18, 0, 22, 62, 1
1790, 19, 3, 22, 63, 1
1790, 19, 1, 24, 3, 1
1790, 18, 2, 24, 4, 1
1790, 18, 2, 24, 5, 1
1790, 18, 2, 24, 6, 1
1790, 18, 2, 24, 7, 1
1790, 19, 2, 24, 8, 1
1790, 19, 1, 24, 55, 1
1790, 18, 2, 24, 56, 1
1790, 18, 2, 24, 57, 1
1790, 18, 2, 24, 58, 1
1790, 19, 2, 24, 59, 1
1790, 19, 1, 25, 2, 1
1790, 19, 2, 25, 9, 1
1790, 18, 1, 25, 55, 1
1790, 18, 3, 25, 59, 1
1790, 18, 1, 26, 2, 1
1790, 18, 3, 26, 9, 1
1790, 18, 1, 26, 55, 1
1790, 18, 3, 26, 59, 1
1790, 18, 1, 27, 2, 1
1790, 18, 3, 27, 9, 1
1790, 18, 1, 27, 55, 1
1790, 20, 2, 27, 59, 1
1790, 18, 2, 27, 60, 1
1790, 19, 2, 27, 61, 1
1790, 18, 1, 28, 2, 1
1790, 18, 3, 28, 9, 1
1790, 19, 1, 28, 45, 1
1790, 18, 2, 28, 46, 1
1790, 18, 2, 28, 47, 1
1790, 18, 2, 28, 48, 1
1790, 18, 2, 28, 49, 1
1790, 19, 2, 28, 50, 1
1790, 18, 1, 28, 55, 1
1790, 18, 3, 28, 61, 1
1790, 18, 1, 29, 2, 1
1790, 18, 3, 29, 9, 1
1790, 19, 1, 29, 44, 1
1790, 18, 3, 29, 50, 1
1790, 18, 1, 29, 55, 1
1790, 18, 3, 29, 61, 1
1790, 18, 1, 30, 2, 1
1790, 18, 3, 30, 9, 1
1790, 18, 1, 30, 44, 1
1790, 20, 2, 30, 50, 1
1790, 18, 2, 30, 51, 1
1790, 18, 2, 30, 52, 1
1790, 19, 2, 30, 53, 1
1790, 18, 1, 30, 55, 1
1790, 18, 3, 30, 61, 1
1790, 18, 1, 31, 2, 1
1790, 18, 3, 31, 9, 1
1790, 18, 1, 31, 44, 1
1790, 18, 3, 31, 53, 1
1790, 18, 1, 31, 55, 1
1790, 18, 3, 31, 61, 1
1790, 18, 1, 32, 2, 1
1790, 18, 3, 32, 9, 1
1790, 18, 1, 32, 44, 1
1790, 18, 3, 32, 53, 1
1790, 18, 1, 32, 55, 1
1790, 18, 3, 32, 61, 1
1790, 18, 1, 33, 2, 1
1790, 18, 3, 33, 9, 1
1790, 18, 1, 33, 44, 1
1790, 18, 3, 33, 53, 1
1790, 18, 1, 33, 55, 1
1790, 18, 3, 33, 61, 1
1790, 18, 1, 34, 2, 1
1790, 18, 3, 34, 9, 1
1790, 18, 1, 34, 44, 1
1790, 18, 3, 34, 53, 1
1790, 19, 0, 34, 55, 1
1790, 18, 0, 34, 56, 1
1790, 18, 0, 34, 57, 1
1790, 18, 0, 34, 58, 1
1790, 18, 0, 34, 59, 1
1790, 18, 0, 34, 60, 1
1790, 19, 3, 34, 61, 1
1790, 18, 1, 35, 2, 1
1790, 18, 3, 35, 9, 1
1790, 18, 1, 35, 44, 1
1790, 18, 3, 35, 53, 1
1790, 18, 1, 36, 2, 1
1790, 18, 3, 36, 9, 1
1790, 18, 1, 36, 44, 1
1790, 18, 3, 36, 53, 1
1790, 19, 1, 36, 56, 1
1790, 18, 2, 36, 57, 1
1790, 18, 2, 36, 58, 1
1790, 18, 2, 36, 59, 1
1790, 19, 2, 36, 60, 1
1790, 18, 1, 37, 2, 1
1790, 18, 3, 37, 9, 1
1790, 18, 1, 37, 44, 1
1790, 18, 3, 37, 53, 1
1790, 19, 1, 37, 55, 1
1790, 18, 3, 37, 60, 1
1790, 18, 1, 38, 2, 1
1790, 18, 3, 38, 9, 1
1790, 18, 1, 38, 44, 1
1790, 18, 3, 38, 53, 1
1790, 18, 1, 38, 55, 1
1790, 18, 3, 38, 60, 1
1790, 18, 1, 39, 2, 1
1790, 18, 3, 39, 9, 1
1790, 18, 1, 39, 44, 1
1790, 20, 3, 39, 50, 1
1790, 18, 0, 39, 51, 1
1790, 18, 0, 39, 52, 1
1790, 19, 3, 39, 53, 1
1790, 18, 1, 39, 55, 1
1790, 18, 3, 39, 60, 1
1790, 18, 1, 40, 2, 1
1790, 18, 3, 40, 9, 1
1790, 19, 0, 40, 44, 1
1790, 18, 3, 40, 50, 1
1790, 18, 1, 40, 55, 1
1790, 18, 3, 40, 60, 1
1790, 18, 1, 41, 2, 1
1790, 18, 3, 41, 9, 1
1790, 19, 0, 41, 45, 1
1790, 18, 0, 41, 46, 1
1790, 18, 0, 41, 47, 1
1790, 18, 0, 41, 48, 1
1790, 18, 0, 41, 49, 1
1790, 19, 3, 41, 50, 1
1790, 19, 0, 41, 55, 1
1790, 18, 3, 41, 60, 1
1790, 18, 1, 42, 2, 1
1790, 18, 3, 42, 9, 1
1790, 19, 0, 42, 56, 1
1790, 18, 0, 42, 57, 1
1790, 18, 0, 42, 58, 1
1790, 18, 0, 42, 59, 1
1790, 19, 3, 42, 60, 1
1790, 19, 0, 43, 2, 1
1790, 19, 3, 43, 9, 1
1790, 19, 0, 44, 3, 1
1790, 20, 0, 44, 4, 1
1790, 20, 3, 44, 7, 1
1790, 19, 3, 44, 8, 1
1790, 19, 1, 44, 44, 1
1790, 18, 2, 44, 45, 1
1790, 18, 2, 44, 46, 1
1790, 18, 2, 44, 47, 1
1790, 19, 2, 44, 48, 1
1790, 18, 1, 45, 4, 1
1790, 18, 3, 45, 7, 1
1790, 18, 1, 45, 44, 1
1790, 20, 2, 45, 48, 1
1790, 18, 2, 45, 49, 1
1790, 18, 2, 45, 50, 1
1790, 18, 2, 45, 51, 1
1790, 19, 2, 45, 52, 1
1790, 18, 1, 46, 4, 1
1790, 18, 3, 46, 7, 1
1790, 21, 1, 46, 21, 1
1790, 18, 2, 46, 22, 1
1790, 18, 2, 46, 23, 1
1790, 18, 2, 46, 24, 1
1790, 18, 2, 46, 25, 1
1790, 18, 2, 46, 26, 1
1790, 18, 2, 46, 27, 1
1790, 18, 2, 46, 28, 1
1790, 18, 2, 46, 29, 1
1790, 18, 2, 46, 30, 1
1790, 18, 2, 46, 31, 1
1790, 21, 2, 46, 32, 1
1790, 18, 1, 46, 44, 1
1790, 18, 3, 46, 52, 1
1790, 19, 1, 46, 55, 1
1790, 18, 2, 46, 56, 1
1790, 18, 2, 46, 57, 1
1790, 18, 2, 46, 58, 1
1790, 18, 2, 46, 59, 1
1790, 19, 2, 46, 60, 1
1790, 18, 1, 47, 21, 1
1790, 18, 3, 47, 32, 1
1790, 18, 1, 47, 44, 1
1790, 18, 3, 47, 52, 1
1790, 19, 1, 47, 54, 1
1790, 18, 3, 47, 60, 1
1790, 18, 1, 48, 21, 1
1790, 18, 3, 48, 32, 1
1790, 18, 1, 48, 44, 1
1790, 18, 3, 48, 52, 1
1790, 18, 1, 48, 54, 1
1790, 18, 3, 48, 60, 1
1790, 18, 1, 49, 21, 1
1790, 18, 3, 49, 32, 1
1790, 18, 1, 49, 44, 1
1790, 18, 3, 49, 52, 1
1790, 18, 1, 49, 54, 1
1790, 18, 3, 49, 60, 1
1790, 18, 1, 50, 21, 1
1790, 18, 3, 50, 32, 1
1790, 18, 1, 50, 44, 1
1790, 20, 3, 50, 48, 1
1790, 18, 0, 50, 49, 1
1790, 18, 0, 50, 50, 1
1790, 18, 0, 50, 51, 1
1790, 19, 3, 50, 52, 1
1790, 18, 1, 50, 54, 1
1790, 18, 3, 50, 60, 1
1790, 18, 1, 51, 21, 1
1790, 18, 3, 51, 32, 1
1790, 18, 1, 51, 44, 1
1790, 18, 3, 51, 48, 1
1790, 19, 1, 51, 52, 1
1790, 18, 2, 51, 53, 1
1790, 20, 1, 51, 54, 1
1790, 18, 3, 51, 60, 1
1790, 18, 1, 52, 44, 1
1790, 18, 3, 52, 48, 1
1790, 18, 1, 52, 52, 1
1790, 20, 3, 52, 58, 1
1790, 18, 0, 52, 59, 1
1790, 19, 3, 52, 60, 1
1790, 19, 1, 53, 19, 1
1790, 18, 2, 53, 20, 1
1790, 18, 2, 53, 21, 1
1790, 18, 2, 53, 22, 1
1790, 18, 2, 53, 23, 1
1790, 18, 2, 53, 24, 1
1790, 18, 2, 53, 25, 1
1790, 18, 2, 53, 26, 1
1790, 18, 2, 53, 27, 1
1790, 18, 2, 53, 28, 1
1790, 18, 2, 53, 29, 1
1790, 18, 2, 53, 30, 1
1790, 18, 2, 53, 31, 1
1790, 18, 2, 53, 32, 1
1790, 18, 2, 53, 33, 1
1790, 18, 2, 53, 34, 1
1790, 19, 2, 53, 35, 1
1790, 19, 0, 53, 44, 1
1790, 18, 0, 53, 45, 1
1790, 18, 0, 53, 46, 1
1790, 18, 0, 53, 47, 1
1790, 19, 3, 53, 48, 1
1790, 18, 1, 53, 52, 1
1790, 18, 3, 53, 58, 1
1790, 19, 1, 54, 18, 1
1790, 19, 2, 54, 36, 1
1790, 19, 0, 54, 52, 1
1790, 19, 3, 54, 58, 1
1790, 18, 2, 55, 16, 1
1790, 18, 2, 55, 17, 1
1790, 20, 1, 55, 18, 1
1790, 18, 3, 55, 36, 1
1790, 19, 0, 55, 53, 1
1790, 18, 0, 55, 54, 1
1790, 18, 0, 55, 55, 1
1790, 18, 0, 55, 56, 1
1790, 19, 3, 55, 57, 1
1790, 18, 3, 56, 36, 1
1790, 18, 3, 57, 36, 1
1790, 18, 0, 58, 16, 1
1790, 18, 0, 58, 17, 1
1790, 20, 0, 58, 18, 1
1790, 18, 3, 58, 36, 1
1790, 19, 0, 59, 18, 1
1790, 19, 3, 59, 36, 1
1790, 19, 0, 60, 19, 1
1790, 18, 0, 60, 20, 1
1790, 18, 0, 60, 21, 1
1790, 18, 0, 60, 22, 1
1790, 18, 0, 60, 23, 1
1790, 18, 0, 60, 24, 1
1790, 18, 0, 60, 25, 1
1790, 18, 0, 60, 26, 1
1790, 18, 0, 60, 27, 1
1790, 18, 0, 60, 28, 1
1790, 18, 0, 60, 29, 1
1790, 18, 0, 60, 30, 1
1790, 18, 0, 60, 31, 1
1790, 18, 0, 60, 32, 1
1790, 18, 0, 60, 33, 1
1790, 18, 0, 60, 34, 1
1790, 19, 3, 60, 35, 1
1790, 19, 1, 46, 3, 3
1790, 18, 2, 46, 4, 3
1790, 18, 2, 46, 5, 3
1790, 18, 2, 46, 6, 3
1790, 18, 2, 46, 7, 3
1790, 18, 2, 46, 8, 3
1790, 18, 2, 46, 9, 3
1790, 19, 2, 46, 10, 3
1790, 19, 1, 47, 2, 3
1790, 18, 3, 47, 10, 3
1790, 18, 1, 48, 2, 3
1790, 18, 3, 48, 10, 3
1790, 18, 1, 49, 2, 3
1790, 18, 3, 49, 10, 3
1790, 18, 1, 50, 2, 3
1790, 18, 3, 50, 10, 3
1790, 18, 1, 51, 2, 3
1790, 18, 3, 51, 10, 3
1790, 18, 1, 52, 2, 3
1790, 18, 3, 52, 10, 3
1790, 18, 1, 53, 2, 3
1790, 18, 3, 53, 10, 3
1790, 18, 1, 54, 2, 3
1790, 18, 3, 54, 10, 3
1790, 18, 1, 55, 2, 3
1790, 18, 3, 55, 10, 3
1790, 18, 1, 56, 2, 3
1790, 18, 3, 56, 10, 3
1790, 18, 1, 57, 2, 3
1790, 18, 3, 57, 10, 3
1790, 18, 1, 58, 2, 3
1790, 18, 3, 58, 10, 3
1790, 18, 1, 59, 2, 3
1790, 18, 3, 59, 10, 3
1790, 19, 0, 60, 2, 3
1790, 18, 0, 60, 3, 3
1790, 18, 0, 60, 4, 3
1790, 18, 0, 60, 5, 3
1790, 18, 0, 60, 6, 3
1790, 18, 0, 60, 7, 3
1790, 18, 0, 60, 8, 3
1790, 18, 0, 60, 9, 3
1790, 19, 3, 60, 10, 3
1821, 4, 2, 1, 49, 0
1821, 4, 2, 1, 52, 0
1821, 4, 2, 2, 6, 0
1821, 4, 2, 2, 9, 0
1821, 4, 2, 2, 13, 0
1821, 4, 2, 2, 16, 0
1821, 4, 2, 2, 25, 0
1821, 4, 2, 2, 28, 0
1821, 5, 0, 2, 49, 0
1821, 5, 0, 2, 52, 0
1821, 5, 0, 3, 6, 0
1821, 5, 0, 3, 9, 0
1821, 5, 0, 3, 13, 0
1821, 5, 0, 3, 16, 0
1821, 5, 0, 3, 25, 0
1821, 5, 0, 3, 28, 0
1821, 5, 1, 4, 18, 0
1821, 4, 3, 4, 19, 0
1821, 4, 1, 4, 22, 0
1821, 5, 3, 4, 23, 0
1821, 5, 1, 4, 30, 0
1821, 4, 3, 4, 31, 0
1821, 4, 1, 4, 33, 0
1821, 5, 3, 4, 34, 0
1821, 4, 1, 5, 2, 0
1821, 5, 3, 5, 3, 0
1821, 5, 1, 6, 18, 0
1821, 4, 3, 6, 19, 0
1821, 4, 1, 6, 22, 0
1821, 5, 3, 6, 23, 0
1821, 4, 1, 6, 33, 0
1821, 5, 3, 6, 34, 0
1821, 5, 2, 7, 17, 0
1821, 5, 2, 7, 24, 0
1821, 4, 1, 8, 2, 0
1821, 5, 3, 8, 3, 0
1821, 4, 0, 8, 17, 0
1821, 4, 0, 8, 24, 0
1821, 5, 2, 10, 10, 0
1821, 5, 2, 10, 13, 0
1821, 4, 1, 11, 2, 0
1821, 5, 3, 11, 3, 0
1821, 4, 0, 11, 10, 0
1821, 4, 0, 11, 13, 0
1821, 5, 2, 11, 34, 0
1821, 5, 2, 11, 36, 0
1821, 5, 2, 12, 4, 0
1821, 5, 2, 12, 7, 0
1821, 4, 0, 12, 34, 0
1821, 4, 0, 12, 36, 0
1821, 4, 0, 13, 4, 0
1821, 4, 0, 13, 7, 0
1821, 4, 1, 26, 55, 0
1821, 5, 3, 26, 56, 0
1821, 4, 1, 30, 44, 0
1821, 5, 3, 30, 45, 0
1821, 4, 2, 30, 51, 0
1821, 5, 0, 31, 51, 0
1821, 4, 1, 32, 44, 0
1821, 5, 3, 32, 45, 0
1821, 4, 1, 32, 55, 0
1821, 5, 3, 32, 56, 0
1821, 4, 2, 36, 58, 0
1821, 4, 1, 37, 44, 0
1821, 5, 3, 37, 45, 0
1821, 5, 0, 37, 58, 0
1821, 5, 2, 38, 51, 0
1821, 4, 1, 39, 44, 0
1821, 5, 3, 39, 45, 0
1821, 4, 0, 39, 51, 0
1821, 5, 2, 41, 58, 0
1821, 4, 0, 42, 58, 0
1821, 4, 2, 45, 49, 0
1821, 5, 0, 46, 49, 0
1821, 5, 2, 49, 50, 0
1821, 4, 0, 50, 50, 0
1825, 5, 2, 5, 51, 0
1825, 4, 0, 6, 51, 0
1825, 4, 2, 12, 62, 0
1825, 5, 0, 13, 62, 0
1826, 4, 2, 28, 47, 0
1826, 4, 2, 28, 48, 0
1826, 5, 0, 29, 47, 0
1826, 5, 0, 29, 48, 0
1826, 5, 2, 40, 47, 0
1826, 5, 2, 40, 48, 0
1826, 4, 0, 41, 47, 0
1826, 4, 0, 41, 48, 0
1838, 4, 1, 17, 58, 0
1838, 5, 3, 17, 59, 0
1838, 4, 1, 19, 58, 0
1838, 5, 3, 19, 59, 0
1838, 4, 1, 46, 44, 0
1838, 5, 3, 46, 45, 0
1838, 4, 1, 48, 54, 0
1838, 5, 3, 48, 55, 0
1838, 4, 1, 51, 44, 0
1838, 5, 3, 51, 45, 0
1839, 5, 1, 16, 62, 0
1839, 4, 3, 16, 63, 0
1839, 5, 2, 21, 61, 0
1839, 4, 0, 22, 61, 0
1841, 4, 1, 28, 2, 0
1841, 5, 3, 28, 3, 0
1841, 5, 1, 28, 8, 0
1841, 4, 3, 28, 9, 0
1841, 5, 1, 29, 60, 0
1841, 4, 3, 29, 61, 0
1841, 4, 1, 31, 2, 0
1841, 5, 3, 31, 3, 0
1841, 5, 1, 32, 60, 0
1841, 4, 3, 32, 61, 0
1841, 4, 1, 34, 2, 0
1841, 5, 3, 34, 3, 0
1841, 5, 1, 34, 8, 0
1841, 4, 3, 34, 9, 0
1841, 4, 1, 37, 2, 0
1841, 5, 3, 37, 3, 0
1841, 5, 1, 37, 8, 0
1841, 4, 3, 37, 9, 0
1841, 4, 1, 40, 2, 0
1841, 5, 3, 40, 3, 0
1841, 5, 1, 40, 8, 0
1841, 4, 3, 40, 9, 0
1841, 4, 1, 49, 2, 0
1841, 4, 1, 52, 2, 0
1841, 4, 2, 53, 24, 0
1841, 4, 2, 53, 27, 0
1841, 4, 2, 53, 30, 0
1841, 4, 2, 53, 33, 0
1841, 5, 0, 54, 24, 0
1841, 5, 0, 54, 27, 0
1841, 5, 0, 54, 30, 0
1841, 5, 0, 54, 33, 0
1841, 4, 1, 56, 2, 0
1841, 5, 2, 59, 6, 0
1841, 5, 2, 59, 11, 0
1841, 5, 2, 59, 13, 0
1841, 5, 2, 59, 24, 0
1841, 5, 2, 59, 27, 0
1841, 5, 2, 59, 30, 0
1841, 5, 2, 59, 33, 0
1841, 4, 0, 60, 6, 0
1841, 4, 0, 60, 11, 0
1841, 4, 0, 60, 13, 0
1841, 4, 0, 60, 24, 0
1841, 4, 0, 60, 27, 0
1841, 4, 0, 60, 30, 0
1841, 4, 0, 60, 33, 0
1841, 4, 1, 48, 2, 1
1841, 5, 3, 48, 3, 1
1841, 4, 1, 50, 2, 1
1841, 5, 3, 50, 3, 1
1841, 4, 3, 51, 10, 1
1841, 4, 1, 55, 2, 1
1841, 5, 3, 55, 3, 1
1841, 4, 1, 59, 2, 1
1841, 5, 3, 59, 3, 1
1841, 5, 2, 59, 5, 1
1841, 5, 2, 59, 7, 1
1841, 4, 0, 60, 5, 1
1841, 4, 0, 60, 7, 1
1841, 4, 2, 46, 6, 2
1841, 4, 3, 51, 10, 2
1841, 4, 3, 55, 10, 2
1843, 5, 1, 3, 53, 0
1843, 4, 3, 3, 54, 0
1843, 5, 1, 4, 37, 0
1843, 4, 3, 4, 38, 0
1843, 4, 1, 4, 47, 0
1843, 5, 3, 4, 48, 0
1843, 4, 2, 46, 58, 0
1843, 5, 0, 47, 58, 0
1843, 5, 2, 51, 58, 0
1843, 4, 0, 52, 58, 0
1844, 4, 1, 53, 52, 0
1844, 5, 3, 53, 53, 0
1851, 5, 2, 7, 49, 0
1851, 4, 0, 8, 49, 0
1872, 5, 0, 46, 48, 0
1872, 5, 0, 47, 7, 0
1872, 5, 0, 47, 9, 0
1872, 5, 0, 47, 11, 0
1872, 5, 2, 49, 48, 0
1872, 5, 3, 50, 5, 0
1872, 5, 1, 50, 9, 0
1872, 5, 3, 52, 5, 0
1872, 5, 0, 53, 15, 0
1872, 5, 0, 56, 16, 0
1872, 5, 0, 56, 18, 0
1872, 4, 1, 56, 21, 0
1872, 5, 2, 57, 16, 0
1872, 5, 2, 57, 18, 0
1872, 5, 2, 59, 4, 0
1872, 5, 2, 59, 10, 0
1872, 5, 2, 59, 12, 0
1872, 5, 2, 59, 14, 0
1872, 5, 2, 59, 20, 0
1872, 5, 2, 59, 28, 0
1872, 5, 2, 59, 34, 0
1873, 5, 3, 12, 3, 0
1873, 5, 1, 33, 52, 0
1873, 5, 1, 38, 59, 0
1873, 5, 1, 42, 8, 0
1873, 5, 0, 54, 20, 0
1873, 5, 2, 54, 55, 0
1874, 5, 0, 26, 8, 0
1902, 9, 3, 2, 48, 0
1902, 0, 0, 2, 49, 0
1902, 0, 0, 2, 50, 0
1902, 0, 0, 2, 51, 0
1902, 0, 0, 2, 52, 0
1902, 9, 0, 2, 53, 0
1902, 2, 3, 3, 3, 0
1902, 0, 0, 3, 4, 0
1902, 0, 0, 3, 5, 0
1902, 0, 0, 3, 6, 0
1902, 0, 0, 3, 7, 0
1902, 0, 0, 3, 8, 0
1902, 0, 0, 3, 9, 0
1902, 0, 0, 3, 10, 0
1902, 0, 0, 3, 11, 0
1902, 0, 0, 3, 12, 0
1902, 0, 0, 3, 13, 0
1902, 0, 0, 3, 14, 0
1902, 0, 0, 3, 15, 0
1902, 0, 0, 3, 16, 0
1902, 0, 0, 3, 17, 0
1902, 2, 0, 3, 18, 0
1902, 2, 3, 3, 23, 0
1902, 0, 0, 3, 24, 0
1902, 0, 0, 3, 25, 0
1902, 0, 0, 3, 26, 0
1902, 0, 0, 3, 27, 0
1902, 0, 0, 3, 28, 0
1902, 0, 0, 3, 29, 0
1902, 2, 0, 3, 30, 0
1902, 2, 3, 3, 34, 0
1902, 0, 0, 3, 35, 0
1902, 0, 0, 3, 36, 0
1902, 2, 0, 3, 37, 0
1902, 0, 3, 3, 48, 0
1902, 0, 1, 3, 53, 0
1902, 0, 3, 4, 3, 0
1902, 0, 1, 4, 18, 0
1902, 0, 3, 4, 23, 0
1902, 0, 1, 4, 30, 0
1902, 0, 3, 4, 34, 0
1902, 0, 1, 4, 37, 0
1902, 0, 3, 4, 48, 0
1902, 0, 1, 4, 53, 0
1902, 0, 3, 5, 3, 0
1902, 0, 1, 5, 18, 0
1902, 0, 3, 5, 23, 0
1902, 3, 1, 5, 28, 0
1902, 0, 2, 5, 29, 0
1902, 2, 1, 5, 30, 0
1902, 0, 3, 5, 34, 0
1902, 0, 1, 5, 37, 0
1902, 0, 3, 5, 48, 0
1902, 3, 1, 5, 50, 0
1902, 0, 2, 5, 51, 0
1902, 9, 1, 5, 53, 0
1902, 0, 3, 6, 3, 0
1902, 0, 1, 6, 18, 0
1902, 0, 3, 6, 23, 0
1902, 0, 1, 6, 28, 0
1902, 0, 3, 6, 34, 0
1902, 0, 1, 6, 37, 0
1902, 0, 3, 6, 48, 0
1902, 0, 1, 6, 50, 0
1902, 0, 3, 7, 3, 0
1902, 3, 1, 7, 14, 0
1902, 0, 2, 7, 15, 0
1902, 0, 2, 7, 16, 0
1902, 0, 2, 7, 17, 0
1902, 2, 1, 7, 18, 0
1902, 2, 2, 7, 23, 0
1902, 0, 2, 7, 24, 0
1902, 0, 2, 7, 25, 0
1902, 0, 2, 7, 27, 0
1902, 2, 1, 7, 28, 0
1902, 0, 3, 7, 34, 0
1902, 0, 1, 7, 37, 0
1902, 9, 2, 7, 48, 0
1902, 0, 2, 7, 49, 0
1902, 9, 1, 7, 50, 0
1902, 0, 3, 8, 3, 0
1902, 0, 1, 8, 14, 0
1902, 2, 3, 8, 32, 0
1902, 0, 0, 8, 33, 0
1902, 3, 3, 8, 34, 0
1902, 0, 1, 8, 37, 0
1902, 0, 3, 9, 3, 0
1902, 0, 3, 9, 32, 0
1902, 0, 1, 9, 37, 0
1902, 0, 3, 10, 3, 0
1902, 3, 1, 10, 8, 0
1902, 0, 2, 10, 9, 0
1902, 0, 2, 10, 10, 0
1902, 0, 2, 10, 11, 0
1902, 0, 2, 10, 12, 0
1902, 0, 2, 10, 13, 0
1902, 2, 1, 10, 14, 0
1902, 0, 1, 10, 37, 0
1902, 0, 3, 11, 3, 0
1902, 0, 1, 11, 8, 0
1902, 2, 2, 11, 32, 0
1902, 0, 2, 11, 33, 0
1902, 0, 2, 11, 34, 0
1902, 0, 2, 11, 35, 0
1902, 0, 2, 11, 36, 0
1902, 2, 1, 11, 37, 0
1902, 2, 2, 12, 3, 0
1902, 0, 2, 12, 4, 0
1902, 0, 2, 12, 5, 0
1902, 0, 2, 12, 6, 0
1902, 0, 2, 12, 7, 0
1902, 2, 1, 12, 8, 0
1902, 2, 3, 13, 61, 0
1902, 2, 0, 13, 62, 0
1902, 0, 3, 14, 61, 0
1902, 0, 1, 14, 62, 0
1902, 9, 3, 15, 60, 0
1902, 1, 3, 15, 61, 0
1902, 0, 1, 15, 62, 0
1902, 9, 3, 16, 59, 0
1902, 1, 3, 16, 60, 0
1902, 0, 1, 16, 62, 0
1902, 0, 3, 17, 59, 0
1902, 0, 1, 17, 62, 0
1902, 0, 1, 18, 62, 0
1902, 0, 3, 19, 59, 0
1902, 0, 1, 19, 62, 0
1902, 9, 2, 20, 59, 0
1902, 1, 2, 20, 60, 0
1902, 0, 1, 20, 62, 0
1902, 9, 2, 21, 60, 0
1902, 0, 2, 21, 61, 0
1902, 2, 1, 21, 62, 0
1902, 9, 3, 25, 3, 0
1902, 0, 0, 25, 4, 0
1902, 0, 0, 25, 6, 0
1902, 0, 0, 25, 7, 0
1902, 9, 0, 25, 8, 0
1902, 2, 3, 25, 56, 0
1902, 2, 0, 25, 58, 0
1902, 0, 3, 26, 3, 0
1902, 2, 3, 26, 6, 0
1902, 0, 0, 26, 7, 0
1902, 2, 0, 26, 8, 0
1902, 0, 3, 26, 56, 0
1902, 0, 1, 26, 58, 0
1902, 0, 3, 27, 3, 0
1902, 0, 1, 27, 8, 0
1902, 0, 3, 27, 56, 0
1902, 0, 1, 27, 58, 0
1902, 0, 3, 28, 3, 0
1902, 3, 1, 28, 5, 0
1902, 0, 1, 28, 8, 0
1902, 0, 3, 28, 56, 0
1902, 0, 0, 28, 59, 0
1902, 2, 0, 28, 60, 0
1902, 0, 3, 29, 3, 0
1902, 0, 1, 29, 8, 0
1902, 9, 3, 29, 45, 0
1902, 0, 0, 29, 46, 0
1902, 0, 0, 29, 47, 0
1902, 0, 0, 29, 48, 0
1902, 2, 0, 29, 49, 0
1902, 0, 3, 29, 56, 0
1902, 0, 1, 29, 60, 0
1902, 0, 3, 30, 3, 0
1902, 3, 0, 30, 5, 0
1902, 0, 3, 30, 6, 0
1902, 0, 1, 30, 8, 0
1902, 0, 3, 30, 45, 0
1902, 0, 1, 30, 49, 0
1902, 0, 1, 30, 60, 0
1902, 0, 3, 31, 3, 0
1902, 2, 2, 31, 6, 0
1902, 2, 1, 31, 8, 0
1902, 0, 3, 31, 45, 0
1902, 3, 0, 31, 49, 0
1902, 0, 0, 31, 50, 0
1902, 0, 0, 31, 51, 0
1902, 2, 0, 31, 52, 0
1902, 0, 3, 31, 56, 0
1902, 0, 1, 31, 60, 0
1902, 0, 3, 32, 3, 0
1902, 0, 1, 32, 8, 0
1902, 0, 3, 32, 45, 0
1902, 0, 1, 32, 52, 0
1902, 0, 3, 32, 56, 0
1902, 0, 1, 32, 60, 0
1902, 0, 3, 33, 3, 0
1902, 0, 1, 33, 8, 0
1902, 1, 1, 33, 44, 0
1902, 0, 3, 33, 45, 0
1902, 0, 1, 33, 52, 0
1902, 2, 2, 33, 56, 0
1902, 0, 2, 33, 57, 0
1902, 0, 2, 33, 58, 0
1902, 0, 2, 33, 59, 0
1902, 2, 1, 33, 60, 0
1902, 0, 3, 34, 3, 0
1902, 3, 1, 34, 5, 0
1902, 0, 1, 34, 8, 0
1902, 0, 1, 34, 52, 0
1902, 0, 3, 35, 3, 0
1902, 0, 1, 35, 8, 0
1902, 0, 3, 36, 3, 0
1902, 3, 0, 36, 5, 0
1902, 2, 2, 36, 6, 0
1902, 2, 1, 36, 8, 0
1902, 1, 0, 36, 44, 0
1902, 0, 3, 36, 45, 0
1902, 0, 1, 36, 52, 0
1902, 0, 3, 37, 3, 0
1902, 0, 1, 37, 8, 0
1902, 0, 3, 37, 45, 0
1902, 0, 1, 37, 52, 0
1902, 9, 3, 37, 56, 0
1902, 0, 0, 37, 57, 0
1902, 0, 0, 37, 58, 0
1902, 2, 0, 37, 59, 0
1902, 0, 3, 38, 3, 0
1902, 0, 1, 38, 8, 0
1902, 0, 3, 38, 45, 0
1902, 3, 1, 38, 49, 0
1902, 0, 2, 38, 50, 0
1902, 0, 2, 38, 51, 0
1902, 2, 1, 38, 52, 0
1902, 0, 3, 38, 56, 0
1902, 0, 1, 38, 59, 0
1902, 0, 3, 39, 3, 0
1902, 3, 1, 39, 5, 0
1902, 0, 1, 39, 8, 0
1902, 0, 3, 39, 45, 0
1902, 0, 1, 39, 49, 0
1902, 0, 1, 39, 59, 0
1902, 0, 3, 40, 3, 0
1902, 0, 1, 40, 8, 0
1902, 9, 2, 40, 45, 0
1902, 0, 2, 40, 46, 0
1902, 0, 2, 40, 47, 0
1902, 0, 2, 40, 48, 0
1902, 2, 1, 40, 49, 0
1902, 0, 3, 40, 56, 0
1902, 0, 1, 40, 59, 0
1902, 0, 3, 41, 3, 0
1902, 3, 0, 41, 5, 0
1902, 2, 2, 41, 6, 0
1902, 0, 2, 41, 7, 0
1902, 2, 1, 41, 8, 0
1902, 9, 2, 41, 56, 0
1902, 0, 2, 41, 57, 0
1902, 0, 2, 41, 58, 0
1902, 2, 1, 41, 59, 0
1902, 0, 3, 42, 3, 0
1902, 0, 1, 42, 8, 0
1902, 9, 2, 43, 3, 0
1902, 0, 2, 43, 4, 0
1902, 3, 2, 43, 5, 0
1902, 3, 1, 43, 6, 0
1902, 0, 2, 43, 7, 0
1902, 9, 1, 43, 8, 0
1902, 0, 3, 44, 5, 0
1902, 0, 1, 44, 6, 0
1902, 0, 3, 45, 5, 0
1902, 0, 1, 45, 6, 0
1902, 9, 3, 45, 14, 0
1902, 9, 0, 45, 15, 0
1902, 2, 3, 45, 45, 0
1902, 2, 0, 45, 47, 0
1902, 0, 3, 46, 5, 0
1902, 0, 1, 46, 6, 0
1902, 9, 3, 46, 13, 0
1902, 3, 3, 46, 14, 0
1902, 3, 1, 46, 21, 0
1902, 0, 2, 46, 22, 0
1902, 0, 2, 46, 25, 0
1902, 0, 2, 46, 28, 0
1902, 0, 2, 46, 31, 0
1902, 3, 2, 46, 32, 0
1902, 0, 3, 46, 45, 0
1902, 3, 0, 46, 47, 0
1902, 0, 0, 46, 48, 0
1902, 0, 0, 46, 49, 0
1902, 0, 0, 46, 50, 0
1902, 2, 0, 46, 51, 0
1902, 9, 3, 47, 3, 0
1902, 0, 0, 47, 4, 0
1902, 0, 3, 47, 5, 0
1902, 3, 0, 47, 6, 0
1902, 0, 0, 47, 7, 0
1902, 0, 0, 47, 8, 0
1902, 0, 0, 47, 9, 0
1902, 0, 0, 47, 10, 0
1902, 0, 0, 47, 11, 0
1902, 0, 0, 47, 12, 0
1902, 3, 3, 47, 13, 0
1902, 1, 0, 47, 16, 0
1902, 9, 0, 47, 17, 0
1902, 0, 3, 47, 22, 0
1902, 0, 1, 47, 25, 0
1902, 0, 1, 47, 28, 0
1902, 0, 1, 47, 31, 0
1902, 0, 3, 47, 45, 0
1902, 0, 1, 47, 51, 0
1902, 9, 3, 47, 55, 0
1902, 0, 0, 47, 56, 0
1902, 0, 0, 47, 57, 0
1902, 0, 0, 47, 58, 0
1902, 2, 0, 47, 59, 0
1902, 0, 3, 48, 3, 0
1902, 0, 3, 48, 5, 0
1902, 3, 1, 48, 16, 0
1902, 9, 1, 48, 17, 0
1902, 0, 3, 48, 22, 0
1902, 0, 1, 48, 25, 0
1902, 3, 3, 48, 26, 0
1902, 0, 1, 48, 28, 0
1902, 3, 3, 48, 29, 0
1902, 0, 1, 48, 31, 0
1902, 0, 1, 48, 51, 0
1902, 0, 3, 48, 55, 0
1902, 0, 1, 48, 59, 0
1902, 0, 3, 49, 3, 0
1902, 2, 3, 49, 5, 0
1902, 0, 0, 49, 6, 0
1902, 0, 0, 49, 8, 0
1902, 2, 0, 49, 9, 0
1902, 3, 1, 49, 15, 0
1902, 9, 1, 49, 16, 0
1902, 0, 3, 49, 22, 0
1902, 0, 1, 49, 25, 0
1902, 3, 2, 49, 26, 0
1902, 0, 1, 49, 28, 0
1902, 3, 2, 49, 29, 0
1902, 0, 1, 49, 31, 0
1902, 0, 3, 49, 45, 0
1902, 3, 1, 49, 47, 0
1902, 0, 2, 49, 48, 0
1902, 0, 2, 49, 49, 0
1902, 0, 2, 49, 50, 0
1902, 2, 1, 49, 51, 0
1902, 0, 1, 49, 59, 0
1902, 0, 3, 50, 3, 0
1902, 0, 3, 50, 5, 0
1902, 0, 1, 50, 9, 0
1902, 0, 1, 50, 15, 0
1902, 0, 3, 50, 22, 0
1902, 0, 1, 50, 25, 0
1902, 0, 1, 50, 28, 0
1902, 0, 1, 50, 31, 0
1902, 0, 3, 50, 45, 0
1902, 0, 1, 50, 47, 0
1902, 0, 3, 50, 55, 0
1902, 0, 1, 50, 59, 0
1902, 0, 3, 51, 3, 0
1902, 0, 3, 51, 5, 0
1902, 0, 1, 51, 9, 0
1902, 0, 1, 51, 15, 0
1902, 2, 2, 51, 22, 0
1902, 0, 2, 51, 23, 0
1902, 0, 2, 51, 24, 0
1902, 2, 1, 51, 25, 0
1902, 0, 2, 51, 26, 0
1902, 0, 2, 51, 27, 0
1902, 2, 1, 51, 28, 0
1902, 0, 2, 51, 29, 0
1902, 0, 2, 51, 30, 0
1902, 2, 1, 51, 31, 0
1902, 0, 3, 51, 45, 0
1902, 0, 1, 51, 47, 0
1902, 0, 3, 51, 55, 0
1902, 0, 2, 51, 58, 0
1902, 2, 1, 51, 59, 0
1902, 0, 3, 52, 3, 0
1902, 0, 3, 52, 5, 0
1902, 1, 0, 52, 9, 0
1902, 9, 0, 52, 10, 0
1902, 0, 1, 52, 15, 0
1902, 2, 2, 52, 45, 0
1902, 2, 1, 52, 47, 0
1902, 9, 3, 52, 53, 0
1902, 0, 0, 52, 54, 0
1902, 0, 1, 52, 57, 0
1902, 0, 3, 53, 3, 0
1902, 1, 0, 53, 10, 0
1902, 2, 3, 53, 11, 0
1902, 0, 0, 53, 12, 0
1902, 0, 0, 53, 13, 0
1902, 2, 0, 53, 15, 0
1902, 0, 3, 53, 53, 0
1902, 0, 1, 53, 57, 0
1902, 0, 3, 54, 3, 0
1902, 0, 3, 54, 11, 0
1902, 0, 1, 54, 15, 0
1902, 9, 3, 54, 19, 0
1902, 0, 0, 54, 20, 0
1902, 0, 0, 54, 21, 0
1902, 2, 3, 54, 22, 0
1902, 0, 0, 54, 23, 0
1902, 0, 0, 54, 24, 0
1902, 0, 0, 54, 25, 0
1902, 2, 3, 54, 26, 0
1902, 0, 0, 54, 27, 0
1902, 0, 0, 54, 28, 0
1902, 0, 0, 54, 29, 0
1902, 2, 3, 54, 30, 0
1902, 0, 0, 54, 31, 0
1902, 0, 0, 54, 32, 0
1902, 0, 0, 54, 33, 0
1902, 2, 0, 54, 34, 0
1902, 9, 0, 54, 35, 0
1902, 9, 2, 54, 53, 0
1902, 0, 2, 54, 54, 0
1902, 0, 2, 54, 55, 0
1902, 0, 2, 54, 56, 0
1902, 9, 1, 54, 57, 0
1902, 0, 3, 55, 3, 0
1902, 0, 3, 55, 11, 0
1902, 0, 1, 55, 15, 0
1902, 0, 3, 55, 19, 0
1902, 0, 3, 55, 22, 0
1902, 0, 1, 55, 34, 0
1902, 0, 1, 55, 35, 0
1902, 0, 3, 56, 3, 0
1902, 3, 0, 56, 15, 0
1902, 0, 0, 56, 16, 0
1902, 0, 0, 56, 17, 0
1902, 0, 0, 56, 18, 0
1902, 3, 3, 56, 19, 0
1902, 2, 2, 56, 22, 0
1902, 2, 2, 56, 26, 0
1902, 2, 2, 56, 30, 0
1902, 2, 1, 56, 34, 0
1902, 0, 1, 56, 35, 0
1902, 0, 3, 57, 3, 0
1902, 0, 3, 57, 11, 0
1902, 3, 1, 57, 15, 0
1902, 0, 2, 57, 16, 0
1902, 0, 2, 57, 17, 0
1902, 0, 2, 57, 18, 0
1902, 3, 2, 57, 19, 0
1902, 3, 0, 57, 22, 0
1902, 3, 3, 57, 24, 0
1902, 3, 0, 57, 26, 0
1902, 3, 3, 57, 28, 0
1902, 3, 0, 57, 30, 0
1902, 3, 3, 57, 32, 0
1902, 0, 3, 58, 3, 0
1902, 0, 3, 58, 11, 0
1902, 0, 1, 58, 15, 0
1902, 0, 3, 58, 19, 0
1902, 0, 1, 58, 35, 0
1902, 2, 2, 59, 3, 0
1902, 0, 2, 59, 4, 0
1902, 0, 2, 59, 5, 0
1902, 0, 2, 59, 6, 0
1902, 0, 2, 59, 7, 0
1902, 0, 2, 59, 8, 0
1902, 0, 2, 59, 9, 0
1902, 0, 2, 59, 10, 0
1902, 2, 2, 59, 11, 0
1902, 0, 2, 59, 12, 0
1902, 0, 2, 59, 13, 0
1902, 0, 2, 59, 14, 0
1902, 9, 1, 59, 15, 0
1902, 9, 2, 59, 19, 0
1902, 0, 2, 59, 20, 0
1902, 0, 2, 59, 21, 0
1902, 0, 2, 59, 22, 0
1902, 0, 2, 59, 23, 0
1902, 0, 2, 59, 24, 0
1902, 0, 2, 59, 25, 0
1902, 0, 2, 59, 26, 0
1902, 0, 2, 59, 27, 0
1902, 0, 2, 59, 28, 0
1902, 0, 2, 59, 29, 0
1902, 0, 2, 59, 30, 0
1902, 0, 2, 59, 31, 0
1902, 0, 2, 59, 32, 0
1902, 0, 2, 59, 33, 0
1902, 0, 2, 59, 34, 0
1902, 9, 1, 59, 35, 0
1902, 9, 3, 47, 3, 1
1902, 0, 0, 47, 4, 1
1902, 0, 0, 47, 5, 1
1902, 0, 0, 47, 6, 1
1902, 0, 0, 47, 7, 1
1902, 0, 0, 47, 8, 1
1902, 2, 0, 47, 9, 1
1902, 0, 3, 48, 3, 1
1902, 0, 1, 48, 9, 1
1902, 0, 3, 49, 3, 1
1902, 0, 1, 49, 9, 1
1902, 0, 3, 50, 3, 1
1902, 0, 1, 50, 9, 1
1902, 0, 3, 51, 3, 1
1902, 0, 1, 51, 9, 1
1902, 2, 3, 52, 3, 1
1902, 2, 0, 52, 9, 1
1902, 0, 3, 53, 3, 1
1902, 0, 1, 53, 9, 1
1902, 0, 3, 54, 3, 1
1902, 0, 1, 54, 9, 1
1902, 0, 3, 55, 3, 1
1902, 0, 1, 55, 9, 1
1902, 0, 3, 56, 3, 1
1902, 0, 3, 57, 3, 1
1902, 0, 1, 57, 9, 1
1902, 0, 3, 58, 3, 1
1902, 0, 1, 58, 9, 1
1902, 2, 2, 59, 3, 1
1902, 0, 2, 59, 4, 1
1902, 0, 2, 59, 5, 1
1902, 0, 2, 59, 6, 1
1902, 0, 2, 59, 7, 1
1902, 0, 2, 59, 8, 1
1902, 2, 1, 59, 9, 1
1902, 9, 3, 47, 3, 2
1902, 0, 0, 47, 4, 2
1902, 0, 0, 47, 5, 2
1902, 0, 0, 47, 6, 2
1902, 0, 0, 47, 7, 2
1902, 0, 0, 47, 8, 2
1902, 2, 0, 47, 9, 2
1902, 0, 3, 48, 3, 2
1902, 0, 1, 48, 9, 2
1902, 0, 3, 49, 3, 2
1902, 0, 1, 49, 9, 2
1902, 0, 3, 50, 3, 2
1902, 0, 1, 50, 9, 2
1902, 0, 3, 51, 3, 2
1902, 0, 1, 51, 9, 2
1902, 0, 3, 52, 3, 2
1902, 0, 1, 52, 9, 2
1902, 0, 3, 53, 3, 2
1902, 0, 1, 53, 9, 2
1902, 0, 3, 54, 3, 2
1902, 0, 1, 54, 9, 2
1902, 0, 3, 55, 3, 2
1902, 0, 1, 55, 9, 2
1902, 0, 3, 56, 3, 2
1902, 0, 1, 56, 9, 2
1902, 0, 3, 57, 3, 2
1902, 0, 1, 57, 9, 2
1902, 0, 3, 58, 3, 2
1902, 0, 1, 58, 9, 2
1902, 2, 2, 59, 3, 2
1902, 0, 2, 59, 4, 2
1902, 0, 2, 59, 5, 2
1902, 0, 2, 59, 6, 2
1902, 0, 2, 59, 7, 2
1902, 0, 2, 59, 8, 2
1902, 2, 1, 59, 9, 2
1911, 3, 0, 49, 21, 0
1911, 3, 3, 49, 32, 0
1911, 3, 1, 51, 21, 0
1911, 3, 2, 51, 32, 0
1913, 9, 0, 40, 12, 0
1913, 9, 0, 41, 13, 0
1913, 9, 0, 49, 20, 0
1913, 9, 0, 50, 21, 0
1913, 9, 3, 45, 14, 1
1913, 9, 0, 45, 15, 1
1913, 9, 3, 46, 13, 1
1913, 1, 3, 46, 14, 1
1913, 1, 0, 46, 15, 1
1913, 9, 0, 46, 16, 1
1913, 0, 0, 47, 10, 1
1913, 0, 0, 47, 11, 1
1913, 0, 0, 47, 12, 1
1913, 1, 3, 47, 13, 1
1913, 1, 0, 47, 16, 1
1913, 9, 0, 47, 17, 1
1913, 1, 1, 48, 16, 1
1913, 9, 1, 48, 17, 1
1913, 1, 1, 49, 15, 1
1913, 9, 1, 49, 16, 1
1913, 0, 1, 50, 15, 1
1913, 0, 1, 51, 15, 1
1913, 9, 0, 52, 10, 1
1913, 0, 1, 52, 15, 1
1913, 1, 0, 53, 10, 1
1913, 0, 0, 53, 11, 1
1913, 2, 0, 53, 15, 1
1913, 0, 1, 54, 15, 1
1913, 0, 1, 55, 15, 1
1913, 0, 1, 56, 15, 1
1913, 0, 1, 57, 15, 1
1913, 0, 1, 58, 15, 1
1913, 0, 2, 59, 10, 1
1913, 0, 2, 59, 11, 1
1913, 0, 2, 59, 12, 1
1913, 0, 2, 59, 13, 1
1913, 0, 2, 59, 14, 1
1913, 9, 1, 59, 15, 1
1924, 16, 1, 13, 61, 1
1924, 16, 2, 13, 62, 1
1924, 12, 1, 14, 61, 1
1924, 12, 3, 14, 62, 1
1924, 13, 1, 15, 60, 1
1924, 15, 1, 15, 61, 1
1924, 12, 3, 15, 62, 1
1924, 13, 1, 16, 59, 1
1924, 14, 1, 16, 60, 1
1924, 17, 1, 16, 61, 1
1924, 12, 3, 16, 62, 1
1924, 12, 1, 17, 59, 1
1924, 17, 1, 17, 60, 1
1924, 17, 1, 17, 61, 1
1924, 12, 3, 17, 62, 1
1924, 12, 1, 18, 59, 1
1924, 17, 1, 18, 60, 1
1924, 17, 1, 18, 61, 1
1924, 12, 3, 18, 62, 1
1924, 12, 1, 19, 59, 1
1924, 17, 1, 19, 60, 1
1924, 17, 1, 19, 61, 1
1924, 12, 3, 19, 62, 1
1924, 13, 0, 20, 59, 1
1924, 14, 0, 20, 60, 1
1924, 17, 1, 20, 61, 1
1924, 12, 3, 20, 62, 1
1924, 13, 0, 21, 60, 1
1924, 12, 0, 21, 61, 1
1924, 16, 3, 21, 62, 1
1924, 16, 1, 47, 22, 1
1924, 12, 2, 47, 23, 1
1924, 12, 2, 47, 24, 1
1924, 12, 2, 47, 25, 1
1924, 12, 2, 47, 26, 1
1924, 12, 2, 47, 27, 1
1924, 12, 2, 47, 28, 1
1924, 12, 2, 47, 29, 1
1924, 12, 2, 47, 30, 1
1924, 16, 2, 47, 31, 1
1924, 12, 1, 48, 22, 1
1924, 17, 3, 48, 23, 1
1924, 17, 3, 48, 24, 1
1924, 17, 3, 48, 25, 1
1924, 17, 3, 48, 26, 1
1924, 17, 3, 48, 27, 1
1924, 17, 3, 48, 28, 1
1924, 17, 3, 48, 29, 1
1924, 17, 3, 48, 30, 1
1924, 12, 3, 48, 31, 1
1924, 12, 1, 49, 22, 1
1924, 17, 3, 49, 23, 1
1924, 17, 3, 49, 24, 1
1924, 17, 3, 49, 25, 1
1924, 17, 3, 49, 26, 1
1924, 17, 3, 49, 27, 1
1924, 17, 3, 49, 28, 1
1924, 17, 3, 49, 29, 1
1924, 17, 3, 49, 30, 1
1924, 12, 3, 49, 31, 1
1924, 12, 1, 50, 22, 1
1924, 17, 3, 50, 23, 1
1924, 17, 3, 50, 24, 1
1924, 17, 3, 50, 25, 1
1924, 17, 3, 50, 26, 1
1924, 17, 3, 50, 27, 1
1924, 17, 3, 50, 28, 1
1924, 17, 3, 50, 29, 1
1924, 17, 3, 50, 30, 1
1924, 12, 3, 50, 31, 1
1924, 16, 0, 51, 22, 1
1924, 12, 0, 51, 23, 1
1924, 12, 0, 51, 24, 1
1924, 12, 0, 51, 25, 1
1924, 12, 0, 51, 26, 1
1924, 12, 0, 51, 27, 1
1924, 12, 0, 51, 28, 1
1924, 12, 0, 51, 29, 1
1924, 12, 0, 51, 30, 1
1924, 16, 3, 51, 31, 1
1938, 8, 0, 45, 15, 0
1938, 4, 2, 46, 10, 0
1938, 5, 0, 47, 10, 0
1938, 8, 0, 47, 17, 0
1938, 5, 1, 52, 15, 0
1938, 4, 3, 52, 16, 0
1983, 0, 2, 30, 26, 3
1983, 0, 2, 30, 27, 3
1983, 0, 1, 32, 24, 3
1983, 0, 3, 32, 29, 3
1983, 0, 1, 33, 24, 3
1983, 0, 3, 33, 29, 3
1983, 0, 0, 35, 26, 3
1983, 0, 0, 35, 27, 3
2724, 10, 1, 5, 18, 0
2725, 10, 1, 52, 9, 2
2727, 10, 3, 5, 23, 0
2728, 10, 1, 18, 62, 0
2739, 22, 0, 6, 63, 0
2764, 22, 0, 6, 6, 0
2771, 22, 0, 3, 37, 0
2771, 22, 0, 4, 30, 0
2771, 22, 0, 32, 52, 0
2771, 22, 0, 49, 51, 0
2771, 22, 0, 51, 59, 0
2772, 22, 0, 19, 62, 0
