3702, 22, 1, 14, 29, 0
3702, 22, 0, 14, 34, 0
3702, 22, 1, 14, 41, 0
3702, 22, 0, 14, 49, 0
3702, 22, 2, 15, 24, 0
3702, 22, 3, 16, 21, 0
3702, 22, 2, 16, 38, 0
3702, 22, 0, 17, 16, 0
3702, 22, 3, 17, 53, 0
3702, 22, 0, 22, 13, 0
3702, 22, 2, 22, 53, 0
3702, 22, 1, 26, 52, 0
3702, 22, 0, 29, 54, 0
3702, 22, 3, 35, 52, 0
3702, 22, 2, 39, 54, 0
3702, 22, 2, 40, 15, 0
3702, 22, 1, 46, 54, 0
3702, 22, 3, 47, 15, 0
3702, 22, 3, 49, 35, 0
3702, 22, 0, 49, 41, 0
3702, 22, 1, 49, 47, 0
3702, 22, 0, 50, 19, 0
3702, 22, 1, 50, 26, 0
3702, 22, 2, 51, 30, 0
3702, 22, 2, 51, 49, 0
3702, 22, 3, 53, 52, 0
3702, 22, 0, 56, 54, 0
3702, 22, 3, 13, 25, 1
3702, 22, 1, 14, 22, 1
3702, 22, 0, 16, 14, 1
3702, 22, 2, 17, 29, 1
3702, 22, 3, 24, 10, 1
3702, 22, 1, 24, 49, 1
3702, 22, 2, 26, 55, 1
3702, 22, 3, 27, 33, 1
3702, 22, 2, 30, 16, 1
3702, 22, 1, 40, 17, 1
3702, 22, 3, 47, 20, 1
3702, 22, 0, 47, 22, 1
3702, 22, 2, 47, 29, 1
3702, 22, 0, 51, 43, 1
3702, 22, 1, 52, 34, 1
3702, 22, 3, 53, 58, 1
3702, 22, 0, 17, 33, 2
3702, 22, 3, 18, 49, 2
3702, 22, 2, 19, 29, 2
3702, 22, 0, 19, 37, 2
3702, 22, 1, 19, 43, 2
3702, 22, 3, 22, 31, 2
3702, 22, 0, 24, 19, 2
3702, 22, 0, 25, 41, 2
3702, 22, 0, 25, 47, 2
3702, 22, 3, 26, 34, 2
3702, 22, 3, 30, 37, 2
3702, 22, 1, 32, 50, 2
3702, 22, 0, 33, 36, 2
3702, 22, 2, 35, 30, 2
3702, 22, 0, 36, 23, 2
3702, 22, 0, 38, 22, 2
3702, 22, 2, 40, 49, 2
3702, 22, 1, 43, 18, 2
3702, 22, 2, 43, 20, 2
3702, 22, 1, 43, 43, 2
3702, 22, 2, 44, 25, 2
3702, 22, 3, 44, 49, 2
3702, 22, 0, 45, 41, 2
3702, 22, 0, 46, 24, 2
3702, 22, 3, 46, 31, 2
3702, 22, 2, 46, 34, 2
3702, 22, 1, 46, 42, 2
3703, 22, 1, 14, 26, 0
3703, 22, 0, 14, 27, 0
3703, 22, 3, 14, 32, 0
3703, 22, 2, 14, 36, 0
3703, 22, 1, 14, 44, 0
3703, 22, 0, 14, 48, 0
3703, 22, 2, 15, 26, 0
3703, 22, 1, 15, 36, 0
3703, 22, 0, 15, 37, 0
3703, 22, 3, 16, 23, 0
3703, 22, 2, 16, 39, 0
3703, 22, 0, 18, 16, 0
3703, 22, 3, 18, 53, 0
3703, 22, 1, 19, 16, 0
3703, 22, 2, 19, 53, 0
3703, 22, 0, 20, 12, 0
3703, 22, 0, 20, 13, 0
3703, 22, 2, 20, 14, 0
3703, 22, 0, 20, 15, 0
3703, 22, 2, 20, 45, 0
3703, 22, 3, 21, 13, 0
3703, 22, 0, 21, 15, 0
3703, 22, 0, 22, 14, 0
3703, 22, 3, 22, 44, 0
3703, 22, 0, 22, 45, 0
3703, 22, 0, 23, 14, 0
3703, 22, 1, 23, 44, 0
3703, 22, 1, 24, 13, 0
3703, 22, 1, 24, 14, 0
3703, 22, 1, 24, 52, 0
3703, 22, 0, 24, 53, 0
3703, 22, 2, 25, 12, 0
3703, 22, 2, 25, 14, 0
3703, 22, 3, 25, 53, 0
3703, 22, 3, 26, 12, 0
3703, 22, 3, 26, 13, 0
3703, 22, 0, 26, 14, 0
3703, 22, 1, 29, 53, 0
3703, 22, 1, 31, 11, 0
3703, 22, 0, 31, 14, 0
3703, 22, 3, 31, 54, 0
3703, 22, 2, 31, 55, 0
3703, 22, 2, 32, 11, 0
3703, 22, 2, 32, 34, 0
3703, 22, 1, 32, 54, 0
3703, 22, 2, 33, 11, 0
3703, 22, 3, 33, 14, 0
3703, 22, 0, 33, 54, 0
3703, 22, 3, 33, 55, 0
3703, 22, 0, 34, 14, 0
3703, 22, 2, 34, 53, 0
3703, 22, 1, 35, 14, 0
3703, 22, 1, 35, 54, 0
3703, 22, 1, 36, 12, 0
3703, 22, 0, 36, 54, 0
3703, 22, 0, 37, 13, 0
3703, 22, 3, 37, 15, 0
3703, 22, 3, 37, 55, 0
3703, 22, 0, 38, 15, 0
3703, 22, 1, 38, 53, 0
3703, 22, 2, 38, 54, 0
3703, 22, 1, 39, 14, 0
3703, 22, 2, 40, 14, 0
3703, 22, 0, 40, 54, 0
3703, 22, 2, 42, 14, 0
3703, 22, 3, 42, 54, 0
3703, 22, 3, 43, 13, 0
3703, 22, 2, 43, 14, 0
3703, 22, 2, 43, 53, 0
3703, 22, 1, 43, 55, 0
3703, 22, 0, 44, 14, 0
3703, 22, 0, 44, 54, 0
3703, 22, 2, 44, 56, 0
3703, 22, 1, 45, 14, 0
3703, 22, 3, 45, 55, 0
3703, 22, 3, 48, 17, 0
3703, 22, 1, 48, 45, 0
3703, 22, 0, 49, 17, 0
3703, 22, 1, 49, 18, 0
3703, 22, 2, 49, 40, 0
3703, 22, 2, 50, 20, 0
3703, 22, 3, 50, 21, 0
3703, 22, 0, 50, 27, 0
3703, 22, 0, 50, 48, 0
3703, 22, 3, 51, 48, 0
3703, 22, 0, 11, 44, 1
3703, 22, 1, 11, 45, 1
3703, 22, 3, 12, 34, 1
3703, 22, 1, 12, 35, 1
3703, 22, 2, 12, 41, 1
3703, 22, 0, 12, 47, 1
3703, 22, 1, 12, 48, 1
3703, 22, 3, 12, 49, 1
3703, 22, 3, 13, 24, 1
3703, 22, 2, 13, 26, 1
3703, 22, 0, 13, 37, 1
3703, 22, 1, 13, 38, 1
3703, 22, 3, 13, 42, 1
3703, 22, 0, 15, 17, 1
3703, 22, 1, 15, 18, 1
3703, 22, 3, 15, 33, 1
3703, 22, 2, 15, 34, 1
3703, 22, 0, 15, 49, 1
3703, 22, 1, 16, 28, 1
3703, 22, 0, 16, 29, 1
3703, 22, 0, 16, 31, 1
3703, 22, 0, 16, 42, 1
3703, 22, 2, 16, 44, 1
3703, 22, 3, 16, 46, 1
3703, 22, 1, 16, 50, 1
3703, 22, 2, 17, 13, 1
3703, 22, 1, 17, 24, 1
3703, 22, 2, 17, 27, 1
3703, 22, 1, 17, 37, 1
3703, 22, 1, 17, 41, 1
3703, 22, 3, 18, 13, 1
3703, 22, 3, 18, 21, 1
3703, 22, 2, 18, 23, 1
3703, 22, 3, 18, 51, 1
3703, 22, 0, 19, 19, 1
3703, 22, 1, 19, 20, 1
3703, 22, 1, 19, 45, 1
3703, 22, 2, 19, 46, 1
3703, 22, 0, 19, 51, 1
3703, 22, 2, 19, 56, 1
3703, 22, 1, 20, 18, 1
3703, 22, 3, 20, 47, 1
3703, 22, 3, 20, 52, 1
3703, 22, 1, 20, 55, 1
3703, 22, 2, 21, 47, 1
3703, 22, 0, 21, 52, 1
3703, 22, 3, 22, 16, 1
3703, 22, 0, 22, 17, 1
3703, 22, 3, 22, 56, 1
3703, 22, 0, 23, 10, 1
3703, 22, 1, 23, 16, 1
3703, 22, 0, 23, 46, 1
3703, 22, 0, 23, 50, 1
3703, 22, 0, 24, 16, 1
3703, 22, 1, 24, 46, 1
3703, 22, 1, 24, 50, 1
3703, 22, 0, 25, 15, 1
3703, 22, 2, 25, 50, 1
3703, 22, 3, 26, 44, 1
3703, 22, 3, 26, 49, 1
3703, 22, 1, 27, 11, 1
3703, 22, 0, 27, 50, 1
3703, 22, 3, 27, 51, 1
3703, 22, 2, 28, 11, 1
3703, 22, 0, 28, 32, 1
3703, 22, 1, 28, 33, 1
3703, 22, 2, 28, 34, 1
3703, 22, 1, 28, 51, 1
3703, 22, 3, 28, 56, 1
3703, 22, 2, 29, 32, 1
3703, 22, 3, 29, 35, 1
3703, 22, 2, 29, 51, 1
3703, 22, 0, 29, 56, 1
3703, 22, 3, 30, 10, 1
3703, 22, 0, 30, 31, 1
3703, 22, 0, 30, 35, 1
3703, 22, 2, 30, 51, 1
3703, 22, 2, 30, 56, 1
3703, 22, 1, 31, 31, 1
3703, 22, 1, 31, 51, 1
3703, 22, 1, 31, 56, 1
3703, 22, 2, 33, 9, 1
3703, 22, 2, 33, 16, 1
3703, 22, 1, 33, 52, 1
3703, 22, 1, 34, 16, 1
3703, 22, 1, 34, 33, 1
3703, 22, 0, 34, 56, 1
3703, 22, 3, 35, 10, 1
3703, 22, 3, 35, 56, 1
3703, 22, 0, 36, 11, 1
3703, 22, 2, 36, 51, 1
3703, 22, 2, 36, 56, 1
3703, 22, 1, 37, 11, 1
3703, 22, 3, 37, 52, 1
3703, 22, 3, 38, 11, 1
3703, 22, 0, 38, 51, 1
3703, 22, 0, 39, 17, 1
3703, 22, 2, 40, 22, 1
3703, 22, 0, 41, 12, 1
3703, 22, 1, 41, 50, 1
3703, 22, 1, 42, 12, 1
3703, 22, 2, 42, 50, 1
3703, 22, 3, 43, 16, 1
3703, 22, 3, 43, 23, 1
3703, 22, 0, 44, 12, 1
3703, 22, 2, 44, 57, 1
3703, 22, 2, 45, 16, 1
3703, 22, 3, 45, 57, 1
3703, 22, 3, 46, 13, 1
3703, 22, 1, 46, 16, 1
3703, 22, 0, 46, 17, 1
3703, 22, 0, 46, 57, 1
3703, 22, 3, 47, 18, 1
3703, 22, 2, 47, 19, 1
3703, 22, 1, 47, 35, 1
3703, 22, 2, 47, 36, 1
3703, 22, 0, 47, 37, 1
3703, 22, 3, 47, 45, 1
3703, 22, 1, 48, 20, 1
3703, 22, 0, 48, 22, 1
3703, 22, 3, 48, 28, 1
3703, 22, 2, 48, 29, 1
3703, 22, 3, 48, 32, 1
3703, 22, 0, 48, 33, 1
3703, 22, 3, 48, 40, 1
3703, 22, 2, 50, 16, 1
3703, 22, 0, 50, 40, 1
3703, 22, 2, 50, 53, 1
3703, 22, 1, 51, 18, 1
3703, 22, 0, 51, 19, 1
3703, 22, 3, 51, 24, 1
3703, 22, 2, 51, 26, 1
3703, 22, 1, 51, 42, 1
3703, 22, 1, 52, 28, 1
3703, 22, 1, 52, 48, 1
3703, 22, 0, 52, 49, 1
3703, 22, 3, 52, 50, 1
3703, 22, 0, 52, 54, 1
3703, 22, 3, 53, 54, 1
3703, 22, 2, 53, 55, 1
3703, 22, 1, 54, 51, 1
3703, 22, 1, 54, 55, 1
3703, 22, 0, 54, 58, 1
3703, 22, 2, 55, 51, 1
3703, 22, 1, 56, 58, 1
3703, 22, 0, 57, 53, 1
3703, 22, 3, 57, 55, 1
3703, 22, 2, 57, 57, 1
3703, 22, 1, 57, 58, 1
3703, 22, 2, 58, 57, 1
3703, 22, 2, 16, 48, 2
3703, 22, 3, 17, 45, 2
3703, 22, 0, 17, 46, 2
3703, 22, 3, 17, 49, 2
3703, 22, 2, 18, 25, 2
3703, 22, 0, 18, 32, 2
3703, 22, 2, 18, 33, 2
3703, 22, 3, 18, 35, 2
3703, 22, 2, 18, 36, 2
3703, 22, 1, 18, 43, 2
3703, 22, 2, 18, 44, 2
3703, 22, 1, 18, 45, 2
3703, 22, 2, 18, 46, 2
3703, 22, 1, 18, 48, 2
3703, 22, 1, 19, 30, 2
3703, 22, 1, 19, 32, 2
3703, 22, 3, 19, 33, 2
3703, 22, 1, 19, 36, 2
3703, 22, 0, 19, 38, 2
3703, 22, 2, 19, 39, 2
3703, 22, 3, 19, 40, 2
3703, 22, 0, 19, 48, 2
3703, 22, 0, 20, 34, 2
3703, 22, 0, 20, 41, 2
3703, 22, 1, 20, 50, 2
3703, 22, 0, 21, 19, 2
3703, 22, 2, 23, 22, 2
3703, 22, 1, 23, 38, 2
3703, 22, 2, 23, 41, 2
3703, 22, 3, 23, 48, 2
3703, 22, 2, 24, 36, 2
3703, 22, 1, 24, 39, 2
3703, 22, 0, 24, 47, 2
3703, 22, 0, 25, 17, 2
3703, 22, 1, 25, 35, 2
3703, 22, 1, 26, 16, 2
3703, 22, 3, 26, 31, 2
3703, 22, 1, 26, 33, 2
3703, 22, 1, 26, 42, 2
3703, 22, 3, 27, 16, 2
3703, 22, 3, 27, 18, 2
3703, 22, 0, 27, 29, 2
3703, 22, 0, 27, 30, 2
3703, 22, 0, 27, 35, 2
3703, 22, 3, 27, 37, 2
3703, 22, 2, 27, 41, 2
3703, 22, 1, 27, 42, 2
3703, 22, 0, 27, 43, 2
3703, 22, 0, 28, 16, 2
3703, 22, 1, 28, 30, 2
3703, 22, 3, 28, 38, 2
3703, 22, 1, 28, 39, 2
3703, 22, 3, 28, 42, 2
3703, 22, 2, 28, 43, 2
3703, 22, 1, 28, 44, 2
3703, 22, 1, 28, 48, 2
3703, 22, 1, 29, 17, 2
3703, 22, 2, 29, 18, 2
3703, 22, 3, 29, 37, 2
3703, 22, 0, 29, 43, 2
3703, 22, 1, 30, 19, 2
3703, 22, 2, 30, 29, 2
3703, 22, 2, 30, 49, 2
3703, 22, 1, 31, 19, 2
3703, 22, 2, 31, 37, 2
3703, 22, 0, 31, 46, 2
3703, 22, 3, 31, 47, 2
3703, 22, 3, 31, 49, 2
3703, 22, 0, 32, 37, 2
3703, 22, 0, 32, 45, 2
3703, 22, 1, 32, 47, 2
3703, 22, 1, 32, 48, 2
3703, 22, 0, 32, 49, 2
3703, 22, 3, 33, 37, 2
3703, 22, 2, 33, 46, 2
3703, 22, 2, 33, 47, 2
3703, 22, 3, 33, 48, 2
3703, 22, 0, 33, 49, 2
3703, 22, 3, 33, 50, 2
3703, 22, 2, 34, 18, 2
3703, 22, 0, 34, 36, 2
3703, 22, 2, 34, 37, 2
3703, 22, 1, 34, 38, 2
3703, 22, 1, 34, 47, 2
3703, 22, 3, 35, 17, 2
3703, 22, 3, 35, 23, 2
3703, 22, 0, 35, 32, 2
3703, 22, 2, 35, 36, 2
3703, 22, 2, 35, 37, 2
3703, 22, 1, 35, 49, 2
3703, 22, 0, 36, 18, 2
3703, 22, 2, 36, 22, 2
3703, 22, 0, 36, 24, 2
3703, 22, 0, 36, 27, 2
3703, 22, 3, 36, 34, 2
3703, 22, 2, 36, 35, 2
3703, 22, 0, 36, 49, 2
3703, 22, 1, 37, 23, 2
3703, 22, 3, 37, 27, 2
3703, 22, 3, 37, 28, 2
3703, 22, 1, 38, 24, 2
3703, 22, 2, 38, 26, 2
3703, 22, 1, 38, 27, 2
3703, 22, 0, 38, 28, 2
3703, 22, 2, 38, 42, 2
3703, 22, 1, 38, 48, 2
3703, 22, 0, 38, 49, 2
3703, 22, 1, 38, 50, 2
3703, 22, 3, 39, 41, 2
3703, 22, 1, 39, 43, 2
3703, 22, 2, 39, 47, 2
3703, 22, 2, 39, 48, 2
3703, 22, 0, 39, 50, 2
3703, 22, 3, 40, 21, 2
3703, 22, 0, 40, 41, 2
3703, 22, 0, 40, 42, 2
3703, 22, 1, 40, 48, 2
3703, 22, 1, 41, 19, 2
3703, 22, 0, 41, 28, 2
3703, 22, 3, 41, 49, 2
3703, 22, 2, 42, 49, 2
3703, 22, 1, 43, 32, 2
3703, 22, 2, 44, 17, 2
3703, 22, 2, 44, 23, 2
3703, 22, 0, 44, 31, 2
3703, 22, 3, 44, 34, 2
3703, 22, 3, 44, 40, 2
3703, 22, 1, 45, 18, 2
3703, 22, 0, 45, 28, 2
3703, 22, 3, 45, 33, 2
3703, 22, 2, 45, 34, 2
3703, 22, 1, 45, 35, 2
3703, 22, 1, 45, 39, 2
3703, 22, 0, 45, 42, 2
3703, 22, 2, 45, 44, 2
3703, 22, 3, 46, 22, 2
3703, 22, 2, 46, 29, 2
3703, 22, 3, 46, 30, 2
3703, 22, 0, 46, 32, 2
3703, 22, 1, 46, 36, 2
3703, 22, 2, 46, 37, 2
3703, 22, 3, 46, 43, 2
3703, 22, 0, 47, 26, 2
3704, 22, 3, 13, 45, 0
3704, 22, 0, 14, 31, 0
3704, 22, 1, 14, 35, 0
3704, 22, 3, 15, 25, 0
3704, 22, 2, 15, 41, 0
3704, 22, 2, 17, 19, 0
3704, 22, 0, 17, 52, 0
3704, 22, 1, 18, 17, 0
3704, 22, 0, 21, 14, 0
3704, 22, 0, 23, 13, 0
3704, 22, 0, 23, 43, 0
3704, 22, 1, 23, 53, 0
3704, 22, 0, 25, 11, 0
3704, 22, 0, 25, 13, 0
3704, 22, 2, 27, 53, 0
3704, 22, 0, 30, 11, 0
3704, 22, 3, 30, 53, 0
3704, 22, 3, 31, 33, 0
3704, 22, 3, 32, 14, 0
3704, 22, 2, 36, 15, 0
3704, 22, 0, 36, 53, 0
3704, 22, 1, 41, 14, 0
3704, 22, 1, 41, 55, 0
3704, 22, 2, 45, 54, 0
3704, 22, 0, 48, 16, 0
3704, 22, 3, 49, 19, 0
3704, 22, 3, 49, 39, 0
3704, 22, 2, 50, 22, 0
3704, 22, 1, 50, 28, 0
3704, 22, 0, 50, 34, 0
3704, 22, 1, 50, 49, 0
3704, 22, 2, 56, 55, 0
3704, 22, 1, 14, 20, 1
3704, 22, 2, 20, 19, 1
3704, 22, 0, 21, 51, 1
3704, 22, 0, 21, 55, 1
3704, 22, 0, 30, 50, 1
3704, 22, 1, 33, 51, 1
3704, 22, 2, 35, 50, 1
3704, 22, 3, 37, 51, 1
3704, 22, 3, 48, 21, 1
3704, 22, 1, 52, 46, 1
3704, 22, 0, 53, 31, 1
3704, 22, 2, 57, 54, 1
3704, 22, 3, 58, 58, 1
3704, 22, 0, 18, 26, 2
3704, 22, 2, 18, 34, 2
3704, 22, 2, 18, 47, 2
3704, 22, 2, 19, 28, 2
3704, 22, 3, 19, 31, 2
3704, 22, 3, 20, 40, 2
3704, 22, 2, 22, 48, 2
3704, 22, 3, 26, 41, 2
3704, 22, 0, 27, 31, 2
3704, 22, 3, 27, 45, 2
3704, 22, 1, 30, 18, 2
3704, 22, 0, 32, 46, 2
3704, 22, 1, 34, 29, 2
3704, 22, 1, 34, 49, 2
3704, 22, 0, 35, 34, 2
3704, 22, 3, 35, 35, 2
3704, 22, 0, 37, 49, 2
3704, 22, 3, 38, 23, 2
3704, 22, 2, 39, 19, 2
3704, 22, 0, 39, 26, 2
3704, 22, 3, 39, 42, 2
3704, 22, 3, 39, 49, 2
3704, 22, 1, 43, 27, 2
3704, 22, 2, 44, 24, 2
3704, 22, 3, 45, 40, 2
3704, 22, 2, 45, 45, 2
3704, 22, 1, 46, 23, 2
3704, 22, 2, 46, 33, 2
3704, 22, 0, 46, 41, 2
3797, 10, 3, 15, 27, 0
3797, 10, 1, 18, 15, 0
3797, 10, 0, 21, 45, 0
3797, 10, 2, 30, 33, 0
3797, 10, 0, 36, 13, 0
3797, 10, 3, 41, 23, 0
3797, 10, 1, 45, 56, 0
3797, 10, 2, 48, 38, 0
3798, 10, 3, 14, 37, 0
3798, 10, 0, 23, 45, 0
3798, 10, 2, 31, 32, 0
3798, 10, 0, 38, 16, 0
3798, 10, 0, 46, 56, 0
3798, 10, 1, 50, 35, 0
3799, 10, 3, 13, 39, 0
3799, 10, 3, 32, 32, 0
3799, 10, 0, 38, 13, 0
3799, 10, 2, 38, 55, 0
3799, 10, 2, 41, 24, 0
4188, 10, 1, 48, 51, 2
4190, 10, 0, 20, 33, 2
4190, 10, 0, 20, 37, 2
4190, 10, 0, 21, 25, 2
4190, 10, 0, 21, 30, 2
4190, 10, 0, 24, 33, 2
4190, 10, 0, 24, 37, 2
4190, 10, 0, 25, 25, 2
4190, 10, 0, 25, 30, 2
4190, 10, 0, 27, 20, 2
4190, 10, 0, 27, 27, 2
4190, 10, 3, 29, 39, 2
4190, 10, 3, 29, 47, 2
4190, 10, 0, 35, 20, 2
4190, 10, 0, 35, 27, 2
4190, 10, 0, 37, 30, 2
4190, 10, 0, 37, 37, 2
4190, 10, 3, 42, 39, 2
4190, 10, 3, 42, 47, 2
4190, 10, 0, 43, 30, 2
4190, 10, 0, 43, 37, 2
4192, 10, 0, 20, 33, 3
4192, 10, 0, 20, 37, 3
4192, 10, 0, 21, 25, 3
4192, 10, 0, 21, 30, 3
4192, 10, 0, 24, 33, 3
4192, 10, 0, 24, 37, 3
4192, 10, 0, 25, 25, 3
4192, 10, 0, 25, 30, 3
4192, 10, 0, 27, 20, 3
4192, 10, 0, 27, 27, 3
4192, 10, 3, 29, 39, 3
4192, 10, 3, 29, 47, 3
4192, 10, 0, 35, 20, 3
4192, 10, 0, 35, 27, 3
4192, 10, 0, 37, 30, 3
4192, 10, 0, 37, 37, 3
4192, 10, 3, 42, 39, 3
4192, 10, 3, 42, 47, 3
4192, 10, 0, 43, 30, 3
4192, 10, 0, 43, 37, 3
4315, 1, 1, 11, 44, 0
4315, 0, 2, 11, 45, 0
4315, 1, 2, 11, 46, 0
4315, 1, 1, 12, 28, 0
4315, 1, 2, 12, 29, 0
4315, 1, 1, 12, 33, 0
4315, 0, 2, 12, 34, 0
4315, 1, 2, 12, 35, 0
4315, 1, 1, 12, 38, 0
4315, 0, 2, 12, 39, 0
4315, 0, 2, 12, 40, 0
4315, 1, 2, 12, 41, 0
4315, 1, 1, 12, 43, 0
4315, 9, 1, 12, 44, 0
4315, 9, 2, 12, 46, 0
4315, 0, 2, 12, 47, 0
4315, 0, 2, 12, 48, 0
4315, 0, 2, 12, 49, 0
4315, 1, 2, 12, 50, 0
4315, 1, 1, 13, 24, 0
4315, 0, 2, 13, 25, 0
4315, 0, 2, 13, 26, 0
4315, 0, 2, 13, 27, 0
4315, 9, 1, 13, 28, 0
4315, 9, 2, 13, 29, 0
4315, 0, 2, 13, 30, 0
4315, 0, 2, 13, 31, 0
4315, 0, 2, 13, 32, 0
4315, 9, 1, 13, 33, 0
4315, 9, 2, 13, 35, 0
4315, 0, 2, 13, 36, 0
4315, 0, 2, 13, 37, 0
4315, 9, 1, 13, 38, 0
4315, 9, 2, 13, 41, 0
4315, 0, 2, 13, 42, 0
4315, 9, 1, 13, 43, 0
4315, 9, 2, 13, 50, 0
4315, 1, 2, 13, 51, 0
4315, 1, 1, 14, 22, 0
4315, 0, 2, 14, 23, 0
4315, 9, 1, 14, 24, 0
4315, 9, 2, 14, 51, 0
4315, 0, 2, 14, 52, 0
4315, 1, 2, 14, 53, 0
4315, 1, 1, 15, 15, 0
4315, 1, 2, 15, 16, 0
4315, 1, 1, 15, 17, 0
4315, 1, 2, 15, 18, 0
4315, 1, 1, 15, 19, 0
4315, 0, 2, 15, 20, 0
4315, 0, 2, 15, 21, 0
4315, 9, 1, 15, 22, 0
4315, 9, 3, 15, 28, 0
4315, 9, 0, 15, 29, 0
4315, 9, 3, 15, 31, 0
4315, 0, 0, 15, 32, 0
4315, 0, 0, 15, 33, 0
4315, 0, 0, 15, 34, 0
4315, 9, 0, 15, 35, 0
4315, 9, 3, 15, 44, 0
4315, 0, 0, 15, 45, 0
4315, 9, 0, 15, 46, 0
4315, 9, 3, 15, 47, 0
4315, 0, 0, 15, 48, 0
4315, 0, 0, 15, 49, 0
4315, 9, 0, 15, 50, 0
4315, 9, 2, 15, 53, 0
4315, 1, 2, 15, 54, 0
4315, 1, 1, 16, 14, 0
4315, 9, 1, 16, 15, 0
4315, 9, 2, 16, 16, 0
4315, 9, 1, 16, 17, 0
4315, 9, 2, 16, 18, 0
4315, 9, 1, 16, 19, 0
4315, 9, 3, 16, 24, 0
4315, 0, 0, 16, 25, 0
4315, 0, 0, 16, 26, 0
4315, 0, 0, 16, 27, 0
4315, 1, 3, 16, 28, 0
4315, 1, 0, 16, 29, 0
4315, 0, 0, 16, 30, 0
4315, 1, 3, 16, 31, 0
4315, 1, 0, 16, 35, 0
4315, 0, 0, 16, 36, 0
4315, 9, 0, 16, 37, 0
4315, 9, 3, 16, 41, 0
4315, 0, 0, 16, 42, 0
4315, 0, 0, 16, 43, 0
4315, 1, 3, 16, 44, 0
4315, 1, 0, 16, 46, 0
4315, 1, 3, 16, 47, 0
4315, 0, 1, 16, 50, 0
4315, 9, 2, 16, 54, 0
4315, 1, 2, 16, 55, 0
4315, 1, 1, 17, 13, 0
4315, 9, 1, 17, 14, 0
4315, 9, 3, 17, 21, 0
4315, 9, 0, 17, 22, 0
4315, 9, 3, 17, 23, 0
4315, 1, 3, 17, 24, 0
4315, 1, 0, 17, 37, 0
4315, 0, 0, 17, 38, 0
4315, 0, 0, 17, 39, 0
4315, 0, 0, 17, 40, 0
4315, 1, 3, 17, 41, 0
4315, 1, 0, 17, 50, 0
4315, 9, 0, 17, 51, 0
4315, 0, 3, 17, 55, 0
4315, 0, 1, 18, 13, 0
4315, 9, 3, 18, 18, 0
4315, 9, 0, 18, 19, 0
4315, 9, 3, 18, 20, 0
4315, 1, 3, 18, 21, 0
4315, 1, 0, 18, 22, 0
4315, 1, 3, 18, 23, 0
4315, 0, 1, 18, 51, 0
4315, 9, 2, 18, 55, 0
4315, 1, 2, 18, 56, 0
4315, 1, 1, 19, 11, 0
4315, 0, 2, 19, 12, 0
4315, 9, 1, 19, 13, 0
4315, 9, 3, 19, 17, 0
4315, 1, 3, 19, 18, 0
4315, 1, 0, 19, 19, 0
4315, 1, 3, 19, 20, 0
4315, 1, 1, 19, 44, 0
4315, 0, 2, 19, 45, 0
4315, 0, 2, 19, 46, 0
4315, 1, 2, 19, 47, 0
4315, 1, 0, 19, 51, 0
4315, 9, 0, 19, 52, 0
4315, 9, 3, 19, 55, 0
4315, 1, 3, 19, 56, 0
4315, 1, 1, 20, 10, 0
4315, 9, 1, 20, 11, 0
4315, 0, 3, 20, 17, 0
4315, 1, 1, 20, 43, 0
4315, 9, 1, 20, 44, 0
4315, 0, 3, 20, 47, 0
4315, 0, 1, 20, 52, 0
4315, 0, 3, 20, 55, 0
4315, 1, 1, 21, 9, 0
4315, 9, 1, 21, 10, 0
4315, 9, 3, 21, 16, 0
4315, 1, 3, 21, 17, 0
4315, 1, 1, 21, 42, 0
4315, 9, 1, 21, 43, 0
4315, 0, 3, 21, 47, 0
4315, 0, 1, 21, 52, 0
4315, 0, 3, 21, 55, 0
4315, 1, 0, 22, 9, 0
4315, 9, 0, 22, 10, 0
4315, 0, 3, 22, 16, 0
4315, 0, 1, 22, 42, 0
4315, 9, 3, 22, 46, 0
4315, 1, 3, 22, 47, 0
4315, 1, 1, 22, 51, 0
4315, 9, 1, 22, 52, 0
4315, 9, 2, 22, 55, 0
4315, 1, 2, 22, 56, 0
4315, 0, 1, 23, 10, 0
4315, 9, 3, 23, 15, 0
4315, 1, 3, 23, 16, 0
4315, 0, 1, 23, 42, 0
4315, 0, 3, 23, 46, 0
4315, 1, 1, 23, 50, 0
4315, 9, 1, 23, 51, 0
4315, 9, 3, 23, 55, 0
4315, 1, 3, 23, 56, 0
4315, 0, 1, 24, 10, 0
4315, 0, 3, 24, 15, 0
4315, 0, 1, 24, 42, 0
4315, 0, 3, 24, 46, 0
4315, 1, 0, 24, 50, 0
4315, 9, 0, 24, 51, 0
4315, 9, 3, 24, 54, 0
4315, 1, 3, 24, 55, 0
4315, 0, 1, 25, 10, 0
4315, 0, 3, 25, 15, 0
4315, 1, 0, 25, 42, 0
4315, 9, 0, 25, 43, 0
4315, 9, 3, 25, 45, 0
4315, 1, 3, 25, 46, 0
4315, 1, 1, 25, 50, 0
4315, 9, 1, 25, 51, 0
4315, 0, 3, 25, 54, 0
4315, 1, 0, 26, 10, 0
4315, 9, 0, 26, 11, 0
4315, 0, 3, 26, 15, 0
4315, 1, 0, 26, 43, 0
4315, 0, 0, 26, 44, 0
4315, 1, 3, 26, 45, 0
4315, 1, 0, 26, 50, 0
4315, 9, 0, 26, 51, 0
4315, 0, 3, 26, 54, 0
4315, 0, 1, 27, 11, 0
4315, 9, 3, 27, 14, 0
4315, 1, 3, 27, 15, 0
4315, 1, 0, 27, 51, 0
4315, 9, 0, 27, 52, 0
4315, 9, 2, 27, 54, 0
4315, 1, 2, 27, 55, 0
4315, 0, 1, 28, 11, 0
4315, 0, 3, 28, 14, 0
4315, 1, 1, 28, 33, 0
4315, 1, 2, 28, 34, 0
4315, 0, 1, 28, 52, 0
4315, 9, 2, 28, 55, 0
4315, 1, 2, 28, 56, 0
4315, 1, 1, 29, 10, 0
4315, 9, 1, 29, 11, 0
4315, 9, 2, 29, 14, 0
4315, 1, 2, 29, 15, 0
4315, 1, 1, 29, 32, 0
4315, 9, 1, 29, 33, 0
4315, 9, 2, 29, 34, 0
4315, 1, 2, 29, 35, 0
4315, 1, 1, 29, 51, 0
4315, 9, 1, 29, 52, 0
4315, 9, 3, 29, 55, 0
4315, 1, 3, 29, 56, 0
4315, 0, 1, 30, 10, 0
4315, 9, 2, 30, 15, 0
4315, 1, 2, 30, 16, 0
4315, 1, 1, 30, 31, 0
4315, 9, 1, 30, 32, 0
4315, 0, 3, 30, 35, 0
4315, 1, 0, 30, 51, 0
4315, 9, 0, 30, 52, 0
4315, 9, 2, 30, 55, 0
4315, 1, 2, 30, 56, 0
4315, 0, 1, 31, 10, 0
4315, 9, 3, 31, 15, 0
4315, 1, 3, 31, 16, 0
4315, 0, 1, 31, 31, 0
4315, 9, 2, 31, 35, 0
4315, 1, 2, 31, 36, 0
4315, 1, 0, 31, 52, 0
4315, 9, 0, 31, 53, 0
4315, 0, 3, 31, 56, 0
4315, 1, 1, 32, 9, 0
4315, 9, 1, 32, 10, 0
4315, 0, 3, 32, 15, 0
4315, 1, 1, 32, 30, 0
4315, 9, 1, 32, 31, 0
4315, 9, 3, 32, 35, 0
4315, 1, 3, 32, 36, 0
4315, 0, 1, 32, 53, 0
4315, 0, 3, 32, 56, 0
4315, 0, 1, 33, 9, 0
4315, 0, 3, 33, 15, 0
4315, 0, 1, 33, 30, 0
4315, 9, 3, 33, 34, 0
4315, 1, 3, 33, 35, 0
4315, 1, 1, 33, 52, 0
4315, 9, 1, 33, 53, 0
4315, 0, 3, 33, 56, 0
4315, 1, 0, 34, 9, 0
4315, 9, 0, 34, 10, 0
4315, 9, 2, 34, 15, 0
4315, 1, 2, 34, 16, 0
4315, 1, 0, 34, 30, 0
4315, 9, 0, 34, 31, 0
4315, 9, 3, 34, 32, 0
4315, 0, 0, 34, 33, 0
4315, 1, 3, 34, 34, 0
4315, 1, 1, 34, 51, 0
4315, 9, 1, 34, 52, 0
4315, 9, 3, 34, 55, 0
4315, 1, 3, 34, 56, 0
4315, 1, 0, 35, 10, 0
4315, 9, 0, 35, 11, 0
4315, 0, 3, 35, 16, 0
4315, 1, 0, 35, 31, 0
4315, 1, 3, 35, 32, 0
4315, 0, 1, 35, 51, 0
4315, 9, 2, 35, 55, 0
4315, 1, 2, 35, 56, 0
4315, 0, 1, 36, 11, 0
4315, 0, 3, 36, 16, 0
4315, 1, 0, 36, 51, 0
4315, 9, 0, 36, 52, 0
4315, 9, 2, 36, 56, 0
4315, 1, 2, 36, 57, 0
4315, 0, 1, 37, 11, 0
4315, 9, 2, 37, 16, 0
4315, 1, 2, 37, 17, 0
4315, 0, 1, 37, 52, 0
4315, 9, 3, 37, 56, 0
4315, 1, 3, 37, 57, 0
4315, 0, 1, 38, 11, 0
4315, 0, 3, 38, 17, 0
4315, 1, 1, 38, 23, 0
4315, 1, 2, 38, 24, 0
4315, 1, 1, 38, 51, 0
4315, 9, 1, 38, 52, 0
4315, 0, 3, 38, 56, 0
4315, 1, 0, 39, 11, 0
4315, 9, 0, 39, 12, 0
4315, 9, 3, 39, 16, 0
4315, 1, 3, 39, 17, 0
4315, 1, 1, 39, 22, 0
4315, 9, 1, 39, 23, 0
4315, 9, 2, 39, 24, 0
4315, 1, 2, 39, 25, 0
4315, 1, 0, 39, 51, 0
4315, 9, 0, 39, 52, 0
4315, 0, 3, 39, 56, 0
4315, 1, 0, 40, 12, 0
4315, 9, 0, 40, 13, 0
4315, 0, 3, 40, 16, 0
4315, 0, 1, 40, 22, 0
4315, 9, 2, 40, 25, 0
4315, 1, 2, 40, 26, 0
4315, 1, 1, 40, 51, 0
4315, 9, 1, 40, 52, 0
4315, 0, 3, 40, 56, 0
4315, 1, 1, 41, 12, 0
4315, 9, 1, 41, 13, 0
4315, 0, 3, 41, 16, 0
4315, 0, 1, 41, 22, 0
4315, 9, 2, 41, 26, 0
4315, 1, 2, 41, 27, 0
4315, 1, 1, 41, 50, 0
4315, 9, 1, 41, 51, 0
4315, 9, 2, 41, 56, 0
4315, 1, 2, 41, 57, 0
4315, 0, 1, 42, 12, 0
4315, 9, 3, 42, 15, 0
4315, 1, 3, 42, 16, 0
4315, 0, 1, 42, 22, 0
4315, 9, 3, 42, 26, 0
4315, 1, 3, 42, 27, 0
4315, 1, 0, 42, 50, 0
4315, 9, 0, 42, 51, 0
4315, 9, 3, 42, 56, 0
4315, 1, 3, 42, 57, 0
4315, 0, 1, 43, 12, 0
4315, 0, 3, 43, 15, 0
4315, 1, 0, 43, 22, 0
4315, 0, 0, 43, 23, 0
4315, 9, 0, 43, 24, 0
4315, 9, 3, 43, 25, 0
4315, 1, 3, 43, 26, 0
4315, 1, 0, 43, 51, 0
4315, 9, 0, 43, 52, 0
4315, 9, 2, 43, 56, 0
4315, 1, 2, 43, 57, 0
4315, 0, 1, 44, 12, 0
4315, 0, 3, 44, 15, 0
4315, 1, 0, 44, 24, 0
4315, 1, 3, 44, 25, 0
4315, 0, 1, 44, 52, 0
4315, 0, 3, 44, 57, 0
4315, 1, 0, 45, 12, 0
4315, 9, 0, 45, 13, 0
4315, 0, 3, 45, 15, 0
4315, 0, 1, 45, 52, 0
4315, 0, 3, 45, 57, 0
4315, 0, 1, 46, 13, 0
4315, 9, 2, 46, 15, 0
4315, 1, 2, 46, 16, 0
4315, 1, 0, 46, 52, 0
4315, 9, 0, 46, 53, 0
4315, 0, 3, 46, 57, 0
4315, 1, 0, 47, 13, 0
4315, 9, 0, 47, 14, 0
4315, 9, 2, 47, 16, 0
4315, 0, 2, 47, 17, 0
4315, 1, 2, 47, 18, 0
4315, 1, 1, 47, 34, 0
4315, 0, 2, 47, 35, 0
4315, 0, 2, 47, 36, 0
4315, 0, 2, 47, 37, 0
4315, 0, 2, 47, 38, 0
4315, 1, 2, 47, 39, 0
4315, 1, 1, 47, 44, 0
4315, 0, 2, 47, 45, 0
4315, 0, 2, 47, 46, 0
4315, 1, 2, 47, 47, 0
4315, 0, 1, 47, 53, 0
4315, 0, 3, 47, 57, 0
4315, 0, 1, 48, 14, 0
4315, 9, 2, 48, 18, 0
4315, 0, 2, 48, 19, 0
4315, 0, 2, 48, 20, 0
4315, 0, 2, 48, 21, 0
4315, 1, 2, 48, 22, 0
4315, 1, 1, 48, 24, 0
4315, 0, 2, 48, 25, 0
4315, 1, 2, 48, 26, 0
4315, 1, 1, 48, 29, 0
4315, 0, 2, 48, 30, 0
4315, 0, 2, 48, 31, 0
4315, 0, 2, 48, 32, 0
4315, 0, 2, 48, 33, 0
4315, 9, 1, 48, 34, 0
4315, 9, 2, 48, 39, 0
4315, 0, 2, 48, 40, 0
4315, 0, 2, 48, 41, 0
4315, 0, 2, 48, 42, 0
4315, 0, 2, 48, 43, 0
4315, 9, 1, 48, 44, 0
4315, 9, 2, 48, 47, 0
4315, 1, 2, 48, 48, 0
4315, 0, 1, 48, 53, 0
4315, 9, 3, 48, 56, 0
4315, 1, 3, 48, 57, 0
4315, 1, 0, 49, 14, 0
4315, 9, 0, 49, 15, 0
4315, 9, 2, 49, 22, 0
4315, 0, 2, 49, 23, 0
4315, 9, 1, 49, 24, 0
4315, 9, 2, 49, 26, 0
4315, 0, 2, 49, 27, 0
4315, 0, 2, 49, 28, 0
4315, 9, 1, 49, 29, 0
4315, 9, 2, 49, 48, 0
4315, 0, 2, 49, 49, 0
4315, 0, 2, 49, 50, 0
4315, 1, 2, 49, 51, 0
4315, 1, 0, 49, 53, 0
4315, 9, 0, 49, 54, 0
4315, 0, 3, 49, 56, 0
4315, 1, 0, 50, 15, 0
4315, 0, 0, 50, 16, 0
4315, 0, 0, 50, 17, 0
4315, 9, 0, 50, 18, 0
4315, 9, 3, 50, 37, 0
4315, 0, 0, 50, 38, 0
4315, 0, 0, 50, 39, 0
4315, 0, 0, 50, 40, 0
4315, 0, 0, 50, 41, 0
4315, 9, 0, 50, 42, 0
4315, 0, 3, 50, 51, 0
4315, 1, 0, 50, 54, 0
4315, 9, 0, 50, 55, 0
4315, 9, 2, 50, 56, 0
4315, 1, 2, 50, 57, 0
4315, 1, 0, 51, 18, 0
4315, 0, 0, 51, 19, 0
4315, 0, 0, 51, 20, 0
4315, 0, 0, 51, 21, 0
4315, 9, 0, 51, 22, 0
4315, 9, 3, 51, 23, 0
4315, 0, 0, 51, 24, 0
4315, 0, 0, 51, 25, 0
4315, 0, 0, 51, 26, 0
4315, 0, 0, 51, 27, 0
4315, 9, 0, 51, 28, 0
4315, 9, 3, 51, 33, 0
4315, 0, 0, 51, 34, 0
4315, 0, 0, 51, 35, 0
4315, 0, 0, 51, 36, 0
4315, 1, 3, 51, 37, 0
4315, 1, 0, 51, 42, 0
4315, 0, 0, 51, 43, 0
4315, 0, 0, 51, 44, 0
4315, 0, 0, 51, 45, 0
4315, 0, 0, 51, 46, 0
4315, 9, 0, 51, 47, 0
4315, 9, 2, 51, 51, 0
4315, 1, 2, 51, 52, 0
4315, 1, 0, 51, 55, 0
4315, 9, 0, 51, 56, 0
4315, 0, 3, 51, 57, 0
4315, 1, 0, 52, 22, 0
4315, 1, 3, 52, 23, 0
4315, 1, 0, 52, 28, 0
4315, 0, 0, 52, 29, 0
4315, 0, 0, 52, 30, 0
4315, 0, 0, 52, 31, 0
4315, 0, 0, 52, 32, 0
4315, 1, 3, 52, 33, 0
4315, 1, 0, 52, 47, 0
4315, 0, 0, 52, 48, 0
4315, 0, 0, 52, 49, 0
4315, 0, 0, 52, 50, 0
4315, 9, 0, 52, 51, 0
4315, 9, 2, 52, 52, 0
4315, 1, 2, 52, 53, 0
4315, 0, 1, 52, 56, 0
4315, 9, 2, 52, 57, 0
4315, 1, 2, 52, 58, 0
4315, 0, 1, 53, 51, 0
4315, 0, 3, 53, 53, 0
4315, 0, 1, 53, 56, 0
4315, 0, 3, 53, 58, 0
4315, 0, 1, 54, 51, 0
4315, 0, 3, 54, 53, 0
4315, 0, 1, 54, 56, 0
4315, 0, 3, 54, 58, 0
4315, 0, 1, 55, 51, 0
4315, 9, 2, 55, 53, 0
4315, 0, 2, 55, 54, 0
4315, 0, 2, 55, 55, 0
4315, 9, 1, 55, 56, 0
4315, 0, 3, 55, 58, 0
4315, 1, 0, 56, 51, 0
4315, 9, 0, 56, 52, 0
4315, 9, 3, 56, 57, 0
4315, 1, 3, 56, 58, 0
4315, 1, 0, 57, 52, 0
4315, 0, 0, 57, 53, 0
4315, 0, 0, 57, 54, 0
4315, 0, 0, 57, 55, 0
4315, 0, 0, 57, 56, 0
4315, 1, 3, 57, 57, 0
4315, 1, 1, 10, 43, 1
4315, 0, 2, 10, 44, 1
4315, 0, 2, 10, 45, 1
4315, 1, 2, 10, 46, 1
4315, 1, 1, 11, 28, 1
4315, 0, 2, 11, 29, 1
4315, 1, 2, 11, 30, 1
4315, 1, 1, 11, 31, 1
4315, 1, 2, 11, 32, 1
4315, 1, 1, 11, 33, 1
4315, 0, 2, 11, 34, 1
4315, 0, 2, 11, 35, 1
4315, 1, 2, 11, 36, 1
4315, 1, 1, 11, 38, 1
4315, 0, 2, 11, 39, 1
4315, 0, 2, 11, 40, 1
4315, 0, 2, 11, 41, 1
4315, 0, 2, 11, 42, 1
4315, 9, 1, 11, 43, 1
4315, 9, 2, 11, 46, 1
4315, 0, 2, 11, 47, 1
4315, 0, 2, 11, 48, 1
4315, 0, 2, 11, 49, 1
4315, 1, 2, 11, 50, 1
4315, 1, 1, 12, 23, 1
4315, 0, 2, 12, 24, 1
4315, 0, 2, 12, 25, 1
4315, 0, 2, 12, 26, 1
4315, 0, 2, 12, 27, 1
4315, 9, 1, 12, 28, 1
4315, 9, 2, 12, 30, 1
4315, 9, 1, 12, 31, 1
4315, 9, 2, 12, 32, 1
4315, 9, 1, 12, 33, 1
4315, 9, 2, 12, 36, 1
4315, 0, 2, 12, 37, 1
4315, 9, 1, 12, 38, 1
4315, 9, 2, 12, 50, 1
4315, 1, 2, 12, 51, 1
4315, 1, 1, 13, 19, 1
4315, 0, 2, 13, 20, 1
4315, 0, 2, 13, 21, 1
4315, 0, 2, 13, 22, 1
4315, 9, 1, 13, 23, 1
4315, 9, 2, 13, 51, 1
4315, 0, 2, 13, 52, 1
4315, 1, 2, 13, 53, 1
4315, 1, 1, 14, 15, 1
4315, 0, 2, 14, 16, 1
4315, 0, 2, 14, 17, 1
4315, 0, 2, 14, 18, 1
4315, 9, 1, 14, 19, 1
4315, 9, 2, 14, 53, 1
4315, 1, 2, 14, 54, 1
4315, 1, 1, 15, 13, 1
4315, 0, 2, 15, 14, 1
4315, 9, 1, 15, 15, 1
4315, 9, 2, 15, 54, 1
4315, 1, 2, 15, 55, 1
4315, 1, 1, 16, 12, 1
4315, 9, 1, 16, 13, 1
4315, 9, 2, 16, 55, 1
4315, 1, 2, 16, 56, 1
4315, 0, 1, 17, 12, 1
4315, 0, 3, 17, 56, 1
4315, 1, 1, 18, 11, 1
4315, 9, 1, 18, 12, 1
4315, 9, 2, 18, 56, 1
4315, 1, 2, 18, 57, 1
4315, 1, 1, 19, 10, 1
4315, 9, 1, 19, 11, 1
4315, 0, 3, 19, 57, 1
4315, 1, 1, 20, 9, 1
4315, 9, 1, 20, 10, 1
4315, 9, 3, 20, 56, 1
4315, 1, 3, 20, 57, 1
4315, 1, 1, 21, 8, 1
4315, 9, 1, 21, 9, 1
4315, 9, 2, 21, 56, 1
4315, 1, 2, 21, 57, 1
4315, 1, 0, 22, 8, 1
4315, 9, 0, 22, 9, 1
4315, 0, 3, 22, 57, 1
4315, 0, 1, 23, 9, 1
4315, 9, 3, 23, 56, 1
4315, 1, 3, 23, 57, 1
4315, 0, 1, 24, 9, 1
4315, 0, 3, 24, 56, 1
4315, 0, 1, 25, 9, 1
4315, 0, 3, 25, 56, 1
4315, 0, 1, 26, 9, 1
4315, 0, 3, 26, 56, 1
4315, 1, 0, 27, 9, 1
4315, 9, 0, 27, 10, 1
4315, 9, 2, 27, 56, 1
4315, 1, 2, 27, 57, 1
4315, 0, 1, 28, 10, 1
4315, 0, 3, 28, 57, 1
4315, 1, 1, 29, 9, 1
4315, 9, 1, 29, 10, 1
4315, 0, 3, 29, 57, 1
4315, 0, 1, 30, 9, 1
4315, 0, 3, 30, 57, 1
4315, 0, 1, 31, 9, 1
4315, 0, 3, 31, 57, 1
4315, 1, 1, 32, 8, 1
4315, 9, 1, 32, 9, 1
4315, 0, 3, 32, 57, 1
4315, 0, 1, 33, 8, 1
4315, 9, 2, 33, 57, 1
4315, 1, 2, 33, 58, 1
4315, 1, 0, 34, 8, 1
4315, 9, 0, 34, 9, 1
4315, 9, 3, 34, 57, 1
4315, 1, 3, 34, 58, 1
4315, 0, 1, 35, 9, 1
4315, 0, 3, 35, 57, 1
4315, 1, 0, 36, 9, 1
4315, 9, 0, 36, 10, 1
4315, 9, 2, 36, 57, 1
4315, 1, 2, 36, 58, 1
4315, 1, 1, 37, 9, 1
4315, 9, 1, 37, 10, 1
4315, 9, 3, 37, 57, 1
4315, 1, 3, 37, 58, 1
4315, 0, 1, 38, 9, 1
4315, 0, 3, 38, 57, 1
4315, 1, 0, 39, 9, 1
4315, 9, 0, 39, 10, 1
4315, 9, 2, 39, 57, 1
4315, 1, 2, 39, 58, 1
4315, 1, 0, 40, 10, 1
4315, 9, 0, 40, 11, 1
4315, 0, 3, 40, 58, 1
4315, 0, 1, 41, 11, 1
4315, 9, 2, 41, 58, 1
4315, 1, 2, 41, 59, 1
4315, 0, 1, 42, 11, 1
4315, 0, 3, 42, 59, 1
4315, 0, 1, 43, 11, 1
4315, 9, 3, 43, 58, 1
4315, 1, 3, 43, 59, 1
4315, 0, 1, 44, 11, 1
4315, 0, 3, 44, 58, 1
4315, 1, 0, 45, 11, 1
4315, 9, 0, 45, 12, 1
4315, 0, 3, 45, 58, 1
4315, 0, 1, 46, 12, 1
4315, 9, 2, 46, 58, 1
4315, 1, 2, 46, 59, 1
4315, 1, 0, 47, 12, 1
4315, 9, 0, 47, 13, 1
4315, 9, 3, 47, 58, 1
4315, 1, 3, 47, 59, 1
4315, 0, 1, 48, 13, 1
4315, 0, 3, 48, 58, 1
4315, 1, 0, 49, 13, 1
4315, 9, 0, 49, 14, 1
4315, 9, 2, 49, 58, 1
4315, 1, 2, 49, 59, 1
4315, 1, 0, 50, 14, 1
4315, 9, 0, 50, 15, 1
4315, 9, 3, 50, 58, 1
4315, 1, 3, 50, 59, 1
4315, 1, 0, 51, 15, 1
4315, 9, 0, 51, 16, 1
4315, 9, 3, 51, 38, 1
4315, 0, 0, 51, 39, 1
4315, 0, 0, 51, 40, 1
4315, 9, 0, 51, 41, 1
4315, 0, 3, 51, 58, 1
4315, 1, 0, 52, 16, 1
4315, 0, 0, 52, 17, 1
4315, 0, 0, 52, 18, 1
4315, 0, 0, 52, 19, 1
4315, 0, 0, 52, 20, 1
4315, 9, 0, 52, 21, 1
4315, 9, 3, 52, 25, 1
4315, 0, 0, 52, 26, 1
4315, 9, 0, 52, 27, 1
4315, 9, 3, 52, 36, 1
4315, 0, 0, 52, 37, 1
4315, 1, 3, 52, 38, 1
4315, 1, 0, 52, 41, 1
4315, 0, 0, 52, 42, 1
4315, 0, 0, 52, 43, 1
4315, 9, 0, 52, 44, 1
4315, 9, 2, 52, 58, 1
4315, 1, 2, 52, 59, 1
4315, 1, 0, 53, 21, 1
4315, 0, 0, 53, 22, 1
4315, 0, 0, 53, 23, 1
4315, 0, 0, 53, 24, 1
4315, 1, 3, 53, 25, 1
4315, 1, 0, 53, 27, 1
4315, 0, 0, 53, 28, 1
4315, 9, 0, 53, 29, 1
4315, 9, 3, 53, 33, 1
4315, 0, 0, 53, 34, 1
4315, 0, 0, 53, 35, 1
4315, 1, 3, 53, 36, 1
4315, 1, 0, 53, 44, 1
4315, 0, 0, 53, 45, 1
4315, 0, 0, 53, 46, 1
4315, 0, 0, 53, 47, 1
4315, 0, 0, 53, 48, 1
4315, 9, 0, 53, 49, 1
4315, 0, 3, 53, 59, 1
4315, 1, 0, 54, 29, 1
4315, 0, 0, 54, 30, 1
4315, 0, 0, 54, 31, 1
4315, 0, 0, 54, 32, 1
4315, 1, 3, 54, 33, 1
4315, 1, 0, 54, 49, 1
4315, 9, 0, 54, 50, 1
4315, 0, 3, 54, 59, 1
4315, 0, 1, 55, 50, 1
4315, 0, 3, 55, 59, 1
4315, 1, 0, 56, 50, 1
4315, 9, 0, 56, 51, 1
4315, 9, 2, 56, 59, 1
4315, 1, 2, 56, 60, 1
4315, 1, 0, 57, 51, 1
4315, 9, 0, 57, 52, 1
4315, 0, 3, 57, 60, 1
4315, 1, 0, 58, 52, 1
4315, 0, 0, 58, 53, 1
4315, 0, 0, 58, 54, 1
4315, 0, 0, 58, 55, 1
4315, 9, 0, 58, 56, 1
4315, 9, 3, 58, 59, 1
4315, 1, 3, 58, 60, 1
4315, 1, 0, 59, 56, 1
4315, 0, 0, 59, 57, 1
4315, 0, 0, 59, 58, 1
4315, 1, 3, 59, 59, 1
4316, 10, 2, 10, 42, 0
4316, 10, 2, 10, 43, 0
4316, 10, 2, 10, 44, 0
4316, 10, 2, 10, 45, 0
4316, 10, 2, 10, 46, 0
4316, 10, 2, 10, 47, 0
4316, 10, 2, 11, 27, 0
4316, 10, 2, 11, 28, 0
4316, 10, 2, 11, 29, 0
4316, 10, 2, 11, 30, 0
4316, 10, 2, 11, 31, 0
4316, 10, 2, 11, 32, 0
4316, 10, 2, 11, 33, 0
4316, 10, 2, 11, 34, 0
4316, 10, 2, 11, 35, 0
4316, 10, 2, 11, 36, 0
4316, 10, 2, 11, 37, 0
4316, 10, 2, 11, 38, 0
4316, 10, 2, 11, 39, 0
4316, 10, 2, 11, 40, 0
4316, 10, 2, 11, 41, 0
4316, 10, 2, 11, 42, 0
4316, 10, 2, 11, 43, 0
4316, 10, 2, 11, 47, 0
4316, 10, 2, 11, 48, 0
4316, 10, 2, 11, 49, 0
4316, 10, 2, 11, 50, 0
4316, 10, 2, 11, 51, 0
4316, 10, 2, 11, 52, 0
4316, 10, 2, 12, 23, 0
4316, 10, 2, 12, 24, 0
4316, 10, 2, 12, 25, 0
4316, 10, 2, 12, 26, 0
4316, 10, 2, 12, 27, 0
4316, 10, 2, 12, 30, 0
4316, 10, 2, 12, 31, 0
4316, 10, 2, 12, 32, 0
4316, 10, 2, 12, 36, 0
4316, 10, 2, 12, 37, 0
4316, 10, 2, 12, 42, 0
4316, 10, 2, 12, 51, 0
4316, 10, 2, 12, 52, 0
4316, 10, 2, 12, 53, 0
4316, 10, 2, 12, 54, 0
4316, 10, 2, 12, 55, 0
4316, 10, 2, 12, 56, 0
4316, 10, 2, 13, 21, 0
4316, 10, 2, 13, 22, 0
4316, 10, 2, 13, 23, 0
4316, 10, 2, 13, 52, 0
4316, 10, 2, 13, 53, 0
4316, 10, 2, 13, 54, 0
4316, 10, 2, 13, 55, 0
4316, 10, 2, 13, 56, 0
4316, 10, 2, 13, 57, 0
4316, 10, 2, 14, 14, 0
4316, 10, 2, 14, 15, 0
4316, 10, 2, 14, 16, 0
4316, 10, 2, 14, 17, 0
4316, 10, 2, 14, 18, 0
4316, 10, 2, 14, 19, 0
4316, 10, 2, 14, 20, 0
4316, 10, 2, 14, 21, 0
4316, 10, 2, 14, 54, 0
4316, 10, 2, 14, 55, 0
4316, 10, 2, 14, 56, 0
4316, 10, 2, 14, 57, 0
4316, 10, 2, 15, 12, 0
4316, 10, 2, 15, 13, 0
4316, 10, 2, 15, 14, 0
4316, 10, 2, 15, 55, 0
4316, 10, 2, 15, 56, 0
4316, 10, 2, 15, 57, 0
4316, 10, 2, 16, 11, 0
4316, 10, 2, 16, 12, 0
4316, 10, 2, 16, 13, 0
4316, 10, 2, 16, 32, 0
4316, 10, 2, 16, 33, 0
4316, 10, 2, 16, 34, 0
4316, 10, 2, 16, 45, 0
4316, 10, 2, 16, 48, 0
4316, 10, 2, 16, 49, 0
4316, 10, 2, 16, 56, 0
4316, 10, 2, 16, 57, 0
4316, 10, 2, 17, 10, 0
4316, 10, 2, 17, 11, 0
4316, 10, 2, 17, 12, 0
4316, 10, 2, 17, 25, 0
4316, 10, 2, 17, 26, 0
4316, 10, 2, 17, 27, 0
4316, 10, 2, 17, 28, 0
4316, 10, 2, 17, 29, 0
4316, 10, 2, 17, 30, 0
4316, 10, 2, 17, 31, 0
4316, 10, 2, 17, 32, 0
4316, 10, 2, 17, 33, 0
4316, 10, 2, 17, 34, 0
4316, 10, 2, 17, 35, 0
4316, 10, 2, 17, 36, 0
4316, 10, 2, 17, 42, 0
4316, 10, 2, 17, 43, 0
4316, 10, 2, 17, 44, 0
4316, 10, 2, 17, 45, 0
4316, 10, 2, 17, 46, 0
4316, 10, 2, 17, 47, 0
4316, 10, 2, 17, 48, 0
4316, 10, 2, 17, 49, 0
4316, 10, 2, 17, 56, 0
4316, 10, 2, 17, 57, 0
4316, 10, 2, 18, 9, 0
4316, 10, 2, 18, 10, 0
4316, 10, 2, 18, 11, 0
4316, 10, 2, 18, 12, 0
4316, 10, 2, 18, 24, 0
4316, 10, 2, 18, 25, 0
4316, 10, 2, 18, 26, 0
4316, 10, 2, 18, 27, 0
4316, 10, 2, 18, 28, 0
4316, 10, 2, 18, 29, 0
4316, 10, 2, 18, 30, 0
4316, 10, 2, 18, 31, 0
4316, 10, 2, 18, 32, 0
4316, 10, 2, 18, 33, 0
4316, 10, 2, 18, 34, 0
4316, 10, 2, 18, 35, 0
4316, 10, 2, 18, 36, 0
4316, 10, 2, 18, 37, 0
4316, 10, 2, 18, 38, 0
4316, 10, 2, 18, 39, 0
4316, 10, 2, 18, 40, 0
4316, 10, 2, 18, 41, 0
4316, 10, 2, 18, 42, 0
4316, 10, 2, 18, 43, 0
4316, 10, 2, 18, 44, 0
4316, 10, 2, 18, 45, 0
4316, 10, 2, 18, 46, 0
4316, 10, 2, 18, 47, 0
4316, 10, 2, 18, 49, 0
4316, 10, 2, 18, 50, 0
4316, 10, 2, 18, 57, 0
4316, 10, 2, 19, 8, 0
4316, 10, 2, 19, 9, 0
4316, 10, 2, 19, 10, 0
4316, 10, 2, 19, 21, 0
4316, 10, 2, 19, 22, 0
4316, 10, 2, 19, 23, 0
4316, 10, 2, 19, 24, 0
4316, 10, 2, 19, 25, 0
4316, 10, 2, 19, 26, 0
4316, 10, 2, 19, 27, 0
4316, 10, 2, 19, 39, 0
4316, 10, 2, 19, 40, 0
4316, 10, 2, 19, 50, 0
4316, 10, 2, 19, 57, 0
4316, 10, 2, 20, 8, 0
4316, 10, 2, 20, 9, 0
4316, 10, 2, 20, 18, 0
4316, 10, 2, 20, 19, 0
4316, 10, 2, 20, 20, 0
4316, 10, 2, 20, 21, 0
4316, 10, 2, 20, 22, 0
4316, 10, 2, 20, 23, 0
4316, 10, 2, 20, 24, 0
4316, 10, 2, 20, 25, 0
4316, 10, 2, 20, 50, 0
4316, 10, 2, 20, 51, 0
4316, 10, 2, 20, 56, 0
4316, 10, 2, 20, 57, 0
4316, 10, 2, 21, 8, 0
4316, 10, 2, 21, 18, 0
4316, 10, 2, 21, 19, 0
4316, 10, 2, 21, 20, 0
4316, 10, 2, 21, 21, 0
4316, 10, 2, 21, 22, 0
4316, 10, 2, 21, 50, 0
4316, 10, 2, 21, 51, 0
4316, 10, 2, 21, 56, 0
4316, 10, 2, 21, 57, 0
4316, 10, 2, 22, 8, 0
4316, 10, 2, 22, 17, 0
4316, 10, 2, 22, 18, 0
4316, 10, 2, 22, 19, 0
4316, 10, 1, 22, 20, 0
4316, 10, 1, 22, 21, 0
4316, 10, 2, 22, 48, 0
4316, 10, 2, 22, 49, 0
4316, 10, 2, 22, 50, 0
4316, 10, 2, 22, 57, 0
4316, 10, 2, 23, 8, 0
4316, 10, 2, 23, 9, 0
4316, 10, 2, 23, 17, 0
4316, 10, 2, 23, 18, 0
4316, 10, 2, 23, 19, 0
4316, 10, 1, 23, 20, 0
4316, 10, 2, 23, 48, 0
4316, 10, 2, 23, 49, 0
4316, 10, 2, 23, 57, 0
4316, 10, 2, 24, 8, 0
4316, 10, 2, 24, 9, 0
4316, 10, 2, 24, 16, 0
4316, 10, 2, 24, 17, 0
4316, 10, 2, 24, 18, 0
4316, 10, 2, 24, 19, 0
4316, 10, 2, 24, 49, 0
4316, 10, 2, 24, 56, 0
4316, 10, 2, 24, 57, 0
4316, 10, 2, 25, 8, 0
4316, 10, 2, 25, 9, 0
4316, 10, 2, 25, 16, 0
4316, 10, 2, 25, 17, 0
4316, 10, 2, 25, 18, 0
4316, 10, 2, 25, 19, 0
4316, 10, 2, 25, 49, 0
4316, 10, 2, 25, 55, 0
4316, 10, 2, 25, 56, 0
4316, 10, 2, 25, 57, 0
4316, 10, 2, 26, 8, 0
4316, 10, 2, 26, 9, 0
4316, 10, 2, 26, 16, 0
4316, 10, 2, 26, 17, 0
4316, 10, 2, 26, 18, 0
4316, 10, 2, 26, 49, 0
4316, 10, 2, 26, 55, 0
4316, 10, 2, 26, 56, 0
4316, 10, 2, 26, 57, 0
4316, 10, 2, 27, 8, 0
4316, 10, 2, 27, 9, 0
4316, 10, 2, 27, 10, 0
4316, 10, 2, 27, 16, 0
4316, 10, 2, 27, 17, 0
4316, 10, 2, 27, 18, 0
4316, 10, 1, 27, 32, 0
4316, 10, 1, 27, 33, 0
4316, 10, 1, 27, 34, 0
4316, 10, 1, 27, 35, 0
4316, 10, 2, 27, 49, 0
4316, 10, 2, 27, 50, 0
4316, 10, 2, 27, 56, 0
4316, 10, 2, 27, 57, 0
4316, 10, 2, 28, 8, 0
4316, 10, 2, 28, 9, 0
4316, 10, 2, 28, 10, 0
4316, 10, 2, 28, 15, 0
4316, 10, 2, 28, 16, 0
4316, 10, 2, 28, 17, 0
4316, 10, 2, 28, 18, 0
4316, 10, 1, 28, 31, 0
4316, 10, 1, 28, 32, 0
4316, 10, 1, 28, 35, 0
4316, 10, 1, 28, 36, 0
4316, 10, 2, 28, 49, 0
4316, 10, 2, 28, 50, 0
4316, 10, 2, 28, 51, 0
4316, 10, 2, 28, 57, 0
4316, 10, 2, 29, 8, 0
4316, 10, 2, 29, 9, 0
4316, 10, 2, 29, 16, 0
4316, 10, 2, 29, 17, 0
4316, 10, 2, 29, 18, 0
4316, 10, 1, 29, 31, 0
4316, 10, 1, 29, 36, 0
4316, 10, 2, 29, 49, 0
4316, 10, 2, 29, 50, 0
4316, 10, 2, 29, 57, 0
4316, 10, 2, 30, 8, 0
4316, 10, 2, 30, 9, 0
4316, 10, 2, 30, 17, 0
4316, 10, 2, 30, 18, 0
4316, 10, 1, 30, 36, 0
4316, 10, 2, 30, 49, 0
4316, 10, 2, 30, 50, 0
4316, 10, 2, 30, 57, 0
4316, 10, 2, 31, 8, 0
4316, 10, 2, 31, 9, 0
4316, 10, 2, 31, 17, 0
4316, 10, 2, 31, 18, 0
4316, 10, 2, 31, 49, 0
4316, 10, 2, 31, 50, 0
4316, 10, 2, 31, 51, 0
4316, 10, 2, 31, 57, 0
4316, 10, 2, 32, 8, 0
4316, 10, 2, 32, 16, 0
4316, 10, 2, 32, 17, 0
4316, 10, 2, 32, 18, 0
4316, 10, 2, 32, 49, 0
4316, 10, 2, 32, 50, 0
4316, 10, 2, 32, 51, 0
4316, 10, 2, 32, 52, 0
4316, 10, 2, 32, 57, 0
4316, 10, 2, 33, 8, 0
4316, 10, 2, 33, 16, 0
4316, 10, 2, 33, 17, 0
4316, 10, 2, 33, 18, 0
4316, 10, 2, 33, 50, 0
4316, 10, 2, 33, 51, 0
4316, 10, 2, 33, 57, 0
4316, 10, 2, 34, 8, 0
4316, 10, 2, 34, 17, 0
4316, 10, 2, 34, 18, 0
4316, 10, 2, 34, 50, 0
4316, 10, 2, 34, 57, 0
4316, 10, 2, 35, 8, 0
4316, 10, 2, 35, 9, 0
4316, 10, 2, 35, 17, 0
4316, 10, 2, 35, 18, 0
4316, 10, 2, 35, 50, 0
4316, 10, 2, 35, 57, 0
4316, 10, 2, 35, 58, 0
4316, 10, 2, 36, 8, 0
4316, 10, 2, 36, 9, 0
4316, 10, 2, 36, 10, 0
4316, 10, 2, 36, 17, 0
4316, 10, 2, 36, 18, 0
4316, 10, 2, 36, 50, 0
4316, 10, 2, 36, 58, 0
4316, 10, 2, 37, 9, 0
4316, 10, 2, 37, 10, 0
4316, 10, 2, 37, 18, 0
4316, 10, 2, 37, 50, 0
4316, 10, 2, 37, 51, 0
4316, 10, 2, 37, 58, 0
4316, 10, 2, 38, 9, 0
4316, 10, 2, 38, 10, 0
4316, 10, 2, 38, 18, 0
4316, 10, 2, 38, 19, 0
4316, 10, 2, 38, 50, 0
4316, 10, 2, 38, 57, 0
4316, 10, 2, 38, 58, 0
4316, 10, 2, 39, 9, 0
4316, 10, 2, 39, 10, 0
4316, 10, 2, 39, 18, 0
4316, 10, 2, 39, 50, 0
4316, 10, 2, 39, 57, 0
4316, 10, 2, 39, 58, 0
4316, 10, 2, 40, 10, 0
4316, 10, 2, 40, 11, 0
4316, 10, 2, 40, 17, 0
4316, 10, 2, 40, 18, 0
4316, 10, 2, 40, 49, 0
4316, 10, 2, 40, 50, 0
4316, 10, 2, 40, 57, 0
4316, 10, 2, 40, 58, 0
4316, 10, 2, 41, 10, 0
4316, 10, 2, 41, 11, 0
4316, 10, 2, 41, 17, 0
4316, 10, 2, 41, 18, 0
4316, 10, 2, 41, 49, 0
4316, 10, 2, 41, 58, 0
4316, 10, 2, 42, 10, 0
4316, 10, 2, 42, 11, 0
4316, 10, 2, 42, 17, 0
4316, 10, 2, 42, 18, 0
4316, 10, 2, 42, 48, 0
4316, 10, 2, 42, 49, 0
4316, 10, 2, 42, 58, 0
4316, 10, 2, 43, 10, 0
4316, 10, 2, 43, 11, 0
4316, 10, 2, 43, 16, 0
4316, 10, 2, 43, 17, 0
4316, 10, 2, 43, 18, 0
4316, 10, 2, 43, 19, 0
4316, 10, 2, 43, 47, 0
4316, 10, 2, 43, 48, 0
4316, 10, 2, 43, 49, 0
4316, 10, 2, 43, 50, 0
4316, 10, 2, 43, 58, 0
4316, 10, 2, 44, 10, 0
4316, 10, 2, 44, 11, 0
4316, 10, 2, 44, 16, 0
4316, 10, 2, 44, 17, 0
4316, 10, 2, 44, 18, 0
4316, 10, 2, 44, 19, 0
4316, 10, 2, 44, 20, 0
4316, 10, 2, 44, 46, 0
4316, 10, 2, 44, 47, 0
4316, 10, 2, 44, 48, 0
4316, 10, 2, 44, 49, 0
4316, 10, 2, 44, 50, 0
4316, 10, 2, 44, 51, 0
4316, 10, 2, 44, 58, 0
4316, 10, 2, 45, 10, 0
4316, 10, 2, 45, 11, 0
4316, 10, 2, 45, 16, 0
4316, 10, 2, 45, 17, 0
4316, 10, 2, 45, 18, 0
4316, 10, 2, 45, 19, 0
4316, 10, 2, 45, 20, 0
4316, 10, 2, 45, 46, 0
4316, 10, 2, 45, 47, 0
4316, 10, 2, 45, 48, 0
4316, 10, 2, 45, 49, 0
4316, 10, 2, 45, 50, 0
4316, 10, 2, 45, 51, 0
4316, 10, 2, 45, 58, 0
4316, 10, 2, 46, 11, 0
4316, 10, 2, 46, 12, 0
4316, 10, 2, 46, 17, 0
4316, 10, 2, 46, 18, 0
4316, 10, 2, 46, 19, 0
4316, 10, 2, 46, 20, 0
4316, 10, 2, 46, 21, 0
4316, 10, 2, 46, 22, 0
4316, 10, 2, 46, 32, 0
4316, 10, 2, 46, 33, 0
4316, 10, 2, 46, 34, 0
4316, 10, 2, 46, 35, 0
4316, 10, 2, 46, 36, 0
4316, 10, 2, 46, 37, 0
4316, 10, 2, 46, 38, 0
4316, 10, 2, 46, 39, 0
4316, 10, 1, 46, 40, 0
4316, 10, 2, 46, 43, 0
4316, 10, 2, 46, 44, 0
4316, 10, 2, 46, 45, 0
4316, 10, 2, 46, 46, 0
4316, 10, 2, 46, 47, 0
4316, 10, 2, 46, 48, 0
4316, 10, 2, 46, 49, 0
4316, 10, 2, 46, 50, 0
4316, 10, 2, 46, 51, 0
4316, 10, 2, 46, 58, 0
4316, 10, 2, 47, 11, 0
4316, 10, 2, 47, 12, 0
4316, 10, 2, 47, 19, 0
4316, 10, 2, 47, 20, 0
4316, 10, 2, 47, 21, 0
4316, 10, 2, 47, 22, 0
4316, 10, 2, 47, 23, 0
4316, 10, 2, 47, 24, 0
4316, 10, 2, 47, 25, 0
4316, 10, 2, 47, 26, 0
4316, 10, 2, 47, 27, 0
4316, 10, 2, 47, 28, 0
4316, 10, 2, 47, 29, 0
4316, 10, 2, 47, 30, 0
4316, 10, 2, 47, 31, 0
4316, 10, 2, 47, 32, 0
4316, 10, 2, 47, 33, 0
4316, 10, 2, 47, 40, 0
4316, 10, 2, 47, 41, 0
4316, 10, 2, 47, 42, 0
4316, 10, 2, 47, 43, 0
4316, 10, 2, 47, 48, 0
4316, 10, 2, 47, 49, 0
4316, 10, 2, 47, 50, 0
4316, 10, 2, 47, 51, 0
4316, 10, 2, 47, 52, 0
4316, 10, 2, 47, 58, 0
4316, 10, 2, 48, 11, 0
4316, 10, 2, 48, 12, 0
4316, 10, 2, 48, 13, 0
4316, 10, 2, 48, 23, 0
4316, 10, 2, 48, 27, 0
4316, 10, 2, 48, 28, 0
4316, 10, 2, 48, 49, 0
4316, 10, 2, 48, 50, 0
4316, 10, 2, 48, 51, 0
4316, 10, 2, 48, 52, 0
4316, 10, 2, 48, 58, 0
4316, 10, 2, 49, 12, 0
4316, 10, 2, 49, 13, 0
4316, 10, 2, 49, 52, 0
4316, 10, 2, 49, 57, 0
4316, 10, 2, 49, 58, 0
4316, 10, 2, 50, 12, 0
4316, 10, 2, 50, 13, 0
4316, 10, 2, 50, 14, 0
4316, 10, 2, 50, 52, 0
4316, 10, 2, 50, 53, 0
4316, 10, 2, 50, 58, 0
4316, 10, 2, 51, 13, 0
4316, 10, 2, 51, 14, 0
4316, 10, 2, 51, 15, 0
4316, 10, 2, 51, 16, 0
4316, 10, 2, 51, 17, 0
4316, 10, 2, 51, 38, 0
4316, 10, 2, 51, 39, 0
4316, 10, 2, 51, 40, 0
4316, 10, 2, 51, 41, 0
4316, 10, 2, 51, 53, 0
4316, 10, 2, 51, 54, 0
4316, 10, 2, 51, 58, 0
4316, 10, 2, 51, 59, 0
4316, 10, 2, 52, 16, 0
4316, 10, 2, 52, 17, 0
4316, 10, 2, 52, 18, 0
4316, 10, 2, 52, 19, 0
4316, 10, 2, 52, 20, 0
4316, 10, 2, 52, 21, 0
4316, 10, 2, 52, 24, 0
4316, 10, 2, 52, 25, 0
4316, 10, 2, 52, 26, 0
4316, 10, 2, 52, 27, 0
4316, 10, 2, 52, 34, 0
4316, 10, 2, 52, 35, 0
4316, 10, 2, 52, 36, 0
4316, 10, 2, 52, 37, 0
4316, 10, 2, 52, 38, 0
4316, 10, 2, 52, 39, 0
4316, 10, 2, 52, 40, 0
4316, 10, 2, 52, 41, 0
4316, 10, 2, 52, 42, 0
4316, 10, 2, 52, 43, 0
4316, 10, 2, 52, 44, 0
4316, 10, 2, 52, 45, 0
4316, 10, 2, 52, 46, 0
4316, 10, 2, 52, 54, 0
4316, 10, 2, 52, 55, 0
4316, 10, 2, 52, 59, 0
4316, 10, 2, 53, 21, 0
4316, 10, 2, 53, 22, 0
4316, 10, 2, 53, 23, 0
4316, 10, 2, 53, 24, 0
4316, 10, 2, 53, 25, 0
4316, 10, 2, 53, 26, 0
4316, 10, 2, 53, 27, 0
4316, 10, 2, 53, 28, 0
4316, 10, 2, 53, 29, 0
4316, 10, 2, 53, 30, 0
4316, 10, 2, 53, 31, 0
4316, 10, 2, 53, 32, 0
4316, 10, 2, 53, 33, 0
4316, 10, 2, 53, 34, 0
4316, 10, 2, 53, 46, 0
4316, 10, 2, 53, 47, 0
4316, 10, 2, 53, 48, 0
4316, 10, 2, 53, 49, 0
4316, 10, 2, 53, 50, 0
4316, 10, 2, 53, 54, 0
4316, 10, 2, 53, 55, 0
4316, 10, 2, 53, 59, 0
4316, 10, 2, 54, 50, 0
4316, 10, 2, 54, 54, 0
4316, 10, 2, 54, 55, 0
4316, 10, 2, 54, 59, 0
4316, 10, 2, 55, 50, 0
4316, 10, 2, 55, 59, 0
4316, 10, 2, 56, 50, 0
4316, 10, 2, 56, 59, 0
4316, 10, 2, 57, 50, 0
4316, 10, 2, 57, 51, 0
4316, 10, 2, 57, 58, 0
4316, 10, 2, 57, 59, 0
4316, 10, 2, 58, 51, 0
4316, 10, 2, 58, 52, 0
4316, 10, 2, 58, 53, 0
4316, 10, 2, 58, 54, 0
4316, 10, 2, 58, 55, 0
4316, 10, 2, 58, 56, 0
4316, 10, 2, 58, 57, 0
4316, 10, 2, 58, 58, 0
4316, 10, 2, 58, 59, 0
4316, 10, 2, 6, 5, 1
4316, 10, 2, 6, 6, 1
4316, 10, 2, 6, 7, 1
4316, 10, 2, 6, 8, 1
4316, 10, 2, 6, 9, 1
4316, 10, 2, 6, 10, 1
4316, 10, 2, 6, 11, 1
4316, 10, 2, 6, 12, 1
4316, 10, 2, 6, 13, 1
4316, 10, 2, 6, 14, 1
4316, 10, 2, 6, 15, 1
4316, 10, 2, 6, 16, 1
4316, 10, 2, 6, 17, 1
4316, 10, 2, 6, 18, 1
4316, 10, 2, 6, 19, 1
4316, 10, 2, 6, 20, 1
4316, 10, 2, 6, 21, 1
4316, 10, 2, 6, 22, 1
4316, 10, 2, 6, 23, 1
4316, 10, 2, 6, 24, 1
4316, 10, 2, 6, 25, 1
4316, 10, 2, 6, 26, 1
4316, 10, 2, 6, 27, 1
4316, 10, 2, 6, 28, 1
4316, 10, 2, 6, 29, 1
4316, 10, 2, 6, 30, 1
4316, 10, 2, 6, 31, 1
4316, 10, 2, 6, 32, 1
4316, 10, 2, 6, 33, 1
4316, 10, 2, 6, 34, 1
4316, 10, 2, 6, 35, 1
4316, 10, 2, 6, 36, 1
4316, 10, 2, 6, 37, 1
4316, 10, 2, 6, 38, 1
4316, 10, 2, 6, 39, 1
4316, 10, 2, 6, 40, 1
4316, 10, 2, 6, 41, 1
4316, 10, 2, 6, 42, 1
4316, 10, 2, 6, 43, 1
4316, 10, 2, 6, 44, 1
4316, 10, 2, 6, 45, 1
4316, 10, 2, 6, 46, 1
4316, 10, 2, 6, 47, 1
4316, 10, 2, 6, 48, 1
4316, 10, 2, 6, 49, 1
4316, 10, 2, 6, 50, 1
4316, 10, 2, 6, 51, 1
4316, 10, 2, 6, 52, 1
4316, 10, 2, 6, 53, 1
4316, 10, 2, 6, 54, 1
4316, 10, 2, 6, 55, 1
4316, 10, 2, 6, 56, 1
4316, 10, 2, 6, 57, 1
4316, 10, 2, 6, 58, 1
4316, 10, 2, 6, 59, 1
4316, 10, 2, 6, 60, 1
4316, 10, 2, 6, 61, 1
4316, 10, 2, 7, 5, 1
4316, 10, 2, 7, 6, 1
4316, 10, 2, 7, 7, 1
4316, 10, 2, 7, 8, 1
4316, 10, 2, 7, 9, 1
4316, 10, 2, 7, 10, 1
4316, 10, 2, 7, 11, 1
4316, 10, 2, 7, 12, 1
4316, 10, 2, 7, 13, 1
4316, 10, 2, 7, 14, 1
4316, 10, 2, 7, 15, 1
4316, 10, 2, 7, 16, 1
4316, 10, 2, 7, 17, 1
4316, 10, 2, 7, 18, 1
4316, 10, 2, 7, 19, 1
4316, 10, 2, 7, 20, 1
4316, 10, 2, 7, 21, 1
4316, 10, 2, 7, 22, 1
4316, 10, 2, 7, 23, 1
4316, 10, 2, 7, 24, 1
4316, 10, 2, 7, 25, 1
4316, 10, 2, 7, 26, 1
4316, 10, 2, 7, 27, 1
4316, 10, 2, 7, 28, 1
4316, 10, 2, 7, 29, 1
4316, 10, 2, 7, 30, 1
4316, 10, 2, 7, 31, 1
4316, 10, 2, 7, 32, 1
4316, 10, 2, 7, 33, 1
4316, 10, 2, 7, 34, 1
4316, 10, 2, 7, 35, 1
4316, 10, 2, 7, 36, 1
4316, 10, 2, 7, 37, 1
4316, 10, 2, 7, 38, 1
4316, 10, 2, 7, 39, 1
4316, 10, 2, 7, 40, 1
4316, 10, 2, 7, 41, 1
4316, 10, 2, 7, 42, 1
4316, 10, 2, 7, 43, 1
4316, 10, 2, 7, 44, 1
4316, 10, 2, 7, 45, 1
4316, 10, 2, 7, 46, 1
4316, 10, 2, 7, 47, 1
4316, 10, 2, 7, 48, 1
4316, 10, 2, 7, 49, 1
4316, 10, 2, 7, 50, 1
4316, 10, 2, 7, 51, 1
4316, 10, 2, 7, 52, 1
4316, 10, 2, 7, 53, 1
4316, 10, 2, 7, 54, 1
4316, 10, 2, 7, 55, 1
4316, 10, 2, 7, 56, 1
4316, 10, 2, 7, 57, 1
4316, 10, 2, 7, 58, 1
4316, 10, 2, 7, 59, 1
4316, 10, 2, 7, 60, 1
4316, 10, 2, 7, 61, 1
4316, 10, 2, 8, 5, 1
4316, 10, 2, 8, 6, 1
4316, 10, 2, 8, 7, 1
4316, 10, 2, 8, 8, 1
4316, 10, 2, 8, 9, 1
4316, 10, 2, 8, 10, 1
4316, 10, 2, 8, 11, 1
4316, 10, 2, 8, 12, 1
4316, 10, 2, 8, 13, 1
4316, 10, 2, 8, 14, 1
4316, 10, 2, 8, 15, 1
4316, 10, 2, 8, 16, 1
4316, 10, 2, 8, 17, 1
4316, 10, 2, 8, 18, 1
4316, 10, 2, 8, 19, 1
4316, 10, 2, 8, 20, 1
4316, 10, 2, 8, 21, 1
4316, 10, 2, 8, 22, 1
4316, 10, 2, 8, 23, 1
4316, 10, 2, 8, 24, 1
4316, 10, 2, 8, 25, 1
4316, 10, 2, 8, 26, 1
4316, 10, 2, 8, 27, 1
4316, 10, 2, 8, 28, 1
4316, 10, 2, 8, 29, 1
4316, 10, 2, 8, 30, 1
4316, 10, 2, 8, 31, 1
4316, 10, 2, 8, 32, 1
4316, 10, 2, 8, 33, 1
4316, 10, 2, 8, 34, 1
4316, 10, 2, 8, 35, 1
4316, 10, 2, 8, 36, 1
4316, 10, 2, 8, 37, 1
4316, 10, 2, 8, 38, 1
4316, 10, 2, 8, 39, 1
4316, 10, 2, 8, 40, 1
4316, 10, 2, 8, 41, 1
4316, 10, 2, 8, 42, 1
4316, 10, 2, 8, 43, 1
4316, 10, 2, 8, 44, 1
4316, 10, 2, 8, 45, 1
4316, 10, 2, 8, 46, 1
4316, 10, 2, 8, 47, 1
4316, 10, 2, 8, 48, 1
4316, 10, 2, 8, 49, 1
4316, 10, 2, 8, 50, 1
4316, 10, 2, 8, 51, 1
4316, 10, 2, 8, 52, 1
4316, 10, 2, 8, 53, 1
4316, 10, 2, 8, 54, 1
4316, 10, 2, 8, 55, 1
4316, 10, 2, 8, 56, 1
4316, 10, 2, 8, 57, 1
4316, 10, 2, 8, 58, 1
4316, 10, 2, 8, 59, 1
4316, 10, 2, 8, 60, 1
4316, 10, 2, 8, 61, 1
4316, 10, 2, 9, 5, 1
4316, 10, 2, 9, 6, 1
4316, 10, 2, 9, 7, 1
4316, 10, 2, 9, 8, 1
4316, 10, 2, 9, 9, 1
4316, 10, 2, 9, 10, 1
4316, 10, 2, 9, 11, 1
4316, 10, 2, 9, 12, 1
4316, 10, 2, 9, 13, 1
4316, 10, 2, 9, 14, 1
4316, 10, 2, 9, 15, 1
4316, 10, 2, 9, 16, 1
4316, 10, 2, 9, 17, 1
4316, 10, 2, 9, 18, 1
4316, 10, 2, 9, 19, 1
4316, 10, 2, 9, 20, 1
4316, 10, 2, 9, 21, 1
4316, 10, 2, 9, 22, 1
4316, 10, 2, 9, 23, 1
4316, 10, 2, 9, 24, 1
4316, 10, 2, 9, 25, 1
4316, 10, 2, 9, 26, 1
4316, 10, 2, 9, 27, 1
4316, 10, 2, 9, 28, 1
4316, 10, 2, 9, 29, 1
4316, 10, 2, 9, 30, 1
4316, 10, 2, 9, 31, 1
4316, 10, 2, 9, 32, 1
4316, 10, 2, 9, 33, 1
4316, 10, 2, 9, 34, 1
4316, 10, 2, 9, 35, 1
4316, 10, 2, 9, 36, 1
4316, 10, 2, 9, 37, 1
4316, 10, 2, 9, 38, 1
4316, 10, 2, 9, 39, 1
4316, 10, 2, 9, 40, 1
4316, 10, 2, 9, 41, 1
4316, 10, 2, 9, 42, 1
4316, 10, 2, 9, 43, 1
4316, 10, 2, 9, 44, 1
4316, 10, 2, 9, 45, 1
4316, 10, 2, 9, 46, 1
4316, 10, 2, 9, 47, 1
4316, 10, 2, 9, 48, 1
4316, 10, 2, 9, 49, 1
4316, 10, 2, 9, 50, 1
4316, 10, 2, 9, 51, 1
4316, 10, 2, 9, 52, 1
4316, 10, 2, 9, 53, 1
4316, 10, 2, 9, 54, 1
4316, 10, 2, 9, 55, 1
4316, 10, 2, 9, 56, 1
4316, 10, 2, 9, 57, 1
4316, 10, 2, 9, 58, 1
4316, 10, 2, 9, 59, 1
4316, 10, 2, 9, 60, 1
4316, 10, 2, 9, 61, 1
4316, 10, 2, 10, 5, 1
4316, 10, 2, 10, 6, 1
4316, 10, 2, 10, 7, 1
4316, 10, 2, 10, 8, 1
4316, 10, 2, 10, 9, 1
4316, 10, 2, 10, 10, 1
4316, 10, 2, 10, 11, 1
4316, 10, 2, 10, 12, 1
4316, 10, 2, 10, 13, 1
4316, 10, 2, 10, 14, 1
4316, 10, 2, 10, 15, 1
4316, 10, 2, 10, 16, 1
4316, 10, 2, 10, 17, 1
4316, 10, 2, 10, 18, 1
4316, 10, 2, 10, 19, 1
4316, 10, 2, 10, 20, 1
4316, 10, 2, 10, 21, 1
4316, 10, 2, 10, 22, 1
4316, 10, 2, 10, 23, 1
4316, 10, 2, 10, 24, 1
4316, 10, 2, 10, 25, 1
4316, 10, 2, 10, 26, 1
4316, 10, 2, 10, 27, 1
4316, 10, 2, 10, 28, 1
4316, 10, 2, 10, 29, 1
4316, 10, 2, 10, 30, 1
4316, 10, 2, 10, 31, 1
4316, 10, 2, 10, 32, 1
4316, 10, 2, 10, 33, 1
4316, 10, 2, 10, 34, 1
4316, 10, 2, 10, 35, 1
4316, 10, 2, 10, 36, 1
4316, 10, 2, 10, 37, 1
4316, 10, 2, 10, 38, 1
4316, 10, 2, 10, 39, 1
4316, 10, 2, 10, 40, 1
4316, 10, 2, 10, 41, 1
4316, 10, 2, 10, 42, 1
4316, 10, 2, 10, 47, 1
4316, 10, 2, 10, 48, 1
4316, 10, 2, 10, 49, 1
4316, 10, 2, 10, 50, 1
4316, 10, 2, 10, 51, 1
4316, 10, 2, 10, 52, 1
4316, 10, 2, 10, 53, 1
4316, 10, 2, 10, 54, 1
4316, 10, 2, 10, 55, 1
4316, 10, 2, 10, 56, 1
4316, 10, 2, 10, 57, 1
4316, 10, 2, 10, 58, 1
4316, 10, 2, 10, 59, 1
4316, 10, 2, 10, 60, 1
4316, 10, 2, 10, 61, 1
4316, 10, 2, 11, 5, 1
4316, 10, 2, 11, 6, 1
4316, 10, 2, 11, 7, 1
4316, 10, 2, 11, 8, 1
4316, 10, 2, 11, 9, 1
4316, 10, 2, 11, 10, 1
4316, 10, 2, 11, 11, 1
4316, 10, 2, 11, 12, 1
4316, 10, 2, 11, 13, 1
4316, 10, 2, 11, 14, 1
4316, 10, 2, 11, 15, 1
4316, 10, 2, 11, 16, 1
4316, 10, 2, 11, 17, 1
4316, 10, 2, 11, 18, 1
4316, 10, 2, 11, 19, 1
4316, 10, 2, 11, 20, 1
4316, 10, 2, 11, 21, 1
4316, 10, 2, 11, 22, 1
4316, 10, 2, 11, 23, 1
4316, 10, 2, 11, 24, 1
4316, 10, 2, 11, 25, 1
4316, 10, 2, 11, 26, 1
4316, 10, 2, 11, 27, 1
4316, 10, 2, 11, 37, 1
4316, 10, 2, 11, 51, 1
4316, 10, 2, 11, 52, 1
4316, 10, 2, 11, 53, 1
4316, 10, 2, 11, 54, 1
4316, 10, 2, 11, 55, 1
4316, 10, 2, 11, 56, 1
4316, 10, 2, 11, 57, 1
4316, 10, 2, 11, 58, 1
4316, 10, 2, 11, 59, 1
4316, 10, 2, 11, 60, 1
4316, 10, 2, 11, 61, 1
4316, 10, 2, 12, 5, 1
4316, 10, 2, 12, 6, 1
4316, 10, 2, 12, 7, 1
4316, 10, 2, 12, 8, 1
4316, 10, 2, 12, 9, 1
4316, 10, 2, 12, 10, 1
4316, 10, 2, 12, 11, 1
4316, 10, 2, 12, 12, 1
4316, 10, 2, 12, 13, 1
4316, 10, 2, 12, 14, 1
4316, 10, 2, 12, 15, 1
4316, 10, 2, 12, 16, 1
4316, 10, 2, 12, 17, 1
4316, 10, 2, 12, 18, 1
4316, 10, 2, 12, 19, 1
4316, 10, 2, 12, 20, 1
4316, 10, 2, 12, 21, 1
4316, 10, 2, 12, 22, 1
4316, 10, 3, 12, 52, 1
4316, 10, 2, 12, 53, 1
4316, 10, 2, 12, 54, 1
4316, 10, 2, 12, 55, 1
4316, 10, 2, 12, 56, 1
4316, 10, 2, 12, 57, 1
4316, 10, 2, 12, 58, 1
4316, 10, 2, 12, 59, 1
4316, 10, 2, 12, 60, 1
4316, 10, 2, 12, 61, 1
4316, 10, 2, 13, 5, 1
4316, 10, 2, 13, 6, 1
4316, 10, 2, 13, 7, 1
4316, 10, 2, 13, 8, 1
4316, 10, 2, 13, 9, 1
4316, 10, 2, 13, 10, 1
4316, 10, 2, 13, 11, 1
4316, 10, 2, 13, 12, 1
4316, 10, 2, 13, 13, 1
4316, 10, 2, 13, 14, 1
4316, 10, 2, 13, 15, 1
4316, 10, 2, 13, 16, 1
4316, 10, 2, 13, 17, 1
4316, 10, 2, 13, 18, 1
4316, 10, 2, 13, 54, 1
4316, 10, 2, 13, 55, 1
4316, 10, 2, 13, 56, 1
4316, 10, 2, 13, 57, 1
4316, 10, 2, 13, 58, 1
4316, 10, 2, 13, 59, 1
4316, 10, 2, 13, 60, 1
4316, 10, 2, 13, 61, 1
4316, 10, 2, 14, 5, 1
4316, 10, 2, 14, 6, 1
4316, 10, 2, 14, 7, 1
4316, 10, 2, 14, 8, 1
4316, 10, 2, 14, 9, 1
4316, 10, 2, 14, 10, 1
4316, 10, 2, 14, 11, 1
4316, 10, 2, 14, 12, 1
4316, 10, 2, 14, 13, 1
4316, 10, 2, 14, 14, 1
4316, 10, 2, 14, 55, 1
4316, 10, 2, 14, 56, 1
4316, 10, 2, 14, 57, 1
4316, 10, 2, 14, 58, 1
4316, 10, 2, 14, 59, 1
4316, 10, 2, 14, 60, 1
4316, 10, 2, 14, 61, 1
4316, 10, 2, 15, 5, 1
4316, 10, 2, 15, 6, 1
4316, 10, 2, 15, 7, 1
4316, 10, 2, 15, 8, 1
4316, 10, 2, 15, 9, 1
4316, 10, 2, 15, 10, 1
4316, 10, 2, 15, 11, 1
4316, 10, 2, 15, 12, 1
4316, 10, 2, 15, 56, 1
4316, 10, 2, 15, 57, 1
4316, 10, 2, 15, 58, 1
4316, 10, 2, 15, 59, 1
4316, 10, 2, 15, 60, 1
4316, 10, 2, 15, 61, 1
4316, 10, 2, 16, 5, 1
4316, 10, 2, 16, 6, 1
4316, 10, 2, 16, 7, 1
4316, 10, 2, 16, 8, 1
4316, 10, 2, 16, 9, 1
4316, 10, 2, 16, 10, 1
4316, 10, 2, 16, 11, 1
4316, 10, 2, 16, 57, 1
4316, 10, 2, 16, 58, 1
4316, 10, 2, 16, 59, 1
4316, 10, 2, 16, 60, 1
4316, 10, 2, 16, 61, 1
4316, 10, 2, 17, 5, 1
4316, 10, 2, 17, 6, 1
4316, 10, 2, 17, 7, 1
4316, 10, 2, 17, 8, 1
4316, 10, 2, 17, 9, 1
4316, 10, 2, 17, 10, 1
4316, 10, 2, 17, 11, 1
4316, 10, 2, 17, 57, 1
4316, 10, 2, 17, 58, 1
4316, 10, 2, 17, 59, 1
4316, 10, 2, 17, 60, 1
4316, 10, 2, 17, 61, 1
4316, 10, 2, 18, 5, 1
4316, 10, 2, 18, 6, 1
4316, 10, 2, 18, 7, 1
4316, 10, 2, 18, 8, 1
4316, 10, 2, 18, 9, 1
4316, 10, 2, 18, 10, 1
4316, 10, 2, 18, 58, 1
4316, 10, 2, 18, 59, 1
4316, 10, 2, 18, 60, 1
4316, 10, 2, 18, 61, 1
4316, 10, 2, 19, 5, 1
4316, 10, 2, 19, 6, 1
4316, 10, 2, 19, 7, 1
4316, 10, 2, 19, 8, 1
4316, 10, 2, 19, 9, 1
4316, 10, 2, 19, 58, 1
4316, 10, 2, 19, 59, 1
4316, 10, 2, 19, 60, 1
4316, 10, 2, 19, 61, 1
4316, 10, 2, 20, 5, 1
4316, 10, 2, 20, 6, 1
4316, 10, 2, 20, 7, 1
4316, 10, 2, 20, 8, 1
4316, 10, 2, 20, 58, 1
4316, 10, 2, 20, 59, 1
4316, 10, 2, 20, 60, 1
4316, 10, 2, 20, 61, 1
4316, 10, 2, 21, 5, 1
4316, 10, 2, 21, 6, 1
4316, 10, 2, 21, 7, 1
4316, 10, 2, 21, 58, 1
4316, 10, 2, 21, 59, 1
4316, 10, 2, 21, 60, 1
4316, 10, 2, 21, 61, 1
4316, 10, 2, 22, 5, 1
4316, 10, 2, 22, 6, 1
4316, 10, 2, 22, 7, 1
4316, 10, 2, 22, 58, 1
4316, 10, 2, 22, 59, 1
4316, 10, 2, 22, 60, 1
4316, 10, 2, 22, 61, 1
4316, 10, 2, 23, 5, 1
4316, 10, 2, 23, 6, 1
4316, 10, 2, 23, 7, 1
4316, 10, 2, 23, 8, 1
4316, 10, 2, 23, 58, 1
4316, 10, 2, 23, 59, 1
4316, 10, 2, 23, 60, 1
4316, 10, 2, 23, 61, 1
4316, 10, 2, 24, 5, 1
4316, 10, 2, 24, 6, 1
4316, 10, 2, 24, 7, 1
4316, 10, 2, 24, 8, 1
4316, 10, 2, 24, 57, 1
4316, 10, 2, 24, 58, 1
4316, 10, 2, 24, 59, 1
4316, 10, 2, 24, 60, 1
4316, 10, 2, 24, 61, 1
4316, 10, 2, 25, 5, 1
4316, 10, 2, 25, 6, 1
4316, 10, 2, 25, 7, 1
4316, 10, 2, 25, 8, 1
4316, 10, 2, 25, 57, 1
4316, 10, 2, 25, 58, 1
4316, 10, 2, 25, 59, 1
4316, 10, 2, 25, 60, 1
4316, 10, 2, 25, 61, 1
4316, 10, 2, 26, 5, 1
4316, 10, 2, 26, 6, 1
4316, 10, 2, 26, 7, 1
4316, 10, 2, 26, 8, 1
4316, 10, 2, 26, 57, 1
4316, 10, 2, 26, 58, 1
4316, 10, 2, 26, 59, 1
4316, 10, 2, 26, 60, 1
4316, 10, 2, 26, 61, 1
4316, 10, 2, 27, 5, 1
4316, 10, 2, 27, 6, 1
4316, 10, 2, 27, 7, 1
4316, 10, 2, 27, 8, 1
4316, 10, 2, 27, 58, 1
4316, 10, 2, 27, 59, 1
4316, 10, 2, 27, 60, 1
4316, 10, 2, 27, 61, 1
4316, 10, 2, 28, 5, 1
4316, 10, 2, 28, 6, 1
4316, 10, 2, 28, 7, 1
4316, 10, 2, 28, 8, 1
4316, 10, 2, 28, 9, 1
4316, 10, 2, 28, 58, 1
4316, 10, 2, 28, 59, 1
4316, 10, 2, 28, 60, 1
4316, 10, 2, 28, 61, 1
4316, 10, 2, 29, 5, 1
4316, 10, 2, 29, 6, 1
4316, 10, 2, 29, 7, 1
4316, 10, 2, 29, 8, 1
4316, 10, 2, 29, 58, 1
4316, 10, 2, 29, 59, 1
4316, 10, 2, 29, 60, 1
4316, 10, 2, 29, 61, 1
4316, 10, 2, 30, 5, 1
4316, 10, 2, 30, 6, 1
4316, 10, 2, 30, 7, 1
4316, 10, 2, 30, 8, 1
4316, 10, 2, 30, 58, 1
4316, 10, 2, 30, 59, 1
4316, 10, 2, 30, 60, 1
4316, 10, 2, 30, 61, 1
4316, 10, 2, 31, 5, 1
4316, 10, 2, 31, 6, 1
4316, 10, 2, 31, 7, 1
4316, 10, 2, 31, 8, 1
4316, 10, 2, 31, 58, 1
4316, 10, 2, 31, 59, 1
4316, 10, 2, 31, 60, 1
4316, 10, 2, 31, 61, 1
4316, 10, 2, 32, 5, 1
4316, 10, 2, 32, 6, 1
4316, 10, 2, 32, 7, 1
4316, 10, 2, 32, 58, 1
4316, 10, 2, 32, 59, 1
4316, 10, 2, 32, 60, 1
4316, 10, 2, 32, 61, 1
4316, 10, 2, 33, 5, 1
4316, 10, 2, 33, 6, 1
4316, 10, 2, 33, 7, 1
4316, 10, 2, 33, 59, 1
4316, 10, 2, 33, 60, 1
4316, 10, 2, 33, 61, 1
4316, 10, 2, 34, 5, 1
4316, 10, 2, 34, 6, 1
4316, 10, 2, 34, 7, 1
4316, 10, 2, 34, 59, 1
4316, 10, 2, 34, 60, 1
4316, 10, 2, 34, 61, 1
4316, 10, 2, 35, 5, 1
4316, 10, 2, 35, 6, 1
4316, 10, 2, 35, 7, 1
4316, 10, 2, 35, 8, 1
4316, 10, 2, 35, 58, 1
4316, 10, 2, 35, 59, 1
4316, 10, 2, 35, 60, 1
4316, 10, 2, 35, 61, 1
4316, 10, 2, 36, 5, 1
4316, 10, 2, 36, 6, 1
4316, 10, 2, 36, 7, 1
4316, 10, 2, 36, 8, 1
4316, 10, 2, 36, 59, 1
4316, 10, 2, 36, 60, 1
4316, 10, 2, 36, 61, 1
4316, 10, 2, 37, 5, 1
4316, 10, 2, 37, 6, 1
4316, 10, 2, 37, 7, 1
4316, 10, 2, 37, 8, 1
4316, 10, 2, 37, 59, 1
4316, 10, 2, 37, 60, 1
4316, 10, 2, 37, 61, 1
4316, 10, 2, 38, 5, 1
4316, 10, 2, 38, 6, 1
4316, 10, 2, 38, 7, 1
4316, 10, 2, 38, 8, 1
4316, 10, 2, 38, 58, 1
4316, 10, 2, 38, 59, 1
4316, 10, 2, 38, 60, 1
4316, 10, 2, 38, 61, 1
4316, 10, 2, 39, 5, 1
4316, 10, 2, 39, 6, 1
4316, 10, 2, 39, 7, 1
4316, 10, 2, 39, 8, 1
4316, 10, 2, 39, 59, 1
4316, 10, 2, 39, 60, 1
4316, 10, 2, 39, 61, 1
4316, 10, 2, 40, 5, 1
4316, 10, 2, 40, 6, 1
4316, 10, 2, 40, 7, 1
4316, 10, 2, 40, 8, 1
4316, 10, 2, 40, 9, 1
4316, 10, 2, 40, 59, 1
4316, 10, 2, 40, 60, 1
4316, 10, 2, 40, 61, 1
4316, 10, 2, 41, 5, 1
4316, 10, 2, 41, 6, 1
4316, 10, 2, 41, 7, 1
4316, 10, 2, 41, 8, 1
4316, 10, 2, 41, 9, 1
4316, 10, 2, 41, 10, 1
4316, 10, 2, 41, 60, 1
4316, 10, 2, 41, 61, 1
4316, 10, 2, 42, 5, 1
4316, 10, 2, 42, 6, 1
4316, 10, 2, 42, 7, 1
4316, 10, 2, 42, 8, 1
4316, 10, 2, 42, 9, 1
4316, 10, 2, 42, 10, 1
4316, 10, 2, 42, 60, 1
4316, 10, 2, 42, 61, 1
4316, 10, 2, 43, 5, 1
4316, 10, 2, 43, 6, 1
4316, 10, 2, 43, 7, 1
4316, 10, 2, 43, 8, 1
4316, 10, 2, 43, 9, 1
4316, 10, 2, 43, 10, 1
4316, 10, 2, 43, 60, 1
4316, 10, 2, 43, 61, 1
4316, 10, 2, 44, 5, 1
4316, 10, 2, 44, 6, 1
4316, 10, 2, 44, 7, 1
4316, 10, 2, 44, 8, 1
4316, 10, 2, 44, 9, 1
4316, 10, 2, 44, 10, 1
4316, 10, 2, 44, 59, 1
4316, 10, 2, 44, 60, 1
4316, 10, 2, 44, 61, 1
4316, 10, 2, 45, 5, 1
4316, 10, 2, 45, 6, 1
4316, 10, 2, 45, 7, 1
4316, 10, 2, 45, 8, 1
4316, 10, 2, 45, 9, 1
4316, 10, 2, 45, 10, 1
4316, 10, 2, 45, 59, 1
4316, 10, 2, 45, 60, 1
4316, 10, 2, 45, 61, 1
4316, 10, 2, 46, 5, 1
4316, 10, 2, 46, 6, 1
4316, 10, 2, 46, 7, 1
4316, 10, 2, 46, 8, 1
4316, 10, 2, 46, 9, 1
4316, 10, 2, 46, 10, 1
4316, 10, 2, 46, 11, 1
4316, 10, 2, 46, 60, 1
4316, 10, 2, 46, 61, 1
4316, 10, 2, 47, 5, 1
4316, 10, 2, 47, 6, 1
4316, 10, 2, 47, 7, 1
4316, 10, 2, 47, 8, 1
4316, 10, 2, 47, 9, 1
4316, 10, 2, 47, 10, 1
4316, 10, 2, 47, 11, 1
4316, 10, 2, 47, 60, 1
4316, 10, 2, 47, 61, 1
4316, 10, 2, 48, 5, 1
4316, 10, 2, 48, 6, 1
4316, 10, 2, 48, 7, 1
4316, 10, 2, 48, 8, 1
4316, 10, 2, 48, 9, 1
4316, 10, 2, 48, 10, 1
4316, 10, 2, 48, 11, 1
4316, 10, 2, 48, 12, 1
4316, 10, 2, 48, 59, 1
4316, 10, 2, 48, 60, 1
4316, 10, 2, 48, 61, 1
4316, 10, 2, 49, 5, 1
4316, 10, 2, 49, 6, 1
4316, 10, 2, 49, 7, 1
4316, 10, 2, 49, 8, 1
4316, 10, 2, 49, 9, 1
4316, 10, 2, 49, 10, 1
4316, 10, 2, 49, 11, 1
4316, 10, 2, 49, 12, 1
4316, 10, 2, 49, 60, 1
4316, 10, 2, 49, 61, 1
4316, 10, 2, 50, 5, 1
4316, 10, 2, 50, 6, 1
4316, 10, 2, 50, 7, 1
4316, 10, 2, 50, 8, 1
4316, 10, 2, 50, 9, 1
4316, 10, 2, 50, 10, 1
4316, 10, 2, 50, 11, 1
4316, 10, 2, 50, 12, 1
4316, 10, 2, 50, 13, 1
4316, 10, 2, 50, 60, 1
4316, 10, 2, 50, 61, 1
4316, 10, 2, 51, 5, 1
4316, 10, 2, 51, 6, 1
4316, 10, 2, 51, 7, 1
4316, 10, 2, 51, 8, 1
4316, 10, 2, 51, 9, 1
4316, 10, 2, 51, 10, 1
4316, 10, 2, 51, 11, 1
4316, 10, 2, 51, 12, 1
4316, 10, 2, 51, 13, 1
4316, 10, 2, 51, 14, 1
4316, 10, 2, 51, 59, 1
4316, 10, 2, 51, 60, 1
4316, 10, 2, 51, 61, 1
4316, 10, 2, 52, 5, 1
4316, 10, 2, 52, 6, 1
4316, 10, 2, 52, 7, 1
4316, 10, 2, 52, 8, 1
4316, 10, 2, 52, 9, 1
4316, 10, 2, 52, 10, 1
4316, 10, 2, 52, 11, 1
4316, 10, 2, 52, 12, 1
4316, 10, 2, 52, 13, 1
4316, 10, 2, 52, 14, 1
4316, 10, 2, 52, 15, 1
4316, 10, 2, 52, 39, 1
4316, 10, 2, 52, 40, 1
4316, 10, 2, 52, 60, 1
4316, 10, 2, 52, 61, 1
4316, 10, 2, 53, 5, 1
4316, 10, 2, 53, 6, 1
4316, 10, 2, 53, 7, 1
4316, 10, 2, 53, 8, 1
4316, 10, 2, 53, 9, 1
4316, 10, 2, 53, 10, 1
4316, 10, 2, 53, 11, 1
4316, 10, 2, 53, 12, 1
4316, 10, 2, 53, 13, 1
4316, 10, 2, 53, 14, 1
4316, 10, 2, 53, 15, 1
4316, 10, 2, 53, 16, 1
4316, 10, 2, 53, 17, 1
4316, 10, 2, 53, 18, 1
4316, 10, 2, 53, 19, 1
4316, 10, 2, 53, 20, 1
4316, 10, 2, 53, 26, 1
4316, 10, 2, 53, 37, 1
4316, 10, 2, 53, 38, 1
4316, 10, 2, 53, 39, 1
4316, 10, 2, 53, 40, 1
4316, 10, 2, 53, 41, 1
4316, 10, 2, 53, 42, 1
4316, 10, 2, 53, 43, 1
4316, 10, 2, 53, 60, 1
4316, 10, 2, 53, 61, 1
4316, 10, 2, 54, 5, 1
4316, 10, 2, 54, 6, 1
4316, 10, 2, 54, 7, 1
4316, 10, 2, 54, 8, 1
4316, 10, 2, 54, 9, 1
4316, 10, 2, 54, 10, 1
4316, 10, 2, 54, 11, 1
4316, 10, 2, 54, 12, 1
4316, 10, 2, 54, 13, 1
4316, 10, 2, 54, 14, 1
4316, 10, 2, 54, 15, 1
4316, 10, 2, 54, 16, 1
4316, 10, 2, 54, 17, 1
4316, 10, 2, 54, 18, 1
4316, 10, 2, 54, 19, 1
4316, 10, 2, 54, 20, 1
4316, 10, 2, 54, 21, 1
4316, 10, 2, 54, 22, 1
4316, 10, 2, 54, 23, 1
4316, 10, 2, 54, 24, 1
4316, 10, 2, 54, 25, 1
4316, 10, 2, 54, 26, 1
4316, 10, 2, 54, 27, 1
4316, 10, 2, 54, 28, 1
4316, 10, 2, 54, 34, 1
4316, 10, 2, 54, 35, 1
4316, 10, 2, 54, 36, 1
4316, 10, 2, 54, 37, 1
4316, 10, 2, 54, 38, 1
4316, 10, 2, 54, 39, 1
4316, 10, 2, 54, 40, 1
4316, 10, 2, 54, 41, 1
4316, 10, 2, 54, 42, 1
4316, 10, 2, 54, 43, 1
4316, 10, 2, 54, 44, 1
4316, 10, 2, 54, 45, 1
4316, 10, 2, 54, 46, 1
4316, 10, 2, 54, 47, 1
4316, 10, 2, 54, 48, 1
4316, 10, 2, 54, 60, 1
4316, 10, 2, 54, 61, 1
4316, 10, 2, 55, 5, 1
4316, 10, 2, 55, 6, 1
4316, 10, 2, 55, 7, 1
4316, 10, 2, 55, 8, 1
4316, 10, 2, 55, 9, 1
4316, 10, 2, 55, 10, 1
4316, 10, 2, 55, 11, 1
4316, 10, 2, 55, 12, 1
4316, 10, 2, 55, 13, 1
4316, 10, 2, 55, 14, 1
4316, 10, 2, 55, 15, 1
4316, 10, 2, 55, 16, 1
4316, 10, 2, 55, 17, 1
4316, 10, 2, 55, 18, 1
4316, 10, 2, 55, 19, 1
4316, 10, 2, 55, 20, 1
4316, 10, 2, 55, 21, 1
4316, 10, 2, 55, 22, 1
4316, 10, 2, 55, 23, 1
4316, 10, 2, 55, 24, 1
4316, 10, 2, 55, 25, 1
4316, 10, 2, 55, 26, 1
4316, 10, 2, 55, 27, 1
4316, 10, 2, 55, 28, 1
4316, 10, 2, 55, 29, 1
4316, 10, 2, 55, 30, 1
4316, 10, 2, 55, 31, 1
4316, 10, 2, 55, 32, 1
4316, 10, 2, 55, 33, 1
4316, 10, 2, 55, 34, 1
4316, 10, 2, 55, 35, 1
4316, 10, 2, 55, 36, 1
4316, 10, 2, 55, 37, 1
4316, 10, 2, 55, 38, 1
4316, 10, 2, 55, 39, 1
4316, 10, 2, 55, 40, 1
4316, 10, 2, 55, 41, 1
4316, 10, 2, 55, 42, 1
4316, 10, 2, 55, 43, 1
4316, 10, 2, 55, 44, 1
4316, 10, 2, 55, 45, 1
4316, 10, 2, 55, 46, 1
4316, 10, 2, 55, 47, 1
4316, 10, 2, 55, 48, 1
4316, 10, 2, 55, 49, 1
4316, 10, 2, 55, 60, 1
4316, 10, 2, 55, 61, 1
4316, 10, 2, 56, 5, 1
4316, 10, 2, 56, 6, 1
4316, 10, 2, 56, 7, 1
4316, 10, 2, 56, 8, 1
4316, 10, 2, 56, 9, 1
4316, 10, 2, 56, 10, 1
4316, 10, 2, 56, 11, 1
4316, 10, 2, 56, 12, 1
4316, 10, 2, 56, 13, 1
4316, 10, 2, 56, 14, 1
4316, 10, 2, 56, 15, 1
4316, 10, 2, 56, 16, 1
4316, 10, 2, 56, 17, 1
4316, 10, 2, 56, 18, 1
4316, 10, 2, 56, 19, 1
4316, 10, 2, 56, 20, 1
4316, 10, 2, 56, 21, 1
4316, 10, 2, 56, 22, 1
4316, 10, 2, 56, 23, 1
4316, 10, 2, 56, 24, 1
4316, 10, 2, 56, 25, 1
4316, 10, 2, 56, 26, 1
4316, 10, 2, 56, 27, 1
4316, 10, 2, 56, 28, 1
4316, 10, 2, 56, 29, 1
4316, 10, 2, 56, 30, 1
4316, 10, 2, 56, 31, 1
4316, 10, 2, 56, 32, 1
4316, 10, 2, 56, 33, 1
4316, 10, 2, 56, 34, 1
4316, 10, 2, 56, 35, 1
4316, 10, 2, 56, 36, 1
4316, 10, 2, 56, 37, 1
4316, 10, 2, 56, 38, 1
4316, 10, 2, 56, 39, 1
4316, 10, 2, 56, 40, 1
4316, 10, 2, 56, 41, 1
4316, 10, 2, 56, 42, 1
4316, 10, 2, 56, 43, 1
4316, 10, 2, 56, 44, 1
4316, 10, 2, 56, 45, 1
4316, 10, 2, 56, 46, 1
4316, 10, 2, 56, 47, 1
4316, 10, 2, 56, 48, 1
4316, 10, 2, 56, 49, 1
4316, 10, 2, 56, 61, 1
4316, 10, 2, 57, 5, 1
4316, 10, 2, 57, 6, 1
4316, 10, 2, 57, 7, 1
4316, 10, 2, 57, 8, 1
4316, 10, 2, 57, 9, 1
4316, 10, 2, 57, 10, 1
4316, 10, 2, 57, 11, 1
4316, 10, 2, 57, 12, 1
4316, 10, 2, 57, 13, 1
4316, 10, 2, 57, 14, 1
4316, 10, 2, 57, 15, 1
4316, 10, 2, 57, 16, 1
4316, 10, 2, 57, 17, 1
4316, 10, 2, 57, 18, 1
4316, 10, 2, 57, 19, 1
4316, 10, 2, 57, 20, 1
4316, 10, 2, 57, 21, 1
4316, 10, 2, 57, 22, 1
4316, 10, 2, 57, 23, 1
4316, 10, 2, 57, 24, 1
4316, 10, 2, 57, 25, 1
4316, 10, 2, 57, 26, 1
4316, 10, 2, 57, 27, 1
4316, 10, 2, 57, 28, 1
4316, 10, 2, 57, 29, 1
4316, 10, 2, 57, 30, 1
4316, 10, 2, 57, 31, 1
4316, 10, 2, 57, 32, 1
4316, 10, 2, 57, 33, 1
4316, 10, 2, 57, 34, 1
4316, 10, 2, 57, 35, 1
4316, 10, 2, 57, 36, 1
4316, 10, 2, 57, 37, 1
4316, 10, 2, 57, 38, 1
4316, 10, 2, 57, 39, 1
4316, 10, 2, 57, 40, 1
4316, 10, 2, 57, 41, 1
4316, 10, 2, 57, 42, 1
4316, 10, 2, 57, 43, 1
4316, 10, 2, 57, 44, 1
4316, 10, 2, 57, 45, 1
4316, 10, 2, 57, 46, 1
4316, 10, 2, 57, 47, 1
4316, 10, 2, 57, 48, 1
4316, 10, 2, 57, 49, 1
4316, 10, 2, 57, 50, 1
4316, 10, 2, 57, 61, 1
4316, 10, 2, 58, 5, 1
4316, 10, 2, 58, 6, 1
4316, 10, 2, 58, 7, 1
4316, 10, 2, 58, 8, 1
4316, 10, 2, 58, 9, 1
4316, 10, 2, 58, 10, 1
4316, 10, 2, 58, 11, 1
4316, 10, 2, 58, 12, 1
4316, 10, 2, 58, 13, 1
4316, 10, 2, 58, 14, 1
4316, 10, 2, 58, 15, 1
4316, 10, 2, 58, 16, 1
4316, 10, 2, 58, 17, 1
4316, 10, 2, 58, 18, 1
4316, 10, 2, 58, 19, 1
4316, 10, 2, 58, 20, 1
4316, 10, 2, 58, 21, 1
4316, 10, 2, 58, 22, 1
4316, 10, 2, 58, 23, 1
4316, 10, 2, 58, 24, 1
4316, 10, 2, 58, 25, 1
4316, 10, 2, 58, 26, 1
4316, 10, 2, 58, 27, 1
4316, 10, 2, 58, 28, 1
4316, 10, 2, 58, 29, 1
4316, 10, 2, 58, 30, 1
4316, 10, 2, 58, 31, 1
4316, 10, 2, 58, 32, 1
4316, 10, 2, 58, 33, 1
4316, 10, 2, 58, 34, 1
4316, 10, 2, 58, 35, 1
4316, 10, 2, 58, 36, 1
4316, 10, 2, 58, 37, 1
4316, 10, 2, 58, 38, 1
4316, 10, 2, 58, 39, 1
4316, 10, 2, 58, 40, 1
4316, 10, 2, 58, 41, 1
4316, 10, 2, 58, 42, 1
4316, 10, 2, 58, 43, 1
4316, 10, 2, 58, 44, 1
4316, 10, 2, 58, 45, 1
4316, 10, 2, 58, 46, 1
4316, 10, 2, 58, 47, 1
4316, 10, 2, 58, 48, 1
4316, 10, 2, 58, 49, 1
4316, 10, 2, 58, 50, 1
4316, 10, 2, 58, 51, 1
4316, 10, 2, 58, 61, 1
4316, 10, 2, 59, 5, 1
4316, 10, 2, 59, 6, 1
4316, 10, 2, 59, 7, 1
4316, 10, 2, 59, 8, 1
4316, 10, 2, 59, 9, 1
4316, 10, 2, 59, 10, 1
4316, 10, 2, 59, 11, 1
4316, 10, 2, 59, 12, 1
4316, 10, 2, 59, 13, 1
4316, 10, 2, 59, 14, 1
4316, 10, 2, 59, 15, 1
4316, 10, 2, 59, 16, 1
4316, 10, 2, 59, 17, 1
4316, 10, 2, 59, 18, 1
4316, 10, 2, 59, 19, 1
4316, 10, 2, 59, 20, 1
4316, 10, 2, 59, 21, 1
4316, 10, 2, 59, 22, 1
4316, 10, 2, 59, 23, 1
4316, 10, 2, 59, 24, 1
4316, 10, 2, 59, 25, 1
4316, 10, 2, 59, 26, 1
4316, 10, 2, 59, 27, 1
4316, 10, 2, 59, 28, 1
4316, 10, 2, 59, 29, 1
4316, 10, 2, 59, 30, 1
4316, 10, 2, 59, 31, 1
4316, 10, 2, 59, 32, 1
4316, 10, 2, 59, 33, 1
4316, 10, 2, 59, 34, 1
4316, 10, 2, 59, 35, 1
4316, 10, 2, 59, 36, 1
4316, 10, 2, 59, 37, 1
4316, 10, 2, 59, 38, 1
4316, 10, 2, 59, 39, 1
4316, 10, 2, 59, 40, 1
4316, 10, 2, 59, 41, 1
4316, 10, 2, 59, 42, 1
4316, 10, 2, 59, 43, 1
4316, 10, 2, 59, 44, 1
4316, 10, 2, 59, 45, 1
4316, 10, 2, 59, 46, 1
4316, 10, 2, 59, 47, 1
4316, 10, 2, 59, 48, 1
4316, 10, 2, 59, 49, 1
4316, 10, 2, 59, 50, 1
4316, 10, 2, 59, 51, 1
4316, 10, 2, 59, 52, 1
4316, 10, 2, 59, 53, 1
4316, 10, 2, 59, 54, 1
4316, 10, 2, 59, 55, 1
4316, 10, 2, 59, 60, 1
4316, 10, 2, 59, 61, 1
4316, 10, 2, 60, 5, 1
4316, 10, 2, 60, 6, 1
4316, 10, 2, 60, 7, 1
4316, 10, 2, 60, 8, 1
4316, 10, 2, 60, 9, 1
4316, 10, 2, 60, 10, 1
4316, 10, 2, 60, 11, 1
4316, 10, 2, 60, 12, 1
4316, 10, 2, 60, 13, 1
4316, 10, 2, 60, 14, 1
4316, 10, 2, 60, 15, 1
4316, 10, 2, 60, 16, 1
4316, 10, 2, 60, 17, 1
4316, 10, 2, 60, 18, 1
4316, 10, 2, 60, 19, 1
4316, 10, 2, 60, 20, 1
4316, 10, 2, 60, 21, 1
4316, 10, 2, 60, 22, 1
4316, 10, 2, 60, 23, 1
4316, 10, 2, 60, 24, 1
4316, 10, 2, 60, 25, 1
4316, 10, 2, 60, 26, 1
4316, 10, 2, 60, 27, 1
4316, 10, 2, 60, 28, 1
4316, 10, 2, 60, 29, 1
4316, 10, 2, 60, 30, 1
4316, 10, 2, 60, 31, 1
4316, 10, 2, 60, 32, 1
4316, 10, 2, 60, 33, 1
4316, 10, 2, 60, 34, 1
4316, 10, 2, 60, 35, 1
4316, 10, 2, 60, 36, 1
4316, 10, 2, 60, 37, 1
4316, 10, 2, 60, 38, 1
4316, 10, 2, 60, 39, 1
4316, 10, 2, 60, 40, 1
4316, 10, 2, 60, 41, 1
4316, 10, 2, 60, 42, 1
4316, 10, 2, 60, 43, 1
4316, 10, 2, 60, 44, 1
4316, 10, 2, 60, 45, 1
4316, 10, 2, 60, 46, 1
4316, 10, 2, 60, 47, 1
4316, 10, 2, 60, 48, 1
4316, 10, 2, 60, 49, 1
4316, 10, 2, 60, 50, 1
4316, 10, 2, 60, 51, 1
4316, 10, 2, 60, 52, 1
4316, 10, 2, 60, 53, 1
4316, 10, 2, 60, 54, 1
4316, 10, 2, 60, 55, 1
4316, 10, 2, 60, 56, 1
4316, 10, 2, 60, 57, 1
4316, 10, 2, 60, 58, 1
4316, 10, 2, 60, 59, 1
4316, 10, 2, 60, 60, 1
4316, 10, 2, 60, 61, 1
4316, 10, 2, 61, 5, 1
4316, 10, 2, 61, 6, 1
4316, 10, 2, 61, 7, 1
4316, 10, 2, 61, 8, 1
4316, 10, 2, 61, 9, 1
4316, 10, 2, 61, 10, 1
4316, 10, 2, 61, 11, 1
4316, 10, 2, 61, 12, 1
4316, 10, 2, 61, 13, 1
4316, 10, 2, 61, 14, 1
4316, 10, 2, 61, 15, 1
4316, 10, 2, 61, 16, 1
4316, 10, 2, 61, 17, 1
4316, 10, 2, 61, 18, 1
4316, 10, 2, 61, 19, 1
4316, 10, 2, 61, 20, 1
4316, 10, 2, 61, 21, 1
4316, 10, 2, 61, 22, 1
4316, 10, 2, 61, 23, 1
4316, 10, 2, 61, 24, 1
4316, 10, 2, 61, 25, 1
4316, 10, 2, 61, 26, 1
4316, 10, 2, 61, 27, 1
4316, 10, 2, 61, 28, 1
4316, 10, 2, 61, 29, 1
4316, 10, 2, 61, 30, 1
4316, 10, 2, 61, 31, 1
4316, 10, 2, 61, 32, 1
4316, 10, 2, 61, 33, 1
4316, 10, 2, 61, 34, 1
4316, 10, 2, 61, 35, 1
4316, 10, 2, 61, 36, 1
4316, 10, 2, 61, 37, 1
4316, 10, 2, 61, 38, 1
4316, 10, 2, 61, 39, 1
4316, 10, 2, 61, 40, 1
4316, 10, 2, 61, 41, 1
4316, 10, 2, 61, 42, 1
4316, 10, 2, 61, 43, 1
4316, 10, 2, 61, 44, 1
4316, 10, 2, 61, 45, 1
4316, 10, 2, 61, 46, 1
4316, 10, 2, 61, 47, 1
4316, 10, 2, 61, 48, 1
4316, 10, 2, 61, 49, 1
4316, 10, 2, 61, 50, 1
4316, 10, 2, 61, 51, 1
4316, 10, 2, 61, 52, 1
4316, 10, 2, 61, 53, 1
4316, 10, 2, 61, 54, 1
4316, 10, 2, 61, 55, 1
4316, 10, 2, 61, 56, 1
4316, 10, 2, 61, 57, 1
4316, 10, 2, 61, 58, 1
4316, 10, 2, 61, 59, 1
4316, 10, 2, 61, 60, 1
4316, 10, 2, 61, 61, 1
4323, 9, 3, 16, 47, 1
4323, 0, 0, 16, 48, 1
4323, 9, 0, 16, 49, 1
4323, 9, 3, 17, 25, 1
4323, 9, 0, 17, 26, 1
4323, 9, 3, 17, 32, 1
4323, 0, 0, 17, 33, 1
4323, 9, 0, 17, 34, 1
4323, 9, 3, 17, 35, 1
4323, 9, 0, 17, 36, 1
4323, 9, 3, 17, 43, 1
4323, 0, 0, 17, 44, 1
4323, 0, 0, 17, 45, 1
4323, 0, 0, 17, 46, 1
4323, 1, 3, 17, 47, 1
4323, 0, 1, 17, 49, 1
4323, 9, 3, 18, 24, 1
4323, 1, 3, 18, 25, 1
4323, 1, 0, 18, 26, 1
4323, 0, 0, 18, 27, 1
4323, 0, 0, 18, 28, 1
4323, 9, 0, 18, 29, 1
4323, 9, 3, 18, 30, 1
4323, 0, 0, 18, 31, 1
4323, 1, 3, 18, 32, 1
4323, 1, 0, 18, 34, 1
4323, 1, 3, 18, 35, 1
4323, 1, 0, 18, 36, 1
4323, 0, 0, 18, 37, 1
4323, 0, 0, 18, 38, 1
4323, 9, 0, 18, 39, 1
4323, 9, 3, 18, 40, 1
4323, 9, 0, 18, 41, 1
4323, 9, 3, 18, 42, 1
4323, 1, 3, 18, 43, 1
4323, 1, 1, 18, 44, 1
4323, 0, 2, 18, 45, 1
4323, 0, 2, 18, 46, 1
4323, 1, 2, 18, 47, 1
4323, 1, 0, 18, 49, 1
4323, 9, 0, 18, 50, 1
4323, 9, 3, 19, 23, 1
4323, 1, 3, 19, 24, 1
4323, 1, 0, 19, 29, 1
4323, 1, 3, 19, 30, 1
4323, 1, 0, 19, 39, 1
4323, 1, 3, 19, 40, 1
4323, 1, 0, 19, 41, 1
4323, 1, 3, 19, 42, 1
4323, 1, 1, 19, 43, 1
4323, 9, 1, 19, 44, 1
4323, 9, 2, 19, 47, 1
4323, 1, 2, 19, 48, 1
4323, 0, 1, 19, 50, 1
4323, 9, 3, 20, 20, 1
4323, 9, 0, 20, 21, 1
4323, 0, 3, 20, 23, 1
4323, 1, 1, 20, 41, 1
4323, 0, 2, 20, 42, 1
4323, 9, 1, 20, 43, 1
4323, 0, 3, 20, 48, 1
4323, 0, 1, 20, 50, 1
4323, 9, 3, 21, 18, 1
4323, 9, 0, 21, 19, 1
4323, 9, 2, 21, 20, 1
4323, 9, 1, 21, 21, 1
4323, 9, 3, 21, 22, 1
4323, 1, 3, 21, 23, 1
4323, 1, 0, 21, 41, 1
4323, 9, 0, 21, 42, 1
4323, 0, 3, 21, 48, 1
4323, 1, 1, 21, 49, 1
4323, 9, 1, 21, 50, 1
4323, 9, 2, 22, 18, 1
4323, 9, 1, 22, 19, 1
4323, 9, 3, 22, 21, 1
4323, 1, 3, 22, 22, 1
4323, 1, 1, 22, 41, 1
4323, 9, 1, 22, 42, 1
4323, 9, 3, 22, 47, 1
4323, 1, 3, 22, 48, 1
4323, 0, 1, 22, 49, 1
4323, 9, 3, 23, 20, 1
4323, 1, 3, 23, 21, 1
4323, 1, 0, 23, 41, 1
4323, 9, 0, 23, 42, 1
4323, 0, 3, 23, 47, 1
4323, 1, 1, 23, 48, 1
4323, 9, 1, 23, 49, 1
4323, 9, 3, 24, 17, 1
4323, 0, 0, 24, 18, 1
4323, 0, 0, 24, 19, 1
4323, 1, 3, 24, 20, 1
4323, 1, 1, 24, 41, 1
4323, 9, 1, 24, 42, 1
4323, 0, 3, 24, 47, 1
4323, 0, 1, 24, 48, 1
4323, 9, 3, 25, 16, 1
4323, 1, 3, 25, 17, 1
4323, 1, 0, 25, 41, 1
4323, 9, 0, 25, 42, 1
4323, 9, 3, 25, 46, 1
4323, 1, 3, 25, 47, 1
4323, 0, 1, 25, 48, 1
4323, 0, 3, 26, 16, 1
4323, 1, 1, 26, 32, 1
4323, 0, 2, 26, 33, 1
4323, 1, 2, 26, 34, 1
4323, 1, 0, 26, 42, 1
4323, 9, 0, 26, 43, 1
4323, 9, 3, 26, 45, 1
4323, 1, 3, 26, 46, 1
4323, 0, 1, 26, 48, 1
4323, 0, 3, 27, 16, 1
4323, 1, 1, 27, 31, 1
4323, 9, 1, 27, 32, 1
4323, 9, 2, 27, 34, 1
4323, 1, 2, 27, 35, 1
4323, 1, 0, 27, 43, 1
4323, 0, 0, 27, 44, 1
4323, 1, 3, 27, 45, 1
4323, 1, 0, 27, 48, 1
4323, 9, 0, 27, 49, 1
4323, 0, 3, 28, 16, 1
4323, 0, 1, 28, 31, 1
4323, 9, 2, 28, 35, 1
4323, 1, 2, 28, 36, 1
4323, 0, 1, 28, 49, 1
4323, 9, 2, 29, 16, 1
4323, 1, 2, 29, 17, 1
4323, 1, 1, 29, 30, 1
4323, 9, 1, 29, 31, 1
4323, 9, 2, 29, 36, 1
4323, 1, 2, 29, 37, 1
4323, 0, 1, 29, 49, 1
4323, 0, 3, 30, 17, 1
4323, 0, 1, 30, 30, 1
4323, 9, 3, 30, 36, 1
4323, 1, 3, 30, 37, 1
4323, 0, 1, 30, 49, 1
4323, 9, 2, 31, 17, 1
4323, 1, 2, 31, 18, 1
4323, 0, 1, 31, 30, 1
4323, 9, 2, 31, 36, 1
4323, 1, 2, 31, 37, 1
4323, 1, 0, 31, 49, 1
4323, 9, 0, 31, 50, 1
4323, 0, 3, 32, 18, 1
4323, 1, 1, 32, 29, 1
4323, 9, 1, 32, 30, 1
4323, 9, 3, 32, 36, 1
4323, 1, 3, 32, 37, 1
4323, 0, 1, 32, 50, 1
4323, 0, 3, 33, 18, 1
4323, 0, 1, 33, 29, 1
4323, 9, 3, 33, 35, 1
4323, 1, 3, 33, 36, 1
4323, 0, 1, 33, 50, 1
4323, 9, 3, 34, 17, 1
4323, 1, 3, 34, 18, 1
4323, 1, 0, 34, 29, 1
4323, 9, 0, 34, 30, 1
4323, 9, 3, 34, 34, 1
4323, 1, 3, 34, 35, 1
4323, 1, 1, 34, 49, 1
4323, 9, 1, 34, 50, 1
4323, 0, 3, 35, 17, 1
4323, 1, 0, 35, 30, 1
4323, 0, 0, 35, 31, 1
4323, 0, 0, 35, 32, 1
4323, 0, 0, 35, 33, 1
4323, 1, 3, 35, 34, 1
4323, 0, 1, 35, 49, 1
4323, 9, 2, 36, 17, 1
4323, 1, 2, 36, 18, 1
4323, 0, 1, 36, 49, 1
4323, 0, 3, 37, 18, 1
4323, 1, 0, 37, 49, 1
4323, 9, 0, 37, 50, 1
4323, 0, 3, 38, 18, 1
4323, 1, 1, 38, 22, 1
4323, 0, 2, 38, 23, 1
4323, 0, 2, 38, 24, 1
4323, 1, 2, 38, 25, 1
4323, 0, 1, 38, 50, 1
4323, 9, 2, 39, 18, 1
4323, 1, 2, 39, 19, 1
4323, 1, 1, 39, 21, 1
4323, 9, 1, 39, 22, 1
4323, 9, 2, 39, 25, 1
4323, 1, 2, 39, 26, 1
4323, 0, 1, 39, 50, 1
4323, 9, 3, 40, 18, 1
4323, 1, 3, 40, 19, 1
4323, 0, 1, 40, 21, 1
4323, 9, 2, 40, 26, 1
4323, 1, 2, 40, 27, 1
4323, 1, 1, 40, 49, 1
4323, 9, 1, 40, 50, 1
4323, 0, 3, 41, 18, 1
4323, 1, 0, 41, 21, 1
4323, 9, 0, 41, 22, 1
4323, 9, 2, 41, 27, 1
4323, 1, 2, 41, 28, 1
4323, 0, 1, 41, 49, 1
4323, 0, 3, 42, 18, 1
4323, 1, 1, 42, 21, 1
4323, 9, 1, 42, 22, 1
4323, 9, 3, 42, 27, 1
4323, 1, 3, 42, 28, 1
4323, 0, 1, 42, 49, 1
4323, 9, 3, 43, 17, 1
4323, 1, 3, 43, 18, 1
4323, 1, 0, 43, 21, 1
4323, 9, 0, 43, 22, 1
4323, 9, 3, 43, 26, 1
4323, 1, 3, 43, 27, 1
4323, 1, 0, 43, 49, 1
4323, 9, 0, 43, 50, 1
4323, 0, 3, 44, 17, 1
4323, 1, 0, 44, 22, 1
4323, 0, 0, 44, 23, 1
4323, 0, 0, 44, 24, 1
4323, 0, 0, 44, 25, 1
4323, 1, 3, 44, 26, 1
4323, 1, 1, 44, 46, 1
4323, 1, 2, 44, 47, 1
4323, 0, 1, 44, 50, 1
4323, 9, 2, 45, 17, 1
4323, 0, 2, 45, 18, 1
4323, 0, 2, 45, 19, 1
4323, 1, 2, 45, 20, 1
4323, 1, 1, 45, 38, 1
4323, 0, 2, 45, 39, 1
4323, 1, 2, 45, 40, 1
4323, 1, 1, 45, 45, 1
4323, 9, 1, 45, 46, 1
4323, 0, 3, 45, 47, 1
4323, 1, 0, 45, 50, 1
4323, 9, 0, 45, 51, 1
4323, 9, 2, 46, 20, 1
4323, 0, 2, 46, 21, 1
4323, 0, 2, 46, 22, 1
4323, 0, 2, 46, 23, 1
4323, 1, 2, 46, 24, 1
4323, 1, 1, 46, 28, 1
4323, 0, 2, 46, 29, 1
4323, 0, 2, 46, 30, 1
4323, 1, 2, 46, 31, 1
4323, 1, 1, 46, 34, 1
4323, 0, 2, 46, 35, 1
4323, 0, 2, 46, 36, 1
4323, 0, 2, 46, 37, 1
4323, 9, 1, 46, 38, 1
4323, 9, 2, 46, 40, 1
4323, 1, 2, 46, 41, 1
4323, 1, 1, 46, 44, 1
4323, 9, 1, 46, 45, 1
4323, 9, 2, 46, 47, 1
4323, 1, 2, 46, 48, 1
4323, 0, 1, 46, 51, 1
4323, 9, 2, 47, 24, 1
4323, 0, 2, 47, 25, 1
4323, 0, 2, 47, 26, 1
4323, 0, 2, 47, 27, 1
4323, 9, 1, 47, 28, 1
4323, 9, 2, 47, 31, 1
4323, 0, 2, 47, 32, 1
4323, 0, 2, 47, 33, 1
4323, 9, 1, 47, 34, 1
4323, 9, 2, 47, 41, 1
4323, 0, 2, 47, 42, 1
4323, 0, 2, 47, 43, 1
4323, 9, 1, 47, 44, 1
4323, 0, 3, 47, 48, 1
4323, 1, 0, 47, 51, 1
4323, 9, 0, 47, 52, 1
4323, 9, 2, 48, 48, 1
4323, 1, 2, 48, 49, 1
4323, 0, 1, 48, 52, 1
4323, 9, 2, 49, 49, 1
4323, 0, 2, 49, 50, 1
4323, 0, 2, 49, 51, 1
4323, 9, 1, 49, 52, 1
4324, 10, 2, 17, 48, 1
4324, 10, 2, 18, 33, 1
4324, 10, 2, 18, 48, 1
4324, 10, 2, 19, 25, 1
4324, 10, 2, 19, 26, 1
4324, 10, 2, 19, 27, 1
4324, 10, 2, 19, 28, 1
4324, 10, 2, 19, 31, 1
4324, 10, 2, 19, 32, 1
4324, 10, 2, 19, 33, 1
4324, 10, 2, 19, 34, 1
4324, 10, 2, 19, 35, 1
4324, 10, 2, 19, 36, 1
4324, 10, 2, 19, 37, 1
4324, 10, 2, 19, 38, 1
4324, 10, 2, 19, 49, 1
4324, 10, 2, 20, 24, 1
4324, 10, 2, 20, 25, 1
4324, 10, 2, 20, 28, 1
4324, 10, 2, 20, 29, 1
4324, 10, 2, 20, 30, 1
4324, 10, 2, 20, 31, 1
4324, 10, 2, 20, 32, 1
4324, 10, 2, 20, 36, 1
4324, 10, 2, 20, 37, 1
4324, 10, 2, 20, 38, 1
4324, 10, 2, 20, 39, 1
4324, 10, 2, 20, 40, 1
4324, 10, 2, 20, 49, 1
4324, 10, 2, 21, 24, 1
4324, 10, 2, 21, 25, 1
4324, 10, 0, 21, 34, 1
4324, 10, 0, 21, 36, 1
4324, 10, 2, 21, 40, 1
4324, 10, 2, 22, 23, 1
4324, 10, 2, 22, 24, 1
4324, 10, 0, 22, 27, 1
4324, 10, 0, 22, 28, 1
4324, 10, 2, 22, 40, 1
4324, 10, 2, 23, 22, 1
4324, 10, 2, 23, 23, 1
4324, 10, 0, 23, 26, 1
4324, 10, 0, 23, 27, 1
4324, 10, 0, 23, 28, 1
4324, 10, 0, 23, 29, 1
4324, 10, 0, 23, 34, 1
4324, 10, 0, 23, 36, 1
4324, 10, 2, 23, 40, 1
4324, 10, 2, 24, 21, 1
4324, 10, 2, 24, 22, 1
4324, 10, 0, 24, 27, 1
4324, 10, 0, 24, 28, 1
4324, 10, 2, 24, 40, 1
4324, 10, 2, 25, 18, 1
4324, 10, 2, 25, 19, 1
4324, 10, 2, 25, 20, 1
4324, 10, 2, 25, 21, 1
4324, 10, 2, 25, 31, 1
4324, 10, 2, 25, 32, 1
4324, 10, 2, 25, 33, 1
4324, 10, 2, 25, 34, 1
4324, 10, 2, 25, 35, 1
4324, 10, 2, 25, 36, 1
4324, 10, 2, 25, 40, 1
4324, 10, 2, 26, 17, 1
4324, 10, 2, 26, 18, 1
4324, 10, 2, 26, 19, 1
4324, 10, 2, 26, 20, 1
4324, 10, 2, 26, 30, 1
4324, 10, 2, 26, 31, 1
4324, 10, 2, 26, 35, 1
4324, 10, 2, 26, 36, 1
4324, 10, 2, 26, 37, 1
4324, 10, 2, 26, 40, 1
4324, 10, 2, 26, 41, 1
4324, 10, 2, 26, 47, 1
4324, 10, 2, 27, 17, 1
4324, 10, 2, 27, 18, 1
4324, 10, 2, 27, 29, 1
4324, 10, 2, 27, 30, 1
4324, 10, 2, 27, 36, 1
4324, 10, 2, 27, 37, 1
4324, 10, 2, 27, 38, 1
4324, 10, 2, 27, 41, 1
4324, 10, 2, 27, 42, 1
4324, 10, 2, 27, 46, 1
4324, 10, 2, 27, 47, 1
4324, 10, 2, 28, 17, 1
4324, 10, 2, 28, 18, 1
4324, 10, 2, 28, 29, 1
4324, 10, 2, 28, 30, 1
4324, 10, 2, 28, 37, 1
4324, 10, 2, 28, 38, 1
4324, 10, 2, 28, 42, 1
4324, 10, 2, 28, 43, 1
4324, 10, 2, 28, 44, 1
4324, 10, 2, 28, 45, 1
4324, 10, 2, 28, 46, 1
4324, 10, 2, 28, 47, 1
4324, 10, 2, 28, 48, 1
4324, 10, 2, 29, 18, 1
4324, 10, 2, 29, 19, 1
4324, 10, 0, 29, 22, 1
4324, 10, 2, 29, 28, 1
4324, 10, 2, 29, 29, 1
4324, 10, 2, 29, 38, 1
4324, 10, 2, 29, 48, 1
4324, 10, 2, 30, 18, 1
4324, 10, 2, 30, 19, 1
4324, 10, 0, 30, 25, 1
4324, 10, 2, 30, 28, 1
4324, 10, 2, 30, 29, 1
4324, 10, 2, 30, 38, 1
4324, 10, 2, 30, 48, 1
4324, 10, 2, 31, 19, 1
4324, 10, 0, 31, 22, 1
4324, 10, 2, 31, 28, 1
4324, 10, 2, 31, 29, 1
4324, 10, 2, 31, 38, 1
4324, 10, 0, 31, 42, 1
4324, 10, 0, 31, 44, 1
4324, 10, 2, 31, 48, 1
4324, 10, 2, 32, 19, 1
4324, 10, 0, 32, 25, 1
4324, 10, 2, 32, 28, 1
4324, 10, 2, 32, 38, 1
4324, 10, 0, 32, 40, 1
4324, 10, 0, 32, 46, 1
4324, 10, 2, 32, 48, 1
4324, 10, 2, 32, 49, 1
4324, 10, 2, 33, 19, 1
4324, 10, 0, 33, 22, 1
4324, 10, 2, 33, 28, 1
4324, 10, 2, 33, 37, 1
4324, 10, 2, 33, 38, 1
4324, 10, 2, 33, 48, 1
4324, 10, 2, 33, 49, 1
4324, 10, 2, 34, 19, 1
4324, 10, 2, 34, 28, 1
4324, 10, 2, 34, 36, 1
4324, 10, 2, 34, 37, 1
4324, 10, 2, 34, 48, 1
4324, 10, 2, 35, 18, 1
4324, 10, 2, 35, 19, 1
4324, 10, 2, 35, 28, 1
4324, 10, 0, 35, 29, 1
4324, 10, 2, 35, 35, 1
4324, 10, 2, 35, 36, 1
4324, 10, 0, 35, 42, 1
4324, 10, 0, 35, 44, 1
4324, 10, 2, 35, 48, 1
4324, 10, 2, 36, 19, 1
4324, 10, 2, 36, 29, 1
4324, 10, 2, 36, 30, 1
4324, 10, 2, 36, 31, 1
4324, 10, 2, 36, 32, 1
4324, 10, 2, 36, 33, 1
4324, 10, 2, 36, 34, 1
4324, 10, 2, 36, 35, 1
4324, 10, 0, 36, 42, 1
4324, 10, 0, 36, 44, 1
4324, 10, 2, 36, 48, 1
4324, 10, 2, 37, 19, 1
4324, 10, 2, 37, 20, 1
4324, 10, 2, 37, 21, 1
4324, 10, 2, 37, 22, 1
4324, 10, 2, 37, 23, 1
4324, 10, 2, 37, 24, 1
4324, 10, 2, 37, 25, 1
4324, 10, 2, 37, 26, 1
4324, 10, 2, 37, 48, 1
4324, 10, 2, 38, 19, 1
4324, 10, 2, 38, 20, 1
4324, 10, 2, 38, 21, 1
4324, 10, 2, 38, 26, 1
4324, 10, 2, 38, 27, 1
4324, 10, 0, 38, 31, 1
4324, 10, 0, 38, 32, 1
4324, 10, 0, 38, 33, 1
4324, 10, 0, 38, 35, 1
4324, 10, 0, 38, 36, 1
4324, 10, 2, 38, 48, 1
4324, 10, 2, 38, 49, 1
4324, 10, 2, 39, 20, 1
4324, 10, 2, 39, 27, 1
4324, 10, 2, 39, 28, 1
4324, 10, 0, 39, 31, 1
4324, 10, 0, 39, 32, 1
4324, 10, 0, 39, 33, 1
4324, 10, 0, 39, 35, 1
4324, 10, 0, 39, 36, 1
4324, 10, 0, 39, 40, 1
4324, 10, 0, 39, 46, 1
4324, 10, 2, 39, 48, 1
4324, 10, 2, 39, 49, 1
4324, 10, 2, 40, 20, 1
4324, 10, 2, 40, 28, 1
4324, 10, 2, 40, 29, 1
4324, 10, 0, 40, 31, 1
4324, 10, 0, 40, 32, 1
4324, 10, 0, 40, 34, 1
4324, 10, 0, 40, 35, 1
4324, 10, 0, 40, 36, 1
4324, 10, 0, 40, 42, 1
4324, 10, 0, 40, 44, 1
4324, 10, 2, 40, 48, 1
4324, 10, 2, 41, 19, 1
4324, 10, 2, 41, 20, 1
4324, 10, 2, 41, 29, 1
4324, 10, 0, 41, 31, 1
4324, 10, 0, 41, 32, 1
4324, 10, 0, 41, 33, 1
4324, 10, 0, 41, 35, 1
4324, 10, 0, 41, 36, 1
4324, 10, 2, 41, 48, 1
4324, 10, 2, 42, 19, 1
4324, 10, 2, 42, 20, 1
4324, 10, 2, 42, 29, 1
4324, 10, 0, 42, 31, 1
4324, 10, 0, 42, 32, 1
4324, 10, 0, 42, 33, 1
4324, 10, 0, 42, 35, 1
4324, 10, 0, 42, 36, 1
4324, 10, 2, 42, 48, 1
4324, 10, 2, 43, 19, 1
4324, 10, 2, 43, 20, 1
4324, 10, 2, 43, 28, 1
4324, 10, 2, 43, 29, 1
4324, 10, 2, 43, 45, 1
4324, 10, 2, 43, 46, 1
4324, 10, 2, 43, 47, 1
4324, 10, 2, 43, 48, 1
4324, 10, 2, 44, 18, 1
4324, 10, 2, 44, 19, 1
4324, 10, 2, 44, 20, 1
4324, 10, 2, 44, 21, 1
4324, 10, 2, 44, 27, 1
4324, 10, 2, 44, 28, 1
4324, 10, 2, 44, 37, 1
4324, 10, 2, 44, 38, 1
4324, 10, 2, 44, 39, 1
4324, 10, 2, 44, 40, 1
4324, 10, 2, 44, 41, 1
4324, 10, 2, 44, 44, 1
4324, 10, 2, 44, 45, 1
4324, 10, 2, 44, 48, 1
4324, 10, 2, 44, 49, 1
4324, 10, 2, 45, 21, 1
4324, 10, 2, 45, 22, 1
4324, 10, 2, 45, 23, 1
4324, 10, 2, 45, 24, 1
4324, 10, 2, 45, 25, 1
4324, 10, 2, 45, 26, 1
4324, 10, 2, 45, 27, 1
4324, 10, 2, 45, 28, 1
4324, 10, 2, 45, 29, 1
4324, 10, 2, 45, 30, 1
4324, 10, 2, 45, 31, 1
4324, 10, 2, 45, 32, 1
4324, 10, 2, 45, 33, 1
4324, 10, 2, 45, 34, 1
4324, 10, 2, 45, 35, 1
4324, 10, 2, 45, 36, 1
4324, 10, 2, 45, 37, 1
4324, 10, 2, 45, 41, 1
4324, 10, 2, 45, 42, 1
4324, 10, 2, 45, 43, 1
4324, 10, 2, 45, 44, 1
4324, 10, 2, 45, 48, 1
4324, 10, 2, 45, 49, 1
4324, 10, 1, 46, 25, 1
4324, 10, 2, 46, 26, 1
4324, 10, 2, 46, 27, 1
4324, 10, 2, 46, 32, 1
4324, 10, 2, 46, 33, 1
4324, 10, 2, 46, 42, 1
4324, 10, 2, 46, 43, 1
4324, 10, 2, 46, 49, 1
4324, 10, 2, 46, 50, 1
4324, 10, 2, 47, 49, 1
4324, 10, 2, 47, 50, 1
4324, 10, 2, 48, 50, 1
4324, 10, 0, 48, 51, 1
4352, 22, 3, 19, 15, 0
4353, 10, 3, 13, 34, 0
4353, 10, 3, 14, 50, 0
4353, 10, 2, 15, 30, 0
4353, 10, 3, 16, 20, 0
4353, 10, 2, 16, 40, 0
4353, 10, 3, 18, 14, 0
4353, 10, 0, 18, 54, 0
4353, 10, 2, 20, 46, 0
4353, 10, 1, 24, 43, 0
4353, 10, 1, 26, 53, 0
4353, 10, 2, 28, 54, 0
4353, 10, 3, 30, 34, 0
4353, 10, 0, 33, 10, 0
4353, 10, 0, 33, 33, 0
4353, 10, 3, 34, 54, 0
4353, 10, 0, 36, 14, 0
4353, 10, 0, 36, 55, 0
4353, 10, 1, 41, 25, 0
4353, 10, 2, 42, 23, 0
4353, 10, 1, 42, 55, 0
4353, 10, 1, 44, 13, 0
4353, 10, 2, 47, 56, 0
4353, 10, 2, 48, 15, 0
4353, 10, 2, 48, 46, 0
4353, 10, 0, 49, 21, 0
4353, 10, 1, 49, 25, 0
4353, 10, 0, 50, 25, 0
4353, 10, 3, 51, 31, 0
4353, 10, 2, 54, 57, 0
4353, 10, 2, 56, 53, 0
4353, 10, 1, 12, 42, 1
4353, 10, 2, 16, 34, 1
4353, 10, 1, 17, 30, 1
4353, 10, 1, 23, 17, 1
4353, 10, 2, 32, 51, 1
4353, 10, 1, 38, 10, 1
4353, 10, 2, 44, 51, 1
4353, 10, 1, 46, 39, 1
4353, 10, 1, 47, 30, 1
4353, 10, 1, 48, 23, 1
4353, 10, 2, 49, 57, 1
4353, 10, 0, 50, 52, 1
4353, 10, 2, 53, 50, 1
4353, 10, 0, 54, 54, 1
4353, 10, 3, 14, 55, 2
4353, 10, 3, 17, 48, 2
4353, 10, 1, 19, 42, 2
4353, 10, 0, 20, 49, 2
4353, 10, 3, 24, 57, 2
4353, 10, 1, 27, 46, 2
4353, 10, 1, 42, 21, 2
4353, 10, 1, 44, 18, 2
4354, 10, 0, 37, 14, 0
4354, 10, 3, 13, 30, 1
4354, 10, 2, 13, 45, 1
4354, 10, 0, 15, 32, 1
4354, 10, 0, 16, 23, 1
4354, 10, 1, 16, 40, 1
4354, 10, 2, 16, 53, 1
4354, 10, 3, 18, 17, 1
4354, 10, 2, 21, 14, 1
4354, 10, 3, 21, 45, 1
4354, 10, 0, 24, 44, 1
4354, 10, 1, 27, 53, 1
4354, 10, 0, 29, 13, 1
4354, 10, 2, 31, 33, 1
4354, 10, 1, 35, 15, 1
4354, 10, 0, 35, 53, 1
4354, 10, 1, 40, 23, 1
4354, 10, 0, 42, 15, 1
4354, 10, 2, 42, 25, 1
4354, 10, 2, 42, 52, 1
4354, 10, 3, 48, 54, 1
4354, 10, 0, 49, 46, 1
4354, 10, 3, 50, 21, 1
4354, 10, 2, 50, 35, 1
4354, 10, 1, 50, 49, 1
4354, 10, 1, 51, 29, 1
4355, 10, 2, 13, 44, 0
4355, 10, 0, 14, 25, 0
4355, 10, 0, 15, 38, 0
4355, 10, 1, 16, 22, 0
4355, 10, 2, 16, 53, 0
4355, 10, 3, 17, 15, 0
4355, 10, 2, 17, 17, 0
4355, 10, 1, 18, 52, 0
4355, 10, 0, 19, 14, 0
4355, 10, 1, 20, 12, 0
4355, 10, 2, 20, 16, 0
4355, 10, 3, 21, 46, 0
4355, 10, 1, 22, 43, 0
4355, 10, 0, 22, 54, 0
4355, 10, 2, 24, 45, 0
4355, 10, 3, 25, 52, 0
4355, 10, 1, 30, 54, 0
4355, 10, 0, 32, 55, 0
4355, 10, 0, 33, 31, 0
4355, 10, 3, 37, 54, 0
4355, 10, 0, 38, 14, 0
4355, 10, 1, 40, 23, 0
4355, 10, 2, 40, 53, 0
4355, 10, 1, 44, 55, 0
4355, 10, 0, 45, 53, 0
4355, 10, 0, 48, 35, 0
4355, 10, 1, 50, 47, 0
4355, 10, 2, 50, 50, 0
4355, 10, 2, 51, 29, 0
4355, 10, 3, 51, 32, 0
4355, 10, 2, 53, 57, 0
4355, 10, 3, 55, 52, 0
4355, 10, 1, 12, 29, 1
4355, 10, 1, 14, 21, 1
4355, 10, 1, 15, 16, 1
4355, 10, 2, 16, 33, 1
4355, 10, 2, 16, 45, 1
4355, 10, 2, 17, 42, 1
4355, 10, 1, 19, 22, 1
4355, 10, 1, 22, 20, 1
4355, 10, 2, 22, 50, 1
4355, 10, 1, 26, 10, 1
4355, 10, 1, 28, 15, 1
4355, 10, 2, 29, 50, 1
4355, 10, 1, 32, 16, 1
4355, 10, 2, 32, 52, 1
4355, 10, 2, 36, 50, 1
4355, 10, 1, 40, 12, 1
4355, 10, 1, 42, 17, 1
4355, 10, 1, 44, 16, 1
4355, 10, 2, 45, 52, 1
4355, 10, 1, 46, 18, 1
4355, 10, 2, 46, 46, 1
4355, 10, 1, 47, 21, 1
4355, 10, 1, 47, 23, 1
4355, 10, 1, 47, 40, 1
4355, 10, 1, 48, 14, 1
4355, 10, 1, 48, 27, 1
4355, 10, 2, 50, 57, 1
4355, 10, 1, 51, 17, 1
4355, 10, 0, 51, 53, 1
4355, 10, 1, 52, 24, 1
4355, 10, 0, 54, 55, 1
4355, 10, 1, 17, 47, 2
4355, 10, 1, 19, 41, 2
4355, 10, 0, 19, 49, 2
4355, 10, 1, 20, 42, 2
4355, 10, 1, 24, 41, 2
4355, 10, 1, 26, 47, 2
4355, 10, 1, 32, 29, 2
4355, 10, 1, 35, 29, 2
4355, 10, 1, 41, 21, 2
4355, 10, 1, 46, 25, 2
4356, 10, 2, 13, 48, 0
4356, 10, 3, 20, 53, 0
4356, 10, 0, 28, 12, 0
4356, 10, 0, 47, 54, 0
4356, 10, 1, 49, 30, 0
4357, 10, 2, 13, 46, 0
4357, 10, 3, 14, 39, 0
4357, 10, 0, 30, 12, 0
4357, 10, 1, 41, 52, 0
4357, 10, 0, 48, 36, 0
4358, 10, 1, 14, 42, 0
4358, 10, 2, 21, 11, 0
4358, 10, 0, 32, 12, 0
4358, 10, 2, 49, 32, 0
4358, 10, 2, 49, 45, 0
4359, 10, 2, 15, 51, 0
4359, 10, 3, 23, 11, 0
4359, 10, 0, 34, 12, 0
4359, 10, 2, 49, 43, 0
4360, 22, 2, 12, 45, 0
4360, 22, 1, 14, 30, 0
4360, 22, 2, 14, 38, 0
4360, 22, 3, 14, 45, 0
4360, 22, 0, 17, 20, 0
4360, 22, 0, 17, 54, 0
4360, 22, 1, 21, 44, 0
4360, 22, 1, 23, 52, 0
4360, 22, 0, 24, 44, 0
4360, 22, 2, 27, 13, 0
4360, 22, 2, 28, 53, 0
4360, 22, 1, 30, 14, 0
4360, 22, 0, 31, 34, 0
4360, 22, 1, 33, 32, 0
4360, 22, 3, 34, 11, 0
4360, 22, 3, 35, 53, 0
4360, 22, 0, 37, 12, 0
4360, 22, 1, 39, 53, 0
4360, 22, 3, 40, 24, 0
4360, 22, 0, 40, 55, 0
4360, 22, 1, 41, 15, 0
4360, 22, 0, 42, 13, 0
4360, 22, 2, 42, 25, 0
4360, 22, 2, 44, 53, 0
4360, 22, 3, 46, 55, 0
4360, 22, 1, 49, 16, 0
4360, 22, 3, 49, 42, 0
4360, 22, 0, 49, 55, 0
4360, 22, 0, 50, 24, 0
4360, 22, 2, 50, 29, 0
4360, 22, 3, 50, 36, 0
4360, 22, 2, 51, 50, 0
4360, 22, 1, 55, 57, 0
4360, 22, 2, 56, 56, 0
4360, 22, 0, 17, 31, 1
4360, 22, 1, 17, 38, 1
4360, 22, 3, 19, 21, 1
4360, 22, 1, 20, 51, 1
4360, 22, 2, 23, 18, 1
4360, 22, 3, 25, 49, 1
4360, 22, 0, 25, 55, 1
4360, 22, 2, 28, 50, 1
4360, 22, 0, 33, 17, 1
4360, 22, 1, 37, 17, 1
4360, 22, 2, 40, 57, 1
4360, 22, 2, 47, 39, 1
4360, 22, 2, 51, 54, 1
4360, 22, 3, 52, 45, 1
4360, 22, 0, 53, 30, 1
4360, 22, 1, 57, 59, 1
4361, 22, 1, 14, 28, 0
4361, 22, 0, 14, 33, 0
4361, 22, 2, 15, 23, 0
4361, 22, 1, 17, 18, 0
4361, 22, 3, 19, 54, 0
4361, 22, 0, 22, 15, 0
4361, 22, 0, 23, 54, 0
4361, 22, 1, 25, 44, 0
4361, 22, 3, 27, 12, 0
4361, 22, 2, 35, 15, 0
4361, 22, 3, 39, 15, 0
4361, 22, 2, 46, 14, 0
4361, 22, 1, 49, 20, 0
4361, 22, 3, 49, 34, 0
4361, 22, 2, 49, 38, 0
4361, 22, 0, 50, 23, 0
4361, 22, 2, 17, 28, 1
4361, 22, 3, 20, 22, 1
4361, 22, 1, 22, 51, 1
4361, 22, 2, 23, 19, 1
4361, 22, 0, 25, 10, 1
4361, 22, 0, 32, 17, 1
4361, 22, 1, 41, 17, 1
4361, 22, 1, 42, 58, 1
4361, 22, 2, 46, 19, 1
4361, 22, 3, 48, 24, 1
4361, 22, 0, 52, 23, 1
4361, 22, 2, 52, 35, 1
4361, 22, 1, 52, 55, 1
4361, 22, 2, 53, 32, 1
4362, 4, 0, 13, 40, 0
4362, 4, 0, 13, 47, 0
4362, 4, 0, 14, 27, 0
4362, 4, 0, 14, 31, 0
4362, 4, 2, 14, 34, 0
4362, 4, 0, 14, 36, 0
4362, 4, 2, 14, 45, 0
4362, 4, 2, 14, 49, 0
4362, 4, 2, 15, 26, 0
4362, 4, 0, 15, 52, 0
4362, 4, 0, 16, 21, 0
4362, 4, 2, 16, 39, 0
4362, 4, 3, 16, 51, 0
4362, 4, 1, 17, 54, 0
4362, 4, 3, 18, 14, 0
4362, 4, 1, 20, 16, 0
4362, 4, 0, 20, 45, 0
4362, 4, 1, 20, 54, 0
4362, 4, 3, 21, 53, 0
4362, 4, 3, 23, 43, 0
4362, 4, 1, 23, 45, 0
4362, 4, 3, 24, 11, 0
4362, 4, 1, 24, 14, 0
4362, 4, 2, 25, 44, 0
4362, 4, 1, 25, 53, 0
4362, 4, 3, 28, 12, 0
4362, 4, 3, 28, 53, 0
4362, 4, 1, 30, 34, 0
4362, 4, 3, 31, 32, 0
4362, 4, 1, 32, 14, 0
4362, 4, 3, 32, 54, 0
4362, 4, 3, 33, 31, 0
4362, 4, 2, 33, 33, 0
4362, 4, 1, 33, 55, 0
4362, 4, 3, 35, 52, 0
4362, 4, 3, 36, 12, 0
4362, 4, 1, 36, 15, 0
4362, 4, 3, 37, 53, 0
4362, 4, 3, 40, 23, 0
4362, 4, 1, 40, 55, 0
4362, 4, 3, 42, 13, 0
4362, 4, 2, 42, 23, 0
4362, 4, 1, 44, 14, 0
4362, 4, 3, 45, 53, 0
4362, 4, 1, 46, 56, 0
4362, 4, 3, 48, 15, 0
4362, 4, 0, 48, 38, 0
4362, 4, 0, 48, 46, 0
4362, 4, 3, 48, 54, 0
4362, 4, 0, 49, 19, 0
4362, 4, 0, 49, 32, 0
4362, 4, 2, 49, 40, 0
4362, 4, 0, 49, 42, 0
4362, 4, 2, 50, 20, 0
4362, 4, 2, 50, 25, 0
4362, 4, 2, 50, 35, 0
4362, 4, 0, 50, 49, 0
4362, 4, 2, 51, 31, 0
4362, 4, 2, 51, 48, 0
4362, 4, 1, 53, 52, 0
4362, 4, 3, 54, 57, 0
4362, 4, 0, 56, 54, 0
4362, 4, 2, 56, 56, 0
4362, 4, 0, 12, 35, 1
4362, 4, 0, 12, 40, 1
4362, 4, 0, 12, 48, 1
4362, 4, 0, 13, 24, 1
4362, 4, 0, 13, 27, 1
4362, 4, 0, 15, 16, 1
4362, 4, 3, 17, 13, 1
4362, 4, 1, 19, 56, 1
4362, 4, 3, 25, 10, 1
4362, 4, 1, 25, 55, 1
4362, 4, 1, 29, 56, 1
4362, 4, 3, 30, 10, 1
4362, 4, 1, 31, 56, 1
4362, 4, 3, 35, 10, 1
4362, 4, 1, 35, 56, 1
4362, 4, 3, 38, 10, 1
4362, 4, 3, 42, 12, 1
4362, 4, 1, 42, 58, 1
4362, 4, 1, 44, 57, 1
4362, 4, 3, 46, 13, 1
4362, 4, 2, 50, 39, 1
4362, 4, 2, 51, 18, 1
4362, 4, 1, 51, 57, 1
4362, 4, 2, 52, 23, 1
4362, 4, 2, 52, 35, 1
4362, 4, 2, 52, 45, 1
4362, 4, 2, 52, 47, 1
4362, 4, 3, 55, 51, 1
4362, 4, 2, 57, 54, 1
4362, 4, 1, 57, 59, 1
4362, 4, 2, 58, 57, 1
