11345, 10, 0, 10, 19, 0
11345, 10, 0, 10, 20, 0
11345, 10, 0, 11, 19, 0
11345, 10, 0, 11, 20, 0
11345, 10, 0, 11, 21, 0
11345, 10, 0, 11, 26, 0
11345, 10, 0, 11, 27, 0
11345, 10, 0, 11, 28, 0
11345, 10, 0, 12, 21, 0
11345, 10, 0, 12, 22, 0
11345, 10, 0, 12, 25, 0
11345, 10, 0, 12, 26, 0
11345, 10, 0, 12, 27, 0
11345, 10, 0, 12, 28, 0
11345, 10, 0, 12, 41, 0
11345, 10, 0, 13, 15, 0
11345, 10, 0, 13, 21, 0
11345, 10, 0, 13, 22, 0
11345, 10, 0, 13, 23, 0
11345, 10, 0, 13, 24, 0
11345, 10, 0, 13, 25, 0
11345, 10, 0, 13, 26, 0
11345, 10, 0, 13, 27, 0
11345, 10, 0, 13, 38, 0
11345, 10, 0, 13, 39, 0
11345, 10, 0, 13, 40, 0
11345, 10, 0, 13, 41, 0
11345, 10, 0, 13, 42, 0
11345, 10, 0, 14, 8, 0
11345, 10, 0, 14, 12, 0
11345, 10, 0, 14, 13, 0
11345, 10, 0, 14, 14, 0
11345, 10, 0, 14, 15, 0
11345, 10, 0, 14, 20, 0
11345, 10, 0, 14, 21, 0
11345, 10, 0, 14, 22, 0
11345, 10, 0, 14, 23, 0
11345, 10, 0, 14, 24, 0
11345, 10, 0, 14, 25, 0
11345, 10, 0, 14, 26, 0
11345, 10, 0, 14, 32, 0
11345, 10, 0, 14, 33, 0
11345, 10, 0, 14, 38, 0
11345, 10, 0, 14, 39, 0
11345, 10, 0, 14, 40, 0
11345, 10, 0, 14, 41, 0
11345, 10, 0, 14, 42, 0
11345, 10, 0, 14, 43, 0
11345, 10, 0, 15, 8, 0
11345, 10, 0, 15, 9, 0
11345, 10, 0, 15, 10, 0
11345, 10, 0, 15, 11, 0
11345, 10, 0, 15, 12, 0
11345, 10, 0, 15, 13, 0
11345, 10, 0, 15, 14, 0
11345, 10, 0, 15, 15, 0
11345, 10, 0, 15, 16, 0
11345, 10, 0, 15, 20, 0
11345, 10, 0, 15, 21, 0
11345, 10, 0, 15, 22, 0
11345, 10, 0, 15, 25, 0
11345, 10, 0, 15, 26, 0
11345, 10, 0, 15, 30, 0
11345, 10, 0, 15, 31, 0
11345, 10, 0, 15, 32, 0
11345, 10, 0, 15, 33, 0
11345, 10, 0, 15, 34, 0
11345, 10, 0, 15, 40, 0
11345, 10, 0, 15, 41, 0
11345, 10, 0, 15, 42, 0
11345, 10, 0, 15, 43, 0
11345, 10, 0, 16, 8, 0
11345, 10, 0, 16, 9, 0
11345, 10, 0, 16, 10, 0
11345, 10, 0, 16, 11, 0
11345, 10, 0, 16, 12, 0
11345, 10, 0, 16, 13, 0
11345, 10, 0, 16, 14, 0
11345, 10, 0, 16, 15, 0
11345, 10, 0, 16, 16, 0
11345, 10, 0, 16, 17, 0
11345, 10, 0, 16, 20, 0
11345, 10, 0, 16, 21, 0
11345, 10, 0, 16, 22, 0
11345, 10, 0, 16, 25, 0
11345, 10, 0, 16, 26, 0
11345, 10, 0, 16, 27, 0
11345, 10, 0, 16, 30, 0
11345, 10, 0, 16, 31, 0
11345, 10, 0, 16, 32, 0
11345, 10, 0, 16, 33, 0
11345, 10, 0, 16, 34, 0
11345, 10, 0, 16, 40, 0
11345, 10, 0, 16, 41, 0
11345, 10, 0, 16, 42, 0
11345, 10, 0, 16, 43, 0
11345, 10, 0, 16, 44, 0
11345, 10, 0, 16, 47, 0
11345, 10, 0, 16, 48, 0
11345, 10, 0, 17, 8, 0
11345, 10, 0, 17, 9, 0
11345, 10, 0, 17, 10, 0
11345, 10, 0, 17, 11, 0
11345, 10, 0, 17, 12, 0
11345, 10, 0, 17, 13, 0
11345, 10, 0, 17, 14, 0
11345, 10, 0, 17, 15, 0
11345, 10, 0, 17, 16, 0
11345, 10, 0, 17, 17, 0
11345, 10, 0, 17, 21, 0
11345, 10, 0, 17, 27, 0
11345, 10, 0, 17, 28, 0
11345, 10, 0, 17, 31, 0
11345, 10, 0, 17, 32, 0
11345, 10, 0, 17, 33, 0
11345, 10, 0, 17, 34, 0
11345, 10, 0, 17, 35, 0
11345, 10, 0, 17, 39, 0
11345, 10, 0, 17, 40, 0
11345, 10, 0, 17, 41, 0
11345, 10, 0, 17, 42, 0
11345, 10, 0, 17, 43, 0
11345, 10, 0, 17, 44, 0
11345, 10, 0, 17, 45, 0
11345, 10, 0, 17, 46, 0
11345, 10, 0, 17, 47, 0
11345, 10, 0, 17, 48, 0
11345, 10, 0, 18, 7, 0
11345, 10, 0, 18, 8, 0
11345, 10, 0, 18, 9, 0
11345, 10, 0, 18, 10, 0
11345, 10, 0, 18, 11, 0
11345, 10, 0, 18, 12, 0
11345, 10, 0, 18, 13, 0
11345, 10, 0, 18, 14, 0
11345, 10, 0, 18, 15, 0
11345, 10, 0, 18, 16, 0
11345, 10, 0, 18, 17, 0
11345, 10, 0, 18, 28, 0
11345, 10, 0, 18, 31, 0
11345, 10, 0, 18, 32, 0
11345, 10, 0, 18, 33, 0
11345, 10, 0, 18, 34, 0
11345, 10, 0, 18, 35, 0
11345, 10, 0, 18, 39, 0
11345, 10, 0, 18, 40, 0
11345, 10, 0, 18, 41, 0
11345, 10, 0, 18, 42, 0
11345, 10, 0, 18, 43, 0
11345, 10, 0, 18, 44, 0
11345, 10, 0, 18, 45, 0
11345, 10, 0, 18, 46, 0
11345, 10, 0, 18, 47, 0
11345, 10, 0, 19, 7, 0
11345, 10, 0, 19, 8, 0
11345, 10, 0, 19, 9, 0
11345, 10, 0, 19, 10, 0
11345, 10, 0, 19, 11, 0
11345, 10, 0, 19, 14, 0
11345, 10, 0, 19, 15, 0
11345, 10, 0, 19, 16, 0
11345, 10, 0, 19, 25, 0
11345, 10, 0, 19, 31, 0
11345, 10, 0, 19, 32, 0
11345, 10, 0, 19, 36, 0
11345, 10, 0, 19, 37, 0
11345, 10, 0, 19, 38, 0
11345, 10, 0, 19, 39, 0
11345, 10, 0, 19, 40, 0
11345, 10, 0, 19, 41, 0
11345, 10, 0, 19, 42, 0
11345, 10, 0, 19, 43, 0
11345, 10, 0, 19, 44, 0
11345, 10, 0, 19, 45, 0
11345, 10, 0, 20, 8, 0
11345, 10, 0, 20, 9, 0
11345, 10, 0, 20, 10, 0
11345, 10, 0, 20, 11, 0
11345, 10, 0, 20, 24, 0
11345, 10, 0, 20, 25, 0
11345, 10, 0, 20, 26, 0
11345, 10, 0, 20, 27, 0
11345, 10, 0, 20, 31, 0
11345, 10, 0, 20, 32, 0
11345, 10, 0, 20, 37, 0
11345, 10, 0, 20, 38, 0
11345, 10, 0, 20, 39, 0
11345, 10, 0, 20, 40, 0
11345, 10, 0, 20, 41, 0
11345, 10, 0, 20, 42, 0
11345, 10, 0, 20, 43, 0
11345, 10, 0, 20, 44, 0
11345, 10, 0, 20, 45, 0
11345, 10, 0, 21, 9, 0
11345, 10, 0, 21, 10, 0
11345, 10, 0, 21, 11, 0
11345, 10, 0, 21, 20, 0
11345, 10, 0, 21, 21, 0
11345, 10, 0, 21, 24, 0
11345, 10, 0, 21, 25, 0
11345, 10, 0, 21, 26, 0
11345, 10, 0, 21, 27, 0
11345, 10, 0, 21, 31, 0
11345, 10, 0, 21, 32, 0
11345, 10, 0, 21, 37, 0
11345, 10, 0, 21, 38, 0
11345, 10, 0, 21, 41, 0
11345, 10, 0, 21, 42, 0
11345, 10, 0, 21, 43, 0
11345, 10, 0, 21, 44, 0
11345, 10, 0, 21, 45, 0
11345, 10, 0, 22, 9, 0
11345, 10, 0, 22, 10, 0
11345, 10, 0, 22, 11, 0
11345, 10, 0, 22, 12, 0
11345, 10, 0, 22, 20, 0
11345, 10, 0, 22, 21, 0
11345, 10, 0, 22, 22, 0
11345, 10, 0, 22, 23, 0
11345, 10, 0, 22, 24, 0
11345, 10, 0, 22, 25, 0
11345, 10, 0, 22, 26, 0
11345, 10, 0, 22, 32, 0
11345, 10, 0, 22, 33, 0
11345, 10, 0, 22, 38, 0
11345, 10, 0, 22, 42, 0
11345, 10, 0, 22, 43, 0
11345, 10, 0, 22, 44, 0
11345, 10, 0, 22, 45, 0
11345, 10, 0, 23, 10, 0
11345, 10, 0, 23, 11, 0
11345, 10, 0, 23, 12, 0
11345, 10, 0, 23, 20, 0
11345, 10, 0, 23, 21, 0
11345, 10, 0, 23, 22, 0
11345, 10, 0, 23, 23, 0
11345, 10, 0, 23, 24, 0
11345, 10, 0, 23, 25, 0
11345, 10, 0, 23, 43, 0
11345, 10, 0, 23, 44, 0
11345, 10, 0, 24, 10, 0
11345, 10, 0, 24, 11, 0
11345, 10, 0, 24, 12, 0
11345, 10, 0, 24, 19, 0
11345, 10, 0, 24, 20, 0
11345, 10, 0, 24, 21, 0
11345, 10, 0, 24, 22, 0
11345, 10, 0, 24, 23, 0
11345, 10, 0, 24, 24, 0
11345, 10, 0, 24, 25, 0
11345, 10, 0, 24, 35, 0
11345, 10, 0, 24, 43, 0
11345, 10, 0, 24, 44, 0
11345, 10, 0, 24, 49, 0
11345, 10, 0, 24, 50, 0
11345, 10, 0, 24, 51, 0
11345, 10, 0, 25, 10, 0
11345, 10, 0, 25, 11, 0
11345, 10, 0, 25, 12, 0
11345, 10, 0, 25, 19, 0
11345, 10, 0, 25, 20, 0
11345, 10, 0, 25, 21, 0
11345, 10, 0, 25, 22, 0
11345, 10, 0, 25, 23, 0
11345, 10, 0, 25, 24, 0
11345, 10, 0, 25, 25, 0
11345, 10, 0, 25, 28, 0
11345, 10, 0, 25, 33, 0
11345, 10, 0, 25, 34, 0
11345, 10, 0, 25, 35, 0
11345, 10, 0, 25, 45, 0
11345, 10, 0, 25, 46, 0
11345, 10, 0, 25, 47, 0
11345, 10, 0, 25, 48, 0
11345, 10, 0, 25, 49, 0
11345, 10, 0, 25, 50, 0
11345, 10, 0, 25, 51, 0
11345, 10, 0, 26, 19, 0
11345, 10, 0, 26, 20, 0
11345, 10, 0, 26, 21, 0
11345, 10, 0, 26, 25, 0
11345, 10, 0, 26, 26, 0
11345, 10, 0, 26, 27, 0
11345, 10, 0, 26, 28, 0
11345, 10, 0, 26, 29, 0
11345, 10, 0, 26, 32, 0
11345, 10, 0, 26, 33, 0
11345, 10, 0, 26, 34, 0
11345, 10, 0, 26, 35, 0
11345, 10, 0, 26, 39, 0
11345, 10, 0, 26, 45, 0
11345, 10, 0, 26, 46, 0
11345, 10, 0, 26, 47, 0
11345, 10, 0, 26, 48, 0
11345, 10, 0, 26, 49, 0
11345, 10, 0, 26, 50, 0
11345, 10, 0, 26, 51, 0
11345, 10, 0, 26, 52, 0
11345, 10, 0, 27, 16, 0
11345, 10, 0, 27, 17, 0
11345, 10, 0, 27, 18, 0
11345, 10, 0, 27, 19, 0
11345, 10, 0, 27, 20, 0
11345, 10, 0, 27, 21, 0
11345, 10, 0, 27, 25, 0
11345, 10, 0, 27, 26, 0
11345, 10, 0, 27, 27, 0
11345, 10, 0, 27, 28, 0
11345, 10, 0, 27, 29, 0
11345, 10, 0, 27, 32, 0
11345, 10, 0, 27, 33, 0
11345, 10, 0, 27, 34, 0
11345, 10, 0, 27, 35, 0
11345, 10, 0, 27, 38, 0
11345, 10, 0, 27, 39, 0
11345, 10, 0, 27, 40, 0
11345, 10, 0, 27, 45, 0
11345, 10, 0, 27, 46, 0
11345, 10, 0, 27, 47, 0
11345, 10, 0, 27, 48, 0
11345, 10, 0, 27, 49, 0
11345, 10, 0, 27, 50, 0
11345, 10, 0, 27, 51, 0
11345, 10, 0, 28, 10, 0
11345, 10, 0, 28, 11, 0
11345, 10, 0, 28, 12, 0
11345, 10, 0, 28, 16, 0
11345, 10, 0, 28, 17, 0
11345, 10, 0, 28, 18, 0
11345, 10, 0, 28, 19, 0
11345, 10, 0, 28, 20, 0
11345, 10, 0, 28, 21, 0
11345, 10, 0, 28, 25, 0
11345, 10, 0, 28, 26, 0
11345, 10, 0, 28, 27, 0
11345, 10, 0, 28, 28, 0
11345, 10, 0, 28, 29, 0
11345, 10, 0, 28, 32, 0
11345, 10, 0, 28, 33, 0
11345, 10, 0, 28, 34, 0
11345, 10, 0, 28, 35, 0
11345, 10, 0, 28, 36, 0
11345, 10, 0, 28, 37, 0
11345, 10, 0, 28, 38, 0
11345, 10, 0, 28, 39, 0
11345, 10, 0, 28, 40, 0
11345, 10, 0, 28, 41, 0
11345, 10, 0, 28, 46, 0
11345, 10, 0, 28, 47, 0
11345, 10, 0, 28, 48, 0
11345, 10, 0, 28, 49, 0
11345, 10, 0, 28, 50, 0
11345, 10, 0, 29, 9, 0
11345, 10, 0, 29, 10, 0
11345, 10, 0, 29, 11, 0
11345, 10, 0, 29, 12, 0
11345, 10, 0, 29, 17, 0
11345, 10, 0, 29, 18, 0
11345, 10, 0, 29, 19, 0
11345, 10, 0, 29, 20, 0
11345, 10, 0, 29, 24, 0
11345, 10, 0, 29, 25, 0
11345, 10, 0, 29, 26, 0
11345, 10, 0, 29, 27, 0
11345, 10, 0, 29, 28, 0
11345, 10, 0, 29, 29, 0
11345, 10, 0, 29, 32, 0
11345, 10, 0, 29, 36, 0
11345, 10, 0, 29, 37, 0
11345, 10, 0, 29, 38, 0
11345, 10, 0, 29, 39, 0
11345, 10, 0, 29, 40, 0
11345, 10, 0, 29, 41, 0
11345, 10, 0, 29, 47, 0
11345, 10, 0, 29, 48, 0
11345, 10, 0, 30, 9, 0
11345, 10, 0, 30, 10, 0
11345, 10, 0, 30, 11, 0
11345, 10, 0, 30, 12, 0
11345, 10, 0, 30, 13, 0
11345, 10, 0, 30, 14, 0
11345, 10, 0, 30, 17, 0
11345, 10, 0, 30, 18, 0
11345, 10, 0, 30, 19, 0
11345, 10, 0, 30, 20, 0
11345, 10, 0, 30, 25, 0
11345, 10, 0, 30, 26, 0
11345, 10, 0, 30, 27, 0
11345, 10, 0, 30, 28, 0
11345, 10, 0, 30, 39, 0
11345, 10, 0, 30, 40, 0
11345, 10, 0, 30, 47, 0
11345, 10, 0, 31, 10, 0
11345, 10, 0, 31, 11, 0
11345, 10, 0, 31, 12, 0
11345, 10, 0, 31, 13, 0
11345, 10, 0, 31, 14, 0
11345, 10, 0, 31, 18, 0
11345, 10, 0, 31, 19, 0
11345, 10, 0, 31, 25, 0
11345, 10, 0, 31, 26, 0
11345, 10, 0, 31, 27, 0
11345, 10, 0, 31, 28, 0
11345, 10, 0, 31, 33, 0
11345, 10, 0, 31, 34, 0
11345, 10, 0, 32, 10, 0
11345, 10, 0, 32, 11, 0
11345, 10, 0, 32, 12, 0
11345, 10, 0, 32, 13, 0
11345, 10, 0, 32, 26, 0
11345, 10, 0, 32, 27, 0
11345, 10, 0, 32, 32, 0
11345, 10, 0, 32, 33, 0
11345, 10, 0, 33, 10, 0
11345, 10, 0, 33, 11, 0
11345, 10, 0, 33, 12, 0
11345, 10, 0, 33, 13, 0
11345, 10, 0, 33, 21, 0
11345, 10, 0, 33, 22, 0
11345, 10, 0, 33, 23, 0
11345, 10, 0, 33, 31, 0
11345, 10, 0, 33, 32, 0
11345, 10, 0, 33, 33, 0
11345, 10, 0, 33, 36, 0
11345, 10, 0, 33, 49, 0
11345, 10, 0, 33, 50, 0
11345, 10, 0, 34, 10, 0
11345, 10, 0, 34, 11, 0
11345, 10, 0, 34, 12, 0
11345, 10, 0, 34, 22, 0
11345, 10, 0, 34, 23, 0
11345, 10, 0, 34, 33, 0
11345, 10, 0, 34, 34, 0
11345, 10, 0, 34, 35, 0
11345, 10, 0, 34, 42, 0
11345, 10, 0, 34, 48, 0
11345, 10, 0, 34, 49, 0
11345, 10, 0, 34, 50, 0
11345, 10, 0, 34, 53, 0
11345, 10, 0, 34, 54, 0
11345, 10, 0, 34, 55, 0
11345, 10, 0, 35, 11, 0
11345, 10, 0, 35, 17, 0
11345, 10, 0, 35, 18, 0
11345, 10, 0, 35, 19, 0
11345, 10, 0, 35, 22, 0
11345, 10, 0, 35, 23, 0
11345, 10, 0, 35, 34, 0
11345, 10, 0, 35, 35, 0
11345, 10, 0, 35, 40, 0
11345, 10, 0, 35, 41, 0
11345, 10, 0, 35, 42, 0
11345, 10, 0, 35, 43, 0
11345, 10, 0, 35, 48, 0
11345, 10, 0, 35, 49, 0
11345, 10, 0, 35, 50, 0
11345, 10, 0, 35, 51, 0
11345, 10, 0, 35, 52, 0
11345, 10, 0, 35, 53, 0
11345, 10, 0, 35, 54, 0
11345, 10, 0, 35, 55, 0
11345, 10, 0, 36, 16, 0
11345, 10, 0, 36, 17, 0
11345, 10, 0, 36, 18, 0
11345, 10, 0, 36, 19, 0
11345, 10, 0, 36, 38, 0
11345, 10, 0, 36, 39, 0
11345, 10, 0, 36, 40, 0
11345, 10, 0, 36, 41, 0
11345, 10, 0, 36, 42, 0
11345, 10, 0, 36, 43, 0
11345, 10, 0, 36, 44, 0
11345, 10, 0, 36, 49, 0
11345, 10, 0, 36, 50, 0
11345, 10, 0, 36, 51, 0
11345, 10, 0, 36, 52, 0
11345, 10, 0, 36, 53, 0
11345, 10, 0, 36, 54, 0
11345, 10, 0, 37, 14, 0
11345, 10, 0, 37, 15, 0
11345, 10, 0, 37, 16, 0
11345, 10, 0, 37, 17, 0
11345, 10, 0, 37, 18, 0
11345, 10, 0, 37, 19, 0
11345, 10, 0, 37, 37, 0
11345, 10, 0, 37, 38, 0
11345, 10, 0, 37, 39, 0
11345, 10, 0, 37, 40, 0
11345, 10, 0, 37, 41, 0
11345, 10, 0, 37, 42, 0
11345, 10, 0, 37, 43, 0
11345, 10, 0, 37, 49, 0
11345, 10, 0, 37, 50, 0
11345, 10, 0, 37, 51, 0
11345, 10, 0, 37, 52, 0
11345, 10, 0, 38, 9, 0
11345, 10, 0, 38, 10, 0
11345, 10, 0, 38, 11, 0
11345, 10, 0, 38, 14, 0
11345, 10, 0, 38, 15, 0
11345, 10, 0, 38, 16, 0
11345, 10, 0, 38, 17, 0
11345, 10, 0, 38, 18, 0
11345, 10, 0, 38, 19, 0
11345, 10, 0, 38, 20, 0
11345, 10, 0, 38, 28, 0
11345, 10, 0, 38, 29, 0
11345, 10, 0, 38, 30, 0
11345, 10, 0, 38, 31, 0
11345, 10, 0, 38, 32, 0
11345, 10, 0, 38, 37, 0
11345, 10, 0, 38, 38, 0
11345, 10, 0, 38, 39, 0
11345, 10, 0, 38, 40, 0
11345, 10, 0, 38, 41, 0
11345, 10, 0, 38, 42, 0
11345, 10, 0, 38, 43, 0
11345, 10, 0, 38, 47, 0
11345, 10, 0, 38, 48, 0
11345, 10, 0, 38, 49, 0
11345, 10, 0, 38, 50, 0
11345, 10, 0, 38, 51, 0
11345, 10, 0, 39, 8, 0
11345, 10, 0, 39, 9, 0
11345, 10, 0, 39, 10, 0
11345, 10, 0, 39, 11, 0
11345, 10, 0, 39, 14, 0
11345, 10, 0, 39, 15, 0
11345, 10, 0, 39, 16, 0
11345, 10, 0, 39, 17, 0
11345, 10, 0, 39, 18, 0
11345, 10, 0, 39, 19, 0
11345, 10, 0, 39, 20, 0
11345, 10, 0, 39, 21, 0
11345, 10, 0, 39, 27, 0
11345, 10, 0, 39, 28, 0
11345, 10, 0, 39, 29, 0
11345, 10, 0, 39, 30, 0
11345, 10, 0, 39, 31, 0
11345, 10, 0, 39, 32, 0
11345, 10, 0, 39, 39, 0
11345, 10, 0, 39, 40, 0
11345, 10, 0, 39, 41, 0
11345, 10, 0, 39, 42, 0
11345, 10, 0, 39, 43, 0
11345, 10, 0, 39, 47, 0
11345, 10, 0, 39, 48, 0
11345, 10, 0, 39, 49, 0
11345, 10, 0, 39, 50, 0
11345, 10, 0, 39, 51, 0
11345, 10, 0, 40, 8, 0
11345, 10, 0, 40, 9, 0
11345, 10, 0, 40, 10, 0
11345, 10, 0, 40, 11, 0
11345, 10, 0, 40, 15, 0
11345, 10, 0, 40, 16, 0
11345, 10, 0, 40, 17, 0
11345, 10, 0, 40, 18, 0
11345, 10, 0, 40, 19, 0
11345, 10, 0, 40, 20, 0
11345, 10, 0, 40, 21, 0
11345, 10, 0, 40, 27, 0
11345, 10, 0, 40, 28, 0
11345, 10, 0, 40, 29, 0
11345, 10, 0, 40, 30, 0
11345, 10, 0, 40, 31, 0
11345, 10, 0, 40, 40, 0
11345, 10, 0, 40, 41, 0
11345, 10, 0, 40, 42, 0
11345, 10, 0, 40, 43, 0
11345, 10, 0, 40, 47, 0
11345, 10, 0, 40, 48, 0
11345, 10, 0, 40, 49, 0
11345, 10, 0, 40, 50, 0
11345, 10, 0, 40, 51, 0
11345, 10, 0, 41, 7, 0
11345, 10, 0, 41, 8, 0
11345, 10, 0, 41, 9, 0
11345, 10, 0, 41, 10, 0
11345, 10, 0, 41, 11, 0
11345, 10, 0, 41, 17, 0
11345, 10, 0, 41, 18, 0
11345, 10, 0, 41, 19, 0
11345, 10, 0, 41, 20, 0
11345, 10, 0, 41, 21, 0
11345, 10, 0, 41, 22, 0
11345, 10, 0, 41, 23, 0
11345, 10, 0, 41, 27, 0
11345, 10, 0, 41, 28, 0
11345, 10, 0, 41, 29, 0
11345, 10, 0, 41, 30, 0
11345, 10, 0, 41, 31, 0
11345, 10, 0, 41, 40, 0
11345, 10, 0, 41, 41, 0
11345, 10, 0, 41, 42, 0
11345, 10, 0, 41, 43, 0
11345, 10, 0, 41, 44, 0
11345, 10, 0, 41, 48, 0
11345, 10, 0, 41, 49, 0
11345, 10, 0, 41, 50, 0
11345, 10, 0, 41, 51, 0
11345, 10, 0, 42, 7, 0
11345, 10, 0, 42, 8, 0
11345, 10, 0, 42, 9, 0
11345, 10, 0, 42, 10, 0
11345, 10, 0, 42, 11, 0
11345, 10, 0, 42, 12, 0
11345, 10, 0, 42, 17, 0
11345, 10, 0, 42, 18, 0
11345, 10, 0, 42, 19, 0
11345, 10, 0, 42, 20, 0
11345, 10, 0, 42, 21, 0
11345, 10, 0, 42, 22, 0
11345, 10, 0, 42, 23, 0
11345, 10, 0, 42, 28, 0
11345, 10, 0, 42, 29, 0
11345, 10, 0, 42, 30, 0
11345, 10, 0, 42, 31, 0
11345, 10, 0, 42, 32, 0
11345, 10, 0, 42, 39, 0
11345, 10, 0, 42, 40, 0
11345, 10, 0, 42, 41, 0
11345, 10, 0, 42, 42, 0
11345, 10, 0, 42, 43, 0
11345, 10, 0, 42, 49, 0
11345, 10, 0, 42, 50, 0
11345, 10, 0, 42, 51, 0
11345, 10, 0, 43, 11, 0
11345, 10, 0, 43, 12, 0
11345, 10, 0, 43, 13, 0
11345, 10, 0, 43, 14, 0
11345, 10, 0, 43, 17, 0
11345, 10, 0, 43, 18, 0
11345, 10, 0, 43, 19, 0
11345, 10, 0, 43, 20, 0
11345, 10, 0, 43, 21, 0
11345, 10, 0, 43, 22, 0
11345, 10, 0, 43, 23, 0
11345, 10, 0, 43, 28, 0
11345, 10, 0, 43, 29, 0
11345, 10, 0, 43, 30, 0
11345, 10, 0, 43, 31, 0
11345, 10, 0, 43, 32, 0
11345, 10, 0, 43, 33, 0
11345, 10, 0, 43, 38, 0
11345, 10, 0, 43, 39, 0
11345, 10, 0, 43, 40, 0
11345, 10, 0, 43, 41, 0
11345, 10, 0, 43, 42, 0
11345, 10, 0, 43, 43, 0
11345, 10, 0, 43, 49, 0
11345, 10, 0, 43, 50, 0
11345, 10, 0, 44, 11, 0
11345, 10, 0, 44, 12, 0
11345, 10, 0, 44, 13, 0
11345, 10, 0, 44, 17, 0
11345, 10, 0, 44, 18, 0
11345, 10, 0, 44, 19, 0
11345, 10, 0, 44, 20, 0
11345, 10, 0, 44, 21, 0
11345, 10, 0, 44, 22, 0
11345, 10, 0, 44, 23, 0
11345, 10, 0, 44, 29, 0
11345, 10, 0, 44, 30, 0
11345, 10, 0, 44, 31, 0
11345, 10, 0, 44, 32, 0
11345, 10, 0, 44, 33, 0
11345, 10, 0, 44, 34, 0
11345, 10, 0, 44, 38, 0
11345, 10, 0, 44, 39, 0
11345, 10, 0, 44, 40, 0
11345, 10, 0, 44, 41, 0
11345, 10, 0, 44, 42, 0
11345, 10, 0, 44, 43, 0
11345, 10, 0, 45, 11, 0
11345, 10, 0, 45, 16, 0
11345, 10, 0, 45, 17, 0
11345, 10, 0, 45, 18, 0
11345, 10, 0, 45, 19, 0
11345, 10, 0, 45, 20, 0
11345, 10, 0, 45, 21, 0
11345, 10, 0, 45, 22, 0
11345, 10, 0, 45, 29, 0
11345, 10, 0, 45, 30, 0
11345, 10, 0, 45, 31, 0
11345, 10, 0, 45, 32, 0
11345, 10, 0, 45, 33, 0
11345, 10, 0, 45, 34, 0
11345, 10, 0, 45, 37, 0
11345, 10, 0, 45, 40, 0
11345, 10, 0, 45, 41, 0
11345, 10, 0, 46, 9, 0
11345, 10, 0, 46, 10, 0
11345, 10, 0, 46, 11, 0
11345, 10, 0, 46, 16, 0
11345, 10, 0, 46, 17, 0
11345, 10, 0, 46, 18, 0
11345, 10, 0, 46, 19, 0
11345, 10, 0, 46, 20, 0
11345, 10, 0, 46, 21, 0
11345, 10, 0, 46, 27, 0
11345, 10, 0, 46, 28, 0
11345, 10, 0, 46, 29, 0
11345, 10, 0, 46, 30, 0
11345, 10, 0, 46, 31, 0
11345, 10, 0, 46, 32, 0
11345, 10, 0, 46, 33, 0
11345, 10, 0, 46, 37, 0
11345, 10, 0, 47, 8, 0
11345, 10, 0, 47, 9, 0
11345, 10, 0, 47, 10, 0
11345, 10, 0, 47, 11, 0
11345, 10, 0, 47, 12, 0
11345, 10, 0, 47, 16, 0
11345, 10, 0, 47, 17, 0
11345, 10, 0, 47, 18, 0
11345, 10, 0, 47, 19, 0
11345, 10, 0, 47, 20, 0
11345, 10, 0, 47, 21, 0
11345, 10, 0, 47, 25, 0
11345, 10, 0, 47, 26, 0
11345, 10, 0, 47, 27, 0
11345, 10, 0, 47, 28, 0
11345, 10, 0, 47, 29, 0
11345, 10, 0, 47, 30, 0
11345, 10, 0, 47, 31, 0
11345, 10, 0, 47, 32, 0
11345, 10, 0, 47, 33, 0
11345, 10, 0, 47, 37, 0
11345, 10, 0, 48, 9, 0
11345, 10, 0, 48, 10, 0
11345, 10, 0, 48, 11, 0
11345, 10, 0, 48, 12, 0
11345, 10, 0, 48, 13, 0
11345, 10, 0, 48, 17, 0
11345, 10, 0, 48, 18, 0
11345, 10, 0, 48, 19, 0
11345, 10, 0, 48, 20, 0
11345, 10, 0, 48, 25, 0
11345, 10, 0, 48, 26, 0
11345, 10, 0, 48, 27, 0
11345, 10, 0, 48, 28, 0
11345, 10, 0, 48, 29, 0
11345, 10, 0, 48, 30, 0
11345, 10, 0, 48, 31, 0
11345, 10, 0, 48, 32, 0
11345, 10, 0, 48, 33, 0
11345, 10, 0, 48, 36, 0
11345, 10, 0, 48, 37, 0
11345, 10, 0, 48, 41, 0
11345, 10, 0, 48, 45, 0
11345, 10, 0, 48, 46, 0
11345, 10, 0, 49, 11, 0
11345, 10, 0, 49, 12, 0
11345, 10, 0, 49, 13, 0
11345, 10, 0, 49, 26, 0
11345, 10, 0, 49, 27, 0
11345, 10, 0, 49, 28, 0
11345, 10, 0, 49, 29, 0
11345, 10, 0, 49, 30, 0
11345, 10, 0, 49, 31, 0
11345, 10, 0, 49, 32, 0
11345, 10, 0, 49, 33, 0
11345, 10, 0, 49, 37, 0
11345, 10, 0, 49, 41, 0
11345, 10, 0, 49, 44, 0
11345, 10, 0, 49, 45, 0
11345, 10, 0, 49, 46, 0
11345, 10, 0, 50, 26, 0
11345, 10, 0, 50, 27, 0
11345, 10, 0, 50, 28, 0
11345, 10, 0, 50, 29, 0
11345, 10, 0, 50, 30, 0
11345, 10, 0, 50, 31, 0
11345, 10, 0, 50, 32, 0
11345, 10, 0, 50, 41, 0
11345, 10, 0, 50, 42, 0
11345, 10, 0, 50, 43, 0
11345, 10, 0, 50, 44, 0
11345, 10, 0, 51, 16, 0
11345, 10, 0, 51, 17, 0
11345, 10, 0, 51, 18, 0
11345, 10, 0, 51, 23, 0
11345, 10, 0, 51, 24, 0
11345, 10, 0, 51, 28, 0
11345, 10, 0, 51, 29, 0
11345, 10, 0, 51, 41, 0
11345, 10, 0, 51, 42, 0
11345, 10, 0, 51, 43, 0
11345, 10, 0, 51, 44, 0
11345, 10, 0, 52, 15, 0
11345, 10, 0, 52, 16, 0
11345, 10, 0, 52, 17, 0
11345, 10, 0, 52, 18, 0
11345, 10, 0, 52, 19, 0
11345, 10, 0, 52, 23, 0
11345, 10, 0, 52, 24, 0
11345, 10, 0, 52, 29, 0
11345, 10, 0, 52, 34, 0
11345, 10, 0, 52, 41, 0
11345, 10, 0, 52, 42, 0
11345, 10, 0, 52, 43, 0
11345, 10, 0, 52, 44, 0
11345, 10, 0, 52, 45, 0
11345, 10, 0, 53, 14, 0
11345, 10, 0, 53, 15, 0
11345, 10, 0, 53, 16, 0
11345, 10, 0, 53, 17, 0
11345, 10, 0, 53, 18, 0
11345, 10, 0, 53, 19, 0
11345, 10, 0, 53, 23, 0
11345, 10, 0, 53, 24, 0
11345, 10, 0, 53, 25, 0
11345, 10, 0, 53, 26, 0
11345, 10, 0, 53, 33, 0
11345, 10, 0, 53, 34, 0
11345, 10, 0, 53, 35, 0
11345, 10, 0, 53, 36, 0
11345, 10, 0, 53, 40, 0
11345, 10, 0, 53, 41, 0
11345, 10, 0, 53, 45, 0
11345, 10, 0, 53, 46, 0
11345, 10, 0, 54, 14, 0
11345, 10, 0, 54, 15, 0
11345, 10, 0, 54, 16, 0
11345, 10, 0, 54, 17, 0
11345, 10, 0, 54, 18, 0
11345, 10, 0, 54, 19, 0
11345, 10, 0, 54, 20, 0
11345, 10, 0, 54, 21, 0
11345, 10, 0, 54, 22, 0
11345, 10, 0, 54, 23, 0
11345, 10, 0, 54, 24, 0
11345, 10, 0, 54, 25, 0
11345, 10, 0, 54, 26, 0
11345, 10, 0, 54, 27, 0
11345, 10, 0, 54, 28, 0
11345, 10, 0, 54, 32, 0
11345, 10, 0, 54, 33, 0
11345, 10, 0, 54, 34, 0
11345, 10, 0, 54, 35, 0
11345, 10, 0, 54, 36, 0
11345, 10, 0, 55, 15, 0
11345, 10, 0, 55, 16, 0
11345, 10, 0, 55, 17, 0
11345, 10, 0, 55, 18, 0
11345, 10, 0, 55, 19, 0
11345, 10, 0, 55, 20, 0
11345, 10, 0, 55, 21, 0
11345, 10, 0, 55, 22, 0
11345, 10, 0, 55, 23, 0
11345, 10, 0, 55, 24, 0
11345, 10, 0, 55, 25, 0
11345, 10, 0, 55, 26, 0
11345, 10, 0, 55, 27, 0
11345, 10, 0, 55, 28, 0
11345, 10, 0, 55, 32, 0
11345, 10, 0, 55, 33, 0
11345, 10, 0, 55, 34, 0
11345, 10, 0, 55, 35, 0
11345, 10, 0, 55, 36, 0
11345, 10, 0, 56, 16, 0
11345, 10, 0, 56, 17, 0
11345, 10, 0, 56, 18, 0
11345, 10, 0, 56, 19, 0
11345, 10, 0, 56, 20, 0
11345, 10, 0, 56, 21, 0
11345, 10, 0, 56, 22, 0
11345, 10, 0, 56, 23, 0
11345, 10, 0, 56, 24, 0
11345, 10, 0, 56, 25, 0
11345, 10, 0, 56, 26, 0
11345, 10, 0, 56, 27, 0
11345, 10, 0, 56, 31, 0
11345, 10, 0, 56, 32, 0
11345, 10, 0, 56, 33, 0
11345, 10, 0, 56, 34, 0
11345, 10, 0, 56, 35, 0
11345, 10, 0, 57, 16, 0
11345, 10, 0, 57, 17, 0
11345, 10, 0, 57, 18, 0
11345, 10, 0, 57, 19, 0
11345, 10, 0, 57, 20, 0
11345, 10, 0, 57, 21, 0
11345, 10, 0, 57, 22, 0
11345, 10, 0, 57, 25, 0
11345, 10, 0, 57, 31, 0
11345, 10, 0, 57, 32, 0
11345, 10, 0, 57, 33, 0
11345, 10, 0, 57, 34, 0
11345, 10, 0, 58, 15, 0
11345, 10, 0, 58, 16, 0
11345, 10, 0, 58, 17, 0
11345, 10, 0, 58, 21, 0
11345, 10, 0, 58, 33, 0
11345, 10, 0, 58, 34, 0
11345, 10, 0, 59, 15, 0
11345, 10, 0, 59, 16, 0
11345, 10, 0, 59, 34, 0
11345, 10, 0, 59, 35, 0
11345, 10, 0, 17, 17, 1
11345, 10, 0, 17, 18, 1
11345, 10, 0, 17, 19, 1
11345, 10, 0, 17, 20, 1
11345, 10, 0, 17, 21, 1
11345, 10, 0, 17, 27, 1
11345, 10, 0, 17, 28, 1
11345, 10, 0, 17, 41, 1
11345, 10, 0, 18, 15, 1
11345, 10, 0, 18, 16, 1
11345, 10, 0, 18, 17, 1
11345, 10, 0, 18, 18, 1
11345, 10, 0, 18, 19, 1
11345, 10, 0, 18, 20, 1
11345, 10, 0, 18, 21, 1
11345, 10, 0, 18, 22, 1
11345, 10, 0, 18, 26, 1
11345, 10, 0, 18, 27, 1
11345, 10, 0, 18, 28, 1
11345, 10, 0, 18, 29, 1
11345, 10, 0, 18, 39, 1
11345, 10, 0, 18, 40, 1
11345, 10, 0, 18, 41, 1
11345, 10, 0, 18, 42, 1
11345, 10, 0, 18, 43, 1
11345, 10, 0, 19, 13, 1
11345, 10, 0, 19, 14, 1
11345, 10, 0, 19, 15, 1
11345, 10, 0, 19, 16, 1
11345, 10, 0, 19, 17, 1
11345, 10, 0, 19, 18, 1
11345, 10, 0, 19, 19, 1
11345, 10, 0, 19, 20, 1
11345, 10, 0, 19, 21, 1
11345, 10, 0, 19, 22, 1
11345, 10, 0, 19, 23, 1
11345, 10, 0, 19, 26, 1
11345, 10, 0, 19, 27, 1
11345, 10, 0, 19, 28, 1
11345, 10, 0, 19, 29, 1
11345, 10, 0, 19, 38, 1
11345, 10, 0, 19, 39, 1
11345, 10, 0, 19, 40, 1
11345, 10, 0, 19, 41, 1
11345, 10, 0, 19, 42, 1
11345, 10, 0, 19, 43, 1
11345, 10, 0, 19, 44, 1
11345, 10, 0, 20, 13, 1
11345, 10, 0, 20, 14, 1
11345, 10, 0, 20, 15, 1
11345, 10, 0, 20, 16, 1
11345, 10, 0, 20, 17, 1
11345, 10, 0, 20, 21, 1
11345, 10, 0, 20, 22, 1
11345, 10, 0, 20, 23, 1
11345, 10, 0, 20, 26, 1
11345, 10, 0, 20, 27, 1
11345, 10, 0, 20, 28, 1
11345, 10, 0, 20, 33, 1
11345, 10, 0, 20, 34, 1
11345, 10, 0, 20, 38, 1
11345, 10, 0, 20, 39, 1
11345, 10, 0, 20, 40, 1
11345, 10, 0, 20, 41, 1
11345, 10, 0, 20, 42, 1
11345, 10, 0, 20, 43, 1
11345, 10, 0, 20, 44, 1
11345, 10, 0, 21, 12, 1
11345, 10, 0, 21, 13, 1
11345, 10, 0, 21, 14, 1
11345, 10, 0, 21, 15, 1
11345, 10, 0, 21, 16, 1
11345, 10, 0, 21, 17, 1
11345, 10, 0, 21, 21, 1
11345, 10, 0, 21, 22, 1
11345, 10, 0, 21, 27, 1
11345, 10, 0, 21, 28, 1
11345, 10, 0, 21, 34, 1
11345, 10, 0, 21, 35, 1
11345, 10, 0, 21, 36, 1
11345, 10, 0, 21, 37, 1
11345, 10, 0, 21, 38, 1
11345, 10, 0, 21, 39, 1
11345, 10, 0, 21, 40, 1
11345, 10, 0, 21, 41, 1
11345, 10, 0, 21, 42, 1
11345, 10, 0, 21, 43, 1
11345, 10, 0, 21, 44, 1
11345, 10, 0, 22, 13, 1
11345, 10, 0, 22, 14, 1
11345, 10, 0, 22, 15, 1
11345, 10, 0, 22, 16, 1
11345, 10, 0, 22, 17, 1
11345, 10, 0, 22, 28, 1
11345, 10, 0, 22, 29, 1
11345, 10, 0, 22, 34, 1
11345, 10, 0, 22, 35, 1
11345, 10, 0, 22, 36, 1
11345, 10, 0, 22, 37, 1
11345, 10, 0, 22, 38, 1
11345, 10, 0, 22, 39, 1
11345, 10, 0, 22, 40, 1
11345, 10, 0, 22, 41, 1
11345, 10, 0, 22, 42, 1
11345, 10, 0, 22, 43, 1
11345, 10, 0, 22, 44, 1
11345, 10, 0, 23, 14, 1
11345, 10, 0, 23, 15, 1
11345, 10, 0, 23, 16, 1
11345, 10, 0, 23, 28, 1
11345, 10, 0, 23, 29, 1
11345, 10, 0, 23, 30, 1
11345, 10, 0, 23, 33, 1
11345, 10, 0, 23, 34, 1
11345, 10, 0, 23, 35, 1
11345, 10, 0, 23, 36, 1
11345, 10, 0, 23, 37, 1
11345, 10, 0, 23, 38, 1
11345, 10, 0, 23, 39, 1
11345, 10, 0, 23, 40, 1
11345, 10, 0, 23, 41, 1
11345, 10, 0, 23, 42, 1
11345, 10, 0, 24, 14, 1
11345, 10, 0, 24, 15, 1
11345, 10, 0, 24, 16, 1
11345, 10, 0, 24, 20, 1
11345, 10, 0, 24, 24, 1
11345, 10, 0, 24, 27, 1
11345, 10, 0, 24, 28, 1
11345, 10, 0, 24, 29, 1
11345, 10, 0, 24, 30, 1
11345, 10, 0, 24, 33, 1
11345, 10, 0, 24, 34, 1
11345, 10, 0, 24, 35, 1
11345, 10, 0, 24, 36, 1
11345, 10, 0, 24, 40, 1
11345, 10, 0, 24, 41, 1
11345, 10, 0, 24, 42, 1
11345, 10, 0, 25, 14, 1
11345, 10, 0, 25, 15, 1
11345, 10, 0, 25, 16, 1
11345, 10, 0, 25, 19, 1
11345, 10, 0, 25, 20, 1
11345, 10, 0, 25, 25, 1
11345, 10, 0, 25, 26, 1
11345, 10, 0, 25, 27, 1
11345, 10, 0, 25, 28, 1
11345, 10, 0, 25, 29, 1
11345, 10, 0, 25, 33, 1
11345, 10, 0, 25, 34, 1
11345, 10, 0, 25, 35, 1
11345, 10, 0, 25, 36, 1
11345, 10, 0, 25, 40, 1
11345, 10, 0, 25, 41, 1
11345, 10, 0, 25, 42, 1
11345, 10, 0, 26, 17, 1
11345, 10, 0, 26, 18, 1
11345, 10, 0, 26, 19, 1
11345, 10, 0, 26, 20, 1
11345, 10, 0, 26, 21, 1
11345, 10, 0, 26, 26, 1
11345, 10, 0, 26, 27, 1
11345, 10, 0, 26, 28, 1
11345, 10, 0, 26, 40, 1
11345, 10, 0, 26, 41, 1
11345, 10, 0, 26, 45, 1
11345, 10, 0, 27, 17, 1
11345, 10, 0, 27, 18, 1
11345, 10, 0, 27, 19, 1
11345, 10, 0, 27, 20, 1
11345, 10, 0, 27, 21, 1
11345, 10, 0, 27, 26, 1
11345, 10, 0, 27, 27, 1
11345, 10, 0, 27, 28, 1
11345, 10, 0, 27, 39, 1
11345, 10, 0, 27, 40, 1
11345, 10, 0, 27, 44, 1
11345, 10, 0, 27, 45, 1
11345, 10, 0, 27, 46, 1
11345, 10, 0, 27, 47, 1
11345, 10, 0, 28, 18, 1
11345, 10, 0, 28, 19, 1
11345, 10, 0, 28, 20, 1
11345, 10, 0, 28, 21, 1
11345, 10, 0, 28, 22, 1
11345, 10, 0, 28, 23, 1
11345, 10, 0, 28, 30, 1
11345, 10, 0, 28, 31, 1
11345, 10, 0, 28, 35, 1
11345, 10, 0, 28, 36, 1
11345, 10, 0, 28, 39, 1
11345, 10, 0, 28, 40, 1
11345, 10, 0, 28, 44, 1
11345, 10, 0, 28, 45, 1
11345, 10, 0, 28, 46, 1
11345, 10, 0, 28, 47, 1
11345, 10, 0, 29, 22, 1
11345, 10, 0, 29, 23, 1
11345, 10, 0, 29, 32, 1
11345, 10, 0, 29, 35, 1
11345, 10, 0, 29, 36, 1
11345, 10, 0, 29, 40, 1
11345, 10, 0, 29, 43, 1
11345, 10, 0, 29, 44, 1
11345, 10, 0, 29, 45, 1
11345, 10, 0, 29, 46, 1
11345, 10, 0, 29, 47, 1
11345, 10, 0, 30, 16, 1
11345, 10, 0, 30, 26, 1
11345, 10, 0, 30, 27, 1
11345, 10, 0, 30, 28, 1
11345, 10, 0, 30, 32, 1
11345, 10, 0, 30, 33, 1
11345, 10, 0, 30, 34, 1
11345, 10, 0, 30, 35, 1
11345, 10, 0, 30, 36, 1
11345, 10, 0, 30, 37, 1
11345, 10, 0, 30, 40, 1
11345, 10, 0, 30, 41, 1
11345, 10, 0, 30, 42, 1
11345, 10, 0, 30, 43, 1
11345, 10, 0, 30, 44, 1
11345, 10, 0, 30, 45, 1
11345, 10, 0, 30, 46, 1
11345, 10, 0, 30, 47, 1
11345, 10, 0, 31, 16, 1
11345, 10, 0, 31, 17, 1
11345, 10, 0, 31, 18, 1
11345, 10, 0, 31, 19, 1
11345, 10, 0, 31, 20, 1
11345, 10, 0, 31, 25, 1
11345, 10, 0, 31, 26, 1
11345, 10, 0, 31, 27, 1
11345, 10, 0, 31, 28, 1
11345, 10, 0, 31, 32, 1
11345, 10, 0, 31, 33, 1
11345, 10, 0, 31, 34, 1
11345, 10, 0, 31, 35, 1
11345, 10, 0, 31, 36, 1
11345, 10, 0, 31, 37, 1
11345, 10, 0, 31, 40, 1
11345, 10, 0, 31, 41, 1
11345, 10, 0, 31, 42, 1
11345, 10, 0, 31, 43, 1
11345, 10, 0, 31, 44, 1
11345, 10, 0, 31, 45, 1
11345, 10, 0, 31, 46, 1
11345, 10, 0, 31, 47, 1
11345, 10, 0, 31, 48, 1
11345, 10, 0, 32, 18, 1
11345, 10, 0, 32, 19, 1
11345, 10, 0, 32, 20, 1
11345, 10, 0, 32, 24, 1
11345, 10, 0, 32, 25, 1
11345, 10, 0, 32, 26, 1
11345, 10, 0, 32, 27, 1
11345, 10, 0, 32, 28, 1
11345, 10, 0, 32, 31, 1
11345, 10, 0, 32, 32, 1
11345, 10, 0, 32, 33, 1
11345, 10, 0, 32, 34, 1
11345, 10, 0, 32, 35, 1
11345, 10, 0, 32, 36, 1
11345, 10, 0, 32, 40, 1
11345, 10, 0, 32, 41, 1
11345, 10, 0, 32, 42, 1
11345, 10, 0, 32, 43, 1
11345, 10, 0, 32, 44, 1
11345, 10, 0, 32, 45, 1
11345, 10, 0, 32, 46, 1
11345, 10, 0, 32, 47, 1
11345, 10, 0, 32, 48, 1
11345, 10, 0, 33, 19, 1
11345, 10, 0, 33, 20, 1
11345, 10, 0, 33, 23, 1
11345, 10, 0, 33, 24, 1
11345, 10, 0, 33, 25, 1
11345, 10, 0, 33, 26, 1
11345, 10, 0, 33, 27, 1
11345, 10, 0, 33, 28, 1
11345, 10, 0, 33, 31, 1
11345, 10, 0, 33, 32, 1
11345, 10, 0, 33, 33, 1
11345, 10, 0, 33, 34, 1
11345, 10, 0, 33, 35, 1
11345, 10, 0, 33, 41, 1
11345, 10, 0, 33, 42, 1
11345, 10, 0, 33, 43, 1
11345, 10, 0, 33, 44, 1
11345, 10, 0, 33, 45, 1
11345, 10, 0, 33, 46, 1
11345, 10, 0, 33, 47, 1
11345, 10, 0, 34, 14, 1
11345, 10, 0, 34, 15, 1
11345, 10, 0, 34, 19, 1
11345, 10, 0, 34, 20, 1
11345, 10, 0, 34, 21, 1
11345, 10, 0, 34, 22, 1
11345, 10, 0, 34, 23, 1
11345, 10, 0, 34, 24, 1
11345, 10, 0, 34, 25, 1
11345, 10, 0, 34, 31, 1
11345, 10, 0, 34, 32, 1
11345, 10, 0, 34, 33, 1
11345, 10, 0, 34, 34, 1
11345, 10, 0, 34, 35, 1
11345, 10, 0, 34, 41, 1
11345, 10, 0, 34, 44, 1
11345, 10, 0, 34, 45, 1
11345, 10, 0, 34, 46, 1
11345, 10, 0, 35, 13, 1
11345, 10, 0, 35, 14, 1
11345, 10, 0, 35, 15, 1
11345, 10, 0, 35, 23, 1
11345, 10, 0, 35, 24, 1
11345, 10, 0, 35, 25, 1
11345, 10, 0, 35, 31, 1
11345, 10, 0, 35, 32, 1
11345, 10, 0, 35, 33, 1
11345, 10, 0, 35, 34, 1
11345, 10, 0, 35, 39, 1
11345, 10, 0, 35, 40, 1
11345, 10, 0, 35, 41, 1
11345, 10, 0, 36, 13, 1
11345, 10, 0, 36, 14, 1
11345, 10, 0, 36, 15, 1
11345, 10, 0, 36, 16, 1
11345, 10, 0, 36, 23, 1
11345, 10, 0, 36, 24, 1
11345, 10, 0, 36, 25, 1
11345, 10, 0, 36, 26, 1
11345, 10, 0, 36, 30, 1
11345, 10, 0, 36, 31, 1
11345, 10, 0, 36, 32, 1
11345, 10, 0, 36, 33, 1
11345, 10, 0, 36, 34, 1
11345, 10, 0, 36, 39, 1
11345, 10, 0, 36, 40, 1
11345, 10, 0, 36, 41, 1
11345, 10, 0, 36, 42, 1
11345, 10, 0, 37, 14, 1
11345, 10, 0, 37, 15, 1
11345, 10, 0, 37, 16, 1
11345, 10, 0, 37, 17, 1
11345, 10, 0, 37, 23, 1
11345, 10, 0, 37, 24, 1
11345, 10, 0, 37, 25, 1
11345, 10, 0, 37, 26, 1
11345, 10, 0, 37, 27, 1
11345, 10, 0, 37, 28, 1
11345, 10, 0, 37, 29, 1
11345, 10, 0, 37, 30, 1
11345, 10, 0, 37, 31, 1
11345, 10, 0, 37, 32, 1
11345, 10, 0, 37, 33, 1
11345, 10, 0, 37, 34, 1
11345, 10, 0, 37, 37, 1
11345, 10, 0, 37, 38, 1
11345, 10, 0, 37, 39, 1
11345, 10, 0, 37, 40, 1
11345, 10, 0, 37, 41, 1
11345, 10, 0, 37, 42, 1
11345, 10, 0, 38, 15, 1
11345, 10, 0, 38, 16, 1
11345, 10, 0, 38, 17, 1
11345, 10, 0, 38, 18, 1
11345, 10, 0, 38, 19, 1
11345, 10, 0, 38, 24, 1
11345, 10, 0, 38, 25, 1
11345, 10, 0, 38, 26, 1
11345, 10, 0, 38, 27, 1
11345, 10, 0, 38, 28, 1
11345, 10, 0, 38, 29, 1
11345, 10, 0, 38, 30, 1
11345, 10, 0, 38, 33, 1
11345, 10, 0, 38, 34, 1
11345, 10, 0, 38, 35, 1
11345, 10, 0, 38, 36, 1
11345, 10, 0, 38, 37, 1
11345, 10, 0, 38, 38, 1
11345, 10, 0, 38, 39, 1
11345, 10, 0, 38, 40, 1
11345, 10, 0, 38, 41, 1
11345, 10, 0, 38, 42, 1
11345, 10, 0, 39, 15, 1
11345, 10, 0, 39, 16, 1
11345, 10, 0, 39, 17, 1
11345, 10, 0, 39, 18, 1
11345, 10, 0, 39, 19, 1
11345, 10, 0, 39, 24, 1
11345, 10, 0, 39, 25, 1
11345, 10, 0, 39, 26, 1
11345, 10, 0, 39, 27, 1
11345, 10, 0, 39, 28, 1
11345, 10, 0, 39, 36, 1
11345, 10, 0, 39, 37, 1
11345, 10, 0, 39, 38, 1
11345, 10, 0, 39, 39, 1
11345, 10, 0, 39, 40, 1
11345, 10, 0, 39, 41, 1
11345, 10, 0, 39, 42, 1
11345, 10, 0, 39, 43, 1
11345, 10, 0, 40, 13, 1
11345, 10, 0, 40, 14, 1
11345, 10, 0, 40, 15, 1
11345, 10, 0, 40, 16, 1
11345, 10, 0, 40, 17, 1
11345, 10, 0, 40, 18, 1
11345, 10, 0, 40, 19, 1
11345, 10, 0, 40, 25, 1
11345, 10, 0, 40, 26, 1
11345, 10, 0, 40, 27, 1
11345, 10, 0, 40, 36, 1
11345, 10, 0, 40, 37, 1
11345, 10, 0, 40, 38, 1
11345, 10, 0, 40, 39, 1
11345, 10, 0, 40, 40, 1
11345, 10, 0, 40, 41, 1
11345, 10, 0, 40, 42, 1
11345, 10, 0, 40, 43, 1
11345, 10, 0, 40, 44, 1
11345, 10, 0, 40, 45, 1
11345, 10, 0, 41, 12, 1
11345, 10, 0, 41, 13, 1
11345, 10, 0, 41, 14, 1
11345, 10, 0, 41, 15, 1
11345, 10, 0, 41, 16, 1
11345, 10, 0, 41, 17, 1
11345, 10, 0, 41, 18, 1
11345, 10, 0, 41, 19, 1
11345, 10, 0, 41, 22, 1
11345, 10, 0, 41, 27, 1
11345, 10, 0, 41, 31, 1
11345, 10, 0, 41, 32, 1
11345, 10, 0, 41, 33, 1
11345, 10, 0, 41, 36, 1
11345, 10, 0, 41, 37, 1
11345, 10, 0, 41, 38, 1
11345, 10, 0, 41, 39, 1
11345, 10, 0, 41, 40, 1
11345, 10, 0, 41, 41, 1
11345, 10, 0, 41, 42, 1
11345, 10, 0, 41, 43, 1
11345, 10, 0, 41, 44, 1
11345, 10, 0, 42, 12, 1
11345, 10, 0, 42, 13, 1
11345, 10, 0, 42, 17, 1
11345, 10, 0, 42, 18, 1
11345, 10, 0, 42, 19, 1
11345, 10, 0, 42, 22, 1
11345, 10, 0, 42, 23, 1
11345, 10, 0, 42, 30, 1
11345, 10, 0, 42, 31, 1
11345, 10, 0, 42, 32, 1
11345, 10, 0, 42, 33, 1
11345, 10, 0, 42, 37, 1
11345, 10, 0, 42, 38, 1
11345, 10, 0, 42, 39, 1
11345, 10, 0, 42, 40, 1
11345, 10, 0, 42, 43, 1
11345, 10, 0, 42, 44, 1
11345, 10, 0, 43, 12, 1
11345, 10, 0, 43, 13, 1
11345, 10, 0, 43, 19, 1
11345, 10, 0, 43, 22, 1
11345, 10, 0, 43, 23, 1
11345, 10, 0, 43, 31, 1
11345, 10, 0, 43, 32, 1
11345, 10, 0, 43, 37, 1
11345, 10, 0, 43, 38, 1
11345, 10, 0, 43, 39, 1
11345, 10, 0, 43, 40, 1
11345, 10, 0, 43, 43, 1
11345, 10, 0, 43, 44, 1
11345, 10, 0, 43, 45, 1
11345, 10, 0, 44, 19, 1
11345, 10, 0, 44, 20, 1
11345, 10, 0, 44, 21, 1
11345, 10, 0, 44, 22, 1
11345, 10, 0, 44, 32, 1
11345, 10, 0, 44, 38, 1
11345, 10, 0, 44, 39, 1
11345, 10, 0, 44, 43, 1
11345, 10, 0, 44, 44, 1
11345, 10, 0, 44, 45, 1
11345, 10, 0, 45, 15, 1
11345, 10, 0, 45, 16, 1
11345, 10, 0, 45, 17, 1
11345, 10, 0, 45, 18, 1
11345, 10, 0, 45, 19, 1
11345, 10, 0, 45, 20, 1
11345, 10, 0, 45, 21, 1
11345, 10, 0, 45, 27, 1
11345, 10, 0, 45, 28, 1
11345, 10, 0, 45, 33, 1
11345, 10, 0, 45, 34, 1
11345, 10, 0, 45, 35, 1
11345, 10, 0, 45, 42, 1
11345, 10, 0, 45, 43, 1
11345, 10, 0, 45, 44, 1
11345, 10, 0, 45, 45, 1
11345, 10, 0, 46, 16, 1
11345, 10, 0, 46, 17, 1
11345, 10, 0, 46, 18, 1
11345, 10, 0, 46, 19, 1
11345, 10, 0, 46, 20, 1
11345, 10, 0, 46, 21, 1
11345, 10, 0, 46, 26, 1
11345, 10, 0, 46, 27, 1
11345, 10, 0, 46, 28, 1
11345, 10, 0, 46, 33, 1
11345, 10, 0, 46, 34, 1
11345, 10, 0, 46, 35, 1
11345, 10, 0, 46, 42, 1
11345, 10, 0, 46, 43, 1
11345, 10, 0, 46, 44, 1
11345, 10, 0, 47, 16, 1
11345, 10, 0, 47, 17, 1
11345, 10, 0, 47, 18, 1
11345, 10, 0, 47, 19, 1
11345, 10, 0, 47, 20, 1
11345, 10, 0, 47, 21, 1
11345, 10, 0, 47, 26, 1
11345, 10, 0, 47, 27, 1
11345, 10, 0, 47, 28, 1
11345, 10, 0, 47, 33, 1
11345, 10, 0, 47, 34, 1
11345, 10, 0, 47, 35, 1
11345, 10, 0, 47, 40, 1
11345, 10, 0, 47, 41, 1
11345, 10, 0, 47, 42, 1
11345, 10, 0, 48, 15, 1
11345, 10, 0, 48, 16, 1
11345, 10, 0, 48, 17, 1
11345, 10, 0, 48, 18, 1
11345, 10, 0, 48, 19, 1
11345, 10, 0, 48, 20, 1
11345, 10, 0, 48, 21, 1
11345, 10, 0, 48, 22, 1
11345, 10, 0, 48, 26, 1
11345, 10, 0, 48, 27, 1
11345, 10, 0, 48, 28, 1
11345, 10, 0, 48, 29, 1
11345, 10, 0, 48, 30, 1
11345, 10, 0, 48, 31, 1
11345, 10, 0, 48, 32, 1
11345, 10, 0, 48, 33, 1
11345, 10, 0, 48, 40, 1
11345, 10, 0, 48, 41, 1
11345, 10, 0, 48, 42, 1
11345, 10, 0, 49, 15, 1
11345, 10, 0, 49, 16, 1
11345, 10, 0, 49, 17, 1
11345, 10, 0, 49, 18, 1
11345, 10, 0, 49, 19, 1
11345, 10, 0, 49, 20, 1
11345, 10, 0, 49, 21, 1
11345, 10, 0, 49, 22, 1
11345, 10, 0, 49, 23, 1
11345, 10, 0, 49, 26, 1
11345, 10, 0, 49, 27, 1
11345, 10, 0, 49, 28, 1
11345, 10, 0, 49, 29, 1
11345, 10, 0, 49, 30, 1
11345, 10, 0, 49, 31, 1
11345, 10, 0, 49, 32, 1
11345, 10, 0, 49, 33, 1
11345, 10, 0, 50, 16, 1
11345, 10, 0, 50, 17, 1
11345, 10, 0, 50, 18, 1
11345, 10, 0, 50, 22, 1
11345, 10, 0, 50, 23, 1
11345, 10, 0, 50, 24, 1
11345, 10, 0, 50, 27, 1
11345, 10, 0, 50, 28, 1
11345, 10, 0, 50, 29, 1
11345, 10, 0, 50, 30, 1
11345, 10, 0, 50, 31, 1
11345, 10, 0, 50, 32, 1
11345, 10, 0, 50, 33, 1
11345, 10, 0, 51, 16, 1
11345, 10, 0, 51, 17, 1
11345, 10, 0, 51, 18, 1
11345, 10, 0, 51, 22, 1
11345, 10, 0, 51, 23, 1
11345, 10, 0, 51, 24, 1
11345, 10, 0, 51, 28, 1
11345, 10, 0, 51, 29, 1
11345, 10, 0, 51, 30, 1
11345, 10, 0, 51, 31, 1
11345, 10, 0, 51, 32, 1
11345, 10, 0, 51, 33, 1
11345, 10, 0, 51, 34, 1
11345, 10, 0, 52, 16, 1
11345, 10, 0, 52, 17, 1
11345, 10, 0, 52, 18, 1
11345, 10, 0, 52, 19, 1
11345, 10, 0, 52, 22, 1
11345, 10, 0, 52, 23, 1
11345, 10, 0, 52, 24, 1
11345, 10, 0, 52, 28, 1
11345, 10, 0, 52, 29, 1
11345, 10, 0, 52, 30, 1
11345, 10, 0, 52, 31, 1
11345, 10, 0, 52, 32, 1
11345, 10, 0, 53, 17, 1
11345, 10, 0, 53, 18, 1
11345, 10, 0, 53, 19, 1
11345, 10, 0, 53, 28, 1
11345, 10, 0, 53, 29, 1
11345, 10, 0, 53, 30, 1
11345, 10, 0, 53, 31, 1
11345, 10, 0, 53, 32, 1
11345, 10, 0, 54, 30, 1
11345, 10, 0, 54, 31, 1
11346, 10, 0, 9, 20, 0
11346, 10, 0, 10, 27, 0
11346, 10, 3, 11, 18, 0
11346, 10, 2, 12, 19, 0
11346, 10, 0, 12, 39, 0
11346, 10, 0, 13, 13, 0
11346, 10, 1, 13, 16, 0
11346, 10, 0, 14, 10, 0
11346, 10, 0, 14, 30, 0
11346, 10, 3, 14, 37, 0
11346, 10, 1, 14, 44, 0
11346, 10, 3, 15, 19, 0
11346, 10, 3, 15, 29, 0
11346, 10, 2, 15, 38, 0
11346, 10, 0, 15, 48, 0
11346, 10, 3, 16, 7, 0
11346, 10, 3, 16, 24, 0
11346, 10, 1, 16, 49, 0
11346, 10, 1, 17, 18, 0
11346, 10, 2, 17, 25, 0
11346, 10, 1, 17, 36, 0
11346, 10, 2, 18, 21, 0
11346, 10, 1, 18, 29, 0
11346, 10, 3, 18, 30, 0
11346, 10, 0, 18, 37, 0
11346, 10, 1, 20, 12, 0
11346, 10, 2, 20, 15, 0
11346, 10, 0, 20, 21, 0
11346, 10, 1, 20, 46, 0
11346, 10, 1, 21, 28, 0
11346, 10, 3, 21, 30, 0
11346, 10, 3, 21, 36, 0
11346, 10, 3, 22, 8, 0
11346, 10, 3, 22, 19, 0
11346, 10, 1, 22, 39, 0
11346, 10, 1, 23, 13, 0
11346, 10, 2, 23, 33, 0
11346, 10, 2, 23, 38, 0
11346, 10, 0, 23, 50, 0
11346, 10, 3, 24, 9, 0
11346, 10, 1, 24, 13, 0
11346, 10, 0, 24, 33, 0
11346, 10, 1, 24, 36, 0
11346, 10, 3, 24, 42, 0
11346, 10, 3, 25, 18, 0
11346, 10, 0, 25, 39, 0
11346, 10, 2, 25, 43, 0
11346, 10, 2, 26, 11, 0
11346, 10, 0, 26, 17, 0
11346, 10, 2, 26, 23, 0
11346, 10, 3, 26, 44, 0
11346, 10, 1, 26, 53, 0
11346, 10, 0, 27, 11, 0
11346, 10, 1, 27, 22, 0
11346, 10, 3, 27, 24, 0
11346, 10, 1, 27, 30, 0
11346, 10, 3, 27, 31, 0
11346, 10, 1, 28, 30, 0
11346, 10, 3, 28, 31, 0
11346, 10, 0, 29, 14, 0
11346, 10, 2, 29, 34, 0
11346, 10, 1, 30, 15, 0
11346, 10, 3, 30, 16, 0
11346, 10, 1, 30, 21, 0
11346, 10, 0, 30, 34, 0
11346, 10, 2, 30, 37, 0
11346, 10, 3, 30, 46, 0
11346, 10, 3, 31, 24, 0
11346, 10, 2, 31, 40, 0
11346, 10, 2, 32, 19, 0
11346, 10, 0, 32, 49, 0
11346, 10, 1, 33, 14, 0
11346, 10, 2, 33, 27, 0
11346, 10, 0, 33, 53, 0
11346, 10, 0, 34, 18, 0
11346, 10, 1, 34, 24, 0
11346, 10, 2, 34, 31, 0
11346, 10, 0, 34, 40, 0
11346, 10, 3, 34, 47, 0
11346, 10, 1, 34, 56, 0
11346, 10, 1, 35, 36, 0
11346, 10, 1, 36, 20, 0
11346, 10, 2, 36, 35, 0
11346, 10, 1, 36, 45, 0
11346, 10, 0, 37, 29, 0
11346, 10, 0, 37, 47, 0
11346, 10, 1, 38, 12, 0
11346, 10, 3, 38, 13, 0
11346, 10, 3, 38, 36, 0
11346, 10, 3, 38, 46, 0
11346, 10, 1, 39, 22, 0
11346, 10, 2, 39, 37, 0
11346, 10, 3, 39, 46, 0
11346, 10, 1, 39, 52, 0
11346, 10, 0, 40, 23, 0
11346, 10, 3, 40, 26, 0
11346, 10, 3, 41, 6, 0
11346, 10, 2, 41, 15, 0
11346, 10, 0, 42, 14, 0
11346, 10, 2, 43, 9, 0
11346, 10, 1, 43, 24, 0
11346, 10, 3, 43, 27, 0
11346, 10, 3, 43, 37, 0
11346, 10, 1, 43, 44, 0
11346, 10, 3, 43, 48, 0
11346, 10, 3, 44, 10, 0
11346, 10, 1, 44, 35, 0
11346, 10, 2, 44, 49, 0
11346, 10, 3, 46, 15, 0
11346, 10, 3, 46, 36, 0
11346, 10, 1, 46, 38, 0
11346, 10, 2, 46, 41, 0
11346, 10, 0, 47, 46, 0
11346, 10, 3, 48, 24, 0
11346, 10, 1, 48, 34, 0
11346, 10, 3, 48, 40, 0
11346, 10, 2, 49, 9, 0
11346, 10, 1, 49, 14, 0
11346, 10, 1, 49, 38, 0
11346, 10, 0, 50, 17, 0
11346, 10, 0, 50, 23, 0
11346, 10, 2, 51, 31, 0
11346, 10, 3, 51, 40, 0
11346, 10, 1, 52, 30, 0
11346, 10, 3, 53, 13, 0
11346, 10, 0, 53, 21, 0
11346, 10, 2, 53, 43, 0
11346, 10, 3, 54, 31, 0
11346, 10, 1, 54, 37, 0
11346, 10, 2, 54, 40, 0
11346, 10, 2, 54, 46, 0
11346, 10, 3, 58, 14, 0
11346, 10, 2, 58, 19, 0
11346, 10, 2, 58, 25, 0
11346, 10, 2, 60, 16, 0
11346, 10, 2, 60, 35, 0
11346, 10, 0, 16, 18, 1
11346, 10, 0, 16, 21, 1
11346, 10, 0, 16, 27, 1
11346, 10, 0, 17, 15, 1
11346, 10, 0, 17, 39, 1
11346, 10, 0, 18, 13, 1
11346, 10, 3, 19, 12, 1
11346, 10, 3, 19, 25, 1
11346, 10, 0, 19, 33, 1
11346, 10, 2, 20, 19, 1
11346, 10, 1, 20, 24, 1
11346, 10, 1, 20, 45, 1
11346, 10, 1, 21, 18, 1
11346, 10, 0, 23, 24, 1
11346, 10, 2, 23, 44, 1
11346, 10, 3, 24, 13, 1
11346, 10, 1, 24, 17, 1
11346, 10, 1, 24, 43, 1
11346, 10, 3, 25, 32, 1
11346, 10, 2, 26, 15, 1
11346, 10, 2, 26, 35, 1
11346, 10, 0, 27, 23, 1
11346, 10, 3, 27, 25, 1
11346, 10, 0, 27, 36, 1
11346, 10, 1, 28, 24, 1
11346, 10, 1, 28, 37, 1
11346, 10, 1, 28, 41, 1
11346, 10, 1, 28, 48, 1
11346, 10, 0, 29, 27, 1
11346, 10, 2, 29, 30, 1
11346, 10, 0, 30, 18, 1
11346, 10, 3, 30, 31, 1
11346, 10, 1, 30, 38, 1
11346, 10, 3, 30, 39, 1
11346, 10, 1, 32, 29, 1
11346, 10, 1, 32, 49, 1
11346, 10, 0, 33, 15, 1
11346, 10, 3, 33, 30, 1
11346, 10, 1, 34, 16, 1
11346, 10, 2, 34, 27, 1
11346, 10, 0, 34, 39, 1
11346, 10, 3, 35, 38, 1
11346, 10, 2, 35, 45, 1
11346, 10, 0, 36, 28, 1
11346, 10, 1, 36, 35, 1
11346, 10, 0, 37, 19, 1
11346, 10, 3, 39, 32, 1
11346, 10, 2, 39, 34, 1
11346, 10, 0, 40, 31, 1
11346, 10, 3, 40, 35, 1
11346, 10, 1, 41, 20, 1
11346, 10, 1, 41, 28, 1
11346, 10, 1, 41, 34, 1
11346, 10, 3, 42, 11, 1
11346, 10, 2, 42, 15, 1
11346, 10, 1, 42, 20, 1
11346, 10, 3, 42, 21, 1
11346, 10, 3, 42, 29, 1
11346, 10, 1, 43, 14, 1
11346, 10, 1, 43, 24, 1
11346, 10, 3, 43, 36, 1
11346, 10, 3, 43, 42, 1
11346, 10, 0, 44, 34, 1
11346, 10, 1, 44, 46, 1
11346, 10, 2, 45, 38, 1
11346, 10, 1, 46, 22, 1
11346, 10, 1, 46, 29, 1
11346, 10, 3, 46, 32, 1
11346, 10, 2, 47, 44, 1
11346, 10, 3, 48, 14, 1
11346, 10, 3, 48, 25, 1
11346, 10, 3, 48, 39, 1
11346, 10, 1, 48, 43, 1
11346, 10, 1, 49, 34, 1
11346, 10, 2, 49, 40, 1
11346, 10, 2, 50, 20, 1
11346, 10, 3, 51, 21, 1
11346, 10, 3, 52, 15, 1
11346, 10, 3, 52, 27, 1
11346, 10, 2, 52, 34, 1
11346, 10, 2, 53, 23, 1
11346, 10, 2, 54, 18, 1
11346, 10, 2, 54, 28, 1
11347, 10, 0, 9, 19, 0
11347, 10, 0, 10, 26, 0
11347, 10, 1, 11, 29, 0
11347, 10, 0, 12, 15, 0
11347, 10, 0, 12, 38, 0
11347, 10, 0, 13, 8, 0
11347, 10, 0, 13, 12, 0
11347, 10, 0, 13, 32, 0
11347, 10, 1, 15, 35, 0
11347, 10, 0, 15, 47, 0
11347, 10, 1, 16, 18, 0
11347, 10, 3, 16, 19, 0
11347, 10, 3, 16, 29, 0
11347, 10, 1, 17, 29, 0
11347, 10, 3, 19, 6, 0
11347, 10, 3, 19, 30, 0
11347, 10, 2, 19, 47, 0
11347, 10, 2, 20, 16, 0
11347, 10, 0, 20, 20, 0
11347, 10, 1, 20, 28, 0
11347, 10, 1, 20, 33, 0
11347, 10, 1, 22, 13, 0
11347, 10, 1, 22, 34, 0
11347, 10, 0, 23, 35, 0
11347, 10, 0, 23, 49, 0
11347, 10, 0, 24, 28, 0
11347, 10, 0, 24, 47, 0
11347, 10, 1, 24, 52, 0
11347, 10, 3, 25, 9, 0
11347, 10, 2, 26, 12, 0
11347, 10, 0, 26, 16, 0
11347, 10, 1, 26, 30, 0
11347, 10, 1, 26, 36, 0
11347, 10, 0, 27, 10, 0
11347, 10, 3, 27, 44, 0
11347, 10, 1, 28, 13, 0
11347, 10, 3, 28, 15, 0
11347, 10, 1, 28, 42, 0
11347, 10, 3, 29, 23, 0
11347, 10, 3, 29, 31, 0
11347, 10, 2, 29, 50, 0
11347, 10, 3, 30, 8, 0
11347, 10, 2, 31, 47, 0
11347, 10, 0, 32, 21, 0
11347, 10, 0, 32, 36, 0
11347, 10, 1, 33, 24, 0
11347, 10, 1, 33, 51, 0
11347, 10, 0, 34, 17, 0
11347, 10, 1, 35, 20, 0
11347, 10, 3, 35, 21, 0
11347, 10, 0, 35, 38, 0
11347, 10, 3, 35, 47, 0
11347, 10, 2, 36, 11, 0
11347, 10, 0, 36, 14, 0
11347, 10, 0, 37, 9, 0
11347, 10, 0, 37, 28, 0
11347, 10, 0, 37, 31, 0
11347, 10, 2, 37, 54, 0
11347, 10, 3, 39, 13, 0
11347, 10, 1, 39, 44, 0
11347, 10, 1, 40, 12, 0
11347, 10, 3, 40, 46, 0
11347, 10, 3, 41, 26, 0
11347, 10, 1, 41, 45, 0
11347, 10, 3, 42, 6, 0
11347, 10, 3, 42, 16, 0
11347, 10, 2, 44, 50, 0
11347, 10, 0, 45, 9, 0
11347, 10, 2, 45, 13, 0
11347, 10, 0, 45, 27, 0
11347, 10, 2, 45, 43, 0
11347, 10, 0, 46, 25, 0
11347, 10, 3, 47, 15, 0
11347, 10, 1, 47, 34, 0
11347, 10, 0, 47, 45, 0
11347, 10, 1, 48, 14, 0
11347, 10, 3, 48, 35, 0
11347, 10, 1, 48, 42, 0
11347, 10, 2, 49, 20, 0
11347, 10, 2, 50, 11, 0
11347, 10, 0, 50, 16, 0
11347, 10, 3, 50, 25, 0
11347, 10, 2, 50, 46, 0
11347, 10, 3, 51, 22, 0
11347, 10, 1, 51, 25, 0
11347, 10, 2, 51, 32, 0
11347, 10, 1, 52, 20, 0
11347, 10, 1, 53, 37, 0
11347, 10, 1, 53, 47, 0
11347, 10, 3, 54, 13, 0
11347, 10, 1, 54, 29, 0
11347, 10, 2, 54, 41, 0
11347, 10, 2, 57, 27, 0
11347, 10, 3, 57, 30, 0
11347, 10, 3, 59, 14, 0
11347, 10, 2, 59, 21, 0
11347, 10, 1, 59, 36, 0
11347, 10, 0, 16, 17, 1
11347, 10, 0, 16, 20, 1
11347, 10, 0, 16, 41, 1
11347, 10, 1, 18, 30, 1
11347, 10, 1, 19, 24, 1
11347, 10, 1, 19, 45, 1
11347, 10, 3, 20, 25, 1
11347, 10, 3, 20, 32, 1
11347, 10, 0, 20, 36, 1
11347, 10, 3, 21, 11, 1
11347, 10, 3, 21, 20, 1
11347, 10, 1, 22, 45, 1
11347, 10, 1, 24, 21, 1
11347, 10, 3, 24, 23, 1
11347, 10, 2, 24, 38, 1
11347, 10, 3, 25, 13, 1
11347, 10, 0, 25, 45, 1
11347, 10, 1, 26, 22, 1
11347, 10, 2, 26, 36, 1
11347, 10, 3, 27, 16, 1
11347, 10, 0, 27, 30, 1
11347, 10, 0, 27, 35, 1
11347, 10, 1, 27, 48, 1
11347, 10, 2, 28, 26, 1
11347, 10, 2, 28, 28, 1
11347, 10, 3, 28, 38, 1
11347, 10, 0, 29, 16, 1
11347, 10, 0, 29, 26, 1
11347, 10, 3, 31, 15, 1
11347, 10, 1, 31, 49, 1
11347, 10, 0, 33, 14, 1
11347, 10, 3, 34, 18, 1
11347, 10, 3, 34, 30, 1
11347, 10, 2, 35, 20, 1
11347, 10, 2, 35, 46, 1
11347, 10, 3, 36, 12, 1
11347, 10, 3, 36, 22, 1
11347, 10, 0, 36, 37, 1
11347, 10, 0, 39, 13, 1
11347, 10, 3, 39, 23, 1
11347, 10, 2, 39, 30, 1
11347, 10, 0, 40, 22, 1
11347, 10, 1, 40, 46, 1
11347, 10, 3, 41, 35, 1
11347, 10, 1, 42, 24, 1
11347, 10, 3, 43, 11, 1
11347, 10, 1, 43, 46, 1
11347, 10, 0, 44, 15, 1
11347, 10, 0, 44, 27, 1
11347, 10, 1, 45, 29, 1
11347, 10, 2, 45, 39, 1
11347, 10, 0, 46, 40, 1
11347, 10, 0, 47, 31, 1
11347, 10, 2, 48, 35, 1
11347, 10, 3, 49, 14, 1
11347, 10, 1, 51, 35, 1
11347, 10, 1, 52, 20, 1
11347, 10, 3, 52, 21, 1
11347, 10, 2, 53, 24, 1
11347, 10, 2, 54, 19, 1
11347, 10, 2, 55, 31, 1
11348, 10, 3, 10, 18, 0
11348, 10, 0, 10, 28, 0
11348, 10, 0, 11, 41, 0
11348, 10, 1, 12, 29, 0
11348, 10, 0, 13, 33, 0
11348, 10, 3, 13, 37, 0
11348, 10, 3, 14, 19, 0
11348, 10, 1, 16, 23, 0
11348, 10, 3, 17, 38, 0
11348, 10, 1, 17, 49, 0
11348, 10, 3, 18, 6, 0
11348, 10, 1, 18, 18, 0
11348, 10, 0, 18, 25, 0
11348, 10, 0, 19, 27, 0
11348, 10, 2, 19, 28, 0
11348, 10, 2, 19, 34, 0
11348, 10, 2, 20, 14, 0
11348, 10, 3, 20, 23, 0
11348, 10, 3, 20, 30, 0
11348, 10, 3, 21, 19, 0
11348, 10, 2, 23, 32, 0
11348, 10, 0, 23, 51, 0
11348, 10, 3, 24, 18, 0
11348, 10, 1, 24, 26, 0
11348, 10, 0, 24, 46, 0
11348, 10, 1, 25, 13, 0
11348, 10, 1, 25, 36, 0
11348, 10, 2, 26, 10, 0
11348, 10, 3, 26, 31, 0
11348, 10, 0, 27, 12, 0
11348, 10, 3, 27, 15, 0
11348, 10, 1, 28, 22, 0
11348, 10, 3, 29, 8, 0
11348, 10, 1, 29, 30, 0
11348, 10, 1, 29, 42, 0
11348, 10, 2, 30, 36, 0
11348, 10, 1, 31, 15, 0
11348, 10, 1, 31, 29, 0
11348, 10, 1, 31, 35, 0
11348, 10, 2, 31, 39, 0
11348, 10, 3, 32, 9, 0
11348, 10, 2, 32, 18, 0
11348, 10, 0, 32, 50, 0
11348, 10, 3, 33, 20, 0
11348, 10, 2, 33, 26, 0
11348, 10, 3, 33, 30, 0
11348, 10, 1, 33, 37, 0
11348, 10, 0, 33, 42, 0
11348, 10, 0, 34, 19, 0
11348, 10, 1, 35, 56, 0
11348, 10, 2, 36, 22, 0
11348, 10, 2, 36, 34, 0
11348, 10, 3, 37, 13, 0
11348, 10, 0, 37, 30, 0
11348, 10, 0, 37, 32, 0
11348, 10, 3, 37, 36, 0
11348, 10, 1, 38, 44, 0
11348, 10, 3, 39, 7, 0
11348, 10, 1, 39, 12, 0
11348, 10, 3, 39, 26, 0
11348, 10, 1, 42, 52, 0
11348, 10, 1, 43, 15, 0
11348, 10, 3, 43, 16, 0
11348, 10, 1, 44, 24, 0
11348, 10, 1, 44, 44, 0
11348, 10, 3, 45, 15, 0
11348, 10, 1, 45, 35, 0
11348, 10, 3, 45, 36, 0
11348, 10, 2, 46, 40, 0
11348, 10, 3, 47, 7, 0
11348, 10, 1, 47, 22, 0
11348, 10, 3, 47, 24, 0
11348, 10, 0, 47, 41, 0
11348, 10, 2, 49, 17, 0
11348, 10, 1, 49, 34, 0
11348, 10, 0, 50, 18, 0
11348, 10, 0, 50, 24, 0
11348, 10, 2, 50, 37, 0
11348, 10, 2, 51, 26, 0
11348, 10, 0, 51, 34, 0
11348, 10, 3, 52, 22, 0
11348, 10, 0, 52, 26, 0
11348, 10, 0, 52, 36, 0
11348, 10, 0, 53, 28, 0
11348, 10, 2, 53, 29, 0
11348, 10, 3, 53, 39, 0
11348, 10, 2, 54, 45, 0
11348, 10, 1, 55, 29, 0
11348, 10, 1, 55, 37, 0
11348, 10, 3, 56, 30, 0
11348, 10, 2, 58, 31, 0
11348, 10, 2, 60, 15, 0
11348, 10, 2, 60, 34, 0
11348, 10, 0, 16, 19, 1
11348, 10, 0, 16, 28, 1
11348, 10, 0, 17, 43, 1
11348, 10, 3, 18, 25, 1
11348, 10, 1, 19, 30, 1
11348, 10, 0, 19, 34, 1
11348, 10, 3, 19, 37, 1
11348, 10, 1, 21, 45, 1
11348, 10, 1, 22, 18, 1
11348, 10, 3, 23, 19, 1
11348, 10, 1, 25, 37, 1
11348, 10, 3, 25, 39, 1
11348, 10, 1, 25, 43, 1
11348, 10, 2, 26, 14, 1
11348, 10, 0, 26, 47, 1
11348, 10, 1, 27, 29, 1
11348, 10, 0, 27, 31, 1
11348, 10, 3, 27, 38, 1
11348, 10, 3, 27, 43, 1
11348, 10, 2, 28, 27, 1
11348, 10, 3, 28, 29, 1
11348, 10, 3, 28, 34, 1
11348, 10, 2, 29, 18, 1
11348, 10, 1, 29, 24, 1
11348, 10, 0, 29, 28, 1
11348, 10, 1, 29, 48, 1
11348, 10, 3, 30, 15, 1
11348, 10, 1, 31, 38, 1
11348, 10, 2, 32, 16, 1
11348, 10, 3, 32, 30, 1
11348, 10, 1, 34, 36, 1
11348, 10, 3, 35, 12, 1
11348, 10, 2, 35, 19, 1
11348, 10, 2, 35, 21, 1
11348, 10, 2, 35, 44, 1
11348, 10, 3, 37, 22, 1
11348, 10, 1, 38, 20, 1
11348, 10, 0, 39, 45, 1
11348, 10, 3, 41, 11, 1
11348, 10, 3, 41, 21, 1
11348, 10, 2, 41, 25, 1
11348, 10, 2, 42, 27, 1
11348, 10, 1, 42, 34, 1
11348, 10, 2, 43, 17, 1
11348, 10, 1, 43, 41, 1
11348, 10, 0, 44, 28, 1
11348, 10, 0, 44, 35, 1
11348, 10, 3, 45, 14, 1
11348, 10, 3, 45, 41, 1
11348, 10, 1, 45, 46, 1
11348, 10, 0, 47, 30, 1
11348, 10, 1, 47, 36, 1
11348, 10, 3, 47, 39, 1
11348, 10, 3, 51, 15, 1
11348, 10, 1, 53, 20, 1
11348, 10, 2, 53, 22, 1
11348, 10, 1, 53, 33, 1
11348, 10, 2, 54, 17, 1
11348, 10, 2, 54, 27, 1
11348, 10, 2, 55, 30, 1
11349, 10, 0, 12, 23, 0
11349, 10, 3, 13, 20, 0
11349, 10, 1, 13, 28, 0
11349, 10, 0, 13, 43, 0
11349, 10, 3, 16, 39, 0
11349, 10, 0, 16, 45, 0
11349, 10, 3, 17, 7, 0
11349, 10, 1, 17, 22, 0
11349, 10, 2, 18, 27, 0
11349, 10, 2, 19, 13, 0
11349, 10, 3, 19, 24, 0
11349, 10, 0, 19, 26, 0
11349, 10, 2, 19, 35, 0
11349, 10, 2, 21, 40, 0
11349, 10, 2, 22, 31, 0
11349, 10, 1, 22, 46, 0
11349, 10, 3, 23, 19, 0
11349, 10, 1, 23, 26, 0
11349, 10, 0, 25, 26, 0
11349, 10, 3, 25, 32, 0
11349, 10, 3, 26, 38, 0
11349, 10, 1, 29, 21, 0
11349, 10, 2, 29, 35, 0
11349, 10, 1, 30, 29, 0
11349, 10, 2, 30, 38, 0
11349, 10, 1, 30, 41, 0
11349, 10, 2, 31, 17, 0
11349, 10, 1, 32, 14, 0
11349, 10, 2, 32, 25, 0
11349, 10, 1, 32, 28, 0
11349, 10, 3, 32, 31, 0
11349, 10, 1, 32, 34, 0
11349, 10, 3, 33, 9, 0
11349, 10, 0, 33, 55, 0
11349, 10, 2, 34, 32, 0
11349, 10, 1, 34, 36, 0
11349, 10, 0, 35, 44, 0
11349, 10, 2, 36, 23, 0
11349, 10, 0, 37, 11, 0
11349, 10, 1, 38, 52, 0
11349, 10, 2, 39, 38, 0
11349, 10, 1, 40, 32, 0
11349, 10, 3, 41, 39, 0
11349, 10, 1, 41, 52, 0
11349, 10, 1, 42, 24, 0
11349, 10, 0, 42, 33, 0
11349, 10, 3, 44, 16, 0
11349, 10, 3, 44, 37, 0
11349, 10, 1, 45, 23, 0
11349, 10, 2, 45, 39, 0
11349, 10, 1, 48, 38, 0
11349, 10, 2, 49, 18, 0
11349, 10, 3, 49, 40, 0
11349, 10, 2, 51, 27, 0
11349, 10, 3, 52, 33, 0
11349, 10, 0, 52, 35, 0
11349, 10, 3, 52, 40, 0
11349, 10, 0, 53, 27, 0
11349, 10, 2, 53, 44, 0
11349, 10, 3, 55, 31, 0
11349, 10, 1, 57, 35, 0
11349, 10, 2, 58, 32, 0
11349, 10, 3, 17, 26, 1
11349, 10, 3, 18, 38, 1
11349, 10, 1, 20, 29, 1
11349, 10, 1, 23, 17, 1
11349, 10, 3, 23, 27, 1
11349, 10, 0, 23, 31, 1
11349, 10, 3, 24, 19, 1
11349, 10, 1, 25, 30, 1
11349, 10, 2, 26, 33, 1
11349, 10, 3, 26, 39, 1
11349, 10, 1, 27, 41, 1
11349, 10, 0, 28, 32, 1
11349, 10, 3, 28, 43, 1
11349, 10, 2, 29, 21, 1
11349, 10, 3, 31, 24, 1
11349, 10, 1, 31, 29, 1
11349, 10, 3, 31, 31, 1
11349, 10, 3, 31, 39, 1
11349, 10, 1, 32, 21, 1
11349, 10, 1, 32, 37, 1
11349, 10, 2, 34, 28, 1
11349, 10, 2, 34, 43, 1
11349, 10, 1, 35, 35, 1
11349, 10, 0, 36, 17, 1
11349, 10, 0, 36, 27, 1
11349, 10, 1, 37, 43, 1
11349, 10, 0, 39, 44, 1
11349, 10, 1, 40, 20, 1
11349, 10, 2, 41, 26, 1
11349, 10, 2, 42, 16, 1
11349, 10, 2, 43, 30, 1
11349, 10, 1, 43, 33, 1
11349, 10, 0, 44, 17, 1
11349, 10, 3, 44, 42, 1
11349, 10, 3, 46, 25, 1
11349, 10, 1, 46, 36, 1
11349, 10, 1, 46, 45, 1
11349, 10, 0, 49, 24, 1
11349, 10, 2, 49, 41, 1
11349, 10, 2, 50, 26, 1
11349, 10, 2, 53, 16, 1
11349, 10, 3, 53, 27, 1
11349, 10, 2, 54, 29, 1
11350, 10, 1, 10, 21, 0
11350, 10, 0, 12, 24, 0
11350, 10, 0, 13, 14, 0
11350, 10, 0, 14, 11, 0
11350, 10, 1, 14, 16, 0
11350, 10, 0, 14, 31, 0
11350, 10, 3, 15, 7, 0
11350, 10, 1, 15, 27, 0
11350, 10, 1, 15, 44, 0
11350, 10, 0, 16, 46, 0
11350, 10, 3, 17, 20, 0
11350, 10, 3, 17, 30, 0
11350, 10, 3, 20, 36, 0
11350, 10, 3, 21, 8, 0
11350, 10, 1, 21, 12, 0
11350, 10, 1, 21, 33, 0
11350, 10, 1, 21, 46, 0
11350, 10, 2, 22, 27, 0
11350, 10, 3, 23, 42, 0
11350, 10, 0, 24, 34, 0
11350, 10, 0, 24, 48, 0
11350, 10, 0, 25, 27, 0
11350, 10, 1, 25, 29, 0
11350, 10, 1, 26, 40, 0
11350, 10, 0, 27, 37, 0
11350, 10, 2, 27, 52, 0
11350, 10, 3, 29, 16, 0
11350, 10, 3, 29, 46, 0
11350, 10, 2, 29, 49, 0
11350, 10, 3, 30, 24, 0
11350, 10, 3, 30, 32, 0
11350, 10, 0, 32, 22, 0
11350, 10, 0, 33, 35, 0
11350, 10, 0, 33, 54, 0
11350, 10, 3, 34, 9, 0
11350, 10, 2, 34, 13, 0
11350, 10, 1, 35, 24, 0
11350, 10, 0, 36, 15, 0
11350, 10, 3, 36, 48, 0
11350, 10, 0, 37, 10, 0
11350, 10, 2, 37, 53, 0
11350, 10, 3, 40, 14, 0
11350, 10, 3, 40, 39, 0
11350, 10, 1, 40, 44, 0
11350, 10, 1, 40, 52, 0
11350, 10, 1, 41, 24, 0
11350, 10, 1, 41, 32, 0
11350, 10, 3, 42, 27, 0
11350, 10, 0, 42, 38, 0
11350, 10, 3, 42, 48, 0
11350, 10, 2, 43, 8, 0
11350, 10, 1, 46, 12, 0
11350, 10, 0, 46, 26, 0
11350, 10, 1, 47, 38, 0
11350, 10, 1, 48, 47, 0
11350, 10, 2, 49, 19, 0
11350, 10, 0, 49, 43, 0
11350, 10, 2, 50, 13, 0
11350, 10, 3, 50, 40, 0
11350, 10, 1, 51, 45, 0
11350, 10, 0, 52, 14, 0
11350, 10, 0, 53, 32, 0
11350, 10, 2, 53, 42, 0
11350, 10, 3, 56, 15, 0
11350, 10, 2, 57, 23, 0
11350, 10, 1, 58, 35, 0
11350, 10, 0, 17, 16, 1
11350, 10, 1, 17, 22, 1
11350, 10, 0, 17, 40, 1
11350, 10, 1, 21, 29, 1
11350, 10, 3, 21, 33, 1
11350, 10, 2, 22, 22, 1
11350, 10, 3, 22, 27, 1
11350, 10, 3, 23, 13, 1
11350, 10, 0, 24, 26, 1
11350, 10, 2, 24, 31, 1
11350, 10, 0, 25, 18, 1
11350, 10, 1, 25, 21, 1
11350, 10, 3, 26, 25, 1
11350, 10, 2, 26, 34, 1
11350, 10, 3, 29, 39, 1
11350, 10, 0, 29, 42, 1
11350, 10, 0, 30, 25, 1
11350, 10, 1, 31, 21, 1
11350, 10, 0, 32, 23, 1
11350, 10, 3, 32, 39, 1
11350, 10, 1, 33, 29, 1
11350, 10, 2, 34, 47, 1
11350, 10, 1, 35, 16, 1
11350, 10, 1, 35, 26, 1
11350, 10, 0, 36, 29, 1
11350, 10, 1, 36, 43, 1
11350, 10, 0, 37, 36, 1
11350, 10, 3, 38, 14, 1
11350, 10, 3, 38, 32, 1
11350, 10, 1, 38, 43, 1
11350, 10, 1, 41, 23, 1
11350, 10, 3, 42, 36, 1
11350, 10, 1, 42, 45, 1
11350, 10, 2, 44, 13, 1
11350, 10, 0, 44, 16, 1
11350, 10, 0, 45, 26, 1
11350, 10, 3, 45, 32, 1
11350, 10, 1, 47, 22, 1
11350, 10, 3, 47, 25, 1
11350, 10, 2, 49, 42, 1
11350, 10, 1, 50, 34, 1
11350, 10, 1, 51, 19, 1
11350, 10, 1, 51, 25, 1
11350, 10, 3, 51, 27, 1
11351, 10, 1, 9, 21, 0
11351, 10, 0, 11, 40, 0
11351, 10, 1, 12, 16, 0
11351, 10, 3, 12, 18, 0
11351, 10, 1, 13, 9, 0
11351, 10, 1, 13, 44, 0
11351, 10, 2, 14, 28, 0
11351, 10, 0, 14, 29, 0
11351, 10, 3, 15, 37, 0
11351, 10, 1, 15, 49, 0
11351, 10, 1, 16, 36, 0
11351, 10, 3, 17, 24, 0
11351, 10, 3, 18, 20, 0
11351, 10, 2, 18, 22, 0
11351, 10, 0, 18, 24, 0
11351, 10, 3, 18, 26, 0
11351, 10, 2, 19, 29, 0
11351, 10, 1, 20, 22, 0
11351, 10, 2, 22, 28, 0
11351, 10, 3, 22, 30, 0
11351, 10, 3, 22, 36, 0
11351, 10, 3, 23, 8, 0
11351, 10, 2, 23, 34, 0
11351, 10, 1, 23, 36, 0
11351, 10, 3, 23, 37, 0
11351, 10, 2, 23, 39, 0
11351, 10, 2, 23, 46, 0
11351, 10, 1, 24, 29, 0
11351, 10, 0, 24, 32, 0
11351, 10, 0, 25, 38, 0
11351, 10, 1, 25, 40, 0
11351, 10, 3, 25, 42, 0
11351, 10, 1, 25, 53, 0
11351, 10, 2, 27, 53, 0
11351, 10, 0, 28, 23, 0
11351, 10, 1, 29, 15, 0
11351, 10, 1, 30, 35, 0
11351, 10, 3, 31, 16, 0
11351, 10, 2, 31, 21, 0
11351, 10, 0, 31, 31, 0
11351, 10, 2, 31, 41, 0
11351, 10, 3, 31, 46, 0
11351, 10, 2, 32, 20, 0
11351, 10, 3, 32, 24, 0
11351, 10, 1, 32, 37, 0
11351, 10, 0, 32, 48, 0
11351, 10, 2, 33, 28, 0
11351, 10, 0, 33, 41, 0
11351, 10, 0, 33, 47, 0
11351, 10, 0, 33, 52, 0
11351, 10, 1, 33, 56, 0
11351, 10, 2, 34, 14, 0
11351, 10, 3, 34, 20, 0
11351, 10, 3, 34, 30, 0
11351, 10, 0, 34, 39, 0
11351, 10, 3, 35, 9, 0
11351, 10, 1, 35, 45, 0
11351, 10, 3, 36, 10, 0
11351, 10, 2, 36, 36, 0
11351, 10, 1, 37, 12, 0
11351, 10, 1, 37, 21, 0
11351, 10, 2, 37, 45, 0
11351, 10, 0, 37, 46, 0
11351, 10, 1, 38, 22, 0
11351, 10, 3, 39, 36, 0
11351, 10, 0, 40, 6, 0
11351, 10, 1, 40, 24, 0
11351, 10, 1, 41, 13, 0
11351, 10, 3, 41, 14, 0
11351, 10, 1, 42, 15, 0
11351, 10, 1, 42, 34, 0
11351, 10, 0, 42, 37, 0
11351, 10, 2, 42, 45, 0
11351, 10, 1, 43, 35, 0
11351, 10, 3, 44, 27, 0
11351, 10, 3, 44, 48, 0
11351, 10, 2, 46, 23, 0
11351, 10, 2, 46, 42, 0
11351, 10, 0, 47, 35, 0
11351, 10, 0, 47, 40, 0
11351, 10, 1, 47, 47, 0
11351, 10, 3, 48, 7, 0
11351, 10, 3, 49, 8, 0
11351, 10, 3, 49, 24, 0
11351, 10, 3, 50, 10, 0
11351, 10, 2, 50, 14, 0
11351, 10, 0, 50, 22, 0
11351, 10, 2, 50, 38, 0
11351, 10, 0, 51, 33, 0
11351, 10, 0, 52, 13, 0
11351, 10, 2, 53, 30, 0
11351, 10, 0, 53, 31, 0
11351, 10, 3, 54, 39, 0
11351, 10, 2, 54, 47, 0
11351, 10, 0, 57, 14, 0
11351, 10, 3, 58, 24, 0
11351, 10, 2, 58, 26, 0
11351, 10, 2, 59, 18, 0
11351, 10, 3, 59, 20, 0
11351, 10, 2, 60, 17, 0
11351, 10, 2, 60, 36, 0
11351, 10, 1, 16, 22, 1
11351, 10, 0, 16, 26, 1
11351, 10, 1, 16, 42, 1
11351, 10, 0, 17, 14, 1
11351, 10, 0, 17, 38, 1
11351, 10, 0, 18, 12, 1
11351, 10, 0, 19, 32, 1
11351, 10, 0, 20, 11, 1
11351, 10, 2, 21, 24, 1
11351, 10, 2, 22, 23, 1
11351, 10, 0, 22, 32, 1
11351, 10, 0, 23, 23, 1
11351, 10, 1, 23, 25, 1
11351, 10, 2, 23, 45, 1
11351, 10, 1, 25, 46, 1
11351, 10, 2, 26, 30, 1
11351, 10, 3, 26, 32, 1
11351, 10, 1, 27, 24, 1
11351, 10, 1, 27, 37, 1
11351, 10, 3, 28, 25, 1
11351, 10, 1, 28, 33, 1
11351, 10, 1, 29, 17, 1
11351, 10, 3, 29, 29, 1
11351, 10, 1, 29, 38, 1
11351, 10, 1, 30, 21, 1
11351, 10, 0, 30, 24, 1
11351, 10, 0, 32, 22, 1
11351, 10, 1, 33, 16, 1
11351, 10, 3, 33, 17, 1
11351, 10, 2, 33, 37, 1
11351, 10, 3, 33, 39, 1
11351, 10, 2, 33, 49, 1
11351, 10, 0, 34, 38, 1
11351, 10, 2, 34, 48, 1
11351, 10, 1, 35, 43, 1
11351, 10, 1, 36, 18, 1
11351, 10, 1, 37, 20, 1
11351, 10, 3, 38, 22, 1
11351, 10, 1, 40, 23, 1
11351, 10, 2, 40, 29, 1
11351, 10, 0, 40, 30, 1
11351, 10, 1, 40, 34, 1
11351, 10, 0, 41, 29, 1
11351, 10, 2, 41, 46, 1
11351, 10, 2, 42, 28, 1
11351, 10, 3, 43, 29, 1
11351, 10, 2, 44, 14, 1
11351, 10, 2, 44, 24, 1
11351, 10, 3, 44, 36, 1
11351, 10, 2, 45, 23, 1
11351, 10, 0, 45, 25, 1
11351, 10, 3, 45, 37, 1
11351, 10, 3, 46, 14, 1
11351, 10, 0, 47, 14, 1
11351, 10, 2, 47, 45, 1
11351, 10, 3, 49, 39, 1
11351, 10, 2, 49, 43, 1
11351, 10, 2, 52, 35, 1
11351, 10, 3, 53, 15, 1
11352, 10, 3, 12, 20, 0
11352, 10, 0, 12, 40, 0
11352, 10, 1, 14, 9, 0
11352, 10, 2, 14, 27, 0
11352, 10, 2, 15, 23, 0
11352, 10, 3, 15, 24, 0
11352, 10, 3, 15, 39, 0
11352, 10, 1, 16, 35, 0
11352, 10, 3, 17, 26, 0
11352, 10, 1, 18, 36, 0
11352, 10, 0, 18, 38, 0
11352, 10, 2, 19, 12, 0
11352, 10, 2, 19, 46, 0
11352, 10, 1, 21, 22, 0
11352, 10, 0, 21, 23, 0
11352, 10, 2, 21, 39, 0
11352, 10, 3, 22, 37, 0
11352, 10, 3, 23, 9, 0
11352, 10, 2, 23, 45, 0
11352, 10, 1, 24, 45, 0
11352, 10, 3, 25, 44, 0
11352, 10, 1, 25, 52, 0
11352, 10, 0, 26, 18, 0
11352, 10, 2, 26, 22, 0
11352, 10, 3, 26, 24, 0
11352, 10, 1, 27, 36, 0
11352, 10, 0, 28, 24, 0
11352, 10, 1, 29, 13, 0
11352, 10, 2, 29, 33, 0
11352, 10, 1, 30, 33, 0
11352, 10, 2, 31, 20, 0
11352, 10, 0, 31, 32, 0
11352, 10, 1, 33, 34, 0
11352, 10, 0, 33, 48, 0
11352, 10, 3, 34, 21, 0
11352, 10, 0, 34, 41, 0
11352, 10, 1, 34, 51, 0
11352, 10, 0, 34, 52, 0
11352, 10, 3, 35, 10, 0
11352, 10, 0, 35, 39, 0
11352, 10, 1, 37, 20, 0
11352, 10, 2, 37, 44, 0
11352, 10, 0, 37, 48, 0
11352, 10, 1, 38, 21, 0
11352, 10, 0, 40, 7, 0
11352, 10, 1, 40, 22, 0
11352, 10, 1, 41, 12, 0
11352, 10, 3, 41, 16, 0
11352, 10, 1, 42, 13, 0
11352, 10, 2, 42, 44, 0
11352, 10, 3, 43, 10, 0
11352, 10, 1, 43, 34, 0
11352, 10, 3, 44, 28, 0
11352, 10, 0, 45, 10, 0
11352, 10, 2, 45, 12, 0
11352, 10, 0, 45, 28, 0
11352, 10, 2, 45, 38, 0
11352, 10, 2, 45, 42, 0
11352, 10, 2, 46, 22, 0
11352, 10, 0, 47, 36, 0
11352, 10, 3, 48, 8, 0
11352, 10, 3, 49, 10, 0
11352, 10, 3, 49, 25, 0
11352, 10, 1, 49, 42, 0
11352, 10, 2, 50, 45, 0
11352, 10, 2, 51, 30, 0
11352, 10, 1, 52, 25, 0
11352, 10, 1, 53, 20, 0
11352, 10, 0, 53, 22, 0
11352, 10, 0, 57, 15, 0
11352, 10, 3, 57, 24, 0
11352, 10, 2, 57, 26, 0
11352, 10, 2, 58, 18, 0
11352, 10, 3, 58, 20, 0
11352, 10, 2, 59, 17, 0
11352, 10, 1, 17, 42, 1
11352, 10, 0, 18, 14, 1
11352, 10, 0, 20, 12, 1
11352, 10, 2, 20, 18, 1
11352, 10, 3, 20, 20, 1
11352, 10, 0, 20, 37, 1
11352, 10, 2, 21, 23, 1
11352, 10, 0, 22, 33, 1
11352, 10, 0, 23, 32, 1
11352, 10, 2, 23, 43, 1
11352, 10, 1, 24, 25, 1
11352, 10, 3, 24, 32, 1
11352, 10, 2, 24, 37, 1
11352, 10, 1, 25, 17, 1
11352, 10, 3, 26, 16, 1
11352, 10, 2, 26, 29, 1
11352, 10, 1, 26, 46, 1
11352, 10, 1, 27, 22, 1
11352, 10, 3, 29, 19, 1
11352, 10, 2, 29, 20, 1
11352, 10, 3, 29, 31, 1
11352, 10, 1, 29, 33, 1
11352, 10, 0, 29, 34, 1
11352, 10, 1, 29, 37, 1
11352, 10, 1, 29, 41, 1
11352, 10, 1, 30, 17, 1
11352, 10, 0, 30, 19, 1
11352, 10, 1, 30, 20, 1
11352, 10, 3, 32, 17, 1
11352, 10, 3, 33, 18, 1
11352, 10, 1, 33, 21, 1
11352, 10, 0, 33, 22, 1
11352, 10, 2, 33, 36, 1
11352, 10, 3, 33, 40, 1
11352, 10, 2, 33, 48, 1
11352, 10, 2, 34, 26, 1
11352, 10, 0, 34, 40, 1
11352, 10, 2, 34, 42, 1
11352, 10, 3, 35, 22, 1
11352, 10, 1, 35, 42, 1
11352, 10, 0, 36, 38, 1
11352, 10, 1, 37, 18, 1
11352, 10, 1, 37, 35, 1
11352, 10, 3, 38, 23, 1
11352, 10, 0, 39, 14, 1
11352, 10, 2, 39, 29, 1
11352, 10, 2, 39, 33, 1
11352, 10, 3, 39, 35, 1
11352, 10, 2, 40, 28, 1
11352, 10, 0, 40, 32, 1
11352, 10, 1, 40, 33, 1
11352, 10, 0, 41, 30, 1
11352, 10, 2, 41, 45, 1
11352, 10, 2, 42, 14, 1
11352, 10, 2, 42, 41, 1
11352, 10, 3, 42, 42, 1
11352, 10, 3, 43, 18, 1
11352, 10, 1, 43, 20, 1
11352, 10, 0, 43, 21, 1
11352, 10, 0, 44, 18, 1
11352, 10, 2, 44, 23, 1
11352, 10, 1, 44, 33, 1
11352, 10, 3, 44, 37, 1
11352, 10, 2, 45, 22, 1
11352, 10, 3, 46, 15, 1
11352, 10, 0, 46, 41, 1
11352, 10, 0, 47, 15, 1
11352, 10, 1, 47, 29, 1
11352, 10, 0, 47, 32, 1
11352, 10, 2, 47, 43, 1
11352, 10, 2, 48, 34, 1
11352, 10, 0, 49, 25, 1
11352, 10, 2, 50, 19, 1
11352, 10, 3, 50, 21, 1
11352, 10, 2, 50, 25, 1
11352, 10, 2, 52, 33, 1
11353, 10, 1, 11, 22, 0
11353, 10, 0, 11, 25, 0
11353, 10, 1, 12, 42, 0
11353, 10, 0, 14, 7, 0
11353, 10, 1, 14, 34, 0
11353, 10, 1, 15, 17, 0
11353, 10, 1, 16, 28, 0
11353, 10, 2, 18, 48, 0
11353, 10, 2, 19, 17, 0
11353, 10, 2, 19, 33, 0
11353, 10, 3, 20, 7, 0
11353, 10, 3, 22, 41, 0
11353, 10, 1, 27, 41, 0
11353, 10, 0, 28, 9, 0
11353, 10, 3, 28, 45, 0
11353, 10, 2, 28, 51, 0
11353, 10, 2, 30, 48, 0
11353, 10, 3, 31, 9, 0
11353, 10, 1, 32, 23, 0
11353, 10, 1, 34, 43, 0
11353, 10, 2, 35, 12, 0
11353, 10, 0, 35, 16, 0
11353, 10, 3, 35, 33, 0
11353, 10, 2, 36, 24, 0
11353, 10, 0, 36, 37, 0
11353, 10, 2, 36, 55, 0
11353, 10, 0, 38, 8, 0
11353, 10, 0, 38, 27, 0
11353, 10, 1, 38, 33, 0
11353, 10, 2, 39, 33, 0
11353, 10, 3, 41, 47, 0
11353, 10, 3, 43, 7, 0
11353, 10, 2, 43, 51, 0
11353, 10, 2, 44, 14, 0
11353, 10, 0, 46, 8, 0
11353, 10, 2, 46, 34, 0
11353, 10, 1, 47, 13, 0
11353, 10, 3, 48, 16, 0
11353, 10, 2, 48, 21, 0
11353, 10, 0, 48, 44, 0
11353, 10, 3, 49, 36, 0
11353, 10, 2, 49, 47, 0
11353, 10, 3, 50, 12, 0
11353, 10, 2, 50, 33, 0
11353, 10, 0, 51, 15, 0
11353, 10, 1, 51, 19, 0
11353, 10, 3, 52, 28, 0
11353, 10, 1, 52, 46, 0
11353, 10, 3, 55, 14, 0
11353, 10, 2, 56, 28, 0
11353, 10, 2, 56, 36, 0
11353, 10, 2, 58, 22, 0
11353, 10, 3, 59, 33, 0
11353, 10, 1, 17, 29, 1
11353, 10, 1, 18, 23, 1
11353, 10, 1, 18, 44, 1
11353, 10, 1, 20, 35, 1
11353, 10, 3, 21, 26, 1
11353, 10, 3, 22, 12, 1
11353, 10, 3, 22, 21, 1
11353, 10, 1, 22, 30, 1
11353, 10, 1, 23, 20, 1
11353, 10, 3, 24, 39, 1
11353, 10, 3, 25, 24, 1
11353, 10, 2, 26, 42, 1
11353, 10, 0, 26, 44, 1
11353, 10, 3, 28, 17, 1
11353, 10, 3, 30, 22, 1
11353, 10, 2, 30, 23, 1
11353, 10, 1, 30, 29, 1
11353, 10, 1, 30, 48, 1
11353, 10, 0, 34, 13, 1
11353, 10, 2, 34, 29, 1
11353, 10, 0, 35, 30, 1
11353, 10, 3, 37, 13, 1
11353, 10, 2, 38, 31, 1
11353, 10, 1, 39, 20, 1
11353, 10, 0, 40, 12, 1
11353, 10, 3, 40, 24, 1
11353, 10, 3, 44, 12, 1
11353, 10, 3, 44, 31, 1
11353, 10, 2, 44, 40, 1
11353, 10, 1, 45, 36, 1
11353, 10, 1, 48, 23, 1
11353, 10, 3, 50, 15, 1
11353, 10, 2, 52, 25, 1
11353, 10, 2, 54, 32, 1
11356, 10, 3, 54, 30, 2
