319, 22, 1, 6, 48, 0
319, 22, 3, 7, 47, 0
319, 22, 0, 7, 48, 0
319, 22, 0, 7, 49, 0
319, 22, 2, 8, 47, 0
319, 22, 3, 8, 48, 0
319, 22, 1, 9, 47, 0
319, 22, 2, 10, 47, 0
319, 22, 0, 11, 47, 0
319, 22, 3, 21, 19, 0
319, 22, 1, 22, 20, 0
319, 22, 0, 23, 19, 0
319, 22, 2, 26, 52, 0
319, 22, 3, 27, 12, 0
319, 22, 0, 27, 13, 0
319, 22, 2, 28, 12, 0
319, 22, 1, 28, 13, 0
319, 22, 1, 28, 35, 0
319, 22, 2, 29, 13, 0
319, 22, 1, 29, 44, 0
319, 22, 3, 30, 14, 0
319, 22, 2, 30, 45, 0
319, 22, 1, 40, 33, 0
319, 22, 2, 41, 34, 0
319, 22, 1, 41, 50, 0
319, 22, 0, 42, 33, 0
319, 22, 3, 42, 34, 0
319, 22, 0, 42, 50, 0
319, 22, 3, 42, 51, 0
319, 22, 1, 43, 14, 0
319, 22, 0, 43, 15, 0
319, 22, 2, 48, 19, 0
319, 22, 2, 50, 48, 0
319, 22, 0, 51, 30, 0
319, 22, 1, 51, 50, 0
319, 22, 3, 56, 34, 0
319, 22, 0, 57, 30, 0
319, 22, 1, 57, 35, 0
319, 22, 1, 58, 5, 0
319, 22, 0, 61, 16, 0
319, 22, 3, 1, 5, 2
319, 22, 2, 1, 6, 2
319, 22, 1, 2, 16, 2
319, 22, 1, 4, 36, 2
319, 22, 1, 4, 50, 2
319, 22, 0, 11, 1, 2
319, 22, 3, 13, 18, 2
319, 22, 1, 17, 26, 2
319, 22, 0, 17, 27, 2
319, 22, 2, 22, 8, 2
319, 22, 0, 23, 34, 2
319, 22, 1, 23, 35, 2
319, 22, 2, 23, 43, 2
319, 22, 3, 23, 53, 2
319, 22, 1, 24, 1, 2
319, 22, 3, 24, 21, 2
319, 22, 3, 29, 27, 2
319, 22, 2, 30, 26, 2
319, 22, 1, 31, 48, 2
319, 22, 3, 32, 48, 2
319, 22, 0, 32, 49, 2
319, 22, 1, 34, 55, 2
319, 22, 0, 35, 55, 2
319, 22, 1, 38, 17, 2
319, 22, 0, 48, 11, 2
319, 22, 2, 48, 16, 2
319, 22, 3, 48, 23, 2
319, 22, 3, 49, 16, 2
319, 22, 3, 51, 4, 2
319, 22, 3, 51, 45, 2
319, 22, 0, 52, 45, 2
319, 22, 0, 53, 13, 2
319, 22, 2, 53, 55, 2
319, 22, 3, 54, 12, 2
319, 22, 0, 54, 33, 2
319, 22, 1, 55, 14, 2
319, 22, 1, 55, 27, 2
319, 22, 1, 57, 38, 2
319, 22, 2, 58, 38, 2
319, 22, 3, 58, 39, 2
319, 22, 2, 59, 8, 2
320, 22, 2, 7, 50, 0
320, 22, 2, 7, 51, 0
320, 22, 0, 8, 49, 0
320, 22, 1, 8, 50, 0
320, 22, 2, 9, 48, 0
320, 22, 3, 9, 49, 0
320, 22, 1, 10, 48, 0
320, 22, 0, 10, 50, 0
320, 22, 0, 11, 48, 0
320, 22, 2, 12, 47, 0
320, 22, 3, 12, 48, 0
320, 22, 3, 12, 52, 0
320, 22, 1, 13, 47, 0
320, 22, 0, 14, 47, 0
320, 22, 1, 14, 49, 0
320, 22, 2, 15, 47, 0
320, 22, 1, 15, 61, 0
320, 22, 3, 16, 48, 0
320, 22, 0, 17, 44, 0
320, 22, 3, 17, 45, 0
320, 22, 2, 17, 46, 0
320, 22, 2, 17, 60, 0
320, 22, 1, 18, 45, 0
320, 22, 1, 19, 48, 0
320, 22, 2, 20, 18, 0
320, 22, 3, 20, 19, 0
320, 22, 1, 21, 18, 0
320, 22, 0, 21, 20, 0
320, 22, 1, 21, 21, 0
320, 22, 3, 22, 17, 0
320, 22, 0, 22, 18, 0
320, 22, 3, 22, 19, 0
320, 22, 2, 22, 21, 0
320, 22, 3, 22, 23, 0
320, 22, 2, 23, 18, 0
320, 22, 0, 23, 39, 0
320, 22, 1, 24, 18, 0
320, 22, 0, 24, 19, 0
320, 22, 1, 24, 38, 0
320, 22, 2, 24, 39, 0
320, 22, 3, 25, 12, 0
320, 22, 2, 25, 15, 0
320, 22, 3, 25, 53, 0
320, 22, 0, 25, 54, 0
320, 22, 3, 25, 61, 0
320, 22, 3, 26, 12, 0
320, 22, 2, 26, 13, 0
320, 22, 2, 26, 53, 0
320, 22, 0, 26, 60, 0
320, 22, 1, 27, 14, 0
320, 22, 3, 27, 33, 0
320, 22, 1, 27, 35, 0
320, 22, 2, 27, 36, 0
320, 22, 0, 27, 53, 0
320, 22, 2, 27, 60, 0
320, 22, 0, 28, 14, 0
320, 22, 0, 28, 34, 0
320, 22, 3, 29, 11, 0
320, 22, 2, 29, 12, 0
320, 22, 3, 29, 14, 0
320, 22, 2, 29, 15, 0
320, 22, 1, 29, 43, 0
320, 22, 0, 30, 12, 0
320, 22, 1, 30, 13, 0
320, 22, 1, 30, 15, 0
320, 22, 3, 30, 43, 0
320, 22, 3, 30, 44, 0
320, 22, 3, 31, 11, 0
320, 22, 1, 31, 13, 0
320, 22, 3, 31, 14, 0
320, 22, 0, 31, 15, 0
320, 22, 1, 31, 16, 0
320, 22, 2, 31, 44, 0
320, 22, 1, 31, 45, 0
320, 22, 0, 32, 43, 0
320, 22, 2, 32, 45, 0
320, 22, 3, 34, 45, 0
320, 22, 3, 35, 28, 0
320, 22, 0, 37, 9, 0
320, 22, 1, 38, 32, 0
320, 22, 3, 39, 32, 0
320, 22, 3, 39, 33, 0
320, 22, 1, 40, 31, 0
320, 22, 2, 40, 32, 0
320, 22, 2, 40, 49, 0
320, 22, 3, 40, 50, 0
320, 22, 1, 41, 32, 0
320, 22, 0, 41, 33, 0
320, 22, 1, 41, 42, 0
320, 22, 1, 41, 48, 0
320, 22, 1, 41, 49, 0
320, 22, 0, 41, 51, 0
320, 22, 1, 41, 52, 0
320, 22, 1, 42, 13, 0
320, 22, 3, 42, 14, 0
320, 22, 2, 42, 15, 0
320, 22, 0, 42, 49, 0
320, 22, 0, 42, 52, 0
320, 22, 3, 42, 53, 0
320, 22, 1, 43, 11, 0
320, 22, 0, 43, 13, 0
320, 22, 1, 43, 16, 0
320, 22, 2, 43, 32, 0
320, 22, 3, 43, 49, 0
320, 22, 1, 43, 50, 0
320, 22, 1, 43, 51, 0
320, 22, 2, 44, 13, 0
320, 22, 2, 44, 14, 0
320, 22, 0, 44, 15, 0
320, 22, 0, 44, 17, 0
320, 22, 2, 44, 31, 0
320, 22, 0, 44, 32, 0
320, 22, 1, 45, 14, 0
320, 22, 3, 45, 24, 0
320, 22, 2, 45, 46, 0
320, 22, 1, 46, 18, 0
320, 22, 0, 47, 18, 0
320, 22, 3, 47, 19, 0
320, 22, 2, 47, 20, 0
320, 22, 2, 47, 51, 0
320, 22, 0, 48, 49, 0
320, 22, 1, 48, 50, 0
320, 22, 0, 48, 53, 0
320, 22, 3, 50, 55, 0
320, 22, 0, 51, 29, 0
320, 22, 3, 52, 29, 0
320, 22, 1, 52, 30, 0
320, 22, 0, 55, 29, 0
320, 22, 2, 56, 5, 0
320, 22, 3, 56, 6, 0
320, 22, 3, 56, 30, 0
320, 22, 1, 56, 31, 0
320, 22, 3, 56, 33, 0
320, 22, 1, 57, 5, 0
320, 22, 1, 57, 31, 0
320, 22, 2, 57, 34, 0
320, 22, 0, 58, 4, 0
320, 22, 0, 58, 6, 0
320, 22, 1, 58, 32, 0
320, 22, 0, 58, 35, 0
320, 22, 2, 59, 4, 0
320, 22, 1, 59, 5, 0
320, 22, 0, 59, 15, 0
320, 22, 1, 59, 36, 0
320, 22, 3, 60, 16, 0
320, 22, 2, 61, 15, 0
320, 22, 0, 62, 16, 0
320, 22, 0, 2, 7, 2
320, 22, 2, 2, 34, 2
320, 22, 2, 3, 5, 2
320, 22, 1, 3, 6, 2
320, 22, 3, 3, 14, 2
320, 22, 2, 3, 15, 2
320, 22, 3, 3, 18, 2
320, 22, 0, 3, 34, 2
320, 22, 1, 3, 35, 2
320, 22, 1, 3, 37, 2
320, 22, 1, 3, 50, 2
320, 22, 3, 4, 4, 2
320, 22, 1, 4, 8, 2
320, 22, 3, 4, 14, 2
320, 22, 1, 4, 16, 2
320, 22, 0, 4, 17, 2
320, 22, 2, 4, 20, 2
320, 22, 3, 4, 34, 2
320, 22, 2, 4, 38, 2
320, 22, 3, 4, 49, 2
320, 22, 2, 4, 51, 2
320, 22, 0, 5, 4, 2
320, 22, 3, 5, 12, 2
320, 22, 2, 5, 35, 2
320, 22, 0, 5, 37, 2
320, 22, 3, 5, 38, 2
320, 22, 2, 5, 50, 2
320, 22, 3, 5, 59, 2
320, 22, 1, 6, 16, 2
320, 22, 3, 6, 33, 2
320, 22, 1, 6, 36, 2
320, 22, 0, 6, 38, 2
320, 22, 1, 6, 41, 2
320, 22, 2, 7, 29, 2
320, 22, 2, 9, 2, 2
320, 22, 3, 9, 27, 2
320, 22, 3, 10, 3, 2
320, 22, 0, 11, 3, 2
320, 22, 1, 12, 2, 2
320, 22, 2, 12, 3, 2
320, 22, 0, 12, 18, 2
320, 22, 3, 13, 4, 2
320, 22, 1, 13, 17, 2
320, 22, 0, 13, 19, 2
320, 22, 3, 14, 17, 2
320, 22, 1, 14, 18, 2
320, 22, 2, 16, 26, 2
320, 22, 0, 16, 27, 2
320, 22, 2, 17, 25, 2
320, 22, 1, 17, 28, 2
320, 22, 3, 18, 27, 2
320, 22, 1, 22, 3, 2
320, 22, 2, 22, 7, 2
320, 22, 1, 22, 34, 2
320, 22, 0, 22, 35, 2
320, 22, 0, 23, 2, 2
320, 22, 1, 23, 8, 2
320, 22, 2, 23, 33, 2
320, 22, 2, 23, 44, 2
320, 22, 1, 23, 52, 2
320, 22, 1, 24, 3, 2
320, 22, 0, 24, 22, 2
320, 22, 2, 24, 33, 2
320, 22, 1, 24, 43, 2
320, 22, 2, 25, 3, 2
320, 22, 1, 25, 21, 2
320, 22, 3, 26, 2, 2
320, 22, 0, 27, 4, 2
320, 22, 3, 27, 10, 2
320, 22, 3, 27, 38, 2
320, 22, 3, 28, 51, 2
320, 22, 3, 29, 25, 2
320, 22, 3, 29, 26, 2
320, 22, 2, 30, 27, 2
320, 22, 1, 30, 34, 2
320, 22, 2, 31, 34, 2
320, 22, 0, 31, 47, 2
320, 22, 0, 33, 5, 2
320, 22, 2, 33, 48, 2
320, 22, 2, 33, 49, 2
320, 22, 0, 35, 54, 2
320, 22, 3, 35, 56, 2
320, 22, 1, 36, 55, 2
320, 22, 1, 38, 18, 2
320, 22, 2, 39, 14, 2
320, 22, 3, 40, 5, 2
320, 22, 3, 40, 6, 2
320, 22, 3, 44, 6, 2
320, 22, 0, 44, 7, 2
320, 22, 1, 47, 11, 2
320, 22, 0, 47, 16, 2
320, 22, 0, 47, 29, 2
320, 22, 3, 47, 30, 2
320, 22, 2, 48, 12, 2
320, 22, 3, 48, 15, 2
320, 22, 1, 49, 17, 2
320, 22, 0, 51, 5, 2
320, 22, 3, 52, 4, 2
320, 22, 1, 52, 44, 2
320, 22, 1, 52, 55, 2
320, 22, 2, 52, 56, 2
320, 22, 3, 53, 12, 2
320, 22, 0, 53, 33, 2
320, 22, 3, 53, 54, 2
320, 22, 3, 53, 56, 2
320, 22, 2, 54, 11, 2
320, 22, 0, 54, 13, 2
320, 22, 1, 54, 14, 2
320, 22, 3, 54, 34, 2
320, 22, 3, 54, 55, 2
320, 22, 2, 55, 15, 2
320, 22, 2, 55, 26, 2
320, 22, 1, 56, 27, 2
320, 22, 2, 56, 38, 2
320, 22, 2, 57, 37, 2
320, 22, 3, 57, 39, 2
320, 22, 1, 58, 8, 2
320, 22, 2, 59, 9, 2
320, 22, 1, 59, 38, 2
320, 22, 0, 59, 39, 2
320, 22, 1, 60, 11, 2
320, 22, 1, 60, 18, 2
320, 22, 3, 61, 7, 2
320, 22, 0, 61, 11, 2
320, 22, 3, 61, 18, 2
320, 22, 1, 62, 39, 2
320, 22, 0, 62, 40, 2
321, 22, 2, 2, 5, 2
321, 22, 1, 2, 6, 2
321, 22, 0, 2, 15, 2
321, 22, 3, 3, 4, 2
321, 22, 3, 3, 16, 2
321, 22, 2, 3, 17, 2
321, 22, 3, 3, 36, 2
321, 22, 0, 4, 35, 2
321, 22, 2, 4, 37, 2
321, 22, 1, 5, 36, 2
321, 22, 0, 10, 2, 2
321, 22, 1, 11, 2, 2
321, 22, 2, 23, 1, 2
321, 22, 3, 24, 2, 2
321, 22, 0, 25, 2, 2
471, 10, 1, 7, 58, 0
471, 10, 3, 50, 51, 0
472, 10, 0, 7, 60, 0
472, 10, 0, 15, 12, 0
472, 10, 3, 17, 10, 0
472, 10, 2, 42, 58, 0
472, 10, 0, 5, 23, 2
473, 10, 0, 9, 58, 0
473, 10, 2, 31, 59, 0
473, 10, 2, 42, 56, 0
473, 10, 0, 44, 57, 0
473, 10, 2, 48, 51, 0
474, 10, 3, 7, 62, 0
474, 10, 1, 8, 56, 0
474, 10, 0, 9, 60, 0
474, 10, 1, 15, 51, 0
474, 10, 0, 16, 14, 0
474, 10, 0, 17, 12, 0
474, 10, 0, 19, 10, 0
474, 10, 1, 31, 62, 0
474, 10, 0, 35, 22, 0
474, 10, 1, 40, 45, 0
474, 10, 2, 40, 57, 0
474, 10, 3, 49, 49, 0
474, 10, 3, 49, 53, 0
474, 10, 0, 4, 21, 2
474, 10, 0, 26, 8, 2
543, 10, 0, 11, 51, 1
543, 10, 3, 11, 59, 1
543, 10, 3, 14, 53, 1
543, 10, 1, 17, 61, 1
543, 10, 0, 18, 14, 1
543, 10, 0, 18, 49, 1
543, 10, 3, 19, 18, 1
543, 10, 2, 19, 57, 1
543, 10, 1, 21, 12, 1
543, 10, 2, 23, 14, 1
543, 10, 1, 31, 59, 1
543, 10, 3, 32, 42, 1
543, 10, 2, 33, 10, 1
543, 10, 1, 33, 18, 1
543, 10, 3, 34, 25, 1
543, 10, 0, 36, 7, 1
543, 10, 0, 37, 10, 1
543, 10, 0, 38, 30, 1
543, 10, 0, 38, 41, 1
543, 10, 1, 39, 48, 1
543, 10, 3, 43, 10, 1
543, 10, 0, 43, 22, 1
543, 10, 2, 43, 44, 1
543, 10, 1, 43, 53, 1
543, 10, 3, 46, 39, 1
543, 10, 2, 46, 47, 1
543, 10, 2, 54, 30, 1
543, 10, 0, 61, 4, 1
652, 22, 0, 24, 27, 0
652, 22, 0, 42, 46, 0
653, 22, 0, 43, 44, 0
653, 22, 1, 48, 7, 0
654, 22, 3, 18, 57, 0
654, 22, 3, 44, 47, 0
731, 10, 1, 31, 5, 0
731, 10, 0, 32, 38, 0
731, 10, 1, 33, 36, 0
731, 10, 0, 36, 4, 0
731, 10, 3, 36, 42, 0
731, 10, 2, 37, 37, 0
731, 10, 3, 42, 6, 0
731, 10, 1, 45, 42, 0
731, 10, 0, 50, 38, 0
731, 10, 2, 51, 42, 0
731, 10, 3, 60, 33, 0
732, 10, 3, 35, 4, 0
732, 10, 1, 35, 39, 0
732, 10, 2, 36, 3, 0
732, 10, 1, 38, 5, 0
732, 10, 2, 49, 36, 0
732, 10, 0, 50, 41, 0
732, 10, 0, 61, 34, 0
732, 10, 3, 62, 37, 0
1171, 11, 1, 51, 53, 0
1417, 9, 3, 23, 20, 0
1417, 0, 0, 23, 21, 0
1417, 0, 0, 23, 22, 0
1417, 0, 0, 23, 23, 0
1417, 9, 0, 23, 24, 0
1417, 0, 3, 24, 20, 0
1417, 0, 1, 24, 24, 0
1417, 9, 3, 25, 19, 0
1417, 1, 3, 25, 20, 0
1417, 0, 1, 25, 24, 0
1417, 0, 3, 26, 19, 0
1417, 1, 0, 26, 24, 0
1417, 9, 0, 26, 25, 0
1417, 9, 2, 27, 19, 0
1417, 1, 2, 27, 20, 0
1417, 0, 1, 27, 25, 0
1417, 0, 3, 28, 20, 0
1417, 1, 0, 28, 25, 0
1417, 0, 0, 28, 26, 0
1417, 0, 0, 28, 27, 0
1417, 9, 0, 28, 28, 0
1417, 9, 2, 29, 20, 0
1417, 1, 2, 29, 21, 0
1417, 0, 1, 29, 28, 0
1417, 9, 2, 30, 21, 0
1417, 0, 2, 30, 22, 0
1417, 0, 2, 30, 23, 0
1417, 1, 2, 30, 24, 0
1417, 0, 1, 30, 28, 0
1417, 9, 2, 31, 24, 0
1417, 0, 2, 31, 25, 0
1417, 0, 2, 31, 26, 0
1417, 0, 2, 31, 27, 0
1417, 9, 1, 31, 28, 0
1417, 9, 3, 34, 13, 0
1417, 0, 0, 34, 14, 0
1417, 0, 0, 34, 15, 0
1417, 9, 0, 34, 16, 0
1417, 0, 3, 35, 13, 0
1417, 9, 2, 36, 13, 0
1417, 1, 2, 36, 14, 0
1417, 1, 0, 36, 16, 0
1417, 9, 0, 36, 17, 0
1417, 0, 3, 37, 14, 0
1417, 1, 0, 37, 17, 0
1417, 0, 0, 37, 18, 0
1417, 9, 0, 37, 19, 0
1417, 9, 3, 38, 13, 0
1417, 1, 3, 38, 14, 0
1417, 0, 1, 38, 19, 0
1417, 9, 3, 38, 27, 0
1417, 9, 0, 38, 28, 0
1417, 0, 3, 39, 13, 0
1417, 1, 1, 39, 17, 0
1417, 0, 2, 39, 18, 0
1417, 9, 1, 39, 19, 0
1417, 9, 3, 39, 25, 0
1417, 1, 3, 39, 27, 0
1417, 0, 1, 39, 28, 0
1417, 9, 2, 40, 13, 0
1417, 0, 2, 40, 14, 0
1417, 0, 2, 40, 15, 0
1417, 0, 2, 40, 16, 0
1417, 9, 1, 40, 17, 0
1417, 0, 3, 40, 25, 0
1417, 1, 0, 40, 28, 0
1417, 9, 0, 40, 29, 0
1417, 9, 2, 41, 25, 0
1417, 1, 2, 41, 26, 0
1417, 0, 1, 41, 29, 0
1417, 9, 2, 42, 26, 0
1417, 0, 2, 42, 27, 0
1417, 0, 2, 42, 28, 0
1417, 9, 1, 42, 29, 0
1417, 1, 1, 0, 4, 2
1417, 0, 2, 0, 5, 2
1417, 0, 2, 0, 6, 2
1417, 1, 2, 0, 7, 2
1417, 1, 1, 0, 47, 2
1417, 0, 2, 0, 48, 2
1417, 1, 2, 0, 49, 2
1417, 1, 1, 0, 51, 2
1417, 0, 2, 0, 52, 2
1417, 1, 2, 0, 53, 2
1417, 1, 1, 0, 56, 2
1417, 0, 2, 0, 57, 2
1417, 0, 2, 0, 58, 2
1417, 1, 2, 0, 59, 2
1417, 1, 1, 0, 61, 2
1417, 0, 2, 0, 62, 2
1417, 0, 2, 0, 63, 2
1417, 1, 1, 1, 3, 2
1417, 9, 1, 1, 4, 2
1417, 9, 2, 1, 7, 2
1417, 1, 2, 1, 8, 2
1417, 1, 1, 1, 14, 2
1417, 0, 2, 1, 15, 2
1417, 0, 2, 1, 16, 2
1417, 1, 2, 1, 17, 2
1417, 1, 1, 1, 33, 2
1417, 0, 2, 1, 34, 2
1417, 1, 2, 1, 35, 2
1417, 1, 1, 1, 46, 2
1417, 9, 1, 1, 47, 2
1417, 9, 2, 1, 49, 2
1417, 0, 2, 1, 50, 2
1417, 9, 1, 1, 51, 2
1417, 9, 2, 1, 53, 2
1417, 0, 2, 1, 54, 2
1417, 0, 2, 1, 55, 2
1417, 9, 1, 1, 56, 2
1417, 9, 2, 1, 59, 2
1417, 0, 2, 1, 60, 2
1417, 9, 1, 1, 61, 2
1417, 0, 1, 2, 3, 2
1417, 0, 3, 2, 8, 2
1417, 1, 1, 2, 13, 2
1417, 9, 1, 2, 14, 2
1417, 9, 2, 2, 17, 2
1417, 0, 2, 2, 18, 2
1417, 0, 2, 2, 19, 2
1417, 1, 2, 2, 20, 2
1417, 1, 1, 2, 32, 2
1417, 9, 1, 2, 33, 2
1417, 9, 2, 2, 35, 2
1417, 0, 2, 2, 36, 2
1417, 0, 2, 2, 37, 2
1417, 0, 2, 2, 38, 2
1417, 1, 2, 2, 39, 2
1417, 1, 1, 2, 43, 2
1417, 0, 2, 2, 44, 2
1417, 0, 2, 2, 45, 2
1417, 9, 1, 2, 46, 2
1417, 0, 1, 3, 3, 2
1417, 9, 2, 3, 8, 2
1417, 0, 2, 3, 9, 2
1417, 1, 2, 3, 10, 2
1417, 0, 1, 3, 13, 2
1417, 9, 2, 3, 20, 2
1417, 0, 2, 3, 21, 2
1417, 0, 2, 3, 22, 2
1417, 1, 2, 3, 23, 2
1417, 0, 1, 3, 32, 2
1417, 9, 2, 3, 39, 2
1417, 1, 2, 3, 40, 2
1417, 1, 1, 3, 42, 2
1417, 9, 1, 3, 43, 2
1417, 1, 1, 4, 2, 2
1417, 9, 1, 4, 3, 2
1417, 9, 2, 4, 10, 2
1417, 0, 2, 4, 11, 2
1417, 0, 2, 4, 12, 2
1417, 9, 1, 4, 13, 2
1417, 9, 2, 4, 23, 2
1417, 0, 2, 4, 24, 2
1417, 1, 2, 4, 25, 2
1417, 0, 1, 4, 32, 2
1417, 0, 3, 4, 40, 2
1417, 0, 1, 4, 42, 2
1417, 0, 1, 5, 2, 2
1417, 9, 2, 5, 25, 2
1417, 1, 2, 5, 26, 2
1417, 1, 1, 5, 29, 2
1417, 0, 2, 5, 30, 2
1417, 0, 2, 5, 31, 2
1417, 9, 1, 5, 32, 2
1417, 9, 2, 5, 40, 2
1417, 0, 2, 5, 41, 2
1417, 9, 1, 5, 42, 2
1417, 0, 1, 6, 2, 2
1417, 0, 3, 6, 26, 2
1417, 1, 1, 6, 28, 2
1417, 9, 1, 6, 29, 2
1417, 1, 1, 7, 1, 2
1417, 9, 1, 7, 2, 2
1417, 0, 3, 7, 26, 2
1417, 0, 1, 7, 28, 2
1417, 0, 1, 8, 1, 2
1417, 9, 2, 8, 26, 2
1417, 0, 2, 8, 27, 2
1417, 9, 1, 8, 28, 2
1417, 0, 1, 9, 1, 2
1417, 1, 1, 10, 0, 2
1417, 9, 1, 10, 1, 2
1417, 0, 1, 11, 0, 2
1417, 1, 0, 12, 0, 2
1417, 9, 0, 12, 1, 2
1417, 1, 0, 13, 1, 2
1417, 0, 0, 13, 2, 2
1417, 9, 0, 13, 3, 2
1417, 0, 1, 14, 3, 2
1417, 0, 1, 15, 3, 2
1417, 1, 1, 16, 2, 2
1417, 9, 1, 16, 3, 2
1417, 0, 1, 17, 2, 2
1417, 1, 1, 18, 1, 2
1417, 9, 1, 18, 2, 2
1417, 0, 1, 19, 1, 2
1417, 1, 0, 20, 1, 2
1417, 9, 0, 20, 2, 2
1417, 0, 1, 21, 2, 2
1417, 1, 1, 22, 0, 2
1417, 0, 2, 22, 1, 2
1417, 9, 1, 22, 2, 2
1417, 0, 1, 23, 0, 2
1417, 0, 1, 24, 0, 2
1417, 1, 0, 25, 0, 2
1417, 9, 0, 25, 1, 2
1417, 0, 1, 26, 1, 2
1417, 1, 0, 27, 1, 2
1417, 9, 0, 27, 2, 2
1417, 1, 1, 28, 1, 2
1417, 9, 1, 28, 2, 2
1417, 0, 1, 29, 1, 2
1417, 0, 1, 30, 1, 2
1417, 1, 1, 31, 0, 2
1417, 9, 1, 31, 1, 2
1417, 1, 0, 32, 0, 2
1417, 9, 0, 32, 1, 2
1417, 0, 1, 33, 1, 2
1417, 1, 1, 34, 0, 2
1417, 9, 1, 34, 1, 2
1417, 0, 1, 35, 0, 2
1417, 0, 1, 36, 0, 2
1417, 0, 1, 37, 0, 2
1417, 1, 0, 38, 0, 2
1417, 9, 0, 38, 1, 2
1417, 0, 1, 39, 1, 2
1417, 1, 0, 40, 1, 2
1417, 9, 0, 40, 2, 2
1417, 1, 0, 41, 2, 2
1417, 0, 0, 41, 3, 2
1417, 9, 0, 41, 4, 2
1417, 0, 1, 42, 4, 2
1417, 1, 1, 43, 2, 2
1417, 0, 2, 43, 3, 2
1417, 9, 1, 43, 4, 2
1417, 1, 1, 44, 1, 2
1417, 9, 1, 44, 2, 2
1417, 0, 1, 45, 1, 2
1417, 1, 0, 46, 1, 2
1417, 9, 0, 46, 2, 2
1417, 1, 1, 47, 1, 2
1417, 9, 1, 47, 2, 2
1417, 0, 1, 48, 1, 2
1417, 0, 1, 49, 1, 2
1417, 1, 0, 50, 1, 2
1417, 9, 0, 50, 2, 2
1417, 0, 1, 51, 2, 2
1417, 1, 1, 52, 1, 2
1417, 9, 1, 52, 2, 2
1417, 0, 1, 53, 1, 2
1417, 0, 1, 54, 1, 2
1417, 1, 1, 55, 0, 2
1417, 9, 1, 55, 1, 2
1417, 0, 1, 56, 0, 2
1417, 1, 0, 57, 0, 2
1417, 9, 0, 57, 1, 2
1417, 0, 1, 58, 1, 2
1417, 1, 1, 59, 0, 2
1417, 9, 1, 59, 1, 2
1417, 0, 1, 60, 0, 2
1417, 0, 1, 61, 0, 2
1417, 0, 1, 62, 0, 2
1417, 0, 1, 63, 0, 2
1428, 1, 1, 4, 52, 1
1428, 0, 2, 4, 53, 1
1428, 1, 2, 4, 55, 1
1428, 1, 1, 5, 47, 1
1428, 0, 2, 5, 48, 1
1428, 1, 2, 5, 49, 1
1428, 1, 1, 5, 51, 1
1428, 9, 1, 5, 52, 1
1428, 9, 2, 5, 55, 1
1428, 1, 2, 5, 56, 1
1428, 1, 1, 5, 62, 1
1428, 0, 2, 5, 63, 1
1428, 1, 1, 6, 46, 1
1428, 9, 1, 6, 47, 1
1428, 9, 2, 6, 49, 1
1428, 0, 2, 6, 50, 1
1428, 9, 1, 6, 51, 1
1428, 9, 2, 6, 56, 1
1428, 0, 2, 6, 57, 1
1428, 0, 2, 6, 58, 1
1428, 0, 2, 6, 59, 1
1428, 0, 2, 6, 60, 1
1428, 0, 2, 6, 61, 1
1428, 9, 1, 6, 62, 1
1428, 0, 1, 7, 46, 1
1428, 0, 1, 8, 46, 1
1428, 1, 1, 9, 45, 1
1428, 9, 1, 9, 46, 1
1428, 1, 0, 10, 45, 1
1428, 9, 0, 10, 46, 1
1428, 0, 2, 11, 42, 1
1428, 0, 2, 11, 43, 1
1428, 0, 2, 11, 44, 1
1428, 0, 2, 11, 45, 1
1428, 9, 1, 11, 46, 1
1428, 1, 1, 14, 11, 1
1428, 0, 2, 14, 12, 1
1428, 0, 2, 14, 13, 1
1428, 1, 2, 14, 14, 1
1428, 1, 1, 14, 19, 1
1428, 0, 2, 14, 20, 1
1428, 0, 2, 14, 21, 1
1428, 0, 2, 14, 22, 1
1428, 1, 2, 14, 23, 1
1428, 0, 0, 14, 42, 1
1428, 0, 0, 14, 43, 1
1428, 0, 0, 14, 44, 1
1428, 0, 0, 14, 45, 1
1428, 9, 0, 14, 46, 1
1428, 1, 1, 15, 10, 1
1428, 9, 1, 15, 11, 1
1428, 9, 2, 15, 14, 1
1428, 0, 2, 15, 15, 1
1428, 0, 2, 15, 16, 1
1428, 0, 2, 15, 17, 1
1428, 0, 2, 15, 18, 1
1428, 9, 1, 15, 19, 1
1428, 9, 2, 15, 23, 1
1428, 1, 2, 15, 24, 1
1428, 0, 1, 15, 46, 1
1428, 1, 1, 16, 9, 1
1428, 9, 1, 16, 10, 1
1428, 0, 3, 16, 24, 1
1428, 1, 1, 16, 43, 1
1428, 0, 2, 16, 44, 1
1428, 0, 2, 16, 45, 1
1428, 9, 1, 16, 46, 1
1428, 0, 1, 17, 9, 1
1428, 0, 3, 17, 24, 1
1428, 0, 1, 17, 43, 1
1428, 0, 1, 18, 9, 1
1428, 9, 2, 18, 24, 1
1428, 0, 2, 18, 25, 1
1428, 1, 2, 18, 26, 1
1428, 1, 1, 18, 40, 1
1428, 0, 2, 18, 41, 1
1428, 0, 2, 18, 42, 1
1428, 9, 1, 18, 43, 1
1428, 1, 1, 19, 8, 1
1428, 9, 1, 19, 9, 1
1428, 9, 2, 19, 26, 1
1428, 1, 2, 19, 27, 1
1428, 1, 1, 19, 39, 1
1428, 9, 1, 19, 40, 1
1428, 0, 1, 20, 8, 1
1428, 0, 3, 20, 27, 1
1428, 0, 1, 20, 39, 1
1428, 1, 0, 21, 8, 1
1428, 9, 0, 21, 9, 1
1428, 0, 3, 21, 27, 1
1428, 1, 1, 21, 37, 1
1428, 0, 2, 21, 38, 1
1428, 9, 1, 21, 39, 1
1428, 9, 3, 21, 52, 1
1428, 9, 0, 21, 54, 1
1428, 0, 1, 22, 9, 1
1428, 9, 2, 22, 27, 1
1428, 0, 2, 22, 28, 1
1428, 1, 2, 22, 29, 1
1428, 1, 1, 22, 36, 1
1428, 9, 1, 22, 37, 1
1428, 9, 3, 22, 42, 1
1428, 0, 0, 22, 43, 1
1428, 0, 0, 22, 44, 1
1428, 0, 0, 22, 45, 1
1428, 9, 0, 22, 46, 1
1428, 9, 3, 22, 50, 1
1428, 0, 0, 22, 51, 1
1428, 1, 3, 22, 52, 1
1428, 0, 1, 22, 54, 1
1428, 0, 1, 23, 9, 1
1428, 9, 3, 23, 20, 1
1428, 0, 0, 23, 21, 1
1428, 0, 0, 23, 22, 1
1428, 0, 0, 23, 23, 1
1428, 9, 0, 23, 24, 1
1428, 9, 2, 23, 29, 1
1428, 1, 2, 23, 30, 1
1428, 0, 1, 23, 36, 1
1428, 0, 3, 23, 42, 1
1428, 1, 0, 23, 46, 1
1428, 0, 0, 23, 47, 1
1428, 0, 0, 23, 48, 1
1428, 0, 0, 23, 49, 1
1428, 1, 3, 23, 50, 1
1428, 0, 1, 23, 54, 1
1428, 1, 0, 24, 9, 1
1428, 0, 0, 24, 10, 1
1428, 9, 0, 24, 11, 1
1428, 0, 3, 24, 20, 1
1428, 0, 1, 24, 24, 1
1428, 0, 3, 24, 30, 1
1428, 1, 1, 24, 34, 1
1428, 0, 2, 24, 35, 1
1428, 9, 1, 24, 36, 1
1428, 9, 3, 24, 41, 1
1428, 1, 3, 24, 42, 1
1428, 1, 1, 24, 52, 1
1428, 0, 2, 24, 53, 1
1428, 9, 1, 24, 54, 1
1428, 0, 1, 25, 11, 1
1428, 9, 3, 25, 19, 1
1428, 1, 3, 25, 20, 1
1428, 0, 1, 25, 24, 1
1428, 9, 2, 25, 30, 1
1428, 0, 2, 25, 31, 1
1428, 0, 2, 25, 32, 1
1428, 0, 2, 25, 33, 1
1428, 9, 1, 25, 34, 1
1428, 9, 3, 25, 39, 1
1428, 0, 0, 25, 40, 1
1428, 1, 3, 25, 41, 1
1428, 1, 1, 25, 51, 1
1428, 9, 1, 25, 52, 1
1428, 0, 1, 26, 11, 1
1428, 0, 3, 26, 19, 1
1428, 1, 0, 26, 24, 1
1428, 9, 0, 26, 25, 1
1428, 9, 3, 26, 37, 1
1428, 0, 0, 26, 38, 1
1428, 1, 3, 26, 39, 1
1428, 0, 1, 26, 51, 1
1428, 0, 1, 27, 11, 1
1428, 9, 2, 27, 19, 1
1428, 1, 2, 27, 20, 1
1428, 0, 1, 27, 25, 1
1428, 0, 3, 27, 37, 1
1428, 1, 1, 27, 39, 1
1428, 0, 2, 27, 40, 1
1428, 0, 2, 27, 41, 1
1428, 1, 2, 27, 42, 1
1428, 1, 0, 27, 51, 1
1428, 9, 0, 27, 52, 1
1428, 1, 1, 28, 8, 1
1428, 0, 2, 28, 9, 1
1428, 0, 2, 28, 10, 1
1428, 9, 1, 28, 11, 1
1428, 0, 3, 28, 20, 1
1428, 1, 0, 28, 25, 1
1428, 0, 0, 28, 26, 1
1428, 0, 0, 28, 27, 1
1428, 9, 0, 28, 28, 1
1428, 9, 3, 28, 36, 1
1428, 1, 3, 28, 37, 1
1428, 1, 1, 28, 38, 1
1428, 9, 1, 28, 39, 1
1428, 9, 2, 28, 42, 1
1428, 0, 2, 28, 43, 1
1428, 0, 2, 28, 44, 1
1428, 1, 2, 28, 45, 1
1428, 0, 1, 28, 52, 1
1428, 1, 1, 29, 6, 1
1428, 0, 2, 29, 7, 1
1428, 9, 1, 29, 8, 1
1428, 9, 2, 29, 20, 1
1428, 1, 2, 29, 21, 1
1428, 0, 1, 29, 28, 1
1428, 9, 3, 29, 33, 1
1428, 0, 0, 29, 34, 1
1428, 0, 0, 29, 35, 1
1428, 1, 3, 29, 36, 1
1428, 1, 1, 29, 37, 1
1428, 9, 1, 29, 38, 1
1428, 9, 2, 29, 45, 1
1428, 1, 2, 29, 46, 1
1428, 1, 1, 30, 5, 1
1428, 9, 1, 30, 6, 1
1428, 9, 2, 30, 21, 1
1428, 0, 2, 30, 22, 1
1428, 0, 2, 30, 23, 1
1428, 1, 2, 30, 24, 1
1428, 0, 1, 30, 28, 1
1428, 0, 3, 30, 33, 1
1428, 0, 1, 30, 37, 1
1428, 0, 3, 30, 46, 1
1428, 1, 1, 30, 51, 1
1428, 9, 1, 30, 52, 1
1428, 0, 1, 31, 5, 1
1428, 9, 2, 31, 24, 1
1428, 0, 2, 31, 25, 1
1428, 0, 2, 31, 26, 1
1428, 0, 2, 31, 27, 1
1428, 9, 1, 31, 28, 1
1428, 0, 3, 31, 33, 1
1428, 1, 1, 31, 36, 1
1428, 9, 1, 31, 37, 1
1428, 0, 3, 31, 46, 1
1428, 1, 1, 31, 50, 1
1428, 9, 1, 31, 51, 1
1428, 1, 0, 32, 5, 1
1428, 9, 0, 32, 6, 1
1428, 9, 3, 32, 32, 1
1428, 1, 3, 32, 33, 1
1428, 1, 1, 32, 35, 1
1428, 9, 1, 32, 36, 1
1428, 9, 2, 32, 46, 1
1428, 1, 2, 32, 47, 1
1428, 0, 1, 32, 50, 1
1428, 9, 3, 32, 54, 1
1428, 0, 0, 32, 56, 1
1428, 0, 0, 32, 57, 1
1428, 9, 0, 32, 58, 1
1428, 0, 1, 33, 6, 1
1428, 0, 3, 33, 32, 1
1428, 0, 1, 33, 35, 1
1428, 0, 3, 33, 47, 1
1428, 0, 1, 33, 50, 1
1428, 0, 3, 33, 54, 1
1428, 1, 0, 33, 58, 1
1428, 0, 0, 33, 59, 1
1428, 0, 0, 33, 60, 1
1428, 0, 0, 33, 62, 1
1428, 0, 0, 33, 63, 1
1428, 1, 1, 34, 3, 1
1428, 0, 2, 34, 4, 1
1428, 0, 2, 34, 5, 1
1428, 9, 1, 34, 6, 1
1428, 9, 3, 34, 13, 1
1428, 0, 0, 34, 14, 1
1428, 0, 0, 34, 15, 1
1428, 9, 0, 34, 16, 1
1428, 0, 3, 34, 32, 1
1428, 9, 2, 34, 47, 1
1428, 0, 2, 34, 48, 1
1428, 0, 2, 34, 49, 1
1428, 9, 1, 34, 50, 1
1428, 9, 3, 34, 53, 1
1428, 1, 3, 34, 54, 1
1428, 1, 1, 35, 1, 1
1428, 0, 2, 35, 2, 1
1428, 9, 1, 35, 3, 1
1428, 0, 3, 35, 13, 1
1428, 0, 3, 35, 32, 1
1428, 1, 0, 35, 35, 1
1428, 9, 0, 35, 36, 1
1428, 0, 3, 35, 53, 1
1428, 0, 1, 36, 1, 1
1428, 9, 2, 36, 13, 1
1428, 1, 2, 36, 14, 1
1428, 1, 0, 36, 16, 1
1428, 9, 0, 36, 17, 1
1428, 9, 2, 36, 32, 1
1428, 1, 2, 36, 33, 1
1428, 0, 1, 36, 36, 1
1428, 9, 2, 36, 53, 1
1428, 1, 2, 36, 54, 1
1428, 1, 0, 37, 1, 1
1428, 0, 0, 37, 2, 1
1428, 0, 0, 37, 3, 1
1428, 9, 0, 37, 4, 1
1428, 0, 3, 37, 14, 1
1428, 1, 0, 37, 17, 1
1428, 0, 0, 37, 18, 1
1428, 9, 0, 37, 19, 1
1428, 0, 3, 37, 33, 1
1428, 0, 1, 37, 36, 1
1428, 9, 2, 37, 54, 1
1428, 0, 2, 37, 55, 1
1428, 1, 2, 37, 56, 1
1428, 0, 1, 38, 4, 1
1428, 9, 3, 38, 13, 1
1428, 1, 3, 38, 14, 1
1428, 0, 1, 38, 19, 1
1428, 9, 3, 38, 27, 1
1428, 9, 0, 38, 28, 1
1428, 9, 2, 38, 33, 1
1428, 1, 2, 38, 34, 1
1428, 1, 0, 38, 36, 1
1428, 0, 0, 38, 37, 1
1428, 9, 0, 38, 38, 1
1428, 9, 2, 38, 56, 1
1428, 0, 2, 38, 57, 1
1428, 1, 2, 38, 58, 1
1428, 1, 0, 39, 4, 1
1428, 0, 0, 39, 5, 1
1428, 0, 0, 39, 6, 1
1428, 9, 0, 39, 7, 1
1428, 0, 3, 39, 13, 1
1428, 1, 1, 39, 17, 1
1428, 0, 2, 39, 18, 1
1428, 9, 1, 39, 19, 1
1428, 9, 3, 39, 25, 1
1428, 1, 3, 39, 27, 1
1428, 0, 1, 39, 28, 1
1428, 0, 3, 39, 34, 1
1428, 9, 2, 39, 58, 1
1428, 1, 2, 39, 59, 1
1428, 0, 1, 40, 7, 1
1428, 9, 2, 40, 13, 1
1428, 0, 2, 40, 14, 1
1428, 0, 2, 40, 15, 1
1428, 0, 2, 40, 16, 1
1428, 9, 1, 40, 17, 1
1428, 0, 3, 40, 25, 1
1428, 1, 0, 40, 28, 1
1428, 9, 0, 40, 29, 1
1428, 9, 2, 40, 34, 1
1428, 1, 2, 40, 35, 1
1428, 0, 1, 40, 38, 1
1428, 0, 3, 40, 59, 1
1428, 1, 1, 41, 5, 1
1428, 0, 2, 41, 6, 1
1428, 9, 1, 41, 7, 1
1428, 9, 2, 41, 25, 1
1428, 1, 2, 41, 26, 1
1428, 0, 1, 41, 29, 1
1428, 0, 3, 41, 35, 1
1428, 9, 2, 41, 59, 1
1428, 1, 2, 41, 60, 1
1428, 0, 1, 42, 5, 1
1428, 9, 2, 42, 26, 1
1428, 0, 2, 42, 27, 1
1428, 0, 2, 42, 28, 1
1428, 9, 1, 42, 29, 1
1428, 0, 3, 42, 35, 1
1428, 1, 1, 42, 37, 1
1428, 9, 1, 42, 38, 1
1428, 0, 3, 42, 60, 1
1428, 1, 0, 43, 5, 1
1428, 0, 0, 43, 6, 1
1428, 0, 0, 43, 7, 1
1428, 9, 0, 43, 8, 1
1428, 9, 3, 43, 33, 1
1428, 0, 0, 43, 34, 1
1428, 1, 3, 43, 35, 1
1428, 1, 1, 43, 36, 1
1428, 9, 1, 43, 37, 1
1428, 0, 3, 43, 60, 1
1428, 0, 1, 44, 8, 1
1428, 0, 3, 44, 33, 1
1428, 0, 1, 44, 36, 1
1428, 9, 3, 44, 59, 1
1428, 1, 3, 44, 60, 1
1428, 1, 1, 45, 6, 1
1428, 0, 2, 45, 7, 1
1428, 9, 1, 45, 8, 1
1428, 9, 3, 45, 31, 1
1428, 0, 0, 45, 32, 1
1428, 1, 3, 45, 33, 1
1428, 0, 1, 45, 36, 1
1428, 0, 3, 45, 59, 1
1428, 1, 1, 46, 5, 1
1428, 9, 1, 46, 6, 1
1428, 9, 3, 46, 10, 1
1428, 0, 0, 46, 11, 1
1428, 9, 0, 46, 12, 1
1428, 9, 3, 46, 15, 1
1428, 0, 0, 46, 16, 1
1428, 9, 0, 46, 17, 1
1428, 9, 3, 46, 28, 1
1428, 0, 0, 46, 29, 1
1428, 0, 0, 46, 30, 1
1428, 1, 3, 46, 31, 1
1428, 1, 1, 46, 35, 1
1428, 9, 1, 46, 36, 1
1428, 0, 3, 46, 59, 1
1428, 0, 1, 47, 5, 1
1428, 0, 3, 47, 10, 1
1428, 1, 0, 47, 12, 1
1428, 0, 0, 47, 13, 1
1428, 0, 0, 47, 14, 1
1428, 1, 3, 47, 15, 1
1428, 0, 1, 47, 17, 1
1428, 9, 3, 47, 22, 1
1428, 0, 0, 47, 23, 1
1428, 9, 0, 47, 24, 1
1428, 0, 3, 47, 28, 1
1428, 0, 1, 47, 35, 1
1428, 9, 3, 47, 57, 1
1428, 0, 0, 47, 58, 1
1428, 1, 3, 47, 59, 1
1428, 1, 1, 48, 4, 1
1428, 9, 1, 48, 5, 1
1428, 0, 3, 48, 10, 1
1428, 1, 0, 48, 17, 1
1428, 9, 0, 48, 18, 1
1428, 9, 3, 48, 20, 1
1428, 0, 0, 48, 21, 1
1428, 1, 3, 48, 22, 1
1428, 1, 0, 48, 24, 1
1428, 0, 0, 48, 25, 1
1428, 9, 0, 48, 26, 1
1428, 0, 3, 48, 28, 1
1428, 0, 1, 48, 35, 1
1428, 0, 3, 48, 57, 1
1428, 0, 1, 49, 4, 1
1428, 9, 3, 49, 9, 1
1428, 1, 3, 49, 10, 1
1428, 1, 0, 49, 18, 1
1428, 0, 0, 49, 19, 1
1428, 1, 3, 49, 20, 1
1428, 0, 1, 49, 26, 1
1428, 0, 3, 49, 28, 1
1428, 0, 1, 49, 35, 1
1428, 9, 3, 49, 56, 1
1428, 1, 3, 49, 57, 1
1428, 1, 0, 50, 4, 1
1428, 0, 0, 50, 5, 1
1428, 9, 0, 50, 6, 1
1428, 9, 3, 50, 8, 1
1428, 1, 3, 50, 9, 1
1428, 1, 1, 50, 25, 1
1428, 9, 1, 50, 26, 1
1428, 9, 2, 50, 28, 1
1428, 0, 2, 50, 29, 1
1428, 0, 2, 50, 30, 1
1428, 1, 2, 50, 31, 1
1428, 1, 0, 50, 35, 1
1428, 0, 0, 50, 36, 1
1428, 9, 0, 50, 37, 1
1428, 9, 3, 50, 44, 1
1428, 0, 0, 50, 45, 1
1428, 9, 0, 50, 47, 1
1428, 0, 3, 50, 56, 1
1428, 0, 1, 51, 6, 1
1428, 0, 3, 51, 8, 1
1428, 0, 1, 51, 25, 1
1428, 0, 3, 51, 31, 1
1428, 0, 1, 51, 37, 1
1428, 9, 3, 51, 43, 1
1428, 1, 3, 51, 44, 1
1428, 1, 0, 51, 47, 1
1428, 0, 0, 51, 48, 1
1428, 9, 0, 51, 49, 1
1428, 9, 3, 51, 54, 1
1428, 0, 0, 51, 55, 1
1428, 1, 3, 51, 56, 1
1428, 1, 1, 52, 5, 1
1428, 9, 1, 52, 6, 1
1428, 9, 2, 52, 8, 1
1428, 1, 2, 52, 9, 1
1428, 0, 1, 52, 25, 1
1428, 9, 2, 52, 31, 1
1428, 1, 2, 52, 32, 1
1428, 1, 0, 52, 37, 1
1428, 9, 0, 52, 38, 1
1428, 0, 3, 52, 43, 1
1428, 1, 0, 52, 49, 1
1428, 0, 0, 52, 50, 1
1428, 0, 0, 52, 51, 1
1428, 0, 0, 52, 52, 1
1428, 0, 0, 52, 53, 1
1428, 1, 3, 52, 54, 1
1428, 1, 1, 53, 4, 1
1428, 9, 1, 53, 5, 1
1428, 9, 2, 53, 9, 1
1428, 1, 2, 53, 10, 1
1428, 1, 0, 53, 25, 1
1428, 9, 0, 53, 26, 1
1428, 0, 3, 53, 32, 1
1428, 1, 0, 53, 38, 1
1428, 0, 0, 53, 39, 1
1428, 0, 0, 53, 40, 1
1428, 0, 0, 53, 42, 1
1428, 1, 3, 53, 43, 1
1428, 0, 1, 54, 4, 1
1428, 0, 3, 54, 10, 1
1428, 1, 0, 54, 26, 1
1428, 0, 0, 54, 27, 1
1428, 9, 0, 54, 28, 1
1428, 0, 3, 54, 32, 1
1428, 1, 1, 55, 3, 1
1428, 9, 1, 55, 4, 1
1428, 9, 2, 55, 10, 1
1428, 0, 2, 55, 11, 1
1428, 0, 2, 55, 12, 1
1428, 1, 2, 55, 13, 1
1428, 0, 1, 55, 28, 1
1428, 9, 2, 55, 32, 1
1428, 0, 2, 55, 33, 1
1428, 0, 2, 55, 34, 1
1428, 1, 2, 55, 35, 1
1428, 0, 1, 56, 3, 1
1428, 9, 2, 56, 13, 1
1428, 0, 2, 56, 14, 1
1428, 1, 2, 56, 15, 1
1428, 1, 0, 56, 28, 1
1428, 9, 0, 56, 29, 1
1428, 9, 2, 56, 35, 1
1428, 1, 2, 56, 36, 1
1428, 1, 1, 57, 2, 1
1428, 9, 1, 57, 3, 1
1428, 9, 3, 57, 7, 1
1428, 0, 0, 57, 8, 1
1428, 9, 0, 57, 9, 1
1428, 9, 2, 57, 15, 1
1428, 1, 2, 57, 16, 1
1428, 0, 1, 57, 29, 1
1428, 0, 3, 57, 36, 1
1428, 0, 1, 58, 2, 1
1428, 0, 3, 58, 7, 1
1428, 1, 0, 58, 9, 1
1428, 9, 0, 58, 10, 1
1428, 0, 3, 58, 16, 1
1428, 1, 0, 58, 29, 1
1428, 0, 0, 58, 30, 1
1428, 9, 0, 58, 31, 1
1428, 9, 2, 58, 36, 1
1428, 1, 2, 58, 37, 1
1428, 0, 1, 59, 2, 1
1428, 0, 3, 59, 7, 1
1428, 1, 0, 59, 10, 1
1428, 0, 0, 59, 11, 1
1428, 9, 0, 59, 12, 1
1428, 9, 2, 59, 16, 1
1428, 1, 2, 59, 17, 1
1428, 0, 1, 59, 31, 1
1428, 0, 3, 59, 37, 1
1428, 1, 1, 60, 1, 1
1428, 9, 1, 60, 2, 1
1428, 9, 3, 60, 6, 1
1428, 1, 3, 60, 7, 1
1428, 0, 1, 60, 12, 1
1428, 0, 3, 60, 17, 1
1428, 0, 1, 60, 31, 1
1428, 9, 2, 60, 37, 1
1428, 1, 2, 60, 38, 1
1428, 0, 1, 61, 1, 1
1428, 0, 3, 61, 6, 1
1428, 0, 1, 61, 12, 1
1428, 0, 3, 61, 17, 1
1428, 1, 0, 61, 31, 1
1428, 9, 0, 61, 32, 1
1428, 0, 3, 61, 38, 1
1428, 0, 1, 62, 1, 1
1428, 0, 3, 62, 6, 1
1428, 0, 1, 62, 12, 1
1428, 0, 3, 62, 17, 1
1428, 0, 1, 62, 32, 1
1428, 0, 3, 62, 38, 1
1428, 1, 0, 63, 1, 1
1428, 9, 0, 63, 2, 1
1428, 9, 2, 63, 6, 1
1428, 1, 2, 63, 7, 1
1428, 1, 0, 63, 12, 1
1428, 9, 0, 63, 13, 1
1428, 9, 3, 63, 16, 1
1428, 1, 3, 63, 17, 1
1428, 0, 1, 63, 32, 1
1428, 0, 3, 63, 38, 1
1434, 10, 2, 0, 8, 0
1434, 10, 2, 0, 9, 0
1434, 10, 2, 0, 10, 0
1434, 10, 2, 0, 11, 0
1434, 10, 2, 0, 12, 0
1434, 10, 2, 0, 13, 0
1434, 10, 2, 0, 14, 0
1434, 10, 2, 0, 15, 0
1434, 10, 2, 0, 16, 0
1434, 10, 2, 0, 17, 0
1434, 10, 2, 0, 18, 0
1434, 10, 2, 0, 19, 0
1434, 10, 2, 0, 20, 0
1434, 10, 2, 0, 21, 0
1434, 10, 2, 0, 22, 0
1434, 10, 2, 0, 23, 0
1434, 10, 2, 0, 24, 0
1434, 10, 2, 0, 25, 0
1434, 10, 2, 0, 26, 0
1434, 10, 2, 0, 27, 0
1434, 10, 2, 0, 28, 0
1434, 10, 2, 0, 29, 0
1434, 10, 2, 0, 30, 0
1434, 10, 2, 0, 31, 0
1434, 10, 2, 0, 32, 0
1434, 10, 2, 0, 33, 0
1434, 10, 2, 0, 34, 0
1434, 10, 2, 0, 35, 0
1434, 10, 2, 0, 36, 0
1434, 10, 2, 0, 37, 0
1434, 10, 2, 0, 38, 0
1434, 10, 2, 1, 8, 0
1434, 10, 2, 1, 9, 0
1434, 10, 2, 1, 10, 0
1434, 10, 2, 1, 11, 0
1434, 10, 2, 1, 12, 0
1434, 10, 2, 1, 13, 0
1434, 10, 2, 1, 14, 0
1434, 10, 2, 1, 15, 0
1434, 10, 2, 1, 16, 0
1434, 10, 2, 1, 17, 0
1434, 10, 2, 1, 18, 0
1434, 10, 2, 1, 19, 0
1434, 10, 2, 1, 20, 0
1434, 10, 2, 1, 21, 0
1434, 10, 2, 1, 22, 0
1434, 10, 2, 1, 23, 0
1434, 10, 2, 1, 24, 0
1434, 10, 2, 1, 25, 0
1434, 10, 2, 1, 26, 0
1434, 10, 2, 1, 27, 0
1434, 10, 2, 1, 28, 0
1434, 10, 2, 1, 29, 0
1434, 10, 2, 1, 30, 0
1434, 10, 2, 1, 31, 0
1434, 10, 2, 1, 32, 0
1434, 10, 2, 1, 33, 0
1434, 10, 2, 1, 34, 0
1434, 10, 2, 1, 35, 0
1434, 10, 2, 2, 10, 0
1434, 10, 2, 2, 11, 0
1434, 10, 2, 2, 12, 0
1434, 10, 2, 2, 13, 0
1434, 10, 2, 2, 14, 0
1434, 10, 2, 2, 15, 0
1434, 10, 2, 2, 16, 0
1434, 10, 2, 2, 17, 0
1434, 10, 2, 2, 18, 0
1434, 10, 2, 2, 19, 0
1434, 10, 2, 2, 20, 0
1434, 10, 2, 2, 21, 0
1434, 10, 2, 2, 22, 0
1434, 10, 2, 2, 23, 0
1434, 10, 2, 2, 24, 0
1434, 10, 2, 2, 25, 0
1434, 10, 2, 2, 26, 0
1434, 10, 2, 2, 27, 0
1434, 10, 2, 2, 28, 0
1434, 10, 2, 2, 29, 0
1434, 10, 2, 2, 30, 0
1434, 10, 2, 2, 31, 0
1434, 10, 2, 2, 32, 0
1434, 10, 2, 2, 33, 0
1434, 10, 2, 3, 11, 0
1434, 10, 2, 3, 12, 0
1434, 10, 2, 3, 13, 0
1434, 10, 2, 3, 14, 0
1434, 10, 2, 3, 15, 0
1434, 10, 2, 3, 16, 0
1434, 10, 2, 3, 17, 0
1434, 10, 2, 3, 18, 0
1434, 10, 2, 3, 19, 0
1434, 10, 2, 3, 20, 0
1434, 10, 2, 3, 21, 0
1434, 10, 2, 3, 22, 0
1434, 10, 2, 3, 23, 0
1434, 10, 2, 3, 24, 0
1434, 10, 2, 3, 25, 0
1434, 10, 2, 3, 26, 0
1434, 10, 2, 3, 27, 0
1434, 10, 2, 3, 28, 0
1434, 10, 2, 3, 29, 0
1434, 10, 2, 3, 30, 0
1434, 10, 2, 3, 31, 0
1434, 10, 2, 4, 12, 0
1434, 10, 2, 4, 13, 0
1434, 10, 2, 4, 14, 0
1434, 10, 2, 4, 15, 0
1434, 10, 2, 4, 16, 0
1434, 10, 2, 4, 17, 0
1434, 10, 2, 4, 18, 0
1434, 10, 2, 4, 19, 0
1434, 10, 2, 4, 20, 0
1434, 10, 2, 4, 21, 0
1434, 10, 2, 4, 22, 0
1434, 10, 2, 4, 23, 0
1434, 10, 2, 4, 24, 0
1434, 10, 2, 4, 25, 0
1434, 10, 2, 4, 26, 0
1434, 10, 2, 4, 27, 0
1434, 10, 2, 4, 28, 0
1434, 10, 2, 4, 29, 0
1434, 10, 2, 5, 13, 0
1434, 10, 2, 5, 14, 0
1434, 10, 2, 5, 15, 0
1434, 10, 2, 5, 16, 0
1434, 10, 2, 5, 17, 0
1434, 10, 2, 5, 18, 0
1434, 10, 2, 5, 19, 0
1434, 10, 2, 5, 20, 0
1434, 10, 2, 5, 21, 0
1434, 10, 2, 5, 22, 0
1434, 10, 2, 5, 23, 0
1434, 10, 2, 5, 24, 0
1434, 10, 2, 5, 25, 0
1434, 10, 2, 5, 26, 0
1434, 10, 2, 5, 27, 0
1434, 10, 2, 6, 16, 0
1434, 10, 2, 6, 17, 0
1434, 10, 2, 6, 18, 0
1434, 10, 2, 6, 19, 0
1434, 10, 2, 6, 20, 0
1434, 10, 2, 6, 21, 0
1434, 10, 2, 6, 22, 0
1434, 10, 2, 6, 23, 0
1434, 10, 2, 6, 24, 0
1434, 10, 1, 10, 42, 0
1434, 10, 1, 10, 43, 0
1434, 10, 1, 10, 44, 0
1434, 10, 1, 11, 41, 0
1434, 10, 1, 12, 41, 0
1434, 10, 1, 13, 41, 0
1434, 10, 1, 14, 41, 0
1434, 10, 1, 15, 42, 0
1434, 10, 1, 15, 43, 0
1434, 10, 1, 15, 44, 0
1434, 10, 1, 15, 45, 0
1434, 10, 1, 35, 1, 0
1434, 10, 1, 36, 1, 0
1434, 10, 1, 37, 1, 0
1434, 10, 3, 0, 0, 1
1434, 10, 3, 0, 1, 1
1434, 10, 3, 0, 2, 1
1434, 10, 3, 0, 3, 1
1434, 10, 3, 0, 4, 1
1434, 10, 3, 0, 5, 1
1434, 10, 3, 0, 6, 1
1434, 10, 3, 0, 7, 1
1434, 10, 3, 0, 8, 1
1434, 10, 3, 0, 9, 1
1434, 10, 3, 0, 10, 1
1434, 10, 3, 0, 11, 1
1434, 10, 3, 0, 12, 1
1434, 10, 3, 0, 13, 1
1434, 10, 3, 0, 14, 1
1434, 10, 3, 0, 15, 1
1434, 10, 3, 0, 16, 1
1434, 10, 3, 0, 17, 1
1434, 10, 3, 0, 18, 1
1434, 10, 3, 0, 19, 1
1434, 10, 3, 0, 20, 1
1434, 10, 3, 0, 21, 1
1434, 10, 3, 0, 22, 1
1434, 10, 3, 0, 23, 1
1434, 10, 3, 0, 24, 1
1434, 10, 3, 0, 25, 1
1434, 10, 3, 0, 26, 1
1434, 10, 3, 0, 27, 1
1434, 10, 3, 0, 28, 1
1434, 10, 3, 0, 29, 1
1434, 10, 3, 0, 30, 1
1434, 10, 3, 0, 31, 1
1434, 10, 3, 0, 32, 1
1434, 10, 3, 0, 33, 1
1434, 10, 3, 0, 34, 1
1434, 10, 3, 0, 35, 1
1434, 10, 3, 0, 36, 1
1434, 10, 3, 0, 37, 1
1434, 10, 3, 0, 38, 1
1434, 10, 3, 0, 39, 1
1434, 10, 3, 0, 40, 1
1434, 10, 3, 0, 41, 1
1434, 10, 3, 0, 42, 1
1434, 10, 3, 0, 43, 1
1434, 10, 3, 0, 44, 1
1434, 10, 3, 0, 45, 1
1434, 10, 3, 0, 46, 1
1434, 10, 3, 0, 47, 1
1434, 10, 3, 0, 48, 1
1434, 10, 3, 0, 49, 1
1434, 10, 3, 0, 50, 1
1434, 10, 3, 0, 51, 1
1434, 10, 3, 0, 52, 1
1434, 10, 3, 0, 53, 1
1434, 10, 3, 0, 54, 1
1434, 10, 3, 0, 55, 1
1434, 10, 3, 0, 56, 1
1434, 10, 3, 0, 57, 1
1434, 10, 3, 0, 58, 1
1434, 10, 3, 0, 59, 1
1434, 10, 3, 0, 60, 1
1434, 10, 3, 0, 61, 1
1434, 10, 3, 0, 62, 1
1434, 10, 3, 0, 63, 1
1434, 10, 3, 1, 0, 1
1434, 10, 3, 1, 1, 1
1434, 10, 3, 1, 2, 1
1434, 10, 3, 1, 3, 1
1434, 10, 3, 1, 4, 1
1434, 10, 3, 1, 5, 1
1434, 10, 3, 1, 6, 1
1434, 10, 3, 1, 7, 1
1434, 10, 3, 1, 8, 1
1434, 10, 3, 1, 9, 1
1434, 10, 3, 1, 10, 1
1434, 10, 3, 1, 11, 1
1434, 10, 3, 1, 12, 1
1434, 10, 3, 1, 13, 1
1434, 10, 3, 1, 14, 1
1434, 10, 3, 1, 15, 1
1434, 10, 3, 1, 16, 1
1434, 10, 3, 1, 17, 1
1434, 10, 3, 1, 18, 1
1434, 10, 3, 1, 19, 1
1434, 10, 3, 1, 20, 1
1434, 10, 3, 1, 21, 1
1434, 10, 3, 1, 22, 1
1434, 10, 3, 1, 23, 1
1434, 10, 3, 1, 24, 1
1434, 10, 3, 1, 25, 1
1434, 10, 3, 1, 26, 1
1434, 10, 3, 1, 27, 1
1434, 10, 3, 1, 28, 1
1434, 10, 3, 1, 29, 1
1434, 10, 3, 1, 30, 1
1434, 10, 3, 1, 31, 1
1434, 10, 3, 1, 32, 1
1434, 10, 3, 1, 33, 1
1434, 10, 3, 1, 34, 1
1434, 10, 3, 1, 35, 1
1434, 10, 3, 1, 36, 1
1434, 10, 3, 1, 37, 1
1434, 10, 3, 1, 38, 1
1434, 10, 3, 1, 39, 1
1434, 10, 3, 1, 40, 1
1434, 10, 3, 1, 41, 1
1434, 10, 3, 1, 42, 1
1434, 10, 3, 1, 43, 1
1434, 10, 3, 1, 44, 1
1434, 10, 3, 1, 45, 1
1434, 10, 3, 1, 46, 1
1434, 10, 3, 1, 47, 1
1434, 10, 3, 1, 48, 1
1434, 10, 3, 1, 49, 1
1434, 10, 3, 1, 50, 1
1434, 10, 3, 1, 51, 1
1434, 10, 3, 1, 52, 1
1434, 10, 3, 1, 53, 1
1434, 10, 3, 1, 54, 1
1434, 10, 3, 1, 55, 1
1434, 10, 3, 1, 56, 1
1434, 10, 3, 1, 57, 1
1434, 10, 3, 1, 58, 1
1434, 10, 3, 1, 59, 1
1434, 10, 3, 1, 60, 1
1434, 10, 3, 1, 61, 1
1434, 10, 3, 1, 62, 1
1434, 10, 3, 1, 63, 1
1434, 10, 3, 2, 0, 1
1434, 10, 3, 2, 1, 1
1434, 10, 3, 2, 2, 1
1434, 10, 3, 2, 3, 1
1434, 10, 3, 2, 4, 1
1434, 10, 3, 2, 5, 1
1434, 10, 3, 2, 6, 1
1434, 10, 3, 2, 7, 1
1434, 10, 3, 2, 8, 1
1434, 10, 3, 2, 9, 1
1434, 10, 3, 2, 10, 1
1434, 10, 3, 2, 11, 1
1434, 10, 3, 2, 12, 1
1434, 10, 3, 2, 13, 1
1434, 10, 3, 2, 14, 1
1434, 10, 3, 2, 15, 1
1434, 10, 3, 2, 16, 1
1434, 10, 3, 2, 17, 1
1434, 10, 3, 2, 18, 1
1434, 10, 3, 2, 19, 1
1434, 10, 3, 2, 20, 1
1434, 10, 3, 2, 21, 1
1434, 10, 3, 2, 22, 1
1434, 10, 3, 2, 23, 1
1434, 10, 3, 2, 24, 1
1434, 10, 3, 2, 25, 1
1434, 10, 3, 2, 26, 1
1434, 10, 3, 2, 27, 1
1434, 10, 3, 2, 28, 1
1434, 10, 3, 2, 29, 1
1434, 10, 3, 2, 30, 1
1434, 10, 3, 2, 31, 1
1434, 10, 3, 2, 32, 1
1434, 10, 3, 2, 33, 1
1434, 10, 3, 2, 34, 1
1434, 10, 3, 2, 35, 1
1434, 10, 3, 2, 36, 1
1434, 10, 3, 2, 37, 1
1434, 10, 3, 2, 38, 1
1434, 10, 3, 2, 39, 1
1434, 10, 3, 2, 40, 1
1434, 10, 3, 2, 41, 1
1434, 10, 3, 2, 42, 1
1434, 10, 3, 2, 43, 1
1434, 10, 3, 2, 44, 1
1434, 10, 3, 2, 45, 1
1434, 10, 3, 2, 46, 1
1434, 10, 3, 2, 47, 1
1434, 10, 3, 2, 48, 1
1434, 10, 3, 2, 49, 1
1434, 10, 3, 2, 50, 1
1434, 10, 3, 2, 51, 1
1434, 10, 3, 2, 52, 1
1434, 10, 3, 2, 53, 1
1434, 10, 3, 2, 54, 1
1434, 10, 3, 2, 55, 1
1434, 10, 3, 2, 56, 1
1434, 10, 3, 2, 57, 1
1434, 10, 3, 2, 58, 1
1434, 10, 3, 2, 59, 1
1434, 10, 3, 2, 60, 1
1434, 10, 3, 2, 61, 1
1434, 10, 3, 2, 62, 1
1434, 10, 3, 2, 63, 1
1434, 10, 3, 3, 0, 1
1434, 10, 3, 3, 1, 1
1434, 10, 3, 3, 2, 1
1434, 10, 3, 3, 3, 1
1434, 10, 3, 3, 4, 1
1434, 10, 3, 3, 5, 1
1434, 10, 3, 3, 6, 1
1434, 10, 3, 3, 7, 1
1434, 10, 3, 3, 8, 1
1434, 10, 3, 3, 9, 1
1434, 10, 3, 3, 10, 1
1434, 10, 3, 3, 11, 1
1434, 10, 3, 3, 12, 1
1434, 10, 3, 3, 13, 1
1434, 10, 3, 3, 14, 1
1434, 10, 3, 3, 15, 1
1434, 10, 3, 3, 16, 1
1434, 10, 3, 3, 17, 1
1434, 10, 3, 3, 18, 1
1434, 10, 3, 3, 19, 1
1434, 10, 3, 3, 20, 1
1434, 10, 3, 3, 21, 1
1434, 10, 3, 3, 22, 1
1434, 10, 3, 3, 23, 1
1434, 10, 3, 3, 24, 1
1434, 10, 3, 3, 25, 1
1434, 10, 3, 3, 26, 1
1434, 10, 3, 3, 27, 1
1434, 10, 3, 3, 28, 1
1434, 10, 3, 3, 29, 1
1434, 10, 3, 3, 30, 1
1434, 10, 3, 3, 31, 1
1434, 10, 3, 3, 32, 1
1434, 10, 3, 3, 33, 1
1434, 10, 3, 3, 34, 1
1434, 10, 3, 3, 35, 1
1434, 10, 3, 3, 36, 1
1434, 10, 3, 3, 37, 1
1434, 10, 3, 3, 38, 1
1434, 10, 3, 3, 39, 1
1434, 10, 3, 3, 40, 1
1434, 10, 3, 3, 41, 1
1434, 10, 3, 3, 42, 1
1434, 10, 3, 3, 43, 1
1434, 10, 3, 3, 44, 1
1434, 10, 3, 3, 45, 1
1434, 10, 3, 3, 46, 1
1434, 10, 3, 3, 47, 1
1434, 10, 3, 3, 48, 1
1434, 10, 3, 3, 49, 1
1434, 10, 3, 3, 50, 1
1434, 10, 3, 3, 51, 1
1434, 10, 3, 3, 52, 1
1434, 10, 3, 3, 53, 1
1434, 10, 3, 3, 54, 1
1434, 10, 3, 3, 55, 1
1434, 10, 3, 3, 56, 1
1434, 10, 3, 3, 57, 1
1434, 10, 3, 3, 58, 1
1434, 10, 3, 3, 59, 1
1434, 10, 3, 3, 60, 1
1434, 10, 3, 3, 61, 1
1434, 10, 3, 3, 62, 1
1434, 10, 3, 3, 63, 1
1434, 10, 3, 4, 0, 1
1434, 10, 3, 4, 1, 1
1434, 10, 3, 4, 2, 1
1434, 10, 3, 4, 3, 1
1434, 10, 3, 4, 4, 1
1434, 10, 3, 4, 5, 1
1434, 10, 3, 4, 6, 1
1434, 10, 3, 4, 7, 1
1434, 10, 3, 4, 8, 1
1434, 10, 3, 4, 9, 1
1434, 10, 3, 4, 10, 1
1434, 10, 3, 4, 11, 1
1434, 10, 3, 4, 12, 1
1434, 10, 3, 4, 13, 1
1434, 10, 3, 4, 14, 1
1434, 10, 3, 4, 15, 1
1434, 10, 3, 4, 16, 1
1434, 10, 3, 4, 17, 1
1434, 10, 3, 4, 18, 1
1434, 10, 3, 4, 19, 1
1434, 10, 3, 4, 20, 1
1434, 10, 3, 4, 21, 1
1434, 10, 3, 4, 22, 1
1434, 10, 3, 4, 23, 1
1434, 10, 3, 4, 24, 1
1434, 10, 3, 4, 25, 1
1434, 10, 3, 4, 26, 1
1434, 10, 3, 4, 27, 1
1434, 10, 3, 4, 28, 1
1434, 10, 3, 4, 29, 1
1434, 10, 3, 4, 30, 1
1434, 10, 3, 4, 31, 1
1434, 10, 3, 4, 32, 1
1434, 10, 3, 4, 33, 1
1434, 10, 3, 4, 34, 1
1434, 10, 3, 4, 35, 1
1434, 10, 3, 4, 36, 1
1434, 10, 3, 4, 37, 1
1434, 10, 3, 4, 38, 1
1434, 10, 3, 4, 39, 1
1434, 10, 3, 4, 40, 1
1434, 10, 3, 4, 41, 1
1434, 10, 3, 4, 42, 1
1434, 10, 3, 4, 43, 1
1434, 10, 3, 4, 44, 1
1434, 10, 3, 4, 45, 1
1434, 10, 3, 4, 46, 1
1434, 10, 3, 4, 47, 1
1434, 10, 3, 4, 48, 1
1434, 10, 3, 4, 49, 1
1434, 10, 3, 4, 50, 1
1434, 10, 3, 4, 51, 1
1434, 10, 3, 4, 56, 1
1434, 10, 3, 4, 57, 1
1434, 10, 3, 4, 58, 1
1434, 10, 3, 4, 59, 1
1434, 10, 3, 4, 60, 1
1434, 10, 1, 4, 61, 1
1434, 10, 3, 4, 62, 1
1434, 10, 3, 4, 63, 1
1434, 10, 3, 5, 0, 1
1434, 10, 3, 5, 1, 1
1434, 10, 3, 5, 2, 1
1434, 10, 3, 5, 3, 1
1434, 10, 3, 5, 4, 1
1434, 10, 3, 5, 5, 1
1434, 10, 3, 5, 6, 1
1434, 10, 3, 5, 7, 1
1434, 10, 3, 5, 8, 1
1434, 10, 3, 5, 9, 1
1434, 10, 3, 5, 10, 1
1434, 10, 3, 5, 11, 1
1434, 10, 3, 5, 12, 1
1434, 10, 3, 5, 13, 1
1434, 10, 3, 5, 14, 1
1434, 10, 3, 5, 15, 1
1434, 10, 3, 5, 16, 1
1434, 10, 3, 5, 17, 1
1434, 10, 3, 5, 18, 1
1434, 10, 3, 5, 19, 1
1434, 10, 3, 5, 20, 1
1434, 10, 3, 5, 21, 1
1434, 10, 3, 5, 22, 1
1434, 10, 3, 5, 23, 1
1434, 10, 3, 5, 24, 1
1434, 10, 3, 5, 25, 1
1434, 10, 3, 5, 26, 1
1434, 10, 3, 5, 27, 1
1434, 10, 3, 5, 28, 1
1434, 10, 3, 5, 29, 1
1434, 10, 3, 5, 30, 1
1434, 10, 3, 5, 31, 1
1434, 10, 3, 5, 32, 1
1434, 10, 3, 5, 33, 1
1434, 10, 3, 5, 34, 1
1434, 10, 3, 5, 35, 1
1434, 10, 3, 5, 36, 1
1434, 10, 3, 5, 37, 1
1434, 10, 3, 5, 38, 1
1434, 10, 3, 5, 39, 1
1434, 10, 3, 5, 40, 1
1434, 10, 3, 5, 41, 1
1434, 10, 3, 5, 42, 1
1434, 10, 3, 5, 43, 1
1434, 10, 3, 5, 44, 1
1434, 10, 3, 5, 45, 1
1434, 10, 3, 5, 46, 1
1434, 10, 3, 5, 50, 1
1434, 10, 3, 5, 57, 1
1434, 10, 3, 5, 58, 1
1434, 10, 3, 5, 59, 1
1434, 10, 3, 5, 60, 1
1434, 10, 3, 5, 61, 1
1434, 10, 3, 6, 0, 1
1434, 10, 3, 6, 1, 1
1434, 10, 3, 6, 2, 1
1434, 10, 3, 6, 3, 1
1434, 10, 3, 6, 4, 1
1434, 10, 3, 6, 5, 1
1434, 10, 3, 6, 6, 1
1434, 10, 3, 6, 7, 1
1434, 10, 3, 6, 8, 1
1434, 10, 3, 6, 9, 1
1434, 10, 3, 6, 10, 1
1434, 10, 3, 6, 11, 1
1434, 10, 3, 6, 12, 1
1434, 10, 3, 6, 13, 1
1434, 10, 3, 6, 14, 1
1434, 10, 3, 6, 15, 1
1434, 10, 3, 6, 16, 1
1434, 10, 3, 6, 17, 1
1434, 10, 3, 6, 18, 1
1434, 10, 3, 6, 19, 1
1434, 10, 3, 6, 20, 1
1434, 10, 3, 6, 21, 1
1434, 10, 3, 6, 22, 1
1434, 10, 3, 6, 23, 1
1434, 10, 3, 6, 24, 1
1434, 10, 3, 6, 25, 1
1434, 10, 3, 6, 26, 1
1434, 10, 3, 6, 27, 1
1434, 10, 3, 6, 28, 1
1434, 10, 3, 6, 29, 1
1434, 10, 3, 6, 30, 1
1434, 10, 3, 6, 31, 1
1434, 10, 3, 6, 32, 1
1434, 10, 3, 6, 33, 1
1434, 10, 3, 6, 34, 1
1434, 10, 3, 6, 35, 1
1434, 10, 3, 6, 36, 1
1434, 10, 3, 6, 37, 1
1434, 10, 3, 6, 38, 1
1434, 10, 3, 6, 39, 1
1434, 10, 3, 6, 40, 1
1434, 10, 3, 6, 41, 1
1434, 10, 3, 6, 42, 1
1434, 10, 3, 6, 43, 1
1434, 10, 3, 6, 44, 1
1434, 10, 3, 6, 45, 1
1434, 10, 3, 7, 0, 1
1434, 10, 3, 7, 1, 1
1434, 10, 3, 7, 2, 1
1434, 10, 3, 7, 3, 1
1434, 10, 3, 7, 4, 1
1434, 10, 3, 7, 5, 1
1434, 10, 3, 7, 6, 1
1434, 10, 3, 7, 7, 1
1434, 10, 3, 7, 8, 1
1434, 10, 3, 7, 9, 1
1434, 10, 3, 7, 10, 1
1434, 10, 3, 7, 11, 1
1434, 10, 3, 7, 12, 1
1434, 10, 3, 7, 13, 1
1434, 10, 3, 7, 14, 1
1434, 10, 3, 7, 15, 1
1434, 10, 3, 7, 16, 1
1434, 10, 3, 7, 17, 1
1434, 10, 3, 7, 18, 1
1434, 10, 3, 7, 19, 1
1434, 10, 3, 7, 20, 1
1434, 10, 3, 7, 21, 1
1434, 10, 3, 7, 22, 1
1434, 10, 3, 7, 23, 1
1434, 10, 3, 7, 24, 1
1434, 10, 3, 7, 25, 1
1434, 10, 3, 7, 26, 1
1434, 10, 3, 7, 27, 1
1434, 10, 3, 7, 28, 1
1434, 10, 3, 7, 29, 1
1434, 10, 3, 7, 30, 1
1434, 10, 3, 7, 31, 1
1434, 10, 3, 7, 32, 1
1434, 10, 3, 7, 33, 1
1434, 10, 3, 7, 34, 1
1434, 10, 3, 7, 35, 1
1434, 10, 3, 7, 36, 1
1434, 10, 3, 7, 37, 1
1434, 10, 3, 7, 38, 1
1434, 10, 3, 7, 39, 1
1434, 10, 3, 7, 40, 1
1434, 10, 3, 7, 41, 1
1434, 10, 3, 7, 42, 1
1434, 10, 3, 7, 43, 1
1434, 10, 3, 7, 44, 1
1434, 10, 3, 7, 45, 1
1434, 10, 3, 8, 0, 1
1434, 10, 3, 8, 1, 1
1434, 10, 3, 8, 2, 1
1434, 10, 3, 8, 3, 1
1434, 10, 3, 8, 4, 1
1434, 10, 3, 8, 5, 1
1434, 10, 3, 8, 6, 1
1434, 10, 3, 8, 7, 1
1434, 10, 3, 8, 8, 1
1434, 10, 3, 8, 9, 1
1434, 10, 3, 8, 10, 1
1434, 10, 3, 8, 11, 1
1434, 10, 3, 8, 12, 1
1434, 10, 3, 8, 13, 1
1434, 10, 3, 8, 14, 1
1434, 10, 3, 8, 15, 1
1434, 10, 3, 8, 16, 1
1434, 10, 3, 8, 17, 1
1434, 10, 3, 8, 18, 1
1434, 10, 3, 8, 19, 1
1434, 10, 3, 8, 20, 1
1434, 10, 3, 8, 21, 1
1434, 10, 3, 8, 22, 1
1434, 10, 3, 8, 23, 1
1434, 10, 3, 8, 24, 1
1434, 10, 3, 8, 25, 1
1434, 10, 3, 8, 26, 1
1434, 10, 3, 8, 27, 1
1434, 10, 3, 8, 28, 1
1434, 10, 3, 8, 29, 1
1434, 10, 3, 8, 30, 1
1434, 10, 3, 8, 31, 1
1434, 10, 3, 8, 32, 1
1434, 10, 3, 8, 33, 1
1434, 10, 3, 8, 34, 1
1434, 10, 3, 8, 35, 1
1434, 10, 3, 8, 36, 1
1434, 10, 3, 8, 37, 1
1434, 10, 3, 8, 38, 1
1434, 10, 3, 8, 39, 1
1434, 10, 3, 8, 40, 1
1434, 10, 3, 8, 41, 1
1434, 10, 3, 8, 42, 1
1434, 10, 3, 8, 43, 1
1434, 10, 3, 8, 44, 1
1434, 10, 3, 8, 45, 1
1434, 10, 3, 9, 0, 1
1434, 10, 3, 9, 1, 1
1434, 10, 3, 9, 2, 1
1434, 10, 3, 9, 3, 1
1434, 10, 3, 9, 4, 1
1434, 10, 3, 9, 5, 1
1434, 10, 3, 9, 6, 1
1434, 10, 3, 9, 7, 1
1434, 10, 3, 9, 8, 1
1434, 10, 3, 9, 9, 1
1434, 10, 3, 9, 10, 1
1434, 10, 3, 9, 11, 1
1434, 10, 3, 9, 12, 1
1434, 10, 3, 9, 13, 1
1434, 10, 3, 9, 14, 1
1434, 10, 3, 9, 15, 1
1434, 10, 3, 9, 16, 1
1434, 10, 3, 9, 17, 1
1434, 10, 3, 9, 18, 1
1434, 10, 3, 9, 19, 1
1434, 10, 3, 9, 20, 1
1434, 10, 3, 9, 21, 1
1434, 10, 3, 9, 22, 1
1434, 10, 3, 9, 23, 1
1434, 10, 3, 9, 24, 1
1434, 10, 3, 9, 25, 1
1434, 10, 3, 9, 26, 1
1434, 10, 3, 9, 27, 1
1434, 10, 3, 9, 28, 1
1434, 10, 3, 9, 29, 1
1434, 10, 3, 9, 30, 1
1434, 10, 3, 9, 31, 1
1434, 10, 3, 9, 32, 1
1434, 10, 3, 9, 33, 1
1434, 10, 3, 9, 34, 1
1434, 10, 3, 9, 35, 1
1434, 10, 3, 9, 36, 1
1434, 10, 3, 9, 37, 1
1434, 10, 3, 9, 38, 1
1434, 10, 3, 9, 39, 1
1434, 10, 3, 9, 40, 1
1434, 10, 3, 9, 41, 1
1434, 10, 3, 9, 42, 1
1434, 10, 3, 9, 43, 1
1434, 10, 3, 9, 44, 1
1434, 10, 3, 10, 0, 1
1434, 10, 3, 10, 1, 1
1434, 10, 3, 10, 2, 1
1434, 10, 3, 10, 3, 1
1434, 10, 3, 10, 4, 1
1434, 10, 3, 10, 5, 1
1434, 10, 3, 10, 6, 1
1434, 10, 3, 10, 7, 1
1434, 10, 3, 10, 8, 1
1434, 10, 3, 10, 9, 1
1434, 10, 3, 10, 10, 1
1434, 10, 3, 10, 11, 1
1434, 10, 3, 10, 12, 1
1434, 10, 3, 10, 13, 1
1434, 10, 3, 10, 14, 1
1434, 10, 3, 10, 15, 1
1434, 10, 3, 10, 16, 1
1434, 10, 3, 10, 17, 1
1434, 10, 3, 10, 18, 1
1434, 10, 3, 10, 19, 1
1434, 10, 3, 10, 20, 1
1434, 10, 3, 10, 21, 1
1434, 10, 3, 10, 22, 1
1434, 10, 3, 10, 23, 1
1434, 10, 3, 10, 24, 1
1434, 10, 3, 10, 25, 1
1434, 10, 3, 10, 26, 1
1434, 10, 3, 10, 27, 1
1434, 10, 3, 10, 28, 1
1434, 10, 3, 10, 29, 1
1434, 10, 3, 10, 30, 1
1434, 10, 3, 10, 31, 1
1434, 10, 3, 10, 32, 1
1434, 10, 3, 10, 33, 1
1434, 10, 3, 10, 34, 1
1434, 10, 3, 10, 35, 1
1434, 10, 3, 10, 36, 1
1434, 10, 3, 10, 37, 1
1434, 10, 3, 10, 38, 1
1434, 10, 3, 10, 39, 1
1434, 10, 3, 10, 40, 1
1434, 10, 1, 10, 41, 1
1434, 10, 1, 10, 42, 1
1434, 10, 1, 10, 43, 1
1434, 10, 1, 10, 44, 1
1434, 10, 3, 11, 0, 1
1434, 10, 3, 11, 1, 1
1434, 10, 3, 11, 2, 1
1434, 10, 3, 11, 3, 1
1434, 10, 3, 11, 4, 1
1434, 10, 3, 11, 5, 1
1434, 10, 3, 11, 6, 1
1434, 10, 3, 11, 7, 1
1434, 10, 3, 11, 8, 1
1434, 10, 3, 11, 9, 1
1434, 10, 3, 11, 10, 1
1434, 10, 3, 11, 11, 1
1434, 10, 3, 11, 12, 1
1434, 10, 3, 11, 13, 1
1434, 10, 3, 11, 14, 1
1434, 10, 3, 11, 15, 1
1434, 10, 3, 11, 16, 1
1434, 10, 3, 11, 17, 1
1434, 10, 3, 11, 18, 1
1434, 10, 3, 11, 19, 1
1434, 10, 3, 11, 20, 1
1434, 10, 3, 11, 21, 1
1434, 10, 3, 11, 22, 1
1434, 10, 3, 11, 23, 1
1434, 10, 3, 11, 24, 1
1434, 10, 3, 11, 25, 1
1434, 10, 3, 11, 26, 1
1434, 10, 3, 11, 27, 1
1434, 10, 3, 11, 28, 1
1434, 10, 3, 11, 29, 1
1434, 10, 3, 11, 30, 1
1434, 10, 3, 11, 31, 1
1434, 10, 3, 11, 32, 1
1434, 10, 3, 11, 33, 1
1434, 10, 3, 11, 34, 1
1434, 10, 3, 11, 35, 1
1434, 10, 3, 11, 36, 1
1434, 10, 3, 11, 37, 1
1434, 10, 3, 11, 38, 1
1434, 10, 3, 12, 0, 1
1434, 10, 3, 12, 1, 1
1434, 10, 3, 12, 2, 1
1434, 10, 3, 12, 3, 1
1434, 10, 3, 12, 4, 1
1434, 10, 3, 12, 5, 1
1434, 10, 3, 12, 6, 1
1434, 10, 3, 12, 7, 1
1434, 10, 3, 12, 8, 1
1434, 10, 3, 12, 9, 1
1434, 10, 3, 12, 10, 1
1434, 10, 3, 12, 11, 1
1434, 10, 3, 12, 12, 1
1434, 10, 3, 12, 13, 1
1434, 10, 3, 12, 14, 1
1434, 10, 3, 12, 15, 1
1434, 10, 3, 12, 16, 1
1434, 10, 3, 12, 17, 1
1434, 10, 3, 12, 18, 1
1434, 10, 3, 12, 19, 1
1434, 10, 3, 12, 20, 1
1434, 10, 3, 12, 21, 1
1434, 10, 3, 12, 22, 1
1434, 10, 3, 12, 23, 1
1434, 10, 3, 12, 24, 1
1434, 10, 3, 12, 25, 1
1434, 10, 3, 12, 26, 1
1434, 10, 3, 12, 27, 1
1434, 10, 3, 12, 28, 1
1434, 10, 3, 12, 29, 1
1434, 10, 3, 12, 30, 1
1434, 10, 3, 12, 31, 1
1434, 10, 3, 12, 32, 1
1434, 10, 3, 12, 33, 1
1434, 10, 3, 12, 34, 1
1434, 10, 3, 12, 35, 1
1434, 10, 3, 12, 36, 1
1434, 10, 3, 12, 37, 1
1434, 10, 3, 12, 38, 1
1434, 10, 3, 13, 0, 1
1434, 10, 3, 13, 1, 1
1434, 10, 3, 13, 2, 1
1434, 10, 3, 13, 3, 1
1434, 10, 3, 13, 4, 1
1434, 10, 3, 13, 5, 1
1434, 10, 3, 13, 6, 1
1434, 10, 3, 13, 7, 1
1434, 10, 3, 13, 8, 1
1434, 10, 3, 13, 9, 1
1434, 10, 3, 13, 10, 1
1434, 10, 3, 13, 11, 1
1434, 10, 3, 13, 12, 1
1434, 10, 3, 13, 13, 1
1434, 10, 3, 13, 14, 1
1434, 10, 3, 13, 15, 1
1434, 10, 3, 13, 16, 1
1434, 10, 3, 13, 17, 1
1434, 10, 3, 13, 18, 1
1434, 10, 3, 13, 19, 1
1434, 10, 3, 13, 20, 1
1434, 10, 3, 13, 21, 1
1434, 10, 3, 13, 22, 1
1434, 10, 3, 13, 23, 1
1434, 10, 3, 13, 24, 1
1434, 10, 3, 13, 25, 1
1434, 10, 3, 13, 26, 1
1434, 10, 3, 13, 27, 1
1434, 10, 3, 13, 28, 1
1434, 10, 3, 13, 29, 1
1434, 10, 3, 13, 30, 1
1434, 10, 3, 13, 31, 1
1434, 10, 3, 13, 32, 1
1434, 10, 3, 13, 33, 1
1434, 10, 3, 13, 34, 1
1434, 10, 3, 13, 35, 1
1434, 10, 3, 13, 36, 1
1434, 10, 3, 13, 37, 1
1434, 10, 3, 13, 38, 1
1434, 10, 3, 14, 0, 1
1434, 10, 3, 14, 1, 1
1434, 10, 3, 14, 2, 1
1434, 10, 3, 14, 3, 1
1434, 10, 3, 14, 4, 1
1434, 10, 3, 14, 5, 1
1434, 10, 3, 14, 6, 1
1434, 10, 3, 14, 7, 1
1434, 10, 3, 14, 8, 1
1434, 10, 3, 14, 9, 1
1434, 10, 3, 14, 10, 1
1434, 10, 3, 14, 15, 1
1434, 10, 3, 14, 16, 1
1434, 10, 3, 14, 17, 1
1434, 10, 3, 14, 18, 1
1434, 10, 3, 14, 24, 1
1434, 10, 3, 14, 25, 1
1434, 10, 3, 14, 26, 1
1434, 10, 3, 14, 27, 1
1434, 10, 3, 14, 28, 1
1434, 10, 3, 14, 29, 1
1434, 10, 3, 14, 30, 1
1434, 10, 3, 14, 31, 1
1434, 10, 3, 14, 32, 1
1434, 10, 3, 14, 33, 1
1434, 10, 3, 14, 34, 1
1434, 10, 3, 14, 35, 1
1434, 10, 3, 14, 36, 1
1434, 10, 3, 14, 37, 1
1434, 10, 3, 14, 38, 1
1434, 10, 3, 15, 0, 1
1434, 10, 3, 15, 1, 1
1434, 10, 3, 15, 2, 1
1434, 10, 3, 15, 3, 1
1434, 10, 3, 15, 4, 1
1434, 10, 3, 15, 5, 1
1434, 10, 3, 15, 6, 1
1434, 10, 3, 15, 7, 1
1434, 10, 3, 15, 8, 1
1434, 10, 3, 15, 9, 1
1434, 10, 3, 15, 25, 1
1434, 10, 3, 15, 26, 1
1434, 10, 3, 15, 27, 1
1434, 10, 3, 15, 28, 1
1434, 10, 3, 15, 29, 1
1434, 10, 3, 15, 30, 1
1434, 10, 3, 15, 31, 1
1434, 10, 3, 15, 32, 1
1434, 10, 3, 15, 33, 1
1434, 10, 3, 15, 34, 1
1434, 10, 3, 15, 35, 1
1434, 10, 3, 15, 36, 1
1434, 10, 3, 15, 37, 1
1434, 10, 3, 15, 38, 1
1434, 10, 3, 15, 39, 1
1434, 10, 3, 15, 40, 1
1434, 10, 1, 15, 41, 1
1434, 10, 1, 15, 42, 1
1434, 10, 1, 15, 43, 1
1434, 10, 1, 15, 44, 1
1434, 10, 1, 15, 45, 1
1434, 10, 3, 16, 0, 1
1434, 10, 3, 16, 1, 1
1434, 10, 3, 16, 2, 1
1434, 10, 3, 16, 3, 1
1434, 10, 3, 16, 4, 1
1434, 10, 3, 16, 5, 1
1434, 10, 3, 16, 6, 1
1434, 10, 3, 16, 7, 1
1434, 10, 3, 16, 8, 1
1434, 10, 3, 16, 25, 1
1434, 10, 3, 16, 26, 1
1434, 10, 3, 16, 27, 1
1434, 10, 3, 16, 28, 1
1434, 10, 3, 16, 29, 1
1434, 10, 3, 16, 30, 1
1434, 10, 3, 16, 31, 1
1434, 10, 3, 16, 32, 1
1434, 10, 3, 16, 33, 1
1434, 10, 3, 16, 34, 1
1434, 10, 3, 16, 35, 1
1434, 10, 3, 16, 36, 1
1434, 10, 3, 16, 37, 1
1434, 10, 3, 16, 38, 1
1434, 10, 3, 16, 39, 1
1434, 10, 3, 16, 40, 1
1434, 10, 3, 16, 41, 1
1434, 10, 3, 16, 42, 1
1434, 10, 3, 17, 0, 1
1434, 10, 3, 17, 1, 1
1434, 10, 3, 17, 2, 1
1434, 10, 3, 17, 3, 1
1434, 10, 3, 17, 4, 1
1434, 10, 3, 17, 5, 1
1434, 10, 3, 17, 6, 1
1434, 10, 3, 17, 7, 1
1434, 10, 3, 17, 8, 1
1434, 10, 3, 17, 25, 1
1434, 10, 3, 17, 26, 1
1434, 10, 3, 17, 27, 1
1434, 10, 3, 17, 28, 1
1434, 10, 3, 17, 29, 1
1434, 10, 3, 17, 30, 1
1434, 10, 3, 17, 31, 1
1434, 10, 3, 17, 32, 1
1434, 10, 3, 17, 33, 1
1434, 10, 3, 17, 34, 1
1434, 10, 3, 17, 35, 1
1434, 10, 3, 17, 36, 1
1434, 10, 3, 17, 37, 1
1434, 10, 3, 17, 38, 1
1434, 10, 3, 17, 39, 1
1434, 10, 3, 17, 40, 1
1434, 10, 3, 17, 41, 1
1434, 10, 3, 17, 42, 1
1434, 10, 3, 18, 0, 1
1434, 10, 3, 18, 1, 1
1434, 10, 3, 18, 2, 1
1434, 10, 3, 18, 3, 1
1434, 10, 3, 18, 4, 1
1434, 10, 3, 18, 5, 1
1434, 10, 3, 18, 6, 1
1434, 10, 3, 18, 7, 1
1434, 10, 3, 18, 8, 1
1434, 10, 3, 18, 27, 1
1434, 10, 3, 18, 28, 1
1434, 10, 3, 18, 29, 1
1434, 10, 3, 18, 30, 1
1434, 10, 3, 18, 31, 1
1434, 10, 3, 18, 32, 1
1434, 10, 3, 18, 33, 1
1434, 10, 3, 18, 34, 1
1434, 10, 3, 18, 35, 1
1434, 10, 3, 18, 36, 1
1434, 10, 3, 18, 37, 1
1434, 10, 3, 18, 38, 1
1434, 10, 3, 18, 39, 1
1434, 10, 3, 19, 0, 1
1434, 10, 3, 19, 1, 1
1434, 10, 3, 19, 2, 1
1434, 10, 3, 19, 3, 1
1434, 10, 3, 19, 4, 1
1434, 10, 3, 19, 5, 1
1434, 10, 3, 19, 6, 1
1434, 10, 3, 19, 7, 1
1434, 10, 3, 19, 28, 1
1434, 10, 3, 19, 29, 1
1434, 10, 3, 19, 30, 1
1434, 10, 3, 19, 31, 1
1434, 10, 3, 19, 32, 1
1434, 10, 3, 19, 33, 1
1434, 10, 3, 19, 34, 1
1434, 10, 3, 19, 35, 1
1434, 10, 3, 19, 36, 1
1434, 10, 3, 19, 37, 1
1434, 10, 3, 19, 38, 1
1434, 10, 3, 20, 0, 1
1434, 10, 3, 20, 1, 1
1434, 10, 3, 20, 2, 1
1434, 10, 3, 20, 3, 1
1434, 10, 3, 20, 4, 1
1434, 10, 3, 20, 5, 1
1434, 10, 3, 20, 6, 1
1434, 10, 3, 20, 7, 1
1434, 10, 3, 20, 28, 1
1434, 10, 3, 20, 29, 1
1434, 10, 3, 20, 30, 1
1434, 10, 3, 20, 31, 1
1434, 10, 3, 20, 32, 1
1434, 10, 3, 20, 33, 1
1434, 10, 3, 20, 34, 1
1434, 10, 3, 20, 35, 1
1434, 10, 3, 20, 36, 1
1434, 10, 3, 20, 37, 1
1434, 10, 3, 20, 38, 1
1434, 10, 3, 21, 0, 1
1434, 10, 3, 21, 1, 1
1434, 10, 3, 21, 2, 1
1434, 10, 3, 21, 3, 1
1434, 10, 3, 21, 4, 1
1434, 10, 3, 21, 5, 1
1434, 10, 3, 21, 6, 1
1434, 10, 3, 21, 7, 1
1434, 10, 3, 21, 28, 1
1434, 10, 3, 21, 29, 1
1434, 10, 3, 21, 30, 1
1434, 10, 3, 21, 31, 1
1434, 10, 3, 21, 32, 1
1434, 10, 3, 21, 33, 1
1434, 10, 3, 21, 34, 1
1434, 10, 3, 21, 35, 1
1434, 10, 3, 21, 36, 1
1434, 10, 3, 22, 0, 1
1434, 10, 3, 22, 1, 1
1434, 10, 3, 22, 2, 1
1434, 10, 3, 22, 3, 1
1434, 10, 3, 22, 4, 1
1434, 10, 3, 22, 5, 1
1434, 10, 3, 22, 6, 1
1434, 10, 3, 22, 7, 1
1434, 10, 3, 22, 8, 1
1434, 10, 3, 22, 30, 1
1434, 10, 3, 22, 31, 1
1434, 10, 3, 22, 32, 1
1434, 10, 3, 22, 33, 1
1434, 10, 3, 22, 34, 1
1434, 10, 3, 22, 35, 1
1434, 10, 3, 22, 53, 1
1434, 10, 3, 23, 0, 1
1434, 10, 3, 23, 1, 1
1434, 10, 3, 23, 2, 1
1434, 10, 3, 23, 3, 1
1434, 10, 3, 23, 4, 1
1434, 10, 3, 23, 5, 1
1434, 10, 3, 23, 6, 1
1434, 10, 3, 23, 7, 1
1434, 10, 3, 23, 8, 1
1434, 10, 3, 23, 31, 1
1434, 10, 3, 23, 32, 1
1434, 10, 3, 23, 33, 1
1434, 10, 3, 23, 34, 1
1434, 10, 3, 23, 35, 1
1434, 10, 3, 23, 43, 1
1434, 10, 3, 23, 44, 1
1434, 10, 3, 23, 45, 1
1434, 10, 3, 23, 51, 1
1434, 10, 3, 23, 52, 1
1434, 10, 3, 23, 53, 1
1434, 10, 3, 24, 0, 1
1434, 10, 3, 24, 1, 1
1434, 10, 3, 24, 2, 1
1434, 10, 3, 24, 3, 1
1434, 10, 3, 24, 4, 1
1434, 10, 3, 24, 5, 1
1434, 10, 3, 24, 6, 1
1434, 10, 3, 24, 7, 1
1434, 10, 3, 24, 8, 1
1434, 10, 3, 24, 21, 1
1434, 10, 3, 24, 22, 1
1434, 10, 3, 24, 23, 1
1434, 10, 3, 24, 31, 1
1434, 10, 3, 24, 32, 1
1434, 10, 3, 24, 33, 1
1434, 10, 3, 24, 43, 1
1434, 10, 3, 24, 44, 1
1434, 10, 3, 24, 45, 1
1434, 10, 3, 24, 46, 1
1434, 10, 3, 24, 47, 1
1434, 10, 3, 24, 48, 1
1434, 10, 3, 24, 49, 1
1434, 10, 3, 24, 50, 1
1434, 10, 3, 24, 51, 1
1434, 10, 3, 25, 0, 1
1434, 10, 3, 25, 1, 1
1434, 10, 3, 25, 2, 1
1434, 10, 3, 25, 3, 1
1434, 10, 3, 25, 4, 1
1434, 10, 3, 25, 5, 1
1434, 10, 3, 25, 6, 1
1434, 10, 3, 25, 7, 1
1434, 10, 3, 25, 8, 1
1434, 10, 3, 25, 9, 1
1434, 10, 3, 25, 10, 1
1434, 10, 3, 25, 21, 1
1434, 10, 3, 25, 22, 1
1434, 10, 3, 25, 23, 1
1434, 10, 3, 25, 42, 1
1434, 10, 3, 25, 43, 1
1434, 10, 3, 25, 44, 1
1434, 10, 3, 25, 45, 1
1434, 10, 3, 25, 46, 1
1434, 10, 3, 25, 47, 1
1434, 10, 3, 25, 48, 1
1434, 10, 3, 25, 49, 1
1434, 10, 3, 25, 50, 1
1434, 10, 3, 26, 0, 1
1434, 10, 3, 26, 1, 1
1434, 10, 3, 26, 2, 1
1434, 10, 3, 26, 3, 1
1434, 10, 3, 26, 4, 1
1434, 10, 3, 26, 5, 1
1434, 10, 3, 26, 6, 1
1434, 10, 3, 26, 7, 1
1434, 10, 3, 26, 8, 1
1434, 10, 3, 26, 9, 1
1434, 10, 3, 26, 10, 1
1434, 10, 3, 26, 20, 1
1434, 10, 3, 26, 21, 1
1434, 10, 3, 26, 22, 1
1434, 10, 3, 26, 23, 1
1434, 10, 3, 26, 40, 1
1434, 10, 3, 26, 41, 1
1434, 10, 3, 26, 42, 1
1434, 10, 3, 26, 43, 1
1434, 10, 3, 26, 44, 1
1434, 10, 3, 26, 45, 1
1434, 10, 3, 26, 46, 1
1434, 10, 3, 26, 47, 1
1434, 10, 3, 26, 48, 1
1434, 10, 3, 26, 49, 1
1434, 10, 3, 26, 50, 1
1434, 10, 3, 27, 0, 1
1434, 10, 3, 27, 1, 1
1434, 10, 3, 27, 2, 1
1434, 10, 3, 27, 3, 1
1434, 10, 3, 27, 4, 1
1434, 10, 3, 27, 5, 1
1434, 10, 3, 27, 6, 1
1434, 10, 3, 27, 7, 1
1434, 10, 3, 27, 8, 1
1434, 10, 3, 27, 9, 1
1434, 10, 3, 27, 10, 1
1434, 10, 3, 27, 21, 1
1434, 10, 3, 27, 22, 1
1434, 10, 3, 27, 23, 1
1434, 10, 3, 27, 24, 1
1434, 10, 3, 27, 38, 1
1434, 10, 3, 27, 43, 1
1434, 10, 3, 27, 44, 1
1434, 10, 3, 27, 45, 1
1434, 10, 3, 27, 46, 1
1434, 10, 3, 27, 47, 1
1434, 10, 3, 27, 48, 1
1434, 10, 3, 27, 49, 1
1434, 10, 3, 27, 50, 1
1434, 10, 3, 28, 0, 1
1434, 10, 3, 28, 1, 1
1434, 10, 3, 28, 2, 1
1434, 10, 3, 28, 3, 1
1434, 10, 3, 28, 4, 1
1434, 10, 3, 28, 5, 1
1434, 10, 3, 28, 6, 1
1434, 10, 3, 28, 7, 1
1434, 10, 3, 28, 21, 1
1434, 10, 3, 28, 22, 1
1434, 10, 3, 28, 23, 1
1434, 10, 3, 28, 24, 1
1434, 10, 3, 28, 46, 1
1434, 10, 3, 28, 47, 1
1434, 10, 3, 28, 48, 1
1434, 10, 3, 28, 49, 1
1434, 10, 3, 28, 50, 1
1434, 10, 3, 28, 51, 1
1434, 10, 3, 29, 0, 1
1434, 10, 3, 29, 1, 1
1434, 10, 3, 29, 2, 1
1434, 10, 3, 29, 3, 1
1434, 10, 3, 29, 4, 1
1434, 10, 3, 29, 5, 1
1434, 10, 3, 29, 22, 1
1434, 10, 3, 29, 23, 1
1434, 10, 3, 29, 24, 1
1434, 10, 3, 29, 25, 1
1434, 10, 3, 29, 26, 1
1434, 10, 3, 29, 27, 1
1434, 10, 3, 29, 47, 1
1434, 10, 3, 29, 48, 1
1434, 10, 3, 29, 49, 1
1434, 10, 3, 29, 50, 1
1434, 10, 3, 29, 51, 1
1434, 10, 3, 30, 0, 1
1434, 10, 3, 30, 1, 1
1434, 10, 3, 30, 2, 1
1434, 10, 3, 30, 3, 1
1434, 10, 3, 30, 4, 1
1434, 10, 3, 30, 25, 1
1434, 10, 3, 30, 26, 1
1434, 10, 3, 30, 27, 1
1434, 10, 3, 30, 34, 1
1434, 10, 3, 30, 35, 1
1434, 10, 3, 30, 36, 1
1434, 10, 3, 30, 47, 1
1434, 10, 3, 30, 48, 1
1434, 10, 3, 30, 49, 1
1434, 10, 3, 30, 50, 1
1434, 10, 3, 31, 0, 1
1434, 10, 3, 31, 1, 1
1434, 10, 3, 31, 2, 1
1434, 10, 3, 31, 3, 1
1434, 10, 3, 31, 4, 1
1434, 10, 3, 31, 34, 1
1434, 10, 3, 31, 35, 1
1434, 10, 3, 31, 47, 1
1434, 10, 3, 31, 48, 1
1434, 10, 3, 31, 49, 1
1434, 10, 3, 32, 0, 1
1434, 10, 3, 32, 1, 1
1434, 10, 3, 32, 2, 1
1434, 10, 3, 32, 3, 1
1434, 10, 3, 32, 4, 1
1434, 10, 3, 32, 34, 1
1434, 10, 3, 32, 48, 1
1434, 10, 3, 32, 49, 1
1434, 10, 3, 33, 0, 1
1434, 10, 3, 33, 1, 1
1434, 10, 3, 33, 2, 1
1434, 10, 3, 33, 3, 1
1434, 10, 3, 33, 4, 1
1434, 10, 3, 33, 5, 1
1434, 10, 3, 33, 33, 1
1434, 10, 3, 33, 34, 1
1434, 10, 3, 33, 48, 1
1434, 10, 3, 33, 49, 1
1434, 10, 3, 33, 55, 1
1434, 10, 3, 33, 56, 1
1434, 10, 3, 33, 57, 1
1434, 10, 3, 34, 0, 1
1434, 10, 3, 34, 1, 1
1434, 10, 3, 34, 2, 1
1434, 10, 3, 34, 33, 1
1434, 10, 3, 34, 34, 1
1434, 10, 3, 34, 55, 1
1434, 10, 3, 34, 56, 1
1434, 10, 3, 34, 57, 1
1434, 10, 3, 34, 58, 1
1434, 10, 3, 34, 59, 1
1434, 10, 3, 34, 60, 1
1434, 10, 3, 34, 61, 1
1434, 10, 3, 34, 62, 1
1434, 10, 3, 34, 63, 1
1434, 10, 3, 35, 0, 1
1434, 10, 3, 35, 14, 1
1434, 10, 3, 35, 15, 1
1434, 10, 3, 35, 33, 1
1434, 10, 3, 35, 34, 1
1434, 10, 3, 35, 54, 1
1434, 10, 3, 35, 55, 1
1434, 10, 3, 35, 56, 1
1434, 10, 3, 35, 57, 1
1434, 10, 3, 35, 58, 1
1434, 10, 3, 35, 59, 1
1434, 10, 3, 35, 60, 1
1434, 10, 3, 35, 61, 1
1434, 10, 3, 35, 62, 1
1434, 10, 3, 35, 63, 1
1434, 10, 3, 36, 0, 1
1434, 10, 3, 36, 15, 1
1434, 10, 3, 36, 34, 1
1434, 10, 3, 36, 35, 1
1434, 10, 3, 36, 55, 1
1434, 10, 3, 36, 56, 1
1434, 10, 3, 36, 57, 1
1434, 10, 3, 36, 58, 1
1434, 10, 3, 36, 59, 1
1434, 10, 3, 36, 60, 1
1434, 10, 3, 36, 61, 1
1434, 10, 3, 36, 62, 1
1434, 10, 3, 36, 63, 1
1434, 10, 3, 37, 0, 1
1434, 10, 3, 37, 15, 1
1434, 10, 3, 37, 16, 1
1434, 10, 3, 37, 34, 1
1434, 10, 3, 37, 35, 1
1434, 10, 3, 37, 57, 1
1434, 10, 3, 37, 58, 1
1434, 10, 3, 37, 59, 1
1434, 10, 3, 37, 60, 1
1434, 10, 3, 37, 61, 1
1434, 10, 3, 37, 62, 1
1434, 10, 3, 37, 63, 1
1434, 10, 3, 38, 0, 1
1434, 10, 3, 38, 1, 1
1434, 10, 3, 38, 2, 1
1434, 10, 3, 38, 3, 1
1434, 10, 3, 38, 15, 1
1434, 10, 3, 38, 16, 1
1434, 10, 3, 38, 17, 1
1434, 10, 3, 38, 18, 1
1434, 10, 3, 38, 35, 1
1434, 10, 3, 38, 59, 1
1434, 10, 3, 38, 60, 1
1434, 10, 3, 38, 61, 1
1434, 10, 3, 38, 62, 1
1434, 10, 3, 38, 63, 1
1434, 10, 3, 39, 0, 1
1434, 10, 3, 39, 1, 1
1434, 10, 3, 39, 2, 1
1434, 10, 3, 39, 3, 1
1434, 10, 3, 39, 14, 1
1434, 10, 3, 39, 15, 1
1434, 10, 3, 39, 16, 1
1434, 10, 3, 39, 35, 1
1434, 10, 3, 39, 36, 1
1434, 10, 3, 39, 37, 1
1434, 10, 3, 39, 60, 1
1434, 10, 3, 39, 61, 1
1434, 10, 3, 39, 62, 1
1434, 10, 3, 39, 63, 1
1434, 10, 3, 40, 0, 1
1434, 10, 3, 40, 1, 1
1434, 10, 3, 40, 2, 1
1434, 10, 3, 40, 3, 1
1434, 10, 3, 40, 4, 1
1434, 10, 3, 40, 5, 1
1434, 10, 3, 40, 6, 1
1434, 10, 3, 40, 26, 1
1434, 10, 3, 40, 27, 1
1434, 10, 3, 40, 36, 1
1434, 10, 3, 40, 37, 1
1434, 10, 3, 40, 60, 1
1434, 10, 3, 40, 61, 1
1434, 10, 3, 40, 62, 1
1434, 10, 3, 40, 63, 1
1434, 10, 3, 41, 0, 1
1434, 10, 3, 41, 1, 1
1434, 10, 3, 41, 2, 1
1434, 10, 3, 41, 3, 1
1434, 10, 3, 41, 4, 1
1434, 10, 3, 41, 27, 1
1434, 10, 3, 41, 28, 1
1434, 10, 3, 41, 36, 1
1434, 10, 3, 41, 37, 1
1434, 10, 3, 41, 61, 1
1434, 10, 3, 41, 62, 1
1434, 10, 3, 41, 63, 1
1434, 10, 3, 42, 0, 1
1434, 10, 3, 42, 1, 1
1434, 10, 3, 42, 2, 1
1434, 10, 3, 42, 3, 1
1434, 10, 3, 42, 4, 1
1434, 10, 3, 42, 36, 1
1434, 10, 3, 42, 61, 1
1434, 10, 3, 42, 62, 1
1434, 10, 3, 42, 63, 1
1434, 10, 3, 43, 0, 1
1434, 10, 3, 43, 1, 1
1434, 10, 3, 43, 2, 1
1434, 10, 3, 43, 3, 1
1434, 10, 3, 43, 4, 1
1434, 10, 3, 43, 61, 1
1434, 10, 3, 43, 62, 1
1434, 10, 3, 43, 63, 1
1434, 10, 3, 44, 0, 1
1434, 10, 3, 44, 1, 1
1434, 10, 3, 44, 2, 1
1434, 10, 3, 44, 3, 1
1434, 10, 3, 44, 4, 1
1434, 10, 3, 44, 5, 1
1434, 10, 3, 44, 6, 1
1434, 10, 3, 44, 7, 1
1434, 10, 3, 44, 34, 1
1434, 10, 3, 44, 35, 1
1434, 10, 3, 44, 61, 1
1434, 10, 3, 44, 62, 1
1434, 10, 3, 44, 63, 1
1434, 10, 3, 45, 0, 1
1434, 10, 3, 45, 1, 1
1434, 10, 3, 45, 2, 1
1434, 10, 3, 45, 3, 1
1434, 10, 3, 45, 4, 1
1434, 10, 3, 45, 5, 1
1434, 10, 3, 45, 34, 1
1434, 10, 3, 45, 35, 1
1434, 10, 3, 45, 60, 1
1434, 10, 3, 45, 61, 1
1434, 10, 3, 45, 62, 1
1434, 10, 3, 45, 63, 1
1434, 10, 3, 46, 0, 1
1434, 10, 3, 46, 1, 1
1434, 10, 3, 46, 2, 1
1434, 10, 3, 46, 3, 1
1434, 10, 3, 46, 4, 1
1434, 10, 3, 46, 32, 1
1434, 10, 3, 46, 33, 1
1434, 10, 3, 46, 34, 1
1434, 10, 3, 46, 60, 1
1434, 10, 3, 46, 61, 1
1434, 10, 3, 46, 62, 1
1434, 10, 3, 46, 63, 1
1434, 10, 3, 47, 0, 1
1434, 10, 3, 47, 1, 1
1434, 10, 3, 47, 2, 1
1434, 10, 3, 47, 3, 1
1434, 10, 3, 47, 4, 1
1434, 10, 3, 47, 11, 1
1434, 10, 3, 47, 16, 1
1434, 10, 3, 47, 29, 1
1434, 10, 3, 47, 30, 1
1434, 10, 3, 47, 31, 1
1434, 10, 3, 47, 32, 1
1434, 10, 3, 47, 33, 1
1434, 10, 3, 47, 34, 1
1434, 10, 3, 47, 60, 1
1434, 10, 3, 47, 61, 1
1434, 10, 3, 47, 62, 1
1434, 10, 3, 47, 63, 1
1434, 10, 3, 48, 0, 1
1434, 10, 3, 48, 1, 1
1434, 10, 3, 48, 2, 1
1434, 10, 3, 48, 3, 1
1434, 10, 3, 48, 11, 1
1434, 10, 3, 48, 12, 1
1434, 10, 3, 48, 13, 1
1434, 10, 3, 48, 14, 1
1434, 10, 3, 48, 15, 1
1434, 10, 3, 48, 16, 1
1434, 10, 3, 48, 23, 1
1434, 10, 1, 48, 29, 1
1434, 10, 3, 48, 30, 1
1434, 10, 3, 48, 31, 1
1434, 10, 3, 48, 32, 1
1434, 10, 3, 48, 33, 1
1434, 10, 3, 48, 34, 1
1434, 10, 3, 48, 58, 1
1434, 10, 3, 48, 59, 1
1434, 10, 3, 48, 60, 1
1434, 10, 3, 48, 61, 1
1434, 10, 3, 48, 62, 1
1434, 10, 3, 48, 63, 1
1434, 10, 3, 49, 0, 1
1434, 10, 3, 49, 1, 1
1434, 10, 3, 49, 2, 1
1434, 10, 3, 49, 3, 1
1434, 10, 3, 49, 11, 1
1434, 10, 3, 49, 12, 1
1434, 10, 3, 49, 13, 1
1434, 10, 3, 49, 14, 1
1434, 10, 3, 49, 15, 1
1434, 10, 3, 49, 16, 1
1434, 10, 3, 49, 17, 1
1434, 10, 3, 49, 21, 1
1434, 10, 3, 49, 22, 1
1434, 10, 3, 49, 23, 1
1434, 10, 1, 49, 24, 1
1434, 10, 1, 49, 25, 1
1434, 10, 1, 49, 29, 1
1434, 10, 3, 49, 30, 1
1434, 10, 3, 49, 31, 1
1434, 10, 3, 49, 32, 1
1434, 10, 3, 49, 33, 1
1434, 10, 3, 49, 34, 1
1434, 10, 3, 49, 58, 1
1434, 10, 3, 49, 59, 1
1434, 10, 3, 49, 60, 1
1434, 10, 3, 49, 61, 1
1434, 10, 3, 49, 62, 1
1434, 10, 3, 49, 63, 1
1434, 10, 3, 50, 0, 1
1434, 10, 3, 50, 1, 1
1434, 10, 3, 50, 2, 1
1434, 10, 3, 50, 3, 1
1434, 10, 3, 50, 10, 1
1434, 10, 3, 50, 11, 1
1434, 10, 3, 50, 12, 1
1434, 10, 3, 50, 13, 1
1434, 10, 3, 50, 14, 1
1434, 10, 3, 50, 15, 1
1434, 10, 3, 50, 16, 1
1434, 10, 3, 50, 17, 1
1434, 10, 3, 50, 18, 1
1434, 10, 3, 50, 19, 1
1434, 10, 3, 50, 20, 1
1434, 10, 3, 50, 21, 1
1434, 10, 3, 50, 22, 1
1434, 10, 3, 50, 23, 1
1434, 10, 3, 50, 24, 1
1434, 10, 3, 50, 32, 1
1434, 10, 3, 50, 33, 1
1434, 10, 3, 50, 34, 1
1434, 10, 3, 50, 57, 1
1434, 10, 3, 50, 58, 1
1434, 10, 3, 50, 59, 1
1434, 10, 3, 50, 60, 1
1434, 10, 3, 50, 61, 1
1434, 10, 3, 50, 62, 1
1434, 10, 3, 50, 63, 1
1434, 10, 3, 51, 0, 1
1434, 10, 3, 51, 1, 1
1434, 10, 3, 51, 2, 1
1434, 10, 3, 51, 3, 1
1434, 10, 3, 51, 4, 1
1434, 10, 3, 51, 5, 1
1434, 10, 3, 51, 9, 1
1434, 10, 3, 51, 10, 1
1434, 10, 3, 51, 11, 1
1434, 10, 3, 51, 12, 1
1434, 10, 3, 51, 13, 1
1434, 10, 3, 51, 14, 1
1434, 10, 3, 51, 15, 1
1434, 10, 3, 51, 16, 1
1434, 10, 3, 51, 17, 1
1434, 10, 3, 51, 18, 1
1434, 10, 3, 51, 19, 1
1434, 10, 3, 51, 20, 1
1434, 10, 3, 51, 21, 1
1434, 10, 3, 51, 22, 1
1434, 10, 3, 51, 23, 1
1434, 10, 3, 51, 24, 1
1434, 10, 3, 51, 32, 1
1434, 10, 3, 51, 33, 1
1434, 10, 3, 51, 34, 1
1434, 10, 3, 51, 35, 1
1434, 10, 3, 51, 36, 1
1434, 10, 3, 51, 45, 1
1434, 10, 3, 51, 46, 1
1434, 10, 3, 51, 57, 1
1434, 10, 3, 51, 58, 1
1434, 10, 3, 51, 59, 1
1434, 10, 3, 51, 60, 1
1434, 10, 3, 51, 61, 1
1434, 10, 3, 51, 62, 1
1434, 10, 3, 51, 63, 1
1434, 10, 3, 52, 0, 1
1434, 10, 3, 52, 1, 1
1434, 10, 3, 52, 2, 1
1434, 10, 3, 52, 3, 1
1434, 10, 3, 52, 4, 1
1434, 10, 3, 52, 10, 1
1434, 10, 3, 52, 11, 1
1434, 10, 3, 52, 12, 1
1434, 10, 3, 52, 13, 1
1434, 10, 3, 52, 14, 1
1434, 10, 3, 52, 15, 1
1434, 10, 3, 52, 16, 1
1434, 10, 3, 52, 17, 1
1434, 10, 3, 52, 18, 1
1434, 10, 3, 52, 19, 1
1434, 10, 3, 52, 20, 1
1434, 10, 3, 52, 21, 1
1434, 10, 3, 52, 22, 1
1434, 10, 3, 52, 23, 1
1434, 10, 3, 52, 24, 1
1434, 10, 3, 52, 33, 1
1434, 10, 3, 52, 34, 1
1434, 10, 3, 52, 35, 1
1434, 10, 3, 52, 36, 1
1434, 10, 3, 52, 44, 1
1434, 10, 3, 52, 45, 1
1434, 10, 3, 52, 46, 1
1434, 10, 3, 52, 47, 1
1434, 10, 3, 52, 48, 1
1434, 10, 3, 52, 55, 1
1434, 10, 3, 52, 56, 1
1434, 10, 3, 52, 57, 1
1434, 10, 3, 52, 58, 1
1434, 10, 3, 52, 59, 1
1434, 10, 3, 52, 60, 1
1434, 10, 3, 52, 61, 1
1434, 10, 3, 52, 62, 1
1434, 10, 3, 52, 63, 1
1434, 10, 3, 53, 0, 1
1434, 10, 3, 53, 1, 1
1434, 10, 3, 53, 2, 1
1434, 10, 3, 53, 3, 1
1434, 10, 3, 53, 11, 1
1434, 10, 3, 53, 12, 1
1434, 10, 3, 53, 13, 1
1434, 10, 3, 53, 14, 1
1434, 10, 3, 53, 15, 1
1434, 10, 3, 53, 16, 1
1434, 10, 3, 53, 17, 1
1434, 10, 3, 53, 18, 1
1434, 10, 3, 53, 19, 1
1434, 10, 3, 53, 20, 1
1434, 10, 3, 53, 21, 1
1434, 10, 3, 53, 22, 1
1434, 10, 3, 53, 23, 1
1434, 10, 3, 53, 24, 1
1434, 10, 3, 53, 33, 1
1434, 10, 3, 53, 34, 1
1434, 10, 3, 53, 35, 1
1434, 10, 3, 53, 36, 1
1434, 10, 3, 53, 37, 1
1434, 10, 3, 53, 44, 1
1434, 10, 3, 53, 45, 1
1434, 10, 3, 53, 46, 1
1434, 10, 3, 53, 47, 1
1434, 10, 3, 53, 48, 1
1434, 10, 3, 53, 49, 1
1434, 10, 3, 53, 50, 1
1434, 10, 3, 53, 51, 1
1434, 10, 3, 53, 52, 1
1434, 10, 3, 53, 53, 1
1434, 10, 3, 53, 54, 1
1434, 10, 3, 53, 55, 1
1434, 10, 3, 53, 56, 1
1434, 10, 3, 53, 57, 1
1434, 10, 3, 53, 58, 1
1434, 10, 3, 53, 59, 1
1434, 10, 3, 53, 60, 1
1434, 10, 3, 53, 61, 1
1434, 10, 3, 53, 62, 1
1434, 10, 3, 53, 63, 1
1434, 10, 3, 54, 0, 1
1434, 10, 3, 54, 1, 1
1434, 10, 3, 54, 2, 1
1434, 10, 3, 54, 3, 1
1434, 10, 3, 54, 11, 1
1434, 10, 3, 54, 12, 1
1434, 10, 3, 54, 13, 1
1434, 10, 3, 54, 14, 1
1434, 10, 3, 54, 15, 1
1434, 10, 3, 54, 16, 1
1434, 10, 3, 54, 17, 1
1434, 10, 3, 54, 18, 1
1434, 10, 3, 54, 19, 1
1434, 10, 3, 54, 20, 1
1434, 10, 3, 54, 21, 1
1434, 10, 3, 54, 22, 1
1434, 10, 3, 54, 23, 1
1434, 10, 3, 54, 24, 1
1434, 10, 3, 54, 25, 1
1434, 10, 3, 54, 33, 1
1434, 10, 3, 54, 34, 1
1434, 10, 3, 54, 35, 1
1434, 10, 3, 54, 36, 1
1434, 10, 3, 54, 37, 1
1434, 10, 3, 54, 38, 1
1434, 10, 3, 54, 39, 1
1434, 10, 3, 54, 40, 1
1434, 10, 3, 54, 41, 1
1434, 10, 3, 54, 42, 1
1434, 10, 3, 54, 43, 1
1434, 10, 3, 54, 44, 1
1434, 10, 3, 54, 45, 1
1434, 10, 3, 54, 46, 1
1434, 10, 3, 54, 47, 1
1434, 10, 3, 54, 48, 1
1434, 10, 3, 54, 49, 1
1434, 10, 3, 54, 50, 1
1434, 10, 3, 54, 51, 1
1434, 10, 3, 54, 52, 1
1434, 10, 3, 54, 53, 1
1434, 10, 3, 54, 54, 1
1434, 10, 3, 54, 55, 1
1434, 10, 3, 54, 56, 1
1434, 10, 3, 54, 57, 1
1434, 10, 3, 54, 58, 1
1434, 10, 3, 54, 59, 1
1434, 10, 3, 54, 60, 1
1434, 10, 3, 54, 61, 1
1434, 10, 3, 54, 62, 1
1434, 10, 3, 54, 63, 1
1434, 10, 3, 55, 0, 1
1434, 10, 3, 55, 1, 1
1434, 10, 3, 55, 2, 1
1434, 10, 3, 55, 14, 1
1434, 10, 3, 55, 15, 1
1434, 10, 3, 55, 16, 1
1434, 10, 3, 55, 17, 1
1434, 10, 3, 55, 18, 1
1434, 10, 3, 55, 19, 1
1434, 10, 3, 55, 20, 1
1434, 10, 3, 55, 21, 1
1434, 10, 3, 55, 22, 1
1434, 10, 3, 55, 23, 1
1434, 10, 3, 55, 24, 1
1434, 10, 3, 55, 25, 1
1434, 10, 3, 55, 26, 1
1434, 10, 3, 55, 27, 1
1434, 10, 3, 55, 36, 1
1434, 10, 3, 55, 37, 1
1434, 10, 3, 55, 38, 1
1434, 10, 3, 55, 39, 1
1434, 10, 3, 55, 40, 1
1434, 10, 3, 55, 41, 1
1434, 10, 3, 55, 42, 1
1434, 10, 3, 55, 43, 1
1434, 10, 3, 55, 44, 1
1434, 10, 3, 55, 45, 1
1434, 10, 3, 55, 46, 1
1434, 10, 3, 55, 47, 1
1434, 10, 3, 55, 48, 1
1434, 10, 3, 55, 49, 1
1434, 10, 3, 55, 50, 1
1434, 10, 3, 55, 51, 1
1434, 10, 3, 55, 52, 1
1434, 10, 3, 55, 53, 1
1434, 10, 3, 55, 54, 1
1434, 10, 3, 55, 55, 1
1434, 10, 3, 55, 56, 1
1434, 10, 3, 55, 57, 1
1434, 10, 3, 55, 58, 1
1434, 10, 3, 55, 59, 1
1434, 10, 3, 55, 60, 1
1434, 10, 3, 55, 61, 1
1434, 10, 3, 55, 62, 1
1434, 10, 3, 55, 63, 1
1434, 10, 3, 56, 0, 1
1434, 10, 3, 56, 1, 1
1434, 10, 3, 56, 2, 1
1434, 10, 3, 56, 16, 1
1434, 10, 3, 56, 17, 1
1434, 10, 3, 56, 18, 1
1434, 10, 3, 56, 19, 1
1434, 10, 3, 56, 20, 1
1434, 10, 3, 56, 21, 1
1434, 10, 3, 56, 22, 1
1434, 10, 3, 56, 23, 1
1434, 10, 3, 56, 24, 1
1434, 10, 3, 56, 25, 1
1434, 10, 3, 56, 26, 1
1434, 10, 3, 56, 27, 1
1434, 10, 3, 56, 37, 1
1434, 10, 3, 56, 38, 1
1434, 10, 3, 56, 39, 1
1434, 10, 3, 56, 40, 1
1434, 10, 3, 56, 41, 1
1434, 10, 3, 56, 42, 1
1434, 10, 3, 56, 43, 1
1434, 10, 3, 56, 44, 1
1434, 10, 3, 56, 45, 1
1434, 10, 3, 56, 46, 1
1434, 10, 3, 56, 47, 1
1434, 10, 3, 56, 48, 1
1434, 10, 3, 56, 49, 1
1434, 10, 3, 56, 50, 1
1434, 10, 3, 56, 51, 1
1434, 10, 3, 56, 52, 1
1434, 10, 3, 56, 53, 1
1434, 10, 3, 56, 54, 1
1434, 10, 3, 56, 55, 1
1434, 10, 3, 56, 56, 1
1434, 10, 3, 56, 57, 1
1434, 10, 3, 56, 58, 1
1434, 10, 3, 56, 59, 1
1434, 10, 3, 56, 60, 1
1434, 10, 3, 56, 61, 1
1434, 10, 3, 56, 62, 1
1434, 10, 3, 56, 63, 1
1434, 10, 3, 57, 0, 1
1434, 10, 3, 57, 1, 1
1434, 10, 3, 57, 17, 1
1434, 10, 3, 57, 18, 1
1434, 10, 3, 57, 19, 1
1434, 10, 3, 57, 20, 1
1434, 10, 3, 57, 21, 1
1434, 10, 3, 57, 22, 1
1434, 10, 3, 57, 23, 1
1434, 10, 3, 57, 24, 1
1434, 10, 3, 57, 25, 1
1434, 10, 3, 57, 26, 1
1434, 10, 3, 57, 27, 1
1434, 10, 3, 57, 28, 1
1434, 10, 3, 57, 37, 1
1434, 10, 3, 57, 38, 1
1434, 10, 3, 57, 39, 1
1434, 10, 3, 57, 40, 1
1434, 10, 3, 57, 41, 1
1434, 10, 3, 57, 42, 1
1434, 10, 3, 57, 43, 1
1434, 10, 3, 57, 44, 1
1434, 10, 3, 57, 45, 1
1434, 10, 3, 57, 46, 1
1434, 10, 3, 57, 47, 1
1434, 10, 3, 57, 48, 1
1434, 10, 3, 57, 49, 1
1434, 10, 3, 57, 50, 1
1434, 10, 3, 57, 51, 1
1434, 10, 3, 57, 52, 1
1434, 10, 3, 57, 53, 1
1434, 10, 3, 57, 54, 1
1434, 10, 3, 57, 55, 1
1434, 10, 3, 57, 56, 1
1434, 10, 3, 57, 57, 1
1434, 10, 3, 57, 58, 1
1434, 10, 3, 57, 59, 1
1434, 10, 3, 57, 60, 1
1434, 10, 3, 57, 61, 1
1434, 10, 3, 57, 62, 1
1434, 10, 3, 57, 63, 1
1434, 10, 3, 58, 0, 1
1434, 10, 3, 58, 1, 1
1434, 10, 3, 58, 8, 1
1434, 10, 3, 58, 17, 1
1434, 10, 3, 58, 18, 1
1434, 10, 3, 58, 19, 1
1434, 10, 3, 58, 20, 1
1434, 10, 3, 58, 21, 1
1434, 10, 3, 58, 22, 1
1434, 10, 3, 58, 23, 1
1434, 10, 3, 58, 24, 1
1434, 10, 3, 58, 25, 1
1434, 10, 3, 58, 26, 1
1434, 10, 3, 58, 27, 1
1434, 10, 3, 58, 28, 1
1434, 10, 3, 58, 38, 1
1434, 10, 3, 58, 39, 1
1434, 10, 3, 58, 40, 1
1434, 10, 3, 58, 41, 1
1434, 10, 3, 58, 42, 1
1434, 10, 3, 58, 43, 1
1434, 10, 3, 58, 44, 1
1434, 10, 3, 58, 45, 1
1434, 10, 3, 58, 46, 1
1434, 10, 3, 58, 47, 1
1434, 10, 3, 58, 48, 1
1434, 10, 3, 58, 49, 1
1434, 10, 3, 58, 50, 1
1434, 10, 3, 58, 51, 1
1434, 10, 3, 58, 52, 1
1434, 10, 3, 58, 53, 1
1434, 10, 3, 58, 54, 1
1434, 10, 3, 58, 55, 1
1434, 10, 3, 58, 56, 1
1434, 10, 3, 58, 57, 1
1434, 10, 3, 58, 58, 1
1434, 10, 3, 58, 59, 1
1434, 10, 3, 58, 60, 1
1434, 10, 3, 58, 61, 1
1434, 10, 3, 58, 62, 1
1434, 10, 3, 58, 63, 1
1434, 10, 3, 59, 0, 1
1434, 10, 3, 59, 1, 1
1434, 10, 3, 59, 8, 1
1434, 10, 3, 59, 9, 1
1434, 10, 3, 59, 18, 1
1434, 10, 3, 59, 19, 1
1434, 10, 3, 59, 20, 1
1434, 10, 3, 59, 21, 1
1434, 10, 3, 59, 22, 1
1434, 10, 3, 59, 23, 1
1434, 10, 3, 59, 24, 1
1434, 10, 3, 59, 25, 1
1434, 10, 3, 59, 26, 1
1434, 10, 3, 59, 27, 1
1434, 10, 3, 59, 28, 1
1434, 10, 3, 59, 29, 1
1434, 10, 3, 59, 30, 1
1434, 10, 3, 59, 38, 1
1434, 10, 3, 59, 39, 1
1434, 10, 3, 59, 40, 1
1434, 10, 3, 59, 41, 1
1434, 10, 3, 59, 42, 1
1434, 10, 3, 59, 43, 1
1434, 10, 3, 59, 44, 1
1434, 10, 3, 59, 45, 1
1434, 10, 3, 59, 46, 1
1434, 10, 3, 59, 47, 1
1434, 10, 3, 59, 48, 1
1434, 10, 3, 59, 49, 1
1434, 10, 3, 59, 50, 1
1434, 10, 3, 59, 51, 1
1434, 10, 3, 59, 52, 1
1434, 10, 3, 59, 53, 1
1434, 10, 3, 59, 54, 1
1434, 10, 3, 59, 55, 1
1434, 10, 3, 59, 56, 1
1434, 10, 3, 59, 57, 1
1434, 10, 3, 59, 58, 1
1434, 10, 3, 59, 59, 1
1434, 10, 3, 59, 60, 1
1434, 10, 3, 59, 61, 1
1434, 10, 3, 59, 62, 1
1434, 10, 3, 59, 63, 1
1434, 10, 3, 60, 0, 1
1434, 10, 3, 60, 8, 1
1434, 10, 3, 60, 9, 1
1434, 10, 3, 60, 10, 1
1434, 10, 3, 60, 11, 1
1434, 10, 3, 60, 18, 1
1434, 10, 3, 60, 19, 1
1434, 10, 3, 60, 20, 1
1434, 10, 3, 60, 21, 1
1434, 10, 3, 60, 22, 1
1434, 10, 3, 60, 23, 1
1434, 10, 3, 60, 24, 1
1434, 10, 3, 60, 25, 1
1434, 10, 3, 60, 26, 1
1434, 10, 3, 60, 27, 1
1434, 10, 3, 60, 28, 1
1434, 10, 3, 60, 29, 1
1434, 10, 3, 60, 30, 1
1434, 10, 3, 60, 39, 1
1434, 10, 3, 60, 40, 1
1434, 10, 3, 60, 41, 1
1434, 10, 3, 60, 42, 1
1434, 10, 3, 60, 43, 1
1434, 10, 3, 60, 44, 1
1434, 10, 3, 60, 45, 1
1434, 10, 3, 60, 46, 1
1434, 10, 3, 60, 47, 1
1434, 10, 3, 60, 48, 1
1434, 10, 3, 60, 49, 1
1434, 10, 3, 60, 50, 1
1434, 10, 3, 60, 51, 1
1434, 10, 3, 60, 52, 1
1434, 10, 3, 60, 53, 1
1434, 10, 3, 60, 54, 1
1434, 10, 3, 60, 55, 1
1434, 10, 3, 60, 56, 1
1434, 10, 3, 60, 57, 1
1434, 10, 3, 60, 58, 1
1434, 10, 3, 60, 59, 1
1434, 10, 3, 60, 60, 1
1434, 10, 3, 60, 61, 1
1434, 10, 3, 60, 62, 1
1434, 10, 3, 60, 63, 1
1434, 10, 3, 61, 0, 1
1434, 10, 3, 61, 7, 1
1434, 10, 3, 61, 8, 1
1434, 10, 3, 61, 9, 1
1434, 10, 3, 61, 10, 1
1434, 10, 3, 61, 11, 1
1434, 10, 3, 61, 18, 1
1434, 10, 3, 61, 19, 1
1434, 10, 3, 61, 20, 1
1434, 10, 3, 61, 21, 1
1434, 10, 3, 61, 22, 1
1434, 10, 3, 61, 23, 1
1434, 10, 3, 61, 24, 1
1434, 10, 3, 61, 25, 1
1434, 10, 3, 61, 26, 1
1434, 10, 3, 61, 27, 1
1434, 10, 3, 61, 28, 1
1434, 10, 3, 61, 29, 1
1434, 10, 3, 61, 30, 1
1434, 10, 3, 61, 39, 1
1434, 10, 3, 61, 40, 1
1434, 10, 3, 61, 41, 1
1434, 10, 3, 61, 42, 1
1434, 10, 3, 61, 43, 1
1434, 10, 3, 61, 44, 1
1434, 10, 3, 61, 45, 1
1434, 10, 3, 61, 46, 1
1434, 10, 3, 61, 47, 1
1434, 10, 3, 61, 48, 1
1434, 10, 3, 61, 49, 1
1434, 10, 3, 61, 50, 1
1434, 10, 3, 61, 51, 1
1434, 10, 3, 61, 52, 1
1434, 10, 3, 61, 53, 1
1434, 10, 3, 61, 54, 1
1434, 10, 3, 61, 55, 1
1434, 10, 3, 61, 56, 1
1434, 10, 3, 61, 57, 1
1434, 10, 3, 61, 58, 1
1434, 10, 3, 61, 59, 1
1434, 10, 3, 61, 60, 1
1434, 10, 3, 61, 61, 1
1434, 10, 3, 61, 62, 1
1434, 10, 3, 61, 63, 1
1434, 10, 3, 62, 0, 1
1434, 10, 3, 62, 7, 1
1434, 10, 3, 62, 8, 1
1434, 10, 3, 62, 9, 1
1434, 10, 3, 62, 10, 1
1434, 10, 3, 62, 11, 1
1434, 10, 3, 62, 18, 1
1434, 10, 3, 62, 19, 1
1434, 10, 3, 62, 20, 1
1434, 10, 3, 62, 21, 1
1434, 10, 3, 62, 22, 1
1434, 10, 3, 62, 23, 1
1434, 10, 3, 62, 24, 1
1434, 10, 3, 62, 25, 1
1434, 10, 3, 62, 26, 1
1434, 10, 3, 62, 27, 1
1434, 10, 3, 62, 28, 1
1434, 10, 3, 62, 29, 1
1434, 10, 3, 62, 30, 1
1434, 10, 3, 62, 31, 1
1434, 10, 3, 62, 39, 1
1434, 10, 3, 62, 40, 1
1434, 10, 3, 62, 41, 1
1434, 10, 3, 62, 42, 1
1434, 10, 3, 62, 43, 1
1434, 10, 3, 62, 44, 1
1434, 10, 3, 62, 45, 1
1434, 10, 3, 62, 46, 1
1434, 10, 3, 62, 47, 1
1434, 10, 3, 62, 48, 1
1434, 10, 3, 62, 49, 1
1434, 10, 3, 62, 50, 1
1434, 10, 3, 62, 51, 1
1434, 10, 3, 62, 52, 1
1434, 10, 3, 62, 53, 1
1434, 10, 3, 62, 54, 1
1434, 10, 3, 62, 55, 1
1434, 10, 3, 62, 56, 1
1434, 10, 3, 62, 57, 1
1434, 10, 3, 62, 58, 1
1434, 10, 3, 62, 59, 1
1434, 10, 3, 62, 60, 1
1434, 10, 3, 62, 61, 1
1434, 10, 3, 62, 62, 1
1434, 10, 3, 62, 63, 1
1434, 10, 3, 63, 0, 1
1434, 10, 3, 63, 8, 1
1434, 10, 3, 63, 9, 1
1434, 10, 3, 63, 10, 1
1434, 10, 3, 63, 11, 1
1434, 10, 3, 63, 18, 1
1434, 10, 3, 63, 19, 1
1434, 10, 3, 63, 20, 1
1434, 10, 3, 63, 21, 1
1434, 10, 3, 63, 22, 1
1434, 10, 3, 63, 23, 1
1434, 10, 3, 63, 24, 1
1434, 10, 3, 63, 25, 1
1434, 10, 3, 63, 26, 1
1434, 10, 3, 63, 27, 1
1434, 10, 3, 63, 28, 1
1434, 10, 3, 63, 29, 1
1434, 10, 3, 63, 30, 1
1434, 10, 3, 63, 31, 1
1434, 10, 3, 63, 39, 1
1434, 10, 3, 63, 40, 1
1434, 10, 3, 63, 41, 1
1434, 10, 3, 63, 42, 1
1434, 10, 3, 63, 43, 1
1434, 10, 3, 63, 44, 1
1434, 10, 3, 63, 45, 1
1434, 10, 3, 63, 46, 1
1434, 10, 3, 63, 47, 1
1434, 10, 3, 63, 48, 1
1434, 10, 3, 63, 49, 1
1434, 10, 3, 63, 50, 1
1434, 10, 3, 63, 51, 1
1434, 10, 3, 63, 52, 1
1434, 10, 3, 63, 53, 1
1434, 10, 3, 63, 54, 1
1434, 10, 3, 63, 55, 1
1434, 10, 3, 63, 56, 1
1434, 10, 3, 63, 57, 1
1434, 10, 3, 63, 58, 1
1434, 10, 3, 63, 59, 1
1434, 10, 3, 63, 60, 1
1434, 10, 3, 63, 61, 1
1434, 10, 3, 63, 62, 1
1434, 10, 3, 63, 63, 1
1434, 10, 2, 0, 0, 2
1434, 10, 2, 0, 1, 2
1434, 10, 2, 0, 2, 2
1434, 10, 2, 0, 3, 2
1434, 10, 2, 0, 8, 2
1434, 10, 2, 0, 9, 2
1434, 10, 2, 0, 10, 2
1434, 10, 2, 0, 11, 2
1434, 10, 2, 0, 12, 2
1434, 10, 2, 0, 13, 2
1434, 10, 2, 0, 14, 2
1434, 10, 2, 0, 15, 2
1434, 10, 2, 0, 16, 2
1434, 10, 2, 0, 17, 2
1434, 10, 2, 0, 18, 2
1434, 10, 2, 0, 19, 2
1434, 10, 2, 0, 20, 2
1434, 10, 2, 0, 21, 2
1434, 10, 2, 0, 22, 2
1434, 10, 2, 0, 23, 2
1434, 10, 2, 0, 24, 2
1434, 10, 2, 0, 25, 2
1434, 10, 2, 0, 26, 2
1434, 10, 2, 0, 27, 2
1434, 10, 2, 0, 28, 2
1434, 10, 2, 0, 29, 2
1434, 10, 2, 0, 30, 2
1434, 10, 2, 0, 31, 2
1434, 10, 2, 0, 32, 2
1434, 10, 2, 0, 33, 2
1434, 10, 2, 0, 34, 2
1434, 10, 2, 0, 35, 2
1434, 10, 2, 0, 36, 2
1434, 10, 2, 0, 37, 2
1434, 10, 2, 0, 38, 2
1434, 10, 2, 0, 39, 2
1434, 10, 2, 0, 40, 2
1434, 10, 2, 0, 41, 2
1434, 10, 2, 0, 42, 2
1434, 10, 2, 0, 43, 2
1434, 10, 2, 0, 44, 2
1434, 10, 2, 0, 45, 2
1434, 10, 2, 0, 46, 2
1434, 10, 2, 0, 50, 2
1434, 10, 2, 0, 54, 2
1434, 10, 2, 0, 55, 2
1434, 10, 2, 0, 60, 2
1434, 10, 2, 1, 0, 2
1434, 10, 2, 1, 1, 2
1434, 10, 2, 1, 2, 2
1434, 10, 2, 1, 9, 2
1434, 10, 2, 1, 10, 2
1434, 10, 2, 1, 11, 2
1434, 10, 2, 1, 12, 2
1434, 10, 2, 1, 13, 2
1434, 10, 2, 1, 18, 2
1434, 10, 2, 1, 19, 2
1434, 10, 2, 1, 20, 2
1434, 10, 2, 1, 21, 2
1434, 10, 2, 1, 22, 2
1434, 10, 2, 1, 23, 2
1434, 10, 2, 1, 24, 2
1434, 10, 2, 1, 25, 2
1434, 10, 2, 1, 26, 2
1434, 10, 2, 1, 27, 2
1434, 10, 2, 1, 28, 2
1434, 10, 2, 1, 29, 2
1434, 10, 2, 1, 30, 2
1434, 10, 2, 1, 31, 2
1434, 10, 2, 1, 32, 2
1434, 10, 2, 1, 36, 2
1434, 10, 2, 1, 37, 2
1434, 10, 2, 1, 38, 2
1434, 10, 2, 1, 39, 2
1434, 10, 2, 1, 40, 2
1434, 10, 2, 1, 41, 2
1434, 10, 2, 1, 42, 2
1434, 10, 2, 1, 43, 2
1434, 10, 2, 1, 44, 2
1434, 10, 2, 1, 45, 2
1434, 10, 2, 2, 0, 2
1434, 10, 2, 2, 1, 2
1434, 10, 2, 2, 2, 2
1434, 10, 2, 2, 9, 2
1434, 10, 2, 2, 10, 2
1434, 10, 2, 2, 11, 2
1434, 10, 2, 2, 12, 2
1434, 10, 2, 2, 21, 2
1434, 10, 2, 2, 22, 2
1434, 10, 2, 2, 23, 2
1434, 10, 2, 2, 24, 2
1434, 10, 2, 2, 25, 2
1434, 10, 2, 2, 26, 2
1434, 10, 2, 2, 27, 2
1434, 10, 2, 2, 28, 2
1434, 10, 2, 2, 29, 2
1434, 10, 2, 2, 30, 2
1434, 10, 2, 2, 31, 2
1434, 10, 2, 2, 40, 2
1434, 10, 2, 2, 41, 2
1434, 10, 2, 2, 42, 2
1434, 10, 2, 3, 0, 2
1434, 10, 2, 3, 1, 2
1434, 10, 2, 3, 2, 2
1434, 10, 2, 3, 11, 2
1434, 10, 2, 3, 12, 2
1434, 10, 2, 3, 24, 2
1434, 10, 2, 3, 25, 2
1434, 10, 2, 3, 26, 2
1434, 10, 2, 3, 27, 2
1434, 10, 2, 3, 28, 2
1434, 10, 2, 3, 29, 2
1434, 10, 2, 3, 30, 2
1434, 10, 2, 3, 31, 2
1434, 10, 2, 3, 41, 2
1434, 10, 2, 4, 0, 2
1434, 10, 2, 4, 1, 2
1434, 10, 2, 4, 26, 2
1434, 10, 2, 4, 27, 2
1434, 10, 2, 4, 28, 2
1434, 10, 2, 4, 29, 2
1434, 10, 2, 4, 30, 2
1434, 10, 2, 4, 31, 2
1434, 10, 2, 4, 41, 2
1434, 10, 2, 5, 0, 2
1434, 10, 2, 5, 1, 2
1434, 10, 2, 5, 27, 2
1434, 10, 2, 5, 28, 2
1434, 10, 2, 6, 0, 2
1434, 10, 2, 6, 1, 2
1434, 10, 2, 6, 27, 2
1434, 10, 2, 7, 0, 2
1434, 10, 2, 7, 27, 2
1434, 10, 2, 8, 0, 2
1434, 10, 2, 9, 0, 2
1434, 10, 2, 13, 0, 2
1434, 10, 2, 14, 0, 2
1434, 10, 2, 14, 1, 2
1434, 10, 2, 14, 2, 2
1434, 10, 2, 15, 0, 2
1434, 10, 2, 15, 1, 2
1434, 10, 2, 15, 2, 2
1434, 10, 2, 16, 0, 2
1434, 10, 2, 16, 1, 2
1434, 10, 2, 17, 0, 2
1434, 10, 2, 17, 1, 2
1434, 10, 2, 18, 0, 2
1434, 10, 2, 19, 0, 2
1434, 10, 2, 20, 0, 2
1434, 10, 2, 21, 0, 2
1434, 10, 2, 21, 1, 2
1434, 10, 2, 26, 0, 2
1434, 10, 2, 27, 0, 2
1434, 10, 2, 28, 0, 2
1434, 10, 2, 29, 0, 2
1434, 10, 2, 30, 0, 2
1434, 10, 2, 33, 0, 2
1434, 10, 2, 39, 0, 2
1434, 10, 2, 40, 0, 2
1434, 10, 2, 41, 0, 2
1434, 10, 2, 41, 1, 2
1434, 10, 2, 42, 0, 2
1434, 10, 2, 42, 1, 2
1434, 10, 2, 42, 2, 2
1434, 10, 2, 42, 3, 2
1434, 10, 2, 43, 0, 2
1434, 10, 2, 43, 1, 2
1434, 10, 2, 44, 0, 2
1434, 10, 2, 45, 0, 2
1434, 10, 2, 46, 0, 2
1434, 10, 2, 47, 0, 2
1434, 10, 2, 48, 0, 2
1434, 10, 2, 49, 0, 2
1434, 10, 2, 50, 0, 2
1434, 10, 2, 51, 0, 2
1434, 10, 2, 51, 1, 2
1434, 10, 2, 52, 0, 2
1434, 10, 2, 53, 0, 2
1434, 10, 2, 54, 0, 2
1434, 10, 2, 58, 0, 2
3609, 10, 3, 34, 37, 0
3609, 10, 1, 47, 37, 0
3609, 10, 0, 51, 39, 0
3609, 10, 2, 60, 35, 0
5073, 22, 0, 13, 53, 0
5073, 22, 1, 15, 57, 0
5073, 22, 2, 16, 17, 0
5073, 22, 0, 16, 18, 0
5073, 22, 3, 17, 53, 0
5073, 22, 2, 19, 15, 0
5073, 22, 1, 29, 53, 0
5073, 22, 0, 31, 18, 0
5073, 22, 1, 31, 54, 0
5073, 22, 2, 31, 61, 0
5073, 22, 1, 32, 19, 0
5073, 22, 2, 32, 61, 0
5073, 22, 2, 33, 18, 0
5073, 22, 2, 35, 21, 0
5073, 22, 2, 36, 21, 0
5073, 22, 0, 38, 26, 0
5073, 22, 3, 38, 54, 0
5073, 22, 1, 39, 39, 0
5073, 22, 2, 39, 53, 0
5073, 22, 1, 41, 39, 0
5073, 22, 3, 42, 42, 0
5073, 22, 0, 43, 54, 0
5073, 22, 1, 44, 53, 0
5073, 22, 3, 46, 50, 0
5073, 22, 0, 49, 46, 0
5073, 22, 1, 16, 37, 2
5073, 22, 1, 35, 15, 2
5073, 22, 1, 35, 58, 2
5073, 22, 1, 35, 59, 2
5073, 22, 3, 39, 37, 2
5073, 22, 0, 51, 46, 2
5073, 22, 2, 54, 44, 2
5073, 22, 3, 56, 46, 2
5074, 22, 2, 18, 15, 0
5074, 22, 1, 19, 51, 0
5074, 22, 1, 29, 16, 0
5074, 22, 0, 30, 62, 0
5074, 22, 0, 33, 52, 0
5074, 22, 2, 34, 17, 0
5074, 22, 0, 34, 18, 0
5074, 22, 0, 35, 17, 0
5074, 22, 1, 35, 24, 0
5074, 22, 2, 38, 53, 0
5074, 22, 2, 10, 25, 2
5074, 22, 3, 15, 36, 2
5074, 22, 1, 16, 36, 2
5074, 22, 3, 34, 57, 2
5074, 22, 1, 35, 57, 2
5074, 22, 2, 39, 36, 2
5074, 22, 1, 40, 36, 2
5074, 22, 3, 40, 37, 2
5074, 22, 1, 41, 37, 2
5074, 22, 2, 53, 44, 2
5075, 22, 1, 20, 15, 0
5075, 22, 3, 30, 61, 0
5075, 22, 0, 31, 55, 0
5075, 22, 2, 32, 18, 0
5075, 22, 0, 37, 26, 0
5075, 22, 1, 42, 43, 0
5075, 22, 0, 44, 54, 0
5075, 22, 1, 46, 51, 0
5075, 22, 0, 16, 38, 2
5076, 22, 3, 15, 54, 0
5076, 22, 1, 15, 55, 0
5076, 22, 1, 15, 58, 0
5076, 22, 2, 17, 17, 0
5076, 22, 0, 18, 51, 0
5076, 22, 1, 19, 52, 0
5076, 22, 1, 29, 17, 0
5076, 22, 1, 29, 54, 0
5076, 22, 3, 30, 60, 0
5076, 22, 1, 32, 20, 0
5076, 22, 0, 32, 52, 0
5076, 22, 3, 33, 51, 0
5076, 22, 0, 34, 21, 0
5076, 22, 1, 35, 25, 0
5076, 22, 1, 39, 40, 0
5076, 22, 3, 40, 41, 0
5076, 22, 1, 41, 40, 0
5076, 22, 3, 42, 41, 0
5076, 22, 0, 42, 54, 0
5076, 22, 0, 45, 51, 0
5076, 22, 3, 46, 49, 0
5076, 22, 0, 46, 54, 0
5076, 22, 1, 3, 47, 2
5076, 22, 1, 6, 14, 2
5076, 22, 0, 7, 12, 2
5076, 22, 3, 7, 15, 2
5076, 22, 2, 11, 25, 2
5076, 22, 1, 14, 37, 2
5076, 22, 0, 17, 4, 2
5076, 22, 2, 17, 38, 2
5076, 22, 3, 29, 51, 2
5076, 22, 3, 34, 56, 2
5076, 22, 2, 34, 61, 2
5076, 22, 2, 52, 46, 2
5076, 22, 3, 56, 45, 2
5077, 22, 2, 14, 53, 0
5077, 22, 3, 14, 60, 0
5077, 22, 3, 15, 56, 0
5077, 22, 0, 16, 59, 0
5077, 22, 3, 17, 52, 0
5077, 22, 1, 17, 54, 0
5077, 22, 1, 18, 16, 0
5077, 22, 3, 20, 14, 0
5077, 22, 0, 20, 53, 0
5077, 22, 2, 28, 58, 0
5077, 22, 0, 30, 18, 0
5077, 22, 0, 30, 55, 0
5077, 22, 3, 31, 53, 0
5077, 22, 0, 34, 24, 0
5077, 22, 0, 36, 26, 0
5077, 22, 2, 37, 21, 0
5077, 22, 3, 37, 25, 0
5077, 22, 1, 38, 55, 0
5077, 22, 2, 40, 53, 0
5077, 22, 3, 44, 52, 0
5077, 22, 2, 45, 48, 0
5077, 22, 2, 45, 54, 0
5077, 22, 0, 48, 46, 0
5077, 22, 3, 3, 46, 2
5077, 22, 3, 6, 13, 2
5077, 22, 0, 15, 38, 2
5077, 22, 3, 16, 5, 2
5077, 22, 2, 18, 4, 2
5077, 22, 2, 33, 55, 2
5077, 22, 1, 35, 60, 2
5077, 22, 1, 53, 45, 2
5077, 22, 2, 55, 44, 2
5078, 22, 0, 15, 59, 0
5078, 22, 0, 16, 55, 0
5078, 22, 1, 29, 59, 0
5078, 22, 1, 33, 21, 0
5078, 22, 0, 33, 22, 0
5078, 22, 3, 33, 23, 0
5078, 22, 0, 38, 24, 0
5078, 22, 1, 41, 54, 0
5078, 22, 3, 46, 55, 0
5078, 22, 3, 47, 56, 0
5078, 22, 0, 3, 48, 2
5078, 22, 0, 4, 45, 2
5078, 22, 0, 10, 24, 2
5078, 22, 1, 11, 24, 2
5078, 22, 0, 18, 37, 2
5078, 22, 3, 53, 46, 2
5079, 22, 0, 14, 59, 0
5079, 22, 0, 17, 51, 0
5079, 22, 2, 17, 55, 0
5079, 22, 2, 18, 17, 0
5079, 22, 1, 19, 53, 0
5079, 22, 0, 20, 13, 0
5079, 22, 1, 29, 18, 0
5079, 22, 1, 29, 55, 0
5079, 22, 3, 29, 58, 0
5079, 22, 0, 31, 52, 0
5079, 22, 1, 33, 24, 0
5079, 22, 0, 37, 24, 0
5079, 22, 3, 38, 21, 0
5079, 22, 0, 38, 23, 0
5079, 22, 3, 41, 53, 0
5079, 22, 3, 42, 40, 0
5079, 22, 0, 44, 51, 0
5079, 22, 1, 47, 46, 0
5079, 22, 0, 3, 45, 2
5079, 22, 3, 4, 47, 2
5079, 22, 2, 4, 48, 2
5079, 22, 2, 5, 45, 2
5079, 22, 0, 6, 12, 2
5079, 22, 3, 7, 14, 2
5079, 22, 3, 12, 24, 2
5079, 22, 2, 12, 25, 2
5079, 22, 1, 14, 38, 2
5079, 22, 0, 16, 4, 2
5079, 22, 2, 18, 38, 2
5079, 22, 3, 29, 50, 2
5079, 22, 2, 35, 61, 2
5079, 22, 3, 56, 44, 2
5080, 22, 2, 12, 53, 0
5080, 22, 3, 14, 61, 0
5080, 22, 0, 17, 18, 0
5080, 22, 0, 17, 59, 0
5080, 22, 3, 20, 16, 0
5080, 22, 2, 27, 27, 0
5080, 22, 2, 27, 58, 0
5080, 22, 2, 28, 16, 0
5080, 22, 2, 29, 62, 0
5080, 22, 3, 40, 42, 0
5080, 22, 2, 41, 43, 0
5080, 22, 3, 42, 44, 0
5080, 22, 2, 44, 48, 0
5080, 22, 3, 46, 52, 0
5080, 22, 0, 47, 54, 0
5080, 22, 3, 7, 16, 2
5080, 22, 0, 8, 12, 2
5080, 22, 3, 10, 26, 2
5080, 22, 1, 14, 36, 2
5080, 22, 1, 15, 35, 2
5080, 22, 3, 16, 6, 2
5080, 22, 0, 22, 53, 2
5080, 22, 1, 35, 14, 2
5080, 22, 0, 40, 26, 2
5080, 22, 3, 56, 47, 2
5081, 22, 0, 15, 53, 0
5081, 22, 0, 21, 13, 0
5081, 22, 0, 30, 59, 0
5081, 22, 1, 32, 22, 0
5081, 22, 2, 35, 26, 0
5081, 22, 3, 38, 22, 0
5081, 22, 0, 39, 23, 0
5081, 22, 2, 41, 55, 0
5081, 22, 0, 46, 48, 0
5081, 22, 1, 47, 45, 0
5081, 22, 3, 3, 49, 2
5081, 22, 0, 5, 44, 2
5081, 22, 1, 9, 24, 2
5081, 22, 1, 18, 36, 2
5081, 22, 0, 19, 4, 2
5081, 22, 1, 28, 50, 2
5081, 22, 3, 54, 47, 2
5085, 4, 0, 7, 50, 0
5085, 4, 2, 21, 45, 0
5085, 4, 3, 22, 10, 0
5085, 4, 2, 22, 22, 0
5085, 4, 0, 29, 43, 0
5085, 4, 1, 30, 32, 0
5085, 4, 2, 31, 57, 0
5085, 4, 3, 33, 7, 0
5085, 4, 2, 33, 15, 0
5085, 4, 3, 39, 29, 0
5085, 4, 0, 39, 57, 0
5085, 4, 3, 40, 39, 0
5085, 4, 2, 47, 21, 0
5085, 4, 1, 47, 27, 0
5085, 4, 2, 49, 45, 0
5085, 4, 1, 60, 16, 0
5085, 4, 1, 62, 5, 0
5085, 4, 1, 62, 37, 0
5086, 7, 1, 22, 37, 0
5086, 7, 0, 24, 11, 0
5086, 7, 2, 25, 30, 0
5086, 7, 0, 27, 52, 0
5086, 7, 2, 29, 20, 0
5086, 7, 2, 32, 46, 0
5086, 7, 2, 36, 13, 0
5086, 7, 2, 36, 53, 0
5086, 7, 2, 42, 26, 0
5086, 7, 1, 42, 38, 0
5086, 7, 1, 45, 8, 0
5086, 7, 0, 58, 10, 0
5086, 7, 0, 61, 32, 0
5086, 7, 0, 63, 2, 0
5087, 7, 1, 9, 46, 0
5087, 7, 2, 15, 14, 0
5087, 7, 2, 19, 26, 0
5087, 7, 1, 19, 40, 0
5087, 7, 1, 28, 11, 0
5087, 7, 1, 31, 28, 0
5087, 7, 3, 34, 53, 0
5087, 7, 0, 38, 38, 0
5087, 7, 0, 39, 7, 0
5087, 7, 1, 40, 17, 0
5087, 7, 3, 43, 33, 0
5087, 7, 3, 49, 56, 0
5087, 7, 3, 50, 44, 0
5087, 7, 1, 52, 6, 0
5087, 7, 0, 53, 26, 0
5087, 7, 0, 63, 13, 0
5088, 22, 1, 59, 34, 1
5089, 22, 1, 60, 34, 1
5089, 22, 1, 61, 34, 1
5090, 22, 3, 62, 34, 1
5091, 1, 1, 4, 52, 0
5091, 0, 2, 4, 53, 0
5091, 1, 2, 4, 55, 0
5091, 1, 1, 5, 47, 0
5091, 0, 2, 5, 48, 0
5091, 1, 2, 5, 49, 0
5091, 1, 1, 5, 51, 0
5091, 9, 1, 5, 52, 0
5091, 9, 2, 5, 55, 0
5091, 1, 2, 5, 56, 0
5091, 1, 1, 5, 62, 0
5091, 0, 2, 5, 63, 0
5091, 1, 1, 6, 46, 0
5091, 9, 1, 6, 47, 0
5091, 9, 2, 6, 49, 0
5091, 0, 2, 6, 50, 0
5091, 9, 1, 6, 51, 0
5091, 9, 2, 6, 56, 0
5091, 0, 2, 6, 57, 0
5091, 0, 2, 6, 58, 0
5091, 0, 2, 6, 59, 0
5091, 0, 2, 6, 60, 0
5091, 0, 2, 6, 61, 0
5091, 9, 1, 6, 62, 0
5091, 0, 1, 7, 46, 0
5091, 0, 1, 8, 46, 0
5091, 1, 1, 9, 45, 0
5091, 9, 1, 9, 46, 0
5091, 1, 0, 10, 45, 0
5091, 9, 0, 10, 46, 0
5091, 0, 2, 11, 45, 0
5091, 9, 1, 11, 46, 0
5091, 1, 1, 14, 11, 0
5091, 0, 2, 14, 12, 0
5091, 0, 2, 14, 13, 0
5091, 1, 2, 14, 14, 0
5091, 1, 1, 14, 19, 0
5091, 0, 2, 14, 20, 0
5091, 0, 2, 14, 21, 0
5091, 0, 2, 14, 22, 0
5091, 1, 2, 14, 23, 0
5091, 0, 0, 14, 45, 0
5091, 9, 0, 14, 46, 0
5091, 1, 1, 15, 10, 0
5091, 9, 1, 15, 11, 0
5091, 9, 2, 15, 14, 0
5091, 0, 2, 15, 15, 0
5091, 0, 2, 15, 16, 0
5091, 0, 2, 15, 17, 0
5091, 0, 2, 15, 18, 0
5091, 9, 1, 15, 19, 0
5091, 9, 2, 15, 23, 0
5091, 1, 2, 15, 24, 0
5091, 0, 1, 15, 46, 0
5091, 1, 1, 16, 9, 0
5091, 9, 1, 16, 10, 0
5091, 0, 3, 16, 24, 0
5091, 1, 1, 16, 43, 0
5091, 0, 2, 16, 44, 0
5091, 0, 2, 16, 45, 0
5091, 9, 1, 16, 46, 0
5091, 0, 1, 17, 9, 0
5091, 0, 3, 17, 24, 0
5091, 0, 1, 17, 43, 0
5091, 0, 1, 18, 9, 0
5091, 9, 2, 18, 24, 0
5091, 0, 2, 18, 25, 0
5091, 1, 2, 18, 26, 0
5091, 1, 1, 18, 40, 0
5091, 0, 2, 18, 41, 0
5091, 0, 2, 18, 42, 0
5091, 9, 1, 18, 43, 0
5091, 1, 1, 19, 8, 0
5091, 9, 1, 19, 9, 0
5091, 9, 2, 19, 26, 0
5091, 1, 2, 19, 27, 0
5091, 1, 1, 19, 39, 0
5091, 9, 1, 19, 40, 0
5091, 0, 1, 20, 8, 0
5091, 0, 3, 20, 27, 0
5091, 0, 1, 20, 39, 0
5091, 1, 0, 21, 8, 0
5091, 9, 0, 21, 9, 0
5091, 0, 3, 21, 27, 0
5091, 1, 1, 21, 37, 0
5091, 0, 2, 21, 38, 0
5091, 9, 1, 21, 39, 0
5091, 9, 3, 21, 52, 0
5091, 9, 0, 21, 54, 0
5091, 0, 1, 22, 9, 0
5091, 9, 2, 22, 27, 0
5091, 0, 2, 22, 28, 0
5091, 1, 2, 22, 29, 0
5091, 1, 1, 22, 36, 0
5091, 9, 1, 22, 37, 0
5091, 9, 3, 22, 42, 0
5091, 0, 0, 22, 43, 0
5091, 0, 0, 22, 44, 0
5091, 0, 0, 22, 45, 0
5091, 9, 0, 22, 46, 0
5091, 9, 3, 22, 50, 0
5091, 0, 0, 22, 51, 0
5091, 1, 3, 22, 52, 0
5091, 0, 1, 22, 54, 0
5091, 0, 1, 23, 9, 0
5091, 9, 2, 23, 29, 0
5091, 1, 2, 23, 30, 0
5091, 0, 1, 23, 36, 0
5091, 0, 3, 23, 42, 0
5091, 1, 0, 23, 46, 0
5091, 0, 0, 23, 47, 0
5091, 0, 0, 23, 48, 0
5091, 0, 0, 23, 49, 0
5091, 1, 3, 23, 50, 0
5091, 0, 1, 23, 54, 0
5091, 1, 0, 24, 9, 0
5091, 0, 0, 24, 10, 0
5091, 9, 0, 24, 11, 0
5091, 0, 3, 24, 30, 0
5091, 1, 1, 24, 34, 0
5091, 0, 2, 24, 35, 0
5091, 9, 1, 24, 36, 0
5091, 9, 3, 24, 41, 0
5091, 1, 3, 24, 42, 0
5091, 1, 1, 24, 52, 0
5091, 0, 2, 24, 53, 0
5091, 9, 1, 24, 54, 0
5091, 0, 1, 25, 11, 0
5091, 9, 2, 25, 30, 0
5091, 0, 2, 25, 31, 0
5091, 0, 2, 25, 32, 0
5091, 0, 2, 25, 33, 0
5091, 9, 1, 25, 34, 0
5091, 9, 3, 25, 39, 0
5091, 0, 0, 25, 40, 0
5091, 1, 3, 25, 41, 0
5091, 1, 1, 25, 51, 0
5091, 9, 1, 25, 52, 0
5091, 0, 1, 26, 11, 0
5091, 9, 3, 26, 37, 0
5091, 0, 0, 26, 38, 0
5091, 1, 3, 26, 39, 0
5091, 0, 1, 26, 51, 0
5091, 0, 1, 27, 11, 0
5091, 0, 3, 27, 37, 0
5091, 1, 1, 27, 39, 0
5091, 0, 2, 27, 40, 0
5091, 0, 2, 27, 41, 0
5091, 1, 2, 27, 42, 0
5091, 1, 0, 27, 51, 0
5091, 9, 0, 27, 52, 0
5091, 1, 1, 28, 8, 0
5091, 0, 2, 28, 9, 0
5091, 0, 2, 28, 10, 0
5091, 9, 1, 28, 11, 0
5091, 9, 3, 28, 36, 0
5091, 1, 3, 28, 37, 0
5091, 1, 1, 28, 38, 0
5091, 9, 1, 28, 39, 0
5091, 9, 2, 28, 42, 0
5091, 0, 2, 28, 43, 0
5091, 0, 2, 28, 44, 0
5091, 1, 2, 28, 45, 0
5091, 0, 1, 28, 52, 0
5091, 1, 1, 29, 6, 0
5091, 0, 2, 29, 7, 0
5091, 9, 1, 29, 8, 0
5091, 9, 3, 29, 33, 0
5091, 0, 0, 29, 34, 0
5091, 0, 0, 29, 35, 0
5091, 1, 3, 29, 36, 0
5091, 1, 1, 29, 37, 0
5091, 9, 1, 29, 38, 0
5091, 9, 2, 29, 45, 0
5091, 1, 2, 29, 46, 0
5091, 1, 1, 30, 4, 0
5091, 0, 2, 30, 5, 0
5091, 9, 1, 30, 6, 0
5091, 0, 3, 30, 33, 0
5091, 0, 1, 30, 37, 0
5091, 0, 3, 30, 46, 0
5091, 1, 1, 30, 51, 0
5091, 9, 1, 30, 52, 0
5091, 0, 1, 31, 4, 0
5091, 0, 3, 31, 33, 0
5091, 1, 1, 31, 36, 0
5091, 9, 1, 31, 37, 0
5091, 0, 3, 31, 46, 0
5091, 1, 1, 31, 50, 0
5091, 9, 1, 31, 51, 0
5091, 1, 0, 32, 4, 0
5091, 0, 0, 32, 5, 0
5091, 9, 0, 32, 6, 0
5091, 9, 3, 32, 32, 0
5091, 1, 3, 32, 33, 0
5091, 1, 1, 32, 35, 0
5091, 9, 1, 32, 36, 0
5091, 9, 2, 32, 46, 0
5091, 1, 2, 32, 47, 0
5091, 0, 1, 32, 50, 0
5091, 9, 3, 32, 54, 0
5091, 0, 0, 32, 56, 0
5091, 0, 0, 32, 57, 0
5091, 9, 0, 32, 58, 0
5091, 0, 1, 33, 6, 0
5091, 0, 3, 33, 32, 0
5091, 0, 1, 33, 35, 0
5091, 0, 3, 33, 47, 0
5091, 0, 1, 33, 50, 0
5091, 0, 3, 33, 54, 0
5091, 1, 0, 33, 58, 0
5091, 0, 0, 33, 59, 0
5091, 0, 0, 33, 60, 0
5091, 0, 0, 33, 62, 0
5091, 0, 0, 33, 63, 0
5091, 1, 1, 34, 3, 0
5091, 0, 2, 34, 4, 0
5091, 0, 2, 34, 5, 0
5091, 9, 1, 34, 6, 0
5091, 0, 3, 34, 32, 0
5091, 9, 2, 34, 47, 0
5091, 0, 2, 34, 48, 0
5091, 0, 2, 34, 49, 0
5091, 9, 1, 34, 50, 0
5091, 9, 3, 34, 53, 0
5091, 1, 3, 34, 54, 0
5091, 1, 1, 35, 2, 0
5091, 9, 1, 35, 3, 0
5091, 0, 3, 35, 32, 0
5091, 1, 0, 35, 35, 0
5091, 9, 0, 35, 36, 0
5091, 0, 3, 35, 53, 0
5091, 0, 1, 36, 2, 0
5091, 9, 2, 36, 32, 0
5091, 1, 2, 36, 33, 0
5091, 0, 1, 36, 36, 0
5091, 9, 2, 36, 53, 0
5091, 1, 2, 36, 54, 0
5091, 1, 0, 37, 2, 0
5091, 0, 0, 37, 3, 0
5091, 9, 0, 37, 4, 0
5091, 0, 3, 37, 33, 0
5091, 0, 1, 37, 36, 0
5091, 9, 2, 37, 54, 0
5091, 0, 2, 37, 55, 0
5091, 1, 2, 37, 56, 0
5091, 0, 1, 38, 4, 0
5091, 9, 2, 38, 33, 0
5091, 1, 2, 38, 34, 0
5091, 1, 0, 38, 36, 0
5091, 0, 0, 38, 37, 0
5091, 9, 0, 38, 38, 0
5091, 9, 2, 38, 56, 0
5091, 0, 2, 38, 57, 0
5091, 1, 2, 38, 58, 0
5091, 1, 0, 39, 4, 0
5091, 0, 0, 39, 5, 0
5091, 0, 0, 39, 6, 0
5091, 9, 0, 39, 7, 0
5091, 0, 3, 39, 34, 0
5091, 9, 2, 39, 58, 0
5091, 1, 2, 39, 59, 0
5091, 0, 1, 40, 7, 0
5091, 9, 2, 40, 34, 0
5091, 1, 2, 40, 35, 0
5091, 0, 1, 40, 38, 0
5091, 0, 3, 40, 59, 0
5091, 1, 1, 41, 5, 0
5091, 0, 2, 41, 6, 0
5091, 9, 1, 41, 7, 0
5091, 0, 3, 41, 35, 0
5091, 9, 2, 41, 59, 0
5091, 1, 2, 41, 60, 0
5091, 0, 1, 42, 5, 0
5091, 0, 3, 42, 35, 0
5091, 1, 1, 42, 37, 0
5091, 9, 1, 42, 38, 0
5091, 0, 3, 42, 60, 0
5091, 1, 0, 43, 5, 0
5091, 0, 0, 43, 6, 0
5091, 0, 0, 43, 7, 0
5091, 9, 0, 43, 8, 0
5091, 9, 3, 43, 33, 0
5091, 0, 0, 43, 34, 0
5091, 1, 3, 43, 35, 0
5091, 1, 1, 43, 36, 0
5091, 9, 1, 43, 37, 0
5091, 0, 3, 43, 60, 0
5091, 0, 1, 44, 8, 0
5091, 0, 3, 44, 33, 0
5091, 0, 1, 44, 36, 0
5091, 9, 3, 44, 59, 0
5091, 1, 3, 44, 60, 0
5091, 1, 1, 45, 6, 0
5091, 0, 2, 45, 7, 0
5091, 9, 1, 45, 8, 0
5091, 9, 3, 45, 31, 0
5091, 0, 0, 45, 32, 0
5091, 1, 3, 45, 33, 0
5091, 0, 1, 45, 36, 0
5091, 0, 3, 45, 59, 0
5091, 1, 1, 46, 5, 0
5091, 9, 1, 46, 6, 0
5091, 9, 3, 46, 10, 0
5091, 0, 0, 46, 11, 0
5091, 9, 0, 46, 12, 0
5091, 9, 3, 46, 15, 0
5091, 0, 0, 46, 16, 0
5091, 9, 0, 46, 17, 0
5091, 9, 3, 46, 28, 0
5091, 0, 0, 46, 29, 0
5091, 0, 0, 46, 30, 0
5091, 1, 3, 46, 31, 0
5091, 1, 1, 46, 35, 0
5091, 9, 1, 46, 36, 0
5091, 0, 3, 46, 59, 0
5091, 0, 1, 47, 5, 0
5091, 0, 3, 47, 10, 0
5091, 1, 0, 47, 12, 0
5091, 0, 0, 47, 13, 0
5091, 0, 0, 47, 14, 0
5091, 1, 3, 47, 15, 0
5091, 0, 1, 47, 17, 0
5091, 9, 3, 47, 22, 0
5091, 0, 0, 47, 23, 0
5091, 9, 0, 47, 24, 0
5091, 0, 3, 47, 28, 0
5091, 0, 1, 47, 35, 0
5091, 9, 3, 47, 57, 0
5091, 0, 0, 47, 58, 0
5091, 1, 3, 47, 59, 0
5091, 1, 1, 48, 4, 0
5091, 9, 1, 48, 5, 0
5091, 0, 3, 48, 10, 0
5091, 1, 0, 48, 17, 0
5091, 9, 0, 48, 18, 0
5091, 9, 3, 48, 20, 0
5091, 0, 0, 48, 21, 0
5091, 1, 3, 48, 22, 0
5091, 1, 0, 48, 24, 0
5091, 0, 0, 48, 25, 0
5091, 9, 0, 48, 26, 0
5091, 0, 3, 48, 28, 0
5091, 0, 1, 48, 35, 0
5091, 0, 3, 48, 57, 0
5091, 0, 1, 49, 4, 0
5091, 9, 3, 49, 9, 0
5091, 1, 3, 49, 10, 0
5091, 1, 0, 49, 18, 0
5091, 0, 0, 49, 19, 0
5091, 1, 3, 49, 20, 0
5091, 0, 1, 49, 35, 0
5091, 9, 3, 49, 56, 0
5091, 1, 3, 49, 57, 0
5091, 1, 0, 50, 4, 0
5091, 0, 0, 50, 5, 0
5091, 9, 0, 50, 6, 0
5091, 9, 3, 50, 8, 0
5091, 1, 3, 50, 9, 0
5091, 1, 1, 50, 25, 0
5091, 9, 1, 50, 26, 0
5091, 9, 2, 50, 28, 0
5091, 0, 2, 50, 29, 0
5091, 0, 2, 50, 30, 0
5091, 1, 2, 50, 31, 0
5091, 1, 0, 50, 35, 0
5091, 0, 0, 50, 36, 0
5091, 9, 0, 50, 37, 0
5091, 9, 3, 50, 44, 0
5091, 0, 0, 50, 45, 0
5091, 9, 0, 50, 47, 0
5091, 0, 3, 50, 56, 0
5091, 0, 1, 51, 25, 0
5091, 0, 3, 51, 31, 0
5091, 0, 1, 51, 37, 0
5091, 9, 3, 51, 43, 0
5091, 1, 3, 51, 44, 0
5091, 1, 0, 51, 47, 0
5091, 0, 0, 51, 48, 0
5091, 9, 0, 51, 49, 0
5091, 9, 3, 51, 54, 0
5091, 0, 0, 51, 55, 0
5091, 1, 3, 51, 56, 0
5091, 1, 1, 52, 5, 0
5091, 9, 1, 52, 6, 0
5091, 9, 2, 52, 8, 0
5091, 1, 2, 52, 9, 0
5091, 0, 1, 52, 25, 0
5091, 9, 2, 52, 31, 0
5091, 1, 2, 52, 32, 0
5091, 1, 0, 52, 37, 0
5091, 9, 0, 52, 38, 0
5091, 0, 3, 52, 43, 0
5091, 1, 0, 52, 49, 0
5091, 0, 0, 52, 50, 0
5091, 0, 0, 52, 51, 0
5091, 0, 0, 52, 52, 0
5091, 0, 0, 52, 53, 0
5091, 1, 3, 52, 54, 0
5091, 1, 1, 53, 4, 0
5091, 9, 1, 53, 5, 0
5091, 9, 2, 53, 9, 0
5091, 1, 2, 53, 10, 0
5091, 1, 0, 53, 25, 0
5091, 9, 0, 53, 26, 0
5091, 0, 3, 53, 32, 0
5091, 1, 0, 53, 38, 0
5091, 0, 0, 53, 39, 0
5091, 0, 0, 53, 40, 0
5091, 0, 0, 53, 42, 0
5091, 1, 3, 53, 43, 0
5091, 0, 1, 54, 4, 0
5091, 0, 3, 54, 10, 0
5091, 1, 0, 54, 26, 0
5091, 0, 0, 54, 27, 0
5091, 9, 0, 54, 28, 0
5091, 0, 3, 54, 32, 0
5091, 1, 1, 55, 3, 0
5091, 9, 1, 55, 4, 0
5091, 9, 2, 55, 10, 0
5091, 0, 2, 55, 11, 0
5091, 0, 2, 55, 12, 0
5091, 1, 2, 55, 13, 0
5091, 0, 1, 55, 28, 0
5091, 9, 2, 55, 32, 0
5091, 0, 2, 55, 33, 0
5091, 0, 2, 55, 34, 0
5091, 1, 2, 55, 35, 0
5091, 0, 1, 56, 3, 0
5091, 9, 2, 56, 13, 0
5091, 0, 2, 56, 14, 0
5091, 1, 2, 56, 15, 0
5091, 1, 0, 56, 28, 0
5091, 9, 0, 56, 29, 0
5091, 9, 2, 56, 35, 0
5091, 1, 2, 56, 36, 0
5091, 1, 1, 57, 2, 0
5091, 9, 1, 57, 3, 0
5091, 9, 3, 57, 7, 0
5091, 0, 0, 57, 8, 0
5091, 9, 0, 57, 9, 0
5091, 9, 2, 57, 15, 0
5091, 1, 2, 57, 16, 0
5091, 0, 1, 57, 29, 0
5091, 0, 3, 57, 36, 0
5091, 0, 1, 58, 2, 0
5091, 0, 3, 58, 7, 0
5091, 1, 0, 58, 9, 0
5091, 9, 0, 58, 10, 0
5091, 0, 3, 58, 16, 0
5091, 1, 0, 58, 29, 0
5091, 0, 0, 58, 30, 0
5091, 9, 0, 58, 31, 0
5091, 9, 2, 58, 36, 0
5091, 1, 2, 58, 37, 0
5091, 0, 1, 59, 2, 0
5091, 0, 3, 59, 7, 0
5091, 1, 0, 59, 10, 0
5091, 0, 0, 59, 11, 0
5091, 9, 0, 59, 12, 0
5091, 9, 2, 59, 16, 0
5091, 1, 2, 59, 17, 0
5091, 0, 1, 59, 31, 0
5091, 0, 3, 59, 37, 0
5091, 1, 1, 60, 1, 0
5091, 9, 1, 60, 2, 0
5091, 9, 3, 60, 6, 0
5091, 1, 3, 60, 7, 0
5091, 0, 1, 60, 12, 0
5091, 0, 3, 60, 17, 0
5091, 0, 1, 60, 31, 0
5091, 9, 2, 60, 37, 0
5091, 1, 2, 60, 38, 0
5091, 0, 1, 61, 1, 0
5091, 0, 3, 61, 6, 0
5091, 0, 1, 61, 12, 0
5091, 0, 3, 61, 17, 0
5091, 1, 0, 61, 31, 0
5091, 9, 0, 61, 32, 0
5091, 0, 3, 61, 38, 0
5091, 0, 1, 62, 1, 0
5091, 0, 3, 62, 6, 0
5091, 0, 1, 62, 12, 0
5091, 0, 3, 62, 17, 0
5091, 0, 1, 62, 32, 0
5091, 0, 3, 62, 38, 0
5091, 1, 0, 63, 1, 0
5091, 9, 0, 63, 2, 0
5091, 9, 2, 63, 6, 0
5091, 1, 2, 63, 7, 0
5091, 1, 0, 63, 12, 0
5091, 9, 0, 63, 13, 0
5091, 9, 3, 63, 16, 0
5091, 1, 3, 63, 17, 0
5091, 0, 1, 63, 32, 0
5091, 0, 3, 63, 38, 0
5092, 0, 2, 4, 54, 0
5092, 0, 1, 34, 35, 0
5092, 0, 0, 53, 41, 0
5093, 0, 2, 4, 54, 1
5093, 0, 1, 34, 35, 1
5093, 0, 0, 53, 41, 1
5095, 10, 2, 11, 39, 1
5097, 10, 2, 11, 42, 0
5098, 10, 2, 11, 39, 2
5101, 0, 1, 49, 26, 0
5101, 0, 3, 51, 8, 0
5102, 0, 3, 49, 28, 0
5102, 0, 1, 51, 6, 0
5105, 10, 1, 49, 27, 0
5106, 10, 3, 51, 7, 0
5108, 0, 0, 21, 53, 0
5108, 0, 1, 29, 52, 0
5108, 0, 0, 32, 55, 0
5108, 0, 0, 33, 61, 0
5108, 0, 1, 35, 16, 0
5108, 0, 0, 39, 26, 0
5108, 0, 1, 39, 38, 0
5108, 0, 1, 41, 38, 0
5108, 0, 0, 50, 46, 0
5109, 0, 0, 21, 53, 1
5109, 0, 1, 29, 52, 1
5109, 0, 0, 32, 55, 1
5109, 0, 0, 33, 61, 1
5109, 0, 1, 35, 16, 1
5109, 0, 0, 39, 26, 1
5109, 0, 1, 39, 38, 1
5109, 0, 1, 41, 38, 1
5109, 0, 0, 50, 46, 1
5113, 10, 3, 15, 21, 0
5113, 11, 3, 18, 54, 0
5113, 10, 1, 19, 57, 0
5113, 11, 1, 21, 56, 0
5113, 11, 3, 28, 40, 0
5113, 11, 3, 43, 20, 0
5114, 11, 0, 16, 11, 0
5114, 11, 3, 16, 20, 0
5114, 11, 0, 17, 23, 0
5114, 11, 0, 22, 48, 0
5114, 11, 3, 29, 39, 0
5114, 11, 0, 31, 42, 0
5114, 11, 3, 37, 13, 0
5114, 11, 1, 44, 32, 0
5114, 11, 3, 49, 5, 0
5115, 10, 1, 1, 48, 2
5115, 10, 0, 1, 58, 2
5115, 10, 3, 3, 14, 2
5115, 10, 1, 6, 25, 2
5115, 10, 2, 10, 39, 2
5115, 10, 0, 14, 9, 2
5115, 10, 2, 14, 16, 2
5115, 10, 2, 15, 25, 2
5115, 10, 3, 16, 34, 2
5115, 10, 1, 25, 4, 2
5122, 10, 0, 48, 19, 0
5123, 10, 3, 17, 44, 0
5125, 10, 0, 40, 47, 0
