319, 22, 0, 4, 38, 0
319, 22, 1, 5, 38, 0
319, 22, 3, 5, 39, 0
319, 22, 2, 5, 40, 0
319, 22, 2, 7, 29, 0
319, 22, 3, 8, 27, 0
319, 22, 1, 8, 28, 0
319, 22, 0, 9, 27, 0
319, 22, 3, 10, 27, 0
319, 22, 0, 10, 35, 0
319, 22, 3, 11, 35, 0
319, 22, 2, 11, 36, 0
319, 22, 2, 11, 48, 0
319, 22, 1, 11, 49, 0
319, 22, 2, 12, 22, 0
319, 22, 3, 12, 49, 0
319, 22, 1, 14, 31, 0
319, 22, 1, 15, 9, 0
319, 22, 0, 15, 31, 0
319, 22, 3, 15, 32, 0
319, 22, 0, 15, 33, 0
319, 22, 0, 16, 9, 0
319, 22, 1, 16, 10, 0
319, 22, 2, 16, 32, 0
319, 22, 0, 16, 49, 0
319, 22, 3, 17, 8, 0
319, 22, 2, 17, 9, 0
319, 22, 1, 17, 32, 0
319, 22, 3, 17, 50, 0
319, 22, 0, 18, 9, 0
319, 22, 1, 18, 50, 0
319, 22, 0, 18, 51, 0
319, 22, 1, 20, 51, 0
319, 22, 0, 21, 55, 0
319, 22, 3, 21, 56, 0
319, 22, 0, 22, 3, 0
319, 22, 2, 22, 56, 0
319, 22, 3, 23, 2, 0
319, 22, 1, 23, 3, 0
319, 22, 2, 23, 4, 0
319, 22, 2, 23, 21, 0
319, 22, 3, 24, 10, 0
319, 22, 1, 25, 11, 0
319, 22, 2, 25, 12, 0
319, 22, 0, 26, 11, 0
319, 22, 3, 27, 12, 0
319, 22, 2, 32, 54, 0
319, 22, 3, 33, 52, 0
319, 22, 2, 33, 53, 0
319, 22, 3, 33, 54, 0
319, 22, 3, 34, 46, 0
319, 22, 1, 34, 53, 0
319, 22, 0, 34, 54, 0
319, 22, 0, 36, 17, 0
319, 22, 1, 36, 18, 0
319, 22, 2, 37, 18, 0
319, 22, 2, 37, 44, 0
319, 22, 2, 39, 19, 0
319, 22, 1, 40, 48, 0
319, 22, 2, 42, 14, 0
319, 22, 0, 43, 45, 0
319, 22, 1, 45, 6, 0
319, 22, 0, 46, 6, 0
319, 22, 2, 46, 25, 0
319, 22, 1, 47, 24, 0
319, 22, 0, 47, 25, 0
319, 22, 3, 48, 25, 0
319, 22, 1, 49, 34, 0
319, 22, 0, 50, 36, 0
319, 22, 1, 51, 37, 0
319, 22, 0, 52, 19, 0
319, 22, 3, 52, 20, 0
319, 22, 3, 52, 37, 0
319, 22, 2, 52, 38, 0
319, 22, 1, 53, 19, 0
319, 22, 1, 53, 25, 0
319, 22, 2, 53, 26, 0
319, 22, 1, 53, 60, 0
319, 22, 0, 54, 25, 0
319, 22, 3, 54, 26, 0
319, 22, 0, 54, 37, 0
319, 22, 2, 55, 24, 0
319, 22, 1, 55, 25, 0
319, 22, 1, 55, 56, 0
319, 22, 1, 55, 58, 0
319, 22, 1, 56, 36, 0
319, 22, 0, 57, 31, 0
319, 22, 2, 57, 34, 0
319, 22, 3, 58, 32, 0
319, 22, 0, 58, 61, 0
319, 22, 3, 59, 63, 0
319, 22, 2, 62, 59, 0
319, 22, 1, 1, 10, 2
319, 22, 0, 1, 46, 2
319, 22, 3, 2, 46, 2
319, 22, 1, 3, 40, 2
319, 22, 2, 4, 29, 2
319, 22, 0, 6, 7, 2
319, 22, 0, 6, 50, 2
319, 22, 2, 7, 6, 2
319, 22, 3, 8, 5, 2
319, 22, 2, 11, 57, 2
319, 22, 3, 12, 57, 2
319, 22, 2, 14, 27, 2
319, 22, 1, 14, 28, 2
319, 22, 1, 16, 62, 2
319, 22, 0, 17, 29, 2
319, 22, 1, 18, 3, 2
319, 22, 3, 21, 59, 2
319, 22, 0, 21, 60, 2
319, 22, 2, 25, 60, 2
319, 22, 0, 26, 3, 2
319, 22, 3, 29, 39, 2
319, 22, 2, 32, 5, 2
319, 22, 0, 32, 18, 2
319, 22, 3, 33, 6, 2
319, 22, 1, 33, 56, 2
319, 22, 0, 33, 57, 2
319, 22, 2, 38, 22, 2
319, 22, 2, 38, 37, 2
319, 22, 1, 39, 22, 2
319, 22, 3, 39, 27, 2
319, 22, 1, 39, 37, 2
319, 22, 3, 41, 54, 2
319, 22, 2, 41, 55, 2
319, 22, 1, 43, 48, 2
319, 22, 0, 48, 30, 2
319, 22, 0, 53, 9, 2
319, 22, 1, 56, 39, 2
319, 22, 3, 57, 27, 2
319, 22, 1, 59, 9, 2
319, 22, 2, 59, 34, 2
320, 22, 1, 3, 36, 0
320, 22, 1, 3, 37, 0
320, 22, 0, 4, 37, 0
320, 22, 0, 5, 35, 0
320, 22, 3, 5, 37, 0
320, 22, 3, 5, 41, 0
320, 22, 2, 6, 37, 0
320, 22, 3, 6, 38, 0
320, 22, 0, 6, 39, 0
320, 22, 2, 6, 40, 0
320, 22, 0, 7, 31, 0
320, 22, 1, 7, 38, 0
320, 22, 2, 7, 40, 0
320, 22, 3, 8, 29, 0
320, 22, 1, 8, 30, 0
320, 22, 2, 9, 28, 0
320, 22, 0, 9, 29, 0
320, 22, 3, 9, 34, 0
320, 22, 0, 9, 35, 0
320, 22, 1, 10, 28, 0
320, 22, 3, 10, 30, 0
320, 22, 0, 10, 34, 0
320, 22, 1, 10, 36, 0
320, 22, 2, 10, 37, 0
320, 22, 0, 10, 45, 0
320, 22, 1, 10, 47, 0
320, 22, 0, 10, 51, 0
320, 22, 1, 11, 21, 0
320, 22, 3, 11, 27, 0
320, 22, 0, 11, 28, 0
320, 22, 1, 11, 32, 0
320, 22, 2, 11, 34, 0
320, 22, 3, 11, 37, 0
320, 22, 0, 11, 47, 0
320, 22, 2, 11, 50, 0
320, 22, 1, 11, 52, 0
320, 22, 2, 12, 20, 0
320, 22, 0, 12, 21, 0
320, 22, 1, 12, 35, 0
320, 22, 0, 12, 36, 0
320, 22, 3, 12, 48, 0
320, 22, 3, 12, 50, 0
320, 22, 1, 13, 19, 0
320, 22, 3, 13, 21, 0
320, 22, 2, 13, 31, 0
320, 22, 1, 13, 32, 0
320, 22, 2, 13, 47, 0
320, 22, 3, 13, 49, 0
320, 22, 1, 14, 9, 0
320, 22, 0, 14, 32, 0
320, 22, 3, 14, 33, 0
320, 22, 2, 14, 35, 0
320, 22, 0, 15, 10, 0
320, 22, 0, 15, 34, 0
320, 22, 0, 15, 35, 0
320, 22, 0, 15, 48, 0
320, 22, 1, 15, 49, 0
320, 22, 3, 16, 11, 0
320, 22, 3, 16, 33, 0
320, 22, 2, 16, 50, 0
320, 22, 3, 16, 51, 0
320, 22, 2, 16, 53, 0
320, 22, 3, 17, 7, 0
320, 22, 2, 17, 10, 0
320, 22, 2, 17, 33, 0
320, 22, 1, 17, 34, 0
320, 22, 3, 17, 48, 0
320, 22, 1, 17, 49, 0
320, 22, 3, 17, 51, 0
320, 22, 2, 18, 8, 0
320, 22, 1, 18, 10, 0
320, 22, 0, 18, 11, 0
320, 22, 2, 18, 32, 0
320, 22, 2, 18, 49, 0
320, 22, 1, 18, 52, 0
320, 22, 2, 19, 7, 0
320, 22, 0, 19, 9, 0
320, 22, 0, 19, 32, 0
320, 22, 2, 19, 48, 0
320, 22, 0, 19, 50, 0
320, 22, 3, 19, 51, 0
320, 22, 2, 19, 52, 0
320, 22, 3, 19, 57, 0
320, 22, 1, 20, 49, 0
320, 22, 1, 20, 50, 0
320, 22, 1, 20, 52, 0
320, 22, 3, 20, 53, 0
320, 22, 0, 20, 54, 0
320, 22, 1, 20, 55, 0
320, 22, 2, 20, 56, 0
320, 22, 2, 21, 3, 0
320, 22, 3, 21, 9, 0
320, 22, 0, 21, 48, 0
320, 22, 2, 21, 50, 0
320, 22, 3, 21, 51, 0
320, 22, 0, 21, 52, 0
320, 22, 2, 21, 53, 0
320, 22, 1, 22, 1, 0
320, 22, 3, 22, 2, 0
320, 22, 1, 22, 4, 0
320, 22, 0, 22, 5, 0
320, 22, 1, 22, 19, 0
320, 22, 0, 22, 20, 0
320, 22, 3, 22, 32, 0
320, 22, 0, 22, 51, 0
320, 22, 3, 22, 55, 0
320, 22, 0, 23, 1, 0
320, 22, 3, 23, 5, 0
320, 22, 2, 23, 6, 0
320, 22, 2, 23, 10, 0
320, 22, 1, 23, 11, 0
320, 22, 2, 23, 18, 0
320, 22, 3, 23, 20, 0
320, 22, 0, 23, 30, 0
320, 22, 0, 23, 54, 0
320, 22, 0, 23, 55, 0
320, 22, 3, 23, 56, 0
320, 22, 2, 24, 5, 0
320, 22, 3, 24, 9, 0
320, 22, 0, 24, 11, 0
320, 22, 3, 24, 12, 0
320, 22, 2, 24, 13, 0
320, 22, 3, 24, 15, 0
320, 22, 2, 24, 20, 0
320, 22, 2, 24, 57, 0
320, 22, 0, 25, 10, 0
320, 22, 1, 25, 13, 0
320, 22, 1, 25, 51, 0
320, 22, 1, 26, 9, 0
320, 22, 1, 26, 10, 0
320, 22, 3, 26, 12, 0
320, 22, 0, 26, 13, 0
320, 22, 2, 27, 11, 0
320, 22, 1, 27, 13, 0
320, 22, 0, 28, 9, 0
320, 22, 3, 28, 11, 0
320, 22, 0, 28, 12, 0
320, 22, 2, 30, 55, 0
320, 22, 1, 31, 48, 0
320, 22, 0, 31, 53, 0
320, 22, 1, 31, 54, 0
320, 22, 0, 32, 49, 0
320, 22, 3, 32, 52, 0
320, 22, 3, 32, 53, 0
320, 22, 2, 33, 45, 0
320, 22, 0, 33, 46, 0
320, 22, 0, 33, 47, 0
320, 22, 0, 33, 51, 0
320, 22, 0, 34, 44, 0
320, 22, 1, 34, 45, 0
320, 22, 2, 34, 47, 0
320, 22, 0, 34, 49, 0
320, 22, 1, 34, 52, 0
320, 22, 2, 35, 42, 0
320, 22, 3, 35, 44, 0
320, 22, 2, 35, 45, 0
320, 22, 3, 35, 46, 0
320, 22, 2, 35, 47, 0
320, 22, 3, 35, 51, 0
320, 22, 2, 35, 52, 0
320, 22, 1, 36, 16, 0
320, 22, 2, 36, 44, 0
320, 22, 3, 36, 45, 0
320, 22, 1, 36, 46, 0
320, 22, 0, 37, 16, 0
320, 22, 3, 37, 17, 0
320, 22, 3, 37, 43, 0
320, 22, 2, 37, 45, 0
320, 22, 0, 37, 46, 0
320, 22, 2, 38, 17, 0
320, 22, 1, 38, 18, 0
320, 22, 0, 38, 43, 0
320, 22, 1, 38, 44, 0
320, 22, 0, 38, 45, 0
320, 22, 0, 38, 48, 0
320, 22, 0, 38, 49, 0
320, 22, 2, 39, 15, 0
320, 22, 3, 39, 16, 0
320, 22, 0, 39, 18, 0
320, 22, 2, 39, 47, 0
320, 22, 3, 39, 48, 0
320, 22, 3, 40, 16, 0
320, 22, 3, 40, 18, 0
320, 22, 2, 40, 19, 0
320, 22, 1, 40, 42, 0
320, 22, 3, 40, 44, 0
320, 22, 1, 40, 46, 0
320, 22, 1, 40, 47, 0
320, 22, 0, 41, 13, 0
320, 22, 3, 41, 14, 0
320, 22, 2, 41, 45, 0
320, 22, 3, 41, 46, 0
320, 22, 1, 42, 13, 0
320, 22, 2, 42, 15, 0
320, 22, 1, 42, 45, 0
320, 22, 3, 43, 14, 0
320, 22, 1, 43, 16, 0
320, 22, 2, 43, 44, 0
320, 22, 3, 44, 7, 0
320, 22, 0, 44, 12, 0
320, 22, 0, 45, 7, 0
320, 22, 2, 45, 8, 0
320, 22, 0, 45, 24, 0
320, 22, 1, 46, 7, 0
320, 22, 3, 46, 24, 0
320, 22, 3, 47, 7, 0
320, 22, 2, 47, 23, 0
320, 22, 3, 48, 22, 0
320, 22, 1, 48, 24, 0
320, 22, 1, 49, 25, 0
320, 22, 2, 50, 20, 0
320, 22, 2, 50, 23, 0
320, 22, 0, 50, 33, 0
320, 22, 1, 50, 34, 0
320, 22, 0, 50, 35, 0
320, 22, 3, 51, 18, 0
320, 22, 3, 51, 19, 0
320, 22, 1, 51, 20, 0
320, 22, 1, 51, 21, 0
320, 22, 2, 51, 31, 0
320, 22, 1, 51, 33, 0
320, 22, 2, 51, 34, 0
320, 22, 3, 51, 35, 0
320, 22, 2, 51, 36, 0
320, 22, 2, 52, 18, 0
320, 22, 0, 52, 24, 0
320, 22, 0, 52, 26, 0
320, 22, 3, 52, 32, 0
320, 22, 1, 52, 35, 0
320, 22, 1, 52, 36, 0
320, 22, 1, 53, 18, 0
320, 22, 0, 53, 20, 0
320, 22, 1, 53, 23, 0
320, 22, 2, 53, 24, 0
320, 22, 1, 53, 27, 0
320, 22, 3, 53, 28, 0
320, 22, 0, 53, 35, 0
320, 22, 2, 53, 36, 0
320, 22, 0, 53, 37, 0
320, 22, 3, 53, 62, 0
320, 22, 2, 54, 19, 0
320, 22, 3, 54, 21, 0
320, 22, 0, 54, 24, 0
320, 22, 2, 54, 27, 0
320, 22, 3, 54, 36, 0
320, 22, 0, 54, 57, 0
320, 22, 2, 54, 61, 0
320, 22, 1, 54, 63, 0
320, 22, 0, 55, 17, 0
320, 22, 3, 55, 23, 0
320, 22, 0, 55, 31, 0
320, 22, 3, 55, 35, 0
320, 22, 0, 55, 36, 0
320, 22, 3, 55, 57, 0
320, 22, 2, 55, 59, 0
320, 22, 3, 55, 62, 0
320, 22, 0, 56, 23, 0
320, 22, 2, 56, 30, 0
320, 22, 3, 56, 31, 0
320, 22, 1, 56, 32, 0
320, 22, 0, 56, 34, 0
320, 22, 2, 56, 35, 0
320, 22, 0, 56, 61, 0
320, 22, 2, 57, 32, 0
320, 22, 3, 57, 33, 0
320, 22, 1, 57, 35, 0
320, 22, 2, 57, 56, 0
320, 22, 0, 57, 57, 0
320, 22, 1, 57, 58, 0
320, 22, 2, 57, 59, 0
320, 22, 3, 58, 55, 0
320, 22, 3, 58, 58, 0
320, 22, 1, 58, 60, 0
320, 22, 1, 58, 63, 0
320, 22, 1, 59, 55, 0
320, 22, 0, 59, 57, 0
320, 22, 0, 59, 62, 0
320, 22, 1, 60, 54, 0
320, 22, 2, 60, 56, 0
320, 22, 3, 60, 63, 0
320, 22, 3, 61, 55, 0
320, 22, 3, 61, 57, 0
320, 22, 1, 62, 55, 0
320, 22, 1, 62, 58, 0
320, 22, 1, 1, 45, 2
320, 22, 0, 2, 23, 2
320, 22, 3, 2, 24, 2
320, 22, 0, 2, 39, 2
320, 22, 3, 2, 40, 2
320, 22, 2, 2, 47, 2
320, 22, 2, 3, 41, 2
320, 22, 2, 4, 30, 2
320, 22, 1, 5, 29, 2
320, 22, 1, 6, 6, 2
320, 22, 3, 6, 51, 2
320, 22, 2, 7, 5, 2
320, 22, 0, 7, 7, 2
320, 22, 2, 7, 50, 2
320, 22, 3, 8, 6, 2
320, 22, 0, 8, 47, 2
320, 22, 3, 8, 48, 2
320, 22, 1, 9, 23, 2
320, 22, 3, 10, 4, 2
320, 22, 2, 10, 23, 2
320, 22, 1, 10, 57, 2
320, 22, 2, 10, 58, 2
320, 22, 0, 11, 4, 2
320, 22, 3, 11, 58, 2
320, 22, 0, 12, 56, 2
320, 22, 0, 12, 58, 2
320, 22, 3, 13, 27, 2
320, 22, 1, 13, 60, 2
320, 22, 0, 14, 29, 2
320, 22, 1, 15, 7, 2
320, 22, 1, 16, 22, 2
320, 22, 2, 16, 23, 2
320, 22, 2, 16, 29, 2
320, 22, 2, 16, 61, 2
320, 22, 2, 17, 3, 2
320, 22, 1, 17, 28, 2
320, 22, 3, 17, 30, 2
320, 22, 3, 17, 62, 2
320, 22, 3, 18, 2, 2
320, 22, 0, 18, 29, 2
320, 22, 3, 20, 60, 2
320, 22, 0, 21, 58, 2
320, 22, 1, 22, 59, 2
320, 22, 2, 22, 60, 2
320, 22, 0, 24, 60, 2
320, 22, 0, 25, 2, 2
320, 22, 3, 25, 3, 2
320, 22, 0, 25, 22, 2
320, 22, 1, 25, 61, 2
320, 22, 2, 26, 4, 2
320, 22, 1, 27, 38, 2
320, 22, 1, 29, 26, 2
320, 22, 0, 29, 40, 2
320, 22, 1, 31, 5, 2
320, 22, 0, 32, 4, 2
320, 22, 2, 32, 6, 2
320, 22, 2, 32, 56, 2
320, 22, 3, 32, 57, 2
320, 22, 3, 33, 5, 2
320, 22, 0, 33, 18, 2
320, 22, 2, 36, 11, 2
320, 22, 0, 38, 5, 2
320, 22, 3, 38, 21, 2
320, 22, 2, 38, 38, 2
320, 22, 1, 39, 5, 2
320, 22, 2, 39, 23, 2
320, 22, 0, 39, 28, 2
320, 22, 2, 39, 36, 2
320, 22, 1, 39, 38, 2
320, 22, 1, 40, 22, 2
320, 22, 2, 40, 27, 2
320, 22, 3, 40, 28, 2
320, 22, 1, 40, 32, 2
320, 22, 3, 40, 36, 2
320, 22, 0, 40, 37, 2
320, 22, 2, 40, 50, 2
320, 22, 1, 40, 55, 2
320, 22, 0, 41, 53, 2
320, 22, 3, 42, 48, 2
320, 22, 0, 43, 47, 2
320, 22, 2, 44, 2, 2
320, 22, 2, 45, 2, 2
320, 22, 1, 45, 4, 2
320, 22, 0, 46, 4, 2
320, 22, 0, 46, 27, 2
320, 22, 3, 46, 37, 2
320, 22, 1, 46, 43, 2
320, 22, 2, 47, 29, 2
320, 22, 3, 47, 30, 2
320, 22, 2, 47, 43, 2
320, 22, 1, 48, 29, 2
320, 22, 2, 48, 31, 2
320, 22, 3, 49, 30, 2
320, 22, 1, 49, 31, 2
320, 22, 0, 50, 39, 2
320, 22, 0, 52, 9, 2
320, 22, 2, 53, 8, 2
320, 22, 3, 53, 10, 2
320, 22, 1, 54, 8, 2
320, 22, 0, 54, 9, 2
320, 22, 1, 54, 39, 2
320, 22, 2, 55, 39, 2
320, 22, 3, 56, 27, 2
320, 22, 3, 56, 38, 2
320, 22, 2, 57, 26, 2
320, 22, 3, 58, 9, 2
320, 22, 1, 58, 27, 2
320, 22, 0, 58, 28, 2
320, 22, 2, 59, 10, 2
320, 22, 0, 61, 18, 2
320, 22, 1, 62, 13, 2
321, 22, 1, 54, 59, 0
321, 22, 3, 54, 62, 0
321, 22, 3, 56, 57, 0
321, 22, 2, 56, 58, 0
321, 22, 2, 56, 62, 0
321, 22, 1, 57, 55, 0
321, 22, 3, 58, 59, 0
321, 22, 0, 59, 58, 0
321, 22, 0, 60, 55, 0
321, 22, 1, 61, 54, 0
321, 22, 1, 62, 54, 0
321, 22, 2, 62, 57, 0
471, 10, 3, 4, 20, 0
471, 10, 2, 4, 22, 0
471, 10, 0, 6, 19, 0
471, 10, 0, 14, 41, 0
471, 10, 3, 15, 39, 0
471, 10, 2, 15, 58, 0
471, 10, 2, 16, 41, 0
471, 10, 2, 35, 32, 0
471, 10, 1, 36, 30, 0
471, 10, 0, 37, 32, 0
471, 10, 2, 37, 54, 0
471, 10, 1, 56, 11, 0
471, 10, 0, 59, 12, 0
472, 10, 1, 17, 58, 0
472, 10, 2, 27, 18, 0
472, 10, 0, 28, 20, 0
472, 10, 1, 29, 18, 0
473, 10, 2, 12, 41, 0
473, 10, 2, 13, 38, 0
473, 10, 3, 15, 43, 0
473, 10, 1, 16, 37, 0
473, 10, 0, 17, 39, 0
473, 10, 1, 17, 56, 0
473, 10, 2, 25, 19, 0
473, 10, 1, 29, 16, 0
473, 10, 2, 33, 32, 0
473, 10, 2, 34, 30, 0
473, 10, 2, 35, 28, 0
473, 10, 2, 35, 53, 0
473, 10, 1, 37, 52, 0
473, 10, 3, 54, 12, 0
473, 10, 3, 57, 13, 0
473, 10, 3, 59, 14, 0
474, 10, 0, 6, 21, 0
474, 10, 0, 8, 18, 0
474, 10, 1, 14, 56, 0
474, 10, 2, 25, 17, 0
474, 10, 0, 27, 16, 0
476, 22, 0, 3, 21, 0
476, 22, 3, 4, 19, 0
476, 22, 0, 5, 19, 0
476, 22, 2, 6, 18, 0
476, 22, 1, 7, 18, 0
543, 10, 1, 6, 20, 1
543, 10, 3, 7, 57, 1
543, 10, 1, 8, 36, 1
543, 10, 1, 10, 21, 1
543, 10, 1, 12, 18, 1
543, 10, 3, 13, 20, 1
543, 10, 0, 16, 11, 1
543, 10, 3, 17, 37, 1
543, 10, 0, 20, 42, 1
543, 10, 2, 22, 32, 1
543, 10, 3, 23, 12, 1
543, 10, 2, 23, 52, 1
543, 10, 1, 25, 29, 1
543, 10, 1, 27, 56, 1
543, 10, 2, 28, 19, 1
543, 10, 0, 28, 31, 1
543, 10, 2, 31, 30, 1
543, 10, 3, 32, 32, 1
543, 10, 3, 34, 51, 1
543, 10, 0, 36, 49, 1
543, 10, 2, 37, 53, 1
543, 10, 1, 42, 23, 1
543, 10, 2, 43, 10, 1
543, 10, 0, 46, 21, 1
543, 10, 3, 51, 21, 1
543, 10, 0, 52, 30, 1
543, 10, 1, 52, 35, 1
543, 10, 2, 53, 23, 1
543, 10, 2, 55, 34, 1
543, 10, 3, 57, 16, 1
660, 10, 2, 18, 60, 0
661, 10, 0, 23, 21, 0
663, 10, 2, 13, 40, 0
663, 10, 1, 47, 16, 0
731, 10, 1, 4, 44, 0
731, 10, 0, 11, 6, 0
731, 10, 0, 24, 41, 0
731, 10, 3, 26, 40, 0
731, 10, 1, 26, 47, 0
731, 10, 3, 40, 7, 0
731, 10, 2, 41, 24, 0
731, 10, 2, 43, 5, 0
731, 10, 2, 43, 38, 0
731, 10, 1, 49, 4, 0
731, 10, 0, 52, 6, 0
731, 10, 3, 61, 20, 0
732, 10, 3, 3, 43, 0
732, 10, 2, 4, 47, 0
732, 10, 1, 5, 45, 0
732, 10, 2, 10, 6, 0
732, 10, 1, 25, 42, 0
732, 10, 3, 25, 47, 0
732, 10, 1, 26, 46, 0
732, 10, 0, 27, 41, 0
732, 10, 0, 41, 6, 0
732, 10, 3, 41, 25, 0
732, 10, 3, 42, 4, 0
732, 10, 0, 42, 5, 0
732, 10, 2, 44, 26, 0
732, 10, 0, 44, 39, 0
732, 10, 1, 45, 41, 0
732, 10, 1, 51, 6, 0
1417, 1, 1, 46, 62, 0
1417, 0, 2, 46, 63, 0
1417, 1, 1, 47, 59, 0
1417, 0, 2, 47, 60, 0
1417, 0, 2, 47, 61, 0
1417, 9, 1, 47, 62, 0
1417, 1, 1, 48, 54, 0
1417, 0, 2, 48, 55, 0
1417, 0, 2, 48, 56, 0
1417, 0, 2, 48, 57, 0
1417, 0, 2, 48, 58, 0
1417, 9, 1, 48, 59, 0
1417, 1, 1, 49, 52, 0
1417, 0, 2, 49, 53, 0
1417, 9, 1, 49, 54, 0
1417, 1, 1, 50, 51, 0
1417, 9, 1, 50, 52, 0
1417, 1, 1, 51, 49, 0
1417, 0, 2, 51, 50, 0
1417, 9, 1, 51, 51, 0
1417, 1, 1, 52, 48, 0
1417, 9, 1, 52, 49, 0
1417, 1, 1, 53, 46, 0
1417, 0, 2, 53, 47, 0
1417, 9, 1, 53, 48, 0
1417, 1, 1, 54, 45, 0
1417, 9, 1, 54, 46, 0
1417, 1, 1, 55, 44, 0
1417, 9, 1, 55, 45, 0
1417, 0, 1, 56, 44, 0
1417, 1, 1, 57, 43, 0
1417, 9, 1, 57, 44, 0
1417, 0, 1, 58, 43, 0
1417, 1, 1, 59, 39, 0
1417, 0, 2, 59, 40, 0
1417, 0, 2, 59, 41, 0
1417, 0, 2, 59, 42, 0
1417, 9, 1, 59, 43, 0
1417, 1, 1, 60, 38, 0
1417, 9, 1, 60, 39, 0
1417, 1, 1, 61, 37, 0
1417, 9, 1, 61, 38, 0
1417, 1, 1, 62, 35, 0
1417, 0, 2, 62, 36, 0
1417, 9, 1, 62, 37, 0
1417, 1, 1, 63, 34, 0
1417, 9, 1, 63, 35, 0
1428, 0, 1, 0, 2, 1
1428, 9, 2, 0, 7, 1
1428, 0, 2, 0, 8, 1
1428, 1, 2, 0, 9, 1
1428, 0, 1, 0, 13, 1
1428, 0, 3, 0, 16, 1
1428, 0, 1, 0, 32, 1
1428, 9, 2, 0, 38, 1
1428, 1, 2, 0, 39, 1
1428, 1, 0, 1, 2, 1
1428, 9, 0, 1, 3, 1
1428, 0, 3, 1, 9, 1
1428, 1, 1, 1, 11, 1
1428, 0, 2, 1, 12, 1
1428, 9, 1, 1, 13, 1
1428, 0, 3, 1, 16, 1
1428, 0, 1, 1, 32, 1
1428, 9, 3, 1, 38, 1
1428, 1, 3, 1, 39, 1
1428, 1, 0, 2, 3, 1
1428, 0, 0, 2, 4, 1
1428, 9, 0, 2, 5, 1
1428, 9, 2, 2, 9, 1
1428, 0, 2, 2, 10, 1
1428, 9, 1, 2, 11, 1
1428, 0, 3, 2, 16, 1
1428, 1, 1, 2, 20, 1
1428, 0, 2, 2, 21, 1
1428, 1, 2, 2, 22, 1
1428, 1, 1, 2, 31, 1
1428, 9, 1, 2, 32, 1
1428, 0, 3, 2, 38, 1
1428, 1, 1, 2, 42, 1
1428, 0, 2, 2, 43, 1
1428, 1, 2, 2, 45, 1
1428, 0, 1, 3, 5, 1
1428, 9, 3, 3, 15, 1
1428, 1, 3, 3, 16, 1
1428, 1, 1, 3, 18, 1
1428, 0, 2, 3, 19, 1
1428, 9, 1, 3, 20, 1
1428, 9, 2, 3, 22, 1
1428, 0, 2, 3, 23, 1
1428, 1, 2, 3, 24, 1
1428, 0, 1, 3, 31, 1
1428, 9, 2, 3, 38, 1
1428, 1, 2, 3, 39, 1
1428, 0, 1, 3, 42, 1
1428, 9, 2, 3, 45, 1
1428, 0, 2, 3, 46, 1
1428, 0, 2, 3, 47, 1
1428, 1, 2, 3, 48, 1
1428, 1, 0, 4, 5, 1
1428, 9, 0, 4, 6, 1
1428, 0, 3, 4, 15, 1
1428, 0, 1, 4, 18, 1
1428, 0, 3, 4, 24, 1
1428, 0, 1, 4, 31, 1
1428, 9, 2, 4, 39, 1
1428, 0, 2, 4, 40, 1
1428, 0, 2, 4, 41, 1
1428, 9, 1, 4, 42, 1
1428, 9, 2, 4, 48, 1
1428, 1, 2, 4, 49, 1
1428, 1, 0, 5, 6, 1
1428, 0, 0, 5, 7, 1
1428, 0, 0, 5, 8, 1
1428, 9, 0, 5, 9, 1
1428, 9, 3, 5, 11, 1
1428, 0, 0, 5, 12, 1
1428, 0, 0, 5, 13, 1
1428, 0, 0, 5, 14, 1
1428, 1, 3, 5, 15, 1
1428, 1, 1, 5, 17, 1
1428, 9, 1, 5, 18, 1
1428, 0, 3, 5, 24, 1
1428, 1, 1, 5, 30, 1
1428, 9, 1, 5, 31, 1
1428, 0, 3, 5, 49, 1
1428, 1, 1, 5, 55, 1
1428, 0, 2, 5, 56, 1
1428, 0, 2, 5, 57, 1
1428, 1, 2, 5, 58, 1
1428, 0, 1, 6, 9, 1
1428, 0, 3, 6, 11, 1
1428, 0, 1, 6, 17, 1
1428, 9, 3, 6, 23, 1
1428, 1, 3, 6, 24, 1
1428, 1, 1, 6, 28, 1
1428, 0, 2, 6, 29, 1
1428, 9, 1, 6, 30, 1
1428, 9, 3, 6, 48, 1
1428, 1, 3, 6, 49, 1
1428, 1, 1, 6, 54, 1
1428, 9, 1, 6, 55, 1
1428, 9, 2, 6, 58, 1
1428, 1, 2, 6, 59, 1
1428, 0, 1, 7, 9, 1
1428, 0, 3, 7, 11, 1
1428, 0, 1, 7, 17, 1
1428, 0, 3, 7, 23, 1
1428, 1, 1, 7, 26, 1
1428, 0, 2, 7, 27, 1
1428, 9, 1, 7, 28, 1
1428, 9, 3, 7, 46, 1
1428, 0, 0, 7, 47, 1
1428, 1, 3, 7, 48, 1
1428, 1, 1, 7, 51, 1
1428, 0, 2, 7, 52, 1
1428, 0, 2, 7, 53, 1
1428, 9, 1, 7, 54, 1
1428, 1, 1, 8, 7, 1
1428, 0, 2, 8, 8, 1
1428, 9, 1, 8, 9, 1
1428, 9, 2, 8, 11, 1
1428, 1, 2, 8, 12, 1
1428, 0, 1, 8, 17, 1
1428, 9, 3, 8, 22, 1
1428, 1, 3, 8, 23, 1
1428, 0, 1, 8, 26, 1
1428, 0, 3, 8, 46, 1
1428, 0, 1, 8, 51, 1
1428, 9, 3, 8, 58, 1
1428, 1, 3, 8, 59, 1
1428, 1, 1, 9, 5, 1
1428, 0, 2, 9, 6, 1
1428, 9, 1, 9, 7, 1
1428, 9, 2, 9, 12, 1
1428, 1, 2, 9, 13, 1
1428, 1, 1, 9, 15, 1
1428, 0, 2, 9, 16, 1
1428, 9, 1, 9, 17, 1
1428, 0, 3, 9, 22, 1
1428, 0, 1, 9, 26, 1
1428, 9, 2, 9, 46, 1
1428, 0, 2, 9, 47, 1
1428, 1, 2, 9, 48, 1
1428, 1, 1, 9, 50, 1
1428, 9, 1, 9, 51, 1
1428, 9, 3, 9, 56, 1
1428, 0, 0, 9, 57, 1
1428, 1, 3, 9, 58, 1
1428, 0, 1, 10, 5, 1
1428, 0, 3, 10, 13, 1
1428, 0, 1, 10, 15, 1
1428, 0, 3, 10, 22, 1
1428, 0, 1, 10, 26, 1
1428, 9, 2, 10, 48, 1
1428, 0, 2, 10, 49, 1
1428, 9, 1, 10, 50, 1
1428, 0, 3, 10, 56, 1
1428, 0, 1, 11, 5, 1
1428, 9, 2, 11, 13, 1
1428, 0, 2, 11, 14, 1
1428, 9, 1, 11, 15, 1
1428, 9, 2, 11, 22, 1
1428, 1, 2, 11, 23, 1
1428, 0, 1, 11, 26, 1
1428, 9, 3, 11, 55, 1
1428, 1, 3, 11, 56, 1
1428, 1, 0, 12, 5, 1
1428, 9, 0, 12, 6, 1
1428, 0, 3, 12, 23, 1
1428, 1, 0, 12, 26, 1
1428, 0, 0, 12, 27, 1
1428, 9, 0, 12, 28, 1
1428, 0, 3, 12, 55, 1
1428, 1, 0, 13, 6, 1
1428, 0, 0, 13, 7, 1
1428, 9, 0, 13, 8, 1
1428, 9, 3, 13, 22, 1
1428, 1, 3, 13, 23, 1
1428, 1, 0, 13, 28, 1
1428, 0, 0, 13, 29, 1
1428, 9, 0, 13, 30, 1
1428, 9, 2, 13, 55, 1
1428, 0, 2, 13, 56, 1
1428, 0, 2, 13, 57, 1
1428, 0, 2, 13, 58, 1
1428, 1, 2, 13, 59, 1
1428, 0, 1, 14, 8, 1
1428, 0, 3, 14, 22, 1
1428, 0, 1, 14, 30, 1
1428, 9, 2, 14, 59, 1
1428, 1, 2, 14, 60, 1
1428, 0, 1, 15, 8, 1
1428, 9, 3, 15, 21, 1
1428, 1, 3, 15, 22, 1
1428, 0, 1, 15, 30, 1
1428, 0, 3, 15, 60, 1
1428, 1, 1, 16, 6, 1
1428, 0, 2, 16, 7, 1
1428, 9, 1, 16, 8, 1
1428, 9, 3, 16, 19, 1
1428, 0, 0, 16, 20, 1
1428, 1, 3, 16, 21, 1
1428, 1, 0, 16, 30, 1
1428, 9, 0, 16, 31, 1
1428, 0, 3, 16, 60, 1
1428, 0, 1, 17, 6, 1
1428, 9, 2, 17, 19, 1
1428, 1, 2, 17, 20, 1
1428, 0, 1, 17, 31, 1
1428, 9, 2, 17, 60, 1
1428, 1, 2, 17, 61, 1
1428, 0, 2, 18, 0, 1
1428, 1, 2, 18, 1, 1
1428, 1, 1, 18, 4, 1
1428, 0, 2, 18, 5, 1
1428, 9, 1, 18, 6, 1
1428, 0, 3, 18, 20, 1
1428, 1, 1, 18, 30, 1
1428, 9, 1, 18, 31, 1
1428, 0, 3, 18, 61, 1
1428, 9, 2, 19, 1, 1
1428, 0, 2, 19, 2, 1
1428, 0, 2, 19, 3, 1
1428, 9, 1, 19, 4, 1
1428, 9, 3, 19, 19, 1
1428, 1, 3, 19, 20, 1
1428, 1, 1, 19, 27, 1
1428, 0, 2, 19, 28, 1
1428, 0, 2, 19, 29, 1
1428, 9, 1, 19, 30, 1
1428, 9, 3, 19, 58, 1
1428, 0, 0, 19, 59, 1
1428, 0, 0, 19, 60, 1
1428, 1, 3, 19, 61, 1
1428, 1, 1, 20, 25, 1
1428, 0, 2, 20, 26, 1
1428, 9, 1, 20, 27, 1
1428, 9, 3, 20, 57, 1
1428, 1, 3, 20, 58, 1
1428, 9, 2, 21, 19, 1
1428, 0, 2, 21, 20, 1
1428, 1, 2, 21, 21, 1
1428, 1, 1, 21, 24, 1
1428, 9, 1, 21, 25, 1
1428, 0, 3, 21, 57, 1
1428, 9, 2, 22, 21, 1
1428, 1, 2, 22, 22, 1
1428, 0, 1, 22, 24, 1
1428, 0, 3, 22, 57, 1
1428, 0, 3, 23, 22, 1
1428, 1, 0, 23, 24, 1
1428, 9, 0, 23, 25, 1
1428, 9, 2, 23, 57, 1
1428, 0, 2, 23, 58, 1
1428, 1, 2, 23, 59, 1
1428, 0, 0, 24, 0, 1
1428, 0, 0, 24, 1, 1
1428, 0, 0, 24, 2, 1
1428, 0, 0, 24, 3, 1
1428, 9, 0, 24, 4, 1
1428, 9, 3, 24, 21, 1
1428, 1, 3, 24, 22, 1
1428, 0, 1, 24, 25, 1
1428, 0, 3, 24, 59, 1
1428, 1, 0, 25, 4, 1
1428, 0, 0, 25, 5, 1
1428, 9, 0, 25, 6, 1
1428, 0, 3, 25, 21, 1
1428, 0, 1, 25, 25, 1
1428, 0, 3, 25, 59, 1
1428, 1, 1, 26, 5, 1
1428, 9, 1, 26, 6, 1
1428, 9, 2, 26, 21, 1
1428, 1, 2, 26, 22, 1
1428, 1, 0, 26, 25, 1
1428, 9, 0, 26, 26, 1
1428, 9, 3, 26, 36, 1
1428, 0, 0, 26, 37, 1
1428, 0, 0, 26, 38, 1
1428, 9, 0, 26, 39, 1
1428, 9, 2, 26, 59, 1
1428, 0, 2, 26, 60, 1
1428, 1, 2, 26, 61, 1
1428, 0, 1, 27, 5, 1
1428, 0, 3, 27, 22, 1
1428, 0, 1, 27, 26, 1
1428, 0, 1, 27, 39, 1
1428, 0, 1, 28, 5, 1
1428, 0, 3, 28, 22, 1
1428, 1, 0, 28, 26, 1
1428, 0, 0, 28, 27, 1
1428, 9, 0, 28, 28, 1
1428, 9, 3, 28, 34, 1
1428, 0, 0, 28, 35, 1
1428, 1, 3, 28, 36, 1
1428, 1, 0, 28, 39, 1
1428, 9, 0, 28, 41, 1
1428, 9, 3, 28, 59, 1
1428, 0, 0, 28, 60, 1
1428, 1, 3, 28, 61, 1
1428, 0, 1, 29, 5, 1
1428, 0, 3, 29, 22, 1
1428, 1, 1, 29, 27, 1
1428, 9, 1, 29, 28, 1
1428, 0, 1, 29, 41, 1
1428, 0, 3, 29, 59, 1
1428, 1, 0, 30, 5, 1
1428, 9, 0, 30, 6, 1
1428, 9, 3, 30, 21, 1
1428, 1, 3, 30, 22, 1
1428, 0, 1, 30, 27, 1
1428, 0, 3, 30, 34, 1
1428, 9, 3, 30, 58, 1
1428, 1, 3, 30, 59, 1
1428, 1, 0, 31, 6, 1
1428, 9, 0, 31, 7, 1
1428, 9, 3, 31, 17, 1
1428, 0, 0, 31, 18, 1
1428, 0, 0, 31, 19, 1
1428, 0, 0, 31, 20, 1
1428, 1, 3, 31, 21, 1
1428, 0, 1, 31, 27, 1
1428, 9, 2, 31, 34, 1
1428, 1, 2, 31, 35, 1
1428, 1, 1, 31, 39, 1
1428, 0, 2, 31, 40, 1
1428, 9, 1, 31, 41, 1
1428, 9, 3, 31, 55, 1
1428, 0, 0, 31, 56, 1
1428, 0, 0, 31, 57, 1
1428, 1, 3, 31, 58, 1
1428, 0, 1, 32, 7, 1
1428, 0, 3, 32, 17, 1
1428, 0, 1, 32, 27, 1
1428, 0, 3, 32, 35, 1
1428, 1, 1, 32, 38, 1
1428, 9, 1, 32, 39, 1
1428, 0, 3, 32, 55, 1
1428, 1, 0, 33, 7, 1
1428, 0, 0, 33, 8, 1
1428, 9, 0, 33, 9, 1
1428, 9, 3, 33, 16, 1
1428, 1, 3, 33, 17, 1
1428, 1, 1, 33, 26, 1
1428, 9, 1, 33, 27, 1
1428, 0, 3, 33, 35, 1
1428, 0, 1, 33, 38, 1
1428, 0, 3, 33, 55, 1
1428, 1, 0, 34, 9, 1
1428, 9, 0, 34, 10, 1
1428, 0, 1, 34, 26, 1
1428, 9, 3, 34, 34, 1
1428, 1, 3, 34, 35, 1
1428, 0, 1, 34, 38, 1
1428, 0, 3, 34, 55, 1
1428, 1, 0, 35, 10, 1
1428, 0, 0, 35, 11, 1
1428, 9, 0, 35, 12, 1
1428, 9, 2, 35, 16, 1
1428, 0, 2, 35, 17, 1
1428, 0, 2, 35, 18, 1
1428, 1, 2, 35, 19, 1
1428, 1, 0, 35, 26, 1
1428, 9, 0, 35, 27, 1
1428, 0, 3, 35, 34, 1
1428, 1, 0, 35, 38, 1
1428, 9, 0, 35, 39, 1
1428, 9, 2, 35, 55, 1
1428, 1, 2, 35, 56, 1
1428, 0, 1, 36, 12, 1
1428, 0, 3, 36, 19, 1
1428, 0, 1, 36, 27, 1
1428, 0, 3, 36, 34, 1
1428, 0, 1, 36, 39, 1
1428, 0, 3, 36, 56, 1
1428, 1, 1, 37, 10, 1
1428, 0, 2, 37, 11, 1
1428, 9, 1, 37, 12, 1
1428, 0, 3, 37, 19, 1
1428, 1, 0, 37, 27, 1
1428, 0, 0, 37, 28, 1
1428, 9, 0, 37, 29, 1
1428, 9, 2, 37, 34, 1
1428, 1, 2, 37, 35, 1
1428, 0, 1, 37, 39, 1
1428, 0, 3, 37, 56, 1
1428, 1, 1, 38, 6, 1
1428, 1, 2, 38, 8, 1
1428, 0, 1, 38, 10, 1
1428, 9, 2, 38, 19, 1
1428, 1, 2, 38, 20, 1
1428, 1, 0, 38, 29, 1
1428, 0, 0, 38, 30, 1
1428, 9, 0, 38, 31, 1
1428, 9, 3, 38, 34, 1
1428, 1, 3, 38, 35, 1
1428, 0, 1, 38, 39, 1
1428, 0, 3, 38, 56, 1
1428, 0, 1, 39, 6, 1
1428, 9, 2, 39, 8, 1
1428, 0, 2, 39, 9, 1
1428, 9, 1, 39, 10, 1
1428, 9, 2, 39, 20, 1
1428, 1, 2, 39, 21, 1
1428, 1, 0, 39, 31, 1
1428, 0, 0, 39, 32, 1
1428, 0, 0, 39, 33, 1
1428, 1, 3, 39, 34, 1
1428, 0, 1, 39, 39, 1
1428, 9, 3, 39, 49, 1
1428, 0, 0, 39, 50, 1
1428, 0, 0, 39, 51, 1
1428, 9, 0, 39, 52, 1
1428, 9, 3, 39, 54, 1
1428, 0, 0, 39, 55, 1
1428, 1, 3, 39, 56, 1
1428, 1, 1, 40, 4, 1
1428, 0, 2, 40, 5, 1
1428, 9, 1, 40, 6, 1
1428, 0, 3, 40, 21, 1
1428, 1, 1, 40, 23, 1
1428, 0, 2, 40, 24, 1
1428, 0, 2, 40, 25, 1
1428, 1, 2, 40, 26, 1
1428, 1, 1, 40, 38, 1
1428, 9, 1, 40, 39, 1
1428, 0, 3, 40, 49, 1
1428, 1, 0, 40, 52, 1
1428, 0, 0, 40, 53, 1
1428, 1, 3, 40, 54, 1
1428, 1, 1, 41, 3, 1
1428, 9, 1, 41, 4, 1
1428, 9, 2, 41, 21, 1
1428, 0, 2, 41, 22, 1
1428, 9, 1, 41, 23, 1
1428, 9, 2, 41, 26, 1
1428, 0, 2, 41, 27, 1
1428, 1, 2, 41, 28, 1
1428, 1, 1, 41, 37, 1
1428, 9, 1, 41, 38, 1
1428, 9, 3, 41, 47, 1
1428, 0, 0, 41, 48, 1
1428, 1, 3, 41, 49, 1
1428, 0, 1, 42, 3, 1
1428, 9, 3, 42, 46, 1
1428, 1, 3, 42, 47, 1
1428, 0, 1, 43, 3, 1
1428, 9, 3, 43, 27, 1
1428, 1, 3, 43, 28, 1
1428, 0, 1, 43, 37, 1
1428, 0, 3, 43, 46, 1
1428, 1, 0, 44, 3, 1
1428, 0, 0, 44, 4, 1
1428, 9, 0, 44, 5, 1
1428, 0, 3, 44, 27, 1
1428, 0, 1, 44, 37, 1
1428, 9, 3, 44, 44, 1
1428, 0, 0, 44, 45, 1
1428, 1, 3, 44, 46, 1
1428, 0, 1, 45, 5, 1
1428, 9, 3, 45, 26, 1
1428, 1, 3, 45, 27, 1
1428, 1, 0, 45, 37, 1
1428, 9, 0, 45, 38, 1
1428, 9, 3, 45, 42, 1
1428, 0, 0, 45, 43, 1
1428, 1, 3, 45, 44, 1
1428, 0, 1, 46, 5, 1
1428, 0, 3, 46, 26, 1
1428, 0, 1, 46, 38, 1
1428, 0, 3, 46, 42, 1
1428, 1, 1, 47, 3, 1
1428, 0, 2, 47, 4, 1
1428, 9, 1, 47, 5, 1
1428, 0, 3, 47, 26, 1
1428, 1, 0, 47, 38, 1
1428, 0, 0, 47, 39, 1
1428, 0, 0, 47, 40, 1
1428, 0, 0, 47, 41, 1
1428, 1, 3, 47, 42, 1
1428, 1, 1, 48, 2, 1
1428, 9, 1, 48, 3, 1
1428, 0, 3, 48, 26, 1
1428, 1, 1, 48, 33, 1
1428, 0, 2, 48, 34, 1
1428, 1, 2, 48, 35, 1
1428, 0, 1, 49, 2, 1
1428, 9, 2, 49, 26, 1
1428, 0, 2, 49, 27, 1
1428, 0, 2, 49, 28, 1
1428, 1, 2, 49, 29, 1
1428, 1, 1, 49, 32, 1
1428, 9, 1, 49, 33, 1
1428, 9, 2, 49, 35, 1
1428, 0, 2, 49, 36, 1
1428, 1, 2, 49, 37, 1
1428, 1, 1, 50, 1, 1
1428, 9, 1, 50, 2, 1
1428, 9, 2, 50, 29, 1
1428, 0, 2, 50, 30, 1
1428, 0, 2, 50, 31, 1
1428, 9, 1, 50, 32, 1
1428, 9, 2, 50, 37, 1
1428, 1, 2, 50, 38, 1
1428, 0, 1, 51, 1, 1
1428, 9, 3, 51, 7, 1
1428, 0, 0, 51, 8, 1
1428, 0, 0, 51, 9, 1
1428, 9, 0, 51, 10, 1
1428, 9, 2, 51, 38, 1
1428, 1, 2, 51, 39, 1
1428, 1, 0, 52, 1, 1
1428, 0, 0, 52, 2, 1
1428, 0, 0, 52, 3, 1
1428, 9, 0, 52, 4, 1
1428, 0, 3, 52, 7, 1
1428, 1, 0, 52, 10, 1
1428, 9, 0, 52, 11, 1
1428, 0, 3, 52, 39, 1
1428, 1, 0, 53, 4, 1
1428, 0, 0, 53, 6, 1
1428, 1, 3, 53, 7, 1
1428, 0, 1, 53, 11, 1
1428, 9, 3, 53, 38, 1
1428, 1, 3, 53, 39, 1
1428, 0, 1, 54, 11, 1
1428, 0, 3, 54, 38, 1
1428, 1, 1, 55, 10, 1
1428, 9, 1, 55, 11, 1
1428, 9, 3, 55, 26, 1
1428, 0, 0, 55, 27, 1
1428, 9, 0, 55, 28, 1
1428, 9, 3, 55, 37, 1
1428, 1, 3, 55, 38, 1
1428, 1, 1, 56, 9, 1
1428, 9, 1, 56, 10, 1
1428, 9, 3, 56, 24, 1
1428, 0, 0, 56, 25, 1
1428, 1, 3, 56, 26, 1
1428, 0, 1, 56, 28, 1
1428, 0, 3, 56, 37, 1
1428, 1, 0, 57, 9, 1
1428, 9, 0, 57, 10, 1
1428, 0, 3, 57, 24, 1
1428, 1, 0, 57, 28, 1
1428, 0, 0, 57, 29, 1
1428, 9, 0, 57, 30, 1
1428, 9, 3, 57, 36, 1
1428, 1, 3, 57, 37, 1
1428, 1, 0, 58, 10, 1
1428, 9, 0, 58, 11, 1
1428, 0, 3, 58, 24, 1
1428, 1, 0, 58, 30, 1
1428, 9, 0, 58, 31, 1
1428, 9, 3, 58, 33, 1
1428, 0, 0, 58, 34, 1
1428, 0, 0, 58, 35, 1
1428, 1, 3, 58, 36, 1
1428, 0, 1, 59, 11, 1
1428, 9, 3, 59, 23, 1
1428, 1, 3, 59, 24, 1
1428, 1, 0, 59, 31, 1
1428, 0, 0, 59, 32, 1
1428, 1, 3, 59, 33, 1
1428, 0, 1, 60, 11, 1
1428, 9, 3, 60, 17, 1
1428, 0, 0, 60, 18, 1
1428, 9, 0, 60, 19, 1
1428, 9, 3, 60, 21, 1
1428, 0, 0, 60, 22, 1
1428, 1, 3, 60, 23, 1
1428, 1, 0, 61, 11, 1
1428, 0, 0, 61, 12, 1
1428, 0, 0, 61, 13, 1
1428, 9, 0, 61, 14, 1
1428, 0, 3, 61, 17, 1
1428, 0, 1, 61, 19, 1
1428, 0, 3, 61, 21, 1
1428, 0, 1, 62, 14, 1
1428, 9, 3, 62, 16, 1
1428, 1, 3, 62, 17, 1
1428, 1, 0, 62, 19, 1
1428, 1, 3, 62, 21, 1
1428, 1, 0, 63, 14, 1
1428, 0, 0, 63, 15, 1
1428, 1, 3, 63, 16, 1
1434, 10, 3, 0, 0, 1
1434, 10, 3, 0, 1, 1
1434, 10, 3, 0, 10, 1
1434, 10, 3, 0, 11, 1
1434, 10, 3, 0, 12, 1
1434, 10, 3, 0, 17, 1
1434, 10, 3, 0, 18, 1
1434, 10, 3, 0, 19, 1
1434, 10, 3, 0, 20, 1
1434, 10, 3, 0, 21, 1
1434, 10, 3, 0, 22, 1
1434, 10, 3, 0, 23, 1
1434, 10, 3, 0, 24, 1
1434, 10, 3, 0, 25, 1
1434, 10, 3, 0, 26, 1
1434, 10, 3, 0, 27, 1
1434, 10, 3, 0, 28, 1
1434, 10, 3, 0, 29, 1
1434, 10, 3, 0, 30, 1
1434, 10, 3, 0, 31, 1
1434, 10, 3, 0, 40, 1
1434, 10, 3, 0, 41, 1
1434, 10, 3, 0, 42, 1
1434, 10, 3, 0, 43, 1
1434, 10, 3, 0, 44, 1
1434, 10, 3, 0, 45, 1
1434, 10, 3, 0, 46, 1
1434, 10, 3, 0, 47, 1
1434, 10, 3, 0, 48, 1
1434, 10, 3, 0, 49, 1
1434, 10, 3, 0, 50, 1
1434, 10, 3, 0, 51, 1
1434, 10, 3, 0, 52, 1
1434, 10, 3, 0, 53, 1
1434, 10, 3, 0, 54, 1
1434, 10, 3, 0, 55, 1
1434, 10, 3, 0, 56, 1
1434, 10, 3, 0, 57, 1
1434, 10, 3, 0, 58, 1
1434, 10, 3, 0, 59, 1
1434, 10, 3, 0, 60, 1
1434, 10, 3, 0, 61, 1
1434, 10, 3, 0, 62, 1
1434, 10, 3, 0, 63, 1
1434, 10, 3, 1, 0, 1
1434, 10, 3, 1, 1, 1
1434, 10, 3, 1, 10, 1
1434, 10, 3, 1, 17, 1
1434, 10, 3, 1, 18, 1
1434, 10, 3, 1, 19, 1
1434, 10, 3, 1, 20, 1
1434, 10, 3, 1, 21, 1
1434, 10, 3, 1, 22, 1
1434, 10, 3, 1, 23, 1
1434, 10, 3, 1, 24, 1
1434, 10, 3, 1, 25, 1
1434, 10, 3, 1, 26, 1
1434, 10, 3, 1, 27, 1
1434, 10, 3, 1, 28, 1
1434, 10, 3, 1, 29, 1
1434, 10, 3, 1, 30, 1
1434, 10, 3, 1, 31, 1
1434, 10, 3, 1, 40, 1
1434, 10, 3, 1, 41, 1
1434, 10, 3, 1, 42, 1
1434, 10, 3, 1, 43, 1
1434, 10, 3, 1, 44, 1
1434, 10, 3, 1, 45, 1
1434, 10, 3, 1, 46, 1
1434, 10, 3, 1, 47, 1
1434, 10, 3, 1, 48, 1
1434, 10, 3, 1, 49, 1
1434, 10, 3, 1, 50, 1
1434, 10, 3, 1, 51, 1
1434, 10, 3, 1, 52, 1
1434, 10, 3, 1, 53, 1
1434, 10, 3, 1, 54, 1
1434, 10, 3, 1, 55, 1
1434, 10, 3, 1, 56, 1
1434, 10, 3, 1, 57, 1
1434, 10, 3, 1, 58, 1
1434, 10, 3, 1, 59, 1
1434, 10, 3, 1, 60, 1
1434, 10, 3, 1, 61, 1
1434, 10, 3, 1, 62, 1
1434, 10, 3, 1, 63, 1
1434, 10, 3, 2, 0, 1
1434, 10, 3, 2, 1, 1
1434, 10, 3, 2, 2, 1
1434, 10, 3, 2, 17, 1
1434, 10, 3, 2, 18, 1
1434, 10, 3, 2, 19, 1
1434, 10, 3, 2, 23, 1
1434, 10, 3, 2, 24, 1
1434, 10, 3, 2, 25, 1
1434, 10, 3, 2, 26, 1
1434, 10, 3, 2, 27, 1
1434, 10, 3, 2, 28, 1
1434, 10, 3, 2, 29, 1
1434, 10, 3, 2, 30, 1
1434, 10, 3, 2, 39, 1
1434, 10, 3, 2, 40, 1
1434, 10, 3, 2, 41, 1
1434, 10, 3, 2, 46, 1
1434, 10, 3, 2, 47, 1
1434, 10, 3, 2, 48, 1
1434, 10, 3, 2, 49, 1
1434, 10, 3, 2, 50, 1
1434, 10, 3, 2, 51, 1
1434, 10, 3, 2, 52, 1
1434, 10, 3, 2, 53, 1
1434, 10, 3, 2, 54, 1
1434, 10, 3, 2, 55, 1
1434, 10, 3, 2, 56, 1
1434, 10, 3, 2, 57, 1
1434, 10, 3, 2, 58, 1
1434, 10, 3, 2, 59, 1
1434, 10, 3, 2, 60, 1
1434, 10, 3, 2, 61, 1
1434, 10, 3, 2, 62, 1
1434, 10, 3, 2, 63, 1
1434, 10, 3, 3, 0, 1
1434, 10, 3, 3, 1, 1
1434, 10, 3, 3, 2, 1
1434, 10, 3, 3, 3, 1
1434, 10, 3, 3, 4, 1
1434, 10, 3, 3, 17, 1
1434, 10, 3, 3, 25, 1
1434, 10, 3, 3, 26, 1
1434, 10, 3, 3, 27, 1
1434, 10, 3, 3, 28, 1
1434, 10, 3, 3, 29, 1
1434, 10, 3, 3, 30, 1
1434, 10, 3, 3, 40, 1
1434, 10, 3, 3, 41, 1
1434, 10, 3, 3, 49, 1
1434, 10, 3, 3, 50, 1
1434, 10, 3, 3, 51, 1
1434, 10, 3, 3, 52, 1
1434, 10, 3, 3, 53, 1
1434, 10, 3, 3, 54, 1
1434, 10, 3, 3, 55, 1
1434, 10, 3, 3, 56, 1
1434, 10, 3, 3, 57, 1
1434, 10, 3, 3, 58, 1
1434, 10, 3, 3, 59, 1
1434, 10, 3, 3, 60, 1
1434, 10, 3, 3, 61, 1
1434, 10, 3, 3, 62, 1
1434, 10, 3, 3, 63, 1
1434, 10, 3, 4, 0, 1
1434, 10, 3, 4, 1, 1
1434, 10, 3, 4, 2, 1
1434, 10, 3, 4, 3, 1
1434, 10, 3, 4, 4, 1
1434, 10, 3, 4, 16, 1
1434, 10, 3, 4, 17, 1
1434, 10, 3, 4, 25, 1
1434, 10, 3, 4, 26, 1
1434, 10, 3, 4, 27, 1
1434, 10, 3, 4, 28, 1
1434, 10, 3, 4, 29, 1
1434, 10, 3, 4, 30, 1
1434, 10, 3, 4, 50, 1
1434, 10, 3, 4, 51, 1
1434, 10, 3, 4, 52, 1
1434, 10, 3, 4, 53, 1
1434, 10, 3, 4, 54, 1
1434, 10, 3, 4, 55, 1
1434, 10, 3, 4, 56, 1
1434, 10, 3, 4, 57, 1
1434, 10, 3, 4, 58, 1
1434, 10, 3, 4, 59, 1
1434, 10, 3, 4, 60, 1
1434, 10, 3, 4, 61, 1
1434, 10, 3, 4, 62, 1
1434, 10, 3, 4, 63, 1
1434, 10, 3, 5, 0, 1
1434, 10, 3, 5, 1, 1
1434, 10, 3, 5, 2, 1
1434, 10, 3, 5, 3, 1
1434, 10, 3, 5, 4, 1
1434, 10, 3, 5, 5, 1
1434, 10, 3, 5, 16, 1
1434, 10, 3, 5, 25, 1
1434, 10, 3, 5, 26, 1
1434, 10, 3, 5, 27, 1
1434, 10, 3, 5, 28, 1
1434, 10, 3, 5, 29, 1
1434, 10, 3, 5, 50, 1
1434, 10, 3, 5, 51, 1
1434, 10, 3, 5, 52, 1
1434, 10, 3, 5, 53, 1
1434, 10, 3, 5, 54, 1
1434, 10, 3, 5, 59, 1
1434, 10, 3, 5, 60, 1
1434, 10, 3, 5, 61, 1
1434, 10, 3, 5, 62, 1
1434, 10, 3, 5, 63, 1
1434, 10, 3, 6, 0, 1
1434, 10, 3, 6, 1, 1
1434, 10, 3, 6, 2, 1
1434, 10, 3, 6, 3, 1
1434, 10, 3, 6, 4, 1
1434, 10, 3, 6, 5, 1
1434, 10, 3, 6, 6, 1
1434, 10, 3, 6, 7, 1
1434, 10, 2, 6, 8, 1
1434, 10, 2, 6, 12, 1
1434, 10, 2, 6, 13, 1
1434, 10, 2, 6, 14, 1
1434, 10, 3, 6, 15, 1
1434, 10, 3, 6, 16, 1
1434, 10, 3, 6, 25, 1
1434, 10, 3, 6, 26, 1
1434, 10, 3, 6, 27, 1
1434, 10, 3, 6, 50, 1
1434, 10, 3, 6, 51, 1
1434, 10, 3, 6, 52, 1
1434, 10, 3, 6, 53, 1
1434, 10, 3, 6, 60, 1
1434, 10, 3, 6, 61, 1
1434, 10, 3, 6, 62, 1
1434, 10, 3, 6, 63, 1
1434, 10, 3, 7, 0, 1
1434, 10, 3, 7, 1, 1
1434, 10, 3, 7, 2, 1
1434, 10, 3, 7, 3, 1
1434, 10, 3, 7, 4, 1
1434, 10, 3, 7, 5, 1
1434, 10, 3, 7, 6, 1
1434, 10, 3, 7, 7, 1
1434, 10, 2, 7, 8, 1
1434, 10, 2, 7, 12, 1
1434, 10, 3, 7, 13, 1
1434, 10, 3, 7, 14, 1
1434, 10, 3, 7, 15, 1
1434, 10, 3, 7, 16, 1
1434, 10, 3, 7, 24, 1
1434, 10, 3, 7, 25, 1
1434, 10, 3, 7, 49, 1
1434, 10, 3, 7, 50, 1
1434, 10, 3, 7, 60, 1
1434, 10, 3, 7, 61, 1
1434, 10, 3, 7, 62, 1
1434, 10, 3, 7, 63, 1
1434, 10, 3, 8, 0, 1
1434, 10, 3, 8, 1, 1
1434, 10, 3, 8, 2, 1
1434, 10, 3, 8, 3, 1
1434, 10, 3, 8, 4, 1
1434, 10, 3, 8, 5, 1
1434, 10, 3, 8, 6, 1
1434, 10, 3, 8, 13, 1
1434, 10, 3, 8, 14, 1
1434, 10, 3, 8, 15, 1
1434, 10, 3, 8, 16, 1
1434, 10, 3, 8, 24, 1
1434, 10, 3, 8, 25, 1
1434, 10, 3, 8, 47, 1
1434, 10, 3, 8, 48, 1
1434, 10, 3, 8, 49, 1
1434, 10, 3, 8, 50, 1
1434, 10, 3, 8, 60, 1
1434, 10, 3, 8, 61, 1
1434, 10, 3, 8, 62, 1
1434, 10, 3, 8, 63, 1
1434, 10, 3, 9, 0, 1
1434, 10, 3, 9, 1, 1
1434, 10, 3, 9, 2, 1
1434, 10, 3, 9, 3, 1
1434, 10, 3, 9, 4, 1
1434, 10, 3, 9, 14, 1
1434, 10, 3, 9, 23, 1
1434, 10, 3, 9, 24, 1
1434, 10, 3, 9, 25, 1
1434, 10, 3, 9, 49, 1
1434, 10, 3, 9, 59, 1
1434, 10, 3, 9, 60, 1
1434, 10, 3, 9, 61, 1
1434, 10, 3, 9, 62, 1
1434, 10, 3, 9, 63, 1
1434, 10, 3, 10, 0, 1
1434, 10, 3, 10, 1, 1
1434, 10, 3, 10, 2, 1
1434, 10, 3, 10, 3, 1
1434, 10, 3, 10, 4, 1
1434, 10, 3, 10, 14, 1
1434, 10, 3, 10, 23, 1
1434, 10, 3, 10, 24, 1
1434, 10, 3, 10, 25, 1
1434, 10, 3, 10, 57, 1
1434, 10, 3, 10, 58, 1
1434, 10, 3, 10, 59, 1
1434, 10, 3, 10, 60, 1
1434, 10, 3, 10, 61, 1
1434, 10, 3, 10, 62, 1
1434, 10, 3, 10, 63, 1
1434, 10, 3, 11, 0, 1
1434, 10, 3, 11, 1, 1
1434, 10, 3, 11, 2, 1
1434, 10, 3, 11, 3, 1
1434, 10, 3, 11, 4, 1
1434, 10, 3, 11, 24, 1
1434, 10, 3, 11, 25, 1
1434, 10, 3, 11, 57, 1
1434, 10, 3, 11, 58, 1
1434, 10, 3, 11, 59, 1
1434, 10, 3, 11, 60, 1
1434, 10, 3, 11, 61, 1
1434, 10, 3, 11, 62, 1
1434, 10, 3, 11, 63, 1
1434, 10, 3, 12, 0, 1
1434, 10, 3, 12, 1, 1
1434, 10, 3, 12, 2, 1
1434, 10, 3, 12, 3, 1
1434, 10, 3, 12, 4, 1
1434, 10, 3, 12, 24, 1
1434, 10, 3, 12, 25, 1
1434, 10, 3, 12, 56, 1
1434, 10, 3, 12, 57, 1
1434, 10, 3, 12, 58, 1
1434, 10, 3, 12, 59, 1
1434, 10, 3, 12, 60, 1
1434, 10, 3, 12, 61, 1
1434, 10, 3, 12, 62, 1
1434, 10, 3, 12, 63, 1
1434, 10, 3, 13, 0, 1
1434, 10, 3, 13, 1, 1
1434, 10, 3, 13, 2, 1
1434, 10, 3, 13, 3, 1
1434, 10, 3, 13, 4, 1
1434, 10, 3, 13, 5, 1
1434, 10, 3, 13, 24, 1
1434, 10, 3, 13, 25, 1
1434, 10, 3, 13, 26, 1
1434, 10, 3, 13, 27, 1
1434, 10, 3, 13, 60, 1
1434, 10, 3, 13, 61, 1
1434, 10, 3, 13, 62, 1
1434, 10, 3, 13, 63, 1
1434, 10, 3, 14, 0, 1
1434, 10, 3, 14, 1, 1
1434, 10, 3, 14, 2, 1
1434, 10, 3, 14, 3, 1
1434, 10, 3, 14, 4, 1
1434, 10, 3, 14, 5, 1
1434, 10, 3, 14, 6, 1
1434, 10, 3, 14, 7, 1
1434, 10, 3, 14, 23, 1
1434, 10, 3, 14, 24, 1
1434, 10, 3, 14, 25, 1
1434, 10, 3, 14, 26, 1
1434, 10, 3, 14, 27, 1
1434, 10, 3, 14, 28, 1
1434, 10, 3, 14, 29, 1
1434, 10, 3, 14, 61, 1
1434, 10, 3, 14, 62, 1
1434, 10, 3, 14, 63, 1
1434, 10, 3, 15, 0, 1
1434, 10, 3, 15, 1, 1
1434, 10, 3, 15, 2, 1
1434, 10, 3, 15, 3, 1
1434, 10, 3, 15, 4, 1
1434, 10, 3, 15, 5, 1
1434, 10, 3, 15, 6, 1
1434, 10, 3, 15, 7, 1
1434, 10, 3, 15, 23, 1
1434, 10, 3, 15, 24, 1
1434, 10, 3, 15, 25, 1
1434, 10, 3, 15, 26, 1
1434, 10, 3, 15, 27, 1
1434, 10, 3, 15, 28, 1
1434, 10, 3, 15, 29, 1
1434, 10, 3, 15, 61, 1
1434, 10, 3, 15, 62, 1
1434, 10, 3, 15, 63, 1
1434, 10, 3, 16, 0, 1
1434, 10, 3, 16, 1, 1
1434, 10, 3, 16, 2, 1
1434, 10, 3, 16, 3, 1
1434, 10, 3, 16, 4, 1
1434, 10, 3, 16, 5, 1
1434, 10, 3, 16, 22, 1
1434, 10, 3, 16, 23, 1
1434, 10, 3, 16, 24, 1
1434, 10, 3, 16, 25, 1
1434, 10, 3, 16, 26, 1
1434, 10, 3, 16, 27, 1
1434, 10, 3, 16, 28, 1
1434, 10, 3, 16, 29, 1
1434, 10, 3, 16, 61, 1
1434, 10, 3, 16, 62, 1
1434, 10, 3, 16, 63, 1
1434, 10, 3, 17, 0, 1
1434, 10, 3, 17, 1, 1
1434, 10, 3, 17, 2, 1
1434, 10, 3, 17, 3, 1
1434, 10, 3, 17, 4, 1
1434, 10, 3, 17, 5, 1
1434, 10, 3, 17, 21, 1
1434, 10, 3, 17, 22, 1
1434, 10, 3, 17, 23, 1
1434, 10, 3, 17, 24, 1
1434, 10, 3, 17, 25, 1
1434, 10, 3, 17, 26, 1
1434, 10, 3, 17, 27, 1
1434, 10, 3, 17, 28, 1
1434, 10, 3, 17, 29, 1
1434, 10, 3, 17, 30, 1
1434, 10, 3, 17, 62, 1
1434, 10, 3, 17, 63, 1
1434, 10, 3, 18, 2, 1
1434, 10, 3, 18, 3, 1
1434, 10, 3, 18, 21, 1
1434, 10, 3, 18, 22, 1
1434, 10, 3, 18, 23, 1
1434, 10, 3, 18, 24, 1
1434, 10, 3, 18, 25, 1
1434, 10, 3, 18, 26, 1
1434, 10, 3, 18, 27, 1
1434, 10, 3, 18, 28, 1
1434, 10, 3, 18, 29, 1
1434, 10, 3, 18, 62, 1
1434, 10, 3, 18, 63, 1
1434, 10, 3, 19, 21, 1
1434, 10, 3, 19, 22, 1
1434, 10, 3, 19, 23, 1
1434, 10, 3, 19, 24, 1
1434, 10, 3, 19, 25, 1
1434, 10, 3, 19, 26, 1
1434, 10, 3, 19, 62, 1
1434, 10, 3, 19, 63, 1
1434, 10, 3, 20, 20, 1
1434, 10, 3, 20, 21, 1
1434, 10, 3, 20, 22, 1
1434, 10, 3, 20, 23, 1
1434, 10, 3, 20, 24, 1
1434, 10, 3, 20, 59, 1
1434, 10, 3, 20, 60, 1
1434, 10, 3, 20, 61, 1
1434, 10, 3, 20, 62, 1
1434, 10, 3, 20, 63, 1
1434, 10, 3, 21, 22, 1
1434, 10, 3, 21, 23, 1
1434, 10, 3, 21, 58, 1
1434, 10, 3, 21, 59, 1
1434, 10, 3, 21, 60, 1
1434, 10, 3, 21, 61, 1
1434, 10, 3, 21, 62, 1
1434, 10, 3, 21, 63, 1
1434, 10, 3, 22, 23, 1
1434, 10, 3, 22, 58, 1
1434, 10, 3, 22, 59, 1
1434, 10, 3, 22, 60, 1
1434, 10, 3, 22, 61, 1
1434, 10, 3, 22, 62, 1
1434, 10, 3, 22, 63, 1
1434, 10, 3, 23, 23, 1
1434, 10, 3, 23, 60, 1
1434, 10, 3, 23, 61, 1
1434, 10, 3, 23, 62, 1
1434, 10, 3, 23, 63, 1
1434, 10, 3, 24, 23, 1
1434, 10, 3, 24, 24, 1
1434, 10, 3, 24, 60, 1
1434, 10, 3, 24, 61, 1
1434, 10, 3, 24, 62, 1
1434, 10, 3, 24, 63, 1
1434, 10, 3, 25, 0, 1
1434, 10, 3, 25, 1, 1
1434, 10, 3, 25, 2, 1
1434, 10, 3, 25, 3, 1
1434, 10, 3, 25, 22, 1
1434, 10, 3, 25, 23, 1
1434, 10, 3, 25, 24, 1
1434, 10, 3, 25, 60, 1
1434, 10, 3, 25, 61, 1
1434, 10, 3, 25, 62, 1
1434, 10, 3, 25, 63, 1
1434, 10, 3, 26, 0, 1
1434, 10, 3, 26, 1, 1
1434, 10, 3, 26, 2, 1
1434, 10, 3, 26, 3, 1
1434, 10, 3, 26, 4, 1
1434, 10, 3, 26, 23, 1
1434, 10, 3, 26, 24, 1
1434, 10, 3, 26, 62, 1
1434, 10, 3, 26, 63, 1
1434, 10, 3, 27, 0, 1
1434, 10, 3, 27, 1, 1
1434, 10, 3, 27, 2, 1
1434, 10, 3, 27, 3, 1
1434, 10, 3, 27, 4, 1
1434, 10, 3, 27, 23, 1
1434, 10, 3, 27, 24, 1
1434, 10, 3, 27, 25, 1
1434, 10, 3, 27, 37, 1
1434, 10, 3, 27, 38, 1
1434, 10, 3, 27, 62, 1
1434, 10, 3, 27, 63, 1
1434, 10, 3, 28, 0, 1
1434, 10, 3, 28, 1, 1
1434, 10, 3, 28, 2, 1
1434, 10, 3, 28, 3, 1
1434, 10, 3, 28, 4, 1
1434, 10, 3, 28, 23, 1
1434, 10, 3, 28, 24, 1
1434, 10, 3, 28, 25, 1
1434, 10, 3, 28, 37, 1
1434, 10, 3, 28, 38, 1
1434, 10, 3, 28, 62, 1
1434, 10, 3, 28, 63, 1
1434, 10, 3, 29, 0, 1
1434, 10, 3, 29, 1, 1
1434, 10, 3, 29, 2, 1
1434, 10, 3, 29, 3, 1
1434, 10, 3, 29, 4, 1
1434, 10, 3, 29, 23, 1
1434, 10, 3, 29, 24, 1
1434, 10, 3, 29, 25, 1
1434, 10, 3, 29, 26, 1
1434, 10, 3, 29, 35, 1
1434, 10, 3, 29, 36, 1
1434, 10, 3, 29, 37, 1
1434, 10, 3, 29, 38, 1
1434, 10, 3, 29, 39, 1
1434, 10, 3, 29, 40, 1
1434, 10, 3, 29, 60, 1
1434, 10, 3, 29, 61, 1
1434, 10, 3, 29, 62, 1
1434, 10, 3, 29, 63, 1
1434, 10, 3, 30, 0, 1
1434, 10, 3, 30, 1, 1
1434, 10, 3, 30, 2, 1
1434, 10, 3, 30, 3, 1
1434, 10, 3, 30, 4, 1
1434, 10, 3, 30, 23, 1
1434, 10, 3, 30, 24, 1
1434, 10, 3, 30, 25, 1
1434, 10, 3, 30, 26, 1
1434, 10, 3, 30, 35, 1
1434, 10, 3, 30, 36, 1
1434, 10, 3, 30, 37, 1
1434, 10, 3, 30, 38, 1
1434, 10, 3, 30, 39, 1
1434, 10, 3, 30, 40, 1
1434, 10, 3, 30, 60, 1
1434, 10, 3, 30, 61, 1
1434, 10, 3, 30, 62, 1
1434, 10, 3, 30, 63, 1
1434, 10, 3, 31, 0, 1
1434, 10, 3, 31, 1, 1
1434, 10, 3, 31, 2, 1
1434, 10, 3, 31, 3, 1
1434, 10, 3, 31, 4, 1
1434, 10, 3, 31, 5, 1
1434, 10, 3, 31, 22, 1
1434, 10, 3, 31, 23, 1
1434, 10, 3, 31, 24, 1
1434, 10, 3, 31, 25, 1
1434, 10, 3, 31, 26, 1
1434, 10, 3, 31, 36, 1
1434, 10, 3, 31, 37, 1
1434, 10, 3, 31, 38, 1
1434, 10, 3, 31, 59, 1
1434, 10, 3, 31, 60, 1
1434, 10, 3, 31, 61, 1
1434, 10, 3, 31, 62, 1
1434, 10, 3, 31, 63, 1
1434, 10, 3, 32, 0, 1
1434, 10, 3, 32, 1, 1
1434, 10, 3, 32, 2, 1
1434, 10, 3, 32, 3, 1
1434, 10, 3, 32, 4, 1
1434, 10, 3, 32, 5, 1
1434, 10, 3, 32, 6, 1
1434, 10, 3, 32, 18, 1
1434, 10, 3, 32, 19, 1
1434, 10, 3, 32, 20, 1
1434, 10, 3, 32, 21, 1
1434, 10, 3, 32, 22, 1
1434, 10, 3, 32, 23, 1
1434, 10, 3, 32, 24, 1
1434, 10, 3, 32, 25, 1
1434, 10, 3, 32, 26, 1
1434, 10, 3, 32, 36, 1
1434, 10, 3, 32, 37, 1
1434, 10, 3, 32, 56, 1
1434, 10, 3, 32, 57, 1
1434, 10, 3, 32, 58, 1
1434, 10, 3, 32, 59, 1
1434, 10, 3, 32, 60, 1
1434, 10, 3, 32, 61, 1
1434, 10, 3, 32, 62, 1
1434, 10, 3, 32, 63, 1
1434, 10, 3, 33, 0, 1
1434, 10, 3, 33, 1, 1
1434, 10, 3, 33, 2, 1
1434, 10, 3, 33, 3, 1
1434, 10, 3, 33, 4, 1
1434, 10, 3, 33, 5, 1
1434, 10, 3, 33, 6, 1
1434, 10, 3, 33, 18, 1
1434, 10, 3, 33, 19, 1
1434, 10, 3, 33, 20, 1
1434, 10, 3, 33, 21, 1
1434, 10, 3, 33, 22, 1
1434, 10, 3, 33, 23, 1
1434, 10, 3, 33, 24, 1
1434, 10, 3, 33, 25, 1
1434, 10, 3, 33, 36, 1
1434, 10, 3, 33, 37, 1
1434, 10, 3, 33, 56, 1
1434, 10, 3, 33, 57, 1
1434, 10, 3, 33, 58, 1
1434, 10, 3, 33, 59, 1
1434, 10, 3, 33, 60, 1
1434, 10, 3, 33, 61, 1
1434, 10, 3, 33, 62, 1
1434, 10, 3, 33, 63, 1
1434, 10, 3, 34, 0, 1
1434, 10, 3, 34, 1, 1
1434, 10, 3, 34, 2, 1
1434, 10, 3, 34, 3, 1
1434, 10, 3, 34, 4, 1
1434, 10, 3, 34, 5, 1
1434, 10, 3, 34, 6, 1
1434, 10, 3, 34, 7, 1
1434, 10, 3, 34, 8, 1
1434, 10, 3, 34, 17, 1
1434, 10, 3, 34, 18, 1
1434, 10, 3, 34, 19, 1
1434, 10, 3, 34, 20, 1
1434, 10, 3, 34, 21, 1
1434, 10, 3, 34, 22, 1
1434, 10, 3, 34, 23, 1
1434, 10, 3, 34, 24, 1
1434, 10, 3, 34, 25, 1
1434, 10, 3, 34, 36, 1
1434, 10, 3, 34, 37, 1
1434, 10, 3, 34, 56, 1
1434, 10, 3, 34, 57, 1
1434, 10, 3, 34, 58, 1
1434, 10, 3, 34, 59, 1
1434, 10, 3, 34, 60, 1
1434, 10, 3, 34, 61, 1
1434, 10, 3, 34, 62, 1
1434, 10, 3, 34, 63, 1
1434, 10, 3, 35, 0, 1
1434, 10, 3, 35, 1, 1
1434, 10, 3, 35, 2, 1
1434, 10, 3, 35, 3, 1
1434, 10, 3, 35, 4, 1
1434, 10, 3, 35, 5, 1
1434, 10, 3, 35, 6, 1
1434, 10, 3, 35, 7, 1
1434, 10, 3, 35, 8, 1
1434, 10, 3, 35, 9, 1
1434, 10, 3, 35, 20, 1
1434, 10, 3, 35, 21, 1
1434, 10, 3, 35, 22, 1
1434, 10, 3, 35, 23, 1
1434, 10, 3, 35, 24, 1
1434, 10, 3, 35, 25, 1
1434, 10, 3, 35, 35, 1
1434, 10, 3, 35, 36, 1
1434, 10, 3, 35, 37, 1
1434, 10, 3, 35, 57, 1
1434, 10, 3, 35, 58, 1
1434, 10, 3, 35, 59, 1
1434, 10, 3, 35, 60, 1
1434, 10, 3, 35, 61, 1
1434, 10, 3, 35, 62, 1
1434, 10, 3, 35, 63, 1
1434, 10, 3, 36, 0, 1
1434, 10, 3, 36, 1, 1
1434, 10, 3, 36, 2, 1
1434, 10, 3, 36, 3, 1
1434, 10, 3, 36, 4, 1
1434, 10, 3, 36, 5, 1
1434, 10, 3, 36, 6, 1
1434, 10, 3, 36, 7, 1
1434, 10, 3, 36, 8, 1
1434, 10, 3, 36, 9, 1
1434, 10, 3, 36, 10, 1
1434, 10, 3, 36, 11, 1
1434, 10, 3, 36, 20, 1
1434, 10, 3, 36, 21, 1
1434, 10, 3, 36, 22, 1
1434, 10, 3, 36, 23, 1
1434, 10, 3, 36, 24, 1
1434, 10, 3, 36, 25, 1
1434, 10, 3, 36, 26, 1
1434, 10, 3, 36, 35, 1
1434, 10, 3, 36, 36, 1
1434, 10, 3, 36, 37, 1
1434, 10, 3, 36, 38, 1
1434, 10, 3, 36, 57, 1
1434, 10, 3, 36, 58, 1
1434, 10, 3, 36, 59, 1
1434, 10, 3, 36, 60, 1
1434, 10, 3, 36, 61, 1
1434, 10, 3, 36, 62, 1
1434, 10, 3, 36, 63, 1
1434, 10, 3, 37, 0, 1
1434, 10, 3, 37, 1, 1
1434, 10, 3, 37, 2, 1
1434, 10, 3, 37, 3, 1
1434, 10, 3, 37, 4, 1
1434, 10, 3, 37, 5, 1
1434, 10, 3, 37, 6, 1
1434, 10, 3, 37, 7, 1
1434, 10, 3, 37, 8, 1
1434, 10, 3, 37, 9, 1
1434, 10, 3, 37, 20, 1
1434, 10, 3, 37, 21, 1
1434, 10, 3, 37, 22, 1
1434, 10, 3, 37, 23, 1
1434, 10, 3, 37, 24, 1
1434, 10, 3, 37, 25, 1
1434, 10, 3, 37, 26, 1
1434, 10, 3, 37, 36, 1
1434, 10, 3, 37, 37, 1
1434, 10, 3, 37, 38, 1
1434, 10, 3, 37, 57, 1
1434, 10, 3, 37, 58, 1
1434, 10, 3, 37, 59, 1
1434, 10, 3, 37, 60, 1
1434, 10, 3, 37, 61, 1
1434, 10, 3, 37, 62, 1
1434, 10, 3, 37, 63, 1
1434, 10, 3, 38, 0, 1
1434, 10, 3, 38, 1, 1
1434, 10, 3, 38, 2, 1
1434, 10, 3, 38, 3, 1
1434, 10, 3, 38, 4, 1
1434, 10, 3, 38, 5, 1
1434, 10, 3, 38, 9, 1
1434, 10, 3, 38, 21, 1
1434, 10, 3, 38, 22, 1
1434, 10, 3, 38, 23, 1
1434, 10, 3, 38, 24, 1
1434, 10, 3, 38, 25, 1
1434, 10, 3, 38, 26, 1
1434, 10, 3, 38, 27, 1
1434, 10, 3, 38, 28, 1
1434, 10, 3, 38, 36, 1
1434, 10, 3, 38, 37, 1
1434, 10, 3, 38, 38, 1
1434, 10, 3, 38, 57, 1
1434, 10, 3, 38, 58, 1
1434, 10, 3, 38, 59, 1
1434, 10, 3, 38, 60, 1
1434, 10, 3, 38, 61, 1
1434, 10, 3, 38, 62, 1
1434, 10, 3, 38, 63, 1
1434, 10, 3, 39, 0, 1
1434, 10, 3, 39, 1, 1
1434, 10, 3, 39, 2, 1
1434, 10, 3, 39, 3, 1
1434, 10, 3, 39, 4, 1
1434, 10, 3, 39, 5, 1
1434, 10, 3, 39, 22, 1
1434, 10, 3, 39, 23, 1
1434, 10, 3, 39, 24, 1
1434, 10, 3, 39, 25, 1
1434, 10, 3, 39, 26, 1
1434, 10, 3, 39, 27, 1
1434, 10, 3, 39, 28, 1
1434, 10, 3, 39, 29, 1
1434, 10, 3, 39, 30, 1
1434, 10, 3, 39, 35, 1
1434, 10, 3, 39, 36, 1
1434, 10, 3, 39, 37, 1
1434, 10, 3, 39, 38, 1
1434, 10, 3, 39, 57, 1
1434, 10, 3, 39, 58, 1
1434, 10, 3, 39, 59, 1
1434, 10, 3, 39, 60, 1
1434, 10, 3, 39, 61, 1
1434, 10, 3, 39, 62, 1
1434, 10, 3, 39, 63, 1
1434, 10, 3, 40, 0, 1
1434, 10, 3, 40, 1, 1
1434, 10, 3, 40, 2, 1
1434, 10, 3, 40, 3, 1
1434, 10, 3, 40, 22, 1
1434, 10, 3, 40, 27, 1
1434, 10, 3, 40, 28, 1
1434, 10, 3, 40, 29, 1
1434, 10, 3, 40, 30, 1
1434, 10, 3, 40, 31, 1
1434, 10, 3, 40, 32, 1
1434, 10, 3, 40, 33, 1
1434, 10, 3, 40, 34, 1
1434, 10, 3, 40, 35, 1
1434, 10, 3, 40, 36, 1
1434, 10, 3, 40, 37, 1
1434, 10, 3, 40, 50, 1
1434, 10, 3, 40, 51, 1
1434, 10, 3, 40, 55, 1
1434, 10, 3, 40, 56, 1
1434, 10, 3, 40, 57, 1
1434, 10, 3, 40, 58, 1
1434, 10, 3, 40, 59, 1
1434, 10, 3, 40, 60, 1
1434, 10, 3, 40, 61, 1
1434, 10, 3, 40, 62, 1
1434, 10, 3, 40, 63, 1
1434, 10, 3, 41, 0, 1
1434, 10, 3, 41, 1, 1
1434, 10, 3, 41, 2, 1
1434, 10, 3, 41, 29, 1
1434, 10, 3, 41, 30, 1
1434, 10, 3, 41, 31, 1
1434, 10, 3, 41, 32, 1
1434, 10, 3, 41, 33, 1
1434, 10, 3, 41, 34, 1
1434, 10, 3, 41, 35, 1
1434, 10, 3, 41, 36, 1
1434, 10, 3, 41, 50, 1
1434, 10, 3, 41, 51, 1
1434, 10, 3, 41, 52, 1
1434, 10, 3, 41, 53, 1
1434, 10, 3, 41, 54, 1
1434, 10, 3, 41, 55, 1
1434, 10, 3, 41, 56, 1
1434, 10, 3, 41, 57, 1
1434, 10, 3, 41, 58, 1
1434, 10, 3, 41, 59, 1
1434, 10, 3, 41, 60, 1
1434, 10, 3, 41, 61, 1
1434, 10, 3, 41, 62, 1
1434, 10, 3, 41, 63, 1
1434, 10, 3, 42, 0, 1
1434, 10, 3, 42, 1, 1
1434, 10, 3, 42, 2, 1
1434, 10, 3, 42, 29, 1
1434, 10, 3, 42, 30, 1
1434, 10, 3, 42, 31, 1
1434, 10, 3, 42, 32, 1
1434, 10, 3, 42, 33, 1
1434, 10, 3, 42, 34, 1
1434, 10, 3, 42, 35, 1
1434, 10, 3, 42, 36, 1
1434, 10, 3, 42, 48, 1
1434, 10, 3, 42, 49, 1
1434, 10, 3, 42, 50, 1
1434, 10, 3, 42, 51, 1
1434, 10, 3, 42, 52, 1
1434, 10, 3, 42, 53, 1
1434, 10, 3, 42, 54, 1
1434, 10, 3, 42, 55, 1
1434, 10, 3, 42, 56, 1
1434, 10, 3, 42, 57, 1
1434, 10, 3, 42, 58, 1
1434, 10, 3, 42, 59, 1
1434, 10, 3, 42, 60, 1
1434, 10, 3, 42, 61, 1
1434, 10, 3, 42, 62, 1
1434, 10, 3, 42, 63, 1
1434, 10, 3, 43, 0, 1
1434, 10, 3, 43, 1, 1
1434, 10, 3, 43, 2, 1
1434, 10, 3, 43, 29, 1
1434, 10, 3, 43, 30, 1
1434, 10, 3, 43, 31, 1
1434, 10, 3, 43, 32, 1
1434, 10, 3, 43, 33, 1
1434, 10, 3, 43, 34, 1
1434, 10, 3, 43, 35, 1
1434, 10, 3, 43, 36, 1
1434, 10, 3, 43, 47, 1
1434, 10, 3, 43, 48, 1
1434, 10, 3, 43, 49, 1
1434, 10, 3, 43, 50, 1
1434, 10, 3, 43, 51, 1
1434, 10, 3, 43, 52, 1
1434, 10, 3, 43, 53, 1
1434, 10, 3, 43, 54, 1
1434, 10, 3, 43, 55, 1
1434, 10, 3, 43, 56, 1
1434, 10, 3, 43, 57, 1
1434, 10, 3, 43, 58, 1
1434, 10, 3, 43, 59, 1
1434, 10, 3, 43, 60, 1
1434, 10, 3, 43, 61, 1
1434, 10, 3, 43, 62, 1
1434, 10, 3, 43, 63, 1
1434, 10, 3, 44, 0, 1
1434, 10, 3, 44, 1, 1
1434, 10, 3, 44, 2, 1
1434, 10, 3, 44, 28, 1
1434, 10, 3, 44, 29, 1
1434, 10, 3, 44, 30, 1
1434, 10, 3, 44, 31, 1
1434, 10, 3, 44, 32, 1
1434, 10, 3, 44, 33, 1
1434, 10, 3, 44, 34, 1
1434, 10, 3, 44, 35, 1
1434, 10, 3, 44, 36, 1
1434, 10, 3, 44, 47, 1
1434, 10, 3, 44, 48, 1
1434, 10, 3, 44, 49, 1
1434, 10, 3, 44, 50, 1
1434, 10, 3, 44, 51, 1
1434, 10, 3, 44, 52, 1
1434, 10, 3, 44, 53, 1
1434, 10, 3, 44, 54, 1
1434, 10, 3, 44, 55, 1
1434, 10, 3, 44, 56, 1
1434, 10, 3, 44, 57, 1
1434, 10, 3, 44, 58, 1
1434, 10, 3, 44, 59, 1
1434, 10, 3, 44, 60, 1
1434, 10, 3, 44, 61, 1
1434, 10, 3, 44, 62, 1
1434, 10, 3, 44, 63, 1
1434, 10, 3, 45, 0, 1
1434, 10, 3, 45, 1, 1
1434, 10, 3, 45, 2, 1
1434, 10, 3, 45, 3, 1
1434, 10, 3, 45, 4, 1
1434, 10, 3, 45, 28, 1
1434, 10, 3, 45, 29, 1
1434, 10, 3, 45, 30, 1
1434, 10, 3, 45, 31, 1
1434, 10, 3, 45, 32, 1
1434, 10, 3, 45, 33, 1
1434, 10, 3, 45, 34, 1
1434, 10, 3, 45, 35, 1
1434, 10, 3, 45, 36, 1
1434, 10, 3, 45, 45, 1
1434, 10, 3, 45, 46, 1
1434, 10, 3, 45, 47, 1
1434, 10, 3, 45, 48, 1
1434, 10, 3, 45, 49, 1
1434, 10, 3, 45, 50, 1
1434, 10, 3, 45, 51, 1
1434, 10, 3, 45, 52, 1
1434, 10, 3, 45, 53, 1
1434, 10, 3, 45, 54, 1
1434, 10, 3, 45, 55, 1
1434, 10, 3, 45, 56, 1
1434, 10, 3, 45, 57, 1
1434, 10, 3, 45, 58, 1
1434, 10, 3, 45, 59, 1
1434, 10, 3, 45, 60, 1
1434, 10, 3, 45, 61, 1
1434, 10, 3, 45, 62, 1
1434, 10, 3, 45, 63, 1
1434, 10, 3, 46, 0, 1
1434, 10, 3, 46, 1, 1
1434, 10, 3, 46, 2, 1
1434, 10, 3, 46, 3, 1
1434, 10, 3, 46, 4, 1
1434, 10, 3, 46, 27, 1
1434, 10, 3, 46, 28, 1
1434, 10, 3, 46, 29, 1
1434, 10, 3, 46, 30, 1
1434, 10, 3, 46, 31, 1
1434, 10, 3, 46, 32, 1
1434, 10, 3, 46, 33, 1
1434, 10, 3, 46, 34, 1
1434, 10, 3, 46, 35, 1
1434, 10, 3, 46, 36, 1
1434, 10, 3, 46, 37, 1
1434, 10, 3, 46, 43, 1
1434, 10, 3, 46, 44, 1
1434, 10, 3, 46, 45, 1
1434, 10, 3, 46, 46, 1
1434, 10, 3, 46, 47, 1
1434, 10, 3, 46, 48, 1
1434, 10, 3, 46, 49, 1
1434, 10, 3, 46, 50, 1
1434, 10, 3, 46, 51, 1
1434, 10, 3, 46, 52, 1
1434, 10, 3, 46, 53, 1
1434, 10, 3, 46, 54, 1
1434, 10, 3, 46, 55, 1
1434, 10, 3, 46, 56, 1
1434, 10, 3, 46, 57, 1
1434, 10, 3, 46, 58, 1
1434, 10, 3, 46, 59, 1
1434, 10, 3, 46, 60, 1
1434, 10, 3, 46, 61, 1
1434, 10, 3, 46, 62, 1
1434, 10, 3, 46, 63, 1
1434, 10, 3, 47, 0, 1
1434, 10, 3, 47, 1, 1
1434, 10, 3, 47, 2, 1
1434, 10, 3, 47, 27, 1
1434, 10, 3, 47, 28, 1
1434, 10, 3, 47, 29, 1
1434, 10, 3, 47, 30, 1
1434, 10, 3, 47, 31, 1
1434, 10, 3, 47, 32, 1
1434, 10, 3, 47, 33, 1
1434, 10, 3, 47, 34, 1
1434, 10, 3, 47, 35, 1
1434, 10, 3, 47, 36, 1
1434, 10, 3, 47, 37, 1
1434, 10, 3, 47, 43, 1
1434, 10, 3, 47, 44, 1
1434, 10, 3, 47, 45, 1
1434, 10, 3, 47, 46, 1
1434, 10, 3, 47, 47, 1
1434, 10, 3, 47, 48, 1
1434, 10, 3, 47, 49, 1
1434, 10, 3, 47, 50, 1
1434, 10, 3, 47, 51, 1
1434, 10, 3, 47, 52, 1
1434, 10, 3, 47, 53, 1
1434, 10, 3, 47, 54, 1
1434, 10, 3, 47, 55, 1
1434, 10, 3, 47, 56, 1
1434, 10, 3, 47, 57, 1
1434, 10, 3, 47, 58, 1
1434, 10, 3, 47, 59, 1
1434, 10, 3, 47, 60, 1
1434, 10, 3, 47, 61, 1
1434, 10, 3, 47, 62, 1
1434, 10, 3, 48, 0, 1
1434, 10, 3, 48, 1, 1
1434, 10, 3, 48, 27, 1
1434, 10, 3, 48, 28, 1
1434, 10, 3, 48, 29, 1
1434, 10, 3, 48, 30, 1
1434, 10, 3, 48, 31, 1
1434, 10, 3, 48, 32, 1
1434, 10, 3, 48, 36, 1
1434, 10, 3, 48, 37, 1
1434, 10, 3, 48, 38, 1
1434, 10, 3, 48, 39, 1
1434, 10, 3, 48, 40, 1
1434, 10, 3, 48, 41, 1
1434, 10, 3, 48, 42, 1
1434, 10, 3, 48, 43, 1
1434, 10, 3, 48, 44, 1
1434, 10, 3, 48, 45, 1
1434, 10, 3, 48, 46, 1
1434, 10, 3, 48, 47, 1
1434, 10, 3, 48, 48, 1
1434, 10, 3, 48, 49, 1
1434, 10, 3, 48, 50, 1
1434, 10, 3, 48, 51, 1
1434, 10, 3, 48, 52, 1
1434, 10, 3, 48, 53, 1
1434, 10, 3, 48, 54, 1
1434, 10, 3, 48, 55, 1
1434, 10, 3, 48, 56, 1
1434, 10, 3, 48, 57, 1
1434, 10, 3, 48, 58, 1
1434, 10, 3, 48, 59, 1
1434, 10, 3, 48, 60, 1
1434, 10, 3, 48, 61, 1
1434, 10, 3, 49, 0, 1
1434, 10, 3, 49, 1, 1
1434, 10, 3, 49, 30, 1
1434, 10, 3, 49, 31, 1
1434, 10, 3, 49, 38, 1
1434, 10, 3, 49, 39, 1
1434, 10, 3, 49, 40, 1
1434, 10, 3, 49, 41, 1
1434, 10, 3, 49, 42, 1
1434, 10, 3, 49, 43, 1
1434, 10, 3, 49, 44, 1
1434, 10, 3, 49, 45, 1
1434, 10, 3, 49, 46, 1
1434, 10, 3, 49, 47, 1
1434, 10, 3, 49, 48, 1
1434, 10, 3, 49, 49, 1
1434, 10, 3, 49, 50, 1
1434, 10, 3, 49, 51, 1
1434, 10, 3, 49, 52, 1
1434, 10, 3, 49, 53, 1
1434, 10, 3, 49, 54, 1
1434, 10, 3, 49, 55, 1
1434, 10, 3, 49, 56, 1
1434, 10, 3, 49, 57, 1
1434, 10, 3, 49, 58, 1
1434, 10, 3, 49, 59, 1
1434, 10, 3, 50, 0, 1
1434, 10, 3, 50, 39, 1
1434, 10, 3, 50, 40, 1
1434, 10, 3, 50, 41, 1
1434, 10, 3, 50, 42, 1
1434, 10, 3, 50, 43, 1
1434, 10, 3, 50, 44, 1
1434, 10, 3, 50, 45, 1
1434, 10, 3, 50, 46, 1
1434, 10, 3, 50, 47, 1
1434, 10, 3, 50, 48, 1
1434, 10, 3, 50, 49, 1
1434, 10, 3, 50, 50, 1
1434, 10, 3, 50, 51, 1
1434, 10, 3, 50, 52, 1
1434, 10, 3, 50, 53, 1
1434, 10, 3, 50, 54, 1
1434, 10, 3, 50, 55, 1
1434, 10, 3, 50, 56, 1
1434, 10, 3, 50, 57, 1
1434, 10, 3, 50, 58, 1
1434, 10, 3, 51, 0, 1
1434, 10, 3, 51, 40, 1
1434, 10, 3, 51, 41, 1
1434, 10, 3, 51, 42, 1
1434, 10, 3, 51, 43, 1
1434, 10, 3, 51, 44, 1
1434, 10, 3, 51, 45, 1
1434, 10, 3, 51, 46, 1
1434, 10, 3, 51, 47, 1
1434, 10, 3, 51, 48, 1
1434, 10, 3, 51, 49, 1
1434, 10, 3, 51, 50, 1
1434, 10, 3, 51, 51, 1
1434, 10, 3, 51, 52, 1
1434, 10, 3, 51, 53, 1
1434, 10, 3, 51, 54, 1
1434, 10, 3, 51, 55, 1
1434, 10, 3, 52, 0, 1
1434, 10, 3, 52, 8, 1
1434, 10, 3, 52, 9, 1
1434, 10, 3, 52, 40, 1
1434, 10, 3, 52, 41, 1
1434, 10, 3, 52, 42, 1
1434, 10, 3, 52, 43, 1
1434, 10, 3, 52, 44, 1
1434, 10, 3, 52, 45, 1
1434, 10, 3, 52, 46, 1
1434, 10, 3, 52, 47, 1
1434, 10, 3, 52, 48, 1
1434, 10, 3, 52, 49, 1
1434, 10, 3, 52, 50, 1
1434, 10, 3, 52, 51, 1
1434, 10, 3, 52, 52, 1
1434, 10, 3, 52, 53, 1
1434, 10, 3, 53, 0, 1
1434, 10, 3, 53, 1, 1
1434, 10, 3, 53, 2, 1
1434, 10, 3, 53, 3, 1
1434, 10, 3, 53, 8, 1
1434, 10, 3, 53, 9, 1
1434, 10, 3, 53, 10, 1
1434, 10, 3, 53, 40, 1
1434, 10, 3, 53, 41, 1
1434, 10, 3, 53, 42, 1
1434, 10, 3, 53, 43, 1
1434, 10, 3, 53, 44, 1
1434, 10, 3, 53, 45, 1
1434, 10, 3, 53, 46, 1
1434, 10, 3, 53, 47, 1
1434, 10, 3, 53, 48, 1
1434, 10, 3, 53, 49, 1
1434, 10, 3, 53, 50, 1
1434, 10, 3, 53, 51, 1
1434, 10, 3, 53, 52, 1
1434, 10, 3, 54, 0, 1
1434, 10, 3, 54, 1, 1
1434, 10, 3, 54, 2, 1
1434, 10, 3, 54, 3, 1
1434, 10, 3, 54, 4, 1
1434, 10, 3, 54, 5, 1
1434, 10, 3, 54, 6, 1
1434, 10, 3, 54, 7, 1
1434, 10, 3, 54, 8, 1
1434, 10, 3, 54, 9, 1
1434, 10, 3, 54, 10, 1
1434, 10, 3, 54, 39, 1
1434, 10, 3, 54, 40, 1
1434, 10, 3, 54, 41, 1
1434, 10, 3, 54, 42, 1
1434, 10, 3, 54, 43, 1
1434, 10, 3, 54, 44, 1
1434, 10, 3, 54, 45, 1
1434, 10, 3, 54, 46, 1
1434, 10, 3, 54, 47, 1
1434, 10, 3, 54, 48, 1
1434, 10, 3, 54, 49, 1
1434, 10, 3, 54, 50, 1
1434, 10, 3, 54, 51, 1
1434, 10, 3, 55, 0, 1
1434, 10, 3, 55, 1, 1
1434, 10, 3, 55, 2, 1
1434, 10, 3, 55, 3, 1
1434, 10, 3, 55, 4, 1
1434, 10, 3, 55, 5, 1
1434, 10, 3, 55, 6, 1
1434, 10, 3, 55, 7, 1
1434, 10, 3, 55, 8, 1
1434, 10, 3, 55, 9, 1
1434, 10, 3, 55, 39, 1
1434, 10, 3, 55, 40, 1
1434, 10, 3, 55, 41, 1
1434, 10, 3, 55, 42, 1
1434, 10, 3, 55, 43, 1
1434, 10, 3, 55, 44, 1
1434, 10, 3, 55, 45, 1
1434, 10, 3, 55, 46, 1
1434, 10, 3, 55, 47, 1
1434, 10, 3, 55, 48, 1
1434, 10, 3, 55, 49, 1
1434, 10, 3, 56, 0, 1
1434, 10, 3, 56, 1, 1
1434, 10, 3, 56, 2, 1
1434, 10, 3, 56, 3, 1
1434, 10, 3, 56, 4, 1
1434, 10, 3, 56, 5, 1
1434, 10, 3, 56, 6, 1
1434, 10, 3, 56, 7, 1
1434, 10, 3, 56, 8, 1
1434, 10, 3, 56, 27, 1
1434, 10, 3, 56, 38, 1
1434, 10, 3, 56, 39, 1
1434, 10, 3, 56, 40, 1
1434, 10, 3, 56, 41, 1
1434, 10, 3, 56, 42, 1
1434, 10, 3, 56, 43, 1
1434, 10, 3, 56, 44, 1
1434, 10, 3, 56, 45, 1
1434, 10, 3, 56, 46, 1
1434, 10, 3, 56, 47, 1
1434, 10, 3, 56, 48, 1
1434, 10, 3, 57, 0, 1
1434, 10, 3, 57, 1, 1
1434, 10, 3, 57, 2, 1
1434, 10, 3, 57, 3, 1
1434, 10, 3, 57, 4, 1
1434, 10, 3, 57, 5, 1
1434, 10, 3, 57, 6, 1
1434, 10, 3, 57, 7, 1
1434, 10, 3, 57, 8, 1
1434, 10, 3, 57, 25, 1
1434, 10, 3, 57, 26, 1
1434, 10, 3, 57, 27, 1
1434, 10, 3, 57, 38, 1
1434, 10, 3, 57, 39, 1
1434, 10, 3, 57, 40, 1
1434, 10, 3, 57, 41, 1
1434, 10, 3, 57, 42, 1
1434, 10, 3, 57, 43, 1
1434, 10, 3, 57, 44, 1
1434, 10, 3, 57, 45, 1
1434, 10, 3, 57, 46, 1
1434, 10, 3, 58, 0, 1
1434, 10, 3, 58, 1, 1
1434, 10, 3, 58, 2, 1
1434, 10, 3, 58, 3, 1
1434, 10, 3, 58, 4, 1
1434, 10, 3, 58, 5, 1
1434, 10, 3, 58, 6, 1
1434, 10, 3, 58, 7, 1
1434, 10, 3, 58, 8, 1
1434, 10, 3, 58, 9, 1
1434, 10, 3, 58, 25, 1
1434, 10, 3, 58, 26, 1
1434, 10, 3, 58, 27, 1
1434, 10, 3, 58, 28, 1
1434, 10, 3, 58, 29, 1
1434, 10, 3, 58, 37, 1
1434, 10, 3, 58, 38, 1
1434, 10, 3, 58, 39, 1
1434, 10, 3, 58, 40, 1
1434, 10, 3, 58, 41, 1
1434, 10, 3, 58, 42, 1
1434, 10, 3, 58, 43, 1
1434, 10, 3, 58, 44, 1
1434, 10, 3, 58, 45, 1
1434, 10, 3, 59, 0, 1
1434, 10, 3, 59, 1, 1
1434, 10, 3, 59, 2, 1
1434, 10, 3, 59, 3, 1
1434, 10, 3, 59, 4, 1
1434, 10, 3, 59, 5, 1
1434, 10, 3, 59, 6, 1
1434, 10, 3, 59, 7, 1
1434, 10, 3, 59, 8, 1
1434, 10, 3, 59, 9, 1
1434, 10, 3, 59, 10, 1
1434, 10, 3, 59, 25, 1
1434, 10, 3, 59, 26, 1
1434, 10, 3, 59, 27, 1
1434, 10, 3, 59, 28, 1
1434, 10, 3, 59, 29, 1
1434, 10, 3, 59, 30, 1
1434, 10, 3, 59, 34, 1
1434, 10, 3, 59, 35, 1
1434, 10, 3, 59, 36, 1
1434, 10, 3, 59, 37, 1
1434, 10, 3, 59, 38, 1
1434, 10, 3, 59, 39, 1
1434, 10, 3, 59, 40, 1
1434, 10, 3, 59, 41, 1
1434, 10, 3, 59, 42, 1
1434, 10, 3, 59, 43, 1
1434, 10, 3, 59, 44, 1
1434, 10, 3, 60, 0, 1
1434, 10, 3, 60, 1, 1
1434, 10, 3, 60, 2, 1
1434, 10, 3, 60, 3, 1
1434, 10, 3, 60, 4, 1
1434, 10, 3, 60, 5, 1
1434, 10, 3, 60, 6, 1
1434, 10, 3, 60, 7, 1
1434, 10, 3, 60, 8, 1
1434, 10, 3, 60, 9, 1
1434, 10, 3, 60, 10, 1
1434, 10, 3, 60, 24, 1
1434, 10, 3, 60, 25, 1
1434, 10, 3, 60, 26, 1
1434, 10, 3, 60, 27, 1
1434, 10, 3, 60, 28, 1
1434, 10, 3, 60, 29, 1
1434, 10, 3, 60, 30, 1
1434, 10, 3, 60, 31, 1
1434, 10, 3, 60, 32, 1
1434, 10, 3, 60, 33, 1
1434, 10, 3, 60, 34, 1
1434, 10, 3, 60, 35, 1
1434, 10, 3, 60, 36, 1
1434, 10, 3, 60, 37, 1
1434, 10, 3, 60, 38, 1
1434, 10, 3, 60, 39, 1
1434, 10, 3, 60, 40, 1
1434, 10, 3, 60, 41, 1
1434, 10, 3, 60, 42, 1
1434, 10, 3, 60, 43, 1
1434, 10, 3, 60, 44, 1
1434, 10, 3, 61, 0, 1
1434, 10, 3, 61, 1, 1
1434, 10, 3, 61, 2, 1
1434, 10, 3, 61, 3, 1
1434, 10, 3, 61, 4, 1
1434, 10, 3, 61, 5, 1
1434, 10, 3, 61, 6, 1
1434, 10, 3, 61, 7, 1
1434, 10, 3, 61, 8, 1
1434, 10, 3, 61, 9, 1
1434, 10, 3, 61, 10, 1
1434, 10, 3, 61, 18, 1
1434, 10, 3, 61, 22, 1
1434, 10, 3, 61, 23, 1
1434, 10, 3, 61, 24, 1
1434, 10, 3, 61, 25, 1
1434, 10, 3, 61, 26, 1
1434, 10, 3, 61, 27, 1
1434, 10, 3, 61, 28, 1
1434, 10, 3, 61, 29, 1
1434, 10, 3, 61, 30, 1
1434, 10, 3, 61, 31, 1
1434, 10, 3, 61, 32, 1
1434, 10, 3, 61, 33, 1
1434, 10, 3, 61, 34, 1
1434, 10, 3, 61, 35, 1
1434, 10, 3, 61, 36, 1
1434, 10, 3, 61, 37, 1
1434, 10, 3, 61, 38, 1
1434, 10, 3, 61, 39, 1
1434, 10, 3, 61, 40, 1
1434, 10, 3, 61, 41, 1
1434, 10, 3, 61, 42, 1
1434, 10, 3, 61, 43, 1
1434, 10, 3, 62, 0, 1
1434, 10, 3, 62, 1, 1
1434, 10, 3, 62, 2, 1
1434, 10, 3, 62, 3, 1
1434, 10, 3, 62, 4, 1
1434, 10, 3, 62, 5, 1
1434, 10, 3, 62, 6, 1
1434, 10, 3, 62, 7, 1
1434, 10, 3, 62, 8, 1
1434, 10, 3, 62, 9, 1
1434, 10, 3, 62, 10, 1
1434, 10, 3, 62, 11, 1
1434, 10, 3, 62, 12, 1
1434, 10, 3, 62, 13, 1
1434, 10, 3, 62, 18, 1
1434, 10, 3, 62, 22, 1
1434, 10, 3, 62, 23, 1
1434, 10, 3, 62, 24, 1
1434, 10, 3, 62, 25, 1
1434, 10, 3, 62, 26, 1
1434, 10, 3, 62, 27, 1
1434, 10, 3, 62, 28, 1
1434, 10, 3, 62, 29, 1
1434, 10, 3, 62, 30, 1
1434, 10, 3, 62, 31, 1
1434, 10, 3, 62, 32, 1
1434, 10, 3, 62, 33, 1
1434, 10, 3, 62, 34, 1
1434, 10, 3, 62, 35, 1
1434, 10, 3, 62, 36, 1
1434, 10, 3, 62, 37, 1
1434, 10, 3, 62, 38, 1
1434, 10, 3, 62, 39, 1
1434, 10, 3, 62, 40, 1
1434, 10, 3, 62, 41, 1
1434, 10, 3, 62, 42, 1
1434, 10, 3, 63, 0, 1
1434, 10, 3, 63, 1, 1
1434, 10, 3, 63, 2, 1
1434, 10, 3, 63, 3, 1
1434, 10, 3, 63, 4, 1
1434, 10, 3, 63, 5, 1
1434, 10, 3, 63, 6, 1
1434, 10, 3, 63, 7, 1
1434, 10, 3, 63, 8, 1
1434, 10, 3, 63, 9, 1
1434, 10, 3, 63, 10, 1
1434, 10, 3, 63, 11, 1
1434, 10, 3, 63, 12, 1
1434, 10, 3, 63, 13, 1
1434, 10, 3, 63, 17, 1
1434, 10, 3, 63, 18, 1
1434, 10, 0, 63, 19, 1
1434, 10, 3, 63, 20, 1
1434, 10, 3, 63, 21, 1
1434, 10, 3, 63, 22, 1
1434, 10, 3, 63, 23, 1
1434, 10, 3, 63, 24, 1
1434, 10, 3, 63, 25, 1
1434, 10, 3, 63, 26, 1
1434, 10, 3, 63, 27, 1
1434, 10, 3, 63, 28, 1
1434, 10, 3, 63, 29, 1
1434, 10, 3, 63, 30, 1
1434, 10, 3, 63, 31, 1
1434, 10, 3, 63, 32, 1
1434, 10, 3, 63, 33, 1
1434, 10, 3, 63, 34, 1
1434, 10, 3, 63, 35, 1
1434, 10, 3, 63, 36, 1
1434, 10, 3, 63, 37, 1
1434, 10, 3, 63, 38, 1
1434, 10, 3, 63, 39, 1
1434, 10, 3, 63, 40, 1
1434, 10, 3, 63, 41, 1
1434, 10, 3, 63, 42, 1
2630, 10, 3, 62, 61, 0
2630, 10, 0, 62, 62, 0
3609, 10, 1, 5, 46, 0
3609, 10, 2, 7, 56, 0
3609, 10, 3, 42, 25, 0
3609, 10, 1, 45, 39, 0
3609, 10, 0, 50, 3, 0
3609, 10, 1, 60, 60, 0
5073, 22, 3, 3, 32, 0
5073, 22, 2, 5, 34, 0
5073, 22, 3, 8, 37, 0
5073, 22, 0, 17, 15, 0
5073, 22, 2, 20, 15, 0
5073, 22, 3, 20, 18, 0
5073, 22, 3, 23, 35, 0
5073, 22, 2, 24, 14, 0
5073, 22, 3, 25, 33, 0
5073, 22, 2, 26, 32, 0
5073, 22, 1, 27, 30, 0
5073, 22, 1, 29, 33, 0
5073, 22, 3, 29, 48, 0
5073, 22, 1, 30, 42, 0
5073, 22, 3, 31, 45, 0
5073, 22, 3, 32, 8, 0
5073, 22, 3, 33, 11, 0
5073, 22, 3, 34, 15, 0
5073, 22, 1, 36, 13, 0
5073, 22, 3, 20, 20, 2
5073, 22, 2, 23, 23, 2
5073, 22, 2, 24, 23, 2
5073, 22, 2, 25, 23, 2
5073, 22, 0, 27, 24, 2
5073, 22, 2, 29, 23, 2
5073, 22, 1, 29, 35, 2
5073, 22, 1, 29, 36, 2
5073, 22, 0, 29, 38, 2
5073, 22, 1, 30, 39, 2
5073, 22, 1, 30, 40, 2
5073, 22, 3, 34, 16, 2
5073, 22, 3, 34, 17, 2
5074, 22, 0, 8, 34, 0
5074, 22, 2, 20, 17, 0
5074, 22, 0, 21, 17, 0
5074, 22, 2, 23, 14, 0
5074, 22, 3, 25, 34, 0
5074, 22, 2, 29, 47, 0
5074, 22, 1, 26, 23, 2
5074, 22, 3, 26, 24, 2
5074, 22, 2, 28, 23, 2
5074, 22, 0, 28, 24, 2
5074, 22, 3, 29, 37, 2
5074, 22, 1, 30, 37, 2
5074, 22, 2, 32, 19, 2
5074, 22, 3, 34, 22, 2
5075, 22, 3, 8, 38, 0
5075, 22, 1, 21, 15, 0
5075, 22, 3, 21, 16, 0
5075, 22, 2, 25, 32, 0
5075, 22, 1, 29, 32, 0
5075, 22, 3, 29, 49, 0
5075, 22, 1, 33, 12, 0
5075, 22, 1, 30, 38, 2
5075, 22, 3, 32, 20, 2
5076, 22, 1, 3, 33, 0
5076, 22, 0, 7, 34, 0
5076, 22, 3, 8, 36, 0
5076, 22, 3, 10, 39, 0
5076, 22, 0, 16, 15, 0
5076, 22, 3, 18, 13, 0
5076, 22, 1, 18, 14, 0
5076, 22, 2, 18, 15, 0
5076, 22, 3, 21, 14, 0
5076, 22, 2, 22, 16, 0
5076, 22, 2, 22, 34, 0
5076, 22, 3, 23, 34, 0
5076, 22, 0, 24, 32, 0
5076, 22, 3, 27, 29, 0
5076, 22, 1, 27, 31, 0
5076, 22, 2, 27, 32, 0
5076, 22, 3, 27, 35, 0
5076, 22, 1, 29, 50, 0
5076, 22, 0, 30, 30, 0
5076, 22, 1, 30, 43, 0
5076, 22, 2, 30, 47, 0
5076, 22, 1, 31, 11, 0
5076, 22, 3, 31, 44, 0
5076, 22, 1, 32, 9, 0
5076, 22, 3, 33, 10, 0
5076, 22, 1, 33, 13, 0
5076, 22, 3, 34, 14, 0
5076, 22, 1, 20, 21, 2
5076, 22, 1, 27, 37, 2
5076, 22, 2, 30, 23, 2
5076, 22, 2, 33, 19, 2
5076, 22, 3, 34, 21, 2
5077, 22, 0, 4, 34, 0
5077, 22, 2, 6, 34, 0
5077, 22, 3, 8, 33, 0
5077, 22, 2, 9, 38, 0
5077, 22, 2, 13, 13, 0
5077, 22, 3, 15, 16, 0
5077, 22, 0, 19, 15, 0
5077, 22, 2, 20, 13, 0
5077, 22, 1, 23, 15, 0
5077, 22, 2, 25, 14, 0
5077, 22, 2, 26, 28, 0
5077, 22, 2, 26, 34, 0
5077, 22, 0, 28, 32, 0
5077, 22, 3, 29, 31, 0
5077, 22, 2, 30, 49, 0
5077, 22, 3, 31, 12, 0
5077, 22, 1, 31, 13, 0
5077, 22, 1, 31, 46, 0
5077, 22, 0, 32, 12, 0
5077, 22, 1, 36, 14, 0
5077, 22, 0, 22, 23, 2
5077, 22, 0, 28, 38, 2
5077, 22, 1, 32, 21, 2
5077, 22, 2, 33, 20, 2
5077, 22, 1, 34, 18, 2
5077, 22, 2, 35, 22, 2
5078, 22, 3, 7, 35, 0
5078, 22, 3, 14, 14, 0
5078, 22, 3, 15, 15, 0
5078, 22, 3, 23, 32, 0
5078, 22, 2, 23, 33, 0
5078, 22, 0, 35, 15, 0
5078, 22, 1, 21, 22, 2
5078, 22, 2, 31, 22, 2
5079, 22, 1, 3, 34, 0
5079, 22, 0, 8, 32, 0
5079, 22, 3, 10, 38, 0
5079, 22, 3, 15, 14, 0
5079, 22, 3, 18, 12, 0
5079, 22, 3, 21, 13, 0
5079, 22, 3, 23, 31, 0
5079, 22, 0, 23, 58, 0
5079, 22, 3, 26, 14, 0
5079, 22, 3, 27, 28, 0
5079, 22, 3, 27, 34, 0
5079, 22, 3, 30, 50, 0
5079, 22, 3, 31, 43, 0
5079, 22, 2, 31, 47, 0
5079, 22, 3, 31, 49, 0
5079, 22, 1, 32, 10, 0
5079, 22, 3, 33, 9, 0
5079, 22, 1, 33, 14, 0
5079, 22, 3, 34, 13, 0
5079, 22, 0, 35, 14, 0
5079, 22, 2, 36, 15, 0
5079, 22, 1, 21, 23, 2
5079, 22, 2, 31, 23, 2
5079, 22, 2, 32, 22, 2
5079, 22, 2, 34, 19, 2
5079, 22, 3, 34, 20, 2
5079, 22, 3, 36, 22, 2
5080, 22, 3, 8, 39, 0
5080, 22, 3, 10, 40, 0
5080, 22, 2, 12, 13, 0
5080, 22, 3, 15, 17, 0
5080, 22, 2, 19, 13, 0
5080, 22, 2, 21, 34, 0
5080, 22, 3, 23, 36, 0
5080, 22, 2, 25, 28, 0
5080, 22, 1, 31, 10, 0
5080, 22, 0, 31, 30, 0
5081, 22, 0, 9, 32, 0
5081, 22, 0, 14, 13, 0
5081, 22, 1, 17, 12, 0
5081, 22, 1, 22, 31, 0
5081, 22, 3, 23, 16, 0
5081, 22, 3, 26, 15, 0
5081, 22, 1, 29, 30, 0
5081, 22, 2, 30, 14, 0
5081, 22, 3, 30, 51, 0
5081, 22, 3, 31, 14, 0
5081, 22, 3, 31, 50, 0
5081, 22, 3, 36, 23, 2
5085, 7, 2, 2, 9, 0
5085, 7, 1, 5, 18, 0
5085, 7, 1, 5, 31, 0
5085, 4, 0, 5, 40, 0
5085, 4, 3, 11, 27, 0
5085, 4, 1, 12, 22, 0
5085, 4, 1, 12, 54, 0
5085, 7, 2, 19, 1, 0
5085, 4, 0, 20, 28, 0
5085, 7, 2, 23, 57, 0
5085, 4, 2, 25, 38, 0
5085, 7, 3, 31, 17, 0
5085, 4, 1, 32, 54, 0
5085, 4, 1, 33, 34, 0
5085, 7, 0, 35, 27, 0
5085, 4, 1, 37, 18, 0
5085, 7, 2, 39, 8, 0
5085, 4, 3, 39, 40, 0
5085, 4, 2, 40, 48, 0
5085, 7, 3, 45, 26, 0
5085, 7, 1, 49, 33, 0
5085, 4, 2, 50, 8, 0
5085, 7, 0, 55, 28, 0
5085, 4, 1, 56, 36, 0
5085, 7, 3, 60, 17, 0
5086, 7, 3, 3, 15, 0
5086, 4, 3, 3, 32, 0
5086, 7, 2, 3, 45, 0
5086, 4, 0, 10, 47, 0
5086, 7, 3, 11, 55, 0
5086, 4, 3, 14, 9, 0
5086, 7, 3, 15, 21, 0
5086, 4, 3, 17, 32, 0
5086, 7, 1, 21, 25, 0
5086, 7, 2, 22, 21, 0
5086, 4, 1, 22, 56, 0
5086, 7, 0, 25, 6, 0
5086, 4, 1, 25, 20, 0
5086, 4, 3, 30, 28, 0
5086, 7, 3, 31, 55, 0
5086, 7, 0, 34, 10, 0
5086, 4, 3, 36, 40, 0
5086, 7, 3, 38, 34, 0
5086, 4, 2, 38, 50, 0
5086, 7, 1, 41, 23, 0
5086, 7, 1, 47, 5, 0
5086, 7, 2, 50, 29, 0
5086, 7, 2, 51, 38, 0
5086, 4, 2, 59, 22, 0
5086, 7, 3, 62, 16, 0
5087, 4, 1, 2, 37, 0
5087, 7, 0, 4, 6, 0
5087, 4, 0, 7, 29, 0
5087, 7, 3, 8, 22, 0
5087, 4, 1, 8, 45, 0
5087, 4, 3, 8, 52, 0
5087, 7, 1, 11, 15, 0
5087, 7, 0, 12, 28, 0
5087, 4, 0, 14, 58, 0
5087, 7, 1, 19, 4, 0
5087, 7, 3, 19, 19, 0
5087, 7, 3, 19, 58, 0
5087, 4, 2, 23, 0, 0
5087, 4, 3, 24, 26, 0
5087, 7, 3, 26, 36, 0
5087, 4, 3, 27, 6, 0
5087, 4, 3, 29, 42, 0
5087, 7, 3, 30, 21, 0
5087, 4, 2, 30, 56, 0
5087, 7, 0, 31, 7, 0
5087, 7, 1, 37, 12, 0
5087, 4, 2, 38, 32, 0
5087, 7, 2, 39, 20, 0
5087, 7, 0, 39, 52, 0
5087, 4, 1, 43, 45, 0
5087, 4, 3, 45, 6, 0
5087, 4, 1, 47, 25, 0
5087, 7, 0, 51, 10, 0
5087, 7, 3, 56, 24, 0
5087, 7, 0, 58, 11, 0
5087, 7, 0, 58, 31, 0
5091, 0, 1, 0, 2, 0
5091, 9, 2, 0, 7, 0
5091, 0, 2, 0, 8, 0
5091, 1, 2, 0, 9, 0
5091, 0, 1, 0, 13, 0
5091, 0, 3, 0, 16, 0
5091, 0, 1, 0, 32, 0
5091, 9, 2, 0, 38, 0
5091, 1, 2, 0, 39, 0
5091, 1, 0, 1, 2, 0
5091, 9, 0, 1, 3, 0
5091, 0, 3, 1, 9, 0
5091, 1, 1, 1, 11, 0
5091, 0, 2, 1, 12, 0
5091, 9, 1, 1, 13, 0
5091, 0, 3, 1, 16, 0
5091, 0, 1, 1, 32, 0
5091, 9, 3, 1, 38, 0
5091, 1, 3, 1, 39, 0
5091, 1, 0, 2, 3, 0
5091, 0, 0, 2, 4, 0
5091, 9, 0, 2, 5, 0
5091, 9, 2, 2, 9, 0
5091, 0, 2, 2, 10, 0
5091, 9, 1, 2, 11, 0
5091, 0, 3, 2, 16, 0
5091, 1, 1, 2, 20, 0
5091, 0, 2, 2, 21, 0
5091, 1, 2, 2, 22, 0
5091, 1, 1, 2, 31, 0
5091, 9, 1, 2, 32, 0
5091, 0, 3, 2, 38, 0
5091, 1, 1, 2, 42, 0
5091, 0, 2, 2, 43, 0
5091, 1, 2, 2, 45, 0
5091, 0, 1, 3, 5, 0
5091, 9, 3, 3, 15, 0
5091, 1, 3, 3, 16, 0
5091, 1, 1, 3, 18, 0
5091, 0, 2, 3, 19, 0
5091, 9, 1, 3, 20, 0
5091, 9, 2, 3, 22, 0
5091, 0, 2, 3, 23, 0
5091, 1, 2, 3, 24, 0
5091, 0, 1, 3, 31, 0
5091, 9, 2, 3, 38, 0
5091, 1, 2, 3, 39, 0
5091, 0, 1, 3, 42, 0
5091, 9, 2, 3, 45, 0
5091, 0, 2, 3, 46, 0
5091, 0, 2, 3, 47, 0
5091, 1, 2, 3, 48, 0
5091, 1, 0, 4, 5, 0
5091, 9, 0, 4, 6, 0
5091, 0, 3, 4, 15, 0
5091, 0, 1, 4, 18, 0
5091, 0, 3, 4, 24, 0
5091, 0, 1, 4, 31, 0
5091, 9, 2, 4, 39, 0
5091, 0, 2, 4, 40, 0
5091, 0, 2, 4, 41, 0
5091, 9, 1, 4, 42, 0
5091, 9, 2, 4, 48, 0
5091, 1, 2, 4, 49, 0
5091, 1, 0, 5, 6, 0
5091, 0, 0, 5, 7, 0
5091, 0, 0, 5, 8, 0
5091, 9, 0, 5, 9, 0
5091, 9, 3, 5, 11, 0
5091, 0, 0, 5, 12, 0
5091, 0, 0, 5, 13, 0
5091, 0, 0, 5, 14, 0
5091, 1, 3, 5, 15, 0
5091, 1, 1, 5, 17, 0
5091, 9, 1, 5, 18, 0
5091, 0, 3, 5, 24, 0
5091, 1, 1, 5, 30, 0
5091, 9, 1, 5, 31, 0
5091, 0, 3, 5, 49, 0
5091, 1, 1, 5, 55, 0
5091, 0, 2, 5, 56, 0
5091, 0, 2, 5, 57, 0
5091, 1, 2, 5, 58, 0
5091, 0, 1, 6, 17, 0
5091, 9, 3, 6, 23, 0
5091, 1, 3, 6, 24, 0
5091, 1, 1, 6, 28, 0
5091, 0, 2, 6, 29, 0
5091, 9, 1, 6, 30, 0
5091, 9, 3, 6, 48, 0
5091, 1, 3, 6, 49, 0
5091, 1, 1, 6, 54, 0
5091, 9, 1, 6, 55, 0
5091, 9, 2, 6, 58, 0
5091, 1, 2, 6, 59, 0
5091, 0, 1, 7, 9, 0
5091, 0, 3, 7, 11, 0
5091, 0, 1, 7, 17, 0
5091, 0, 3, 7, 23, 0
5091, 1, 1, 7, 26, 0
5091, 0, 2, 7, 27, 0
5091, 9, 1, 7, 28, 0
5091, 9, 3, 7, 46, 0
5091, 0, 0, 7, 47, 0
5091, 1, 3, 7, 48, 0
5091, 1, 1, 7, 51, 0
5091, 0, 2, 7, 52, 0
5091, 0, 2, 7, 53, 0
5091, 9, 1, 7, 54, 0
5091, 1, 1, 8, 7, 0
5091, 0, 2, 8, 8, 0
5091, 9, 1, 8, 9, 0
5091, 9, 2, 8, 11, 0
5091, 1, 2, 8, 12, 0
5091, 0, 1, 8, 17, 0
5091, 9, 3, 8, 22, 0
5091, 1, 3, 8, 23, 0
5091, 0, 1, 8, 26, 0
5091, 0, 3, 8, 46, 0
5091, 0, 1, 8, 51, 0
5091, 9, 3, 8, 58, 0
5091, 1, 3, 8, 59, 0
5091, 1, 1, 9, 5, 0
5091, 0, 2, 9, 6, 0
5091, 9, 1, 9, 7, 0
5091, 9, 2, 9, 12, 0
5091, 1, 2, 9, 13, 0
5091, 1, 1, 9, 15, 0
5091, 0, 2, 9, 16, 0
5091, 9, 1, 9, 17, 0
5091, 0, 3, 9, 22, 0
5091, 0, 1, 9, 26, 0
5091, 9, 2, 9, 46, 0
5091, 0, 2, 9, 47, 0
5091, 1, 2, 9, 48, 0
5091, 1, 1, 9, 50, 0
5091, 9, 1, 9, 51, 0
5091, 9, 3, 9, 56, 0
5091, 0, 0, 9, 57, 0
5091, 1, 3, 9, 58, 0
5091, 0, 1, 10, 5, 0
5091, 0, 3, 10, 13, 0
5091, 0, 1, 10, 15, 0
5091, 9, 2, 10, 48, 0
5091, 0, 2, 10, 49, 0
5091, 9, 1, 10, 50, 0
5091, 0, 3, 10, 56, 0
5091, 0, 1, 11, 5, 0
5091, 9, 2, 11, 13, 0
5091, 0, 2, 11, 14, 0
5091, 9, 1, 11, 15, 0
5091, 9, 2, 11, 22, 0
5091, 1, 2, 11, 23, 0
5091, 0, 1, 11, 26, 0
5091, 9, 3, 11, 55, 0
5091, 1, 3, 11, 56, 0
5091, 1, 0, 12, 5, 0
5091, 9, 0, 12, 6, 0
5091, 0, 3, 12, 23, 0
5091, 1, 0, 12, 26, 0
5091, 0, 0, 12, 27, 0
5091, 9, 0, 12, 28, 0
5091, 0, 3, 12, 55, 0
5091, 1, 0, 13, 6, 0
5091, 0, 0, 13, 7, 0
5091, 9, 0, 13, 8, 0
5091, 9, 3, 13, 22, 0
5091, 1, 3, 13, 23, 0
5091, 1, 0, 13, 28, 0
5091, 0, 0, 13, 29, 0
5091, 9, 0, 13, 30, 0
5091, 9, 2, 13, 55, 0
5091, 0, 2, 13, 56, 0
5091, 0, 2, 13, 57, 0
5091, 0, 2, 13, 58, 0
5091, 1, 2, 13, 59, 0
5091, 0, 1, 14, 8, 0
5091, 0, 3, 14, 22, 0
5091, 0, 1, 14, 30, 0
5091, 9, 2, 14, 59, 0
5091, 1, 2, 14, 60, 0
5091, 0, 1, 15, 8, 0
5091, 9, 3, 15, 21, 0
5091, 1, 3, 15, 22, 0
5091, 0, 1, 15, 30, 0
5091, 0, 3, 15, 60, 0
5091, 1, 1, 16, 6, 0
5091, 0, 2, 16, 7, 0
5091, 9, 1, 16, 8, 0
5091, 9, 3, 16, 19, 0
5091, 0, 0, 16, 20, 0
5091, 1, 3, 16, 21, 0
5091, 1, 0, 16, 30, 0
5091, 9, 0, 16, 31, 0
5091, 0, 3, 16, 60, 0
5091, 0, 1, 17, 6, 0
5091, 9, 2, 17, 19, 0
5091, 1, 2, 17, 20, 0
5091, 0, 1, 17, 31, 0
5091, 9, 2, 17, 60, 0
5091, 1, 2, 17, 61, 0
5091, 0, 2, 18, 0, 0
5091, 1, 2, 18, 1, 0
5091, 1, 1, 18, 4, 0
5091, 0, 2, 18, 5, 0
5091, 9, 1, 18, 6, 0
5091, 0, 3, 18, 20, 0
5091, 1, 1, 18, 30, 0
5091, 9, 1, 18, 31, 0
5091, 0, 3, 18, 61, 0
5091, 9, 2, 19, 1, 0
5091, 0, 2, 19, 2, 0
5091, 0, 2, 19, 3, 0
5091, 9, 1, 19, 4, 0
5091, 9, 3, 19, 19, 0
5091, 1, 3, 19, 20, 0
5091, 1, 1, 19, 27, 0
5091, 0, 2, 19, 28, 0
5091, 0, 2, 19, 29, 0
5091, 9, 1, 19, 30, 0
5091, 9, 3, 19, 58, 0
5091, 0, 0, 19, 59, 0
5091, 0, 0, 19, 60, 0
5091, 1, 3, 19, 61, 0
5091, 1, 1, 20, 25, 0
5091, 0, 2, 20, 26, 0
5091, 9, 1, 20, 27, 0
5091, 9, 3, 20, 57, 0
5091, 1, 3, 20, 58, 0
5091, 9, 2, 21, 19, 0
5091, 0, 2, 21, 20, 0
5091, 1, 2, 21, 21, 0
5091, 1, 1, 21, 24, 0
5091, 9, 1, 21, 25, 0
5091, 0, 3, 21, 57, 0
5091, 9, 2, 22, 21, 0
5091, 1, 2, 22, 22, 0
5091, 0, 1, 22, 24, 0
5091, 0, 3, 22, 57, 0
5091, 0, 3, 23, 22, 0
5091, 1, 0, 23, 24, 0
5091, 9, 0, 23, 25, 0
5091, 9, 2, 23, 57, 0
5091, 0, 2, 23, 58, 0
5091, 1, 2, 23, 59, 0
5091, 0, 0, 24, 0, 0
5091, 0, 0, 24, 1, 0
5091, 0, 0, 24, 2, 0
5091, 0, 0, 24, 3, 0
5091, 9, 0, 24, 4, 0
5091, 9, 3, 24, 21, 0
5091, 1, 3, 24, 22, 0
5091, 0, 1, 24, 25, 0
5091, 0, 3, 24, 59, 0
5091, 1, 0, 25, 4, 0
5091, 0, 0, 25, 5, 0
5091, 9, 0, 25, 6, 0
5091, 0, 3, 25, 21, 0
5091, 0, 1, 25, 25, 0
5091, 0, 3, 25, 59, 0
5091, 1, 1, 26, 5, 0
5091, 9, 1, 26, 6, 0
5091, 9, 2, 26, 21, 0
5091, 1, 2, 26, 22, 0
5091, 1, 0, 26, 25, 0
5091, 9, 0, 26, 26, 0
5091, 9, 3, 26, 36, 0
5091, 0, 0, 26, 37, 0
5091, 0, 0, 26, 38, 0
5091, 9, 0, 26, 39, 0
5091, 9, 2, 26, 59, 0
5091, 0, 2, 26, 60, 0
5091, 1, 2, 26, 61, 0
5091, 0, 1, 27, 5, 0
5091, 0, 3, 27, 22, 0
5091, 0, 1, 27, 26, 0
5091, 0, 1, 27, 39, 0
5091, 0, 1, 28, 5, 0
5091, 0, 3, 28, 22, 0
5091, 1, 0, 28, 26, 0
5091, 0, 0, 28, 27, 0
5091, 9, 0, 28, 28, 0
5091, 9, 3, 28, 34, 0
5091, 0, 0, 28, 35, 0
5091, 1, 3, 28, 36, 0
5091, 1, 0, 28, 39, 0
5091, 9, 0, 28, 41, 0
5091, 9, 3, 28, 59, 0
5091, 0, 0, 28, 60, 0
5091, 1, 3, 28, 61, 0
5091, 0, 1, 29, 5, 0
5091, 0, 3, 29, 22, 0
5091, 1, 1, 29, 27, 0
5091, 9, 1, 29, 28, 0
5091, 0, 1, 29, 41, 0
5091, 0, 3, 29, 59, 0
5091, 1, 0, 30, 5, 0
5091, 9, 0, 30, 6, 0
5091, 9, 3, 30, 21, 0
5091, 1, 3, 30, 22, 0
5091, 0, 1, 30, 27, 0
5091, 0, 3, 30, 34, 0
5091, 9, 3, 30, 58, 0
5091, 1, 3, 30, 59, 0
5091, 1, 0, 31, 6, 0
5091, 9, 0, 31, 7, 0
5091, 9, 3, 31, 17, 0
5091, 0, 0, 31, 18, 0
5091, 0, 0, 31, 19, 0
5091, 0, 0, 31, 20, 0
5091, 1, 3, 31, 21, 0
5091, 0, 1, 31, 27, 0
5091, 9, 2, 31, 34, 0
5091, 1, 2, 31, 35, 0
5091, 1, 1, 31, 39, 0
5091, 0, 2, 31, 40, 0
5091, 9, 1, 31, 41, 0
5091, 9, 3, 31, 55, 0
5091, 0, 0, 31, 56, 0
5091, 0, 0, 31, 57, 0
5091, 1, 3, 31, 58, 0
5091, 0, 1, 32, 7, 0
5091, 0, 3, 32, 17, 0
5091, 0, 1, 32, 27, 0
5091, 0, 3, 32, 35, 0
5091, 1, 1, 32, 38, 0
5091, 9, 1, 32, 39, 0
5091, 0, 3, 32, 55, 0
5091, 1, 0, 33, 7, 0
5091, 0, 0, 33, 8, 0
5091, 9, 0, 33, 9, 0
5091, 9, 3, 33, 16, 0
5091, 1, 3, 33, 17, 0
5091, 1, 1, 33, 26, 0
5091, 9, 1, 33, 27, 0
5091, 0, 3, 33, 35, 0
5091, 0, 1, 33, 38, 0
5091, 0, 3, 33, 55, 0
5091, 1, 0, 34, 9, 0
5091, 9, 0, 34, 10, 0
5091, 0, 1, 34, 26, 0
5091, 9, 3, 34, 34, 0
5091, 1, 3, 34, 35, 0
5091, 0, 1, 34, 38, 0
5091, 0, 3, 34, 55, 0
5091, 1, 0, 35, 10, 0
5091, 0, 0, 35, 11, 0
5091, 9, 0, 35, 12, 0
5091, 9, 2, 35, 16, 0
5091, 0, 2, 35, 17, 0
5091, 0, 2, 35, 18, 0
5091, 1, 2, 35, 19, 0
5091, 1, 0, 35, 26, 0
5091, 9, 0, 35, 27, 0
5091, 0, 3, 35, 34, 0
5091, 1, 0, 35, 38, 0
5091, 9, 0, 35, 39, 0
5091, 9, 2, 35, 55, 0
5091, 1, 2, 35, 56, 0
5091, 0, 1, 36, 12, 0
5091, 0, 3, 36, 19, 0
5091, 0, 1, 36, 27, 0
5091, 0, 3, 36, 34, 0
5091, 0, 1, 36, 39, 0
5091, 0, 3, 36, 56, 0
5091, 1, 1, 37, 10, 0
5091, 0, 2, 37, 11, 0
5091, 9, 1, 37, 12, 0
5091, 0, 3, 37, 19, 0
5091, 1, 0, 37, 27, 0
5091, 0, 0, 37, 28, 0
5091, 9, 0, 37, 29, 0
5091, 9, 2, 37, 34, 0
5091, 1, 2, 37, 35, 0
5091, 0, 1, 37, 39, 0
5091, 0, 3, 37, 56, 0
5091, 1, 1, 38, 6, 0
5091, 1, 2, 38, 8, 0
5091, 0, 1, 38, 10, 0
5091, 9, 2, 38, 19, 0
5091, 1, 2, 38, 20, 0
5091, 1, 0, 38, 29, 0
5091, 0, 0, 38, 30, 0
5091, 9, 0, 38, 31, 0
5091, 9, 3, 38, 34, 0
5091, 1, 3, 38, 35, 0
5091, 0, 1, 38, 39, 0
5091, 0, 3, 38, 56, 0
5091, 0, 1, 39, 6, 0
5091, 9, 2, 39, 8, 0
5091, 0, 2, 39, 9, 0
5091, 9, 1, 39, 10, 0
5091, 9, 2, 39, 20, 0
5091, 1, 2, 39, 21, 0
5091, 1, 0, 39, 31, 0
5091, 0, 0, 39, 32, 0
5091, 0, 0, 39, 33, 0
5091, 1, 3, 39, 34, 0
5091, 0, 1, 39, 39, 0
5091, 9, 3, 39, 49, 0
5091, 0, 0, 39, 50, 0
5091, 0, 0, 39, 51, 0
5091, 9, 0, 39, 52, 0
5091, 9, 3, 39, 54, 0
5091, 0, 0, 39, 55, 0
5091, 1, 3, 39, 56, 0
5091, 1, 1, 40, 4, 0
5091, 0, 2, 40, 5, 0
5091, 9, 1, 40, 6, 0
5091, 0, 3, 40, 21, 0
5091, 1, 1, 40, 23, 0
5091, 0, 2, 40, 24, 0
5091, 0, 2, 40, 25, 0
5091, 1, 2, 40, 26, 0
5091, 1, 1, 40, 38, 0
5091, 9, 1, 40, 39, 0
5091, 0, 3, 40, 49, 0
5091, 1, 0, 40, 52, 0
5091, 0, 0, 40, 53, 0
5091, 1, 3, 40, 54, 0
5091, 1, 1, 41, 3, 0
5091, 9, 1, 41, 4, 0
5091, 9, 2, 41, 21, 0
5091, 0, 2, 41, 22, 0
5091, 9, 1, 41, 23, 0
5091, 9, 2, 41, 26, 0
5091, 0, 2, 41, 27, 0
5091, 1, 2, 41, 28, 0
5091, 1, 1, 41, 37, 0
5091, 9, 1, 41, 38, 0
5091, 9, 3, 41, 47, 0
5091, 0, 0, 41, 48, 0
5091, 1, 3, 41, 49, 0
5091, 0, 1, 42, 3, 0
5091, 9, 3, 42, 46, 0
5091, 1, 3, 42, 47, 0
5091, 0, 1, 43, 3, 0
5091, 9, 3, 43, 27, 0
5091, 1, 3, 43, 28, 0
5091, 0, 1, 43, 37, 0
5091, 0, 3, 43, 46, 0
5091, 1, 0, 44, 3, 0
5091, 0, 0, 44, 4, 0
5091, 9, 0, 44, 5, 0
5091, 0, 3, 44, 27, 0
5091, 0, 1, 44, 37, 0
5091, 9, 3, 44, 44, 0
5091, 0, 0, 44, 45, 0
5091, 1, 3, 44, 46, 0
5091, 0, 1, 45, 5, 0
5091, 9, 3, 45, 26, 0
5091, 1, 3, 45, 27, 0
5091, 1, 0, 45, 37, 0
5091, 9, 0, 45, 38, 0
5091, 9, 3, 45, 42, 0
5091, 0, 0, 45, 43, 0
5091, 1, 3, 45, 44, 0
5091, 0, 1, 46, 5, 0
5091, 0, 3, 46, 26, 0
5091, 0, 1, 46, 38, 0
5091, 0, 3, 46, 42, 0
5091, 1, 1, 47, 3, 0
5091, 0, 2, 47, 4, 0
5091, 9, 1, 47, 5, 0
5091, 0, 3, 47, 26, 0
5091, 1, 0, 47, 38, 0
5091, 0, 0, 47, 39, 0
5091, 0, 0, 47, 40, 0
5091, 0, 0, 47, 41, 0
5091, 1, 3, 47, 42, 0
5091, 1, 1, 48, 2, 0
5091, 9, 1, 48, 3, 0
5091, 0, 3, 48, 26, 0
5091, 1, 1, 48, 33, 0
5091, 0, 2, 48, 34, 0
5091, 1, 2, 48, 35, 0
5091, 0, 1, 49, 2, 0
5091, 9, 2, 49, 26, 0
5091, 0, 2, 49, 27, 0
5091, 0, 2, 49, 28, 0
5091, 1, 2, 49, 29, 0
5091, 1, 1, 49, 32, 0
5091, 9, 1, 49, 33, 0
5091, 9, 2, 49, 35, 0
5091, 0, 2, 49, 36, 0
5091, 1, 2, 49, 37, 0
5091, 1, 1, 50, 1, 0
5091, 9, 1, 50, 2, 0
5091, 9, 2, 50, 29, 0
5091, 0, 2, 50, 30, 0
5091, 0, 2, 50, 31, 0
5091, 9, 1, 50, 32, 0
5091, 9, 2, 50, 37, 0
5091, 1, 2, 50, 38, 0
5091, 0, 1, 51, 1, 0
5091, 9, 3, 51, 7, 0
5091, 0, 0, 51, 8, 0
5091, 0, 0, 51, 9, 0
5091, 9, 0, 51, 10, 0
5091, 9, 2, 51, 38, 0
5091, 1, 2, 51, 39, 0
5091, 1, 0, 52, 1, 0
5091, 0, 0, 52, 2, 0
5091, 0, 0, 52, 3, 0
5091, 9, 0, 52, 4, 0
5091, 0, 3, 52, 7, 0
5091, 1, 0, 52, 10, 0
5091, 9, 0, 52, 11, 0
5091, 0, 3, 52, 39, 0
5091, 1, 0, 53, 4, 0
5091, 0, 0, 53, 6, 0
5091, 1, 3, 53, 7, 0
5091, 0, 1, 53, 11, 0
5091, 9, 3, 53, 38, 0
5091, 1, 3, 53, 39, 0
5091, 0, 1, 54, 11, 0
5091, 0, 3, 54, 38, 0
5091, 1, 1, 55, 10, 0
5091, 9, 1, 55, 11, 0
5091, 9, 3, 55, 26, 0
5091, 0, 0, 55, 27, 0
5091, 9, 0, 55, 28, 0
5091, 9, 3, 55, 37, 0
5091, 1, 3, 55, 38, 0
5091, 1, 1, 56, 9, 0
5091, 9, 1, 56, 10, 0
5091, 9, 3, 56, 24, 0
5091, 0, 0, 56, 25, 0
5091, 1, 3, 56, 26, 0
5091, 0, 1, 56, 28, 0
5091, 0, 3, 56, 37, 0
5091, 1, 0, 57, 9, 0
5091, 9, 0, 57, 10, 0
5091, 0, 3, 57, 24, 0
5091, 1, 0, 57, 28, 0
5091, 0, 0, 57, 29, 0
5091, 9, 0, 57, 30, 0
5091, 9, 3, 57, 36, 0
5091, 1, 3, 57, 37, 0
5091, 1, 0, 58, 10, 0
5091, 9, 0, 58, 11, 0
5091, 0, 3, 58, 24, 0
5091, 1, 0, 58, 30, 0
5091, 9, 0, 58, 31, 0
5091, 9, 3, 58, 33, 0
5091, 0, 0, 58, 34, 0
5091, 0, 0, 58, 35, 0
5091, 1, 3, 58, 36, 0
5091, 0, 1, 59, 11, 0
5091, 9, 3, 59, 23, 0
5091, 1, 3, 59, 24, 0
5091, 1, 0, 59, 31, 0
5091, 0, 0, 59, 32, 0
5091, 1, 3, 59, 33, 0
5091, 0, 1, 60, 11, 0
5091, 9, 3, 60, 17, 0
5091, 0, 0, 60, 18, 0
5091, 9, 0, 60, 19, 0
5091, 9, 3, 60, 21, 0
5091, 0, 0, 60, 22, 0
5091, 1, 3, 60, 23, 0
5091, 1, 0, 61, 11, 0
5091, 0, 0, 61, 12, 0
5091, 0, 0, 61, 13, 0
5091, 9, 0, 61, 14, 0
5091, 0, 3, 61, 17, 0
5091, 0, 1, 61, 19, 0
5091, 0, 3, 61, 21, 0
5091, 0, 1, 62, 14, 0
5091, 9, 3, 62, 16, 0
5091, 1, 3, 62, 17, 0
5091, 1, 0, 62, 19, 0
5091, 1, 3, 62, 21, 0
5091, 1, 0, 63, 14, 0
5091, 0, 0, 63, 15, 0
5091, 1, 3, 63, 16, 0
5092, 0, 2, 2, 44, 0
5092, 0, 3, 7, 59, 0
5092, 0, 3, 27, 61, 0
5092, 0, 0, 28, 40, 0
5092, 0, 2, 38, 7, 0
5092, 0, 3, 42, 28, 0
5092, 0, 1, 42, 37, 0
5092, 0, 0, 53, 5, 0
5092, 0, 0, 62, 20, 0
5093, 0, 2, 2, 44, 1
5093, 0, 3, 7, 59, 1
5093, 0, 3, 27, 61, 1
5093, 0, 0, 28, 40, 1
5093, 0, 2, 38, 7, 1
5093, 0, 3, 42, 28, 1
5093, 0, 1, 42, 37, 1
5093, 0, 0, 53, 5, 1
5093, 0, 0, 62, 20, 1
5099, 10, 3, 10, 21, 0
5099, 10, 1, 10, 26, 0
5101, 0, 3, 6, 11, 0
5102, 0, 1, 6, 9, 0
5107, 10, 3, 6, 10, 0
5108, 0, 3, 20, 19, 0
5108, 0, 3, 27, 36, 0
5108, 0, 3, 29, 34, 0
5108, 0, 1, 30, 41, 0
5108, 0, 3, 34, 16, 0
5109, 0, 3, 20, 19, 1
5109, 0, 3, 27, 36, 1
5109, 0, 3, 29, 34, 1
5109, 0, 1, 30, 41, 1
5109, 0, 3, 34, 16, 1
5113, 11, 3, 17, 17, 0
5113, 10, 3, 18, 41, 0
5113, 10, 2, 28, 6, 0
5113, 10, 0, 33, 28, 0
5113, 10, 0, 45, 15, 0
5113, 10, 1, 48, 17, 0
5113, 10, 3, 53, 33, 0
