197, 6, 3, 11, 10, 0
197, 6, 0, 11, 16, 0
197, 5, 3, 13, 9, 0
197, 5, 3, 15, 9, 0
197, 6, 2, 17, 10, 0
197, 6, 1, 17, 16, 0
197, 6, 3, 11, 10, 1
197, 6, 0, 11, 16, 1
197, 6, 2, 17, 10, 1
197, 6, 1, 17, 16, 1
197, 6, 0, 11, 16, 2
197, 6, 1, 17, 16, 2
202, 10, 3, 10, 12, 2
202, 10, 3, 10, 14, 2
202, 10, 1, 18, 12, 2
202, 10, 1, 18, 14, 2
324, 22, 3, 7, 14, 0
324, 22, 2, 8, 16, 0
324, 22, 1, 9, 3, 0
324, 22, 2, 9, 7, 0
324, 22, 2, 9, 8, 0
324, 22, 2, 9, 11, 0
324, 22, 1, 10, 20, 0
324, 22, 1, 11, 19, 0
324, 22, 0, 13, 5, 0
324, 22, 0, 15, 20, 0
324, 22, 0, 16, 21, 0
324, 22, 0, 19, 3, 0
324, 22, 3, 19, 8, 0
324, 22, 2, 21, 12, 0
324, 22, 1, 21, 15, 0
325, 22, 3, 7, 11, 0
325, 22, 2, 7, 13, 0
325, 22, 0, 7, 15, 0
325, 22, 3, 7, 16, 0
325, 22, 2, 7, 17, 0
325, 22, 0, 8, 6, 0
325, 22, 0, 8, 7, 0
325, 22, 2, 8, 10, 0
325, 22, 1, 8, 12, 0
325, 22, 3, 8, 14, 0
325, 22, 0, 8, 15, 0
325, 22, 1, 8, 17, 0
325, 22, 2, 9, 6, 0
325, 22, 0, 9, 9, 0
325, 22, 1, 9, 10, 0
325, 22, 1, 9, 12, 0
325, 22, 0, 9, 13, 0
325, 22, 2, 9, 16, 0
325, 22, 1, 10, 7, 0
325, 22, 0, 10, 9, 0
325, 22, 3, 10, 17, 0
325, 22, 0, 10, 19, 0
325, 22, 3, 11, 3, 0
325, 22, 1, 11, 17, 0
325, 22, 1, 11, 18, 0
325, 22, 1, 12, 5, 0
325, 22, 3, 12, 6, 0
325, 22, 0, 12, 18, 0
325, 22, 2, 12, 19, 0
325, 22, 0, 13, 3, 0
325, 22, 0, 13, 4, 0
325, 22, 2, 13, 6, 0
325, 22, 3, 13, 19, 0
325, 22, 3, 14, 20, 0
325, 22, 3, 15, 5, 0
325, 22, 2, 15, 7, 0
325, 22, 2, 15, 8, 0
325, 22, 1, 15, 21, 0
325, 22, 1, 16, 7, 0
325, 22, 0, 16, 19, 0
325, 22, 2, 16, 20, 0
325, 22, 0, 17, 9, 0
325, 22, 1, 17, 18, 0
325, 22, 0, 18, 3, 0
325, 22, 1, 18, 8, 0
325, 22, 2, 18, 15, 0
325, 22, 2, 19, 4, 0
325, 22, 3, 19, 7, 0
325, 22, 2, 19, 9, 0
325, 22, 0, 19, 12, 0
325, 22, 0, 19, 15, 0
325, 22, 3, 19, 16, 0
325, 22, 1, 20, 3, 0
325, 22, 3, 20, 11, 0
325, 22, 2, 20, 12, 0
325, 22, 1, 20, 13, 0
325, 22, 3, 20, 14, 0
325, 22, 3, 20, 15, 0
325, 22, 3, 21, 11, 0
325, 22, 1, 21, 13, 0
326, 22, 1, 8, 11, 0
326, 22, 3, 9, 15, 0
326, 22, 0, 10, 4, 0
326, 22, 2, 10, 10, 0
326, 22, 2, 10, 16, 0
326, 22, 1, 13, 18, 0
326, 22, 0, 14, 18, 0
326, 22, 3, 16, 8, 0
326, 22, 0, 17, 19, 0
326, 22, 3, 18, 4, 0
326, 22, 3, 19, 13, 0
326, 22, 3, 19, 14, 0
326, 22, 1, 20, 16, 0
356, 10, 1, 15, 16, 0
357, 10, 0, 16, 15, 0
357, 10, 3, 17, 15, 0
358, 10, 0, 16, 16, 0
362, 10, 2, 17, 11, 0
369, 10, 0, 10, 12, 0
374, 10, 0, 11, 15, 2
380, 10, 1, 14, 17, 0
380, 10, 0, 10, 12, 1
380, 10, 3, 13, 9, 1
380, 10, 1, 14, 17, 1
380, 10, 2, 18, 13, 1
391, 5, 2, 18, 14, 0
429, 10, 0, 13, 15, 2
444, 10, 1, 17, 60, 0
444, 10, 0, 19, 58, 0
444, 10, 2, 23, 32, 0
444, 10, 0, 26, 34, 0
444, 10, 3, 54, 16, 0
444, 10, 2, 56, 14, 0
444, 10, 1, 57, 19, 0
445, 10, 0, 17, 58, 0
445, 10, 1, 21, 33, 0
445, 10, 0, 22, 60, 0
445, 10, 2, 23, 35, 0
445, 10, 1, 53, 19, 0
447, 10, 3, 15, 60, 0
447, 10, 2, 16, 59, 0
447, 10, 0, 17, 62, 0
447, 10, 1, 18, 57, 0
447, 10, 3, 19, 60, 0
447, 10, 3, 20, 35, 0
447, 10, 2, 20, 61, 0
447, 10, 0, 21, 31, 0
447, 10, 0, 22, 59, 0
447, 10, 2, 25, 37, 0
447, 10, 0, 26, 32, 0
447, 10, 1, 52, 16, 0
447, 10, 0, 53, 18, 0
447, 10, 2, 54, 13, 0
447, 10, 2, 55, 23, 0
447, 10, 3, 56, 20, 0
447, 10, 0, 57, 16, 0
447, 10, 3, 59, 14, 0
578, 4, 2, 9, 12, 2
578, 4, 2, 9, 14, 2
578, 4, 1, 13, 8, 2
578, 4, 3, 13, 18, 2
578, 4, 1, 15, 8, 2
578, 4, 3, 15, 18, 2
578, 4, 0, 19, 12, 2
578, 4, 0, 19, 14, 2
589, 10, 2, 13, 12, 1
595, 10, 0, 14, 13, 2
604, 10, 3, 17, 14, 1
604, 10, 3, 16, 16, 2
611, 10, 3, 21, 42, 0
616, 10, 1, 13, 13, 0
683, 10, 1, 18, 13, 2
689, 10, 3, 12, 10, 2
693, 10, 2, 18, 12, 1
693, 10, 0, 12, 16, 2
724, 10, 0, 13, 7, 0
724, 10, 0, 15, 7, 0
724, 10, 0, 11, 11, 1
724, 10, 3, 11, 15, 1
724, 10, 1, 15, 9, 1
859, 10, 0, 14, 10, 3
859, 10, 2, 14, 16, 3
859, 10, 3, 17, 13, 3
887, 5, 0, 10, 13, 2
887, 6, 3, 11, 10, 2
907, 6, 0, 12, 17, 1
916, 22, 0, 14, 9, 0
917, 22, 3, 13, 11, 0
917, 22, 0, 13, 15, 0
917, 22, 2, 14, 11, 0
917, 22, 1, 14, 15, 0
917, 22, 3, 16, 12, 0
917, 22, 0, 16, 13, 0
917, 22, 2, 17, 12, 0
917, 22, 1, 17, 13, 0
917, 22, 3, 11, 11, 1
917, 22, 0, 11, 14, 1
917, 22, 2, 12, 11, 1
917, 22, 1, 12, 14, 1
917, 22, 3, 13, 10, 1
917, 22, 0, 13, 11, 1
917, 22, 2, 15, 10, 1
917, 22, 1, 15, 11, 1
917, 22, 3, 12, 13, 2
917, 22, 0, 12, 14, 2
917, 22, 2, 16, 13, 2
917, 22, 1, 16, 14, 2
918, 22, 3, 13, 12, 0
918, 22, 3, 13, 13, 0
918, 22, 3, 13, 14, 0
918, 22, 1, 14, 12, 0
918, 22, 1, 14, 13, 0
918, 22, 1, 14, 14, 0
918, 22, 3, 11, 12, 1
918, 22, 3, 11, 13, 1
918, 22, 1, 12, 12, 1
918, 22, 1, 12, 13, 1
918, 22, 2, 14, 10, 1
918, 22, 0, 14, 11, 1
918, 22, 2, 13, 13, 2
918, 22, 0, 13, 14, 2
918, 22, 2, 14, 13, 2
918, 22, 0, 14, 14, 2
918, 22, 2, 15, 13, 2
918, 22, 0, 15, 14, 2
950, 22, 0, 13, 12, 2
951, 22, 0, 14, 12, 2
952, 22, 0, 13, 11, 2
953, 22, 0, 14, 11, 2
980, 9, 3, 48, 53, 0
980, 0, 0, 48, 54, 0
980, 0, 0, 48, 55, 0
980, 0, 0, 48, 56, 0
980, 0, 0, 48, 57, 0
980, 9, 0, 48, 58, 0
980, 9, 3, 49, 46, 0
980, 0, 0, 49, 47, 0
980, 0, 0, 49, 48, 0
980, 0, 0, 49, 49, 0
980, 0, 0, 49, 52, 0
980, 1, 3, 49, 53, 0
980, 1, 0, 49, 58, 0
980, 9, 0, 49, 59, 0
980, 9, 3, 50, 45, 0
980, 1, 3, 50, 46, 0
980, 0, 1, 50, 59, 0
980, 0, 3, 51, 45, 0
980, 1, 0, 51, 59, 0
980, 9, 0, 51, 60, 0
980, 0, 3, 52, 45, 0
980, 1, 0, 52, 60, 0
980, 9, 0, 52, 61, 0
980, 9, 3, 53, 44, 0
980, 1, 3, 53, 45, 0
980, 0, 1, 53, 61, 0
980, 0, 3, 54, 44, 0
980, 0, 1, 54, 61, 0
980, 0, 3, 55, 44, 0
980, 1, 1, 55, 60, 0
980, 9, 1, 55, 61, 0
980, 0, 3, 56, 44, 0
980, 0, 1, 56, 60, 0
980, 0, 3, 57, 44, 0
980, 1, 1, 57, 59, 0
980, 9, 1, 57, 60, 0
980, 9, 2, 58, 44, 0
980, 1, 2, 58, 45, 0
980, 0, 1, 58, 59, 0
980, 0, 3, 59, 45, 0
980, 0, 1, 59, 59, 0
980, 0, 3, 60, 45, 0
980, 0, 1, 60, 59, 0
980, 0, 3, 61, 45, 0
980, 0, 1, 61, 59, 0
980, 0, 3, 62, 45, 0
980, 0, 1, 62, 59, 0
980, 2, 2, 63, 45, 0
980, 0, 2, 63, 46, 0
980, 0, 2, 63, 47, 0
980, 0, 2, 63, 48, 0
980, 0, 2, 63, 49, 0
980, 0, 2, 63, 50, 0
980, 0, 2, 63, 54, 0
980, 0, 2, 63, 55, 0
980, 0, 2, 63, 56, 0
980, 0, 2, 63, 57, 0
980, 0, 2, 63, 58, 0
980, 2, 1, 63, 59, 0
981, 3, 3, 49, 50, 0
981, 3, 0, 49, 51, 0
981, 3, 2, 63, 51, 0
981, 3, 1, 63, 53, 0
1019, 6, 3, 10, 11, 1
1019, 6, 1, 16, 17, 1
1019, 6, 2, 18, 11, 1
1020, 6, 0, 10, 15, 1
1020, 6, 2, 16, 9, 1
1021, 6, 3, 12, 9, 1
1021, 6, 1, 18, 15, 1
1022, 5, 2, 18, 13, 0
1023, 5, 2, 18, 12, 0
1088, 11, 3, 16, 14, 1
1088, 10, 0, 17, 15, 1
1102, 10, 0, 13, 11, 1
1102, 10, 0, 14, 14, 1
1116, 10, 3, 7, 11, 0
1116, 10, 3, 7, 12, 0
1116, 10, 3, 7, 13, 0
1116, 10, 3, 7, 14, 0
1116, 10, 3, 7, 15, 0
1116, 10, 3, 7, 16, 0
1116, 10, 2, 8, 10, 0
1116, 10, 0, 8, 17, 0
1116, 10, 3, 9, 4, 0
1116, 10, 3, 9, 5, 0
1116, 10, 3, 9, 6, 0
1116, 10, 3, 9, 7, 0
1116, 10, 3, 9, 8, 0
1116, 10, 3, 9, 9, 0
1116, 10, 0, 9, 17, 0
1116, 10, 2, 10, 3, 0
1116, 10, 3, 10, 18, 0
1116, 10, 3, 10, 19, 0
1116, 10, 2, 11, 3, 0
1116, 10, 0, 11, 20, 0
1116, 10, 2, 12, 3, 0
1116, 10, 0, 12, 20, 0
1116, 10, 0, 13, 20, 0
1116, 10, 2, 14, 3, 0
1116, 10, 0, 14, 20, 0
1116, 10, 2, 15, 3, 0
1116, 10, 0, 15, 20, 0
1116, 10, 2, 16, 3, 0
1116, 10, 0, 16, 20, 0
1116, 10, 2, 17, 3, 0
1116, 10, 0, 17, 20, 0
1116, 10, 2, 18, 3, 0
1116, 10, 1, 18, 18, 0
1116, 10, 1, 18, 19, 0
1116, 10, 1, 19, 4, 0
1116, 10, 1, 19, 5, 0
1116, 10, 1, 19, 6, 0
1116, 10, 1, 19, 7, 0
1116, 10, 1, 19, 8, 0
1116, 10, 1, 19, 9, 0
1116, 10, 0, 19, 17, 0
1116, 10, 2, 20, 10, 0
1116, 10, 0, 20, 17, 0
1116, 10, 1, 21, 11, 0
1116, 10, 1, 21, 12, 0
1116, 10, 1, 21, 13, 0
1116, 10, 1, 21, 14, 0
1116, 10, 1, 21, 15, 0
1116, 10, 1, 21, 16, 0
1117, 10, 3, 7, 10, 0
1117, 10, 0, 7, 17, 0
1117, 10, 3, 9, 3, 0
1117, 10, 1, 9, 10, 0
1117, 10, 2, 10, 17, 0
1117, 10, 0, 10, 20, 0
1117, 10, 3, 18, 17, 0
1117, 10, 1, 18, 20, 0
1117, 10, 2, 19, 3, 0
1117, 10, 0, 19, 10, 0
1117, 10, 2, 21, 10, 0
1117, 10, 1, 21, 17, 0
1187, 10, 3, 5, 41, 0
1187, 10, 3, 9, 35, 0
1187, 10, 0, 10, 39, 0
1187, 10, 2, 10, 43, 0
1187, 10, 0, 15, 37, 0
1187, 10, 1, 15, 40, 0
1188, 10, 2, 2, 38, 0
1188, 10, 1, 6, 46, 0
1188, 10, 3, 12, 34, 0
1188, 10, 1, 13, 44, 0
1189, 10, 1, 9, 52, 0
1189, 10, 3, 10, 49, 0
1189, 10, 0, 12, 53, 0
1189, 10, 3, 13, 54, 0
1189, 10, 1, 14, 58, 0
1189, 10, 3, 16, 55, 0
1189, 10, 2, 17, 51, 0
1189, 10, 2, 17, 53, 0
1189, 10, 0, 19, 62, 0
1189, 10, 2, 20, 52, 0
1189, 10, 3, 21, 60, 0
1189, 10, 1, 33, 56, 0
1189, 10, 3, 34, 52, 0
1189, 10, 2, 35, 54, 0
1189, 10, 1, 36, 59, 0
1189, 10, 0, 37, 61, 0
1189, 10, 3, 41, 59, 0
1189, 10, 2, 47, 39, 0
1189, 10, 0, 48, 42, 0
1189, 10, 1, 50, 37, 0
1189, 10, 3, 53, 41, 0
1189, 10, 2, 58, 38, 0
1189, 10, 3, 59, 40, 0
1189, 10, 1, 60, 41, 0
1189, 10, 0, 61, 40, 0
1196, 10, 1, 28, 57, 0
1197, 10, 2, 21, 32, 0
1197, 10, 1, 21, 35, 0
1197, 10, 0, 23, 38, 0
1197, 10, 3, 24, 30, 0
1197, 10, 3, 26, 36, 0
1197, 10, 2, 26, 52, 0
1197, 10, 3, 30, 46, 0
1198, 10, 3, 20, 32, 0
1198, 10, 2, 22, 36, 0
1198, 10, 0, 23, 30, 0
1198, 10, 3, 25, 31, 0
1198, 10, 1, 25, 34, 0
1244, 22, 1, 4, 13, 0
1244, 22, 1, 6, 1, 0
1244, 22, 1, 6, 7, 0
1244, 22, 1, 21, 2, 0
1244, 22, 1, 56, 61, 0
1246, 22, 3, 0, 10, 0
1246, 22, 0, 2, 9, 0
1246, 22, 0, 2, 16, 0
1246, 22, 2, 2, 21, 0
1246, 22, 1, 3, 24, 0
1246, 22, 0, 3, 33, 0
1246, 22, 3, 3, 40, 0
1246, 22, 3, 4, 18, 0
1246, 22, 0, 4, 32, 0
1246, 22, 2, 4, 47, 0
1246, 22, 1, 4, 58, 0
1246, 22, 1, 5, 5, 0
1246, 22, 1, 5, 36, 0
1246, 22, 0, 5, 38, 0
1246, 22, 2, 5, 41, 0
1246, 22, 2, 5, 51, 0
1246, 22, 0, 6, 22, 0
1246, 22, 3, 6, 27, 0
1246, 22, 3, 6, 49, 0
1246, 22, 1, 6, 59, 0
1246, 22, 3, 7, 40, 0
1246, 22, 1, 7, 44, 0
1246, 22, 0, 7, 51, 0
1246, 22, 2, 8, 2, 0
1246, 22, 1, 8, 22, 0
1246, 22, 2, 8, 56, 0
1246, 22, 0, 9, 37, 0
1246, 22, 3, 9, 38, 0
1246, 22, 0, 11, 23, 0
1246, 22, 3, 11, 45, 0
1246, 22, 2, 12, 42, 0
1246, 22, 1, 13, 37, 0
1246, 22, 0, 13, 58, 0
1246, 22, 3, 14, 23, 0
1246, 22, 0, 16, 43, 0
1246, 22, 2, 17, 24, 0
1246, 22, 0, 19, 48, 0
1246, 22, 1, 20, 22, 0
1246, 22, 1, 21, 5, 0
1246, 22, 2, 22, 7, 0
1246, 22, 0, 22, 22, 0
1246, 22, 0, 23, 4, 0
1246, 22, 1, 23, 15, 0
1246, 22, 3, 23, 56, 0
1246, 22, 0, 24, 52, 0
1246, 22, 3, 25, 3, 0
1246, 22, 0, 25, 12, 0
1246, 22, 2, 25, 15, 0
1246, 22, 2, 26, 9, 0
1246, 22, 3, 26, 10, 0
1246, 22, 3, 26, 18, 0
1246, 22, 2, 26, 54, 0
1246, 22, 1, 27, 50, 0
1246, 22, 1, 28, 50, 0
1246, 22, 1, 29, 16, 0
1246, 22, 0, 29, 45, 0
1246, 22, 2, 29, 52, 0
1246, 22, 1, 29, 56, 0
1246, 22, 3, 29, 60, 0
1246, 22, 0, 30, 18, 0
1246, 22, 0, 31, 48, 0
1246, 22, 3, 31, 56, 0
1246, 22, 1, 32, 24, 0
1246, 22, 0, 32, 29, 0
1246, 22, 1, 32, 44, 0
1246, 22, 0, 32, 54, 0
1246, 22, 3, 33, 8, 0
1246, 22, 3, 33, 20, 0
1246, 22, 3, 33, 47, 0
1246, 22, 1, 34, 4, 0
1246, 22, 2, 34, 6, 0
1246, 22, 2, 34, 45, 0
1246, 22, 1, 34, 55, 0
1246, 22, 2, 35, 26, 0
1246, 22, 0, 35, 52, 0
1246, 22, 0, 35, 57, 0
1246, 22, 3, 37, 3, 0
1246, 22, 0, 37, 5, 0
1246, 22, 3, 37, 26, 0
1246, 22, 1, 37, 37, 0
1246, 22, 3, 37, 48, 0
1246, 22, 1, 37, 55, 0
1246, 22, 1, 38, 10, 0
1246, 22, 3, 38, 14, 0
1246, 22, 3, 38, 31, 0
1246, 22, 3, 38, 52, 0
1246, 22, 0, 38, 54, 0
1246, 22, 3, 38, 58, 0
1246, 22, 3, 39, 5, 0
1246, 22, 2, 39, 34, 0
1246, 22, 2, 39, 57, 0
1246, 22, 0, 40, 38, 0
1246, 22, 3, 41, 7, 0
1246, 22, 1, 41, 12, 0
1246, 22, 2, 42, 30, 0
1246, 22, 3, 43, 32, 0
1246, 22, 1, 44, 2, 0
1246, 22, 2, 45, 16, 0
1246, 22, 0, 45, 25, 0
1246, 22, 1, 46, 29, 0
1246, 22, 0, 48, 5, 0
1246, 22, 3, 49, 4, 0
1246, 22, 3, 52, 2, 0
1246, 22, 2, 52, 5, 0
1246, 22, 2, 53, 7, 0
1246, 22, 1, 54, 4, 0
1246, 22, 0, 55, 8, 0
1247, 22, 3, 0, 9, 0
1247, 22, 0, 0, 12, 0
1247, 22, 0, 1, 9, 0
1247, 22, 1, 1, 12, 0
1247, 22, 3, 1, 15, 0
1247, 22, 0, 2, 6, 0
1247, 22, 1, 2, 7, 0
1247, 22, 1, 2, 11, 0
1247, 22, 3, 2, 15, 0
1247, 22, 1, 2, 20, 0
1247, 22, 0, 2, 36, 0
1247, 22, 2, 3, 3, 0
1247, 22, 3, 3, 6, 0
1247, 22, 2, 3, 7, 0
1247, 22, 2, 3, 9, 0
1247, 22, 3, 3, 11, 0
1247, 22, 1, 3, 14, 0
1247, 22, 0, 3, 15, 0
1247, 22, 3, 3, 17, 0
1247, 22, 2, 3, 18, 0
1247, 22, 2, 3, 19, 0
1247, 22, 0, 3, 21, 0
1247, 22, 3, 3, 23, 0
1247, 22, 3, 3, 32, 0
1247, 22, 1, 3, 36, 0
1247, 22, 2, 3, 38, 0
1247, 22, 3, 3, 39, 0
1247, 22, 3, 4, 3, 0
1247, 22, 0, 4, 9, 0
1247, 22, 2, 4, 10, 0
1247, 22, 2, 4, 12, 0
1247, 22, 3, 4, 14, 0
1247, 22, 3, 4, 17, 0
1247, 22, 0, 4, 33, 0
1247, 22, 0, 4, 40, 0
1247, 22, 1, 5, 9, 0
1247, 22, 0, 5, 11, 0
1247, 22, 3, 5, 13, 0
1247, 22, 2, 5, 16, 0
1247, 22, 2, 5, 21, 0
1247, 22, 2, 5, 22, 0
1247, 22, 0, 5, 37, 0
1247, 22, 2, 5, 40, 0
1247, 22, 1, 5, 43, 0
1247, 22, 0, 5, 44, 0
1247, 22, 1, 6, 4, 0
1247, 22, 2, 6, 8, 0
1247, 22, 1, 6, 11, 0
1247, 22, 3, 6, 13, 0
1247, 22, 1, 6, 16, 0
1247, 22, 2, 6, 17, 0
1247, 22, 2, 6, 19, 0
1247, 22, 3, 6, 35, 0
1247, 22, 1, 6, 37, 0
1247, 22, 1, 6, 40, 0
1247, 22, 0, 6, 41, 0
1247, 22, 1, 6, 42, 0
1247, 22, 1, 7, 2, 0
1247, 22, 3, 7, 6, 0
1247, 22, 0, 7, 9, 0
1247, 22, 2, 7, 19, 0
1247, 22, 0, 7, 20, 0
1247, 22, 0, 7, 21, 0
1247, 22, 3, 7, 22, 0
1247, 22, 2, 7, 24, 0
1247, 22, 2, 7, 35, 0
1247, 22, 1, 7, 36, 0
1247, 22, 3, 7, 39, 0
1247, 22, 3, 7, 43, 0
1247, 22, 2, 8, 3, 0
1247, 22, 1, 8, 4, 0
1247, 22, 0, 8, 5, 0
1247, 22, 1, 8, 9, 0
1247, 22, 1, 8, 20, 0
1247, 22, 3, 8, 23, 0
1247, 22, 0, 8, 40, 0
1247, 22, 3, 8, 41, 0
1247, 22, 3, 8, 42, 0
1247, 22, 0, 9, 4, 0
1247, 22, 3, 9, 18, 0
1247, 22, 0, 9, 20, 0
1247, 22, 0, 9, 21, 0
1247, 22, 1, 9, 25, 0
1247, 22, 3, 9, 26, 0
1247, 22, 1, 9, 42, 0
1247, 22, 3, 9, 44, 0
1247, 22, 1, 10, 22, 0
1247, 22, 3, 10, 26, 0
1247, 22, 0, 10, 41, 0
1247, 22, 1, 10, 42, 0
1247, 22, 0, 10, 44, 0
1247, 22, 1, 10, 46, 0
1247, 22, 3, 11, 5, 0
1247, 22, 1, 11, 6, 0
1247, 22, 0, 11, 21, 0
1247, 22, 1, 11, 37, 0
1247, 22, 3, 11, 39, 0
1247, 22, 0, 11, 40, 0
1247, 22, 2, 11, 42, 0
1247, 22, 0, 11, 43, 0
1247, 22, 2, 12, 22, 0
1247, 22, 3, 12, 23, 0
1247, 22, 0, 12, 36, 0
1247, 22, 3, 12, 38, 0
1247, 22, 2, 12, 39, 0
1247, 22, 1, 12, 40, 0
1247, 22, 1, 12, 43, 0
1247, 22, 0, 13, 23, 0
1247, 22, 2, 14, 21, 0
1247, 22, 2, 14, 25, 0
1247, 22, 3, 14, 28, 0
1247, 22, 3, 15, 24, 0
1247, 22, 1, 15, 27, 0
1247, 22, 2, 15, 46, 0
1247, 22, 2, 15, 47, 0
1247, 22, 1, 16, 22, 0
1247, 22, 2, 16, 23, 0
1247, 22, 1, 16, 24, 0
1247, 22, 0, 16, 34, 0
1247, 22, 0, 16, 35, 0
1247, 22, 0, 16, 42, 0
1247, 22, 3, 17, 1, 0
1247, 22, 2, 17, 2, 0
1247, 22, 3, 17, 4, 0
1247, 22, 0, 17, 6, 0
1247, 22, 0, 17, 7, 0
1247, 22, 0, 17, 21, 0
1247, 22, 3, 17, 35, 0
1247, 22, 3, 17, 42, 0
1247, 22, 3, 18, 2, 0
1247, 22, 1, 18, 5, 0
1247, 22, 0, 18, 6, 0
1247, 22, 1, 18, 22, 0
1247, 22, 2, 18, 23, 0
1247, 22, 0, 18, 24, 0
1247, 22, 1, 18, 48, 0
1247, 22, 0, 18, 49, 0
1247, 22, 3, 19, 20, 0
1247, 22, 3, 19, 24, 0
1247, 22, 3, 19, 49, 0
1247, 22, 0, 20, 5, 0
1247, 22, 3, 20, 7, 0
1247, 22, 0, 20, 9, 0
1247, 22, 1, 20, 19, 0
1247, 22, 1, 20, 20, 0
1247, 22, 2, 20, 24, 0
1247, 22, 1, 21, 3, 0
1247, 22, 1, 21, 6, 0
1247, 22, 2, 21, 9, 0
1247, 22, 2, 21, 19, 0
1247, 22, 2, 21, 22, 0
1247, 22, 0, 22, 2, 0
1247, 22, 1, 22, 8, 0
1247, 22, 1, 22, 9, 0
1247, 22, 0, 22, 24, 0
1247, 22, 3, 23, 10, 0
1247, 22, 0, 23, 12, 0
1247, 22, 1, 23, 13, 0
1247, 22, 2, 23, 19, 0
1247, 22, 1, 23, 20, 0
1247, 22, 3, 23, 24, 0
1247, 22, 1, 23, 54, 0
1247, 22, 1, 23, 55, 0
1247, 22, 2, 24, 11, 0
1247, 22, 2, 24, 13, 0
1247, 22, 2, 24, 14, 0
1247, 22, 0, 24, 16, 0
1247, 22, 0, 24, 17, 0
1247, 22, 3, 24, 18, 0
1247, 22, 2, 24, 19, 0
1247, 22, 1, 24, 20, 0
1247, 22, 1, 25, 7, 0
1247, 22, 3, 25, 13, 0
1247, 22, 1, 25, 16, 0
1247, 22, 1, 25, 21, 0
1247, 22, 3, 25, 53, 0
1247, 22, 3, 25, 54, 0
1247, 22, 1, 26, 12, 0
1247, 22, 0, 26, 14, 0
1247, 22, 2, 26, 20, 0
1247, 22, 3, 26, 21, 0
1247, 22, 0, 26, 46, 0
1247, 22, 2, 26, 50, 0
1247, 22, 2, 26, 53, 0
1247, 22, 3, 27, 11, 0
1247, 22, 2, 27, 12, 0
1247, 22, 1, 27, 28, 0
1247, 22, 3, 27, 39, 0
1247, 22, 0, 27, 45, 0
1247, 22, 3, 27, 49, 0
1247, 22, 1, 27, 54, 0
1247, 22, 3, 28, 16, 0
1247, 22, 3, 28, 24, 0
1247, 22, 0, 28, 27, 0
1247, 22, 2, 28, 38, 0
1247, 22, 3, 28, 39, 0
1247, 22, 3, 28, 45, 0
1247, 22, 1, 28, 51, 0
1247, 22, 0, 28, 55, 0
1247, 22, 3, 28, 56, 0
1247, 22, 0, 29, 15, 0
1247, 22, 2, 29, 18, 0
1247, 22, 2, 29, 19, 0
1247, 22, 0, 29, 23, 0
1247, 22, 2, 29, 44, 0
1247, 22, 1, 29, 51, 0
1247, 22, 1, 29, 53, 0
1247, 22, 2, 29, 55, 0
1247, 22, 3, 30, 11, 0
1247, 22, 0, 30, 12, 0
1247, 22, 1, 30, 19, 0
1247, 22, 3, 30, 29, 0
1247, 22, 3, 30, 30, 0
1247, 22, 2, 30, 42, 0
1247, 22, 0, 30, 53, 0
1247, 22, 1, 30, 55, 0
1247, 22, 1, 31, 1, 0
1247, 22, 3, 31, 11, 0
1247, 22, 3, 31, 25, 0
1247, 22, 0, 31, 32, 0
1247, 22, 1, 31, 43, 0
1247, 22, 3, 31, 52, 0
1247, 22, 1, 32, 6, 0
1247, 22, 2, 32, 8, 0
1247, 22, 2, 32, 26, 0
1247, 22, 2, 32, 31, 0
1247, 22, 1, 32, 32, 0
1247, 22, 3, 32, 35, 0
1247, 22, 0, 32, 45, 0
1247, 22, 1, 32, 46, 0
1247, 22, 2, 32, 52, 0
1247, 22, 3, 32, 55, 0
1247, 22, 3, 32, 56, 0
1247, 22, 0, 32, 57, 0
1247, 22, 2, 33, 4, 0
1247, 22, 3, 33, 5, 0
1247, 22, 3, 33, 9, 0
1247, 22, 3, 33, 29, 0
1247, 22, 3, 33, 30, 0
1247, 22, 0, 33, 35, 0
1247, 22, 2, 33, 36, 0
1247, 22, 1, 33, 44, 0
1247, 22, 2, 33, 45, 0
1247, 22, 0, 34, 5, 0
1247, 22, 0, 34, 7, 0
1247, 22, 0, 34, 8, 0
1247, 22, 2, 34, 10, 0
1247, 22, 1, 34, 19, 0
1247, 22, 1, 34, 20, 0
1247, 22, 1, 34, 35, 0
1247, 22, 2, 34, 36, 0
1247, 22, 0, 34, 51, 0
1247, 22, 3, 34, 56, 0
1247, 22, 2, 34, 57, 0
1247, 22, 2, 34, 58, 0
1247, 22, 2, 34, 59, 0
1247, 22, 0, 35, 3, 0
1247, 22, 2, 35, 7, 0
1247, 22, 0, 35, 22, 0
1247, 22, 3, 35, 25, 0
1247, 22, 3, 35, 45, 0
1247, 22, 3, 35, 50, 0
1247, 22, 2, 35, 53, 0
1247, 22, 0, 35, 55, 0
1247, 22, 0, 36, 1, 0
1247, 22, 3, 36, 3, 0
1247, 22, 1, 36, 5, 0
1247, 22, 1, 36, 6, 0
1247, 22, 2, 36, 10, 0
1247, 22, 3, 36, 14, 0
1247, 22, 0, 36, 22, 0
1247, 22, 2, 36, 24, 0
1247, 22, 2, 36, 29, 0
1247, 22, 2, 36, 30, 0
1247, 22, 1, 36, 31, 0
1247, 22, 2, 36, 37, 0
1247, 22, 1, 36, 38, 0
1247, 22, 2, 36, 53, 0
1247, 22, 0, 36, 55, 0
1247, 22, 0, 36, 57, 0
1247, 22, 3, 37, 0, 0
1247, 22, 0, 37, 1, 0
1247, 22, 1, 37, 10, 0
1247, 22, 2, 37, 19, 0
1247, 22, 2, 37, 20, 0
1247, 22, 3, 37, 21, 0
1247, 22, 2, 37, 24, 0
1247, 22, 0, 37, 27, 0
1247, 22, 3, 37, 28, 0
1247, 22, 1, 37, 38, 0
1247, 22, 0, 37, 45, 0
1247, 22, 3, 37, 54, 0
1247, 22, 1, 37, 56, 0
1247, 22, 3, 37, 58, 0
1247, 22, 3, 37, 59, 0
1247, 22, 2, 38, 5, 0
1247, 22, 2, 38, 9, 0
1247, 22, 1, 38, 15, 0
1247, 22, 1, 38, 19, 0
1247, 22, 0, 38, 29, 0
1247, 22, 2, 38, 34, 0
1247, 22, 1, 38, 35, 0
1247, 22, 0, 38, 39, 0
1247, 22, 3, 38, 40, 0
1247, 22, 3, 38, 44, 0
1247, 22, 0, 38, 45, 0
1247, 22, 1, 38, 47, 0
1247, 22, 2, 38, 48, 0
1247, 22, 2, 38, 55, 0
1247, 22, 1, 38, 59, 0
1247, 22, 3, 39, 3, 0
1247, 22, 1, 39, 4, 0
1247, 22, 3, 39, 35, 0
1247, 22, 0, 39, 37, 0
1247, 22, 2, 39, 39, 0
1247, 22, 0, 39, 49, 0
1247, 22, 3, 39, 51, 0
1247, 22, 0, 39, 53, 0
1247, 22, 1, 39, 58, 0
1247, 22, 0, 40, 7, 0
1247, 22, 0, 40, 11, 0
1247, 22, 0, 40, 12, 0
1247, 22, 0, 40, 25, 0
1247, 22, 0, 40, 26, 0
1247, 22, 1, 40, 36, 0
1247, 22, 2, 40, 53, 0
1247, 22, 3, 41, 8, 0
1247, 22, 0, 41, 24, 0
1247, 22, 3, 41, 25, 0
1247, 22, 3, 41, 35, 0
1247, 22, 0, 41, 37, 0
1247, 22, 1, 41, 52, 0
1247, 22, 2, 41, 53, 0
1247, 22, 3, 41, 55, 0
1247, 22, 0, 41, 56, 0
1247, 22, 3, 43, 6, 0
1247, 22, 0, 43, 7, 0
1247, 22, 0, 43, 20, 0
1247, 22, 0, 43, 21, 0
1247, 22, 2, 43, 33, 0
1247, 22, 3, 43, 36, 0
1247, 22, 3, 44, 6, 0
1247, 22, 0, 44, 16, 0
1247, 22, 0, 44, 20, 0
1247, 22, 0, 44, 21, 0
1247, 22, 1, 44, 31, 0
1247, 22, 2, 44, 33, 0
1247, 22, 0, 44, 36, 0
1247, 22, 0, 44, 37, 0
1247, 22, 0, 45, 1, 0
1247, 22, 0, 45, 15, 0
1247, 22, 1, 45, 31, 0
1247, 22, 0, 45, 32, 0
1247, 22, 3, 45, 33, 0
1247, 22, 3, 46, 35, 0
1247, 22, 1, 47, 5, 0
1247, 22, 2, 47, 6, 0
1247, 22, 2, 47, 25, 0
1247, 22, 1, 47, 34, 0
1247, 22, 0, 47, 35, 0
1247, 22, 0, 48, 6, 0
1247, 22, 2, 48, 24, 0
1247, 22, 1, 48, 25, 0
1247, 22, 1, 48, 35, 0
1247, 22, 2, 49, 2, 0
1247, 22, 3, 49, 3, 0
1247, 22, 0, 50, 3, 0
1247, 22, 2, 50, 30, 0
1247, 22, 1, 50, 31, 0
1247, 22, 3, 51, 1, 0
1247, 22, 0, 51, 27, 0
1247, 22, 0, 51, 28, 0
1247, 22, 2, 51, 30, 0
1247, 22, 2, 52, 1, 0
1247, 22, 2, 52, 7, 0
1247, 22, 3, 52, 28, 0
1247, 22, 3, 53, 8, 0
1247, 22, 1, 54, 3, 0
1247, 22, 1, 55, 3, 0
1247, 22, 0, 55, 4, 0
1247, 22, 0, 55, 9, 0
1247, 22, 1, 56, 8, 0
1247, 22, 3, 58, 3, 0
1247, 22, 3, 58, 4, 0
1247, 22, 2, 59, 3, 0
1247, 22, 2, 59, 4, 0
1248, 22, 1, 1, 1, 0
1248, 22, 1, 22, 11, 0
1248, 22, 1, 62, 1, 0
1248, 22, 1, 62, 63, 0
1257, 22, 3, 2, 57, 0
1257, 22, 3, 2, 58, 0
1257, 22, 3, 3, 29, 0
1257, 22, 2, 3, 30, 0
1257, 22, 1, 3, 31, 0
1257, 22, 1, 3, 56, 0
1257, 22, 0, 3, 57, 0
1257, 22, 3, 4, 29, 0
1257, 22, 2, 4, 34, 0
1257, 22, 1, 4, 35, 0
1257, 22, 1, 4, 36, 0
1257, 22, 3, 4, 54, 0
1257, 22, 0, 4, 55, 0
1257, 22, 0, 5, 34, 0
1257, 22, 2, 5, 53, 0
1257, 22, 1, 5, 54, 0
1257, 22, 2, 5, 55, 0
1257, 22, 1, 6, 54, 0
1257, 22, 1, 7, 29, 0
1257, 22, 1, 7, 53, 0
1257, 22, 0, 7, 54, 0
1257, 22, 2, 8, 30, 0
1257, 22, 0, 8, 32, 0
1257, 22, 0, 8, 54, 0
1257, 22, 1, 9, 33, 0
1257, 22, 2, 10, 33, 0
1257, 22, 3, 10, 34, 0
1257, 22, 3, 13, 60, 0
1257, 22, 2, 13, 61, 0
1257, 22, 3, 14, 60, 0
1257, 22, 2, 14, 61, 0
1257, 22, 2, 15, 56, 0
1257, 22, 1, 15, 57, 0
1257, 22, 1, 15, 61, 0
1257, 22, 1, 16, 56, 0
1257, 22, 1, 16, 61, 0
1257, 22, 3, 16, 62, 0
1257, 22, 0, 16, 63, 0
1257, 22, 2, 17, 31, 0
1257, 22, 0, 17, 56, 0
1257, 22, 2, 17, 62, 0
1257, 22, 3, 18, 29, 0
1257, 22, 1, 18, 32, 0
1257, 22, 0, 18, 34, 0
1257, 22, 0, 18, 56, 0
1257, 22, 2, 18, 62, 0
1257, 22, 0, 19, 29, 0
1257, 22, 2, 19, 36, 0
1257, 22, 3, 19, 41, 0
1257, 22, 2, 19, 42, 0
1257, 22, 2, 19, 43, 0
1257, 22, 3, 19, 56, 0
1257, 22, 1, 19, 57, 0
1257, 22, 1, 19, 62, 0
1257, 22, 1, 20, 29, 0
1257, 22, 1, 20, 36, 0
1257, 22, 1, 20, 37, 0
1257, 22, 3, 20, 40, 0
1257, 22, 1, 20, 44, 0
1257, 22, 0, 20, 56, 0
1257, 22, 2, 20, 57, 0
1257, 22, 2, 21, 28, 0
1257, 22, 1, 21, 29, 0
1257, 22, 0, 21, 38, 0
1257, 22, 0, 21, 40, 0
1257, 22, 1, 21, 44, 0
1257, 22, 0, 21, 45, 0
1257, 22, 3, 21, 55, 0
1257, 22, 3, 21, 56, 0
1257, 22, 2, 22, 28, 0
1257, 22, 0, 22, 38, 0
1257, 22, 3, 22, 41, 0
1257, 22, 0, 22, 45, 0
1257, 22, 2, 22, 56, 0
1257, 22, 3, 23, 28, 0
1257, 22, 0, 23, 29, 0
1257, 22, 3, 23, 38, 0
1257, 22, 2, 23, 42, 0
1257, 22, 0, 23, 45, 0
1257, 22, 3, 24, 39, 0
1257, 22, 2, 24, 42, 0
1257, 22, 2, 24, 43, 0
1257, 22, 1, 24, 44, 0
1257, 22, 0, 25, 29, 0
1257, 22, 0, 25, 30, 0
1257, 22, 2, 25, 38, 0
1257, 22, 0, 25, 59, 0
1257, 22, 3, 25, 61, 0
1257, 22, 0, 26, 4, 0
1257, 22, 1, 26, 5, 0
1257, 22, 1, 26, 30, 0
1257, 22, 1, 26, 38, 0
1257, 22, 2, 26, 60, 0
1257, 22, 3, 26, 61, 0
1257, 22, 3, 27, 3, 0
1257, 22, 1, 27, 6, 0
1257, 22, 0, 27, 7, 0
1257, 22, 1, 27, 31, 0
1257, 22, 0, 27, 36, 0
1257, 22, 1, 27, 62, 0
1257, 22, 2, 28, 2, 0
1257, 22, 2, 28, 6, 0
1257, 22, 3, 28, 7, 0
1257, 22, 0, 28, 9, 0
1257, 22, 3, 28, 10, 0
1257, 22, 1, 28, 26, 0
1257, 22, 1, 28, 32, 0
1257, 22, 2, 28, 33, 0
1257, 22, 2, 28, 34, 0
1257, 22, 3, 28, 35, 0
1257, 22, 3, 28, 36, 0
1257, 22, 2, 28, 61, 0
1257, 22, 0, 28, 62, 0
1257, 22, 1, 29, 2, 0
1257, 22, 0, 29, 3, 0
1257, 22, 3, 29, 11, 0
1257, 22, 1, 29, 25, 0
1257, 22, 3, 29, 29, 0
1257, 22, 2, 29, 31, 0
1257, 22, 2, 29, 34, 0
1257, 22, 0, 29, 61, 0
1257, 22, 1, 30, 1, 0
1257, 22, 3, 30, 3, 0
1257, 22, 2, 30, 4, 0
1257, 22, 3, 30, 6, 0
1257, 22, 3, 30, 7, 0
1257, 22, 2, 30, 8, 0
1257, 22, 0, 30, 10, 0
1257, 22, 0, 30, 61, 0
1257, 22, 1, 30, 62, 0
1257, 22, 2, 31, 2, 0
1257, 22, 3, 31, 3, 0
1257, 22, 1, 31, 5, 0
1257, 22, 1, 31, 6, 0
1257, 22, 2, 31, 8, 0
1257, 22, 1, 31, 9, 0
1257, 22, 0, 31, 10, 0
1257, 22, 2, 32, 13, 0
1257, 22, 3, 32, 23, 0
1257, 22, 1, 32, 34, 0
1257, 22, 3, 32, 60, 0
1257, 22, 0, 33, 23, 0
1257, 22, 1, 33, 34, 0
1257, 22, 1, 33, 58, 0
1257, 22, 2, 33, 59, 0
1257, 22, 0, 33, 61, 0
1257, 22, 3, 34, 23, 0
1257, 22, 3, 34, 24, 0
1257, 22, 2, 34, 30, 0
1257, 22, 0, 34, 34, 0
1257, 22, 0, 35, 23, 0
1257, 22, 0, 35, 34, 0
1257, 22, 3, 35, 35, 0
1257, 22, 1, 36, 23, 0
1257, 22, 1, 36, 49, 0
1257, 22, 2, 36, 50, 0
1257, 22, 0, 36, 59, 0
1257, 22, 1, 36, 62, 0
1257, 22, 2, 37, 22, 0
1257, 22, 1, 37, 23, 0
1257, 22, 1, 37, 49, 0
1257, 22, 3, 37, 50, 0
1257, 22, 1, 37, 51, 0
1257, 22, 3, 37, 60, 0
1257, 22, 3, 37, 61, 0
1257, 22, 0, 37, 62, 0
1257, 22, 3, 38, 21, 0
1257, 22, 0, 38, 49, 0
1257, 22, 2, 38, 60, 0
1257, 22, 2, 38, 61, 0
1257, 22, 1, 39, 47, 0
1257, 22, 0, 39, 48, 0
1257, 22, 2, 40, 24, 0
1257, 22, 2, 40, 28, 0
1257, 22, 1, 40, 29, 0
1257, 22, 1, 40, 46, 0
1257, 22, 0, 40, 47, 0
1257, 22, 2, 41, 46, 0
1257, 22, 3, 41, 47, 0
1257, 22, 2, 41, 51, 0
1257, 22, 1, 42, 26, 0
1257, 22, 0, 42, 27, 0
1257, 22, 3, 42, 28, 0
1257, 22, 3, 42, 47, 0
1257, 22, 2, 42, 49, 0
1257, 22, 2, 42, 50, 0
1257, 22, 1, 42, 52, 0
1257, 22, 3, 43, 48, 0
1257, 22, 3, 43, 49, 0
1257, 22, 0, 43, 50, 0
1257, 22, 0, 43, 51, 0
1257, 22, 1, 43, 52, 0
1257, 22, 0, 45, 39, 0
1257, 22, 0, 45, 40, 0
1257, 22, 1, 46, 38, 0
1257, 22, 3, 46, 41, 0
1257, 22, 2, 46, 42, 0
1257, 22, 3, 47, 14, 0
1257, 22, 1, 47, 38, 0
1257, 22, 0, 48, 13, 0
1257, 22, 2, 48, 19, 0
1257, 22, 3, 49, 17, 0
1257, 22, 3, 49, 18, 0
1257, 22, 2, 49, 19, 0
1257, 22, 2, 49, 37, 0
1257, 22, 1, 49, 41, 0
1257, 22, 1, 50, 14, 0
1257, 22, 3, 50, 16, 0
1257, 22, 1, 50, 20, 0
1257, 22, 1, 51, 21, 0
1257, 22, 1, 52, 14, 0
1257, 22, 0, 52, 22, 0
1257, 22, 3, 52, 23, 0
1257, 22, 0, 52, 38, 0
1257, 22, 2, 53, 14, 0
1257, 22, 3, 53, 15, 0
1257, 22, 2, 53, 22, 0
1257, 22, 2, 53, 24, 0
1257, 22, 2, 53, 34, 0
1257, 22, 2, 53, 35, 0
1257, 22, 3, 53, 36, 0
1257, 22, 2, 54, 13, 0
1257, 22, 0, 54, 16, 0
1257, 22, 1, 54, 25, 0
1257, 22, 1, 54, 34, 0
1257, 22, 3, 54, 36, 0
1257, 22, 0, 55, 16, 0
1257, 22, 1, 55, 17, 0
1257, 22, 2, 55, 19, 0
1257, 22, 0, 55, 25, 0
1257, 22, 0, 55, 34, 0
1257, 22, 3, 56, 19, 0
1257, 22, 0, 56, 25, 0
1257, 22, 3, 56, 37, 0
1257, 22, 3, 56, 40, 0
1257, 22, 3, 56, 41, 0
1257, 22, 0, 57, 20, 0
1257, 22, 3, 57, 25, 0
1257, 22, 0, 57, 36, 0
1257, 22, 3, 58, 25, 0
1257, 22, 1, 58, 35, 0
1257, 22, 0, 59, 21, 0
1257, 22, 2, 59, 23, 0
1257, 22, 3, 59, 25, 0
1257, 22, 1, 59, 39, 0
1257, 22, 1, 59, 40, 0
1257, 22, 1, 59, 41, 0
1257, 22, 2, 60, 23, 0
1257, 22, 2, 60, 39, 0
1257, 22, 2, 61, 37, 0
1257, 22, 2, 61, 38, 0
1258, 22, 3, 1, 59, 0
1258, 22, 3, 2, 52, 0
1258, 22, 1, 2, 53, 0
1258, 22, 1, 2, 54, 0
1258, 22, 3, 2, 59, 0
1258, 22, 2, 3, 53, 0
1258, 22, 2, 3, 54, 0
1258, 22, 0, 4, 30, 0
1258, 22, 0, 4, 31, 0
1258, 22, 2, 4, 53, 0
1258, 22, 1, 4, 56, 0
1258, 22, 0, 4, 57, 0
1258, 22, 3, 5, 32, 0
1258, 22, 2, 5, 33, 0
1258, 22, 3, 5, 52, 0
1258, 22, 1, 5, 56, 0
1258, 22, 1, 6, 29, 0
1258, 22, 2, 6, 30, 0
1258, 22, 2, 6, 31, 0
1258, 22, 2, 6, 32, 0
1258, 22, 3, 6, 34, 0
1258, 22, 2, 6, 56, 0
1258, 22, 0, 7, 31, 0
1258, 22, 0, 7, 32, 0
1258, 22, 1, 7, 34, 0
1258, 22, 2, 8, 33, 0
1258, 22, 1, 9, 34, 0
1258, 22, 1, 9, 35, 0
1258, 22, 0, 10, 35, 0
1258, 22, 3, 10, 36, 0
1258, 22, 3, 10, 37, 0
1258, 22, 2, 10, 38, 0
1258, 22, 3, 14, 58, 0
1258, 22, 2, 14, 59, 0
1258, 22, 0, 15, 58, 0
1258, 22, 1, 16, 58, 0
1258, 22, 1, 16, 59, 0
1258, 22, 2, 17, 58, 0
1258, 22, 3, 18, 31, 0
1258, 22, 3, 18, 33, 0
1258, 22, 3, 18, 58, 0
1258, 22, 0, 18, 59, 0
1258, 22, 1, 19, 34, 0
1258, 22, 1, 19, 61, 0
1258, 22, 2, 20, 33, 0
1258, 22, 0, 20, 35, 0
1258, 22, 2, 20, 60, 0
1258, 22, 0, 20, 62, 0
1258, 22, 3, 21, 37, 0
1258, 22, 1, 21, 41, 0
1258, 22, 2, 21, 58, 0
1258, 22, 3, 21, 61, 0
1258, 22, 1, 22, 29, 0
1258, 22, 2, 22, 31, 0
1258, 22, 1, 22, 32, 0
1258, 22, 0, 22, 34, 0
1258, 22, 3, 22, 35, 0
1258, 22, 1, 22, 37, 0
1258, 22, 2, 22, 42, 0
1258, 22, 1, 22, 43, 0
1258, 22, 0, 22, 44, 0
1258, 22, 3, 22, 58, 0
1258, 22, 3, 22, 59, 0
1258, 22, 3, 22, 61, 0
1258, 22, 2, 22, 62, 0
1258, 22, 3, 22, 63, 0
1258, 22, 2, 23, 30, 0
1258, 22, 2, 23, 31, 0
1258, 22, 1, 23, 37, 0
1258, 22, 3, 23, 44, 0
1258, 22, 1, 23, 58, 0
1258, 22, 0, 23, 60, 0
1258, 22, 0, 23, 61, 0
1258, 22, 2, 23, 62, 0
1258, 22, 2, 24, 29, 0
1258, 22, 3, 24, 30, 0
1258, 22, 2, 24, 31, 0
1258, 22, 3, 24, 32, 0
1258, 22, 3, 24, 38, 0
1258, 22, 1, 24, 58, 0
1258, 22, 2, 24, 59, 0
1258, 22, 3, 25, 32, 0
1258, 22, 0, 25, 33, 0
1258, 22, 0, 25, 35, 0
1258, 22, 1, 25, 36, 0
1258, 22, 1, 25, 37, 0
1258, 22, 0, 26, 31, 0
1258, 22, 2, 26, 35, 0
1258, 22, 2, 26, 57, 0
1258, 22, 1, 27, 4, 0
1258, 22, 1, 27, 32, 0
1258, 22, 2, 27, 34, 0
1258, 22, 3, 27, 35, 0
1258, 22, 0, 27, 37, 0
1258, 22, 3, 27, 58, 0
1258, 22, 1, 27, 61, 0
1258, 22, 0, 28, 3, 0
1258, 22, 3, 28, 4, 0
1258, 22, 1, 28, 5, 0
1258, 22, 1, 28, 29, 0
1258, 22, 2, 29, 5, 0
1258, 22, 1, 29, 6, 0
1258, 22, 0, 29, 7, 0
1258, 22, 3, 29, 8, 0
1258, 22, 3, 29, 9, 0
1258, 22, 2, 29, 10, 0
1258, 22, 3, 29, 27, 0
1258, 22, 1, 29, 28, 0
1258, 22, 2, 30, 5, 0
1258, 22, 1, 30, 9, 0
1258, 22, 2, 30, 31, 0
1258, 22, 2, 31, 28, 0
1258, 22, 2, 32, 28, 0
1258, 22, 1, 33, 28, 0
1258, 22, 1, 33, 31, 0
1258, 22, 2, 33, 33, 0
1258, 22, 2, 33, 60, 0
1258, 22, 2, 34, 31, 0
1258, 22, 1, 34, 32, 0
1258, 22, 1, 34, 33, 0
1258, 22, 3, 34, 62, 0
1258, 22, 3, 34, 63, 0
1258, 22, 1, 35, 32, 0
1258, 22, 2, 35, 33, 0
1258, 22, 0, 35, 61, 0
1258, 22, 3, 35, 62, 0
1258, 22, 2, 36, 34, 0
1258, 22, 0, 36, 61, 0
1258, 22, 1, 37, 33, 0
1258, 22, 1, 37, 34, 0
1258, 22, 0, 38, 22, 0
1258, 22, 3, 38, 25, 0
1258, 22, 0, 38, 26, 0
1258, 22, 1, 39, 22, 0
1258, 22, 0, 39, 23, 0
1258, 22, 0, 39, 32, 0
1258, 22, 0, 40, 23, 0
1258, 22, 0, 40, 32, 0
1258, 22, 1, 40, 33, 0
1258, 22, 0, 41, 29, 0
1258, 22, 1, 41, 30, 0
1258, 22, 1, 41, 31, 0
1258, 22, 0, 41, 32, 0
1258, 22, 0, 41, 48, 0
1258, 22, 0, 41, 49, 0
1258, 22, 0, 42, 48, 0
1258, 22, 3, 47, 15, 0
1258, 22, 2, 47, 39, 0
1258, 22, 3, 47, 40, 0
1258, 22, 3, 47, 41, 0
1258, 22, 1, 48, 14, 0
1258, 22, 3, 48, 16, 0
1258, 22, 0, 48, 41, 0
1258, 22, 1, 49, 15, 0
1258, 22, 2, 49, 16, 0
1258, 22, 3, 49, 38, 0
1258, 22, 1, 49, 39, 0
1258, 22, 0, 49, 40, 0
1258, 22, 0, 50, 19, 0
1258, 22, 0, 51, 17, 0
1258, 22, 1, 51, 18, 0
1258, 22, 0, 51, 19, 0
1258, 22, 3, 51, 37, 0
1258, 22, 0, 52, 16, 0
1258, 22, 2, 52, 21, 0
1258, 22, 3, 53, 39, 0
1258, 22, 0, 53, 40, 0
1258, 22, 1, 53, 41, 0
1258, 22, 3, 54, 21, 0
1258, 22, 0, 54, 22, 0
1258, 22, 2, 54, 23, 0
1258, 22, 2, 54, 41, 0
1258, 22, 3, 55, 21, 0
1258, 22, 2, 55, 24, 0
1258, 22, 3, 55, 40, 0
1258, 22, 2, 55, 41, 0
1258, 22, 1, 56, 24, 0
1258, 22, 2, 57, 38, 0
1258, 22, 1, 57, 41, 0
1258, 22, 1, 58, 36, 0
1258, 22, 1, 58, 40, 0
1258, 22, 1, 58, 41, 0
1258, 22, 3, 60, 38, 0
1259, 22, 1, 2, 60, 0
1259, 22, 0, 3, 52, 0
1259, 22, 2, 3, 61, 0
1259, 22, 1, 4, 49, 0
1259, 22, 2, 4, 51, 0
1259, 22, 2, 4, 61, 0
1259, 22, 3, 5, 29, 0
1259, 22, 2, 5, 30, 0
1259, 22, 1, 5, 31, 0
1259, 22, 2, 5, 57, 0
1259, 22, 3, 5, 58, 0
1259, 22, 0, 6, 33, 0
1259, 22, 3, 6, 52, 0
1259, 22, 3, 6, 55, 0
1259, 22, 2, 6, 57, 0
1259, 22, 0, 7, 30, 0
1259, 22, 3, 7, 33, 0
1259, 22, 2, 7, 55, 0
1259, 22, 2, 8, 34, 0
1259, 22, 1, 8, 35, 0
1259, 22, 0, 8, 36, 0
1259, 22, 1, 8, 58, 0
1259, 22, 0, 8, 59, 0
1259, 22, 3, 9, 36, 0
1259, 22, 3, 9, 57, 0
1259, 22, 3, 10, 57, 0
1259, 22, 2, 11, 55, 0
1259, 22, 0, 13, 59, 0
1259, 22, 2, 14, 56, 0
1259, 22, 1, 14, 57, 0
1259, 22, 0, 15, 59, 0
1259, 22, 0, 15, 60, 0
1259, 22, 3, 16, 57, 0
1259, 22, 3, 16, 60, 0
1259, 22, 0, 17, 57, 0
1259, 22, 2, 17, 59, 0
1259, 22, 1, 18, 60, 0
1259, 22, 2, 19, 30, 0
1259, 22, 3, 19, 31, 0
1259, 22, 0, 19, 32, 0
1259, 22, 1, 19, 59, 0
1259, 22, 1, 19, 60, 0
1259, 22, 2, 20, 30, 0
1259, 22, 0, 20, 31, 0
1259, 22, 1, 20, 34, 0
1259, 22, 2, 20, 42, 0
1259, 22, 1, 20, 43, 0
1259, 22, 2, 20, 61, 0
1259, 22, 3, 21, 30, 0
1259, 22, 2, 21, 31, 0
1259, 22, 2, 21, 32, 0
1259, 22, 1, 21, 33, 0
1259, 22, 2, 21, 35, 0
1259, 22, 3, 21, 36, 0
1259, 22, 0, 21, 43, 0
1259, 22, 0, 21, 59, 0
1259, 22, 3, 21, 60, 0
1259, 22, 0, 21, 62, 0
1259, 22, 3, 22, 30, 0
1259, 22, 3, 22, 57, 0
1259, 22, 1, 22, 60, 0
1259, 22, 3, 23, 41, 0
1259, 22, 2, 23, 43, 0
1259, 22, 2, 23, 59, 0
1259, 22, 3, 26, 33, 0
1259, 22, 2, 26, 36, 0
1259, 22, 1, 26, 37, 0
1259, 22, 1, 26, 58, 0
1259, 22, 1, 26, 59, 0
1259, 22, 1, 27, 5, 0
1259, 22, 0, 27, 59, 0
1259, 22, 3, 27, 60, 0
1259, 22, 3, 28, 60, 0
1259, 22, 0, 29, 4, 0
1259, 22, 0, 29, 26, 0
1259, 22, 3, 30, 25, 0
1259, 22, 3, 30, 26, 0
1259, 22, 0, 30, 27, 0
1259, 22, 1, 30, 28, 0
1259, 22, 0, 31, 4, 0
1259, 22, 2, 31, 27, 0
1259, 22, 2, 32, 27, 0
1259, 22, 0, 33, 24, 0
1259, 22, 2, 33, 32, 0
1259, 22, 3, 34, 25, 0
1259, 22, 3, 34, 26, 0
1259, 22, 3, 34, 27, 0
1259, 22, 1, 34, 60, 0
1259, 22, 1, 34, 61, 0
1259, 22, 2, 35, 60, 0
1259, 22, 0, 36, 33, 0
1259, 22, 0, 36, 58, 0
1259, 22, 3, 36, 60, 0
1259, 22, 1, 37, 32, 0
1259, 22, 3, 38, 23, 0
1259, 22, 3, 38, 24, 0
1259, 22, 1, 38, 32, 0
1259, 22, 0, 38, 33, 0
1259, 22, 3, 39, 24, 0
1259, 22, 0, 39, 25, 0
1259, 22, 0, 39, 26, 0
1259, 22, 3, 39, 27, 0
1259, 22, 0, 39, 33, 0
1259, 22, 3, 40, 27, 0
1259, 22, 3, 40, 30, 0
1259, 22, 0, 40, 31, 0
1259, 22, 0, 40, 48, 0
1259, 22, 0, 40, 49, 0
1259, 22, 3, 40, 50, 0
1259, 22, 2, 40, 51, 0
1259, 22, 0, 41, 27, 0
1259, 22, 3, 41, 28, 0
1259, 22, 2, 41, 50, 0
1259, 22, 1, 42, 51, 0
1259, 22, 2, 47, 13, 0
1259, 22, 3, 48, 15, 0
1259, 22, 0, 48, 37, 0
1259, 22, 0, 48, 38, 0
1259, 22, 3, 48, 39, 0
1259, 22, 2, 48, 40, 0
1259, 22, 1, 49, 13, 0
1259, 22, 0, 49, 14, 0
1259, 22, 3, 50, 17, 0
1259, 22, 0, 50, 18, 0
1259, 22, 2, 51, 20, 0
1259, 22, 1, 52, 18, 0
1259, 22, 1, 52, 20, 0
1259, 22, 1, 52, 35, 0
1259, 22, 2, 52, 36, 0
1259, 22, 2, 52, 37, 0
1259, 22, 2, 53, 17, 0
1259, 22, 0, 53, 21, 0
1259, 22, 1, 53, 37, 0
1259, 22, 3, 54, 35, 0
1259, 22, 0, 54, 40, 0
1259, 22, 2, 55, 22, 0
1259, 22, 2, 56, 22, 0
1259, 22, 2, 56, 23, 0
1259, 22, 1, 56, 39, 0
1259, 22, 2, 57, 21, 0
1259, 22, 0, 57, 39, 0
1259, 22, 2, 57, 40, 0
1259, 22, 1, 58, 37, 0
1259, 22, 0, 58, 39, 0
1259, 22, 3, 59, 38, 0
1260, 22, 3, 58, 38, 0
1276, 10, 2, 0, 9, 0
1276, 10, 2, 0, 12, 0
1276, 10, 1, 1, 15, 0
1276, 10, 2, 2, 6, 0
1276, 10, 1, 2, 8, 0
1276, 10, 1, 2, 10, 0
1276, 10, 3, 2, 20, 0
1276, 10, 2, 2, 23, 0
1276, 10, 2, 3, 3, 0
1276, 10, 1, 3, 14, 0
1276, 10, 0, 3, 17, 0
1276, 10, 0, 3, 41, 0
1276, 10, 2, 3, 46, 0
1276, 10, 0, 4, 9, 0
1276, 10, 1, 5, 4, 0
1276, 10, 3, 5, 16, 0
1276, 10, 2, 5, 21, 0
1276, 10, 0, 5, 26, 0
1276, 10, 1, 5, 43, 0
1276, 10, 1, 6, 18, 0
1276, 10, 0, 6, 38, 0
1276, 10, 3, 7, 2, 0
1276, 10, 0, 7, 5, 0
1276, 10, 3, 7, 23, 0
1276, 10, 2, 7, 43, 0
1276, 10, 0, 8, 18, 0
1276, 10, 0, 8, 37, 0
1276, 10, 2, 9, 25, 0
1276, 10, 0, 9, 28, 0
1276, 10, 3, 9, 41, 0
1276, 10, 1, 10, 21, 0
1276, 10, 0, 10, 23, 0
1276, 10, 3, 11, 39, 0
1276, 10, 2, 11, 42, 0
1276, 10, 2, 14, 24, 0
1276, 10, 0, 14, 27, 0
1276, 10, 1, 14, 46, 0
1276, 10, 3, 16, 21, 0
1276, 10, 2, 16, 23, 0
1276, 10, 2, 16, 34, 0
1276, 10, 2, 16, 42, 0
1276, 10, 0, 17, 1, 0
1276, 10, 3, 18, 48, 0
1276, 10, 0, 19, 26, 0
1276, 10, 2, 20, 5, 0
1276, 10, 3, 21, 2, 0
1276, 10, 2, 21, 21, 0
1276, 10, 3, 22, 23, 0
1276, 10, 3, 22, 55, 0
1276, 10, 0, 23, 4, 0
1276, 10, 2, 23, 9, 0
1276, 10, 2, 23, 14, 0
1276, 10, 1, 23, 19, 0
1276, 10, 3, 23, 26, 0
1276, 10, 0, 23, 51, 0
1276, 10, 3, 24, 2, 0
1276, 10, 1, 24, 7, 0
1276, 10, 0, 25, 9, 0
1276, 10, 3, 25, 14, 0
1276, 10, 3, 25, 20, 0
1276, 10, 1, 25, 53, 0
1276, 10, 3, 26, 11, 0
1276, 10, 3, 26, 49, 0
1276, 10, 0, 27, 27, 0
1276, 10, 1, 27, 53, 0
1276, 10, 2, 28, 15, 0
1276, 10, 1, 28, 23, 0
1276, 10, 0, 28, 50, 0
1276, 10, 2, 28, 55, 0
1276, 10, 2, 28, 58, 0
1276, 10, 3, 29, 18, 0
1276, 10, 3, 29, 52, 0
1276, 10, 1, 29, 60, 0
1276, 10, 3, 30, 11, 0
1276, 10, 0, 30, 29, 0
1276, 10, 3, 31, 1, 0
1276, 10, 3, 31, 31, 0
1276, 10, 0, 31, 52, 0
1276, 10, 0, 31, 57, 0
1276, 10, 1, 32, 29, 0
1276, 10, 1, 32, 47, 0
1276, 10, 1, 33, 4, 0
1276, 10, 0, 33, 9, 0
1276, 10, 0, 33, 19, 0
1276, 10, 2, 33, 35, 0
1276, 10, 2, 34, 44, 0
1276, 10, 2, 34, 50, 0
1276, 10, 3, 34, 58, 0
1276, 10, 2, 35, 6, 0
1276, 10, 0, 35, 21, 0
1276, 10, 1, 35, 52, 0
1276, 10, 2, 36, 0, 0
1276, 10, 0, 36, 27, 0
1276, 10, 3, 36, 37, 0
1276, 10, 3, 37, 9, 0
1276, 10, 2, 37, 14, 0
1276, 10, 1, 37, 19, 0
1276, 10, 1, 37, 47, 0
1276, 10, 2, 37, 55, 0
1276, 10, 1, 38, 4, 0
1276, 10, 2, 38, 34, 0
1276, 10, 3, 38, 36, 0
1276, 10, 1, 38, 39, 0
1276, 10, 3, 38, 50, 0
1276, 10, 1, 40, 7, 0
1276, 10, 0, 40, 11, 0
1276, 10, 1, 40, 25, 0
1276, 10, 2, 40, 35, 0
1276, 10, 0, 40, 37, 0
1276, 10, 0, 40, 52, 0
1276, 10, 1, 40, 55, 0
1276, 10, 3, 42, 29, 0
1276, 10, 2, 43, 20, 0
1276, 10, 1, 43, 36, 0
1276, 10, 2, 44, 15, 0
1276, 10, 1, 46, 28, 0
1276, 10, 3, 47, 24, 0
1276, 10, 0, 47, 34, 0
1276, 10, 0, 50, 30, 0
1276, 10, 2, 51, 27, 0
1278, 10, 2, 3, 58, 0
1278, 10, 1, 5, 60, 0
1278, 10, 0, 6, 58, 0
1278, 10, 0, 7, 56, 0
1278, 10, 1, 9, 55, 0
1278, 10, 3, 10, 61, 0
1278, 10, 2, 12, 58, 0
1278, 10, 0, 26, 45, 0
1278, 10, 2, 27, 38, 0
1278, 10, 1, 28, 44, 0
1278, 10, 3, 30, 42, 0
1278, 10, 0, 30, 47, 0
1278, 10, 1, 32, 44, 0
1278, 10, 3, 37, 44, 0
1278, 10, 3, 43, 6, 0
1278, 10, 0, 44, 1, 0
1278, 10, 2, 47, 5, 0
1278, 10, 1, 49, 3, 0
1278, 10, 0, 51, 1, 0
1278, 10, 3, 52, 4, 0
1278, 10, 2, 52, 7, 0
1278, 10, 1, 54, 3, 0
1278, 10, 3, 55, 8, 0
1278, 10, 0, 58, 3, 0
1281, 10, 1, 3, 38, 0
1281, 10, 0, 4, 11, 0
1281, 10, 2, 5, 35, 0
1281, 10, 1, 5, 49, 0
1281, 10, 3, 6, 7, 0
1281, 10, 0, 6, 40, 0
1281, 10, 1, 7, 20, 0
1281, 10, 3, 9, 44, 0
1281, 10, 2, 11, 36, 0
1281, 10, 1, 12, 21, 0
1281, 10, 3, 18, 22, 0
1281, 10, 2, 19, 18, 0
1281, 10, 2, 20, 7, 0
1281, 10, 1, 23, 11, 0
1281, 10, 0, 24, 16, 0
1281, 10, 0, 30, 54, 0
1281, 10, 3, 31, 24, 0
1281, 10, 3, 32, 6, 0
1281, 10, 1, 34, 55, 0
1281, 10, 2, 35, 3, 0
1281, 10, 0, 35, 24, 0
1281, 10, 1, 36, 29, 0
1281, 10, 2, 37, 52, 0
1281, 10, 3, 37, 57, 0
1281, 10, 1, 43, 24, 0
1281, 10, 1, 43, 31, 0
1306, 10, 1, 2, 35, 0
1306, 10, 1, 3, 32, 0
1306, 10, 1, 8, 31, 0
1306, 10, 2, 10, 4, 0
1306, 10, 2, 10, 6, 0
1306, 10, 2, 17, 4, 0
1306, 10, 2, 17, 6, 0
1394, 10, 3, 43, 61, 0
1394, 10, 1, 44, 55, 0
1394, 10, 0, 45, 59, 0
1394, 10, 3, 47, 62, 0
1394, 10, 1, 50, 41, 0
1394, 10, 1, 51, 14, 0
1394, 10, 2, 51, 39, 0
1394, 10, 2, 54, 38, 0
1394, 10, 3, 56, 35, 0
1394, 10, 1, 57, 23, 0
1394, 10, 0, 57, 40, 0
1394, 10, 3, 58, 61, 0
1394, 10, 2, 59, 36, 0
1394, 10, 0, 60, 15, 0
1394, 10, 1, 60, 18, 0
1394, 10, 2, 61, 21, 0
1394, 10, 2, 62, 62, 0
1530, 0, 3, 14, 9, 0
1602, 3, 0, 2, 63, 0
1602, 3, 1, 6, 63, 0
1602, 3, 1, 13, 63, 0
1602, 3, 0, 16, 63, 0
1602, 3, 1, 20, 63, 0
1602, 3, 0, 26, 63, 0
1620, 1, 3, 11, 11, 1
1620, 1, 0, 11, 15, 1
1620, 1, 3, 12, 10, 1
1620, 1, 0, 12, 16, 1
1620, 1, 2, 16, 10, 1
1620, 1, 1, 16, 16, 1
1620, 1, 2, 17, 11, 1
1620, 1, 1, 17, 15, 1
1620, 1, 3, 11, 11, 2
1620, 1, 0, 11, 15, 2
1620, 1, 3, 12, 10, 2
1620, 1, 0, 12, 16, 2
1620, 1, 2, 16, 10, 2
1620, 1, 1, 16, 16, 2
1620, 1, 2, 17, 11, 2
1620, 1, 1, 17, 15, 2
1621, 9, 3, 10, 11, 0
1621, 0, 0, 10, 12, 0
1621, 0, 0, 10, 13, 0
1621, 0, 0, 10, 14, 0
1621, 9, 0, 10, 15, 0
1621, 9, 3, 11, 10, 0
1621, 1, 3, 11, 11, 0
1621, 1, 0, 11, 15, 0
1621, 9, 0, 11, 16, 0
1621, 9, 3, 12, 9, 0
1621, 1, 3, 12, 10, 0
1621, 1, 0, 12, 16, 0
1621, 9, 0, 12, 17, 0
1621, 0, 3, 13, 9, 0
1621, 0, 1, 13, 17, 0
1621, 0, 1, 14, 17, 0
1621, 0, 3, 15, 9, 0
1621, 0, 1, 15, 17, 0
1621, 9, 2, 16, 9, 0
1621, 1, 2, 16, 10, 0
1621, 1, 1, 16, 16, 0
1621, 9, 1, 16, 17, 0
1621, 9, 2, 17, 10, 0
1621, 1, 2, 17, 11, 0
1621, 1, 1, 17, 15, 0
1621, 9, 1, 17, 16, 0
1621, 9, 2, 18, 11, 0
1621, 0, 2, 18, 12, 0
1621, 0, 2, 18, 13, 0
1621, 0, 2, 18, 14, 0
1621, 9, 1, 18, 15, 0
1621, 9, 3, 10, 11, 1
1621, 0, 0, 10, 12, 1
1621, 0, 0, 10, 13, 1
1621, 0, 0, 10, 14, 1
1621, 9, 0, 10, 15, 1
1621, 9, 3, 11, 10, 1
1621, 9, 0, 11, 16, 1
1621, 9, 3, 12, 9, 1
1621, 9, 0, 12, 17, 1
1621, 0, 3, 13, 9, 1
1621, 0, 1, 13, 17, 1
1621, 0, 3, 14, 9, 1
1621, 0, 1, 14, 17, 1
1621, 0, 3, 15, 9, 1
1621, 0, 1, 15, 17, 1
1621, 9, 2, 16, 9, 1
1621, 9, 1, 16, 17, 1
1621, 9, 2, 17, 10, 1
1621, 9, 1, 17, 16, 1
1621, 9, 2, 18, 11, 1
1621, 0, 2, 18, 12, 1
1621, 0, 2, 18, 13, 1
1621, 0, 2, 18, 14, 1
1621, 9, 1, 18, 15, 1
1621, 9, 3, 10, 11, 2
1621, 0, 0, 10, 12, 2
1621, 0, 0, 10, 13, 2
1621, 0, 0, 10, 14, 2
1621, 9, 0, 10, 15, 2
1621, 9, 3, 11, 10, 2
1621, 9, 0, 11, 16, 2
1621, 9, 3, 12, 9, 2
1621, 9, 0, 12, 17, 2
1621, 0, 3, 13, 9, 2
1621, 0, 1, 13, 17, 2
1621, 0, 3, 14, 9, 2
1621, 0, 1, 14, 17, 2
1621, 0, 3, 15, 9, 2
1621, 0, 1, 15, 17, 2
1621, 9, 2, 16, 9, 2
1621, 9, 1, 16, 17, 2
1621, 9, 2, 17, 10, 2
1621, 9, 1, 17, 16, 2
1621, 9, 2, 18, 11, 2
1621, 0, 2, 18, 12, 2
1621, 0, 2, 18, 13, 2
1621, 0, 2, 18, 14, 2
1621, 9, 1, 18, 15, 2
1622, 9, 3, 10, 11, 3
1622, 0, 0, 10, 12, 3
1622, 0, 0, 10, 13, 3
1622, 0, 0, 10, 14, 3
1622, 9, 0, 10, 15, 3
1622, 9, 3, 11, 10, 3
1622, 1, 3, 11, 11, 3
1622, 1, 0, 11, 15, 3
1622, 9, 0, 11, 16, 3
1622, 9, 3, 12, 9, 3
1622, 1, 3, 12, 10, 3
1622, 1, 0, 12, 16, 3
1622, 9, 0, 12, 17, 3
1622, 0, 3, 13, 9, 3
1622, 0, 1, 13, 17, 3
1622, 0, 3, 14, 9, 3
1622, 0, 1, 14, 17, 3
1622, 0, 3, 15, 9, 3
1622, 0, 1, 15, 17, 3
1622, 9, 2, 16, 9, 3
1622, 1, 2, 16, 10, 3
1622, 1, 1, 16, 16, 3
1622, 9, 1, 16, 17, 3
1622, 9, 2, 17, 10, 3
1622, 1, 2, 17, 11, 3
1622, 1, 1, 17, 15, 3
1622, 9, 1, 17, 16, 3
1622, 9, 2, 18, 11, 3
1622, 0, 2, 18, 12, 3
1622, 0, 2, 18, 13, 3
1622, 0, 2, 18, 14, 3
1622, 9, 1, 18, 15, 3
1646, 8, 3, 10, 11, 0
1646, 8, 0, 10, 15, 0
1646, 8, 3, 12, 9, 0
1646, 8, 0, 12, 17, 0
1646, 8, 2, 16, 9, 0
1646, 8, 1, 16, 17, 0
1646, 8, 2, 18, 11, 0
1646, 8, 1, 18, 15, 0
1646, 4, 2, 9, 12, 1
1646, 4, 2, 9, 14, 1
1646, 5, 0, 10, 12, 1
1646, 5, 0, 10, 14, 1
1646, 4, 1, 13, 8, 1
1646, 5, 3, 13, 9, 1
1646, 5, 1, 13, 17, 1
1646, 4, 3, 13, 18, 1
1646, 4, 1, 15, 8, 1
1646, 5, 3, 15, 9, 1
1646, 5, 1, 15, 17, 1
1646, 4, 3, 15, 18, 1
1646, 5, 2, 18, 12, 1
1646, 5, 2, 18, 14, 1
1646, 4, 0, 19, 12, 1
1646, 4, 0, 19, 14, 1
1646, 8, 3, 10, 11, 2
1646, 8, 0, 10, 15, 2
1646, 8, 3, 12, 9, 2
1646, 8, 0, 12, 17, 2
1646, 8, 2, 16, 9, 2
1646, 8, 1, 16, 17, 2
1646, 8, 2, 18, 11, 2
1646, 8, 1, 18, 15, 2
1746, 10, 0, 13, 16, 1
1746, 10, 0, 16, 11, 2
1746, 10, 1, 11, 13, 3
1747, 10, 0, 13, 16, 0
1747, 10, 0, 16, 11, 1
1747, 10, 1, 11, 13, 2
1896, 10, 0, 14, 9, 2
1898, 10, 2, 13, 12, 0
1898, 10, 2, 14, 12, 2
1898, 10, 0, 15, 14, 2
1899, 10, 3, 12, 13, 0
1899, 10, 0, 14, 14, 2
1900, 10, 2, 13, 9, 2
1900, 10, 2, 15, 9, 2
2201, 22, 2, 16, 14, 3
2202, 22, 1, 12, 12, 3
2202, 22, 2, 13, 15, 3
2204, 22, 3, 12, 14, 3
2204, 22, 1, 15, 11, 3
2204, 22, 3, 15, 15, 3
2204, 22, 0, 16, 12, 3
2205, 22, 0, 14, 13, 3
2206, 22, 2, 13, 11, 3
2646, 10, 1, 12, 4, 0
2646, 10, 1, 14, 4, 0
2646, 10, 1, 15, 4, 0
2646, 10, 0, 49, 48, 0
2646, 10, 0, 50, 47, 0
2646, 10, 1, 50, 48, 0
2646, 10, 1, 50, 49, 0
2646, 10, 0, 50, 55, 0
2646, 10, 0, 50, 58, 0
2646, 10, 3, 51, 46, 0
2646, 10, 3, 51, 47, 0
2646, 10, 1, 51, 48, 0
2646, 10, 0, 51, 50, 0
2646, 10, 0, 51, 52, 0
2646, 10, 0, 51, 57, 0
2646, 10, 0, 52, 47, 0
2646, 10, 3, 52, 56, 0
2646, 10, 2, 52, 57, 0
2646, 10, 3, 53, 55, 0
2646, 10, 1, 53, 56, 0
2646, 10, 0, 53, 57, 0
2646, 10, 1, 53, 58, 0
2646, 10, 0, 53, 59, 0
2646, 10, 0, 54, 54, 0
2646, 10, 2, 54, 56, 0
2646, 10, 3, 54, 59, 0
2646, 10, 0, 54, 60, 0
2646, 10, 2, 55, 55, 0
2646, 10, 0, 55, 57, 0
2646, 10, 0, 56, 46, 0
2646, 10, 3, 56, 48, 0
2646, 10, 3, 56, 49, 0
2646, 10, 3, 57, 47, 0
2646, 10, 0, 57, 48, 0
2646, 10, 0, 57, 49, 0
2646, 10, 3, 57, 50, 0
2646, 10, 0, 57, 51, 0
2646, 10, 0, 57, 55, 0
2646, 10, 2, 57, 58, 0
2646, 10, 2, 58, 48, 0
2646, 10, 2, 58, 49, 0
2646, 10, 0, 58, 54, 0
2646, 10, 1, 59, 53, 0
2646, 10, 0, 59, 54, 0
2646, 10, 0, 59, 58, 0
2646, 10, 0, 60, 48, 0
2646, 10, 0, 60, 51, 0
2646, 10, 0, 61, 46, 0
2646, 10, 0, 61, 54, 0
2646, 10, 0, 61, 57, 0
2646, 10, 0, 62, 50, 0
2728, 10, 2, 18, 12, 0
2739, 22, 0, 14, 7, 0
2767, 22, 0, 8, 31, 0
2767, 22, 1, 17, 5, 0
2772, 22, 1, 18, 13, 0
4044, 10, 1, 10, 12, 3
4044, 10, 1, 10, 14, 3
4044, 10, 0, 13, 9, 3
4044, 10, 2, 13, 17, 3
4044, 10, 0, 15, 9, 3
4044, 10, 2, 15, 17, 3
4044, 10, 3, 18, 12, 3
4044, 10, 3, 18, 14, 3
