314, 22, 1, 29, 47, 0
314, 22, 2, 35, 40, 0
314, 22, 1, 37, 39, 0
314, 22, 2, 39, 39, 0
314, 22, 2, 39, 44, 0
314, 22, 3, 49, 51, 0
314, 22, 3, 26, 49, 1
314, 22, 0, 39, 47, 1
314, 22, 0, 49, 47, 1
314, 22, 2, 55, 58, 1
315, 22, 3, 26, 48, 0
315, 22, 1, 26, 50, 0
315, 22, 2, 27, 49, 0
315, 22, 1, 28, 47, 0
315, 22, 0, 28, 51, 0
315, 22, 0, 29, 48, 0
315, 22, 3, 29, 50, 0
315, 22, 2, 30, 50, 0
315, 22, 3, 35, 38, 0
315, 22, 1, 36, 47, 0
315, 22, 0, 37, 46, 0
315, 22, 3, 37, 48, 0
315, 22, 1, 38, 38, 0
315, 22, 3, 38, 41, 0
315, 22, 1, 38, 44, 0
315, 22, 2, 38, 47, 0
315, 22, 0, 39, 45, 0
315, 22, 0, 40, 40, 0
315, 22, 3, 40, 42, 0
315, 22, 3, 40, 45, 0
315, 22, 2, 46, 48, 0
315, 22, 2, 46, 49, 0
315, 22, 1, 47, 47, 0
315, 22, 3, 47, 49, 0
315, 22, 1, 47, 50, 0
315, 22, 0, 47, 51, 0
315, 22, 0, 48, 48, 0
315, 22, 3, 48, 51, 0
315, 22, 1, 49, 47, 0
315, 22, 3, 49, 48, 0
315, 22, 0, 49, 50, 0
315, 22, 2, 50, 49, 0
315, 22, 2, 50, 50, 0
315, 22, 3, 26, 48, 1
315, 22, 1, 26, 50, 1
315, 22, 0, 27, 47, 1
315, 22, 2, 27, 49, 1
315, 22, 1, 28, 48, 1
315, 22, 0, 28, 50, 1
315, 22, 2, 29, 47, 1
315, 22, 2, 29, 49, 1
315, 22, 3, 29, 51, 1
315, 22, 1, 30, 50, 1
315, 22, 2, 36, 30, 1
315, 22, 1, 36, 31, 1
315, 22, 3, 36, 45, 1
315, 22, 1, 37, 29, 1
315, 22, 3, 37, 31, 1
315, 22, 0, 37, 44, 1
315, 22, 2, 37, 46, 1
315, 22, 0, 38, 30, 1
315, 22, 1, 38, 45, 1
315, 22, 1, 38, 47, 1
315, 22, 0, 39, 46, 1
315, 22, 2, 39, 48, 1
315, 22, 3, 40, 47, 1
315, 22, 1, 46, 48, 1
315, 22, 3, 46, 50, 1
315, 22, 1, 47, 49, 1
315, 22, 2, 48, 47, 1
315, 22, 3, 48, 50, 1
315, 22, 3, 49, 48, 1
315, 22, 1, 49, 49, 1
315, 22, 2, 49, 51, 1
315, 22, 0, 50, 50, 1
315, 22, 2, 55, 57, 1
315, 22, 3, 56, 57, 1
315, 22, 1, 56, 58, 1
315, 22, 0, 56, 59, 1
315, 22, 0, 57, 56, 1
315, 22, 2, 57, 58, 1
315, 22, 1, 58, 57, 1
316, 22, 1, 26, 49, 0
316, 22, 2, 29, 51, 0
316, 22, 0, 36, 41, 0
316, 22, 3, 37, 42, 0
316, 22, 0, 37, 47, 0
316, 22, 3, 39, 40, 0
316, 22, 0, 39, 41, 0
316, 22, 3, 46, 50, 0
316, 22, 0, 47, 48, 0
316, 22, 1, 50, 48, 0
316, 22, 1, 28, 47, 1
316, 22, 0, 29, 50, 1
316, 22, 1, 37, 30, 1
316, 22, 3, 37, 45, 1
316, 22, 2, 46, 49, 1
316, 22, 1, 49, 50, 1
319, 22, 3, 14, 45, 0
319, 22, 1, 16, 42, 0
319, 22, 0, 19, 47, 0
319, 22, 2, 20, 39, 0
319, 22, 1, 21, 39, 0
319, 22, 2, 24, 36, 0
319, 22, 1, 36, 40, 0
320, 22, 1, 10, 42, 0
320, 22, 0, 11, 41, 0
320, 22, 3, 11, 43, 0
320, 22, 2, 12, 42, 0
320, 22, 2, 13, 45, 0
320, 22, 3, 14, 44, 0
320, 22, 2, 15, 42, 0
320, 22, 0, 15, 44, 0
320, 22, 1, 15, 46, 0
320, 22, 1, 16, 43, 0
320, 22, 0, 16, 45, 0
320, 22, 1, 17, 42, 0
320, 22, 1, 19, 39, 0
320, 22, 2, 20, 38, 0
320, 22, 2, 20, 40, 0
320, 22, 3, 21, 37, 0
320, 22, 1, 21, 40, 0
320, 22, 0, 22, 39, 0
320, 22, 1, 23, 36, 0
320, 22, 1, 23, 38, 0
320, 22, 0, 23, 40, 0
320, 22, 0, 24, 37, 0
320, 22, 3, 24, 39, 0
320, 22, 2, 25, 36, 0
320, 22, 1, 25, 40, 0
320, 22, 1, 37, 40, 0
321, 22, 0, 11, 42, 0
321, 22, 3, 15, 45, 0
321, 22, 1, 21, 38, 0
321, 22, 0, 24, 40, 0
321, 22, 0, 31, 37, 0
321, 22, 2, 38, 40, 0
324, 22, 3, 23, 13, 0
324, 22, 1, 27, 22, 0
324, 22, 2, 29, 16, 0
324, 22, 0, 33, 19, 0
325, 22, 0, 23, 14, 0
325, 22, 1, 24, 14, 0
325, 22, 3, 25, 10, 0
325, 22, 2, 25, 13, 0
325, 22, 2, 26, 9, 0
325, 22, 1, 26, 11, 0
325, 22, 3, 26, 14, 0
325, 22, 3, 26, 16, 0
325, 22, 3, 26, 17, 0
325, 22, 0, 26, 20, 0
325, 22, 1, 26, 22, 0
325, 22, 0, 27, 10, 0
325, 22, 1, 27, 13, 0
325, 22, 2, 27, 15, 0
325, 22, 1, 27, 18, 0
325, 22, 1, 27, 19, 0
325, 22, 3, 27, 21, 0
325, 22, 2, 27, 23, 0
325, 22, 0, 28, 14, 0
325, 22, 3, 28, 16, 0
325, 22, 1, 28, 17, 0
325, 22, 3, 28, 20, 0
325, 22, 1, 28, 22, 0
325, 22, 3, 29, 17, 0
325, 22, 3, 29, 22, 0
325, 22, 3, 29, 23, 0
325, 22, 0, 30, 16, 0
325, 22, 2, 30, 18, 0
325, 22, 2, 30, 19, 0
325, 22, 0, 30, 21, 0
325, 22, 2, 30, 23, 0
325, 22, 1, 31, 17, 0
325, 22, 3, 31, 18, 0
325, 22, 2, 31, 20, 0
325, 22, 1, 31, 22, 0
325, 22, 0, 32, 19, 0
325, 22, 1, 33, 18, 0
325, 22, 2, 33, 20, 0
326, 22, 0, 25, 14, 0
326, 22, 0, 26, 10, 0
326, 22, 2, 27, 14, 0
326, 22, 0, 27, 16, 0
326, 22, 1, 27, 17, 0
326, 22, 1, 27, 20, 0
326, 22, 3, 29, 20, 0
326, 22, 1, 30, 17, 0
326, 22, 2, 30, 22, 0
326, 22, 0, 31, 19, 0
333, 22, 2, 37, 41, 0
333, 22, 1, 38, 39, 0
338, 22, 1, 39, 54, 0
338, 22, 2, 50, 57, 0
339, 22, 0, 31, 56, 0
339, 22, 1, 31, 58, 0
339, 22, 3, 32, 55, 0
339, 22, 1, 32, 57, 0
339, 22, 0, 32, 59, 0
339, 22, 2, 33, 56, 0
339, 22, 0, 33, 58, 0
339, 22, 0, 34, 57, 0
339, 22, 0, 34, 59, 0
339, 22, 3, 36, 58, 0
339, 22, 0, 38, 54, 0
339, 22, 1, 39, 53, 0
339, 22, 2, 40, 52, 0
339, 22, 1, 40, 54, 0
339, 22, 3, 41, 53, 0
339, 22, 1, 41, 55, 0
339, 22, 0, 42, 54, 0
339, 22, 3, 43, 57, 0
339, 22, 1, 43, 58, 0
339, 22, 2, 44, 56, 0
339, 22, 0, 44, 58, 0
339, 22, 3, 45, 57, 0
339, 22, 1, 49, 36, 0
339, 22, 1, 49, 56, 0
339, 22, 0, 49, 57, 0
339, 22, 3, 50, 35, 0
339, 22, 0, 50, 37, 0
339, 22, 2, 50, 58, 0
339, 22, 1, 51, 34, 0
339, 22, 3, 51, 36, 0
339, 22, 2, 51, 56, 0
339, 22, 1, 51, 58, 0
339, 22, 2, 52, 35, 0
339, 22, 3, 52, 57, 0
340, 22, 1, 32, 56, 0
340, 22, 2, 32, 58, 0
340, 22, 3, 34, 58, 0
340, 22, 1, 40, 53, 0
340, 22, 1, 41, 54, 0
340, 22, 0, 44, 57, 0
340, 22, 3, 50, 36, 0
340, 22, 2, 50, 56, 0
340, 22, 0, 51, 35, 0
340, 22, 2, 51, 57, 0
393, 10, 3, 28, 47, 0
393, 10, 0, 36, 46, 0
393, 10, 0, 35, 31, 1
394, 10, 0, 46, 49, 0
395, 10, 0, 39, 48, 0
396, 10, 0, 38, 48, 0
396, 10, 1, 43, 52, 0
396, 10, 1, 30, 49, 1
396, 10, 2, 36, 45, 1
396, 10, 3, 36, 47, 1
396, 10, 3, 46, 50, 1
434, 10, 3, 26, 50, 0
434, 10, 2, 37, 44, 0
434, 10, 2, 39, 44, 0
434, 10, 3, 46, 48, 0
434, 10, 1, 49, 48, 0
434, 10, 0, 36, 32, 1
434, 10, 1, 39, 32, 1
434, 10, 3, 56, 59, 1
435, 10, 0, 27, 47, 0
435, 10, 3, 39, 31, 1
517, 10, 0, 24, 6, 0
519, 10, 2, 22, 6, 0
519, 10, 1, 24, 4, 0
519, 10, 0, 26, 6, 0
620, 10, 1, 28, 49, 0
620, 10, 3, 34, 34, 0
620, 10, 1, 36, 54, 0
620, 10, 0, 40, 56, 0
620, 10, 2, 41, 34, 0
620, 10, 3, 43, 53, 0
620, 10, 2, 47, 56, 0
620, 10, 1, 48, 50, 0
620, 10, 1, 28, 49, 1
620, 10, 0, 49, 49, 1
722, 10, 2, 20, 15, 0
722, 10, 0, 29, 10, 0
730, 22, 2, 2, 10, 0
730, 22, 0, 4, 12, 0
730, 22, 2, 5, 53, 0
730, 22, 0, 7, 59, 0
730, 22, 1, 9, 49, 0
779, 0, 2, 30, 49, 0
779, 0, 2, 40, 46, 0
779, 0, 2, 50, 50, 0
980, 1, 1, 30, 28, 0
980, 0, 2, 30, 29, 0
980, 0, 2, 30, 30, 0
980, 1, 1, 31, 27, 0
980, 9, 1, 31, 28, 0
980, 9, 2, 31, 33, 0
980, 0, 2, 31, 34, 0
980, 1, 2, 31, 35, 0
980, 0, 1, 32, 27, 0
980, 9, 2, 32, 35, 0
980, 1, 2, 32, 36, 0
980, 1, 1, 33, 26, 0
980, 9, 1, 33, 27, 0
980, 9, 2, 33, 36, 0
980, 1, 2, 33, 37, 0
980, 1, 1, 34, 25, 0
980, 9, 1, 34, 26, 0
980, 0, 3, 34, 37, 0
980, 0, 1, 35, 25, 0
980, 0, 3, 35, 37, 0
980, 0, 1, 36, 25, 0
980, 0, 1, 39, 24, 0
980, 1, 0, 40, 24, 0
980, 9, 0, 40, 25, 0
980, 0, 3, 40, 38, 0
980, 1, 0, 41, 25, 0
980, 9, 0, 41, 26, 0
980, 9, 3, 41, 37, 0
980, 1, 3, 41, 38, 0
980, 1, 0, 42, 26, 0
980, 9, 0, 42, 27, 0
980, 9, 3, 42, 35, 0
980, 0, 0, 42, 36, 0
980, 1, 3, 42, 37, 0
980, 1, 0, 43, 27, 0
980, 9, 0, 43, 28, 0
980, 0, 3, 43, 35, 0
980, 1, 0, 44, 28, 0
980, 0, 0, 44, 29, 0
980, 9, 0, 44, 30, 0
980, 9, 3, 44, 34, 0
980, 1, 3, 44, 35, 0
980, 1, 0, 45, 30, 0
980, 0, 0, 45, 31, 0
980, 0, 0, 45, 32, 0
980, 0, 0, 45, 33, 0
980, 1, 3, 45, 34, 0
980, 9, 3, 26, 47, 1
980, 0, 0, 26, 48, 1
980, 0, 0, 26, 49, 1
980, 0, 0, 26, 50, 1
980, 9, 0, 26, 51, 1
980, 0, 3, 27, 47, 1
980, 0, 3, 28, 47, 1
980, 0, 3, 29, 47, 1
980, 9, 2, 30, 47, 1
980, 0, 2, 30, 48, 1
980, 0, 2, 30, 49, 1
980, 0, 2, 30, 50, 1
980, 9, 1, 30, 51, 1
980, 9, 3, 36, 44, 1
980, 0, 0, 36, 45, 1
980, 0, 0, 36, 46, 1
980, 0, 0, 36, 47, 1
980, 9, 0, 36, 48, 1
980, 0, 3, 37, 44, 1
980, 0, 3, 38, 44, 1
980, 0, 3, 39, 44, 1
980, 9, 2, 40, 44, 1
980, 0, 2, 40, 45, 1
980, 0, 2, 40, 46, 1
980, 0, 2, 40, 47, 1
980, 9, 1, 40, 48, 1
980, 9, 3, 46, 47, 1
980, 0, 0, 46, 48, 1
980, 0, 0, 46, 49, 1
980, 0, 0, 46, 50, 1
980, 9, 0, 46, 51, 1
980, 0, 3, 47, 47, 1
980, 0, 3, 48, 47, 1
980, 0, 3, 49, 47, 1
980, 9, 2, 50, 47, 1
980, 0, 2, 50, 48, 1
980, 0, 2, 50, 49, 1
980, 0, 2, 50, 50, 1
980, 9, 1, 50, 51, 1
981, 3, 2, 30, 31, 0
981, 3, 2, 30, 33, 0
981, 3, 3, 36, 37, 0
981, 3, 0, 37, 25, 0
981, 3, 1, 38, 24, 0
981, 3, 2, 39, 38, 0
1007, 0, 1, 27, 51, 1
1007, 0, 1, 37, 48, 1
1007, 0, 1, 47, 51, 1
1008, 0, 1, 29, 51, 1
1008, 0, 1, 39, 48, 1
1008, 0, 1, 49, 51, 1
1113, 11, 0, 33, 34, 0
1113, 11, 2, 34, 33, 0
1113, 11, 0, 35, 34, 0
1113, 10, 3, 35, 53, 0
1113, 11, 3, 35, 55, 0
1113, 10, 0, 37, 54, 0
1113, 11, 2, 39, 55, 0
1113, 11, 1, 40, 33, 0
1113, 11, 0, 40, 35, 0
1113, 10, 0, 40, 57, 0
1113, 10, 0, 41, 56, 0
1113, 10, 2, 42, 53, 0
1113, 10, 1, 43, 54, 0
1113, 11, 1, 44, 52, 0
1113, 10, 1, 46, 56, 0
1113, 11, 0, 46, 57, 0
1113, 10, 3, 47, 51, 0
1113, 10, 2, 47, 55, 0
1113, 10, 1, 49, 51, 0
1113, 10, 3, 27, 49, 1
1113, 10, 2, 28, 48, 1
1113, 10, 0, 28, 50, 1
1113, 10, 3, 39, 48, 1
1113, 10, 0, 40, 45, 1
1113, 11, 2, 48, 48, 1
1113, 10, 0, 49, 50, 1
1113, 10, 1, 50, 49, 1
1123, 10, 1, 8, 45, 0
1123, 10, 0, 9, 54, 0
1123, 10, 3, 11, 38, 0
1160, 10, 2, 32, 52, 0
1160, 10, 1, 36, 49, 0
1160, 10, 0, 39, 49, 0
1160, 10, 0, 45, 52, 0
1160, 10, 1, 53, 54, 0
1160, 10, 2, 53, 59, 0
1160, 10, 0, 37, 33, 1
1160, 10, 1, 38, 45, 1
1162, 10, 3, 5, 32, 0
1162, 10, 0, 5, 34, 0
1162, 10, 0, 6, 33, 0
1175, 10, 1, 12, 23, 0
1176, 10, 3, 0, 19, 0
1176, 10, 0, 1, 26, 0
1176, 10, 3, 11, 24, 0
1177, 10, 2, 0, 18, 0
1177, 10, 3, 1, 30, 0
1177, 10, 1, 9, 24, 0
1177, 10, 2, 11, 22, 0
1177, 10, 3, 18, 22, 0
1184, 10, 2, 55, 28, 0
1186, 10, 2, 8, 8, 0
1186, 10, 3, 10, 7, 0
1186, 10, 2, 18, 58, 0
1186, 10, 3, 19, 46, 0
1186, 10, 2, 28, 36, 0
1186, 10, 1, 40, 13, 0
1186, 10, 0, 41, 16, 0
1186, 10, 3, 42, 21, 0
1186, 10, 1, 46, 16, 0
1186, 10, 3, 46, 36, 0
1186, 10, 2, 47, 20, 0
1186, 10, 1, 48, 25, 0
1186, 10, 1, 48, 36, 0
1186, 10, 0, 49, 16, 0
1186, 10, 3, 53, 38, 0
1186, 10, 2, 54, 18, 0
1186, 10, 3, 54, 29, 0
1186, 10, 0, 54, 34, 0
1186, 10, 0, 56, 38, 0
1186, 10, 3, 57, 25, 0
1186, 10, 1, 57, 42, 0
1186, 10, 3, 58, 20, 0
1186, 10, 1, 59, 13, 0
1186, 10, 0, 59, 18, 0
1186, 10, 3, 59, 29, 0
1186, 10, 3, 60, 10, 0
1186, 10, 2, 60, 40, 0
1186, 10, 2, 60, 48, 0
1186, 10, 2, 61, 13, 0
1186, 10, 0, 61, 25, 0
1186, 10, 3, 61, 36, 0
1186, 10, 1, 62, 46, 0
1186, 10, 0, 63, 38, 0
1222, 22, 2, 4, 22, 0
1222, 22, 3, 6, 18, 0
1222, 22, 3, 7, 9, 0
1222, 22, 1, 7, 39, 0
1222, 22, 1, 10, 15, 0
1222, 22, 1, 11, 8, 0
1222, 22, 0, 11, 14, 0
1222, 22, 1, 13, 39, 0
1222, 22, 3, 14, 14, 0
1222, 22, 3, 17, 20, 0
1222, 22, 3, 18, 16, 0
1222, 22, 3, 19, 18, 0
1222, 22, 1, 20, 13, 0
1222, 22, 3, 20, 27, 0
1222, 22, 3, 28, 63, 0
1222, 22, 3, 35, 63, 0
1222, 22, 3, 41, 63, 0
1222, 22, 0, 59, 44, 0
1222, 22, 1, 60, 43, 0
1222, 22, 1, 61, 45, 0
1222, 22, 2, 62, 8, 0
1222, 22, 2, 62, 20, 0
1222, 22, 2, 63, 5, 0
1222, 22, 2, 63, 8, 0
1223, 22, 3, 9, 5, 0
1223, 22, 2, 10, 14, 0
1223, 22, 3, 11, 13, 0
1223, 22, 1, 12, 14, 0
1223, 22, 2, 14, 13, 0
1223, 22, 3, 14, 15, 0
1223, 22, 1, 15, 15, 0
1223, 22, 0, 15, 20, 0
1223, 22, 2, 17, 19, 0
1223, 22, 3, 18, 17, 0
1223, 22, 1, 19, 17, 0
1223, 22, 0, 19, 19, 0
1223, 22, 2, 28, 62, 0
1223, 22, 0, 29, 62, 0
1223, 22, 2, 35, 62, 0
1224, 22, 3, 3, 22, 0
1224, 22, 0, 7, 40, 0
1224, 22, 2, 10, 39, 0
1224, 22, 3, 11, 33, 0
1224, 22, 1, 12, 36, 0
1224, 22, 3, 13, 29, 0
1224, 22, 0, 13, 40, 0
1224, 22, 3, 14, 26, 0
1224, 22, 0, 14, 32, 0
1224, 22, 0, 15, 7, 0
1224, 22, 1, 16, 39, 0
1224, 22, 0, 17, 27, 0
1224, 22, 2, 18, 15, 0
1224, 22, 2, 18, 19, 0
1224, 22, 2, 20, 26, 0
1224, 22, 0, 23, 27, 0
1224, 22, 2, 41, 62, 0
1224, 22, 0, 60, 44, 0
1224, 22, 2, 61, 20, 0
1224, 22, 1, 61, 44, 0
1225, 22, 2, 5, 22, 0
1225, 22, 2, 5, 41, 0
1225, 22, 0, 6, 40, 0
1225, 22, 3, 7, 38, 0
1225, 22, 2, 8, 40, 0
1225, 22, 0, 9, 39, 0
1225, 22, 1, 10, 31, 0
1225, 22, 3, 11, 32, 0
1225, 22, 1, 11, 34, 0
1225, 22, 2, 12, 33, 0
1225, 22, 3, 12, 35, 0
1225, 22, 1, 12, 37, 0
1225, 22, 1, 13, 30, 0
1225, 22, 0, 13, 32, 0
1225, 22, 3, 13, 38, 0
1225, 22, 3, 14, 31, 0
1225, 22, 2, 14, 40, 0
1225, 22, 0, 15, 39, 0
1225, 22, 0, 16, 13, 0
1225, 22, 2, 18, 27, 0
1225, 22, 2, 19, 15, 0
1225, 22, 0, 19, 26, 0
1225, 22, 1, 20, 28, 0
1225, 22, 3, 21, 29, 0
1225, 22, 2, 24, 27, 0
1225, 22, 0, 25, 26, 0
1225, 22, 3, 29, 61, 0
1225, 22, 2, 36, 62, 0
1225, 22, 0, 40, 62, 0
1225, 22, 2, 42, 62, 0
1225, 22, 2, 59, 21, 0
1225, 22, 0, 60, 20, 0
1225, 22, 1, 61, 21, 0
1225, 22, 0, 61, 41, 0
1226, 22, 1, 6, 19, 0
1226, 22, 2, 11, 39, 0
1226, 22, 0, 12, 40, 0
1226, 22, 3, 13, 28, 0
1226, 22, 3, 14, 6, 0
1226, 22, 1, 14, 7, 0
1226, 22, 1, 14, 27, 0
1226, 22, 2, 15, 13, 0
1226, 22, 1, 15, 16, 0
1226, 22, 2, 15, 26, 0
1226, 22, 2, 16, 7, 0
1226, 22, 0, 16, 27, 0
1226, 22, 1, 17, 5, 0
1226, 22, 1, 20, 14, 0
1226, 22, 2, 21, 26, 0
1226, 22, 0, 22, 27, 0
1226, 22, 0, 58, 44, 0
1226, 22, 2, 60, 3, 0
1226, 22, 3, 60, 42, 0
1226, 22, 3, 61, 43, 0
1226, 22, 1, 61, 46, 0
1226, 22, 0, 62, 5, 0
1226, 22, 2, 62, 41, 0
1226, 22, 2, 63, 20, 0
1226, 22, 0, 63, 23, 0
1227, 22, 3, 14, 8, 0
1227, 22, 2, 14, 17, 0
1227, 22, 1, 17, 6, 0
1227, 22, 2, 17, 7, 0
1227, 22, 3, 57, 43, 0
1227, 22, 1, 61, 4, 0
1227, 22, 1, 61, 47, 0
1227, 22, 1, 62, 22, 0
1227, 22, 2, 63, 41, 0
1228, 22, 0, 5, 21, 0
1228, 22, 1, 6, 38, 0
1228, 22, 2, 6, 41, 0
1228, 22, 3, 7, 37, 0
1228, 22, 0, 8, 39, 0
1228, 22, 2, 9, 40, 0
1228, 22, 3, 11, 31, 0
1228, 22, 1, 11, 40, 0
1228, 22, 0, 12, 32, 0
1228, 22, 3, 12, 34, 0
1228, 22, 1, 12, 38, 0
1228, 22, 3, 12, 39, 0
1228, 22, 0, 13, 27, 0
1228, 22, 1, 13, 31, 0
1228, 22, 2, 13, 33, 0
1228, 22, 3, 13, 37, 0
1228, 22, 3, 14, 30, 0
1228, 22, 0, 14, 39, 0
1228, 22, 2, 15, 17, 0
1228, 22, 1, 15, 27, 0
1228, 22, 2, 15, 40, 0
1228, 22, 3, 16, 26, 0
1228, 22, 2, 20, 15, 0
1228, 22, 1, 20, 29, 0
1228, 22, 1, 21, 27, 0
1228, 22, 3, 21, 28, 0
1228, 22, 3, 22, 26, 0
1228, 22, 0, 24, 26, 0
1228, 22, 2, 25, 27, 0
1228, 22, 1, 28, 61, 0
1228, 22, 3, 29, 60, 0
1228, 22, 0, 36, 61, 0
1228, 22, 1, 56, 43, 0
1228, 22, 3, 57, 42, 0
1228, 22, 1, 57, 44, 0
1228, 22, 3, 58, 43, 0
1228, 22, 0, 59, 20, 0
1228, 22, 2, 60, 21, 0
1228, 22, 0, 60, 41, 0
1228, 22, 3, 61, 3, 0
1228, 22, 1, 61, 5, 0
1228, 22, 1, 61, 22, 0
1228, 22, 2, 61, 42, 0
1228, 22, 1, 61, 48, 0
1228, 22, 3, 62, 4, 0
1228, 22, 3, 62, 21, 0
1228, 22, 1, 62, 23, 0
1228, 22, 3, 62, 47, 0
1228, 22, 3, 63, 22, 0
1229, 22, 1, 6, 17, 0
1229, 22, 1, 7, 8, 0
1229, 22, 3, 7, 10, 0
1229, 22, 1, 9, 4, 0
1229, 22, 0, 10, 5, 0
1229, 22, 3, 10, 16, 0
1229, 22, 1, 11, 7, 0
1229, 22, 3, 11, 9, 0
1229, 22, 1, 11, 12, 0
1229, 22, 0, 12, 13, 0
1229, 22, 2, 14, 20, 0
1229, 22, 1, 14, 25, 0
1229, 22, 1, 15, 6, 0
1229, 22, 1, 15, 19, 0
1229, 22, 1, 17, 4, 0
1229, 22, 3, 17, 21, 0
1229, 22, 1, 17, 26, 0
1229, 22, 3, 18, 20, 0
1229, 22, 1, 20, 12, 0
1229, 22, 2, 58, 21, 0
1229, 22, 2, 59, 3, 0
1229, 22, 2, 61, 8, 0
1229, 22, 2, 63, 2, 0
1229, 22, 2, 63, 13, 0
1230, 22, 3, 6, 20, 0
1230, 22, 0, 6, 21, 0
1230, 22, 1, 6, 37, 0
1230, 22, 2, 14, 9, 0
1230, 22, 1, 28, 60, 0
1230, 22, 0, 37, 61, 0
1230, 22, 2, 39, 63, 0
1230, 22, 0, 43, 61, 0
1230, 22, 1, 56, 42, 0
1230, 22, 3, 62, 48, 0
1241, 22, 3, 5, 19, 0
1241, 22, 3, 5, 23, 0
1241, 22, 3, 6, 8, 0
1241, 22, 3, 6, 16, 0
1241, 22, 3, 6, 22, 0
1241, 22, 3, 6, 30, 0
1241, 22, 3, 6, 31, 0
1241, 22, 3, 6, 32, 0
1241, 22, 3, 6, 33, 0
1241, 22, 3, 6, 34, 0
1241, 22, 3, 7, 7, 0
1241, 22, 3, 7, 17, 0
1241, 22, 3, 7, 18, 0
1241, 22, 3, 7, 19, 0
1241, 22, 3, 7, 30, 0
1241, 22, 3, 7, 32, 0
1241, 22, 3, 7, 33, 0
1241, 22, 3, 7, 34, 0
1241, 22, 3, 8, 9, 0
1241, 22, 3, 8, 10, 0
1241, 22, 3, 8, 29, 0
1241, 22, 3, 8, 32, 0
1241, 22, 3, 8, 33, 0
1241, 22, 3, 8, 34, 0
1241, 22, 3, 9, 13, 0
1241, 22, 3, 9, 14, 0
1241, 22, 3, 9, 15, 0
1241, 22, 3, 9, 16, 0
1241, 22, 3, 9, 29, 0
1241, 22, 0, 9, 30, 0
1241, 22, 0, 9, 31, 0
1241, 22, 3, 10, 8, 0
1241, 22, 0, 10, 11, 0
1241, 22, 0, 10, 12, 0
1241, 22, 3, 10, 13, 0
1241, 22, 3, 10, 17, 0
1241, 22, 1, 10, 28, 0
1241, 22, 1, 10, 29, 0
1241, 22, 0, 10, 32, 0
1241, 22, 0, 10, 33, 0
1241, 22, 3, 11, 6, 0
1241, 22, 3, 11, 10, 0
1241, 22, 3, 11, 16, 0
1241, 22, 3, 11, 17, 0
1241, 22, 3, 11, 18, 0
1241, 22, 1, 11, 28, 0
1241, 22, 0, 11, 30, 0
1241, 22, 3, 12, 8, 0
1241, 22, 3, 12, 12, 0
1241, 22, 3, 12, 15, 0
1241, 22, 3, 12, 16, 0
1241, 22, 3, 12, 17, 0
1241, 22, 3, 12, 18, 0
1241, 22, 1, 12, 28, 0
1241, 22, 0, 12, 29, 0
1241, 22, 3, 13, 8, 0
1241, 22, 3, 13, 12, 0
1241, 22, 3, 13, 13, 0
1241, 22, 3, 13, 14, 0
1241, 22, 3, 13, 15, 0
1241, 22, 3, 13, 16, 0
1241, 22, 3, 13, 17, 0
1241, 22, 3, 13, 18, 0
1241, 22, 3, 13, 19, 0
1241, 22, 3, 13, 20, 0
1241, 22, 2, 14, 11, 0
1241, 22, 2, 14, 12, 0
1241, 22, 3, 14, 21, 0
1241, 22, 3, 15, 8, 0
1241, 22, 3, 15, 9, 0
1241, 22, 0, 15, 14, 0
1241, 22, 3, 15, 21, 0
1241, 22, 3, 16, 8, 0
1241, 22, 0, 16, 14, 0
1241, 22, 0, 16, 15, 0
1241, 22, 0, 16, 16, 0
1241, 22, 0, 16, 17, 0
1241, 22, 3, 16, 19, 0
1241, 22, 3, 16, 20, 0
1241, 22, 3, 16, 21, 0
1241, 22, 0, 17, 18, 0
1241, 22, 3, 18, 21, 0
1241, 22, 2, 18, 29, 0
1241, 22, 2, 18, 31, 0
1241, 22, 2, 18, 32, 0
1241, 22, 2, 18, 33, 0
1241, 22, 0, 18, 53, 0
1241, 22, 3, 19, 20, 0
1241, 22, 1, 19, 27, 0
1241, 22, 2, 19, 29, 0
1241, 22, 2, 19, 30, 0
1241, 22, 2, 19, 31, 0
1241, 22, 2, 19, 32, 0
1241, 22, 2, 19, 33, 0
1241, 22, 0, 19, 53, 0
1241, 22, 0, 19, 54, 0
1241, 22, 2, 20, 30, 0
1241, 22, 2, 20, 31, 0
1241, 22, 2, 20, 32, 0
1241, 22, 2, 20, 33, 0
1241, 22, 1, 21, 25, 0
1241, 22, 2, 21, 30, 0
1241, 22, 2, 21, 31, 0
1241, 22, 2, 21, 32, 0
1241, 22, 2, 21, 33, 0
1241, 22, 0, 21, 46, 0
1241, 22, 2, 22, 24, 0
1241, 22, 2, 22, 25, 0
1241, 22, 2, 22, 28, 0
1241, 22, 2, 22, 29, 0
1241, 22, 2, 22, 30, 0
1241, 22, 2, 22, 31, 0
1241, 22, 2, 22, 32, 0
1241, 22, 2, 22, 33, 0
1241, 22, 2, 22, 34, 0
1241, 22, 0, 22, 46, 0
1241, 22, 3, 22, 50, 0
1241, 22, 2, 23, 23, 0
1241, 22, 2, 23, 24, 0
1241, 22, 2, 23, 25, 0
1241, 22, 2, 23, 26, 0
1241, 22, 2, 23, 28, 0
1241, 22, 2, 23, 29, 0
1241, 22, 2, 23, 30, 0
1241, 22, 2, 23, 31, 0
1241, 22, 2, 23, 32, 0
1241, 22, 2, 23, 33, 0
1241, 22, 0, 23, 44, 0
1241, 22, 0, 23, 45, 0
1241, 22, 0, 23, 46, 0
1241, 22, 3, 23, 48, 0
1241, 22, 3, 23, 49, 0
1241, 22, 2, 24, 23, 0
1241, 22, 2, 24, 24, 0
1241, 22, 2, 24, 25, 0
1241, 22, 2, 24, 28, 0
1241, 22, 2, 24, 29, 0
1241, 22, 2, 24, 30, 0
1241, 22, 2, 24, 31, 0
1241, 22, 2, 24, 32, 0
1241, 22, 2, 24, 33, 0
1241, 22, 0, 24, 44, 0
1241, 22, 2, 25, 23, 0
1241, 22, 2, 25, 24, 0
1241, 22, 2, 25, 25, 0
1241, 22, 2, 25, 28, 0
1241, 22, 2, 25, 29, 0
1241, 22, 2, 25, 30, 0
1241, 22, 2, 25, 31, 0
1241, 22, 2, 25, 32, 0
1241, 22, 0, 25, 44, 0
1241, 22, 0, 26, 44, 0
1241, 22, 0, 27, 42, 0
1241, 22, 0, 27, 44, 0
1241, 22, 0, 28, 42, 0
1241, 22, 0, 28, 43, 0
1241, 22, 0, 28, 44, 0
1241, 22, 0, 29, 43, 0
1241, 22, 0, 29, 44, 0
1241, 22, 1, 29, 63, 0
1241, 22, 0, 30, 43, 0
1241, 22, 1, 30, 63, 0
1241, 22, 0, 31, 42, 0
1241, 22, 0, 31, 43, 0
1241, 22, 1, 31, 63, 0
1241, 22, 1, 32, 63, 0
1241, 22, 1, 33, 63, 0
1241, 22, 1, 34, 63, 0
1241, 22, 1, 36, 63, 0
1241, 22, 1, 37, 63, 0
1241, 22, 1, 38, 63, 0
1241, 22, 1, 40, 63, 0
1241, 22, 1, 42, 63, 0
1241, 22, 3, 45, 44, 0
1241, 22, 0, 46, 44, 0
1241, 22, 1, 47, 43, 0
1241, 22, 2, 47, 44, 0
1241, 22, 2, 51, 45, 0
1241, 22, 2, 52, 44, 0
1241, 22, 2, 52, 45, 0
1241, 22, 2, 53, 44, 0
1241, 22, 2, 53, 45, 0
1241, 22, 2, 53, 46, 0
1241, 22, 1, 63, 21, 0
1242, 22, 2, 5, 29, 0
1242, 22, 2, 5, 30, 0
1242, 22, 2, 5, 31, 0
1242, 22, 2, 5, 32, 0
1242, 22, 2, 5, 33, 0
1242, 22, 2, 5, 34, 0
1242, 22, 2, 5, 35, 0
1242, 22, 1, 6, 29, 0
1242, 22, 3, 6, 35, 0
1242, 22, 1, 7, 28, 0
1242, 22, 1, 7, 29, 0
1242, 22, 0, 7, 31, 0
1242, 22, 3, 7, 35, 0
1242, 22, 2, 8, 4, 0
1242, 22, 2, 8, 5, 0
1242, 22, 0, 8, 7, 0
1242, 22, 0, 8, 8, 0
1242, 22, 1, 8, 28, 0
1242, 22, 0, 8, 30, 0
1242, 22, 0, 8, 31, 0
1242, 22, 3, 8, 35, 0
1242, 22, 1, 9, 3, 0
1242, 22, 3, 9, 6, 0
1242, 22, 2, 9, 11, 0
1242, 22, 2, 9, 12, 0
1242, 22, 1, 9, 28, 0
1242, 22, 0, 9, 32, 0
1242, 22, 0, 9, 33, 0
1242, 22, 0, 9, 34, 0
1242, 22, 0, 9, 35, 0
1242, 22, 0, 10, 4, 0
1242, 22, 2, 10, 6, 0
1242, 22, 2, 10, 7, 0
1242, 22, 1, 10, 10, 0
1242, 22, 3, 11, 15, 0
1242, 22, 3, 11, 19, 0
1242, 22, 1, 11, 27, 0
1242, 22, 3, 12, 19, 0
1242, 22, 1, 12, 27, 0
1242, 22, 2, 13, 9, 0
1242, 22, 2, 13, 10, 0
1242, 22, 3, 13, 21, 0
1242, 22, 1, 13, 26, 0
1242, 22, 0, 13, 34, 0
1242, 22, 0, 13, 35, 0
1242, 22, 0, 13, 36, 0
1242, 22, 1, 14, 5, 0
1242, 22, 3, 14, 10, 0
1242, 22, 0, 14, 16, 0
1242, 22, 3, 14, 33, 0
1242, 22, 0, 14, 38, 0
1242, 22, 1, 15, 5, 0
1242, 22, 3, 15, 10, 0
1242, 22, 1, 16, 4, 0
1242, 22, 1, 16, 5, 0
1242, 22, 1, 16, 6, 0
1242, 22, 3, 16, 9, 0
1242, 22, 2, 16, 18, 0
1242, 22, 1, 16, 25, 0
1242, 22, 1, 16, 38, 0
1242, 22, 3, 16, 40, 0
1242, 22, 1, 17, 3, 0
1242, 22, 3, 17, 8, 0
1242, 22, 0, 17, 14, 0
1242, 22, 2, 17, 15, 0
1242, 22, 2, 17, 17, 0
1242, 22, 1, 17, 25, 0
1242, 22, 2, 17, 29, 0
1242, 22, 2, 17, 31, 0
1242, 22, 2, 17, 32, 0
1242, 22, 2, 17, 33, 0
1242, 22, 0, 17, 39, 0
1242, 22, 2, 17, 53, 0
1242, 22, 0, 18, 4, 0
1242, 22, 0, 18, 5, 0
1242, 22, 0, 18, 6, 0
1242, 22, 0, 18, 7, 0
1242, 22, 1, 18, 14, 0
1242, 22, 2, 18, 18, 0
1242, 22, 1, 18, 26, 0
1242, 22, 2, 18, 30, 0
1242, 22, 3, 18, 34, 0
1242, 22, 3, 18, 54, 0
1242, 22, 2, 19, 12, 0
1242, 22, 2, 19, 13, 0
1242, 22, 2, 19, 14, 0
1242, 22, 0, 19, 16, 0
1242, 22, 2, 19, 25, 0
1242, 22, 3, 19, 34, 0
1242, 22, 1, 19, 52, 0
1242, 22, 3, 19, 55, 0
1242, 22, 1, 20, 11, 0
1242, 22, 0, 20, 17, 0
1242, 22, 0, 20, 18, 0
1242, 22, 0, 20, 19, 0
1242, 22, 1, 20, 24, 0
1242, 22, 2, 20, 25, 0
1242, 22, 3, 20, 34, 0
1242, 22, 2, 20, 46, 0
1242, 22, 0, 20, 53, 0
1242, 22, 0, 20, 54, 0
1242, 22, 0, 21, 12, 0
1242, 22, 0, 21, 13, 0
1242, 22, 0, 21, 14, 0
1242, 22, 0, 21, 15, 0
1242, 22, 2, 21, 23, 0
1242, 22, 1, 21, 24, 0
1242, 22, 3, 21, 34, 0
1242, 22, 1, 21, 45, 0
1242, 22, 3, 21, 47, 0
1242, 22, 2, 22, 23, 0
1242, 22, 3, 22, 35, 0
1242, 22, 1, 22, 43, 0
1242, 22, 1, 22, 44, 0
1242, 22, 1, 22, 45, 0
1242, 22, 3, 22, 47, 0
1242, 22, 2, 22, 48, 0
1242, 22, 2, 22, 49, 0
1242, 22, 3, 22, 51, 0
1242, 22, 1, 23, 22, 0
1242, 22, 3, 23, 34, 0
1242, 22, 1, 23, 43, 0
1242, 22, 3, 23, 47, 0
1242, 22, 3, 23, 50, 0
1242, 22, 1, 24, 22, 0
1242, 22, 3, 24, 34, 0
1242, 22, 1, 24, 43, 0
1242, 22, 0, 24, 45, 0
1242, 22, 0, 24, 46, 0
1242, 22, 0, 24, 48, 0
1242, 22, 0, 24, 49, 0
1242, 22, 1, 25, 22, 0
1242, 22, 0, 25, 33, 0
1242, 22, 1, 25, 43, 0
1242, 22, 3, 25, 45, 0
1242, 22, 0, 26, 24, 0
1242, 22, 0, 26, 25, 0
1242, 22, 0, 26, 26, 0
1242, 22, 0, 26, 27, 0
1242, 22, 0, 26, 28, 0
1242, 22, 0, 26, 29, 0
1242, 22, 0, 26, 30, 0
1242, 22, 0, 26, 31, 0
1242, 22, 0, 26, 32, 0
1242, 22, 1, 26, 43, 0
1242, 22, 3, 26, 45, 0
1242, 22, 2, 27, 43, 0
1242, 22, 3, 27, 45, 0
1242, 22, 2, 27, 60, 0
1242, 22, 2, 27, 61, 0
1242, 22, 1, 27, 63, 0
1242, 22, 3, 28, 45, 0
1242, 22, 1, 28, 59, 0
1242, 22, 3, 29, 45, 0
1242, 22, 1, 29, 59, 0
1242, 22, 0, 30, 44, 0
1242, 22, 1, 30, 62, 0
1242, 22, 1, 31, 62, 0
1242, 22, 0, 32, 42, 0
1242, 22, 0, 32, 43, 0
1242, 22, 1, 32, 62, 0
1242, 22, 1, 33, 62, 0
1242, 22, 1, 34, 62, 0
1242, 22, 1, 37, 62, 0
1242, 22, 1, 38, 62, 0
1242, 22, 1, 39, 62, 0
1242, 22, 1, 43, 62, 0
1242, 22, 1, 43, 63, 0
1242, 22, 2, 46, 43, 0
1242, 22, 1, 47, 42, 0
1242, 22, 3, 47, 45, 0
1242, 22, 0, 48, 43, 0
1242, 22, 0, 48, 44, 0
1242, 22, 3, 51, 46, 0
1242, 22, 3, 52, 46, 0
1242, 22, 1, 55, 41, 0
1242, 22, 2, 55, 42, 0
1242, 22, 2, 55, 43, 0
1242, 22, 1, 56, 41, 0
1242, 22, 3, 56, 44, 0
1242, 22, 2, 57, 21, 0
1242, 22, 1, 57, 41, 0
1242, 22, 3, 57, 45, 0
1242, 22, 2, 58, 3, 0
1242, 22, 1, 58, 20, 0
1242, 22, 3, 58, 22, 0
1242, 22, 1, 58, 42, 0
1242, 22, 3, 58, 45, 0
1242, 22, 1, 59, 2, 0
1242, 22, 2, 59, 4, 0
1242, 22, 1, 59, 19, 0
1242, 22, 3, 59, 22, 0
1242, 22, 2, 59, 41, 0
1242, 22, 2, 59, 42, 0
1242, 22, 2, 59, 43, 0
1242, 22, 3, 59, 45, 0
1242, 22, 1, 60, 2, 0
1242, 22, 2, 60, 4, 0
1242, 22, 2, 60, 5, 0
1242, 22, 2, 60, 8, 0
1242, 22, 1, 60, 19, 0
1242, 22, 3, 60, 22, 0
1242, 22, 1, 60, 40, 0
1242, 22, 3, 60, 45, 0
1242, 22, 2, 60, 46, 0
1242, 22, 2, 60, 47, 0
1242, 22, 2, 60, 48, 0
1242, 22, 1, 61, 2, 0
1242, 22, 2, 61, 6, 0
1242, 22, 2, 61, 7, 0
1242, 22, 3, 61, 9, 0
1242, 22, 1, 61, 19, 0
1242, 22, 3, 61, 23, 0
1242, 22, 1, 61, 40, 0
1242, 22, 3, 61, 49, 0
1242, 22, 2, 62, 2, 0
1242, 22, 2, 62, 6, 0
1242, 22, 2, 62, 7, 0
1242, 22, 3, 62, 9, 0
1242, 22, 2, 62, 13, 0
1242, 22, 1, 62, 19, 0
1242, 22, 3, 62, 24, 0
1242, 22, 1, 62, 40, 0
1242, 22, 2, 62, 42, 0
1242, 22, 0, 62, 43, 0
1242, 22, 0, 62, 44, 0
1242, 22, 0, 62, 45, 0
1242, 22, 0, 62, 46, 0
1242, 22, 3, 62, 49, 0
1242, 22, 1, 63, 1, 0
1242, 22, 2, 63, 3, 0
1242, 22, 1, 63, 4, 0
1242, 22, 2, 63, 6, 0
1242, 22, 2, 63, 7, 0
1242, 22, 3, 63, 9, 0
1242, 22, 2, 63, 10, 0
1242, 22, 2, 63, 11, 0
1242, 22, 2, 63, 12, 0
1242, 22, 2, 63, 14, 0
1242, 22, 2, 63, 15, 0
1242, 22, 2, 63, 16, 0
1242, 22, 2, 63, 17, 0
1242, 22, 2, 63, 18, 0
1242, 22, 2, 63, 19, 0
1242, 22, 2, 63, 24, 0
1242, 22, 2, 63, 25, 0
1242, 22, 2, 63, 26, 0
1242, 22, 2, 63, 27, 0
1242, 22, 2, 63, 28, 0
1242, 22, 2, 63, 29, 0
1242, 22, 2, 63, 30, 0
1242, 22, 2, 63, 31, 0
1242, 22, 2, 63, 32, 0
1242, 22, 2, 63, 33, 0
1242, 22, 2, 63, 34, 0
1242, 22, 2, 63, 35, 0
1242, 22, 2, 63, 36, 0
1242, 22, 2, 63, 37, 0
1242, 22, 2, 63, 38, 0
1242, 22, 2, 63, 39, 0
1242, 22, 2, 63, 40, 0
1242, 22, 2, 63, 42, 0
1242, 22, 2, 63, 43, 0
1242, 22, 2, 63, 44, 0
1242, 22, 2, 63, 45, 0
1242, 22, 2, 63, 46, 0
1242, 22, 0, 63, 47, 0
1242, 22, 3, 63, 48, 0
1242, 22, 3, 63, 49, 0
1243, 22, 2, 1, 28, 0
1243, 22, 2, 2, 21, 0
1243, 22, 2, 2, 22, 0
1243, 22, 0, 2, 28, 0
1243, 22, 3, 3, 23, 0
1243, 22, 2, 4, 19, 0
1243, 22, 3, 4, 23, 0
1243, 22, 2, 4, 28, 0
1243, 22, 2, 4, 29, 0
1243, 22, 2, 4, 30, 0
1243, 22, 2, 4, 31, 0
1243, 22, 2, 4, 32, 0
1243, 22, 2, 4, 33, 0
1243, 22, 2, 4, 34, 0
1243, 22, 2, 4, 35, 0
1243, 22, 3, 4, 36, 0
1243, 22, 2, 4, 41, 0
1243, 22, 2, 5, 8, 0
1243, 22, 2, 5, 16, 0
1243, 22, 2, 5, 18, 0
1243, 22, 2, 5, 20, 0
1243, 22, 3, 5, 24, 0
1243, 22, 1, 5, 28, 0
1243, 22, 3, 5, 36, 0
1243, 22, 1, 5, 40, 0
1243, 22, 2, 6, 5, 0
1243, 22, 2, 6, 7, 0
1243, 22, 2, 6, 9, 0
1243, 22, 2, 6, 10, 0
1243, 22, 1, 6, 15, 0
1243, 22, 3, 6, 23, 0
1243, 22, 2, 6, 27, 0
1243, 22, 2, 6, 28, 0
1243, 22, 3, 6, 36, 0
1243, 22, 2, 6, 39, 0
1243, 22, 3, 6, 42, 0
1243, 22, 2, 7, 4, 0
1243, 22, 2, 7, 5, 0
1243, 22, 2, 7, 6, 0
1243, 22, 2, 7, 11, 0
1243, 22, 2, 7, 14, 0
1243, 22, 1, 7, 16, 0
1243, 22, 0, 7, 20, 0
1243, 22, 0, 7, 22, 0
1243, 22, 1, 7, 27, 0
1243, 22, 3, 7, 36, 0
1243, 22, 3, 7, 41, 0
1243, 22, 2, 8, 3, 0
1243, 22, 2, 8, 6, 0
1243, 22, 2, 8, 11, 0
1243, 22, 2, 8, 13, 0
1243, 22, 2, 8, 14, 0
1243, 22, 2, 8, 15, 0
1243, 22, 2, 8, 16, 0
1243, 22, 2, 8, 17, 0
1243, 22, 0, 8, 18, 0
1243, 22, 0, 8, 19, 0
1243, 22, 1, 8, 27, 0
1243, 22, 3, 8, 36, 0
1243, 22, 0, 8, 38, 0
1243, 22, 3, 8, 41, 0
1243, 22, 3, 8, 42, 0
1243, 22, 0, 9, 7, 0
1243, 22, 0, 9, 8, 0
1243, 22, 1, 9, 10, 0
1243, 22, 1, 9, 27, 0
1243, 22, 0, 9, 36, 0
1243, 22, 1, 9, 38, 0
1243, 22, 3, 9, 41, 0
1243, 22, 3, 9, 42, 0
1243, 22, 1, 10, 3, 0
1243, 22, 3, 10, 18, 0
1243, 22, 3, 10, 19, 0
1243, 22, 1, 10, 26, 0
1243, 22, 2, 10, 27, 0
1243, 22, 0, 10, 34, 0
1243, 22, 0, 10, 35, 0
1243, 22, 1, 10, 38, 0
1243, 22, 3, 10, 40, 0
1243, 22, 3, 11, 20, 0
1243, 22, 1, 11, 26, 0
1243, 22, 1, 11, 29, 0
1243, 22, 0, 11, 35, 0
1243, 22, 1, 11, 38, 0
1243, 22, 3, 12, 5, 0
1243, 22, 0, 12, 6, 0
1243, 22, 1, 12, 7, 0
1243, 22, 3, 12, 20, 0
1243, 22, 1, 12, 25, 0
1243, 22, 1, 12, 26, 0
1243, 22, 1, 12, 30, 0
1243, 22, 0, 12, 31, 0
1243, 22, 3, 12, 41, 0
1243, 22, 2, 13, 6, 0
1243, 22, 3, 13, 22, 0
1243, 22, 1, 13, 24, 0
1243, 22, 1, 13, 25, 0
1243, 22, 3, 13, 41, 0
1243, 22, 0, 14, 18, 0
1243, 22, 2, 14, 19, 0
1243, 22, 3, 14, 22, 0
1243, 22, 1, 14, 24, 0
1243, 22, 0, 14, 28, 0
1243, 22, 0, 14, 29, 0
1243, 22, 0, 14, 37, 0
1243, 22, 3, 14, 41, 0
1243, 22, 1, 15, 4, 0
1243, 22, 0, 15, 11, 0
1243, 22, 1, 15, 12, 0
1243, 22, 1, 15, 18, 0
1243, 22, 3, 15, 22, 0
1243, 22, 1, 15, 25, 0
1243, 22, 3, 15, 30, 0
1243, 22, 3, 15, 31, 0
1243, 22, 1, 15, 38, 0
1243, 22, 3, 15, 41, 0
1243, 22, 1, 16, 3, 0
1243, 22, 0, 16, 11, 0
1243, 22, 1, 16, 12, 0
1243, 22, 1, 16, 24, 0
1243, 22, 2, 16, 28, 0
1243, 22, 2, 16, 29, 0
1243, 22, 2, 16, 30, 0
1243, 22, 2, 16, 31, 0
1243, 22, 2, 16, 32, 0
1243, 22, 2, 16, 33, 0
1243, 22, 1, 16, 37, 0
1243, 22, 3, 16, 41, 0
1243, 22, 2, 16, 53, 0
1243, 22, 1, 17, 2, 0
1243, 22, 0, 17, 9, 0
1243, 22, 3, 17, 22, 0
1243, 22, 2, 17, 24, 0
1243, 22, 3, 17, 34, 0
1243, 22, 0, 17, 38, 0
1243, 22, 3, 17, 40, 0
1243, 22, 1, 17, 52, 0
1243, 22, 0, 18, 3, 0
1243, 22, 1, 18, 24, 0
1243, 22, 3, 18, 35, 0
1243, 22, 0, 18, 39, 0
1243, 22, 1, 18, 52, 0
1243, 22, 3, 18, 55, 0
1243, 22, 0, 19, 4, 0
1243, 22, 0, 19, 5, 0
1243, 22, 0, 19, 6, 0
1243, 22, 0, 19, 7, 0
1243, 22, 1, 19, 11, 0
1243, 22, 1, 19, 24, 0
1243, 22, 3, 19, 35, 0
1243, 22, 1, 19, 51, 0
1243, 22, 3, 19, 56, 0
1243, 22, 1, 20, 10, 0
1243, 22, 0, 20, 16, 0
1243, 22, 2, 20, 22, 0
1243, 22, 2, 20, 23, 0
1243, 22, 3, 20, 35, 0
1243, 22, 0, 20, 52, 0
1243, 22, 3, 20, 55, 0
1243, 22, 1, 21, 11, 0
1243, 22, 0, 21, 16, 0
1243, 22, 2, 21, 22, 0
1243, 22, 3, 21, 35, 0
1243, 22, 2, 21, 48, 0
1243, 22, 2, 21, 49, 0
1243, 22, 2, 21, 50, 0
1243, 22, 0, 21, 53, 0
1243, 22, 0, 21, 54, 0
1243, 22, 0, 22, 12, 0
1243, 22, 0, 22, 13, 0
1243, 22, 0, 22, 14, 0
1243, 22, 1, 22, 21, 0
1243, 22, 2, 22, 22, 0
1243, 22, 3, 22, 36, 0
1243, 22, 3, 22, 52, 0
1243, 22, 1, 23, 21, 0
1243, 22, 3, 23, 35, 0
1243, 22, 3, 23, 51, 0
1243, 22, 2, 24, 21, 0
1243, 22, 3, 24, 35, 0
1243, 22, 0, 24, 47, 0
1243, 22, 0, 24, 50, 0
1243, 22, 2, 25, 21, 0
1243, 22, 0, 25, 34, 0
1243, 22, 0, 25, 46, 0
1243, 22, 0, 25, 47, 0
1243, 22, 0, 25, 48, 0
1243, 22, 0, 25, 49, 0
1243, 22, 0, 26, 23, 0
1243, 22, 0, 26, 33, 0
1243, 22, 3, 26, 46, 0
1243, 22, 2, 26, 60, 0
1243, 22, 2, 26, 61, 0
1243, 22, 2, 26, 63, 0
1243, 22, 0, 27, 24, 0
1243, 22, 0, 27, 25, 0
1243, 22, 0, 27, 26, 0
1243, 22, 0, 27, 27, 0
1243, 22, 0, 27, 28, 0
1243, 22, 0, 27, 29, 0
1243, 22, 0, 27, 30, 0
1243, 22, 0, 27, 31, 0
1243, 22, 0, 27, 32, 0
1243, 22, 3, 27, 46, 0
1243, 22, 1, 27, 59, 0
1243, 22, 1, 27, 62, 0
1243, 22, 0, 28, 26, 0
1243, 22, 3, 28, 46, 0
1243, 22, 1, 28, 58, 0
1243, 22, 3, 29, 46, 0
1243, 22, 1, 29, 58, 0
1243, 22, 3, 30, 45, 0
1243, 22, 3, 30, 46, 0
1243, 22, 0, 30, 60, 0
1243, 22, 1, 30, 61, 0
1243, 22, 3, 31, 44, 0
1243, 22, 3, 31, 45, 0
1243, 22, 1, 31, 61, 0
1243, 22, 1, 32, 61, 0
1243, 22, 1, 33, 61, 0
1243, 22, 1, 34, 61, 0
1243, 22, 1, 35, 61, 0
1243, 22, 1, 36, 60, 0
1243, 22, 1, 37, 60, 0
1243, 22, 1, 38, 60, 0
1243, 22, 1, 38, 61, 0
1243, 22, 1, 39, 61, 0
1243, 22, 1, 40, 61, 0
1243, 22, 1, 41, 61, 0
1243, 22, 1, 42, 61, 0
1243, 22, 1, 43, 60, 0
1243, 22, 1, 44, 60, 0
1243, 22, 0, 44, 61, 0
1243, 22, 0, 44, 62, 0
1243, 22, 0, 44, 63, 0
1243, 22, 2, 45, 43, 0
1243, 22, 3, 45, 45, 0
1243, 22, 3, 46, 45, 0
1243, 22, 3, 47, 46, 0
1243, 22, 0, 48, 42, 0
1243, 22, 3, 48, 45, 0
1243, 22, 0, 49, 43, 0
1243, 22, 0, 49, 44, 0
1243, 22, 2, 50, 45, 0
1243, 22, 2, 51, 44, 0
1243, 22, 1, 52, 43, 0
1243, 22, 3, 52, 47, 0
1243, 22, 1, 53, 43, 0
1243, 22, 3, 53, 47, 0
1243, 22, 3, 53, 48, 0
1243, 22, 2, 54, 41, 0
1243, 22, 2, 54, 42, 0
1243, 22, 2, 54, 43, 0
1243, 22, 0, 54, 44, 0
1243, 22, 0, 54, 45, 0
1243, 22, 0, 54, 46, 0
1243, 22, 0, 54, 47, 0
1243, 22, 1, 55, 40, 0
1243, 22, 2, 55, 44, 0
1243, 22, 0, 55, 45, 0
1243, 22, 2, 56, 21, 0
1243, 22, 1, 56, 40, 0
1243, 22, 3, 56, 45, 0
1243, 22, 2, 57, 2, 0
1243, 22, 2, 57, 3, 0
1243, 22, 2, 57, 20, 0
1243, 22, 2, 57, 22, 0
1243, 22, 1, 57, 40, 0
1243, 22, 3, 57, 46, 0
1243, 22, 2, 58, 2, 0
1243, 22, 2, 58, 4, 0
1243, 22, 1, 58, 19, 0
1243, 22, 3, 58, 23, 0
1243, 22, 1, 58, 41, 0
1243, 22, 3, 58, 46, 0
1243, 22, 1, 59, 1, 0
1243, 22, 2, 59, 5, 0
1243, 22, 2, 59, 8, 0
1243, 22, 1, 59, 18, 0
1243, 22, 3, 59, 23, 0
1243, 22, 1, 59, 39, 0
1243, 22, 1, 59, 40, 0
1243, 22, 2, 59, 46, 0
1243, 22, 2, 59, 47, 0
1243, 22, 2, 59, 48, 0
1243, 22, 1, 60, 1, 0
1243, 22, 2, 60, 6, 0
1243, 22, 2, 60, 7, 0
1243, 22, 2, 60, 9, 0
1243, 22, 1, 60, 18, 0
1243, 22, 3, 60, 23, 0
1243, 22, 1, 60, 39, 0
1243, 22, 3, 60, 49, 0
1243, 22, 1, 61, 1, 0
1243, 22, 3, 61, 10, 0
1243, 22, 2, 61, 13, 0
1243, 22, 2, 61, 14, 0
1243, 22, 1, 61, 18, 0
1243, 22, 3, 61, 24, 0
1243, 22, 2, 61, 31, 0
1243, 22, 2, 61, 32, 0
1243, 22, 2, 61, 35, 0
1243, 22, 1, 61, 39, 0
1243, 22, 3, 61, 50, 0
1243, 22, 1, 62, 1, 0
1243, 22, 1, 62, 3, 0
1243, 22, 2, 62, 10, 0
1243, 22, 2, 62, 11, 0
1243, 22, 2, 62, 12, 0
1243, 22, 2, 62, 14, 0
1243, 22, 2, 62, 15, 0
1243, 22, 2, 62, 16, 0
1243, 22, 2, 62, 17, 0
1243, 22, 1, 62, 18, 0
1243, 22, 2, 62, 25, 0
1243, 22, 2, 62, 26, 0
1243, 22, 2, 62, 27, 0
1243, 22, 2, 62, 28, 0
1243, 22, 2, 62, 29, 0
1243, 22, 2, 62, 30, 0
1243, 22, 2, 62, 31, 0
1243, 22, 2, 62, 32, 0
1243, 22, 2, 62, 33, 0
1243, 22, 2, 62, 34, 0
1243, 22, 2, 62, 35, 0
1243, 22, 2, 62, 36, 0
1243, 22, 2, 62, 37, 0
1243, 22, 2, 62, 38, 0
1243, 22, 1, 62, 39, 0
1243, 22, 3, 62, 50, 0
1243, 22, 1, 63, 0, 0
1243, 22, 3, 63, 50, 0
1251, 22, 0, 12, 4, 0
1251, 22, 0, 15, 29, 0
1251, 22, 1, 17, 13, 0
1251, 22, 0, 17, 28, 0
1251, 22, 3, 25, 38, 0
1251, 22, 2, 27, 36, 0
1251, 22, 1, 29, 39, 0
1251, 22, 0, 29, 42, 0
1251, 22, 2, 30, 41, 0
1251, 22, 2, 30, 42, 0
1251, 22, 3, 31, 4, 0
1251, 22, 2, 32, 48, 0
1251, 22, 0, 33, 43, 0
1251, 22, 2, 33, 50, 0
1251, 22, 0, 34, 48, 0
1251, 22, 1, 34, 49, 0
1251, 22, 0, 35, 50, 0
1251, 22, 1, 36, 43, 0
1251, 22, 1, 41, 49, 0
1251, 22, 3, 43, 43, 0
1251, 22, 3, 43, 48, 0
1251, 22, 1, 44, 43, 0
1251, 22, 2, 44, 44, 0
1251, 22, 0, 44, 49, 0
1251, 22, 0, 44, 50, 0
1251, 22, 0, 46, 42, 0
1252, 22, 3, 11, 5, 0
1252, 22, 2, 11, 11, 0
1252, 22, 0, 13, 7, 0
1252, 22, 3, 13, 11, 0
1252, 22, 1, 17, 10, 0
1252, 22, 0, 17, 16, 0
1252, 22, 2, 17, 48, 0
1252, 22, 3, 18, 8, 0
1252, 22, 0, 19, 44, 0
1252, 22, 3, 22, 41, 0
1252, 22, 3, 24, 9, 0
1252, 22, 0, 25, 6, 0
1252, 22, 1, 25, 7, 0
1267, 22, 1, 5, 44, 0
1267, 22, 0, 10, 56, 0
1268, 22, 1, 7, 54, 0
1269, 22, 1, 6, 44, 0
1270, 22, 0, 1, 16, 0
1270, 22, 2, 8, 25, 0
1271, 22, 3, 6, 51, 0
1303, 10, 2, 1, 33, 0
1303, 10, 2, 2, 23, 0
1303, 10, 0, 4, 16, 0
1303, 10, 2, 6, 26, 0
1303, 10, 1, 7, 21, 0
1303, 10, 1, 9, 22, 0
1303, 10, 0, 9, 32, 0
1303, 10, 1, 10, 30, 0
1303, 10, 0, 11, 16, 0
1303, 10, 2, 11, 29, 0
1303, 10, 3, 12, 15, 0
1303, 10, 3, 12, 30, 0
1303, 10, 2, 12, 33, 0
1303, 10, 1, 14, 18, 0
1303, 10, 3, 14, 28, 0
1303, 10, 0, 16, 30, 0
1303, 10, 1, 18, 27, 0
1303, 10, 2, 19, 1, 0
1303, 10, 1, 19, 30, 0
1303, 10, 1, 20, 2, 0
1303, 10, 2, 20, 29, 0
1303, 10, 2, 20, 50, 0
1303, 10, 2, 21, 1, 0
1303, 10, 0, 21, 31, 0
1303, 10, 0, 21, 45, 0
1303, 10, 3, 21, 48, 0
1303, 10, 2, 21, 57, 0
1303, 10, 3, 22, 28, 0
1303, 10, 3, 22, 29, 0
1303, 10, 2, 22, 44, 0
1303, 10, 1, 23, 42, 0
1303, 10, 3, 23, 60, 0
1303, 10, 1, 26, 62, 0
1303, 10, 1, 27, 42, 0
1303, 10, 0, 28, 41, 0
1303, 10, 2, 28, 43, 0
1303, 10, 0, 28, 61, 0
1303, 10, 2, 30, 60, 0
1303, 10, 2, 31, 62, 0
1303, 10, 0, 32, 43, 0
1303, 10, 0, 32, 47, 0
1303, 10, 2, 32, 49, 0
1303, 10, 1, 33, 3, 0
1303, 10, 3, 34, 42, 0
1303, 10, 3, 34, 48, 0
1303, 10, 1, 41, 60, 0
1303, 10, 0, 43, 61, 0
1303, 10, 2, 45, 44, 0
1303, 10, 1, 46, 41, 0
1303, 10, 3, 46, 43, 0
1303, 10, 3, 48, 63, 0
1303, 10, 2, 49, 39, 0
1303, 10, 0, 49, 40, 0
1303, 10, 3, 50, 39, 0
1303, 10, 2, 50, 44, 0
1303, 10, 3, 52, 42, 0
1303, 10, 3, 52, 51, 0
1303, 10, 1, 54, 52, 0
1303, 10, 1, 55, 47, 0
1303, 10, 0, 55, 52, 0
1303, 10, 0, 56, 46, 0
1303, 10, 2, 58, 60, 0
1303, 10, 3, 58, 62, 0
1303, 10, 1, 59, 55, 0
1303, 10, 3, 59, 57, 0
1303, 10, 3, 60, 56, 0
1303, 10, 0, 60, 60, 0
1303, 10, 1, 61, 59, 0
1303, 10, 3, 62, 58, 0
1304, 10, 3, 6, 1, 0
1304, 10, 2, 9, 11, 0
1304, 10, 1, 10, 3, 0
1304, 10, 2, 11, 4, 0
1304, 10, 2, 11, 10, 0
1304, 10, 0, 12, 1, 0
1304, 10, 0, 12, 6, 0
1304, 10, 3, 12, 9, 0
1304, 10, 1, 12, 11, 0
1304, 10, 3, 13, 4, 0
1304, 10, 2, 14, 56, 0
1304, 10, 0, 15, 11, 0
1304, 10, 3, 15, 49, 0
1304, 10, 3, 16, 10, 0
1304, 10, 0, 16, 15, 0
1304, 10, 1, 16, 17, 0
1304, 10, 1, 16, 47, 0
1304, 10, 2, 17, 8, 0
1304, 10, 1, 17, 12, 0
1304, 10, 0, 17, 49, 0
1304, 10, 1, 19, 9, 0
1304, 10, 2, 19, 43, 0
1304, 10, 2, 19, 63, 0
1304, 10, 2, 21, 41, 0
1304, 10, 1, 21, 42, 0
1304, 10, 3, 22, 56, 0
1304, 10, 0, 25, 35, 0
1304, 10, 1, 25, 37, 0
1304, 10, 3, 26, 34, 0
1304, 10, 2, 26, 36, 0
1304, 10, 2, 26, 41, 0
1304, 10, 3, 27, 27, 0
1304, 10, 1, 28, 26, 0
1304, 10, 0, 28, 28, 0
1304, 10, 2, 28, 33, 0
1304, 10, 0, 29, 5, 0
1304, 10, 1, 29, 7, 0
1304, 10, 0, 29, 39, 0
1304, 10, 0, 29, 41, 0
1304, 10, 1, 29, 42, 0
1304, 10, 1, 29, 61, 0
1304, 10, 0, 30, 5, 0
1304, 10, 1, 30, 6, 0
1304, 10, 2, 31, 3, 0
1304, 10, 0, 32, 6, 0
1304, 10, 1, 33, 48, 0
1304, 10, 0, 34, 17, 0
1304, 10, 3, 34, 50, 0
1304, 10, 1, 35, 15, 0
1304, 10, 2, 35, 19, 0
1304, 10, 2, 36, 14, 0
1304, 10, 3, 36, 16, 0
1304, 10, 0, 37, 15, 0
1304, 10, 3, 38, 19, 0
1304, 10, 0, 38, 61, 0
1304, 10, 2, 39, 13, 0
1304, 10, 0, 41, 39, 0
1304, 10, 2, 41, 62, 0
1304, 10, 1, 42, 2, 0
1304, 10, 2, 42, 37, 0
1304, 10, 2, 42, 43, 0
1304, 10, 1, 42, 63, 0
1304, 10, 2, 43, 36, 0
1304, 10, 1, 43, 49, 0
1304, 10, 3, 44, 37, 0
1304, 10, 3, 44, 43, 0
1304, 10, 2, 44, 48, 0
1304, 10, 1, 45, 35, 0
1304, 10, 2, 46, 14, 0
1304, 10, 3, 46, 61, 0
1304, 10, 2, 48, 30, 0
1304, 10, 2, 48, 37, 0
1304, 10, 2, 50, 20, 0
1304, 10, 2, 50, 27, 0
1304, 10, 3, 50, 61, 0
1304, 10, 2, 53, 24, 0
1304, 10, 2, 56, 18, 0
1304, 10, 2, 56, 62, 0
1304, 10, 2, 57, 27, 0
1304, 10, 2, 59, 15, 0
1304, 10, 2, 59, 22, 0
1304, 10, 2, 61, 11, 0
1305, 10, 2, 26, 29, 0
1305, 10, 2, 42, 14, 0
1305, 10, 2, 52, 31, 0
1305, 10, 2, 53, 16, 0
1305, 10, 2, 54, 21, 0
1305, 10, 2, 58, 49, 0
1305, 10, 2, 59, 37, 0
1305, 10, 2, 61, 23, 0
1305, 10, 2, 62, 31, 0
1305, 10, 2, 62, 35, 0
1305, 10, 2, 62, 43, 0
1314, 10, 1, 17, 54, 0
1314, 10, 0, 46, 18, 0
1314, 10, 3, 52, 20, 0
1314, 10, 1, 54, 35, 0
1314, 10, 3, 57, 15, 0
1314, 10, 2, 59, 27, 0
1326, 10, 0, 15, 54, 0
1326, 10, 0, 17, 57, 0
1326, 10, 0, 17, 61, 0
1326, 10, 0, 18, 52, 0
1326, 10, 0, 28, 39, 0
1326, 10, 0, 37, 21, 0
1326, 10, 0, 43, 19, 0
1326, 10, 0, 49, 19, 0
1326, 10, 0, 51, 23, 0
1326, 10, 0, 51, 42, 0
1326, 10, 0, 52, 34, 0
1326, 10, 0, 54, 39, 0
1326, 10, 0, 55, 19, 0
1326, 10, 0, 55, 23, 0
1326, 10, 0, 55, 26, 0
1326, 10, 0, 57, 34, 0
1326, 10, 0, 57, 48, 0
1326, 10, 0, 58, 38, 0
1326, 10, 0, 59, 30, 0
1326, 10, 0, 60, 2, 0
1326, 10, 0, 60, 17, 0
1326, 10, 0, 60, 24, 0
1326, 10, 0, 61, 6, 0
1326, 10, 0, 61, 10, 0
1326, 10, 0, 61, 14, 0
1326, 10, 0, 61, 35, 0
1326, 10, 0, 61, 38, 0
1326, 10, 0, 62, 26, 0
1327, 10, 0, 15, 54, 1
1327, 10, 0, 17, 57, 1
1327, 10, 0, 17, 61, 1
1327, 10, 0, 18, 52, 1
1327, 10, 0, 28, 39, 1
1327, 10, 0, 37, 21, 1
1327, 10, 0, 43, 19, 1
1327, 10, 0, 49, 19, 1
1327, 10, 0, 51, 23, 1
1327, 10, 0, 51, 42, 1
1327, 10, 0, 52, 34, 1
1327, 10, 0, 54, 39, 1
1327, 10, 0, 55, 19, 1
1327, 10, 0, 55, 23, 1
1327, 10, 0, 55, 26, 1
1327, 10, 0, 57, 34, 1
1327, 10, 0, 57, 48, 1
1327, 10, 0, 58, 38, 1
1327, 10, 0, 59, 30, 1
1327, 10, 0, 60, 2, 1
1327, 10, 0, 60, 17, 1
1327, 10, 0, 60, 24, 1
1327, 10, 0, 61, 6, 1
1327, 10, 0, 61, 10, 1
1327, 10, 0, 61, 14, 1
1327, 10, 0, 61, 35, 1
1327, 10, 0, 61, 38, 1
1327, 10, 0, 62, 26, 1
1328, 10, 0, 17, 61, 2
1328, 10, 0, 18, 52, 2
1328, 10, 0, 43, 19, 2
1328, 10, 0, 49, 19, 2
1328, 10, 0, 51, 23, 2
1328, 10, 0, 52, 34, 2
1328, 10, 0, 54, 39, 2
1328, 10, 0, 55, 23, 2
1328, 10, 0, 55, 26, 2
1328, 10, 0, 58, 38, 2
1328, 10, 0, 59, 30, 2
1328, 10, 0, 60, 2, 2
1328, 10, 0, 60, 17, 2
1328, 10, 0, 61, 10, 2
1328, 10, 0, 61, 14, 2
1328, 10, 0, 61, 35, 2
1328, 10, 0, 62, 26, 2
1329, 10, 0, 14, 53, 2
1329, 10, 0, 16, 56, 2
1329, 10, 0, 27, 38, 2
1329, 10, 0, 36, 20, 2
1329, 10, 0, 50, 41, 2
1329, 10, 0, 54, 18, 2
1329, 10, 0, 56, 33, 2
1329, 10, 0, 56, 47, 2
1329, 10, 0, 59, 23, 2
1329, 10, 0, 60, 5, 2
1329, 10, 0, 60, 37, 2
1329, 10, 0, 16, 60, 3
1329, 10, 0, 17, 51, 3
1329, 10, 0, 42, 18, 3
1329, 10, 0, 48, 18, 3
1329, 10, 0, 50, 22, 3
1329, 10, 0, 51, 33, 3
1329, 10, 0, 53, 38, 3
1329, 10, 0, 54, 22, 3
1329, 10, 0, 54, 25, 3
1329, 10, 0, 57, 37, 3
1329, 10, 0, 58, 29, 3
1329, 10, 0, 59, 1, 3
1329, 10, 0, 59, 16, 3
1329, 10, 0, 60, 9, 3
1329, 10, 0, 60, 13, 3
1329, 10, 0, 60, 34, 3
1329, 10, 0, 61, 25, 3
1390, 10, 0, 0, 22, 0
1390, 10, 1, 1, 12, 0
1390, 10, 1, 1, 22, 0
1390, 10, 2, 3, 12, 0
1390, 10, 0, 3, 16, 0
1390, 10, 3, 3, 17, 0
1390, 10, 0, 3, 32, 0
1390, 10, 0, 4, 13, 0
1390, 10, 2, 4, 26, 0
1390, 10, 1, 4, 27, 0
1390, 10, 0, 6, 22, 0
1390, 10, 3, 6, 23, 0
1390, 10, 0, 7, 32, 0
1390, 10, 1, 8, 26, 0
1390, 10, 1, 8, 30, 0
1390, 10, 3, 8, 34, 0
1390, 10, 2, 9, 29, 0
1390, 10, 2, 16, 50, 0
1390, 10, 3, 18, 60, 0
1390, 10, 2, 53, 41, 0
1390, 10, 1, 56, 24, 0
1390, 10, 2, 58, 19, 0
1390, 10, 3, 59, 35, 0
1390, 10, 3, 60, 13, 0
1390, 10, 0, 61, 30, 0
1390, 10, 1, 63, 25, 0
1398, 10, 3, 18, 48, 0
1398, 10, 2, 31, 39, 0
1398, 10, 1, 40, 16, 0
1398, 10, 0, 46, 23, 0
1398, 10, 3, 51, 37, 0
1398, 10, 3, 53, 18, 0
1398, 10, 0, 53, 30, 0
1398, 10, 1, 57, 32, 0
1398, 10, 2, 57, 36, 0
1398, 10, 0, 58, 24, 0
1398, 10, 1, 59, 40, 0
1398, 10, 1, 61, 17, 0
1398, 10, 2, 61, 33, 0
1398, 10, 3, 62, 38, 0
1399, 10, 0, 39, 2, 0
1401, 10, 0, 18, 44, 0
1401, 10, 0, 45, 25, 0
1401, 10, 0, 58, 2, 0
1401, 10, 0, 60, 28, 0
1402, 10, 0, 15, 59, 0
1402, 10, 2, 29, 37, 0
1402, 10, 1, 43, 17, 0
1402, 10, 0, 44, 21, 0
1402, 10, 3, 49, 22, 0
1402, 10, 1, 49, 33, 0
1402, 10, 3, 51, 18, 0
1402, 10, 2, 51, 25, 0
1402, 10, 3, 53, 27, 0
1402, 10, 1, 55, 32, 0
1402, 10, 1, 56, 21, 0
1402, 10, 2, 56, 29, 0
1402, 10, 3, 56, 40, 0
1402, 10, 0, 58, 25, 0
1402, 10, 3, 58, 46, 0
1402, 10, 0, 59, 32, 0
1402, 10, 2, 60, 50, 0
1402, 10, 2, 62, 15, 0
1582, 0, 2, 54, 57, 1
1616, 3, 3, 21, 56, 0
1616, 3, 2, 25, 50, 0
1616, 9, 3, 26, 47, 0
1616, 0, 0, 26, 48, 0
1616, 0, 0, 26, 49, 0
1616, 0, 0, 26, 50, 0
1616, 9, 0, 26, 51, 0
1616, 0, 3, 27, 47, 0
1616, 0, 3, 28, 47, 0
1616, 0, 1, 28, 51, 0
1616, 0, 3, 29, 47, 0
1616, 9, 2, 30, 47, 0
1616, 0, 2, 30, 48, 0
1616, 0, 2, 30, 50, 0
1616, 9, 1, 30, 51, 0
1616, 3, 3, 31, 48, 0
1616, 3, 2, 35, 31, 0
1616, 3, 2, 35, 32, 0
1616, 3, 2, 35, 33, 0
1616, 3, 1, 35, 44, 0
1616, 3, 1, 36, 29, 0
1616, 3, 2, 36, 34, 0
1616, 9, 3, 36, 44, 0
1616, 0, 0, 36, 45, 0
1616, 0, 0, 36, 47, 0
1616, 9, 0, 36, 48, 0
1616, 3, 1, 37, 29, 0
1616, 3, 2, 37, 34, 0
1616, 0, 3, 37, 44, 0
1616, 3, 1, 38, 29, 0
1616, 0, 3, 38, 44, 0
1616, 0, 1, 38, 48, 0
1616, 3, 3, 39, 34, 0
1616, 0, 3, 39, 44, 0
1616, 3, 0, 40, 30, 0
1616, 3, 0, 40, 31, 0
1616, 3, 0, 40, 32, 0
1616, 9, 2, 40, 44, 0
1616, 0, 2, 40, 45, 0
1616, 0, 2, 40, 47, 0
1616, 9, 1, 40, 48, 0
1616, 3, 0, 41, 44, 0
1616, 3, 2, 45, 48, 0
1616, 9, 3, 46, 47, 0
1616, 0, 0, 46, 48, 0
1616, 0, 0, 46, 50, 0
1616, 9, 0, 46, 51, 0
1616, 0, 3, 47, 47, 0
1616, 0, 3, 48, 47, 0
1616, 0, 1, 48, 51, 0
1616, 0, 3, 49, 47, 0
1616, 9, 2, 50, 47, 0
1616, 0, 2, 50, 48, 0
1616, 0, 2, 50, 49, 0
1616, 9, 1, 50, 51, 0
1616, 3, 0, 51, 48, 0
1616, 3, 1, 55, 56, 0
1616, 3, 2, 55, 58, 0
1616, 3, 2, 55, 59, 0
1616, 3, 1, 56, 56, 0
1616, 3, 3, 57, 51, 0
1616, 3, 3, 57, 59, 0
1616, 3, 0, 58, 56, 0
1616, 3, 0, 58, 57, 0
1616, 3, 3, 58, 59, 0
1616, 3, 2, 60, 55, 0
1616, 3, 1, 61, 62, 0
1616, 3, 1, 26, 47, 1
1616, 3, 2, 26, 51, 1
1616, 3, 0, 30, 47, 1
1616, 3, 3, 30, 51, 1
1616, 9, 3, 35, 30, 1
1616, 0, 0, 35, 31, 1
1616, 0, 0, 35, 32, 1
1616, 9, 0, 35, 33, 1
1616, 9, 3, 36, 29, 1
1616, 3, 3, 36, 30, 1
1616, 3, 0, 36, 33, 1
1616, 9, 0, 36, 34, 1
1616, 3, 1, 36, 44, 1
1616, 3, 2, 36, 48, 1
1616, 0, 3, 37, 29, 1
1616, 0, 1, 37, 34, 1
1616, 0, 1, 38, 34, 1
1616, 9, 2, 39, 29, 1
1616, 3, 2, 39, 30, 1
1616, 3, 1, 39, 33, 1
1616, 9, 1, 39, 34, 1
1616, 9, 2, 40, 30, 1
1616, 0, 2, 40, 31, 1
1616, 0, 2, 40, 32, 1
1616, 9, 1, 40, 33, 1
1616, 3, 0, 40, 44, 1
1616, 3, 3, 40, 48, 1
1616, 3, 1, 46, 47, 1
1616, 3, 2, 46, 51, 1
1616, 3, 0, 50, 47, 1
1616, 3, 3, 50, 51, 1
1616, 3, 1, 54, 56, 1
1616, 0, 2, 54, 58, 1
1616, 3, 2, 54, 59, 1
1616, 3, 1, 55, 55, 1
1616, 9, 1, 55, 56, 1
1616, 9, 2, 55, 59, 1
1616, 3, 2, 55, 60, 1
1616, 0, 1, 56, 55, 1
1616, 0, 3, 56, 60, 1
1616, 3, 0, 58, 55, 1
1616, 9, 0, 58, 56, 1
1616, 9, 3, 58, 59, 1
1616, 3, 3, 58, 60, 1
1616, 3, 0, 59, 56, 1
1616, 0, 0, 59, 57, 1
1616, 3, 3, 59, 59, 1
1617, 10, 3, 28, 52, 0
1617, 10, 1, 38, 27, 0
1617, 10, 3, 38, 49, 0
1617, 10, 3, 48, 52, 0
1617, 10, 2, 53, 57, 0
1640, 13, 1, 35, 30, 2
1640, 12, 2, 35, 31, 2
1640, 12, 2, 35, 32, 2
1640, 13, 2, 35, 33, 2
1640, 13, 1, 36, 29, 2
1640, 14, 1, 36, 30, 2
1640, 17, 3, 36, 31, 2
1640, 17, 3, 36, 32, 2
1640, 14, 2, 36, 33, 2
1640, 13, 2, 36, 34, 2
1640, 12, 1, 37, 29, 2
1640, 17, 3, 37, 30, 2
1640, 17, 3, 37, 31, 2
1640, 17, 3, 37, 32, 2
1640, 17, 3, 37, 33, 2
1640, 12, 3, 37, 34, 2
1640, 12, 1, 38, 29, 2
1640, 17, 3, 38, 30, 2
1640, 17, 3, 38, 31, 2
1640, 17, 3, 38, 32, 2
1640, 17, 3, 38, 33, 2
1640, 12, 3, 38, 34, 2
1640, 13, 0, 39, 29, 2
1640, 14, 0, 39, 30, 2
1640, 17, 3, 39, 31, 2
1640, 17, 3, 39, 32, 2
1640, 14, 3, 39, 33, 2
1640, 13, 3, 39, 34, 2
1640, 13, 0, 40, 30, 2
1640, 12, 0, 40, 31, 2
1640, 12, 0, 40, 32, 2
1640, 13, 3, 40, 33, 2
1640, 13, 1, 46, 47, 2
1640, 12, 2, 46, 48, 2
1640, 12, 2, 46, 49, 2
1640, 12, 2, 46, 50, 2
1640, 13, 2, 46, 51, 2
1640, 12, 1, 47, 47, 2
1640, 17, 1, 47, 48, 2
1640, 17, 1, 47, 49, 2
1640, 17, 1, 47, 50, 2
1640, 12, 3, 47, 51, 2
1640, 12, 1, 48, 47, 2
1640, 17, 1, 48, 48, 2
1640, 17, 1, 48, 49, 2
1640, 17, 1, 48, 50, 2
1640, 12, 3, 48, 51, 2
1640, 12, 1, 49, 47, 2
1640, 17, 1, 49, 48, 2
1640, 17, 1, 49, 49, 2
1640, 17, 1, 49, 50, 2
1640, 12, 3, 49, 51, 2
1640, 13, 0, 50, 47, 2
1640, 12, 0, 50, 48, 2
1640, 12, 0, 50, 49, 2
1640, 12, 0, 50, 50, 2
1640, 13, 3, 50, 51, 2
1746, 10, 0, 57, 57, 1
1747, 10, 0, 57, 57, 0
1793, 19, 1, 25, 47, 2
1793, 18, 2, 25, 48, 2
1793, 18, 2, 25, 49, 2
1793, 18, 2, 25, 50, 2
1793, 19, 2, 25, 51, 2
1793, 19, 1, 26, 46, 2
1793, 19, 2, 26, 52, 2
1793, 18, 1, 27, 46, 2
1793, 18, 3, 27, 52, 2
1793, 18, 1, 28, 46, 2
1793, 18, 3, 28, 52, 2
1793, 18, 1, 29, 46, 2
1793, 18, 3, 29, 52, 2
1793, 19, 0, 30, 46, 2
1793, 19, 3, 30, 52, 2
1793, 19, 0, 31, 47, 2
1793, 18, 0, 31, 48, 2
1793, 18, 0, 31, 49, 2
1793, 18, 0, 31, 50, 2
1793, 19, 3, 31, 51, 2
1793, 19, 1, 34, 30, 2
1793, 18, 2, 34, 31, 2
1793, 18, 2, 34, 32, 2
1793, 19, 2, 34, 33, 2
1793, 19, 1, 35, 29, 2
1793, 19, 2, 35, 34, 2
1793, 19, 1, 35, 44, 2
1793, 18, 2, 35, 45, 2
1793, 18, 2, 35, 46, 2
1793, 18, 2, 35, 47, 2
1793, 19, 2, 35, 48, 2
1793, 19, 1, 36, 28, 2
1793, 19, 2, 36, 35, 2
1793, 19, 1, 36, 43, 2
1793, 19, 2, 36, 49, 2
1793, 18, 1, 37, 28, 2
1793, 18, 3, 37, 35, 2
1793, 18, 1, 37, 43, 2
1793, 18, 3, 37, 49, 2
1793, 18, 1, 38, 28, 2
1793, 18, 3, 38, 35, 2
1793, 18, 1, 38, 43, 2
1793, 18, 3, 38, 49, 2
1793, 19, 0, 39, 28, 2
1793, 19, 3, 39, 35, 2
1793, 18, 1, 39, 43, 2
1793, 18, 3, 39, 49, 2
1793, 19, 0, 40, 29, 2
1793, 19, 3, 40, 34, 2
1793, 19, 0, 40, 43, 2
1793, 19, 3, 40, 49, 2
1793, 19, 0, 41, 30, 2
1793, 18, 0, 41, 31, 2
1793, 18, 0, 41, 32, 2
1793, 19, 3, 41, 33, 2
1793, 19, 0, 41, 44, 2
1793, 18, 0, 41, 45, 2
1793, 18, 0, 41, 46, 2
1793, 18, 0, 41, 47, 2
1793, 19, 3, 41, 48, 2
1793, 19, 1, 45, 47, 2
1793, 18, 2, 45, 48, 2
1793, 18, 2, 45, 49, 2
1793, 18, 2, 45, 50, 2
1793, 19, 2, 45, 51, 2
1793, 19, 1, 46, 46, 2
1793, 19, 2, 46, 52, 2
1793, 18, 1, 47, 46, 2
1793, 18, 3, 47, 52, 2
1793, 18, 1, 48, 46, 2
1793, 18, 3, 48, 52, 2
1793, 18, 1, 49, 46, 2
1793, 18, 3, 49, 52, 2
1793, 19, 0, 50, 46, 2
1793, 19, 3, 50, 52, 2
1793, 19, 0, 51, 47, 2
1793, 18, 0, 51, 48, 2
1793, 18, 0, 51, 49, 2
1793, 18, 0, 51, 50, 2
1793, 19, 3, 51, 51, 2
1793, 19, 1, 54, 56, 2
1793, 18, 2, 54, 57, 2
1793, 18, 2, 54, 58, 2
1793, 19, 2, 54, 59, 2
1793, 19, 1, 55, 55, 2
1793, 19, 2, 55, 60, 2
1793, 18, 1, 56, 55, 2
1793, 18, 3, 56, 60, 2
1793, 18, 1, 57, 55, 2
1793, 18, 3, 57, 60, 2
1793, 19, 0, 58, 55, 2
1793, 19, 3, 58, 60, 2
1793, 19, 0, 59, 56, 2
1793, 18, 0, 59, 57, 2
1793, 18, 0, 59, 58, 2
1793, 19, 3, 59, 59, 2
1855, 0, 1, 27, 51, 0
1855, 0, 1, 29, 51, 0
1855, 0, 0, 36, 46, 0
1855, 0, 1, 37, 48, 0
1855, 0, 1, 39, 48, 0
1855, 0, 0, 46, 49, 0
1855, 0, 1, 47, 51, 0
1855, 0, 1, 49, 51, 0
1855, 0, 1, 57, 55, 1
1855, 0, 3, 57, 60, 1
1855, 0, 0, 59, 58, 1
1933, 13, 1, 26, 47, 2
1933, 12, 2, 26, 48, 2
1933, 12, 2, 26, 49, 2
1933, 12, 2, 26, 50, 2
1933, 13, 2, 26, 51, 2
1933, 12, 1, 27, 47, 2
1933, 17, 1, 27, 48, 2
1933, 17, 1, 27, 49, 2
1933, 17, 1, 27, 50, 2
1933, 12, 3, 27, 51, 2
1933, 12, 1, 28, 47, 2
1933, 17, 1, 28, 48, 2
1933, 17, 1, 28, 49, 2
1933, 17, 1, 28, 50, 2
1933, 12, 3, 28, 51, 2
1933, 12, 1, 29, 47, 2
1933, 17, 1, 29, 48, 2
1933, 17, 1, 29, 49, 2
1933, 17, 1, 29, 50, 2
1933, 12, 3, 29, 51, 2
1933, 13, 0, 30, 47, 2
1933, 12, 0, 30, 48, 2
1933, 12, 0, 30, 49, 2
1933, 12, 0, 30, 50, 2
1933, 13, 3, 30, 51, 2
1933, 13, 1, 36, 44, 2
1933, 12, 2, 36, 45, 2
1933, 12, 2, 36, 46, 2
1933, 12, 2, 36, 47, 2
1933, 13, 2, 36, 48, 2
1933, 12, 1, 37, 44, 2
1933, 17, 1, 37, 45, 2
1933, 17, 1, 37, 46, 2
1933, 17, 1, 37, 47, 2
1933, 12, 3, 37, 48, 2
1933, 12, 1, 38, 44, 2
1933, 17, 1, 38, 45, 2
1933, 17, 1, 38, 46, 2
1933, 17, 1, 38, 47, 2
1933, 12, 3, 38, 48, 2
1933, 12, 1, 39, 44, 2
1933, 17, 1, 39, 45, 2
1933, 17, 1, 39, 46, 2
1933, 17, 1, 39, 47, 2
1933, 12, 3, 39, 48, 2
1933, 13, 0, 40, 44, 2
1933, 12, 0, 40, 45, 2
1933, 12, 0, 40, 46, 2
1933, 12, 0, 40, 47, 2
1933, 13, 3, 40, 48, 2
1933, 13, 1, 55, 56, 2
1933, 12, 2, 55, 57, 2
1933, 12, 2, 55, 58, 2
1933, 13, 2, 55, 59, 2
1933, 12, 1, 56, 56, 2
1933, 17, 1, 56, 57, 2
1933, 17, 1, 56, 58, 2
1933, 12, 3, 56, 59, 2
1933, 12, 1, 57, 56, 2
1933, 17, 1, 57, 57, 2
1933, 17, 1, 57, 58, 2
1933, 12, 3, 57, 59, 2
1933, 13, 0, 58, 56, 2
1933, 12, 0, 58, 57, 2
1933, 12, 0, 58, 58, 2
1933, 13, 3, 58, 59, 2
2575, 11, 0, 5, 33, 0
2575, 11, 2, 6, 8, 0
2575, 11, 1, 7, 31, 0
2575, 11, 3, 7, 35, 0
2575, 10, 1, 8, 6, 0
2575, 11, 3, 8, 11, 0
2575, 10, 1, 9, 9, 0
2575, 11, 1, 9, 14, 0
2575, 11, 3, 10, 17, 0
2575, 11, 0, 11, 15, 0
2575, 11, 2, 11, 36, 0
2575, 11, 2, 12, 18, 0
2575, 11, 3, 12, 27, 0
2575, 11, 1, 13, 35, 0
2575, 11, 0, 15, 9, 0
2575, 11, 0, 16, 18, 0
2575, 11, 1, 16, 20, 0
2575, 11, 1, 21, 25, 0
2575, 11, 3, 23, 23, 0
2575, 11, 2, 24, 25, 0
2579, 10, 1, 32, 59, 0
2579, 10, 0, 37, 39, 0
2579, 10, 0, 38, 41, 0
2579, 10, 1, 39, 39, 0
2732, 10, 1, 37, 40, 0
2732, 10, 1, 38, 40, 0
2759, 22, 0, 55, 6, 0
9010, 10, 0, 18, 53, 0
9010, 10, 1, 19, 54, 0
9010, 10, 0, 19, 60, 0
9010, 10, 3, 19, 61, 0
9010, 10, 2, 21, 63, 0
9010, 10, 0, 22, 50, 0
9010, 10, 2, 23, 46, 0
9010, 10, 1, 23, 48, 0
9010, 10, 3, 23, 49, 0
9010, 10, 0, 24, 44, 0
9010, 10, 3, 24, 45, 0
9010, 10, 0, 27, 44, 0
9010, 10, 0, 28, 45, 0
9010, 10, 1, 29, 45, 0
9010, 10, 2, 30, 44, 0
9010, 10, 2, 47, 45, 0
9010, 10, 1, 48, 43, 0
9010, 10, 0, 48, 44, 0
9010, 10, 2, 51, 46, 0
9010, 10, 0, 52, 46, 0
9010, 10, 2, 53, 46, 0
9010, 10, 1, 53, 47, 0
9010, 10, 0, 57, 49, 0
9010, 10, 0, 62, 51, 0
9015, 10, 2, 14, 49, 0
9015, 10, 1, 14, 50, 0
9015, 10, 0, 15, 48, 0
9015, 10, 2, 15, 61, 0
9015, 10, 1, 18, 35, 0
9015, 10, 3, 18, 37, 0
9015, 10, 3, 18, 43, 0
9015, 10, 0, 19, 36, 0
9015, 10, 2, 19, 42, 0
9015, 10, 3, 20, 42, 0
9015, 10, 1, 21, 40, 0
9015, 10, 3, 26, 39, 0
9015, 10, 0, 27, 38, 0
9015, 10, 2, 47, 38, 0
9015, 10, 3, 48, 39, 0
9015, 10, 0, 53, 35, 0
9015, 10, 3, 53, 36, 0
9015, 10, 1, 59, 42, 0
9015, 10, 2, 59, 45, 0
9015, 10, 2, 60, 41, 0
9015, 10, 1, 60, 45, 0
9015, 10, 3, 60, 46, 0
9025, 9, 3, 20, 56, 0
9025, 0, 0, 20, 57, 0
9025, 0, 0, 20, 58, 0
9025, 9, 0, 20, 59, 0
9025, 9, 3, 21, 53, 0
9025, 0, 0, 21, 54, 0
9025, 0, 0, 21, 55, 0
9025, 9, 0, 21, 60, 0
9025, 0, 3, 22, 53, 0
9025, 0, 0, 22, 61, 0
9025, 9, 0, 22, 62, 0
9025, 9, 3, 23, 52, 0
9025, 9, 0, 23, 63, 0
9025, 9, 3, 24, 51, 0
9025, 0, 1, 24, 63, 0
9025, 9, 3, 25, 50, 0
9025, 9, 3, 31, 47, 0
9025, 9, 3, 32, 46, 0
9025, 9, 3, 33, 45, 0
9025, 0, 3, 34, 45, 0
9025, 0, 3, 35, 45, 0
9025, 0, 3, 41, 45, 0
9025, 0, 3, 42, 45, 0
9025, 9, 2, 43, 45, 0
9025, 9, 2, 44, 46, 0
9025, 9, 2, 45, 47, 0
9025, 0, 3, 51, 49, 0
9025, 0, 3, 52, 49, 0
9025, 9, 2, 53, 49, 0
9025, 0, 3, 54, 50, 0
9025, 9, 2, 55, 50, 0
9025, 0, 3, 56, 51, 0
9025, 9, 2, 57, 51, 0
9025, 9, 2, 58, 52, 0
9025, 9, 2, 59, 53, 0
9025, 9, 2, 60, 54, 0
9025, 0, 3, 61, 55, 0
9025, 0, 2, 61, 63, 0
9025, 9, 2, 62, 55, 0
9025, 9, 1, 62, 62, 0
9025, 9, 2, 63, 56, 0
9025, 0, 2, 63, 57, 0
9025, 0, 2, 63, 58, 0
9025, 0, 2, 63, 59, 0
9025, 0, 2, 63, 60, 0
9025, 9, 1, 63, 61, 0
9042, 10, 0, 21, 59, 0
9042, 10, 0, 22, 60, 0
9042, 10, 3, 23, 53, 0
9042, 10, 0, 23, 62, 0
9042, 10, 3, 24, 52, 0
9042, 10, 3, 25, 51, 0
9042, 10, 3, 33, 46, 0
9042, 10, 2, 43, 46, 0
9042, 10, 2, 44, 47, 0
9042, 10, 2, 53, 50, 0
9042, 10, 2, 57, 52, 0
9042, 10, 2, 58, 53, 0
9042, 10, 2, 59, 54, 0
9042, 10, 2, 62, 56, 0
9042, 10, 1, 62, 61, 0
