176, 22, 3, 18, 58, 0
176, 22, 2, 29, 59, 0
176, 22, 0, 38, 52, 0
176, 22, 3, 47, 38, 0
314, 22, 2, 11, 19, 0
314, 22, 0, 41, 27, 0
314, 22, 1, 43, 49, 0
314, 22, 2, 45, 37, 0
314, 22, 2, 46, 44, 0
314, 22, 0, 48, 27, 0
314, 22, 1, 49, 26, 0
315, 22, 0, 6, 28, 0
315, 22, 1, 6, 29, 0
315, 22, 1, 6, 34, 0
315, 22, 3, 7, 27, 0
315, 22, 2, 7, 32, 0
315, 22, 0, 7, 34, 0
315, 22, 3, 7, 38, 0
315, 22, 2, 7, 39, 0
315, 22, 2, 7, 41, 0
315, 22, 1, 7, 42, 0
315, 22, 3, 8, 30, 0
315, 22, 0, 8, 31, 0
315, 22, 2, 8, 35, 0
315, 22, 3, 8, 36, 0
315, 22, 0, 8, 37, 0
315, 22, 1, 8, 39, 0
315, 22, 0, 8, 40, 0
315, 22, 3, 9, 29, 0
315, 22, 1, 9, 31, 0
315, 22, 3, 9, 35, 0
315, 22, 2, 9, 37, 0
315, 22, 1, 9, 38, 0
315, 22, 0, 9, 39, 0
315, 22, 0, 9, 40, 0
315, 22, 0, 9, 42, 0
315, 22, 1, 9, 45, 0
315, 22, 0, 9, 46, 0
315, 22, 0, 10, 35, 0
315, 22, 3, 10, 44, 0
315, 22, 3, 10, 46, 0
315, 22, 1, 10, 47, 0
315, 22, 0, 10, 48, 0
315, 22, 2, 10, 51, 0
315, 22, 1, 10, 52, 0
315, 22, 2, 11, 28, 0
315, 22, 2, 11, 45, 0
315, 22, 2, 11, 46, 0
315, 22, 3, 11, 48, 0
315, 22, 3, 12, 24, 0
315, 22, 0, 12, 25, 0
315, 22, 3, 12, 27, 0
315, 22, 1, 12, 29, 0
315, 22, 2, 12, 49, 0
315, 22, 0, 12, 51, 0
315, 22, 0, 12, 55, 0
315, 22, 1, 13, 24, 0
315, 22, 2, 13, 26, 0
315, 22, 0, 13, 28, 0
315, 22, 3, 13, 50, 0
315, 22, 1, 13, 51, 0
315, 22, 0, 13, 54, 0
315, 22, 1, 13, 56, 0
315, 22, 1, 14, 25, 0
315, 22, 0, 14, 50, 0
315, 22, 2, 14, 51, 0
315, 22, 0, 14, 53, 0
315, 22, 3, 14, 54, 0
315, 22, 2, 14, 55, 0
315, 22, 3, 15, 52, 0
315, 22, 1, 15, 53, 0
315, 22, 0, 15, 55, 0
315, 22, 2, 15, 57, 0
315, 22, 2, 16, 54, 0
315, 22, 3, 16, 56, 0
315, 22, 1, 16, 58, 0
315, 22, 0, 17, 57, 0
315, 22, 0, 17, 58, 0
315, 22, 2, 18, 21, 0
315, 22, 2, 18, 57, 0
315, 22, 0, 18, 59, 0
315, 22, 1, 19, 20, 0
315, 22, 3, 19, 22, 0
315, 22, 3, 19, 57, 0
315, 22, 1, 19, 58, 0
315, 22, 1, 20, 20, 0
315, 22, 1, 20, 21, 0
315, 22, 1, 20, 58, 0
315, 22, 1, 21, 19, 0
315, 22, 2, 21, 21, 0
315, 22, 2, 21, 57, 0
315, 22, 2, 21, 59, 0
315, 22, 3, 22, 19, 0
315, 22, 0, 22, 20, 0
315, 22, 0, 22, 58, 0
315, 22, 3, 22, 59, 0
315, 22, 0, 22, 60, 0
315, 22, 3, 23, 17, 0
315, 22, 3, 23, 18, 0
315, 22, 0, 23, 20, 0
315, 22, 3, 23, 61, 0
315, 22, 2, 24, 18, 0
315, 22, 2, 24, 19, 0
315, 22, 3, 24, 20, 0
315, 22, 2, 24, 21, 0
315, 22, 3, 24, 22, 0
315, 22, 3, 24, 58, 0
315, 22, 0, 24, 59, 0
315, 22, 1, 24, 60, 0
315, 22, 2, 24, 61, 0
315, 22, 1, 25, 21, 0
315, 22, 0, 25, 55, 0
315, 22, 3, 25, 58, 0
315, 22, 3, 25, 60, 0
315, 22, 0, 26, 22, 0
315, 22, 1, 26, 58, 0
315, 22, 3, 26, 59, 0
315, 22, 3, 27, 56, 0
315, 22, 0, 29, 21, 0
315, 22, 2, 30, 22, 0
315, 22, 3, 30, 55, 0
315, 22, 3, 30, 56, 0
315, 22, 1, 31, 21, 0
315, 22, 2, 31, 55, 0
315, 22, 0, 31, 56, 0
315, 22, 0, 32, 20, 0
315, 22, 0, 32, 21, 0
315, 22, 1, 32, 22, 0
315, 22, 0, 32, 23, 0
315, 22, 1, 32, 54, 0
315, 22, 1, 32, 55, 0
315, 22, 1, 32, 56, 0
315, 22, 3, 33, 20, 0
315, 22, 2, 33, 22, 0
315, 22, 3, 33, 24, 0
315, 22, 3, 33, 54, 0
315, 22, 2, 33, 55, 0
315, 22, 2, 34, 21, 0
315, 22, 3, 34, 22, 0
315, 22, 1, 35, 54, 0
315, 22, 2, 36, 52, 0
315, 22, 3, 36, 53, 0
315, 22, 3, 36, 55, 0
315, 22, 2, 37, 51, 0
315, 22, 1, 37, 53, 0
315, 22, 0, 37, 54, 0
315, 22, 3, 38, 19, 0
315, 22, 2, 38, 20, 0
315, 22, 1, 38, 21, 0
315, 22, 0, 38, 22, 0
315, 22, 3, 38, 23, 0
315, 22, 3, 38, 24, 0
315, 22, 2, 38, 53, 0
315, 22, 3, 39, 19, 0
315, 22, 1, 39, 22, 0
315, 22, 0, 39, 23, 0
315, 22, 1, 39, 24, 0
315, 22, 3, 39, 51, 0
315, 22, 2, 39, 53, 0
315, 22, 0, 40, 19, 0
315, 22, 1, 40, 20, 0
315, 22, 2, 40, 21, 0
315, 22, 3, 40, 22, 0
315, 22, 2, 40, 24, 0
315, 22, 0, 40, 27, 0
315, 22, 1, 40, 50, 0
315, 22, 0, 40, 51, 0
315, 22, 1, 40, 53, 0
315, 22, 3, 41, 22, 0
315, 22, 0, 41, 23, 0
315, 22, 3, 41, 26, 0
315, 22, 0, 41, 28, 0
315, 22, 0, 41, 49, 0
315, 22, 1, 41, 51, 0
315, 22, 1, 41, 52, 0
315, 22, 2, 42, 22, 0
315, 22, 1, 42, 24, 0
315, 22, 2, 42, 26, 0
315, 22, 1, 42, 28, 0
315, 22, 3, 42, 49, 0
315, 22, 1, 42, 51, 0
315, 22, 3, 43, 22, 0
315, 22, 3, 43, 23, 0
315, 22, 3, 43, 27, 0
315, 22, 0, 43, 28, 0
315, 22, 2, 43, 45, 0
315, 22, 2, 43, 47, 0
315, 22, 3, 43, 48, 0
315, 22, 3, 43, 50, 0
315, 22, 2, 44, 24, 0
315, 22, 3, 44, 25, 0
315, 22, 3, 44, 26, 0
315, 22, 2, 44, 27, 0
315, 22, 1, 44, 28, 0
315, 22, 3, 44, 29, 0
315, 22, 3, 44, 44, 0
315, 22, 3, 44, 45, 0
315, 22, 1, 44, 47, 0
315, 22, 0, 44, 48, 0
315, 22, 2, 44, 50, 0
315, 22, 2, 45, 23, 0
315, 22, 1, 45, 24, 0
315, 22, 1, 45, 28, 0
315, 22, 0, 45, 29, 0
315, 22, 2, 45, 36, 0
315, 22, 3, 45, 38, 0
315, 22, 2, 45, 42, 0
315, 22, 0, 45, 43, 0
315, 22, 0, 45, 44, 0
315, 22, 1, 45, 45, 0
315, 22, 3, 45, 46, 0
315, 22, 3, 45, 47, 0
315, 22, 0, 45, 48, 0
315, 22, 1, 46, 22, 0
315, 22, 0, 46, 23, 0
315, 22, 2, 46, 24, 0
315, 22, 2, 46, 25, 0
315, 22, 1, 46, 26, 0
315, 22, 0, 46, 30, 0
315, 22, 3, 46, 31, 0
315, 22, 3, 46, 32, 0
315, 22, 1, 46, 36, 0
315, 22, 0, 46, 37, 0
315, 22, 2, 46, 41, 0
315, 22, 1, 46, 42, 0
315, 22, 0, 46, 45, 0
315, 22, 2, 46, 46, 0
315, 22, 0, 47, 23, 0
315, 22, 3, 47, 26, 0
315, 22, 3, 47, 27, 0
315, 22, 1, 47, 29, 0
315, 22, 1, 47, 31, 0
315, 22, 0, 47, 32, 0
315, 22, 0, 47, 37, 0
315, 22, 1, 47, 39, 0
315, 22, 2, 47, 43, 0
315, 22, 2, 47, 44, 0
315, 22, 3, 47, 45, 0
315, 22, 1, 47, 46, 0
315, 22, 1, 48, 25, 0
315, 22, 2, 48, 26, 0
315, 22, 0, 48, 28, 0
315, 22, 2, 48, 29, 0
315, 22, 3, 48, 30, 0
315, 22, 3, 48, 31, 0
315, 22, 3, 48, 37, 0
315, 22, 2, 48, 38, 0
315, 22, 3, 48, 40, 0
315, 22, 2, 48, 41, 0
315, 22, 1, 49, 28, 0
315, 22, 2, 49, 30, 0
315, 22, 1, 49, 31, 0
315, 22, 0, 49, 36, 0
315, 22, 2, 49, 41, 0
315, 22, 3, 50, 29, 0
315, 22, 0, 50, 30, 0
315, 22, 0, 50, 35, 0
315, 22, 3, 50, 37, 0
315, 22, 0, 50, 39, 0
315, 22, 1, 50, 40, 0
315, 22, 1, 50, 41, 0
315, 22, 0, 51, 30, 0
315, 22, 1, 51, 35, 0
315, 22, 2, 51, 36, 0
315, 22, 3, 51, 37, 0
315, 22, 3, 52, 34, 0
315, 22, 1, 52, 36, 0
315, 22, 3, 53, 34, 0
315, 22, 2, 53, 36, 0
316, 22, 3, 7, 28, 0
316, 22, 0, 7, 33, 0
316, 22, 2, 8, 38, 0
316, 22, 1, 8, 41, 0
316, 22, 1, 9, 30, 0
316, 22, 3, 9, 36, 0
316, 22, 2, 9, 51, 0
316, 22, 0, 10, 45, 0
316, 22, 1, 11, 47, 0
316, 22, 1, 12, 28, 0
316, 22, 3, 12, 50, 0
316, 22, 2, 13, 25, 0
316, 22, 1, 13, 55, 0
316, 22, 3, 14, 52, 0
316, 22, 2, 15, 54, 0
316, 22, 1, 16, 57, 0
316, 22, 1, 19, 21, 0
316, 22, 2, 21, 20, 0
316, 22, 1, 21, 58, 0
316, 22, 3, 23, 19, 0
316, 22, 2, 23, 59, 0
316, 22, 3, 23, 60, 0
316, 22, 0, 25, 22, 0
316, 22, 3, 25, 59, 0
316, 22, 2, 30, 21, 0
316, 22, 2, 33, 18, 0
316, 22, 3, 33, 21, 0
316, 22, 2, 33, 23, 0
316, 22, 3, 34, 55, 0
316, 22, 3, 36, 18, 0
316, 22, 2, 36, 54, 0
316, 22, 0, 39, 20, 0
316, 22, 1, 39, 52, 0
316, 22, 1, 41, 20, 0
316, 22, 2, 41, 21, 0
316, 22, 0, 41, 50, 0
316, 22, 2, 42, 23, 0
316, 22, 3, 45, 25, 0
316, 22, 2, 46, 47, 0
316, 22, 0, 47, 30, 0
316, 22, 2, 49, 40, 0
316, 22, 1, 50, 36, 0
316, 22, 2, 51, 27, 0
316, 22, 2, 51, 28, 0
316, 22, 0, 52, 35, 0
332, 22, 2, 17, 26, 0
332, 22, 0, 27, 28, 0
333, 22, 2, 15, 34, 0
333, 22, 1, 15, 35, 0
333, 22, 1, 15, 39, 0
333, 22, 0, 15, 40, 0
333, 22, 3, 16, 24, 0
333, 22, 2, 16, 26, 0
333, 22, 3, 16, 33, 0
333, 22, 0, 16, 34, 0
333, 22, 0, 16, 35, 0
333, 22, 3, 16, 36, 0
333, 22, 2, 16, 39, 0
333, 22, 3, 16, 41, 0
333, 22, 0, 17, 24, 0
333, 22, 0, 17, 27, 0
333, 22, 0, 17, 29, 0
333, 22, 1, 17, 31, 0
333, 22, 2, 17, 32, 0
333, 22, 2, 17, 33, 0
333, 22, 3, 17, 34, 0
333, 22, 2, 17, 36, 0
333, 22, 1, 17, 37, 0
333, 22, 3, 17, 40, 0
333, 22, 2, 17, 41, 0
333, 22, 2, 17, 42, 0
333, 22, 0, 18, 28, 0
333, 22, 3, 18, 29, 0
333, 22, 1, 18, 31, 0
333, 22, 2, 18, 33, 0
333, 22, 1, 18, 34, 0
333, 22, 0, 18, 35, 0
333, 22, 2, 18, 36, 0
333, 22, 3, 18, 37, 0
333, 22, 1, 18, 38, 0
333, 22, 0, 18, 39, 0
333, 22, 1, 18, 40, 0
333, 22, 2, 18, 41, 0
333, 22, 3, 18, 43, 0
333, 22, 1, 19, 23, 0
333, 22, 0, 19, 25, 0
333, 22, 3, 19, 30, 0
333, 22, 3, 19, 31, 0
333, 22, 2, 19, 32, 0
333, 22, 1, 19, 33, 0
333, 22, 0, 19, 36, 0
333, 22, 3, 19, 37, 0
333, 22, 1, 19, 38, 0
333, 22, 1, 19, 39, 0
333, 22, 2, 19, 42, 0
333, 22, 0, 19, 43, 0
333, 22, 1, 19, 44, 0
333, 22, 2, 20, 23, 0
333, 22, 3, 20, 25, 0
333, 22, 2, 20, 26, 0
333, 22, 3, 20, 30, 0
333, 22, 1, 20, 32, 0
333, 22, 0, 20, 33, 0
333, 22, 3, 20, 34, 0
333, 22, 0, 21, 25, 0
333, 22, 1, 21, 26, 0
333, 22, 1, 21, 27, 0
333, 22, 2, 21, 47, 0
333, 22, 0, 21, 50, 0
333, 22, 3, 22, 27, 0
333, 22, 3, 22, 46, 0
333, 22, 0, 22, 48, 0
333, 22, 2, 22, 49, 0
333, 22, 3, 22, 51, 0
333, 22, 1, 23, 26, 0
333, 22, 0, 23, 28, 0
333, 22, 2, 23, 45, 0
333, 22, 1, 23, 46, 0
333, 22, 3, 23, 47, 0
333, 22, 3, 23, 48, 0
333, 22, 2, 23, 49, 0
333, 22, 2, 24, 26, 0
333, 22, 2, 24, 27, 0
333, 22, 3, 24, 28, 0
333, 22, 3, 24, 40, 0
333, 22, 0, 24, 47, 0
333, 22, 0, 25, 28, 0
333, 22, 1, 25, 29, 0
333, 22, 2, 26, 27, 0
333, 22, 3, 26, 28, 0
333, 22, 0, 26, 29, 0
333, 22, 3, 26, 34, 0
333, 22, 1, 27, 27, 0
333, 22, 0, 27, 29, 0
333, 22, 1, 27, 34, 0
333, 22, 0, 27, 48, 0
333, 22, 1, 27, 49, 0
333, 22, 2, 27, 51, 0
333, 22, 0, 28, 27, 0
333, 22, 3, 28, 28, 0
333, 22, 0, 28, 29, 0
333, 22, 2, 28, 47, 0
333, 22, 1, 28, 48, 0
333, 22, 0, 28, 49, 0
333, 22, 3, 28, 50, 0
333, 22, 1, 28, 51, 0
333, 22, 3, 28, 52, 0
333, 22, 2, 29, 28, 0
333, 22, 0, 29, 29, 0
333, 22, 1, 29, 30, 0
333, 22, 1, 29, 38, 0
333, 22, 0, 29, 46, 0
333, 22, 0, 29, 47, 0
333, 22, 3, 29, 49, 0
333, 22, 0, 29, 50, 0
333, 22, 3, 29, 51, 0
333, 22, 0, 30, 29, 0
333, 22, 1, 30, 38, 0
333, 22, 1, 30, 46, 0
333, 22, 2, 30, 47, 0
333, 22, 3, 30, 48, 0
333, 22, 2, 30, 49, 0
333, 22, 1, 30, 50, 0
333, 22, 1, 31, 30, 0
333, 22, 0, 31, 31, 0
333, 22, 0, 31, 45, 0
333, 22, 2, 31, 47, 0
333, 22, 0, 31, 48, 0
333, 22, 0, 31, 49, 0
333, 22, 3, 32, 30, 0
333, 22, 0, 32, 45, 0
333, 22, 3, 32, 48, 0
333, 22, 2, 33, 30, 0
333, 22, 1, 33, 31, 0
333, 22, 1, 33, 45, 0
333, 22, 1, 33, 47, 0
333, 22, 3, 33, 48, 0
333, 22, 2, 34, 29, 0
333, 22, 3, 34, 30, 0
333, 22, 0, 34, 31, 0
333, 22, 0, 34, 46, 0
333, 22, 1, 34, 47, 0
333, 22, 3, 35, 28, 0
333, 22, 1, 35, 29, 0
333, 22, 1, 35, 31, 0
333, 22, 0, 35, 44, 0
333, 22, 3, 35, 45, 0
333, 22, 2, 35, 46, 0
333, 22, 3, 36, 28, 0
333, 22, 1, 36, 29, 0
333, 22, 3, 36, 30, 0
333, 22, 1, 36, 31, 0
333, 22, 2, 36, 32, 0
333, 22, 2, 36, 33, 0
333, 22, 0, 36, 34, 0
333, 22, 1, 36, 43, 0
333, 22, 2, 36, 46, 0
333, 22, 3, 37, 28, 0
333, 22, 0, 37, 30, 0
333, 22, 1, 37, 32, 0
333, 22, 1, 37, 33, 0
333, 22, 0, 37, 35, 0
333, 22, 3, 37, 36, 0
333, 22, 2, 37, 42, 0
333, 22, 1, 37, 43, 0
333, 22, 3, 37, 45, 0
333, 22, 0, 37, 46, 0
333, 22, 3, 38, 32, 0
333, 22, 0, 38, 33, 0
333, 22, 1, 38, 34, 0
333, 22, 2, 38, 35, 0
333, 22, 2, 38, 37, 0
333, 22, 3, 38, 41, 0
333, 22, 0, 38, 43, 0
333, 22, 0, 38, 44, 0
333, 22, 1, 39, 34, 0
333, 22, 1, 39, 35, 0
333, 22, 1, 39, 36, 0
333, 22, 0, 39, 37, 0
333, 22, 0, 39, 41, 0
333, 22, 2, 39, 42, 0
333, 22, 1, 39, 43, 0
333, 22, 3, 39, 44, 0
333, 22, 3, 40, 35, 0
333, 22, 0, 40, 36, 0
333, 22, 1, 40, 40, 0
333, 22, 1, 40, 41, 0
333, 22, 2, 40, 42, 0
333, 22, 2, 40, 43, 0
333, 22, 2, 41, 36, 0
333, 22, 1, 41, 37, 0
333, 22, 3, 41, 40, 0
333, 22, 0, 42, 37, 0
333, 22, 3, 42, 38, 0
334, 22, 0, 16, 40, 0
334, 22, 3, 17, 35, 0
334, 22, 1, 18, 30, 0
334, 22, 1, 18, 42, 0
334, 22, 0, 18, 44, 0
334, 22, 1, 19, 24, 0
334, 22, 3, 19, 34, 0
334, 22, 2, 20, 31, 0
334, 22, 2, 20, 44, 0
334, 22, 3, 20, 46, 0
334, 22, 0, 22, 45, 0
334, 22, 0, 22, 47, 0
334, 22, 3, 22, 50, 0
334, 22, 0, 23, 27, 0
334, 22, 1, 24, 46, 0
334, 22, 2, 25, 34, 0
334, 22, 0, 25, 41, 0
334, 22, 0, 26, 30, 0
334, 22, 0, 27, 30, 0
334, 22, 1, 27, 35, 0
334, 22, 2, 27, 50, 0
334, 22, 0, 28, 30, 0
334, 22, 2, 29, 48, 0
334, 22, 0, 30, 45, 0
334, 22, 2, 31, 29, 0
334, 22, 3, 31, 38, 0
334, 22, 3, 31, 46, 0
334, 22, 0, 32, 28, 0
334, 22, 0, 32, 29, 0
334, 22, 3, 32, 31, 0
334, 22, 2, 32, 46, 0
334, 22, 0, 32, 47, 0
334, 22, 1, 33, 29, 0
334, 22, 1, 33, 46, 0
334, 22, 1, 34, 44, 0
334, 22, 1, 34, 45, 0
334, 22, 0, 35, 30, 0
334, 22, 3, 36, 35, 0
334, 22, 2, 36, 44, 0
334, 22, 2, 36, 45, 0
334, 22, 2, 37, 29, 0
334, 22, 1, 37, 34, 0
334, 22, 3, 37, 44, 0
334, 22, 0, 38, 36, 0
334, 22, 0, 38, 42, 0
334, 22, 3, 39, 40, 0
334, 22, 2, 40, 37, 0
492, 10, 0, 40, 32, 0
729, 22, 1, 1, 17, 0
729, 22, 2, 2, 16, 0
729, 22, 0, 3, 15, 0
729, 22, 0, 3, 16, 0
729, 22, 3, 5, 10, 0
729, 22, 1, 6, 10, 0
729, 22, 2, 7, 8, 0
729, 22, 2, 7, 9, 0
729, 22, 1, 8, 8, 0
729, 22, 2, 11, 10, 0
729, 22, 2, 12, 10, 0
729, 22, 3, 13, 10, 0
729, 22, 0, 16, 9, 0
729, 22, 3, 17, 8, 0
729, 22, 2, 18, 8, 0
729, 22, 1, 19, 8, 0
729, 22, 0, 20, 7, 0
729, 22, 2, 23, 6, 0
729, 22, 3, 24, 6, 0
729, 22, 1, 25, 5, 0
729, 22, 1, 25, 6, 0
729, 22, 0, 26, 4, 0
730, 22, 0, 2, 15, 0
730, 22, 3, 6, 8, 0
730, 22, 1, 7, 10, 0
730, 22, 2, 9, 9, 0
730, 22, 1, 18, 7, 0
730, 22, 3, 19, 7, 0
730, 22, 0, 24, 5, 0
730, 22, 3, 29, 3, 0
731, 10, 1, 20, 38, 0
731, 10, 3, 21, 40, 0
731, 10, 1, 22, 36, 0
731, 10, 3, 22, 38, 0
731, 10, 0, 22, 43, 0
731, 10, 0, 23, 30, 0
731, 10, 0, 23, 38, 0
731, 10, 1, 24, 31, 0
731, 10, 0, 24, 33, 0
731, 10, 1, 25, 36, 0
731, 10, 3, 25, 43, 0
731, 10, 3, 25, 46, 0
731, 10, 0, 26, 32, 0
731, 10, 0, 26, 47, 0
731, 10, 3, 27, 37, 0
731, 10, 0, 27, 42, 0
731, 10, 2, 27, 45, 0
731, 10, 3, 28, 33, 0
731, 10, 1, 28, 34, 0
731, 10, 2, 28, 39, 0
731, 10, 0, 29, 36, 0
731, 10, 0, 29, 40, 0
731, 10, 0, 29, 43, 0
731, 10, 1, 29, 44, 0
731, 10, 2, 30, 36, 0
731, 10, 1, 30, 40, 0
731, 10, 2, 31, 33, 0
731, 10, 0, 31, 40, 0
731, 10, 1, 32, 37, 0
731, 10, 3, 32, 39, 0
731, 10, 3, 32, 40, 0
731, 10, 3, 32, 42, 0
731, 10, 2, 32, 44, 0
731, 10, 3, 33, 33, 0
731, 10, 0, 34, 36, 0
731, 10, 0, 34, 41, 0
731, 10, 1, 36, 38, 0
731, 10, 3, 38, 39, 0
731, 10, 3, 39, 38, 0
732, 10, 0, 20, 35, 0
732, 10, 3, 20, 42, 0
732, 10, 0, 20, 43, 0
732, 10, 1, 21, 29, 0
732, 10, 3, 21, 30, 0
732, 10, 1, 21, 36, 0
732, 10, 3, 21, 41, 0
732, 10, 0, 22, 31, 0
732, 10, 3, 22, 32, 0
732, 10, 0, 22, 40, 0
732, 10, 0, 23, 34, 0
732, 10, 0, 23, 41, 0
732, 10, 1, 24, 34, 0
732, 10, 2, 24, 35, 0
732, 10, 1, 24, 37, 0
732, 10, 0, 24, 41, 0
732, 10, 3, 24, 42, 0
732, 10, 3, 24, 43, 0
732, 10, 3, 26, 39, 0
732, 10, 1, 26, 43, 0
732, 10, 1, 26, 45, 0
732, 10, 0, 27, 33, 0
732, 10, 3, 27, 38, 0
732, 10, 1, 27, 40, 0
732, 10, 3, 29, 31, 0
732, 10, 2, 29, 33, 0
732, 10, 2, 29, 42, 0
732, 10, 1, 30, 34, 0
732, 10, 2, 30, 42, 0
732, 10, 3, 31, 38, 0
732, 10, 1, 32, 32, 0
732, 10, 0, 32, 35, 0
732, 10, 1, 32, 38, 0
732, 10, 2, 34, 34, 0
732, 10, 0, 34, 39, 0
732, 10, 1, 34, 44, 0
732, 10, 2, 35, 36, 0
732, 10, 3, 35, 38, 0
732, 10, 1, 35, 40, 0
732, 10, 0, 36, 41, 0
732, 10, 0, 38, 40, 0
980, 0, 0, 0, 16, 0
980, 0, 0, 0, 17, 0
980, 0, 0, 0, 18, 0
980, 0, 0, 0, 19, 0
980, 0, 0, 0, 20, 0
980, 0, 0, 0, 21, 0
980, 0, 0, 0, 22, 0
980, 0, 0, 0, 23, 0
980, 0, 0, 0, 24, 0
980, 0, 0, 0, 25, 0
980, 0, 0, 0, 26, 0
980, 0, 0, 0, 27, 0
980, 0, 0, 0, 28, 0
980, 0, 0, 0, 29, 0
980, 0, 0, 0, 30, 0
980, 3, 3, 0, 31, 0
980, 0, 0, 0, 43, 0
980, 0, 0, 0, 44, 0
980, 0, 0, 0, 45, 0
980, 0, 0, 0, 48, 0
980, 0, 0, 0, 49, 0
980, 0, 0, 0, 50, 0
980, 0, 0, 0, 51, 0
980, 0, 0, 0, 52, 0
980, 0, 0, 0, 53, 0
980, 0, 0, 0, 54, 0
980, 0, 0, 0, 55, 0
980, 0, 0, 0, 56, 0
980, 0, 0, 0, 57, 0
980, 0, 0, 0, 58, 0
980, 0, 0, 0, 59, 0
980, 0, 0, 0, 60, 0
980, 0, 0, 0, 61, 0
980, 0, 0, 0, 62, 0
980, 0, 0, 0, 63, 0
1184, 10, 1, 0, 61, 0
1186, 10, 2, 54, 12, 0
1206, 10, 2, 63, 10, 0
1253, 22, 1, 29, 13, 0
1253, 22, 0, 30, 10, 0
1253, 22, 2, 37, 14, 0
1254, 22, 0, 58, 34, 0
1257, 22, 0, 29, 5, 0
1258, 22, 3, 57, 40, 0
1258, 22, 0, 61, 36, 0
1258, 22, 1, 63, 37, 0
1259, 22, 3, 23, 9, 0
1259, 22, 3, 56, 43, 0
1259, 22, 2, 59, 40, 0
1259, 22, 0, 60, 38, 0
1264, 22, 1, 60, 34, 0
1266, 22, 1, 63, 42, 0
1267, 22, 1, 57, 47, 0
1268, 22, 0, 60, 44, 0
1271, 22, 3, 59, 46, 0
1286, 10, 3, 12, 41, 0
1286, 10, 1, 13, 33, 0
1286, 10, 2, 13, 34, 0
1286, 10, 0, 14, 27, 0
1286, 10, 0, 16, 47, 0
1286, 10, 3, 18, 50, 0
1286, 10, 3, 24, 24, 0
1286, 10, 1, 28, 25, 0
1286, 10, 0, 32, 51, 0
1286, 10, 2, 33, 25, 0
1286, 10, 1, 35, 25, 0
1286, 10, 1, 36, 48, 0
1286, 10, 1, 39, 28, 0
1286, 10, 0, 40, 46, 0
1286, 10, 2, 42, 30, 0
1286, 10, 1, 43, 33, 0
1289, 10, 3, 18, 40, 0
1289, 10, 1, 19, 32, 0
1289, 10, 0, 19, 36, 0
1289, 10, 0, 20, 33, 0
1289, 10, 0, 21, 31, 0
1289, 10, 2, 21, 44, 0
1289, 10, 2, 22, 46, 0
1289, 10, 3, 23, 47, 0
1289, 10, 1, 23, 49, 0
1289, 10, 3, 27, 28, 0
1289, 10, 3, 28, 30, 0
1289, 10, 1, 28, 48, 0
1289, 10, 3, 28, 51, 0
1289, 10, 2, 29, 46, 0
1289, 10, 2, 30, 29, 0
1289, 10, 2, 30, 38, 0
1289, 10, 0, 30, 50, 0
1289, 10, 3, 32, 30, 0
1289, 10, 0, 32, 46, 0
1289, 10, 1, 35, 44, 0
1289, 10, 1, 36, 32, 0
1289, 10, 1, 36, 44, 0
1289, 10, 2, 38, 36, 0
1289, 10, 0, 40, 37, 0
1289, 10, 2, 40, 41, 0
1289, 10, 3, 42, 36, 0
1302, 10, 3, 61, 10, 0
1303, 10, 0, 22, 8, 0
1303, 10, 2, 23, 11, 0
1303, 10, 1, 27, 5, 0
1303, 10, 1, 27, 8, 0
1303, 10, 1, 28, 9, 0
1303, 10, 0, 29, 4, 0
1303, 10, 2, 29, 10, 0
1303, 10, 3, 30, 7, 0
1303, 10, 3, 30, 9, 0
1303, 10, 3, 31, 8, 0
1303, 10, 1, 31, 10, 0
1303, 10, 0, 32, 9, 0
1303, 10, 0, 33, 8, 0
1303, 10, 1, 38, 9, 0
1303, 10, 0, 40, 12, 0
1303, 10, 3, 42, 10, 0
1304, 10, 3, 0, 54, 0
1304, 10, 0, 0, 59, 0
1304, 10, 3, 3, 40, 0
1304, 10, 0, 4, 41, 0
1304, 10, 1, 4, 42, 0
1304, 10, 2, 5, 39, 0
1304, 10, 1, 5, 60, 0
1304, 10, 2, 6, 52, 0
1304, 10, 1, 7, 51, 0
1304, 10, 1, 7, 52, 0
1304, 10, 0, 9, 18, 0
1304, 10, 1, 10, 19, 0
1304, 10, 0, 10, 60, 0
1304, 10, 3, 11, 16, 0
1304, 10, 2, 11, 18, 0
1304, 10, 0, 11, 59, 0
1304, 10, 0, 12, 18, 0
1304, 10, 2, 12, 19, 0
1304, 10, 2, 12, 60, 0
1304, 10, 1, 12, 61, 0
1304, 10, 2, 13, 19, 0
1304, 10, 2, 13, 61, 0
1304, 10, 0, 13, 62, 0
1304, 10, 3, 14, 60, 0
1304, 10, 1, 17, 16, 0
1304, 10, 1, 18, 15, 0
1304, 10, 0, 19, 14, 0
1304, 10, 3, 19, 15, 0
1304, 10, 2, 19, 17, 0
1304, 10, 1, 21, 15, 0
1304, 10, 1, 21, 16, 0
1304, 10, 2, 22, 16, 0
1304, 10, 3, 31, 15, 0
1304, 10, 3, 33, 15, 0
1304, 10, 0, 34, 16, 0
1304, 10, 1, 35, 15, 0
1304, 10, 2, 37, 14, 0
1304, 10, 0, 37, 15, 0
1304, 10, 2, 37, 16, 0
1304, 10, 1, 38, 15, 0
1304, 10, 3, 38, 17, 0
1304, 10, 1, 39, 15, 0
1304, 10, 1, 39, 61, 0
1304, 10, 0, 40, 15, 0
1304, 10, 3, 40, 16, 0
1304, 10, 3, 40, 60, 0
1304, 10, 2, 40, 61, 0
1304, 10, 0, 41, 60, 0
1304, 10, 1, 41, 61, 0
1304, 10, 1, 42, 19, 0
1304, 10, 3, 42, 58, 0
1304, 10, 0, 43, 19, 0
1304, 10, 3, 44, 18, 0
1304, 10, 2, 45, 18, 0
1304, 10, 1, 45, 20, 0
1304, 10, 1, 46, 17, 0
1304, 10, 2, 46, 19, 0
1304, 10, 1, 49, 13, 0
1304, 10, 3, 50, 17, 0
1304, 10, 1, 50, 44, 0
1304, 10, 0, 51, 16, 0
1304, 10, 2, 51, 18, 0
1304, 10, 2, 51, 41, 0
1304, 10, 0, 51, 43, 0
1304, 10, 2, 51, 44, 0
1304, 10, 3, 52, 17, 0
1304, 10, 1, 52, 19, 0
1304, 10, 3, 52, 42, 0
1304, 10, 1, 53, 36, 0
1304, 10, 1, 53, 41, 0
1304, 10, 3, 53, 43, 0
1304, 10, 0, 54, 34, 0
1304, 10, 1, 54, 35, 0
1304, 10, 1, 55, 15, 0
1304, 10, 2, 55, 20, 0
1304, 10, 3, 55, 33, 0
1304, 10, 2, 55, 35, 0
1304, 10, 2, 56, 34, 0
1304, 10, 0, 58, 39, 0
1304, 10, 0, 58, 42, 0
1304, 10, 1, 59, 24, 0
1304, 10, 0, 59, 25, 0
1304, 10, 2, 59, 26, 0
1304, 10, 1, 59, 41, 0
1304, 10, 2, 60, 24, 0
1304, 10, 3, 60, 25, 0
1304, 10, 1, 60, 38, 0
1304, 10, 0, 60, 39, 0
1304, 10, 2, 60, 40, 0
1304, 10, 2, 61, 37, 0
1304, 10, 0, 62, 39, 0
1326, 10, 0, 2, 41, 0
1326, 10, 0, 3, 23, 0
1326, 10, 3, 3, 52, 0
1326, 10, 2, 5, 49, 0
1326, 10, 1, 5, 55, 0
1326, 10, 0, 6, 16, 0
1326, 10, 3, 7, 13, 0
1326, 10, 0, 8, 55, 0
1326, 10, 0, 8, 60, 0
1326, 10, 1, 9, 12, 0
1326, 10, 0, 9, 16, 0
1326, 10, 3, 12, 14, 0
1326, 10, 3, 14, 16, 0
1326, 10, 3, 16, 11, 0
1326, 10, 0, 32, 12, 0
1326, 10, 3, 35, 8, 0
1326, 10, 3, 37, 12, 0
1326, 10, 1, 44, 23, 0
1326, 10, 3, 45, 60, 0
1326, 10, 0, 46, 56, 0
1326, 10, 3, 49, 52, 0
1326, 10, 0, 49, 56, 0
1326, 10, 2, 50, 49, 0
1326, 10, 1, 52, 22, 0
1326, 10, 2, 52, 51, 0
1326, 10, 2, 53, 15, 0
1326, 10, 3, 53, 48, 0
1326, 10, 0, 54, 39, 0
1326, 10, 1, 57, 18, 0
1326, 10, 0, 57, 24, 0
1326, 10, 3, 58, 29, 0
1326, 10, 0, 58, 34, 0
1326, 10, 1, 60, 12, 0
1326, 10, 2, 61, 17, 0
1326, 10, 2, 61, 22, 0
1326, 10, 1, 62, 26, 0
1326, 10, 1, 62, 29, 0
1326, 10, 0, 63, 14, 0
1327, 10, 0, 2, 41, 1
1327, 10, 0, 3, 23, 1
1327, 10, 3, 3, 52, 1
1327, 10, 2, 5, 49, 1
1327, 10, 1, 5, 55, 1
1327, 10, 0, 6, 16, 1
1327, 10, 3, 7, 13, 1
1327, 10, 0, 8, 55, 1
1327, 10, 0, 8, 60, 1
1327, 10, 1, 9, 12, 1
1327, 10, 0, 9, 16, 1
1327, 10, 3, 12, 14, 1
1327, 10, 3, 14, 16, 1
1327, 10, 3, 16, 11, 1
1327, 10, 0, 32, 12, 1
1327, 10, 3, 35, 8, 1
1327, 10, 3, 37, 12, 1
1327, 10, 1, 44, 23, 1
1327, 10, 3, 45, 60, 1
1327, 10, 0, 46, 56, 1
1327, 10, 3, 49, 52, 1
1327, 10, 0, 49, 56, 1
1327, 10, 2, 50, 49, 1
1327, 10, 1, 52, 22, 1
1327, 10, 2, 52, 51, 1
1327, 10, 2, 53, 15, 1
1327, 10, 3, 53, 48, 1
1327, 10, 0, 54, 39, 1
1327, 10, 1, 57, 18, 1
1327, 10, 0, 57, 24, 1
1327, 10, 3, 58, 29, 1
1327, 10, 0, 58, 34, 1
1327, 10, 1, 60, 12, 1
1327, 10, 2, 61, 17, 1
1327, 10, 2, 61, 22, 1
1327, 10, 1, 62, 26, 1
1327, 10, 1, 62, 29, 1
1327, 10, 0, 63, 14, 1
1328, 10, 0, 2, 41, 2
1328, 10, 0, 6, 16, 2
1328, 10, 0, 8, 60, 2
1328, 10, 1, 9, 12, 2
1328, 10, 3, 14, 16, 2
1328, 10, 3, 16, 11, 2
1328, 10, 3, 37, 12, 2
1328, 10, 0, 46, 56, 2
1328, 10, 3, 49, 52, 2
1328, 10, 1, 52, 22, 2
1328, 10, 2, 53, 15, 2
1328, 10, 3, 53, 48, 2
1328, 10, 1, 57, 18, 2
1328, 10, 0, 58, 34, 2
1328, 10, 1, 60, 12, 2
1328, 10, 2, 61, 22, 2
1328, 10, 1, 62, 26, 2
1329, 10, 0, 2, 22, 2
1329, 10, 3, 2, 51, 2
1329, 10, 2, 4, 48, 2
1329, 10, 1, 4, 54, 2
1329, 10, 3, 6, 12, 2
1329, 10, 0, 7, 54, 2
1329, 10, 0, 8, 15, 2
1329, 10, 3, 11, 13, 2
1329, 10, 0, 31, 11, 2
1329, 10, 3, 34, 7, 2
1329, 10, 1, 43, 22, 2
1329, 10, 3, 44, 59, 2
1329, 10, 0, 48, 55, 2
1329, 10, 2, 49, 48, 2
1329, 10, 2, 51, 50, 2
1329, 10, 3, 53, 38, 2
1329, 10, 0, 56, 23, 2
1329, 10, 3, 57, 28, 2
1329, 10, 0, 60, 16, 2
1329, 10, 3, 61, 28, 2
1329, 10, 0, 62, 13, 2
1329, 10, 0, 1, 40, 3
1329, 10, 0, 5, 15, 3
1329, 10, 0, 7, 59, 3
1329, 10, 1, 8, 11, 3
1329, 10, 3, 13, 15, 3
1329, 10, 3, 15, 10, 3
1329, 10, 2, 36, 11, 3
1329, 10, 0, 45, 55, 3
1329, 10, 3, 48, 51, 3
1329, 10, 3, 51, 21, 3
1329, 10, 0, 52, 14, 3
1329, 10, 3, 52, 47, 3
1329, 10, 0, 56, 17, 3
1329, 10, 3, 57, 33, 3
1329, 10, 0, 59, 11, 3
1329, 10, 0, 60, 21, 3
1329, 10, 1, 61, 25, 3
1371, 10, 0, 1, 50, 0
1371, 10, 2, 2, 56, 0
1371, 10, 0, 5, 14, 0
1371, 10, 3, 5, 19, 0
1371, 10, 2, 7, 20, 0
1371, 10, 3, 9, 58, 0
1371, 10, 0, 16, 14, 0
1371, 10, 1, 19, 12, 0
1371, 10, 2, 21, 10, 0
1371, 10, 1, 22, 13, 0
1372, 10, 0, 1, 50, 1
1372, 10, 2, 2, 56, 1
1372, 10, 0, 5, 14, 1
1372, 10, 3, 5, 19, 1
1372, 10, 2, 7, 20, 1
1372, 10, 3, 9, 58, 1
1372, 10, 0, 16, 14, 1
1372, 10, 1, 19, 12, 1
1372, 10, 2, 21, 10, 1
1372, 10, 1, 22, 13, 1
1373, 10, 0, 1, 50, 2
1373, 10, 2, 2, 56, 2
1373, 10, 0, 5, 14, 2
1373, 10, 2, 7, 20, 2
1373, 10, 0, 16, 14, 2
1373, 10, 2, 21, 10, 2
1374, 10, 3, 4, 18, 2
1374, 10, 3, 8, 57, 2
1374, 10, 1, 18, 10, 2
1374, 10, 1, 21, 11, 2
1374, 10, 0, 0, 49, 3
1374, 10, 2, 0, 55, 3
1374, 10, 0, 4, 13, 3
1374, 10, 2, 5, 19, 3
1374, 10, 0, 15, 13, 3
1374, 10, 2, 19, 9, 3
1390, 10, 3, 3, 54, 0
1390, 10, 2, 4, 52, 0
1390, 10, 1, 4, 55, 0
1390, 10, 2, 4, 56, 0
1390, 10, 2, 5, 51, 0
1390, 10, 1, 5, 53, 0
1390, 10, 0, 5, 54, 0
1390, 10, 3, 5, 56, 0
1390, 10, 3, 6, 11, 0
1390, 10, 0, 6, 12, 0
1390, 10, 2, 6, 54, 0
1390, 10, 1, 6, 55, 0
1390, 10, 0, 6, 56, 0
1390, 10, 2, 7, 11, 0
1390, 10, 3, 7, 14, 0
1390, 10, 2, 7, 15, 0
1390, 10, 3, 8, 14, 0
1390, 10, 1, 9, 14, 0
1390, 10, 2, 9, 59, 0
1390, 10, 1, 9, 60, 0
1390, 10, 2, 10, 11, 0
1390, 10, 1, 10, 12, 0
1390, 10, 0, 10, 14, 0
1390, 10, 3, 10, 15, 0
1390, 10, 2, 10, 58, 0
1390, 10, 0, 10, 59, 0
1390, 10, 0, 10, 61, 0
1390, 10, 1, 11, 58, 0
1390, 10, 1, 11, 61, 0
1390, 10, 2, 11, 62, 0
1390, 10, 2, 12, 12, 0
1390, 10, 3, 12, 58, 0
1390, 10, 2, 13, 12, 0
1390, 10, 1, 13, 13, 0
1390, 10, 0, 13, 14, 0
1390, 10, 0, 13, 56, 0
1390, 10, 2, 13, 59, 0
1390, 10, 0, 14, 15, 0
1390, 10, 2, 14, 17, 0
1390, 10, 3, 14, 57, 0
1390, 10, 2, 15, 17, 0
1390, 10, 1, 15, 18, 0
1390, 10, 2, 16, 13, 0
1390, 10, 0, 16, 15, 0
1390, 10, 2, 16, 16, 0
1390, 10, 3, 16, 59, 0
1390, 10, 1, 16, 61, 0
1390, 10, 0, 17, 12, 0
1390, 10, 2, 17, 13, 0
1390, 10, 1, 17, 14, 0
1390, 10, 3, 17, 15, 0
1390, 10, 3, 17, 18, 0
1390, 10, 0, 17, 19, 0
1390, 10, 1, 17, 60, 0
1390, 10, 2, 18, 11, 0
1390, 10, 3, 18, 12, 0
1390, 10, 3, 18, 14, 0
1390, 10, 0, 19, 11, 0
1390, 10, 3, 20, 11, 0
1390, 10, 2, 20, 12, 0
1390, 10, 3, 21, 11, 0
1390, 10, 1, 21, 12, 0
1390, 10, 3, 22, 11, 0
1390, 10, 3, 25, 10, 0
1390, 10, 0, 30, 12, 0
1390, 10, 2, 33, 63, 0
1390, 10, 3, 34, 63, 0
1390, 10, 0, 35, 62, 0
1390, 10, 1, 36, 62, 0
1390, 10, 2, 37, 61, 0
1390, 10, 1, 37, 62, 0
1390, 10, 1, 38, 63, 0
1390, 10, 3, 40, 63, 0
1390, 10, 1, 41, 18, 0
1390, 10, 0, 41, 19, 0
1390, 10, 0, 42, 16, 0
1390, 10, 2, 42, 17, 0
1390, 10, 3, 42, 18, 0
1390, 10, 0, 43, 16, 0
1390, 10, 1, 43, 17, 0
1390, 10, 0, 43, 18, 0
1390, 10, 1, 44, 16, 0
1390, 10, 3, 44, 56, 0
1390, 10, 2, 45, 15, 0
1390, 10, 3, 45, 16, 0
1390, 10, 3, 45, 55, 0
1390, 10, 2, 45, 57, 0
1390, 10, 1, 45, 58, 0
1390, 10, 1, 46, 14, 0
1390, 10, 0, 46, 15, 0
1390, 10, 0, 46, 58, 0
1390, 10, 0, 47, 14, 0
1390, 10, 1, 47, 15, 0
1390, 10, 3, 47, 16, 0
1390, 10, 1, 47, 51, 0
1390, 10, 0, 47, 52, 0
1390, 10, 2, 47, 55, 0
1390, 10, 3, 47, 57, 0
1390, 10, 0, 48, 16, 0
1390, 10, 2, 48, 17, 0
1390, 10, 0, 48, 18, 0
1390, 10, 0, 48, 21, 0
1390, 10, 0, 48, 22, 0
1390, 10, 1, 48, 23, 0
1390, 10, 3, 48, 54, 0
1390, 10, 1, 49, 15, 0
1390, 10, 1, 49, 18, 0
1390, 10, 3, 49, 22, 0
1390, 10, 2, 49, 51, 0
1390, 10, 3, 50, 15, 0
1390, 10, 2, 50, 22, 0
1390, 10, 1, 50, 27, 0
1390, 10, 3, 50, 50, 0
1390, 10, 2, 51, 14, 0
1390, 10, 2, 51, 22, 0
1390, 10, 0, 51, 47, 0
1390, 10, 1, 51, 49, 0
1390, 10, 0, 52, 13, 0
1390, 10, 1, 52, 14, 0
1390, 10, 3, 52, 23, 0
1390, 10, 0, 52, 24, 0
1390, 10, 2, 53, 21, 0
1390, 10, 2, 53, 22, 0
1390, 10, 1, 53, 23, 0
1390, 10, 2, 53, 24, 0
1390, 10, 3, 53, 25, 0
1390, 10, 3, 54, 37, 0
1390, 10, 2, 55, 37, 0
1390, 10, 3, 55, 42, 0
1390, 10, 0, 56, 31, 0
1390, 10, 0, 56, 36, 0
1390, 10, 0, 56, 37, 0
1390, 10, 2, 57, 25, 0
1390, 10, 0, 57, 26, 0
1390, 10, 2, 57, 35, 0
1390, 10, 3, 57, 36, 0
1390, 10, 1, 57, 42, 0
1390, 10, 0, 57, 44, 0
1390, 10, 3, 58, 23, 0
1390, 10, 3, 58, 24, 0
1390, 10, 1, 58, 31, 0
1390, 10, 0, 58, 35, 0
1390, 10, 2, 58, 41, 0
1390, 10, 3, 59, 29, 0
1390, 10, 3, 59, 44, 0
1390, 10, 3, 60, 29, 0
1390, 10, 2, 60, 30, 0
1390, 10, 0, 60, 31, 0
1390, 10, 2, 60, 43, 0
1390, 10, 3, 60, 44, 0
1390, 10, 0, 61, 42, 0
1390, 10, 1, 61, 43, 0
1559, 10, 0, 0, 46, 1
1596, 0, 0, 0, 46, 0
1597, 0, 0, 0, 47, 0
1602, 3, 0, 0, 42, 0
1793, 19, 0, 0, 30, 1
1793, 18, 0, 0, 31, 1
1793, 18, 0, 0, 32, 1
1793, 18, 0, 0, 33, 1
1793, 18, 0, 0, 34, 1
1793, 18, 0, 0, 35, 1
1793, 18, 0, 0, 36, 1
1793, 18, 0, 0, 37, 1
1793, 18, 0, 0, 38, 1
1793, 18, 0, 0, 39, 1
1793, 18, 0, 0, 40, 1
1793, 18, 0, 0, 41, 1
1793, 18, 0, 0, 42, 1
1793, 19, 3, 0, 43, 1
2745, 22, 0, 41, 32, 0
