176, 22, 1, 8, 47, 0
179, 22, 2, 15, 24, 0
179, 22, 3, 16, 25, 0
179, 22, 1, 17, 24, 0
179, 22, 0, 18, 23, 0
180, 22, 2, 16, 24, 0
196, 5, 0, 13, 19, 0
196, 5, 0, 13, 21, 0
196, 5, 1, 16, 25, 0
196, 5, 2, 17, 21, 0
196, 4, 1, 40, 10, 0
196, 5, 3, 42, 6, 0
196, 4, 1, 47, 10, 0
202, 10, 3, 0, 26, 1
203, 10, 1, 0, 23, 0
203, 10, 0, 27, 17, 0
203, 10, 2, 27, 24, 0
203, 10, 0, 29, 17, 0
203, 10, 2, 29, 24, 0
203, 10, 0, 31, 17, 0
203, 10, 2, 31, 24, 0
203, 10, 2, 37, 27, 0
203, 10, 3, 41, 19, 0
203, 10, 3, 41, 22, 0
205, 4, 0, 33, 43, 0
228, 0, 2, 19, 1, 1
228, 0, 2, 19, 2, 1
228, 0, 2, 19, 3, 1
228, 0, 3, 20, 5, 1
228, 0, 3, 21, 5, 1
228, 0, 3, 22, 5, 1
228, 0, 3, 23, 5, 1
228, 0, 3, 24, 5, 1
228, 0, 3, 25, 5, 1
230, 0, 2, 19, 0, 1
230, 0, 2, 19, 4, 1
231, 0, 0, 25, 1, 2
231, 0, 0, 25, 2, 2
231, 0, 0, 25, 3, 2
232, 0, 0, 25, 0, 2
233, 0, 0, 25, 4, 2
234, 10, 3, 9, 0, 0
234, 10, 1, 9, 4, 0
234, 10, 3, 11, 0, 0
234, 10, 1, 11, 4, 0
234, 10, 3, 13, 0, 0
234, 10, 1, 13, 4, 0
234, 10, 3, 15, 0, 0
234, 10, 1, 15, 4, 0
234, 10, 3, 17, 0, 0
234, 10, 1, 17, 4, 0
234, 10, 3, 19, 0, 0
234, 10, 1, 19, 4, 0
234, 10, 3, 21, 0, 0
234, 10, 1, 21, 4, 0
234, 10, 3, 23, 0, 0
234, 10, 1, 23, 4, 0
234, 10, 3, 24, 0, 0
234, 10, 1, 24, 4, 0
234, 10, 2, 25, 1, 0
234, 10, 2, 25, 2, 0
234, 10, 2, 25, 3, 0
238, 10, 3, 8, 0, 0
238, 10, 0, 8, 4, 0
238, 10, 2, 25, 0, 0
238, 10, 1, 25, 4, 0
240, 10, 3, 8, 1, 0
240, 10, 0, 8, 3, 0
243, 10, 1, 10, 4, 0
243, 10, 1, 12, 4, 0
243, 10, 1, 14, 4, 0
243, 10, 1, 16, 4, 0
243, 10, 1, 18, 4, 0
243, 10, 1, 20, 4, 0
243, 10, 1, 22, 4, 0
245, 10, 1, 19, 0, 1
245, 10, 1, 19, 4, 1
246, 10, 3, 19, 0, 2
246, 10, 3, 19, 4, 2
247, 10, 1, 14, 2, 1
247, 10, 0, 16, 0, 1
247, 10, 3, 18, 2, 1
248, 10, 1, 15, 2, 2
248, 10, 3, 17, 2, 2
249, 1, 1, 7, 0, 1
249, 9, 1, 7, 1, 1
249, 9, 2, 7, 3, 1
249, 1, 2, 7, 4, 1
249, 9, 1, 8, 0, 1
249, 9, 2, 8, 4, 1
249, 1, 2, 8, 5, 1
249, 0, 3, 9, 5, 1
249, 0, 3, 10, 5, 1
249, 0, 3, 11, 5, 1
249, 0, 3, 12, 5, 1
249, 0, 3, 13, 5, 1
249, 0, 3, 14, 5, 1
249, 0, 3, 15, 5, 1
249, 0, 3, 16, 5, 1
249, 0, 3, 17, 5, 1
249, 0, 3, 19, 5, 1
252, 10, 2, 20, 1, 2
256, 10, 0, 0, 2, 1
257, 10, 0, 6, 3, 0
258, 10, 0, 6, 1, 0
260, 10, 0, 6, 2, 0
261, 10, 3, 16, 2, 0
261, 10, 1, 23, 2, 2
262, 10, 3, 16, 2, 1
263, 10, 3, 16, 2, 2
264, 10, 3, 16, 2, 3
265, 10, 2, 16, 3, 2
267, 10, 2, 16, 3, 3
269, 22, 3, 8, 2, 3
269, 22, 3, 9, 2, 3
269, 22, 3, 10, 2, 3
269, 22, 3, 11, 2, 3
269, 22, 3, 12, 2, 3
269, 22, 3, 13, 2, 3
269, 22, 3, 14, 2, 3
269, 22, 3, 15, 2, 3
272, 10, 3, 13, 2, 0
273, 10, 3, 13, 2, 1
278, 10, 2, 23, 2, 3
279, 10, 0, 0, 2, 2
280, 5, 2, 25, 2, 0
299, 10, 1, 28, 45, 0
300, 10, 1, 35, 39, 0
304, 10, 2, 32, 46, 0
304, 10, 2, 33, 46, 0
304, 10, 1, 37, 39, 0
312, 10, 0, 4, 32, 0
312, 10, 2, 4, 33, 0
312, 10, 0, 5, 32, 0
312, 10, 2, 5, 33, 0
312, 10, 0, 6, 32, 0
312, 10, 2, 6, 33, 0
324, 22, 0, 4, 52, 0
324, 22, 3, 5, 51, 0
325, 22, 0, 0, 41, 0
325, 22, 3, 1, 30, 0
325, 22, 3, 1, 39, 0
325, 22, 3, 1, 40, 0
325, 22, 3, 1, 41, 0
325, 22, 1, 1, 42, 0
325, 22, 0, 1, 43, 0
325, 22, 2, 1, 44, 0
325, 22, 2, 2, 32, 0
325, 22, 1, 2, 33, 0
325, 22, 2, 2, 38, 0
325, 22, 1, 2, 39, 0
325, 22, 3, 2, 41, 0
325, 22, 1, 2, 42, 0
325, 22, 3, 2, 43, 0
325, 22, 1, 2, 44, 0
325, 22, 2, 2, 45, 0
325, 22, 3, 2, 46, 0
325, 22, 0, 2, 47, 0
325, 22, 3, 2, 49, 0
325, 22, 0, 3, 33, 0
325, 22, 3, 3, 38, 0
325, 22, 0, 3, 46, 0
325, 22, 3, 3, 48, 0
325, 22, 0, 3, 50, 0
325, 22, 3, 3, 52, 0
325, 22, 3, 4, 32, 0
325, 22, 3, 4, 33, 0
325, 22, 2, 4, 38, 0
325, 22, 0, 4, 42, 0
325, 22, 3, 4, 45, 0
325, 22, 0, 4, 47, 0
325, 22, 3, 4, 49, 0
325, 22, 2, 5, 32, 0
325, 22, 0, 5, 43, 0
325, 22, 2, 5, 45, 0
325, 22, 1, 5, 46, 0
325, 22, 2, 5, 48, 0
325, 22, 0, 5, 49, 0
325, 22, 2, 5, 50, 0
325, 22, 2, 6, 32, 0
325, 22, 3, 6, 42, 0
325, 22, 1, 6, 45, 0
325, 22, 1, 6, 47, 0
325, 22, 2, 6, 52, 0
325, 22, 2, 7, 41, 0
325, 22, 1, 7, 44, 0
325, 22, 2, 7, 49, 0
325, 22, 0, 8, 42, 0
325, 22, 1, 8, 43, 0
325, 22, 3, 8, 48, 0
325, 22, 1, 9, 43, 0
325, 22, 2, 9, 44, 0
325, 22, 2, 9, 47, 0
325, 22, 2, 10, 44, 0
325, 22, 1, 10, 46, 0
325, 22, 3, 10, 48, 0
325, 22, 0, 11, 44, 0
325, 22, 0, 11, 45, 0
325, 22, 3, 12, 46, 0
326, 22, 2, 0, 45, 0
326, 22, 0, 1, 31, 0
326, 22, 2, 1, 33, 0
326, 22, 3, 2, 40, 0
326, 22, 3, 2, 48, 0
326, 22, 2, 3, 39, 0
326, 22, 1, 3, 42, 0
326, 22, 1, 3, 49, 0
326, 22, 1, 4, 43, 0
326, 22, 0, 5, 42, 0
326, 22, 1, 6, 33, 0
326, 22, 1, 6, 43, 0
326, 22, 2, 6, 48, 0
326, 22, 1, 7, 43, 0
326, 22, 0, 7, 47, 0
326, 22, 3, 7, 48, 0
326, 22, 0, 8, 44, 0
350, 10, 3, 2, 23, 0
350, 10, 2, 6, 27, 0
354, 10, 3, 17, 2, 1
356, 10, 2, 13, 18, 0
356, 10, 3, 14, 25, 0
356, 10, 2, 15, 25, 0
357, 10, 0, 13, 24, 0
357, 10, 1, 28, 9, 0
357, 10, 1, 29, 9, 0
357, 10, 1, 31, 40, 0
357, 10, 0, 32, 40, 0
358, 10, 1, 13, 25, 0
358, 10, 3, 28, 10, 0
358, 10, 2, 32, 39, 0
362, 10, 0, 17, 18, 0
362, 10, 3, 17, 19, 0
362, 10, 2, 33, 40, 0
362, 10, 1, 33, 41, 0
362, 10, 2, 45, 7, 0
362, 10, 2, 46, 7, 0
362, 10, 0, 10, 4, 1
362, 10, 3, 11, 4, 1
362, 10, 2, 22, 0, 2
362, 10, 2, 23, 0, 2
373, 10, 3, 0, 27, 1
380, 10, 2, 37, 14, 0
380, 10, 2, 37, 16, 0
391, 5, 3, 30, 39, 0
409, 10, 3, 37, 20, 0
416, 10, 1, 39, 19, 1
418, 10, 1, 2, 23, 1
418, 10, 0, 2, 27, 1
418, 10, 0, 3, 27, 1
423, 10, 1, 30, 43, 0
577, 4, 2, 24, 17, 1
577, 4, 2, 24, 24, 1
577, 4, 1, 25, 16, 1
577, 4, 3, 25, 25, 1
577, 4, 2, 32, 14, 1
577, 4, 2, 32, 27, 1
577, 5, 1, 33, 13, 1
577, 5, 3, 33, 28, 1
577, 5, 1, 37, 13, 1
577, 5, 3, 37, 28, 1
577, 4, 0, 38, 14, 1
577, 4, 0, 38, 27, 1
577, 4, 1, 41, 17, 1
577, 4, 3, 41, 24, 1
577, 4, 0, 42, 18, 1
577, 4, 0, 42, 23, 1
595, 10, 0, 14, 21, 0
595, 10, 1, 27, 40, 0
595, 10, 2, 43, 7, 0
595, 10, 2, 44, 10, 0
598, 10, 1, 1, 27, 0
598, 10, 2, 28, 43, 0
598, 10, 0, 0, 23, 1
598, 10, 2, 4, 28, 1
602, 10, 1, 36, 16, 0
608, 10, 1, 1, 25, 0
608, 10, 2, 2, 27, 0
608, 10, 1, 34, 14, 0
611, 10, 1, 5, 29, 0
688, 22, 2, 32, 39, 0
724, 10, 0, 50, 6, 0
724, 10, 3, 50, 11, 0
724, 10, 3, 51, 7, 0
724, 10, 2, 51, 10, 0
775, 22, 0, 9, 1, 0
775, 22, 0, 9, 3, 0
775, 22, 0, 11, 1, 0
775, 22, 0, 11, 3, 0
775, 22, 0, 13, 1, 0
775, 22, 0, 13, 3, 0
775, 22, 0, 15, 1, 0
775, 22, 0, 15, 3, 0
775, 22, 0, 17, 1, 0
775, 22, 0, 17, 3, 0
775, 22, 0, 19, 1, 0
775, 22, 0, 19, 3, 0
775, 22, 0, 21, 1, 0
775, 22, 0, 21, 3, 0
775, 22, 0, 23, 1, 0
775, 22, 0, 23, 3, 0
784, 22, 0, 25, 3, 0
785, 22, 0, 25, 1, 0
788, 22, 0, 7, 1, 0
789, 22, 0, 7, 3, 0
796, 22, 3, 10, 7, 1
796, 22, 3, 10, 8, 1
796, 22, 3, 11, 8, 1
796, 22, 3, 12, 7, 1
796, 22, 3, 12, 8, 1
796, 22, 3, 13, 8, 1
796, 22, 3, 14, 7, 1
796, 22, 3, 15, 7, 1
796, 22, 3, 15, 8, 1
796, 22, 3, 16, 8, 1
796, 22, 3, 17, 7, 1
796, 22, 3, 18, 7, 1
796, 22, 3, 18, 8, 1
796, 22, 3, 19, 7, 1
796, 22, 3, 19, 8, 1
796, 22, 3, 20, 8, 1
796, 22, 3, 21, 7, 1
796, 22, 3, 21, 8, 1
796, 22, 3, 22, 7, 1
796, 22, 3, 22, 8, 1
796, 22, 3, 23, 7, 1
796, 22, 3, 25, 7, 1
796, 22, 3, 25, 8, 1
796, 22, 3, 26, 7, 1
796, 22, 3, 26, 8, 1
796, 22, 3, 27, 7, 1
796, 22, 3, 27, 8, 1
796, 22, 3, 54, 8, 1
796, 22, 3, 54, 9, 1
796, 22, 3, 56, 9, 1
796, 22, 2, 58, 4, 1
796, 22, 2, 58, 7, 1
796, 22, 2, 58, 8, 1
796, 22, 2, 58, 9, 1
796, 22, 2, 58, 11, 1
796, 22, 2, 58, 12, 1
796, 22, 2, 59, 5, 1
796, 22, 2, 59, 6, 1
796, 22, 2, 59, 8, 1
796, 22, 2, 59, 9, 1
796, 22, 2, 59, 10, 1
796, 22, 2, 59, 11, 1
796, 22, 2, 59, 13, 1
796, 22, 2, 60, 4, 1
796, 22, 2, 60, 5, 1
796, 22, 2, 60, 7, 1
796, 22, 2, 60, 8, 1
796, 22, 2, 60, 10, 1
796, 22, 2, 60, 11, 1
796, 22, 2, 60, 12, 1
796, 22, 2, 61, 4, 1
796, 22, 2, 61, 6, 1
796, 22, 2, 61, 7, 1
796, 22, 2, 61, 8, 1
796, 22, 2, 61, 9, 1
796, 22, 2, 61, 11, 1
796, 22, 2, 61, 13, 1
796, 22, 2, 62, 4, 1
796, 22, 2, 62, 6, 1
796, 22, 2, 62, 9, 1
796, 22, 2, 62, 11, 1
796, 22, 2, 62, 13, 1
797, 22, 3, 55, 8, 1
797, 22, 2, 59, 7, 1
797, 22, 2, 59, 12, 1
797, 22, 2, 61, 5, 1
797, 22, 2, 61, 10, 1
798, 22, 3, 57, 8, 1
798, 22, 2, 59, 4, 1
798, 22, 2, 60, 6, 1
798, 22, 2, 60, 9, 1
798, 22, 2, 60, 13, 1
798, 22, 2, 61, 12, 1
799, 22, 3, 52, 8, 1
799, 22, 3, 52, 9, 1
800, 22, 2, 62, 5, 1
800, 22, 2, 62, 8, 1
800, 22, 2, 62, 12, 1
801, 22, 3, 11, 7, 1
801, 22, 3, 13, 7, 1
801, 22, 3, 16, 7, 1
801, 22, 3, 20, 7, 1
801, 22, 3, 24, 7, 1
801, 22, 3, 53, 8, 1
801, 22, 3, 56, 8, 1
801, 22, 2, 62, 7, 1
801, 22, 2, 62, 10, 1
802, 22, 1, 17, 8, 1
802, 22, 1, 24, 8, 1
802, 22, 1, 53, 9, 1
802, 22, 1, 57, 9, 1
802, 22, 0, 58, 6, 1
802, 22, 0, 58, 10, 1
803, 22, 1, 14, 8, 1
803, 22, 1, 23, 8, 1
803, 22, 1, 55, 9, 1
803, 22, 0, 58, 5, 1
803, 22, 0, 58, 13, 1
814, 2, 3, 28, 5, 0
814, 0, 0, 28, 6, 0
814, 3, 0, 28, 8, 0
814, 0, 0, 28, 9, 0
814, 0, 0, 28, 10, 0
814, 0, 3, 28, 11, 0
814, 3, 0, 29, 4, 0
814, 0, 3, 29, 5, 0
814, 0, 3, 29, 11, 0
814, 3, 0, 30, 4, 0
814, 0, 3, 30, 5, 0
814, 0, 3, 30, 11, 0
814, 3, 0, 31, 4, 0
814, 2, 2, 31, 5, 0
814, 0, 2, 31, 6, 0
814, 0, 2, 31, 7, 0
814, 3, 2, 51, 8, 0
814, 2, 3, 10, 7, 1
814, 0, 0, 10, 8, 1
814, 0, 3, 11, 7, 1
814, 0, 3, 12, 7, 1
814, 0, 3, 13, 7, 1
814, 0, 1, 13, 8, 1
814, 0, 3, 14, 7, 1
814, 0, 1, 14, 8, 1
814, 0, 3, 15, 7, 1
814, 0, 1, 15, 8, 1
814, 0, 3, 16, 7, 1
814, 0, 1, 16, 8, 1
814, 0, 3, 17, 7, 1
814, 0, 1, 17, 8, 1
814, 3, 2, 18, 7, 1
814, 0, 1, 18, 8, 1
814, 0, 3, 19, 7, 1
814, 0, 1, 19, 8, 1
814, 0, 3, 20, 7, 1
814, 0, 1, 20, 8, 1
814, 0, 3, 21, 7, 1
814, 0, 1, 21, 8, 1
814, 0, 3, 22, 7, 1
814, 0, 1, 22, 8, 1
814, 0, 3, 23, 7, 1
814, 0, 1, 23, 8, 1
814, 0, 3, 24, 7, 1
814, 0, 1, 24, 8, 1
814, 0, 3, 25, 7, 1
814, 0, 1, 25, 8, 1
814, 0, 3, 26, 7, 1
814, 0, 1, 26, 8, 1
814, 0, 3, 27, 7, 1
814, 0, 1, 27, 8, 1
814, 0, 3, 52, 8, 1
814, 0, 1, 52, 9, 1
814, 0, 3, 53, 8, 1
814, 0, 1, 53, 9, 1
814, 0, 3, 54, 8, 1
814, 0, 1, 54, 9, 1
814, 0, 3, 55, 8, 1
814, 0, 1, 55, 9, 1
814, 0, 3, 56, 8, 1
814, 0, 1, 56, 9, 1
814, 0, 3, 57, 8, 1
814, 0, 1, 57, 9, 1
814, 2, 3, 58, 4, 1
814, 0, 0, 58, 5, 1
814, 0, 0, 58, 6, 1
814, 0, 0, 58, 7, 1
814, 0, 0, 58, 10, 1
814, 0, 0, 58, 11, 1
814, 0, 0, 58, 12, 1
814, 2, 0, 58, 13, 1
814, 3, 3, 59, 4, 1
814, 3, 0, 59, 13, 1
814, 3, 2, 61, 4, 1
814, 3, 1, 61, 13, 1
814, 2, 2, 62, 4, 1
814, 0, 2, 62, 5, 1
814, 0, 2, 62, 8, 1
814, 0, 2, 62, 9, 1
814, 0, 2, 62, 12, 1
814, 2, 1, 62, 13, 1
816, 10, 2, 53, 8, 0
816, 10, 2, 53, 9, 0
816, 10, 2, 54, 8, 0
816, 10, 2, 54, 9, 0
816, 10, 2, 55, 8, 0
816, 10, 2, 55, 9, 0
816, 10, 2, 56, 8, 0
816, 10, 2, 56, 9, 0
816, 10, 2, 57, 8, 0
816, 10, 2, 57, 9, 0
816, 10, 2, 58, 4, 0
816, 10, 2, 58, 5, 0
816, 10, 2, 58, 6, 0
816, 10, 2, 58, 7, 0
816, 10, 2, 58, 8, 0
816, 10, 2, 58, 9, 0
816, 10, 2, 58, 10, 0
816, 10, 2, 58, 11, 0
816, 10, 2, 58, 12, 0
816, 10, 2, 58, 13, 0
816, 10, 2, 59, 4, 0
816, 10, 2, 59, 5, 0
816, 10, 2, 59, 6, 0
816, 10, 2, 59, 7, 0
816, 10, 2, 59, 8, 0
816, 10, 2, 59, 9, 0
816, 10, 2, 59, 10, 0
816, 10, 2, 59, 11, 0
816, 10, 2, 59, 12, 0
816, 10, 2, 59, 13, 0
816, 10, 2, 60, 4, 0
816, 10, 2, 60, 5, 0
816, 10, 2, 60, 6, 0
816, 10, 2, 60, 7, 0
816, 10, 2, 60, 8, 0
816, 10, 2, 60, 9, 0
816, 10, 2, 60, 10, 0
816, 10, 2, 60, 11, 0
816, 10, 2, 60, 12, 0
816, 10, 2, 60, 13, 0
816, 10, 2, 61, 4, 0
816, 10, 2, 61, 5, 0
816, 10, 2, 61, 6, 0
816, 10, 2, 61, 7, 0
816, 10, 2, 61, 8, 0
816, 10, 2, 61, 9, 0
816, 10, 2, 61, 10, 0
816, 10, 2, 61, 11, 0
816, 10, 2, 61, 12, 0
816, 10, 2, 61, 13, 0
816, 10, 2, 62, 4, 0
816, 10, 2, 62, 5, 0
816, 10, 2, 62, 6, 0
816, 10, 2, 62, 7, 0
816, 10, 2, 62, 8, 0
816, 10, 2, 62, 9, 0
816, 10, 2, 62, 10, 0
816, 10, 2, 62, 11, 0
816, 10, 2, 62, 12, 0
816, 10, 2, 62, 13, 0
879, 10, 3, 2, 19, 0
893, 5, 1, 2, 24, 1
909, 5, 0, 13, 23, 0
909, 5, 0, 13, 24, 0
909, 5, 3, 18, 22, 0
915, 10, 1, 35, 25, 0
917, 22, 3, 14, 18, 0
917, 22, 0, 14, 19, 0
917, 22, 2, 16, 18, 0
917, 22, 1, 16, 19, 0
917, 22, 3, 28, 41, 0
917, 22, 0, 28, 42, 0
917, 22, 2, 31, 41, 0
917, 22, 1, 31, 42, 0
917, 22, 3, 40, 8, 0
917, 22, 0, 40, 9, 0
917, 22, 2, 47, 8, 0
917, 22, 1, 47, 9, 0
917, 22, 3, 5, 24, 1
917, 22, 0, 5, 27, 1
917, 22, 2, 6, 24, 1
917, 22, 1, 6, 27, 1
918, 22, 2, 15, 18, 0
918, 22, 0, 15, 19, 0
918, 22, 3, 26, 18, 0
918, 22, 3, 26, 19, 0
918, 22, 3, 26, 22, 0
918, 22, 3, 26, 23, 0
918, 22, 1, 27, 18, 0
918, 22, 1, 27, 19, 0
918, 22, 1, 27, 22, 0
918, 22, 1, 27, 23, 0
918, 22, 3, 28, 18, 0
918, 22, 3, 28, 19, 0
918, 22, 3, 28, 22, 0
918, 22, 3, 28, 23, 0
918, 22, 1, 29, 18, 0
918, 22, 1, 29, 19, 0
918, 22, 1, 29, 22, 0
918, 22, 1, 29, 23, 0
918, 22, 2, 29, 41, 0
918, 22, 0, 29, 42, 0
918, 22, 3, 30, 18, 0
918, 22, 3, 30, 19, 0
918, 22, 3, 30, 22, 0
918, 22, 3, 30, 23, 0
918, 22, 2, 30, 41, 0
918, 22, 0, 30, 42, 0
918, 22, 1, 31, 18, 0
918, 22, 1, 31, 19, 0
918, 22, 1, 31, 22, 0
918, 22, 1, 31, 23, 0
918, 22, 3, 32, 18, 0
918, 22, 3, 32, 19, 0
918, 22, 3, 32, 22, 0
918, 22, 3, 32, 23, 0
918, 22, 1, 33, 18, 0
918, 22, 1, 33, 19, 0
918, 22, 1, 33, 22, 0
918, 22, 1, 33, 23, 0
918, 22, 2, 41, 8, 0
918, 22, 0, 41, 9, 0
918, 22, 2, 42, 8, 0
918, 22, 0, 42, 9, 0
918, 22, 2, 43, 8, 0
918, 22, 0, 43, 9, 0
918, 22, 2, 44, 8, 0
918, 22, 0, 44, 9, 0
918, 22, 2, 45, 8, 0
918, 22, 0, 45, 9, 0
918, 22, 2, 46, 8, 0
918, 22, 0, 46, 9, 0
918, 22, 3, 5, 25, 1
918, 22, 3, 5, 26, 1
918, 22, 1, 6, 25, 1
918, 22, 1, 6, 26, 1
928, 22, 3, 25, 20, 0
928, 22, 0, 25, 21, 0
928, 22, 2, 33, 20, 0
928, 22, 1, 33, 21, 0
928, 22, 3, 34, 18, 0
928, 22, 0, 34, 23, 0
928, 22, 2, 36, 18, 0
928, 22, 1, 36, 23, 0
928, 22, 3, 38, 19, 0
928, 22, 0, 38, 22, 0
928, 22, 2, 40, 19, 0
928, 22, 1, 40, 22, 0
929, 22, 2, 26, 20, 0
929, 22, 0, 26, 21, 0
929, 22, 2, 27, 20, 0
929, 22, 0, 27, 21, 0
929, 22, 2, 28, 20, 0
929, 22, 0, 28, 21, 0
929, 22, 2, 29, 20, 0
929, 22, 0, 29, 21, 0
929, 22, 2, 30, 20, 0
929, 22, 0, 30, 21, 0
929, 22, 2, 31, 20, 0
929, 22, 0, 31, 21, 0
929, 22, 2, 32, 20, 0
929, 22, 0, 32, 21, 0
929, 22, 3, 34, 19, 0
929, 22, 3, 34, 20, 0
929, 22, 3, 34, 21, 0
929, 22, 3, 34, 22, 0
929, 22, 2, 35, 18, 0
929, 22, 0, 35, 23, 0
929, 22, 1, 36, 19, 0
929, 22, 1, 36, 20, 0
929, 22, 1, 36, 21, 0
929, 22, 1, 36, 22, 0
929, 22, 3, 38, 20, 0
929, 22, 3, 38, 21, 0
929, 22, 2, 39, 19, 0
929, 22, 0, 39, 22, 0
929, 22, 1, 40, 20, 0
929, 22, 1, 40, 21, 0
930, 22, 0, 35, 19, 0
930, 22, 0, 35, 20, 0
930, 22, 0, 35, 21, 0
930, 22, 0, 35, 22, 0
930, 22, 0, 39, 20, 0
930, 22, 0, 39, 21, 0
943, 22, 3, 2, 24, 0
943, 22, 0, 2, 25, 0
943, 22, 2, 5, 24, 0
943, 22, 1, 5, 25, 0
944, 22, 2, 3, 24, 0
944, 22, 0, 3, 25, 0
944, 22, 2, 4, 24, 0
944, 22, 0, 4, 25, 0
980, 0, 0, 27, 45, 0
980, 9, 0, 27, 46, 0
980, 0, 1, 28, 46, 0
980, 0, 1, 29, 46, 0
980, 0, 1, 30, 46, 0
980, 0, 1, 31, 46, 0
980, 0, 1, 32, 46, 0
980, 0, 3, 33, 39, 0
980, 0, 1, 33, 46, 0
980, 0, 3, 34, 39, 0
980, 0, 1, 34, 46, 0
980, 0, 3, 35, 39, 0
980, 0, 1, 35, 46, 0
980, 0, 3, 36, 39, 0
980, 0, 1, 36, 46, 0
980, 0, 3, 37, 39, 0
980, 0, 1, 37, 46, 0
980, 9, 2, 38, 39, 0
980, 0, 2, 38, 40, 0
980, 0, 2, 38, 45, 0
980, 9, 1, 38, 46, 0
981, 0, 0, 1, 29, 0
981, 0, 0, 1, 30, 0
981, 0, 0, 1, 31, 0
981, 0, 0, 1, 32, 0
981, 2, 0, 1, 33, 0
981, 0, 1, 2, 33, 0
981, 0, 1, 3, 33, 0
981, 0, 1, 4, 33, 0
981, 0, 1, 5, 33, 0
981, 0, 2, 6, 29, 0
981, 0, 2, 6, 30, 0
981, 0, 2, 6, 31, 0
981, 0, 2, 6, 32, 0
981, 2, 1, 6, 33, 0
994, 0, 1, 0, 14, 0
994, 0, 3, 0, 18, 0
994, 0, 1, 1, 14, 0
994, 0, 3, 1, 18, 0
994, 0, 1, 2, 14, 0
994, 0, 3, 2, 18, 0
994, 3, 0, 3, 14, 0
994, 0, 3, 3, 18, 0
994, 3, 1, 4, 14, 0
994, 0, 3, 4, 18, 0
994, 0, 1, 5, 14, 0
994, 3, 3, 5, 18, 0
994, 0, 1, 6, 14, 0
994, 3, 2, 6, 18, 0
994, 0, 1, 7, 14, 0
994, 0, 3, 7, 18, 0
994, 0, 1, 8, 14, 0
994, 0, 3, 8, 18, 0
994, 0, 2, 9, 9, 0
994, 0, 2, 9, 10, 0
994, 0, 2, 9, 11, 0
994, 0, 2, 9, 12, 0
994, 0, 2, 9, 13, 0
994, 9, 1, 9, 14, 0
994, 9, 2, 9, 18, 0
994, 0, 0, 10, 19, 0
994, 0, 0, 10, 20, 0
994, 0, 0, 10, 21, 0
994, 0, 0, 10, 22, 0
994, 0, 0, 10, 23, 0
994, 0, 0, 10, 24, 0
994, 3, 3, 10, 25, 0
994, 0, 1, 10, 26, 0
994, 0, 1, 11, 26, 0
994, 9, 3, 12, 26, 0
994, 0, 0, 13, 9, 0
994, 0, 0, 13, 10, 0
994, 0, 0, 13, 11, 0
994, 0, 0, 13, 12, 0
994, 0, 0, 13, 13, 0
994, 9, 0, 13, 14, 0
994, 0, 1, 14, 14, 0
994, 3, 3, 14, 17, 0
994, 0, 1, 15, 14, 0
994, 0, 1, 16, 14, 0
994, 3, 2, 16, 17, 0
994, 0, 1, 17, 14, 0
994, 0, 3, 17, 17, 0
994, 0, 1, 18, 14, 0
994, 0, 3, 18, 17, 0
994, 0, 1, 19, 14, 0
994, 0, 3, 19, 17, 0
994, 0, 1, 20, 14, 0
994, 9, 2, 20, 17, 0
994, 0, 2, 20, 18, 0
994, 0, 2, 20, 19, 0
994, 0, 2, 20, 20, 0
994, 3, 2, 20, 21, 0
994, 0, 1, 21, 14, 0
994, 9, 2, 21, 21, 0
994, 3, 2, 21, 22, 0
994, 3, 0, 22, 14, 0
994, 9, 0, 22, 15, 0
994, 0, 3, 22, 22, 0
994, 3, 0, 23, 15, 0
994, 0, 0, 23, 16, 0
994, 0, 0, 23, 17, 0
994, 0, 0, 23, 18, 0
994, 9, 0, 23, 19, 0
994, 0, 3, 23, 22, 0
994, 0, 1, 24, 19, 0
994, 0, 3, 24, 22, 0
994, 3, 0, 29, 10, 0
994, 3, 0, 30, 10, 0
994, 3, 0, 31, 10, 0
994, 1, 1, 32, 12, 0
994, 0, 2, 32, 13, 0
994, 1, 1, 33, 11, 0
994, 9, 1, 33, 12, 0
994, 0, 1, 34, 11, 0
994, 0, 1, 35, 11, 0
994, 0, 1, 36, 11, 0
994, 0, 1, 37, 11, 0
994, 3, 0, 38, 11, 0
994, 1, 0, 38, 13, 0
994, 0, 3, 38, 14, 0
994, 0, 3, 39, 14, 0
994, 1, 1, 39, 28, 0
994, 0, 2, 39, 29, 0
994, 0, 3, 40, 14, 0
994, 1, 1, 40, 27, 0
994, 9, 1, 40, 28, 0
994, 0, 3, 41, 14, 0
994, 0, 1, 41, 27, 0
994, 9, 2, 42, 14, 0
994, 0, 2, 42, 15, 0
994, 0, 2, 42, 16, 0
994, 0, 2, 42, 17, 0
994, 0, 2, 42, 18, 0
994, 2, 1, 42, 19, 0
994, 2, 2, 42, 22, 0
994, 0, 2, 42, 23, 0
994, 0, 2, 42, 24, 0
994, 0, 2, 42, 25, 0
994, 0, 2, 42, 26, 0
994, 9, 1, 42, 27, 0
994, 3, 2, 43, 12, 0
994, 9, 3, 43, 29, 0
994, 9, 0, 44, 12, 0
994, 9, 3, 44, 28, 0
994, 1, 3, 44, 29, 0
994, 3, 0, 45, 12, 0
994, 0, 0, 45, 13, 0
994, 0, 0, 45, 14, 0
994, 3, 3, 45, 15, 0
994, 3, 0, 45, 16, 0
994, 0, 0, 45, 17, 0
994, 0, 0, 45, 18, 0
994, 0, 0, 45, 19, 0
994, 0, 0, 45, 20, 0
994, 0, 0, 45, 21, 0
994, 0, 0, 45, 22, 0
994, 0, 0, 45, 23, 0
994, 3, 3, 45, 24, 0
994, 3, 0, 45, 25, 0
994, 0, 0, 45, 26, 0
994, 0, 0, 45, 27, 0
994, 1, 3, 45, 28, 0
994, 3, 1, 57, 7, 0
994, 3, 2, 57, 10, 0
994, 3, 0, 59, 3, 0
994, 3, 3, 59, 14, 0
994, 3, 1, 61, 3, 0
994, 3, 2, 61, 14, 0
994, 2, 2, 7, 24, 1
994, 0, 2, 7, 25, 1
994, 0, 2, 7, 26, 1
994, 2, 1, 7, 27, 1
994, 9, 3, 25, 19, 1
994, 9, 0, 25, 22, 1
994, 2, 3, 26, 18, 1
994, 1, 3, 26, 19, 1
994, 1, 0, 26, 22, 1
994, 2, 0, 26, 23, 1
994, 0, 3, 27, 18, 1
994, 0, 1, 27, 23, 1
994, 0, 3, 28, 18, 1
994, 0, 1, 28, 23, 1
994, 0, 3, 29, 18, 1
994, 0, 1, 29, 23, 1
994, 0, 3, 30, 18, 1
994, 0, 1, 30, 23, 1
994, 0, 3, 31, 18, 1
994, 0, 1, 31, 23, 1
994, 0, 3, 32, 18, 1
994, 0, 1, 32, 23, 1
994, 0, 3, 33, 18, 1
994, 0, 1, 33, 23, 1
994, 2, 3, 34, 15, 1
994, 0, 0, 34, 16, 1
994, 0, 0, 34, 17, 1
994, 1, 3, 34, 18, 1
994, 1, 0, 34, 23, 1
994, 0, 0, 34, 24, 1
994, 0, 0, 34, 25, 1
994, 2, 0, 34, 26, 1
994, 0, 3, 35, 15, 1
994, 0, 1, 35, 26, 1
994, 2, 2, 36, 15, 1
994, 0, 2, 36, 16, 1
994, 0, 2, 36, 17, 1
994, 0, 2, 36, 18, 1
994, 1, 2, 36, 19, 1
994, 1, 1, 36, 22, 1
994, 0, 2, 36, 23, 1
994, 0, 2, 36, 24, 1
994, 0, 2, 36, 25, 1
994, 2, 1, 36, 26, 1
994, 9, 2, 37, 19, 1
994, 0, 2, 37, 20, 1
994, 0, 2, 37, 21, 1
994, 9, 1, 37, 22, 1
994, 0, 2, 40, 20, 1
994, 0, 2, 40, 21, 1
994, 0, 0, 40, 30, 1
994, 0, 0, 40, 31, 1
994, 0, 0, 40, 32, 1
994, 0, 0, 40, 33, 1
994, 0, 0, 40, 34, 1
994, 0, 0, 40, 35, 1
994, 0, 0, 40, 36, 1
994, 0, 0, 40, 37, 1
994, 0, 0, 40, 38, 1
994, 0, 2, 42, 30, 1
994, 0, 2, 42, 31, 1
994, 0, 2, 42, 32, 1
994, 0, 2, 42, 33, 1
994, 0, 2, 42, 34, 1
994, 0, 2, 42, 35, 1
994, 0, 2, 42, 36, 1
994, 0, 2, 42, 37, 1
994, 0, 2, 42, 38, 1
1007, 0, 2, 38, 44, 0
1008, 0, 2, 38, 41, 0
1016, 10, 3, 31, 39, 0
1016, 10, 2, 32, 43, 0
1017, 10, 3, 30, 39, 0
1022, 5, 0, 27, 39, 0
1022, 5, 3, 43, 6, 0
1023, 5, 3, 44, 6, 0
1088, 10, 3, 0, 26, 0
1088, 10, 0, 2, 28, 0
1088, 10, 3, 27, 43, 0
1088, 11, 3, 27, 44, 0
1088, 10, 2, 28, 42, 0
1088, 11, 0, 29, 44, 0
1088, 10, 3, 33, 14, 0
1088, 10, 3, 33, 15, 0
1088, 10, 3, 33, 25, 0
1088, 10, 3, 33, 26, 0
1088, 10, 3, 33, 27, 0
1088, 10, 3, 43, 10, 0
1088, 10, 1, 46, 10, 0
1089, 10, 1, 1, 47, 0
1089, 10, 2, 3, 48, 0
1089, 10, 2, 6, 44, 0
1093, 10, 2, 5, 23, 1
1093, 10, 2, 6, 23, 1
1096, 11, 2, 41, 10, 0
1096, 11, 3, 48, 10, 0
1102, 10, 0, 14, 22, 0
1102, 10, 2, 15, 20, 0
1102, 10, 3, 15, 22, 0
1102, 10, 1, 36, 14, 0
1102, 10, 1, 36, 17, 0
1102, 10, 2, 41, 7, 0
1102, 10, 2, 43, 6, 0
1106, 10, 2, 28, 5, 0
1106, 10, 0, 29, 10, 0
1106, 10, 0, 5, 28, 1
1106, 10, 0, 21, 8, 1
1106, 10, 0, 25, 8, 1
1106, 10, 3, 38, 20, 1
1112, 10, 3, 26, 18, 0
1112, 10, 3, 26, 22, 0
1112, 10, 3, 28, 18, 0
1112, 10, 3, 28, 22, 0
1112, 10, 3, 30, 18, 0
1112, 10, 3, 30, 22, 0
1112, 10, 3, 32, 18, 0
1112, 10, 3, 32, 22, 0
1124, 10, 2, 0, 33, 0
1124, 10, 3, 2, 35, 0
1124, 10, 2, 2, 50, 0
1124, 10, 0, 3, 34, 0
1124, 10, 3, 4, 54, 0
1124, 10, 0, 5, 56, 0
1124, 10, 0, 6, 22, 0
1124, 10, 1, 7, 28, 0
1124, 10, 3, 8, 9, 0
1124, 10, 3, 8, 24, 0
1124, 10, 2, 8, 29, 0
1124, 10, 1, 13, 51, 0
1124, 10, 0, 15, 46, 0
1124, 10, 0, 24, 25, 0
1124, 10, 3, 27, 45, 0
1124, 10, 1, 30, 12, 0
1124, 10, 2, 30, 60, 0
1124, 10, 2, 31, 16, 0
1124, 10, 0, 31, 57, 0
1124, 10, 3, 32, 25, 0
1124, 10, 3, 32, 29, 0
1124, 10, 1, 32, 51, 0
1124, 10, 1, 38, 11, 0
1124, 10, 2, 38, 29, 0
1124, 10, 2, 39, 17, 0
1124, 10, 0, 40, 49, 0
1124, 10, 1, 41, 15, 0
1124, 10, 2, 45, 26, 0
1124, 10, 3, 45, 28, 0
1124, 10, 2, 46, 5, 0
1124, 10, 1, 46, 12, 0
1124, 10, 3, 47, 25, 0
1124, 10, 1, 50, 23, 0
1125, 10, 0, 25, 25, 0
1125, 10, 0, 26, 25, 0
1125, 10, 0, 27, 25, 0
1125, 10, 0, 28, 25, 0
1125, 10, 0, 29, 25, 0
1125, 10, 0, 30, 25, 0
1125, 10, 0, 31, 25, 0
1125, 10, 3, 32, 26, 0
1125, 10, 3, 32, 27, 0
1125, 10, 3, 32, 28, 0
1125, 10, 0, 33, 29, 0
1125, 10, 0, 34, 29, 0
1125, 10, 0, 35, 29, 0
1125, 10, 0, 36, 29, 0
1125, 10, 0, 37, 29, 0
1152, 10, 1, 4, 26, 1
1154, 10, 0, 7, 25, 0
1154, 10, 2, 7, 27, 0
1157, 10, 2, 7, 27, 1
1158, 10, 1, 6, 28, 0
1158, 10, 0, 25, 17, 0
1158, 10, 2, 25, 24, 0
1158, 10, 2, 4, 23, 1
1158, 10, 0, 7, 24, 1
1173, 10, 0, 1, 44, 0
1173, 10, 3, 15, 28, 0
1173, 10, 0, 46, 27, 0
1173, 10, 3, 51, 43, 0
1187, 10, 0, 2, 53, 0
1187, 10, 0, 5, 20, 0
1187, 10, 3, 6, 10, 0
1187, 10, 1, 15, 49, 0
1187, 10, 1, 16, 44, 0
1187, 10, 1, 20, 20, 0
1187, 10, 2, 20, 58, 0
1187, 10, 1, 38, 7, 0
1187, 10, 2, 38, 15, 0
1187, 10, 1, 38, 16, 0
1187, 10, 1, 38, 24, 0
1187, 10, 1, 38, 28, 0
1187, 10, 2, 39, 26, 0
1187, 10, 2, 40, 5, 0
1187, 10, 3, 40, 14, 0
1187, 10, 0, 40, 24, 0
1187, 10, 1, 41, 3, 0
1187, 10, 0, 46, 24, 0
1187, 10, 3, 46, 42, 0
1187, 10, 3, 47, 6, 0
1188, 10, 2, 0, 20, 0
1188, 10, 2, 2, 32, 0
1188, 10, 3, 7, 21, 0
1188, 10, 3, 13, 26, 0
1188, 10, 0, 17, 47, 0
1188, 10, 3, 30, 14, 0
1188, 10, 1, 30, 50, 0
1188, 10, 3, 33, 38, 0
1188, 10, 2, 42, 48, 0
1188, 10, 1, 46, 14, 0
1189, 10, 1, 18, 45, 0
1189, 10, 2, 20, 41, 0
1189, 10, 0, 20, 43, 0
1189, 10, 1, 21, 40, 0
1189, 10, 3, 22, 44, 0
1189, 10, 0, 27, 54, 0
1189, 10, 2, 30, 53, 0
1189, 10, 1, 48, 39, 0
1189, 10, 2, 48, 41, 0
1189, 10, 0, 50, 41, 0
1190, 10, 0, 1, 31, 0
1191, 10, 0, 1, 29, 0
1191, 10, 0, 1, 30, 0
1191, 10, 0, 1, 32, 0
1192, 10, 2, 27, 15, 0
1192, 10, 1, 33, 5, 0
1192, 10, 1, 33, 57, 0
1192, 10, 2, 33, 59, 0
1193, 10, 3, 3, 33, 0
1193, 10, 2, 29, 56, 0
1193, 10, 0, 29, 57, 0
1193, 10, 3, 31, 55, 0
1193, 10, 1, 33, 55, 0
1193, 10, 2, 45, 6, 0
1195, 10, 2, 2, 21, 0
1195, 10, 3, 3, 21, 0
1195, 10, 3, 10, 28, 0
1195, 10, 1, 17, 55, 0
1195, 10, 2, 34, 28, 0
1195, 10, 3, 36, 28, 0
1195, 10, 3, 38, 25, 0
1195, 10, 3, 41, 16, 0
1195, 10, 0, 41, 17, 0
1196, 10, 1, 1, 20, 0
1196, 10, 3, 4, 19, 0
1196, 10, 0, 4, 20, 0
1196, 10, 2, 25, 14, 0
1196, 10, 1, 33, 28, 0
1196, 10, 0, 35, 28, 0
1196, 10, 3, 37, 28, 0
1196, 10, 1, 38, 17, 0
1196, 10, 1, 38, 26, 0
1196, 10, 0, 39, 25, 0
1196, 10, 3, 40, 16, 0
1196, 10, 2, 41, 26, 0
1196, 11, 2, 48, 6, 0
1197, 10, 1, 3, 32, 0
1198, 10, 3, 2, 6, 0
1198, 10, 3, 2, 33, 0
1198, 10, 2, 28, 12, 0
1198, 10, 3, 39, 4, 0
1198, 10, 0, 42, 5, 0
1246, 22, 3, 2, 10, 0
1246, 22, 0, 3, 20, 0
1246, 22, 3, 4, 9, 0
1246, 22, 3, 4, 14, 0
1246, 22, 1, 7, 12, 0
1246, 22, 2, 8, 14, 0
1246, 22, 1, 8, 20, 0
1246, 22, 2, 9, 22, 0
1246, 22, 0, 12, 55, 0
1246, 22, 2, 16, 59, 0
1246, 22, 3, 17, 52, 0
1246, 22, 1, 19, 47, 0
1246, 22, 1, 19, 50, 0
1246, 22, 2, 19, 52, 0
1246, 22, 0, 20, 27, 0
1246, 22, 0, 21, 23, 0
1246, 22, 3, 21, 37, 0
1246, 22, 2, 22, 12, 0
1246, 22, 1, 24, 15, 0
1246, 22, 2, 24, 35, 0
1246, 22, 2, 26, 34, 0
1246, 22, 1, 28, 44, 0
1246, 22, 1, 34, 56, 0
1246, 22, 2, 37, 6, 0
1246, 22, 2, 37, 52, 0
1246, 22, 3, 37, 54, 0
1246, 22, 2, 37, 58, 0
1246, 22, 0, 38, 55, 0
1246, 22, 1, 41, 57, 0
1246, 22, 1, 42, 52, 0
1246, 22, 0, 43, 55, 0
1246, 22, 2, 45, 42, 0
1246, 22, 0, 45, 55, 0
1246, 22, 3, 47, 20, 0
1246, 22, 2, 48, 25, 0
1246, 22, 3, 50, 57, 0
1246, 22, 1, 40, 34, 1
1247, 22, 3, 1, 13, 0
1247, 22, 1, 3, 44, 0
1247, 22, 3, 4, 11, 0
1247, 22, 2, 5, 13, 0
1247, 22, 1, 6, 14, 0
1247, 22, 0, 7, 20, 0
1247, 22, 2, 7, 52, 0
1247, 22, 0, 8, 11, 0
1247, 22, 3, 8, 22, 0
1247, 22, 3, 11, 54, 0
1247, 22, 2, 12, 54, 0
1247, 22, 2, 14, 11, 0
1247, 22, 1, 15, 10, 0
1247, 22, 0, 15, 60, 0
1247, 22, 0, 16, 10, 0
1247, 22, 0, 16, 11, 0
1247, 22, 0, 16, 60, 0
1247, 22, 0, 17, 10, 0
1247, 22, 3, 17, 11, 0
1247, 22, 2, 17, 51, 0
1247, 22, 2, 17, 56, 0
1247, 22, 1, 17, 57, 0
1247, 22, 3, 18, 11, 0
1247, 22, 0, 18, 50, 0
1247, 22, 0, 18, 52, 0
1247, 22, 2, 18, 59, 0
1247, 22, 2, 19, 11, 0
1247, 22, 0, 19, 27, 0
1247, 22, 1, 19, 28, 0
1247, 22, 2, 19, 48, 0
1247, 22, 1, 20, 28, 0
1247, 22, 3, 20, 47, 0
1247, 22, 0, 20, 60, 0
1247, 22, 1, 21, 11, 0
1247, 22, 3, 21, 36, 0
1247, 22, 0, 21, 48, 0
1247, 22, 1, 21, 59, 0
1247, 22, 2, 22, 22, 0
1247, 22, 0, 23, 15, 0
1247, 22, 3, 23, 16, 0
1247, 22, 1, 23, 23, 0
1247, 22, 0, 23, 24, 0
1247, 22, 1, 23, 39, 0
1247, 22, 1, 23, 40, 0
1247, 22, 3, 23, 59, 0
1247, 22, 2, 23, 60, 0
1247, 22, 0, 24, 36, 0
1247, 22, 2, 24, 39, 0
1247, 22, 0, 24, 40, 0
1247, 22, 1, 26, 59, 0
1247, 22, 1, 27, 34, 0
1247, 22, 0, 27, 58, 0
1247, 22, 0, 28, 52, 0
1247, 22, 1, 29, 51, 0
1247, 22, 0, 29, 52, 0
1247, 22, 3, 32, 35, 0
1247, 22, 2, 33, 36, 0
1247, 22, 2, 34, 55, 0
1247, 22, 1, 34, 57, 0
1247, 22, 2, 35, 55, 0
1247, 22, 3, 35, 56, 0
1247, 22, 1, 36, 55, 0
1247, 22, 0, 36, 57, 0
1247, 22, 2, 37, 55, 0
1247, 22, 0, 37, 56, 0
1247, 22, 3, 37, 57, 0
1247, 22, 3, 38, 52, 0
1247, 22, 0, 38, 53, 0
1247, 22, 1, 38, 54, 0
1247, 22, 2, 41, 54, 0
1247, 22, 3, 41, 56, 0
1247, 22, 1, 42, 54, 0
1247, 22, 0, 42, 57, 0
1247, 22, 0, 42, 60, 0
1247, 22, 0, 43, 51, 0
1247, 22, 3, 43, 53, 0
1247, 22, 2, 43, 57, 0
1247, 22, 2, 43, 61, 0
1247, 22, 0, 44, 53, 0
1247, 22, 1, 44, 54, 0
1247, 22, 2, 45, 49, 0
1247, 22, 3, 45, 50, 0
1247, 22, 2, 45, 54, 0
1247, 22, 0, 46, 41, 0
1247, 22, 2, 46, 49, 0
1247, 22, 3, 46, 50, 0
1247, 22, 1, 46, 55, 0
1247, 22, 2, 47, 21, 0
1247, 22, 3, 47, 57, 0
1247, 22, 3, 48, 24, 0
1247, 22, 0, 49, 44, 0
1247, 22, 1, 49, 45, 0
1247, 22, 3, 50, 44, 0
1247, 22, 3, 50, 45, 0
1247, 22, 2, 10, 3, 1
1247, 22, 1, 16, 4, 1
1247, 22, 0, 18, 1, 1
1247, 22, 3, 40, 32, 1
1247, 22, 0, 42, 35, 1
1248, 22, 0, 2, 17, 0
1248, 22, 2, 5, 28, 0
1248, 22, 0, 9, 33, 0
1248, 22, 3, 10, 25, 0
1248, 22, 3, 12, 2, 0
1248, 22, 3, 12, 47, 0
1248, 22, 1, 15, 15, 0
1248, 22, 0, 19, 55, 0
1248, 22, 3, 21, 27, 0
1248, 22, 2, 22, 3, 0
1248, 22, 1, 23, 21, 0
1248, 22, 1, 24, 1, 0
1248, 22, 2, 26, 37, 0
1248, 22, 3, 27, 39, 0
1248, 22, 1, 27, 55, 0
1248, 22, 0, 30, 26, 0
1248, 22, 0, 30, 40, 0
1248, 22, 2, 32, 42, 0
1248, 22, 0, 34, 12, 0
1248, 22, 1, 35, 43, 0
1248, 22, 2, 39, 57, 0
1248, 22, 1, 41, 28, 0
1248, 22, 0, 43, 40, 0
1248, 22, 3, 44, 22, 0
1248, 22, 2, 48, 6, 0
1248, 22, 3, 48, 9, 0
1248, 22, 3, 48, 47, 0
1248, 22, 1, 40, 38, 1
1248, 22, 2, 42, 31, 1
1248, 22, 0, 21, 3, 2
1248, 22, 3, 24, 0, 2
1254, 22, 3, 8, 24, 0
1254, 22, 3, 24, 11, 0
1254, 22, 2, 29, 46, 0
1257, 22, 0, 0, 4, 0
1257, 22, 2, 0, 19, 0
1257, 22, 0, 0, 20, 0
1257, 22, 1, 1, 3, 0
1257, 22, 3, 1, 4, 0
1257, 22, 0, 1, 5, 0
1257, 22, 3, 1, 18, 0
1257, 22, 1, 1, 21, 0
1257, 22, 1, 2, 6, 0
1257, 22, 0, 2, 21, 0
1257, 22, 1, 2, 29, 0
1257, 22, 2, 3, 5, 0
1257, 22, 1, 3, 6, 0
1257, 22, 2, 3, 7, 0
1257, 22, 3, 3, 18, 0
1257, 22, 1, 4, 6, 0
1257, 22, 0, 4, 7, 0
1257, 22, 2, 4, 19, 0
1257, 22, 0, 4, 20, 0
1257, 22, 3, 4, 21, 0
1257, 22, 1, 4, 30, 0
1257, 22, 1, 5, 8, 0
1257, 22, 3, 5, 20, 0
1257, 22, 2, 5, 22, 0
1257, 22, 3, 6, 7, 0
1257, 22, 0, 6, 8, 0
1257, 22, 1, 6, 22, 0
1257, 22, 0, 7, 8, 0
1257, 22, 3, 7, 9, 0
1257, 22, 0, 7, 22, 0
1257, 22, 3, 7, 23, 0
1257, 22, 0, 12, 41, 0
1257, 22, 3, 12, 42, 0
1257, 22, 2, 12, 43, 0
1257, 22, 1, 13, 40, 0
1257, 22, 2, 13, 43, 0
1257, 22, 1, 13, 44, 0
1257, 22, 2, 14, 14, 0
1257, 22, 2, 14, 27, 0
1257, 22, 3, 14, 39, 0
1257, 22, 3, 14, 42, 0
1257, 22, 0, 14, 43, 0
1257, 22, 1, 14, 44, 0
1257, 22, 1, 14, 55, 0
1257, 22, 1, 14, 56, 0
1257, 22, 1, 15, 13, 0
1257, 22, 3, 15, 27, 0
1257, 22, 0, 15, 28, 0
1257, 22, 0, 15, 39, 0
1257, 22, 1, 15, 40, 0
1257, 22, 2, 15, 41, 0
1257, 22, 3, 15, 42, 0
1257, 22, 2, 15, 54, 0
1257, 22, 1, 15, 56, 0
1257, 22, 0, 15, 57, 0
1257, 22, 0, 16, 13, 0
1257, 22, 3, 16, 14, 0
1257, 22, 1, 16, 26, 0
1257, 22, 3, 16, 27, 0
1257, 22, 0, 16, 39, 0
1257, 22, 3, 16, 40, 0
1257, 22, 1, 16, 55, 0
1257, 22, 3, 17, 12, 0
1257, 22, 3, 17, 13, 0
1257, 22, 0, 17, 26, 0
1257, 22, 3, 17, 28, 0
1257, 22, 3, 17, 29, 0
1257, 22, 2, 18, 12, 0
1257, 22, 0, 18, 18, 0
1257, 22, 1, 18, 19, 0
1257, 22, 1, 18, 20, 0
1257, 22, 1, 18, 26, 0
1257, 22, 1, 19, 12, 0
1257, 22, 2, 19, 13, 0
1257, 22, 3, 19, 19, 0
1257, 22, 3, 19, 21, 0
1257, 22, 0, 19, 26, 0
1257, 22, 1, 19, 58, 0
1257, 22, 1, 19, 59, 0
1257, 22, 1, 20, 13, 0
1257, 22, 0, 20, 14, 0
1257, 22, 3, 20, 21, 0
1257, 22, 3, 20, 58, 0
1257, 22, 3, 20, 59, 0
1257, 22, 3, 21, 13, 0
1257, 22, 0, 21, 14, 0
1257, 22, 2, 21, 60, 0
1257, 22, 0, 22, 14, 0
1257, 22, 2, 22, 60, 0
1257, 22, 0, 23, 41, 0
1257, 22, 1, 23, 42, 0
1257, 22, 1, 23, 43, 0
1257, 22, 2, 23, 44, 0
1257, 22, 3, 24, 41, 0
1257, 22, 2, 24, 45, 0
1257, 22, 0, 24, 47, 0
1257, 22, 0, 24, 48, 0
1257, 22, 0, 24, 60, 0
1257, 22, 2, 25, 15, 0
1257, 22, 0, 25, 16, 0
1257, 22, 3, 25, 39, 0
1257, 22, 2, 25, 40, 0
1257, 22, 3, 25, 41, 0
1257, 22, 3, 25, 44, 0
1257, 22, 0, 25, 45, 0
1257, 22, 3, 25, 46, 0
1257, 22, 3, 25, 47, 0
1257, 22, 3, 25, 48, 0
1257, 22, 1, 25, 61, 0
1257, 22, 2, 25, 62, 0
1257, 22, 2, 25, 63, 0
1257, 22, 2, 26, 16, 0
1257, 22, 0, 26, 39, 0
1257, 22, 1, 26, 45, 0
1257, 22, 0, 26, 46, 0
1257, 22, 3, 27, 11, 0
1257, 22, 0, 27, 12, 0
1257, 22, 0, 27, 16, 0
1257, 22, 2, 27, 47, 0
1257, 22, 1, 28, 11, 0
1257, 22, 0, 28, 12, 0
1257, 22, 2, 28, 14, 0
1257, 22, 3, 28, 15, 0
1257, 22, 2, 28, 16, 0
1257, 22, 2, 28, 38, 0
1257, 22, 1, 28, 49, 0
1257, 22, 2, 29, 11, 0
1257, 22, 0, 29, 12, 0
1257, 22, 1, 29, 13, 0
1257, 22, 0, 29, 15, 0
1257, 22, 3, 29, 38, 0
1257, 22, 2, 29, 48, 0
1257, 22, 1, 30, 11, 0
1257, 22, 0, 30, 13, 0
1257, 22, 0, 30, 14, 0
1257, 22, 1, 30, 15, 0
1257, 22, 3, 30, 47, 0
1257, 22, 0, 30, 49, 0
1257, 22, 0, 31, 8, 0
1257, 22, 3, 31, 9, 0
1257, 22, 0, 31, 11, 0
1257, 22, 1, 31, 12, 0
1257, 22, 3, 31, 14, 0
1257, 22, 0, 31, 15, 0
1257, 22, 3, 31, 16, 0
1257, 22, 2, 32, 8, 0
1257, 22, 2, 32, 10, 0
1257, 22, 1, 32, 13, 0
1257, 22, 1, 32, 14, 0
1257, 22, 1, 32, 15, 0
1257, 22, 2, 33, 11, 0
1257, 22, 2, 33, 38, 0
1257, 22, 3, 33, 48, 0
1257, 22, 3, 34, 4, 0
1257, 22, 1, 34, 38, 0
1257, 22, 3, 34, 48, 0
1257, 22, 2, 35, 4, 0
1257, 22, 3, 35, 11, 0
1257, 22, 0, 35, 37, 0
1257, 22, 1, 35, 49, 0
1257, 22, 0, 36, 11, 0
1257, 22, 3, 36, 38, 0
1257, 22, 3, 36, 48, 0
1257, 22, 1, 37, 10, 0
1257, 22, 2, 37, 47, 0
1257, 22, 0, 37, 48, 0
1257, 22, 0, 37, 49, 0
1257, 22, 1, 38, 3, 0
1257, 22, 0, 38, 4, 0
1257, 22, 3, 38, 5, 0
1257, 22, 2, 38, 6, 0
1257, 22, 2, 38, 10, 0
1257, 22, 1, 38, 11, 0
1257, 22, 2, 38, 46, 0
1257, 22, 1, 38, 47, 0
1257, 22, 2, 39, 3, 0
1257, 22, 2, 39, 6, 0
1257, 22, 1, 39, 7, 0
1257, 22, 0, 39, 9, 0
1257, 22, 1, 39, 45, 0
1257, 22, 3, 40, 45, 0
1257, 22, 3, 40, 46, 0
1257, 22, 3, 41, 45, 0
1257, 22, 3, 41, 46, 0
1257, 22, 2, 42, 4, 0
1257, 22, 2, 42, 18, 0
1257, 22, 3, 42, 19, 0
1257, 22, 1, 42, 22, 0
1257, 22, 0, 42, 23, 0
1257, 22, 1, 45, 21, 0
1257, 22, 1, 45, 22, 0
1257, 22, 0, 45, 23, 0
1257, 22, 1, 45, 26, 0
1257, 22, 3, 45, 27, 0
1257, 22, 2, 46, 26, 0
1257, 22, 2, 46, 39, 0
1257, 22, 2, 46, 40, 0
1257, 22, 1, 47, 38, 0
1257, 22, 2, 47, 39, 0
1257, 22, 3, 47, 40, 0
1257, 22, 1, 47, 41, 0
1257, 22, 2, 47, 42, 0
1257, 22, 0, 48, 40, 0
1257, 22, 1, 48, 41, 0
1257, 22, 2, 48, 42, 0
1257, 22, 0, 49, 41, 0
1257, 22, 3, 49, 42, 0
1257, 22, 1, 49, 43, 0
1257, 22, 3, 50, 41, 0
1257, 22, 0, 50, 42, 0
1257, 22, 0, 50, 43, 0
1257, 22, 1, 51, 40, 0
1257, 22, 1, 51, 41, 0
1257, 22, 1, 51, 42, 0
1257, 22, 0, 51, 43, 0
1257, 22, 3, 51, 44, 0
1258, 22, 2, 0, 22, 0
1258, 22, 2, 1, 19, 0
1258, 22, 1, 1, 20, 0
1258, 22, 3, 2, 4, 0
1258, 22, 1, 2, 5, 0
1258, 22, 0, 2, 18, 0
1258, 22, 3, 2, 22, 0
1258, 22, 1, 2, 30, 0
1258, 22, 0, 3, 31, 0
1258, 22, 2, 4, 22, 0
1258, 22, 3, 5, 7, 0
1258, 22, 3, 5, 31, 0
1258, 22, 2, 13, 55, 0
1258, 22, 0, 15, 14, 0
1258, 22, 2, 15, 26, 0
1258, 22, 3, 15, 55, 0
1258, 22, 1, 16, 28, 0
1258, 22, 0, 17, 14, 0
1258, 22, 2, 17, 27, 0
1258, 22, 1, 18, 13, 0
1258, 22, 3, 18, 57, 0
1258, 22, 2, 18, 58, 0
1258, 22, 3, 19, 14, 0
1258, 22, 2, 19, 17, 0
1258, 22, 3, 20, 18, 0
1258, 22, 3, 24, 42, 0
1258, 22, 2, 24, 44, 0
1258, 22, 0, 24, 61, 0
1258, 22, 1, 25, 42, 0
1258, 22, 1, 25, 43, 0
1258, 22, 1, 26, 47, 0
1258, 22, 0, 27, 48, 0
1258, 22, 0, 29, 14, 0
1258, 22, 3, 29, 16, 0
1258, 22, 2, 30, 16, 0
1258, 22, 0, 30, 38, 0
1258, 22, 3, 32, 38, 0
1258, 22, 0, 33, 4, 0
1258, 22, 1, 34, 49, 0
1258, 22, 2, 35, 38, 0
1258, 22, 0, 37, 11, 0
1258, 22, 1, 38, 48, 0
1258, 22, 0, 39, 5, 0
1258, 22, 3, 39, 10, 0
1258, 22, 1, 39, 11, 0
1258, 22, 0, 39, 46, 0
1258, 22, 3, 40, 4, 0
1258, 22, 2, 41, 4, 0
1258, 22, 1, 41, 5, 0
1258, 22, 2, 42, 5, 0
1258, 22, 3, 43, 5, 0
1258, 22, 1, 45, 5, 0
1258, 22, 1, 46, 21, 0
1258, 22, 1, 49, 40, 0
1259, 22, 0, 1, 22, 0
1259, 22, 3, 3, 22, 0
1259, 22, 0, 13, 41, 0
1259, 22, 2, 13, 42, 0
1259, 22, 3, 14, 26, 0
1259, 22, 3, 14, 40, 0
1259, 22, 0, 14, 41, 0
1259, 22, 3, 18, 14, 0
1259, 22, 3, 18, 21, 0
1259, 22, 1, 19, 18, 0
1259, 22, 2, 24, 43, 0
1259, 22, 0, 26, 48, 0
1259, 22, 3, 26, 49, 0
1259, 22, 2, 28, 48, 0
1259, 22, 1, 31, 38, 0
1259, 22, 0, 32, 16, 0
1259, 22, 2, 39, 47, 0
1259, 22, 0, 48, 38, 0
1259, 22, 3, 49, 39, 0
1259, 22, 2, 50, 40, 0
1262, 22, 1, 32, 45, 0
1262, 22, 3, 34, 42, 0
1262, 22, 0, 35, 44, 0
1262, 22, 2, 38, 43, 0
1263, 22, 2, 34, 41, 0
1263, 22, 1, 35, 41, 0
1263, 22, 1, 36, 41, 0
1263, 22, 0, 38, 40, 0
1276, 10, 3, 0, 35, 0
1276, 10, 0, 4, 13, 0
1276, 10, 1, 7, 10, 0
1276, 10, 0, 7, 19, 0
1276, 10, 3, 8, 21, 0
1276, 10, 2, 19, 19, 0
1276, 10, 3, 21, 22, 0
1276, 10, 2, 23, 15, 0
1276, 10, 0, 23, 23, 0
1276, 10, 0, 26, 13, 0
1276, 10, 3, 26, 58, 0
1276, 10, 0, 28, 51, 0
1276, 10, 2, 34, 54, 0
1276, 10, 2, 34, 56, 0
1276, 10, 2, 36, 57, 0
1276, 10, 2, 37, 52, 0
1276, 10, 0, 41, 53, 0
1276, 10, 3, 42, 51, 0
1276, 10, 1, 43, 53, 0
1276, 10, 3, 45, 49, 0
1276, 10, 1, 46, 20, 0
1276, 10, 3, 49, 44, 0
1278, 10, 0, 1, 55, 0
1278, 10, 3, 11, 54, 0
1278, 10, 1, 19, 47, 0
1278, 10, 0, 21, 11, 0
1278, 10, 0, 23, 39, 0
1278, 10, 0, 25, 10, 0
1278, 10, 0, 45, 41, 0
1278, 10, 0, 48, 24, 0
1281, 10, 3, 2, 9, 0
1281, 10, 1, 6, 12, 0
1281, 10, 3, 17, 50, 0
1281, 10, 1, 35, 4, 0
1281, 10, 3, 36, 54, 0
1281, 10, 1, 38, 14, 0
1281, 10, 2, 41, 55, 0
1286, 10, 0, 9, 43, 0
1286, 10, 3, 10, 48, 0
1289, 10, 2, 3, 49, 0
1289, 10, 3, 5, 43, 0
1289, 10, 0, 8, 51, 0
1298, 10, 3, 1, 49, 0
1298, 10, 3, 3, 12, 0
1298, 10, 2, 8, 23, 0
1298, 10, 3, 18, 44, 0
1298, 10, 2, 21, 47, 0
1298, 10, 3, 24, 11, 0
1298, 10, 0, 24, 58, 0
1298, 10, 1, 25, 16, 0
1298, 10, 3, 25, 38, 0
1298, 10, 3, 29, 37, 0
1298, 10, 3, 33, 39, 0
1298, 10, 2, 35, 8, 0
1298, 10, 1, 38, 4, 0
1298, 10, 3, 45, 18, 0
1298, 10, 0, 46, 47, 0
1298, 10, 0, 48, 22, 0
1298, 10, 1, 49, 52, 0
1300, 10, 2, 5, 8, 0
1300, 10, 3, 17, 42, 0
1300, 10, 0, 41, 45, 0
1308, 10, 2, 15, 59, 0
1308, 10, 1, 16, 56, 0
1308, 10, 2, 18, 58, 0
1308, 10, 0, 19, 27, 0
1308, 10, 2, 20, 59, 0
1308, 10, 2, 21, 36, 0
1308, 10, 1, 22, 59, 0
1308, 10, 1, 23, 35, 0
1308, 10, 2, 26, 34, 0
1308, 10, 0, 29, 35, 0
1308, 10, 3, 31, 34, 0
1308, 10, 2, 33, 35, 0
1308, 10, 3, 42, 60, 0
1308, 10, 0, 45, 59, 0
1308, 10, 1, 46, 57, 0
1308, 10, 0, 48, 58, 0
1308, 10, 1, 50, 56, 0
1394, 10, 0, 14, 10, 0
1394, 10, 1, 14, 13, 0
1394, 10, 3, 16, 10, 0
1394, 10, 2, 18, 11, 0
1530, 0, 2, 32, 42, 0
1533, 0, 1, 4, 28, 0
1533, 0, 2, 6, 26, 0
1533, 0, 1, 35, 13, 0
1551, 0, 2, 38, 43, 0
1553, 0, 2, 38, 42, 0
1602, 0, 1, 0, 22, 0
1602, 0, 1, 0, 28, 0
1602, 0, 1, 1, 22, 0
1602, 0, 1, 1, 28, 0
1602, 0, 1, 2, 22, 0
1602, 0, 1, 2, 28, 0
1602, 0, 1, 3, 22, 0
1602, 0, 1, 3, 28, 0
1602, 0, 1, 4, 22, 0
1602, 0, 1, 5, 22, 0
1602, 0, 1, 5, 28, 0
1602, 0, 1, 6, 22, 0
1602, 0, 2, 6, 23, 0
1602, 0, 2, 6, 24, 0
1602, 0, 2, 6, 25, 0
1602, 0, 2, 6, 27, 0
1602, 2, 1, 6, 28, 0
1602, 3, 3, 25, 20, 0
1602, 3, 0, 25, 21, 0
1602, 3, 2, 39, 8, 0
1602, 3, 1, 39, 9, 0
1602, 3, 2, 41, 20, 0
1602, 3, 1, 41, 21, 0
1602, 3, 3, 48, 8, 0
1602, 3, 0, 48, 9, 0
1602, 0, 1, 0, 22, 1
1602, 0, 1, 0, 24, 1
1602, 0, 3, 0, 26, 1
1602, 0, 1, 0, 28, 1
1602, 0, 1, 1, 22, 1
1602, 0, 1, 1, 28, 1
1602, 0, 1, 2, 22, 1
1602, 0, 1, 2, 24, 1
1602, 0, 3, 2, 26, 1
1602, 0, 1, 2, 28, 1
1602, 0, 1, 3, 22, 1
1602, 0, 2, 3, 23, 1
1602, 2, 1, 3, 24, 1
1602, 0, 3, 3, 26, 1
1602, 0, 1, 3, 28, 1
1602, 0, 1, 4, 22, 1
1602, 2, 2, 4, 26, 1
1602, 0, 2, 4, 27, 1
1602, 2, 1, 4, 28, 1
1602, 0, 1, 5, 22, 1
1602, 0, 1, 5, 28, 1
1602, 0, 1, 6, 22, 1
1602, 0, 2, 6, 23, 1
1602, 0, 2, 6, 24, 1
1602, 0, 2, 6, 27, 1
1602, 2, 1, 6, 28, 1
1604, 12, 0, 49, 8, 1
1604, 12, 0, 49, 9, 1
1604, 12, 2, 0, 24, 2
1604, 12, 2, 0, 25, 2
1604, 12, 2, 0, 26, 2
1604, 12, 2, 0, 27, 2
1604, 12, 1, 1, 23, 2
1604, 12, 3, 1, 28, 2
1604, 12, 1, 2, 23, 2
1604, 12, 3, 2, 28, 2
1604, 12, 1, 3, 23, 2
1604, 12, 3, 3, 28, 2
1604, 12, 1, 4, 23, 2
1604, 12, 3, 4, 28, 2
1604, 12, 1, 5, 23, 2
1604, 12, 3, 5, 28, 2
1604, 12, 0, 6, 24, 2
1604, 12, 0, 6, 25, 2
1604, 12, 0, 6, 26, 2
1604, 12, 0, 6, 27, 2
1604, 17, 0, 15, 20, 2
1604, 17, 0, 15, 21, 2
1604, 17, 0, 15, 22, 2
1604, 17, 0, 15, 23, 2
1604, 17, 1, 42, 8, 2
1604, 17, 1, 2, 25, 3
1604, 17, 1, 2, 26, 3
1604, 17, 1, 3, 25, 3
1604, 17, 1, 3, 26, 3
1604, 17, 1, 4, 25, 3
1604, 17, 1, 4, 26, 3
1624, 9, 3, 0, 44, 0
1624, 3, 3, 0, 46, 0
1624, 9, 3, 1, 43, 0
1624, 9, 0, 1, 48, 0
1624, 3, 0, 4, 48, 0
1624, 0, 0, 4, 49, 0
1624, 3, 1, 5, 48, 0
1624, 0, 2, 6, 49, 0
1624, 9, 2, 7, 43, 0
1624, 1, 2, 7, 44, 0
1624, 9, 1, 7, 48, 0
1624, 9, 2, 8, 44, 0
1624, 0, 3, 9, 45, 0
1624, 3, 0, 10, 46, 0
1625, 9, 1, 0, 47, 0
1625, 0, 0, 4, 51, 0
1625, 0, 1, 9, 46, 0
1626, 0, 0, 0, 45, 0
1626, 1, 3, 1, 44, 0
1626, 0, 3, 2, 43, 0
1626, 0, 1, 2, 48, 0
1626, 0, 1, 3, 48, 0
1626, 0, 0, 4, 52, 0
1626, 0, 3, 5, 43, 0
1626, 0, 2, 5, 49, 0
1626, 0, 2, 5, 51, 0
1626, 0, 3, 6, 43, 0
1626, 3, 3, 6, 47, 0
1626, 0, 1, 6, 48, 0
1626, 1, 1, 7, 47, 0
1626, 1, 1, 8, 46, 0
1626, 9, 1, 8, 47, 0
1626, 3, 3, 10, 45, 0
1626, 3, 3, 11, 45, 0
1626, 3, 0, 11, 46, 0
1631, 0, 0, 4, 50, 0
1634, 12, 1, 28, 39, 1
1640, 16, 1, 25, 17, 2
1640, 12, 2, 25, 18, 2
1640, 12, 2, 25, 19, 2
1640, 12, 2, 25, 20, 2
1640, 12, 2, 25, 21, 2
1640, 12, 2, 25, 22, 2
1640, 12, 2, 25, 23, 2
1640, 16, 2, 25, 24, 2
1640, 12, 1, 26, 17, 2
1640, 12, 3, 26, 24, 2
1640, 12, 1, 27, 17, 2
1640, 12, 3, 27, 24, 2
1640, 12, 1, 28, 17, 2
1640, 12, 3, 28, 24, 2
1640, 12, 1, 29, 17, 2
1640, 12, 3, 29, 24, 2
1640, 12, 1, 30, 17, 2
1640, 12, 3, 30, 24, 2
1640, 12, 1, 31, 17, 2
1640, 12, 3, 31, 24, 2
1640, 12, 1, 32, 17, 2
1640, 12, 3, 32, 24, 2
1640, 16, 1, 33, 14, 2
1640, 12, 2, 33, 15, 2
1640, 12, 2, 33, 16, 2
1640, 15, 1, 33, 17, 2
1640, 15, 2, 33, 24, 2
1640, 12, 2, 33, 25, 2
1640, 12, 2, 33, 26, 2
1640, 16, 2, 33, 27, 2
1640, 12, 1, 34, 14, 2
1640, 12, 3, 34, 27, 2
1640, 12, 1, 35, 14, 2
1640, 12, 3, 35, 27, 2
1640, 12, 1, 36, 14, 2
1640, 12, 3, 36, 27, 2
1640, 16, 0, 37, 14, 2
1640, 12, 0, 37, 15, 2
1640, 12, 0, 37, 16, 2
1640, 12, 0, 37, 17, 2
1640, 15, 0, 37, 18, 2
1640, 15, 3, 37, 23, 2
1640, 12, 0, 37, 24, 2
1640, 12, 0, 37, 25, 2
1640, 12, 0, 37, 26, 2
1640, 16, 3, 37, 27, 2
1640, 12, 1, 38, 18, 2
1640, 12, 3, 38, 23, 2
1640, 12, 1, 39, 18, 2
1640, 12, 3, 39, 23, 2
1640, 12, 1, 40, 18, 2
1640, 12, 3, 40, 23, 2
1640, 16, 0, 41, 18, 2
1640, 12, 0, 41, 19, 2
1640, 12, 0, 41, 20, 2
1640, 12, 0, 41, 21, 2
1640, 12, 0, 41, 22, 2
1640, 16, 3, 41, 23, 2
1640, 16, 1, 26, 18, 3
1640, 12, 2, 26, 19, 3
1640, 12, 2, 26, 20, 3
1640, 12, 2, 26, 21, 3
1640, 12, 2, 26, 22, 3
1640, 16, 2, 26, 23, 3
1640, 12, 1, 27, 18, 3
1640, 17, 1, 27, 19, 3
1640, 17, 1, 27, 20, 3
1640, 17, 1, 27, 21, 3
1640, 17, 1, 27, 22, 3
1640, 12, 3, 27, 23, 3
1640, 12, 1, 28, 18, 3
1640, 17, 1, 28, 19, 3
1640, 17, 1, 28, 20, 3
1640, 17, 1, 28, 21, 3
1640, 17, 1, 28, 22, 3
1640, 12, 3, 28, 23, 3
1640, 12, 1, 29, 18, 3
1640, 17, 1, 29, 19, 3
1640, 17, 1, 29, 20, 3
1640, 17, 1, 29, 21, 3
1640, 17, 1, 29, 22, 3
1640, 12, 3, 29, 23, 3
1640, 12, 1, 30, 18, 3
1640, 17, 1, 30, 19, 3
1640, 17, 1, 30, 20, 3
1640, 17, 1, 30, 21, 3
1640, 17, 1, 30, 22, 3
1640, 12, 3, 30, 23, 3
1640, 12, 1, 31, 18, 3
1640, 17, 1, 31, 19, 3
1640, 17, 1, 31, 20, 3
1640, 17, 1, 31, 21, 3
1640, 17, 1, 31, 22, 3
1640, 12, 3, 31, 23, 3
1640, 12, 1, 32, 18, 3
1640, 17, 1, 32, 19, 3
1640, 17, 1, 32, 20, 3
1640, 17, 1, 32, 21, 3
1640, 17, 1, 32, 22, 3
1640, 12, 3, 32, 23, 3
1640, 12, 1, 33, 18, 3
1640, 17, 1, 33, 19, 3
1640, 17, 1, 33, 20, 3
1640, 17, 1, 33, 21, 3
1640, 17, 1, 33, 22, 3
1640, 12, 3, 33, 23, 3
1640, 16, 1, 34, 15, 3
1640, 12, 2, 34, 16, 3
1640, 12, 2, 34, 17, 3
1640, 15, 1, 34, 18, 3
1640, 17, 1, 34, 19, 3
1640, 17, 1, 34, 20, 3
1640, 17, 1, 34, 21, 3
1640, 17, 1, 34, 22, 3
1640, 15, 2, 34, 23, 3
1640, 12, 2, 34, 24, 3
1640, 12, 2, 34, 25, 3
1640, 16, 2, 34, 26, 3
1640, 12, 1, 35, 15, 3
1640, 17, 1, 35, 16, 3
1640, 17, 1, 35, 17, 3
1640, 17, 1, 35, 18, 3
1640, 17, 1, 35, 19, 3
1640, 17, 1, 35, 20, 3
1640, 17, 1, 35, 21, 3
1640, 17, 1, 35, 22, 3
1640, 17, 1, 35, 23, 3
1640, 17, 1, 35, 24, 3
1640, 17, 1, 35, 25, 3
1640, 12, 3, 35, 26, 3
1640, 16, 0, 36, 15, 3
1640, 12, 0, 36, 16, 3
1640, 12, 0, 36, 17, 3
1640, 12, 0, 36, 18, 3
1640, 15, 0, 36, 19, 3
1640, 17, 0, 36, 20, 3
1640, 17, 0, 36, 21, 3
1640, 15, 3, 36, 22, 3
1640, 12, 0, 36, 23, 3
1640, 12, 0, 36, 24, 3
1640, 12, 0, 36, 25, 3
1640, 16, 3, 36, 26, 3
1640, 12, 1, 37, 19, 3
1640, 17, 0, 37, 20, 3
1640, 17, 0, 37, 21, 3
1640, 12, 3, 37, 22, 3
1640, 12, 1, 38, 19, 3
1640, 17, 0, 38, 20, 3
1640, 17, 0, 38, 21, 3
1640, 12, 3, 38, 22, 3
1640, 12, 1, 39, 19, 3
1640, 17, 0, 39, 20, 3
1640, 17, 0, 39, 21, 3
1640, 12, 3, 39, 22, 3
1640, 16, 0, 40, 19, 3
1640, 12, 0, 40, 20, 3
1640, 12, 0, 40, 21, 3
1640, 16, 3, 40, 22, 3
1641, 16, 1, 27, 39, 1
1641, 12, 2, 27, 40, 1
1641, 12, 2, 27, 41, 1
1641, 12, 2, 27, 42, 1
1641, 12, 2, 27, 43, 1
1641, 16, 2, 27, 44, 1
1641, 12, 3, 28, 44, 1
1641, 12, 1, 29, 39, 1
1641, 12, 3, 29, 44, 1
1641, 12, 1, 30, 39, 1
1641, 12, 3, 30, 44, 1
1641, 12, 1, 31, 39, 1
1641, 12, 3, 31, 44, 1
1641, 16, 0, 32, 39, 1
1641, 12, 0, 32, 40, 1
1641, 12, 0, 32, 41, 1
1641, 12, 0, 32, 42, 1
1641, 12, 0, 32, 43, 1
1641, 16, 3, 32, 44, 1
1641, 16, 1, 0, 23, 2
1641, 16, 2, 0, 28, 2
1641, 16, 0, 6, 23, 2
1641, 16, 3, 6, 28, 2
1641, 12, 2, 14, 20, 2
1641, 12, 2, 14, 21, 2
1641, 12, 2, 14, 22, 2
1641, 12, 2, 14, 23, 2
1641, 12, 1, 15, 19, 2
1641, 12, 3, 15, 24, 2
1641, 12, 0, 16, 20, 2
1641, 12, 0, 16, 21, 2
1641, 12, 0, 16, 22, 2
1641, 15, 0, 16, 23, 2
1641, 12, 3, 16, 24, 2
1641, 12, 2, 28, 41, 2
1641, 12, 2, 28, 42, 2
1641, 12, 1, 29, 40, 2
1641, 12, 3, 29, 43, 2
1641, 12, 1, 30, 40, 2
1641, 12, 3, 30, 43, 2
1641, 12, 0, 31, 41, 2
1641, 12, 0, 31, 42, 2
1641, 12, 2, 41, 8, 2
1641, 12, 1, 42, 7, 2
1641, 12, 3, 42, 9, 2
1641, 15, 0, 43, 8, 2
1641, 12, 3, 43, 9, 2
1641, 12, 1, 44, 8, 2
1641, 12, 3, 44, 9, 2
1641, 12, 1, 45, 8, 2
1641, 12, 3, 45, 9, 2
1641, 12, 1, 46, 8, 2
1641, 12, 3, 46, 9, 2
1641, 12, 1, 47, 8, 2
1641, 12, 3, 47, 9, 2
1641, 12, 2, 1, 25, 3
1641, 12, 2, 1, 26, 3
1641, 12, 1, 2, 24, 3
1641, 12, 3, 2, 27, 3
1641, 12, 1, 3, 24, 3
1641, 12, 3, 3, 27, 3
1641, 12, 1, 4, 24, 3
1641, 12, 3, 4, 27, 3
1641, 12, 0, 5, 25, 3
1641, 12, 0, 5, 26, 3
1647, 10, 0, 25, 20, 1
1647, 10, 2, 41, 21, 1
1648, 10, 0, 25, 21, 1
1648, 10, 2, 41, 20, 1
1675, 0, 1, 1, 24, 1
1675, 0, 3, 1, 26, 1
1746, 10, 3, 0, 24, 1
1746, 10, 1, 41, 18, 1
1747, 10, 3, 0, 24, 0
1747, 10, 1, 41, 18, 0
1792, 19, 1, 12, 17, 1
1792, 18, 2, 12, 18, 1
1792, 18, 2, 12, 19, 1
1792, 18, 2, 12, 20, 1
1792, 18, 2, 12, 21, 1
1792, 18, 2, 12, 22, 1
1792, 18, 2, 12, 23, 1
1792, 18, 2, 12, 24, 1
1792, 18, 2, 12, 25, 1
1792, 19, 2, 12, 26, 1
1792, 18, 1, 13, 17, 1
1792, 18, 3, 13, 26, 1
1792, 18, 1, 14, 17, 1
1792, 18, 3, 14, 26, 1
1792, 18, 1, 15, 17, 1
1792, 18, 3, 15, 26, 1
1792, 18, 1, 16, 17, 1
1792, 18, 3, 16, 26, 1
1792, 18, 1, 17, 17, 1
1792, 18, 3, 17, 26, 1
1792, 19, 0, 18, 17, 1
1792, 18, 0, 18, 18, 1
1792, 18, 0, 18, 19, 1
1792, 18, 0, 18, 20, 1
1792, 20, 0, 18, 21, 1
1792, 18, 3, 18, 26, 1
1792, 18, 1, 19, 21, 1
1792, 18, 3, 19, 26, 1
1792, 19, 0, 20, 21, 1
1792, 18, 0, 20, 22, 1
1792, 18, 0, 20, 23, 1
1792, 18, 0, 20, 24, 1
1792, 18, 0, 20, 25, 1
1792, 19, 3, 20, 26, 1
1792, 19, 1, 26, 38, 1
1792, 18, 2, 26, 39, 1
1792, 18, 2, 26, 40, 1
1792, 18, 2, 26, 41, 1
1792, 18, 2, 26, 42, 1
1792, 18, 2, 26, 43, 1
1792, 18, 2, 26, 44, 1
1792, 19, 2, 26, 45, 1
1792, 18, 1, 27, 38, 1
1792, 18, 3, 27, 45, 1
1792, 18, 1, 28, 38, 1
1792, 18, 3, 28, 45, 1
1792, 18, 1, 29, 38, 1
1792, 18, 3, 29, 45, 1
1792, 18, 1, 30, 38, 1
1792, 18, 3, 30, 45, 1
1792, 18, 1, 31, 38, 1
1792, 18, 3, 31, 45, 1
1792, 18, 1, 32, 38, 1
1792, 18, 3, 32, 45, 1
1792, 19, 0, 33, 38, 1
1792, 18, 0, 33, 39, 1
1792, 18, 0, 33, 40, 1
1792, 18, 0, 33, 41, 1
1792, 18, 0, 33, 42, 1
1792, 18, 0, 33, 43, 1
1792, 18, 0, 33, 44, 1
1792, 19, 3, 33, 45, 1
1792, 19, 1, 39, 5, 1
1792, 18, 2, 39, 6, 1
1792, 18, 2, 39, 7, 1
1792, 18, 2, 39, 8, 1
1792, 18, 2, 39, 9, 1
1792, 18, 2, 39, 10, 1
1792, 19, 2, 39, 11, 1
1792, 18, 1, 40, 5, 1
1792, 18, 3, 40, 11, 1
1792, 18, 1, 41, 5, 1
1792, 18, 3, 41, 11, 1
1792, 18, 1, 42, 5, 1
1792, 18, 3, 42, 11, 1
1792, 18, 1, 43, 5, 1
1792, 18, 3, 43, 11, 1
1792, 18, 1, 44, 5, 1
1792, 18, 3, 44, 11, 1
1792, 19, 0, 45, 5, 1
1792, 20, 0, 45, 6, 1
1792, 18, 3, 45, 11, 1
1792, 18, 1, 46, 6, 1
1792, 18, 3, 46, 11, 1
1792, 18, 1, 47, 6, 1
1792, 18, 3, 47, 11, 1
1792, 18, 1, 48, 6, 1
1792, 18, 3, 48, 11, 1
1792, 18, 1, 49, 6, 1
1792, 18, 3, 49, 11, 1
1792, 18, 1, 0, 22, 2
1792, 18, 3, 0, 29, 2
1792, 18, 1, 1, 22, 2
1792, 18, 3, 1, 29, 2
1792, 18, 1, 2, 22, 2
1792, 18, 3, 2, 29, 2
1792, 18, 1, 3, 22, 2
1792, 18, 3, 3, 29, 2
1792, 18, 1, 4, 22, 2
1792, 18, 3, 4, 29, 2
1792, 18, 1, 5, 22, 2
1792, 18, 3, 5, 29, 2
1792, 18, 1, 6, 22, 2
1792, 18, 3, 6, 29, 2
1792, 19, 0, 7, 22, 2
1792, 18, 0, 7, 23, 2
1792, 18, 0, 7, 24, 2
1792, 18, 0, 7, 25, 2
1792, 18, 0, 7, 26, 2
1792, 18, 0, 7, 27, 2
1792, 18, 0, 7, 28, 2
1792, 19, 3, 7, 29, 2
1821, 4, 0, 0, 24, 0
1821, 4, 0, 0, 27, 0
1821, 5, 2, 6, 24, 0
1821, 5, 1, 28, 44, 0
1821, 4, 3, 28, 45, 0
1821, 5, 1, 31, 44, 0
1821, 4, 3, 31, 45, 0
1821, 5, 2, 32, 40, 0
1821, 4, 0, 33, 40, 0
1821, 4, 0, 0, 24, 1
1821, 4, 0, 0, 27, 1
1828, 5, 1, 1, 22, 0
1828, 4, 3, 1, 29, 0
1828, 5, 1, 3, 22, 0
1828, 4, 3, 3, 29, 0
1828, 5, 1, 5, 22, 0
1828, 4, 3, 5, 29, 0
1828, 5, 1, 1, 22, 1
1828, 4, 3, 1, 29, 1
1828, 5, 1, 3, 22, 1
1828, 4, 3, 3, 29, 1
1828, 5, 1, 5, 22, 1
1828, 4, 3, 5, 29, 1
1829, 4, 3, 1, 23, 0
1829, 5, 1, 1, 28, 0
1829, 4, 3, 3, 23, 0
1829, 5, 1, 3, 28, 0
1829, 4, 3, 5, 23, 0
1829, 5, 1, 5, 28, 0
1829, 4, 3, 1, 23, 1
1829, 5, 1, 1, 28, 1
1829, 4, 3, 3, 23, 1
1829, 5, 1, 3, 28, 1
1829, 4, 3, 5, 23, 1
1829, 5, 1, 5, 28, 1
1838, 5, 2, 39, 7, 0
1838, 4, 0, 40, 7, 0
1838, 4, 1, 47, 6, 0
1838, 5, 3, 47, 7, 0
1839, 4, 0, 7, 24, 0
1846, 4, 2, 24, 18, 0
1846, 4, 2, 24, 23, 0
1846, 5, 0, 25, 18, 0
1846, 5, 0, 25, 23, 0
1846, 4, 1, 26, 16, 0
1846, 5, 3, 26, 17, 0
1846, 5, 1, 26, 24, 0
1846, 4, 3, 26, 25, 0
1846, 4, 1, 28, 16, 0
1846, 5, 3, 28, 17, 0
1846, 5, 1, 28, 24, 0
1846, 4, 3, 28, 25, 0
1846, 4, 1, 30, 16, 0
1846, 5, 3, 30, 17, 0
1846, 5, 1, 30, 24, 0
1846, 4, 3, 30, 25, 0
1846, 4, 1, 32, 16, 0
1846, 5, 3, 32, 17, 0
1846, 5, 1, 32, 24, 0
1846, 4, 3, 32, 25, 0
1846, 5, 1, 34, 13, 0
1846, 4, 3, 34, 14, 0
1846, 4, 1, 34, 27, 0
1846, 5, 3, 34, 28, 0
1846, 5, 1, 36, 13, 0
1846, 4, 3, 36, 14, 0
1846, 4, 1, 36, 27, 0
1846, 5, 3, 36, 28, 0
1846, 4, 1, 38, 17, 0
1846, 5, 3, 38, 18, 0
1846, 5, 1, 38, 23, 0
1846, 4, 3, 38, 24, 0
1846, 4, 1, 40, 17, 0
1846, 5, 3, 40, 18, 0
1846, 5, 1, 40, 23, 0
1846, 4, 3, 40, 24, 0
1846, 4, 1, 26, 16, 1
1846, 5, 3, 26, 17, 1
1846, 5, 1, 26, 24, 1
1846, 4, 3, 26, 25, 1
1846, 4, 1, 28, 16, 1
1846, 5, 3, 28, 17, 1
1846, 5, 1, 28, 24, 1
1846, 4, 3, 28, 25, 1
1846, 4, 1, 30, 16, 1
1846, 5, 3, 30, 17, 1
1846, 5, 1, 30, 24, 1
1846, 4, 3, 30, 25, 1
1846, 4, 1, 32, 16, 1
1846, 5, 3, 32, 17, 1
1846, 5, 1, 32, 24, 1
1846, 4, 3, 32, 25, 1
1846, 5, 1, 34, 13, 1
1846, 4, 3, 34, 14, 1
1846, 4, 1, 34, 27, 1
1846, 5, 3, 34, 28, 1
1846, 5, 1, 36, 13, 1
1846, 4, 3, 36, 14, 1
1846, 4, 1, 36, 27, 1
1846, 5, 3, 36, 28, 1
1846, 4, 1, 38, 17, 1
1846, 5, 3, 38, 18, 1
1846, 5, 1, 38, 23, 1
1846, 4, 3, 38, 24, 1
1846, 4, 1, 40, 17, 1
1846, 5, 3, 40, 18, 1
1846, 5, 1, 40, 23, 1
1846, 4, 3, 40, 24, 1
1847, 4, 2, 24, 18, 1
1847, 4, 2, 24, 23, 1
1847, 5, 0, 25, 18, 1
1847, 5, 0, 25, 23, 1
1847, 5, 2, 41, 19, 1
1847, 5, 2, 41, 22, 1
1847, 4, 0, 42, 19, 1
1847, 4, 0, 42, 22, 1
1853, 0, 3, 41, 11, 0
1853, 0, 3, 43, 11, 0
1854, 0, 3, 42, 11, 0
1854, 0, 2, 6, 25, 1
1854, 0, 2, 6, 26, 1
1862, 22, 3, 9, 26, 0
1870, 10, 3, 10, 7, 0
1870, 10, 3, 12, 7, 0
1870, 10, 3, 14, 7, 0
1870, 10, 3, 16, 7, 0
1870, 10, 3, 16, 8, 0
1870, 10, 3, 18, 7, 0
1870, 10, 3, 18, 8, 0
1870, 10, 3, 20, 7, 0
1870, 10, 3, 20, 8, 0
1870, 10, 3, 22, 7, 0
1870, 10, 3, 22, 8, 0
1870, 10, 3, 24, 7, 0
1870, 10, 3, 24, 8, 0
1870, 10, 3, 26, 7, 0
1870, 10, 3, 26, 8, 0
1870, 10, 0, 40, 31, 0
1870, 10, 0, 40, 33, 0
1870, 10, 0, 40, 35, 0
1870, 10, 0, 40, 37, 0
1870, 10, 0, 42, 31, 0
1870, 10, 0, 42, 33, 0
1870, 10, 0, 42, 35, 0
1870, 10, 0, 42, 37, 0
1870, 10, 3, 49, 7, 0
1870, 10, 3, 49, 10, 0
1871, 4, 2, 12, 18, 0
1871, 4, 2, 12, 20, 0
1871, 4, 2, 12, 22, 0
1871, 4, 2, 12, 24, 0
1871, 4, 1, 13, 17, 0
1871, 4, 3, 13, 26, 0
1871, 4, 1, 17, 17, 0
1871, 4, 0, 18, 18, 0
1871, 4, 0, 18, 20, 0
1871, 4, 1, 19, 21, 0
1871, 4, 3, 19, 26, 0
1871, 4, 0, 20, 22, 0
1871, 4, 0, 20, 25, 0
1902, 2, 3, 13, 18, 0
1902, 0, 0, 13, 19, 0
1902, 0, 0, 13, 20, 0
1902, 0, 0, 13, 21, 0
1902, 0, 0, 13, 22, 0
1902, 0, 0, 13, 23, 0
1902, 0, 0, 13, 24, 0
1902, 2, 0, 13, 25, 0
1902, 0, 1, 14, 25, 0
1902, 0, 1, 15, 25, 0
1902, 0, 1, 16, 25, 0
1902, 2, 2, 17, 18, 0
1902, 0, 2, 17, 19, 0
1902, 0, 2, 17, 20, 0
1902, 0, 2, 17, 21, 0
1902, 3, 2, 17, 22, 0
1902, 0, 1, 17, 25, 0
1902, 0, 3, 18, 22, 0
1902, 0, 1, 18, 25, 0
1902, 2, 2, 19, 22, 0
1902, 0, 2, 19, 23, 0
1902, 0, 2, 19, 24, 0
1902, 2, 1, 19, 25, 0
1902, 2, 3, 25, 17, 0
1902, 0, 0, 25, 18, 0
1902, 0, 0, 25, 19, 0
1902, 0, 0, 25, 22, 0
1902, 0, 0, 25, 23, 0
1902, 2, 0, 25, 24, 0
1902, 0, 3, 26, 17, 0
1902, 0, 1, 26, 24, 0
1902, 0, 3, 27, 17, 0
1902, 0, 1, 27, 24, 0
1902, 2, 3, 27, 39, 0
1902, 0, 0, 27, 40, 0
1902, 0, 0, 27, 41, 0
1902, 0, 0, 27, 42, 0
1902, 0, 0, 27, 43, 0
1902, 2, 0, 27, 44, 0
1902, 0, 3, 28, 17, 0
1902, 0, 1, 28, 24, 0
1902, 0, 3, 28, 39, 0
1902, 0, 1, 28, 44, 0
1902, 0, 3, 29, 17, 0
1902, 0, 1, 29, 24, 0
1902, 0, 3, 29, 39, 0
1902, 0, 1, 29, 44, 0
1902, 0, 3, 30, 17, 0
1902, 0, 1, 30, 24, 0
1902, 0, 3, 30, 39, 0
1902, 0, 1, 30, 44, 0
1902, 0, 3, 31, 17, 0
1902, 0, 1, 31, 24, 0
1902, 0, 3, 31, 39, 0
1902, 0, 1, 31, 44, 0
1902, 0, 3, 32, 17, 0
1902, 0, 1, 32, 24, 0
1902, 2, 2, 32, 39, 0
1902, 0, 2, 32, 40, 0
1902, 0, 2, 32, 41, 0
1902, 0, 2, 32, 43, 0
1902, 2, 1, 32, 44, 0
1902, 0, 1, 33, 13, 0
1902, 0, 0, 33, 14, 0
1902, 0, 0, 33, 15, 0
1902, 0, 0, 33, 16, 0
1902, 1, 3, 33, 17, 0
1902, 1, 0, 33, 24, 0
1902, 0, 0, 33, 25, 0
1902, 0, 0, 33, 26, 0
1902, 0, 0, 33, 27, 0
1902, 0, 3, 33, 28, 0
1902, 0, 1, 34, 13, 0
1902, 0, 3, 34, 28, 0
1902, 0, 3, 35, 28, 0
1902, 0, 1, 36, 13, 0
1902, 0, 3, 36, 28, 0
1902, 0, 1, 37, 13, 0
1902, 0, 2, 37, 14, 0
1902, 0, 2, 37, 15, 0
1902, 0, 2, 37, 16, 0
1902, 0, 2, 37, 17, 0
1902, 1, 2, 37, 18, 0
1902, 1, 1, 37, 23, 0
1902, 0, 2, 37, 24, 0
1902, 0, 2, 37, 25, 0
1902, 0, 2, 37, 26, 0
1902, 0, 2, 37, 27, 0
1902, 0, 3, 37, 28, 0
1902, 0, 3, 38, 18, 0
1902, 0, 1, 38, 23, 0
1902, 0, 2, 39, 6, 0
1902, 0, 2, 39, 7, 0
1902, 0, 2, 39, 10, 0
1902, 3, 2, 39, 11, 0
1902, 0, 3, 39, 18, 0
1902, 0, 1, 39, 23, 0
1902, 0, 3, 40, 6, 0
1902, 0, 3, 40, 11, 0
1902, 0, 3, 40, 18, 0
1902, 0, 1, 40, 23, 0
1902, 0, 3, 41, 6, 0
1902, 2, 2, 41, 18, 0
1902, 0, 2, 41, 19, 0
1902, 0, 2, 41, 22, 0
1902, 2, 1, 41, 23, 0
1902, 0, 3, 42, 6, 0
1902, 0, 3, 43, 6, 0
1902, 0, 3, 44, 6, 0
1902, 0, 3, 44, 11, 0
1902, 0, 0, 45, 6, 0
1902, 0, 3, 45, 7, 0
1902, 0, 3, 45, 11, 0
1902, 0, 3, 46, 7, 0
1902, 0, 3, 46, 11, 0
1902, 0, 3, 47, 7, 0
1902, 0, 3, 47, 11, 0
1902, 0, 0, 48, 7, 0
1902, 0, 0, 48, 10, 0
1902, 3, 3, 48, 11, 0
1902, 2, 3, 17, 23, 1
1902, 2, 0, 17, 24, 1
1902, 2, 2, 18, 23, 1
1902, 2, 1, 18, 24, 1
1902, 2, 3, 25, 17, 1
1902, 0, 0, 25, 18, 1
1902, 0, 0, 25, 19, 1
1902, 0, 0, 25, 22, 1
1902, 0, 0, 25, 23, 1
1902, 2, 0, 25, 24, 1
1902, 0, 3, 26, 17, 1
1902, 0, 1, 26, 24, 1
1902, 0, 3, 27, 17, 1
1902, 0, 1, 27, 24, 1
1902, 0, 3, 28, 17, 1
1902, 0, 1, 28, 24, 1
1902, 0, 3, 29, 17, 1
1902, 0, 1, 29, 24, 1
1902, 0, 3, 30, 17, 1
1902, 0, 1, 30, 24, 1
1902, 0, 3, 31, 17, 1
1902, 0, 1, 31, 24, 1
1902, 0, 3, 32, 17, 1
1902, 0, 1, 32, 24, 1
1902, 0, 1, 33, 13, 1
1902, 0, 0, 33, 14, 1
1902, 0, 0, 33, 15, 1
1902, 0, 0, 33, 16, 1
1902, 1, 3, 33, 17, 1
1902, 1, 0, 33, 24, 1
1902, 0, 0, 33, 25, 1
1902, 0, 0, 33, 26, 1
1902, 0, 0, 33, 27, 1
1902, 0, 3, 33, 28, 1
1902, 0, 1, 34, 13, 1
1902, 0, 3, 34, 28, 1
1902, 0, 1, 35, 13, 1
1902, 0, 3, 35, 28, 1
1902, 0, 1, 36, 13, 1
1902, 0, 3, 36, 28, 1
1902, 0, 1, 37, 13, 1
1902, 0, 2, 37, 14, 1
1902, 0, 2, 37, 15, 1
1902, 0, 2, 37, 16, 1
1902, 0, 2, 37, 17, 1
1902, 1, 2, 37, 18, 1
1902, 1, 1, 37, 23, 1
1902, 0, 2, 37, 24, 1
1902, 0, 2, 37, 25, 1
1902, 0, 2, 37, 26, 1
1902, 0, 2, 37, 27, 1
1902, 0, 3, 37, 28, 1
1902, 0, 3, 38, 18, 1
1902, 0, 1, 38, 23, 1
1902, 0, 3, 39, 18, 1
1902, 0, 1, 39, 23, 1
1902, 0, 3, 40, 18, 1
1902, 0, 1, 40, 23, 1
1902, 2, 2, 41, 18, 1
1902, 0, 2, 41, 19, 1
1902, 0, 2, 41, 22, 1
1902, 2, 1, 41, 23, 1
1913, 1, 1, 24, 16, 2
1913, 0, 2, 24, 17, 2
1913, 0, 2, 24, 18, 2
1913, 0, 2, 24, 19, 2
1913, 0, 2, 24, 20, 2
1913, 0, 2, 24, 21, 2
1913, 0, 2, 24, 22, 2
1913, 0, 2, 24, 23, 2
1913, 0, 2, 24, 24, 2
1913, 1, 2, 24, 25, 2
1913, 0, 1, 25, 16, 2
1913, 0, 3, 25, 25, 2
1913, 0, 1, 26, 16, 2
1913, 0, 3, 26, 25, 2
1913, 0, 1, 27, 16, 2
1913, 0, 3, 27, 25, 2
1913, 0, 1, 28, 16, 2
1913, 0, 3, 28, 25, 2
1913, 0, 1, 29, 16, 2
1913, 0, 3, 29, 25, 2
1913, 0, 1, 30, 16, 2
1913, 0, 3, 30, 25, 2
1913, 0, 1, 31, 16, 2
1913, 0, 3, 31, 25, 2
1913, 1, 1, 32, 13, 2
1913, 0, 2, 32, 14, 2
1913, 0, 2, 32, 15, 2
1913, 2, 1, 32, 16, 2
1913, 2, 2, 32, 25, 2
1913, 0, 2, 32, 26, 2
1913, 0, 2, 32, 27, 2
1913, 1, 2, 32, 28, 2
1913, 0, 1, 33, 13, 2
1913, 0, 3, 33, 28, 2
1913, 0, 1, 34, 13, 2
1913, 0, 3, 34, 28, 2
1913, 0, 1, 35, 13, 2
1913, 0, 3, 35, 28, 2
1913, 0, 1, 36, 13, 2
1913, 0, 3, 36, 28, 2
1913, 0, 1, 37, 13, 2
1913, 0, 3, 37, 28, 2
1913, 1, 0, 38, 13, 2
1913, 0, 0, 38, 14, 2
1913, 0, 0, 38, 15, 2
1913, 0, 0, 38, 16, 2
1913, 2, 0, 38, 17, 2
1913, 2, 3, 38, 24, 2
1913, 0, 0, 38, 25, 2
1913, 0, 0, 38, 26, 2
1913, 0, 0, 38, 27, 2
1913, 1, 3, 38, 28, 2
1913, 0, 1, 39, 17, 2
1913, 0, 3, 39, 24, 2
1913, 0, 1, 40, 17, 2
1913, 0, 3, 40, 24, 2
1913, 0, 1, 41, 17, 2
1913, 0, 3, 41, 24, 2
1913, 1, 0, 42, 17, 2
1913, 0, 0, 42, 18, 2
1913, 0, 0, 42, 19, 2
1913, 0, 0, 42, 20, 2
1913, 0, 0, 42, 21, 2
1913, 0, 0, 42, 22, 2
1913, 0, 0, 42, 23, 2
1913, 1, 3, 42, 24, 2
1926, 16, 1, 13, 18, 1
1926, 12, 2, 13, 19, 1
1926, 12, 2, 13, 20, 1
1926, 12, 2, 13, 21, 1
1926, 12, 2, 13, 22, 1
1926, 12, 2, 13, 23, 1
1926, 12, 2, 13, 24, 1
1926, 16, 2, 13, 25, 1
1926, 12, 1, 14, 18, 1
1926, 12, 3, 14, 25, 1
1926, 12, 1, 15, 18, 1
1926, 12, 3, 15, 25, 1
1926, 12, 1, 16, 18, 1
1926, 12, 3, 16, 25, 1
1926, 16, 0, 17, 18, 1
1926, 12, 0, 17, 19, 1
1926, 12, 0, 17, 20, 1
1926, 12, 0, 17, 21, 1
1926, 15, 0, 17, 22, 1
1926, 12, 3, 17, 25, 1
1926, 12, 1, 18, 22, 1
1926, 12, 3, 18, 25, 1
1926, 16, 0, 19, 22, 1
1926, 12, 0, 19, 23, 1
1926, 12, 0, 19, 24, 1
1926, 16, 3, 19, 25, 1
1926, 16, 1, 40, 6, 1
1926, 12, 2, 40, 7, 1
1926, 12, 2, 40, 8, 1
1926, 12, 2, 40, 9, 1
1926, 16, 2, 40, 10, 1
1926, 12, 3, 41, 10, 1
1926, 12, 1, 42, 6, 1
1926, 12, 3, 42, 10, 1
1926, 12, 1, 43, 6, 1
1926, 12, 3, 43, 10, 1
1926, 16, 0, 44, 6, 1
1926, 15, 0, 44, 7, 1
1926, 12, 3, 44, 10, 1
1926, 12, 1, 45, 7, 1
1926, 12, 3, 45, 10, 1
1926, 12, 1, 46, 7, 1
1926, 12, 3, 46, 10, 1
1926, 12, 1, 47, 7, 1
1926, 12, 3, 47, 10, 1
1926, 12, 1, 48, 7, 1
1926, 12, 3, 48, 10, 1
1926, 16, 0, 49, 7, 1
1926, 16, 3, 49, 10, 1
1926, 16, 1, 14, 19, 2
1926, 16, 2, 14, 24, 2
1926, 16, 0, 16, 19, 2
1926, 16, 1, 28, 40, 2
1926, 16, 2, 28, 43, 2
1926, 16, 0, 31, 40, 2
1926, 16, 3, 31, 43, 2
1926, 16, 1, 41, 7, 2
1926, 16, 2, 41, 9, 2
1926, 16, 0, 43, 7, 2
1926, 16, 0, 48, 8, 2
1926, 16, 3, 48, 9, 2
1926, 16, 1, 1, 24, 3
1926, 16, 2, 1, 27, 3
1926, 16, 0, 5, 24, 3
1926, 16, 3, 5, 27, 3
1926, 16, 1, 29, 41, 3
1926, 16, 2, 29, 42, 3
1926, 16, 0, 30, 41, 3
1926, 16, 3, 30, 42, 3
1929, 12, 1, 41, 6, 1
2408, 10, 2, 4, 46, 0
2414, 10, 1, 18, 6, 1
2415, 10, 1, 18, 5, 1
2645, 10, 0, 0, 13, 0
2728, 10, 2, 6, 23, 0
2728, 10, 3, 28, 39, 0
2728, 10, 3, 40, 6, 0
2742, 22, 2, 18, 24, 0
2745, 22, 2, 4, 46, 0
2752, 22, 0, 37, 20, 0
2759, 22, 0, 26, 28, 0
2759, 22, 0, 27, 31, 0
2759, 22, 0, 32, 33, 0
2759, 22, 0, 60, 3, 0
2759, 22, 0, 60, 14, 0
2759, 22, 0, 63, 6, 0
2759, 22, 0, 63, 11, 0
2772, 22, 2, 6, 23, 0
2772, 22, 2, 28, 39, 0
2772, 22, 0, 41, 6, 0
2781, 10, 2, 17, 23, 0
2784, 5, 2, 17, 20, 0
2785, 10, 0, 18, 22, 0
