176, 22, 0, 37, 26, 0
319, 22, 0, 13, 23, 0
319, 22, 3, 17, 30, 0
319, 22, 0, 44, 44, 0
319, 22, 1, 51, 57, 0
319, 22, 3, 52, 59, 0
319, 22, 2, 4, 46, 2
319, 22, 3, 4, 47, 2
319, 22, 2, 5, 44, 2
319, 22, 3, 5, 49, 2
319, 22, 0, 6, 50, 2
319, 22, 0, 8, 42, 2
319, 22, 2, 12, 38, 2
319, 22, 3, 13, 36, 2
319, 22, 3, 13, 37, 2
319, 22, 3, 14, 35, 2
319, 22, 1, 16, 29, 2
319, 22, 2, 17, 30, 2
319, 22, 3, 17, 57, 2
319, 22, 2, 20, 16, 2
319, 22, 0, 22, 54, 2
319, 22, 2, 25, 48, 2
319, 22, 3, 26, 44, 2
319, 22, 1, 29, 39, 2
319, 22, 1, 29, 48, 2
319, 22, 0, 29, 49, 2
319, 22, 0, 30, 53, 2
319, 22, 1, 32, 6, 2
319, 22, 3, 32, 52, 2
319, 22, 1, 33, 17, 2
319, 22, 0, 33, 50, 2
319, 22, 0, 34, 15, 2
319, 22, 0, 34, 50, 2
319, 22, 2, 35, 5, 2
319, 22, 3, 36, 13, 2
319, 22, 3, 36, 50, 2
319, 22, 3, 36, 51, 2
319, 22, 0, 38, 7, 2
319, 22, 2, 38, 11, 2
319, 22, 0, 38, 36, 2
319, 22, 2, 38, 40, 2
319, 22, 3, 39, 42, 2
319, 22, 0, 41, 33, 2
319, 22, 2, 42, 56, 2
319, 22, 0, 43, 31, 2
319, 22, 1, 44, 29, 2
319, 22, 0, 44, 30, 2
319, 22, 0, 45, 28, 2
319, 22, 2, 45, 49, 2
319, 22, 3, 46, 48, 2
319, 22, 3, 46, 58, 2
319, 22, 1, 47, 50, 2
319, 22, 2, 47, 51, 2
319, 22, 2, 48, 51, 2
319, 22, 2, 53, 34, 2
319, 22, 2, 53, 59, 2
319, 22, 1, 54, 58, 2
319, 22, 1, 55, 34, 2
319, 22, 0, 55, 45, 2
319, 22, 0, 56, 35, 2
319, 22, 3, 58, 36, 2
319, 22, 1, 59, 40, 2
319, 22, 0, 59, 41, 2
320, 22, 0, 7, 49, 0
320, 22, 2, 7, 51, 0
320, 22, 1, 8, 44, 0
320, 22, 2, 8, 45, 0
320, 22, 3, 8, 50, 0
320, 22, 1, 8, 52, 0
320, 22, 3, 9, 43, 0
320, 22, 2, 9, 45, 0
320, 22, 0, 9, 48, 0
320, 22, 3, 9, 49, 0
320, 22, 0, 9, 51, 0
320, 22, 2, 9, 54, 0
320, 22, 3, 10, 44, 0
320, 22, 0, 10, 47, 0
320, 22, 3, 10, 49, 0
320, 22, 0, 10, 51, 0
320, 22, 0, 10, 55, 0
320, 22, 3, 10, 56, 0
320, 22, 0, 11, 42, 0
320, 22, 0, 11, 43, 0
320, 22, 3, 11, 44, 0
320, 22, 2, 11, 48, 0
320, 22, 2, 11, 49, 0
320, 22, 1, 11, 50, 0
320, 22, 0, 11, 51, 0
320, 22, 1, 12, 24, 0
320, 22, 1, 12, 41, 0
320, 22, 2, 12, 44, 0
320, 22, 2, 12, 54, 0
320, 22, 2, 12, 55, 0
320, 22, 2, 13, 22, 0
320, 22, 0, 13, 25, 0
320, 22, 1, 13, 39, 0
320, 22, 1, 13, 42, 0
320, 22, 1, 13, 43, 0
320, 22, 3, 13, 53, 0
320, 22, 1, 13, 55, 0
320, 22, 1, 13, 57, 0
320, 22, 3, 14, 21, 0
320, 22, 1, 14, 23, 0
320, 22, 3, 14, 24, 0
320, 22, 1, 14, 39, 0
320, 22, 0, 14, 41, 0
320, 22, 0, 14, 55, 0
320, 22, 2, 14, 57, 0
320, 22, 0, 15, 22, 0
320, 22, 3, 15, 41, 0
320, 22, 0, 15, 42, 0
320, 22, 3, 15, 56, 0
320, 22, 3, 15, 57, 0
320, 22, 1, 17, 17, 0
320, 22, 2, 17, 29, 0
320, 22, 2, 17, 31, 0
320, 22, 0, 18, 17, 0
320, 22, 3, 18, 23, 0
320, 22, 1, 18, 29, 0
320, 22, 3, 18, 31, 0
320, 22, 3, 19, 17, 0
320, 22, 0, 19, 20, 0
320, 22, 0, 19, 22, 0
320, 22, 2, 19, 24, 0
320, 22, 1, 19, 25, 0
320, 22, 0, 19, 26, 0
320, 22, 0, 19, 30, 0
320, 22, 1, 20, 23, 0
320, 22, 0, 20, 24, 0
320, 22, 3, 20, 26, 0
320, 22, 2, 21, 26, 0
320, 22, 1, 22, 20, 0
320, 22, 3, 24, 52, 0
320, 22, 1, 25, 51, 0
320, 22, 2, 25, 53, 0
320, 22, 3, 26, 50, 0
320, 22, 0, 27, 49, 0
320, 22, 0, 27, 51, 0
320, 22, 2, 28, 49, 0
320, 22, 1, 28, 50, 0
320, 22, 3, 29, 10, 0
320, 22, 2, 32, 9, 0
320, 22, 1, 33, 5, 0
320, 22, 3, 33, 8, 0
320, 22, 3, 33, 10, 0
320, 22, 3, 33, 31, 0
320, 22, 0, 34, 5, 0
320, 22, 0, 34, 8, 0
320, 22, 2, 34, 10, 0
320, 22, 2, 34, 14, 0
320, 22, 1, 34, 16, 0
320, 22, 0, 34, 17, 0
320, 22, 3, 34, 29, 0
320, 22, 2, 34, 31, 0
320, 22, 1, 34, 32, 0
320, 22, 2, 34, 33, 0
320, 22, 2, 34, 35, 0
320, 22, 1, 35, 4, 0
320, 22, 2, 35, 6, 0
320, 22, 1, 35, 9, 0
320, 22, 2, 35, 15, 0
320, 22, 0, 35, 30, 0
320, 22, 0, 35, 34, 0
320, 22, 1, 35, 36, 0
320, 22, 1, 36, 5, 0
320, 22, 0, 36, 15, 0
320, 22, 3, 36, 16, 0
320, 22, 2, 36, 32, 0
320, 22, 3, 36, 35, 0
320, 22, 1, 37, 10, 0
320, 22, 0, 37, 11, 0
320, 22, 3, 37, 12, 0
320, 22, 2, 38, 9, 0
320, 22, 2, 38, 12, 0
320, 22, 3, 38, 34, 0
320, 22, 3, 39, 10, 0
320, 22, 1, 39, 12, 0
320, 22, 1, 42, 44, 0
320, 22, 1, 43, 43, 0
320, 22, 0, 43, 45, 0
320, 22, 2, 44, 43, 0
320, 22, 3, 44, 45, 0
320, 22, 1, 47, 17, 0
320, 22, 0, 47, 58, 0
320, 22, 0, 48, 18, 0
320, 22, 1, 48, 19, 0
320, 22, 3, 48, 20, 0
320, 22, 0, 48, 21, 0
320, 22, 1, 48, 22, 0
320, 22, 1, 48, 57, 0
320, 22, 3, 49, 17, 0
320, 22, 0, 49, 18, 0
320, 22, 2, 49, 20, 0
320, 22, 2, 49, 22, 0
320, 22, 2, 49, 58, 0
320, 22, 0, 50, 20, 0
320, 22, 1, 50, 22, 0
320, 22, 2, 50, 24, 0
320, 22, 0, 50, 54, 0
320, 22, 1, 50, 57, 0
320, 22, 3, 50, 59, 0
320, 22, 3, 51, 23, 0
320, 22, 1, 51, 25, 0
320, 22, 2, 51, 54, 0
320, 22, 0, 51, 56, 0
320, 22, 1, 51, 58, 0
320, 22, 3, 51, 59, 0
320, 22, 0, 52, 24, 0
320, 22, 3, 52, 27, 0
320, 22, 3, 52, 54, 0
320, 22, 3, 52, 55, 0
320, 22, 0, 52, 57, 0
320, 22, 0, 52, 58, 0
320, 22, 1, 53, 26, 0
320, 22, 2, 53, 28, 0
320, 22, 1, 54, 27, 0
320, 22, 2, 55, 23, 0
320, 22, 3, 55, 24, 0
320, 22, 3, 55, 25, 0
320, 22, 0, 55, 34, 0
320, 22, 1, 56, 23, 0
320, 22, 3, 56, 35, 0
320, 22, 0, 57, 33, 0
320, 22, 1, 57, 34, 0
320, 22, 2, 57, 35, 0
320, 22, 1, 57, 43, 0
320, 22, 0, 58, 42, 0
320, 22, 3, 59, 34, 0
320, 22, 3, 59, 35, 0
320, 22, 2, 59, 36, 0
320, 22, 1, 59, 43, 0
320, 22, 2, 60, 43, 0
320, 22, 1, 3, 45, 2
320, 22, 0, 4, 44, 2
320, 22, 0, 5, 48, 2
320, 22, 0, 6, 43, 2
320, 22, 3, 7, 43, 2
320, 22, 3, 7, 52, 2
320, 22, 3, 8, 43, 2
320, 22, 0, 9, 42, 2
320, 22, 1, 13, 19, 2
320, 22, 2, 14, 17, 2
320, 22, 0, 14, 26, 2
320, 22, 3, 15, 27, 2
320, 22, 1, 15, 28, 2
320, 22, 3, 15, 35, 2
320, 22, 2, 16, 17, 2
320, 22, 3, 16, 57, 2
320, 22, 0, 16, 58, 2
320, 22, 1, 18, 17, 2
320, 22, 0, 18, 31, 2
320, 22, 3, 18, 56, 2
320, 22, 2, 20, 15, 2
320, 22, 2, 20, 53, 2
320, 22, 1, 21, 54, 2
320, 22, 1, 23, 33, 2
320, 22, 0, 24, 11, 2
320, 22, 2, 24, 35, 2
320, 22, 1, 24, 47, 2
320, 22, 1, 25, 11, 2
320, 22, 3, 25, 37, 2
320, 22, 0, 25, 55, 2
320, 22, 3, 26, 10, 2
320, 22, 3, 26, 43, 2
320, 22, 0, 28, 51, 2
320, 22, 1, 29, 53, 2
320, 22, 1, 30, 39, 2
320, 22, 0, 32, 51, 2
320, 22, 0, 33, 51, 2
320, 22, 3, 34, 5, 2
320, 22, 1, 34, 14, 2
320, 22, 3, 34, 51, 2
320, 22, 0, 37, 12, 2
320, 22, 3, 37, 38, 2
320, 22, 2, 37, 52, 2
320, 22, 2, 38, 9, 2
320, 22, 3, 38, 10, 2
320, 22, 3, 38, 37, 2
320, 22, 0, 38, 39, 2
320, 22, 1, 39, 36, 2
320, 22, 3, 39, 54, 2
320, 22, 0, 40, 35, 2
320, 22, 1, 40, 42, 2
320, 22, 2, 40, 55, 2
320, 22, 0, 41, 34, 2
320, 22, 3, 41, 56, 2
320, 22, 0, 42, 41, 2
320, 22, 1, 43, 40, 2
320, 22, 1, 44, 48, 2
320, 22, 2, 44, 57, 2
320, 22, 0, 45, 26, 2
320, 22, 3, 45, 57, 2
320, 22, 3, 47, 28, 2
320, 22, 0, 47, 39, 2
320, 22, 0, 47, 58, 2
320, 22, 1, 48, 38, 2
320, 22, 2, 49, 28, 2
320, 22, 3, 49, 38, 2
320, 22, 0, 49, 52, 2
320, 22, 3, 49, 59, 2
320, 22, 3, 50, 28, 2
320, 22, 0, 50, 37, 2
320, 22, 1, 50, 53, 2
320, 22, 2, 50, 60, 2
320, 22, 2, 51, 53, 2
320, 22, 1, 52, 35, 2
320, 22, 1, 52, 54, 2
320, 22, 0, 52, 60, 2
320, 22, 2, 53, 54, 2
320, 22, 0, 54, 45, 2
320, 22, 3, 54, 57, 2
320, 22, 0, 56, 44, 2
320, 22, 0, 58, 42, 2
320, 22, 2, 60, 38, 2
320, 22, 1, 60, 39, 2
321, 22, 2, 6, 49, 0
321, 22, 3, 7, 45, 0
321, 22, 3, 7, 50, 0
321, 22, 0, 8, 51, 0
321, 22, 1, 9, 44, 0
321, 22, 2, 9, 55, 0
321, 22, 0, 10, 48, 0
321, 22, 3, 12, 42, 0
321, 22, 3, 12, 43, 0
321, 22, 3, 13, 24, 0
321, 22, 2, 13, 41, 0
321, 22, 2, 13, 54, 0
321, 22, 1, 13, 59, 0
321, 22, 2, 14, 22, 0
321, 22, 0, 14, 40, 0
321, 22, 1, 14, 56, 0
321, 22, 2, 16, 29, 0
321, 22, 2, 18, 16, 0
321, 22, 3, 18, 30, 0
321, 22, 0, 19, 23, 0
321, 22, 1, 20, 25, 0
321, 22, 2, 21, 56, 0
321, 22, 0, 25, 52, 0
321, 22, 1, 27, 50, 0
321, 22, 1, 33, 9, 0
321, 22, 1, 33, 32, 0
321, 22, 0, 34, 4, 0
321, 22, 0, 34, 9, 0
321, 22, 0, 34, 30, 0
321, 22, 2, 35, 5, 0
321, 22, 2, 35, 16, 0
321, 22, 1, 35, 35, 0
321, 22, 0, 37, 15, 0
321, 22, 1, 38, 10, 0
321, 22, 0, 38, 11, 0
321, 22, 0, 39, 11, 0
321, 22, 0, 43, 44, 0
321, 22, 3, 48, 16, 0
321, 22, 2, 48, 17, 0
321, 22, 2, 48, 58, 0
321, 22, 2, 49, 21, 0
321, 22, 0, 49, 59, 0
321, 22, 0, 50, 21, 0
321, 22, 2, 51, 24, 0
321, 22, 3, 53, 27, 0
321, 22, 2, 56, 24, 0
321, 22, 3, 56, 25, 0
321, 22, 3, 56, 34, 0
321, 22, 0, 57, 24, 0
321, 22, 0, 58, 34, 0
321, 22, 2, 58, 43, 0
321, 22, 3, 59, 44, 0
321, 22, 1, 60, 34, 0
321, 22, 1, 60, 35, 0
321, 22, 0, 3, 46, 2
321, 22, 1, 4, 45, 2
321, 22, 0, 6, 44, 2
321, 22, 3, 17, 29, 2
321, 22, 2, 18, 30, 2
321, 22, 2, 19, 17, 2
321, 22, 2, 21, 14, 2
321, 22, 1, 22, 13, 2
321, 22, 0, 23, 55, 2
321, 22, 1, 24, 34, 2
321, 22, 3, 25, 38, 2
321, 22, 1, 25, 45, 2
321, 22, 1, 26, 54, 2
321, 22, 0, 33, 5, 2
321, 22, 2, 35, 13, 2
321, 22, 0, 35, 50, 2
321, 22, 2, 36, 6, 2
321, 22, 3, 38, 41, 2
321, 22, 0, 38, 42, 2
321, 22, 0, 39, 8, 2
321, 22, 3, 43, 30, 2
321, 22, 2, 43, 57, 2
321, 22, 1, 45, 27, 2
321, 22, 3, 45, 48, 2
321, 22, 3, 45, 58, 2
321, 22, 0, 46, 49, 2
321, 22, 3, 48, 52, 2
321, 22, 0, 49, 37, 2
321, 22, 0, 51, 60, 2
321, 22, 0, 53, 44, 2
321, 22, 1, 53, 58, 2
321, 22, 3, 53, 60, 2
321, 22, 3, 54, 34, 2
321, 22, 0, 54, 59, 2
321, 22, 3, 60, 37, 2
714, 10, 1, 20, 53, 0
1171, 10, 2, 22, 30, 0
1171, 10, 0, 23, 17, 0
1171, 10, 1, 24, 21, 0
1171, 10, 0, 24, 22, 0
1171, 10, 0, 24, 33, 0
1171, 10, 1, 24, 35, 0
1171, 10, 2, 25, 21, 0
1171, 10, 3, 26, 50, 0
1171, 10, 3, 27, 12, 0
1171, 10, 0, 28, 11, 0
1171, 10, 1, 28, 48, 0
1171, 10, 0, 28, 50, 0
1171, 10, 1, 29, 13, 0
1171, 10, 3, 29, 49, 0
1171, 10, 2, 32, 16, 0
1171, 10, 1, 33, 17, 0
1171, 10, 1, 36, 27, 0
1171, 10, 2, 36, 29, 0
1171, 10, 3, 39, 28, 0
1171, 10, 0, 44, 54, 0
1171, 10, 3, 44, 55, 0
1171, 10, 2, 45, 56, 0
1171, 10, 0, 46, 26, 0
1171, 10, 2, 46, 29, 0
1171, 10, 1, 46, 54, 0
1171, 10, 2, 53, 36, 0
1171, 10, 1, 55, 37, 0
1171, 10, 0, 55, 38, 0
1171, 10, 0, 57, 39, 0
1186, 10, 1, 42, 50, 0
1244, 22, 1, 19, 28, 0
1244, 22, 1, 50, 40, 0
1245, 22, 1, 22, 32, 0
1257, 22, 0, 14, 48, 0
1257, 22, 3, 14, 53, 0
1257, 22, 2, 15, 37, 0
1257, 22, 2, 15, 45, 0
1257, 22, 1, 15, 46, 0
1257, 22, 2, 15, 53, 0
1257, 22, 1, 15, 54, 0
1257, 22, 3, 16, 36, 0
1257, 22, 1, 16, 39, 0
1257, 22, 3, 16, 44, 0
1257, 22, 0, 17, 36, 0
1257, 22, 0, 17, 41, 0
1257, 22, 3, 17, 43, 0
1257, 22, 3, 17, 53, 0
1257, 22, 0, 17, 55, 0
1257, 22, 1, 18, 37, 0
1257, 22, 2, 18, 39, 0
1257, 22, 1, 18, 40, 0
1257, 22, 1, 18, 44, 0
1257, 22, 0, 18, 45, 0
1257, 22, 2, 19, 44, 0
1257, 22, 3, 22, 41, 0
1257, 22, 0, 23, 16, 0
1257, 22, 3, 23, 17, 0
1257, 22, 3, 23, 18, 0
1257, 22, 2, 23, 42, 0
1257, 22, 1, 24, 15, 0
1257, 22, 2, 24, 42, 0
1257, 22, 2, 25, 16, 0
1257, 22, 2, 25, 19, 0
1257, 22, 1, 25, 20, 0
1257, 22, 3, 26, 15, 0
1257, 22, 2, 26, 17, 0
1257, 22, 3, 26, 18, 0
1257, 22, 0, 26, 20, 0
1257, 22, 3, 27, 12, 0
1257, 22, 3, 28, 12, 0
1257, 22, 2, 28, 46, 0
1257, 22, 0, 29, 15, 0
1257, 22, 3, 29, 45, 0
1257, 22, 1, 29, 46, 0
1257, 22, 1, 30, 14, 0
1257, 22, 3, 30, 16, 0
1257, 22, 0, 30, 44, 0
1257, 22, 3, 30, 45, 0
1257, 22, 1, 30, 47, 0
1257, 22, 1, 30, 48, 0
1257, 22, 0, 31, 12, 0
1257, 22, 0, 31, 13, 0
1257, 22, 2, 31, 15, 0
1257, 22, 3, 31, 16, 0
1257, 22, 1, 31, 17, 0
1257, 22, 0, 31, 48, 0
1257, 22, 1, 32, 14, 0
1257, 22, 0, 32, 41, 0
1257, 22, 2, 33, 40, 0
1257, 22, 3, 34, 42, 0
1257, 22, 1, 35, 39, 0
1257, 22, 1, 35, 40, 0
1257, 22, 0, 35, 41, 0
1257, 22, 2, 35, 48, 0
1257, 22, 2, 36, 48, 0
1257, 22, 1, 37, 47, 0
1257, 22, 3, 38, 44, 0
1257, 22, 3, 38, 45, 0
1257, 22, 0, 39, 29, 0
1257, 22, 1, 39, 31, 0
1257, 22, 0, 39, 46, 0
1257, 22, 1, 39, 48, 0
1257, 22, 1, 39, 49, 0
1257, 22, 1, 40, 47, 0
1257, 22, 3, 40, 50, 0
1257, 22, 3, 41, 28, 0
1257, 22, 2, 41, 33, 0
1257, 22, 1, 41, 46, 0
1257, 22, 0, 42, 27, 0
1257, 22, 3, 42, 31, 0
1257, 22, 0, 42, 47, 0
1257, 22, 2, 43, 30, 0
1257, 22, 3, 43, 48, 0
1257, 22, 2, 44, 24, 0
1257, 22, 0, 44, 29, 0
1257, 22, 1, 44, 30, 0
1257, 22, 2, 44, 53, 0
1257, 22, 0, 44, 54, 0
1257, 22, 3, 45, 23, 0
1257, 22, 0, 45, 28, 0
1257, 22, 3, 45, 52, 0
1257, 22, 2, 45, 54, 0
1257, 22, 0, 46, 23, 0
1257, 22, 3, 46, 27, 0
1257, 22, 3, 46, 52, 0
1257, 22, 0, 46, 53, 0
1257, 22, 1, 46, 54, 0
1257, 22, 1, 47, 24, 0
1257, 22, 1, 47, 25, 0
1257, 22, 2, 47, 26, 0
1257, 22, 2, 47, 27, 0
1258, 22, 0, 14, 52, 0
1258, 22, 0, 15, 47, 0
1258, 22, 3, 15, 48, 0
1258, 22, 1, 15, 51, 0
1258, 22, 2, 15, 52, 0
1258, 22, 2, 16, 38, 0
1258, 22, 3, 16, 45, 0
1258, 22, 1, 16, 46, 0
1258, 22, 2, 16, 53, 0
1258, 22, 2, 17, 37, 0
1258, 22, 3, 17, 39, 0
1258, 22, 0, 17, 45, 0
1258, 22, 1, 17, 47, 0
1258, 22, 1, 17, 54, 0
1258, 22, 0, 18, 38, 0
1258, 22, 1, 18, 41, 0
1258, 22, 3, 18, 43, 0
1258, 22, 0, 18, 46, 0
1258, 22, 1, 18, 47, 0
1258, 22, 2, 19, 42, 0
1258, 22, 1, 19, 54, 0
1258, 22, 3, 21, 41, 0
1258, 22, 0, 22, 39, 0
1258, 22, 1, 22, 42, 0
1258, 22, 3, 22, 51, 0
1258, 22, 0, 22, 52, 0
1258, 22, 2, 23, 41, 0
1258, 22, 0, 23, 43, 0
1258, 22, 1, 23, 53, 0
1258, 22, 1, 24, 16, 0
1258, 22, 2, 24, 19, 0
1258, 22, 2, 24, 50, 0
1258, 22, 2, 24, 51, 0
1258, 22, 0, 25, 14, 0
1258, 22, 3, 25, 17, 0
1258, 22, 3, 26, 14, 0
1258, 22, 0, 29, 13, 0
1258, 22, 3, 30, 46, 0
1258, 22, 1, 31, 14, 0
1258, 22, 0, 31, 44, 0
1258, 22, 3, 31, 46, 0
1258, 22, 1, 33, 41, 0
1258, 22, 0, 35, 45, 0
1258, 22, 1, 35, 47, 0
1258, 22, 2, 36, 44, 0
1258, 22, 3, 37, 45, 0
1258, 22, 2, 38, 50, 0
1258, 22, 2, 40, 29, 0
1258, 22, 1, 40, 31, 0
1258, 22, 3, 40, 48, 0
1258, 22, 0, 41, 47, 0
1258, 22, 0, 44, 28, 0
1258, 22, 1, 44, 48, 0
1258, 22, 2, 44, 49, 0
1258, 22, 3, 44, 51, 0
1258, 22, 2, 45, 24, 0
1258, 22, 0, 45, 49, 0
1258, 22, 0, 45, 51, 0
1258, 22, 1, 45, 53, 0
1258, 22, 3, 46, 26, 0
1258, 22, 2, 46, 42, 0
1258, 22, 3, 47, 44, 0
1258, 22, 3, 47, 52, 0
1258, 22, 2, 49, 54, 0
1258, 22, 0, 50, 42, 0
1258, 22, 3, 51, 36, 0
1258, 22, 0, 51, 37, 0
1258, 22, 0, 51, 38, 0
1258, 22, 2, 51, 42, 0
1258, 22, 2, 51, 43, 0
1258, 22, 1, 53, 36, 0
1258, 22, 3, 53, 43, 0
1258, 22, 0, 54, 42, 0
1258, 22, 1, 56, 37, 0
1258, 22, 0, 56, 38, 0
1258, 22, 1, 56, 40, 0
1258, 22, 2, 57, 38, 0
1259, 22, 0, 14, 51, 0
1259, 22, 2, 16, 37, 0
1259, 22, 0, 16, 47, 0
1259, 22, 3, 17, 38, 0
1259, 22, 3, 17, 46, 0
1259, 22, 2, 18, 42, 0
1259, 22, 1, 19, 41, 0
1259, 22, 0, 22, 40, 0
1259, 22, 1, 22, 47, 0
1259, 22, 0, 22, 49, 0
1259, 22, 1, 22, 53, 0
1259, 22, 1, 23, 39, 0
1259, 22, 2, 23, 46, 0
1259, 22, 3, 23, 51, 0
1259, 22, 2, 23, 52, 0
1259, 22, 0, 24, 17, 0
1259, 22, 1, 24, 18, 0
1259, 22, 1, 25, 15, 0
1259, 22, 3, 25, 18, 0
1259, 22, 3, 26, 19, 0
1259, 22, 2, 28, 13, 0
1259, 22, 1, 29, 14, 0
1259, 22, 3, 30, 13, 0
1259, 22, 1, 30, 15, 0
1259, 22, 3, 31, 45, 0
1259, 22, 3, 31, 47, 0
1259, 22, 2, 32, 47, 0
1259, 22, 0, 33, 42, 0
1259, 22, 2, 34, 40, 0
1259, 22, 1, 34, 41, 0
1259, 22, 0, 35, 46, 0
1259, 22, 2, 36, 45, 0
1259, 22, 0, 36, 46, 0
1259, 22, 3, 37, 46, 0
1259, 22, 1, 40, 30, 0
1259, 22, 2, 40, 32, 0
1259, 22, 3, 40, 49, 0
1259, 22, 0, 41, 31, 0
1259, 22, 3, 41, 32, 0
1259, 22, 3, 41, 48, 0
1259, 22, 0, 41, 49, 0
1259, 22, 0, 42, 28, 0
1259, 22, 1, 42, 48, 0
1259, 22, 2, 42, 53, 0
1259, 22, 3, 43, 28, 0
1259, 22, 3, 43, 29, 0
1259, 22, 3, 43, 52, 0
1259, 22, 2, 43, 53, 0
1259, 22, 1, 44, 52, 0
1259, 22, 1, 46, 24, 0
1259, 22, 1, 46, 25, 0
1259, 22, 0, 52, 37, 0
1259, 22, 1, 52, 43, 0
1259, 22, 3, 54, 36, 0
1259, 22, 0, 55, 40, 0
1259, 22, 3, 55, 41, 0
1259, 22, 1, 56, 39, 0
1398, 10, 1, 53, 39, 0
1400, 10, 2, 16, 48, 0
1400, 10, 3, 17, 50, 0
1400, 10, 0, 20, 35, 0
1400, 10, 3, 25, 17, 0
1400, 10, 3, 26, 14, 0
1400, 10, 3, 30, 14, 0
1400, 10, 1, 40, 26, 0
1400, 10, 0, 43, 25, 0
1401, 10, 1, 20, 45, 0
1401, 10, 1, 34, 43, 0
1417, 1, 1, 5, 44, 0
1417, 0, 2, 5, 45, 0
1417, 1, 2, 5, 46, 0
1417, 1, 1, 5, 48, 0
1417, 0, 2, 5, 49, 0
1417, 1, 2, 5, 50, 0
1417, 1, 1, 6, 42, 0
1417, 0, 2, 6, 43, 0
1417, 9, 1, 6, 44, 0
1417, 9, 2, 6, 46, 0
1417, 0, 2, 6, 47, 0
1417, 9, 1, 6, 48, 0
1417, 9, 2, 6, 50, 0
1417, 0, 2, 6, 51, 0
1417, 1, 2, 6, 52, 0
1417, 1, 1, 7, 41, 0
1417, 9, 1, 7, 42, 0
1417, 9, 2, 7, 52, 0
1417, 0, 2, 7, 53, 0
1417, 1, 2, 7, 54, 0
1417, 0, 1, 8, 41, 0
1417, 9, 2, 8, 54, 0
1417, 0, 2, 8, 55, 0
1417, 1, 2, 8, 56, 0
1417, 1, 1, 9, 40, 0
1417, 9, 1, 9, 41, 0
1417, 9, 2, 9, 56, 0
1417, 0, 2, 9, 57, 0
1417, 1, 2, 9, 58, 0
1417, 0, 1, 10, 40, 0
1417, 9, 2, 10, 58, 0
1417, 1, 2, 10, 59, 0
1417, 1, 1, 11, 23, 0
1417, 0, 2, 11, 24, 0
1417, 1, 2, 11, 25, 0
1417, 1, 1, 11, 38, 0
1417, 0, 2, 11, 39, 0
1417, 9, 1, 11, 40, 0
1417, 0, 3, 11, 59, 0
1417, 1, 1, 12, 21, 0
1417, 0, 2, 12, 22, 0
1417, 9, 1, 12, 23, 0
1417, 9, 2, 12, 25, 0
1417, 1, 2, 12, 26, 0
1417, 1, 1, 12, 36, 0
1417, 0, 2, 12, 37, 0
1417, 9, 1, 12, 38, 0
1417, 9, 3, 12, 49, 0
1417, 0, 0, 12, 50, 0
1417, 9, 0, 12, 51, 0
1417, 9, 2, 12, 59, 0
1417, 1, 2, 12, 60, 0
1417, 1, 1, 13, 19, 0
1417, 0, 2, 13, 20, 0
1417, 9, 1, 13, 21, 0
1417, 0, 3, 13, 26, 0
1417, 1, 1, 13, 35, 0
1417, 9, 1, 13, 36, 0
1417, 9, 2, 13, 49, 0
1417, 0, 2, 13, 50, 0
1417, 9, 1, 13, 51, 0
1417, 0, 3, 13, 60, 0
1417, 1, 1, 14, 18, 0
1417, 9, 1, 14, 19, 0
1417, 9, 2, 14, 26, 0
1417, 0, 2, 14, 27, 0
1417, 1, 2, 14, 28, 0
1417, 0, 1, 14, 35, 0
1417, 9, 3, 14, 59, 0
1417, 1, 3, 14, 60, 0
1417, 0, 1, 15, 18, 0
1417, 9, 2, 15, 28, 0
1417, 0, 2, 15, 29, 0
1417, 1, 2, 15, 30, 0
1417, 1, 1, 15, 34, 0
1417, 9, 1, 15, 35, 0
1417, 0, 3, 15, 59, 0
1417, 1, 1, 16, 16, 0
1417, 0, 2, 16, 17, 0
1417, 9, 1, 16, 18, 0
1417, 9, 2, 16, 30, 0
1417, 0, 2, 16, 31, 0
1417, 1, 2, 16, 32, 0
1417, 0, 1, 16, 34, 0
1417, 9, 3, 16, 58, 0
1417, 1, 3, 16, 59, 0
1417, 1, 1, 17, 15, 0
1417, 9, 1, 17, 16, 0
1417, 9, 2, 17, 32, 0
1417, 0, 2, 17, 33, 0
1417, 9, 1, 17, 34, 0
1417, 0, 3, 17, 58, 0
1417, 0, 1, 18, 15, 0
1417, 9, 3, 18, 57, 0
1417, 1, 3, 18, 58, 0
1417, 1, 0, 19, 15, 0
1417, 9, 0, 19, 16, 0
1417, 0, 3, 19, 57, 0
1417, 0, 1, 20, 16, 0
1417, 9, 2, 20, 57, 0
1417, 1, 2, 20, 58, 0
1417, 1, 1, 21, 14, 0
1417, 0, 2, 21, 15, 0
1417, 9, 1, 21, 16, 0
1417, 9, 3, 21, 23, 0
1417, 0, 0, 21, 24, 0
1417, 9, 0, 21, 25, 0
1417, 0, 3, 21, 58, 0
1417, 1, 1, 22, 13, 0
1417, 9, 1, 22, 14, 0
1417, 0, 3, 22, 23, 0
1417, 1, 0, 22, 25, 0
1417, 0, 0, 22, 26, 0
1417, 9, 0, 22, 27, 0
1417, 9, 3, 22, 57, 0
1417, 1, 3, 22, 58, 0
1417, 0, 1, 23, 13, 0
1417, 9, 2, 23, 23, 0
1417, 1, 2, 23, 24, 0
1417, 1, 0, 23, 27, 0
1417, 0, 0, 23, 28, 0
1417, 9, 0, 23, 29, 0
1417, 9, 3, 23, 55, 0
1417, 0, 0, 23, 56, 0
1417, 1, 3, 23, 57, 0
1417, 1, 1, 24, 11, 0
1417, 0, 2, 24, 12, 0
1417, 9, 1, 24, 13, 0
1417, 0, 3, 24, 24, 0
1417, 1, 0, 24, 29, 0
1417, 0, 0, 24, 30, 0
1417, 9, 0, 24, 31, 0
1417, 0, 3, 24, 55, 0
1417, 1, 1, 25, 9, 0
1417, 0, 2, 25, 10, 0
1417, 9, 1, 25, 11, 0
1417, 9, 3, 25, 23, 0
1417, 1, 3, 25, 24, 0
1417, 0, 1, 25, 31, 0
1417, 9, 3, 25, 36, 0
1417, 0, 0, 25, 37, 0
1417, 9, 0, 25, 38, 0
1417, 9, 3, 25, 40, 0
1417, 0, 0, 25, 41, 0
1417, 9, 0, 25, 42, 0
1417, 9, 3, 25, 54, 0
1417, 1, 3, 25, 55, 0
1417, 1, 1, 26, 8, 0
1417, 9, 1, 26, 9, 0
1417, 9, 3, 26, 21, 0
1417, 0, 0, 26, 22, 0
1417, 1, 3, 26, 23, 0
1417, 1, 0, 26, 31, 0
1417, 9, 0, 26, 32, 0
1417, 9, 3, 26, 34, 0
1417, 0, 0, 26, 35, 0
1417, 1, 3, 26, 36, 0
1417, 1, 0, 26, 38, 0
1417, 0, 0, 26, 39, 0
1417, 1, 3, 26, 40, 0
1417, 0, 1, 26, 42, 0
1417, 9, 3, 26, 52, 0
1417, 0, 0, 26, 53, 0
1417, 1, 3, 26, 54, 0
1417, 0, 1, 27, 8, 0
1417, 0, 3, 27, 21, 0
1417, 1, 0, 27, 32, 0
1417, 0, 0, 27, 33, 0
1417, 1, 3, 27, 34, 0
1417, 1, 0, 27, 42, 0
1417, 9, 0, 27, 43, 0
1417, 0, 3, 27, 52, 0
1417, 1, 1, 28, 7, 0
1417, 9, 1, 28, 8, 0
1417, 9, 3, 28, 20, 0
1417, 1, 3, 28, 21, 0
1417, 0, 1, 28, 43, 0
1417, 9, 3, 28, 51, 0
1417, 1, 3, 28, 52, 0
1417, 0, 1, 29, 7, 0
1417, 0, 3, 29, 20, 0
1417, 1, 1, 29, 41, 0
1417, 0, 2, 29, 42, 0
1417, 9, 1, 29, 43, 0
1417, 0, 3, 29, 51, 0
1417, 1, 1, 30, 6, 0
1417, 9, 1, 30, 7, 0
1417, 9, 3, 30, 19, 0
1417, 1, 3, 30, 20, 0
1417, 1, 1, 30, 39, 0
1417, 0, 2, 30, 40, 0
1417, 9, 1, 30, 41, 0
1417, 9, 3, 30, 50, 0
1417, 1, 3, 30, 51, 0
1417, 0, 1, 31, 6, 0
1417, 0, 3, 31, 19, 0
1417, 1, 1, 31, 37, 0
1417, 0, 2, 31, 38, 0
1417, 9, 1, 31, 39, 0
1417, 0, 3, 31, 50, 0
1417, 1, 1, 32, 4, 0
1417, 0, 2, 32, 5, 0
1417, 9, 1, 32, 6, 0
1417, 9, 2, 32, 19, 0
1417, 1, 2, 32, 20, 0
1417, 1, 1, 32, 31, 0
1417, 0, 2, 32, 32, 0
1417, 1, 2, 32, 33, 0
1417, 1, 1, 32, 35, 0
1417, 0, 2, 32, 36, 0
1417, 9, 1, 32, 37, 0
1417, 9, 2, 32, 50, 0
1417, 1, 2, 32, 51, 0
1417, 1, 1, 33, 3, 0
1417, 9, 1, 33, 4, 0
1417, 0, 3, 33, 20, 0
1417, 1, 1, 33, 29, 0
1417, 0, 2, 33, 30, 0
1417, 9, 1, 33, 31, 0
1417, 9, 2, 33, 33, 0
1417, 0, 2, 33, 34, 0
1417, 9, 1, 33, 35, 0
1417, 0, 3, 33, 51, 0
1417, 0, 1, 34, 3, 0
1417, 9, 3, 34, 19, 0
1417, 1, 3, 34, 20, 0
1417, 1, 1, 34, 27, 0
1417, 0, 2, 34, 28, 0
1417, 9, 1, 34, 29, 0
1417, 9, 3, 34, 50, 0
1417, 1, 3, 34, 51, 0
1417, 1, 0, 35, 3, 0
1417, 9, 0, 35, 4, 0
1417, 9, 3, 35, 17, 0
1417, 0, 0, 35, 18, 0
1417, 1, 3, 35, 19, 0
1417, 1, 1, 35, 26, 0
1417, 9, 1, 35, 27, 0
1417, 0, 3, 35, 50, 0
1417, 0, 1, 36, 4, 0
1417, 0, 3, 36, 17, 0
1417, 0, 1, 36, 26, 0
1417, 9, 2, 36, 50, 0
1417, 1, 2, 36, 51, 0
1417, 1, 0, 37, 4, 0
1417, 9, 0, 37, 5, 0
1417, 9, 3, 37, 16, 0
1417, 1, 3, 37, 17, 0
1417, 1, 1, 37, 24, 0
1417, 0, 2, 37, 25, 0
1417, 9, 1, 37, 26, 0
1417, 9, 3, 37, 40, 0
1417, 0, 0, 37, 41, 0
1417, 9, 0, 37, 42, 0
1417, 0, 3, 37, 51, 0
1417, 1, 0, 38, 5, 0
1417, 0, 0, 38, 6, 0
1417, 9, 0, 38, 7, 0
1417, 9, 3, 38, 14, 0
1417, 0, 0, 38, 15, 0
1417, 1, 3, 38, 16, 0
1417, 1, 1, 38, 23, 0
1417, 9, 1, 38, 24, 0
1417, 9, 3, 38, 38, 0
1417, 0, 0, 38, 39, 0
1417, 1, 3, 38, 40, 0
1417, 0, 1, 38, 42, 0
1417, 9, 2, 38, 51, 0
1417, 0, 2, 38, 52, 0
1417, 1, 2, 38, 53, 0
1417, 1, 0, 39, 7, 0
1417, 0, 0, 39, 8, 0
1417, 9, 0, 39, 9, 0
1417, 0, 3, 39, 14, 0
1417, 0, 1, 39, 23, 0
1417, 9, 3, 39, 36, 0
1417, 0, 0, 39, 37, 0
1417, 1, 3, 39, 38, 0
1417, 1, 0, 39, 42, 0
1417, 9, 0, 39, 43, 0
1417, 9, 2, 39, 53, 0
1417, 1, 2, 39, 54, 0
1417, 1, 0, 40, 9, 0
1417, 0, 0, 40, 10, 0
1417, 9, 0, 40, 11, 0
1417, 9, 3, 40, 13, 0
1417, 1, 3, 40, 14, 0
1417, 1, 1, 40, 22, 0
1417, 9, 1, 40, 23, 0
1417, 0, 3, 40, 36, 0
1417, 0, 1, 40, 43, 0
1417, 0, 3, 40, 54, 0
1417, 1, 0, 41, 11, 0
1417, 0, 0, 41, 12, 0
1417, 1, 3, 41, 13, 0
1417, 0, 1, 41, 22, 0
1417, 9, 3, 41, 35, 0
1417, 1, 3, 41, 36, 0
1417, 1, 1, 41, 42, 0
1417, 9, 1, 41, 43, 0
1417, 9, 2, 41, 54, 0
1417, 0, 2, 41, 55, 0
1417, 1, 2, 41, 56, 0
1417, 1, 1, 42, 21, 0
1417, 9, 1, 42, 22, 0
1417, 9, 3, 42, 33, 0
1417, 0, 0, 42, 34, 0
1417, 1, 3, 42, 35, 0
1417, 0, 1, 42, 42, 0
1417, 9, 2, 42, 56, 0
1417, 1, 2, 42, 57, 0
1417, 1, 1, 43, 20, 0
1417, 9, 1, 43, 21, 0
1417, 0, 3, 43, 33, 0
1417, 1, 1, 43, 41, 0
1417, 9, 1, 43, 42, 0
1417, 0, 3, 43, 57, 0
1417, 0, 1, 44, 20, 0
1417, 9, 3, 44, 32, 0
1417, 1, 3, 44, 33, 0
1417, 0, 1, 44, 41, 0
1417, 9, 2, 44, 57, 0
1417, 1, 2, 44, 58, 0
1417, 1, 1, 45, 18, 0
1417, 0, 2, 45, 19, 0
1417, 9, 1, 45, 20, 0
1417, 9, 3, 45, 30, 0
1417, 0, 0, 45, 31, 0
1417, 1, 3, 45, 32, 0
1417, 1, 1, 45, 39, 0
1417, 0, 2, 45, 40, 0
1417, 9, 1, 45, 41, 0
1417, 0, 3, 45, 58, 0
1417, 1, 1, 46, 16, 0
1417, 0, 2, 46, 17, 0
1417, 9, 1, 46, 18, 0
1417, 0, 3, 46, 30, 0
1417, 1, 1, 46, 37, 0
1417, 0, 2, 46, 38, 0
1417, 9, 1, 46, 39, 0
1417, 9, 3, 46, 47, 0
1417, 0, 0, 46, 48, 0
1417, 9, 0, 46, 49, 0
1417, 9, 2, 46, 58, 0
1417, 1, 2, 46, 59, 0
1417, 1, 1, 47, 15, 0
1417, 9, 1, 47, 16, 0
1417, 9, 3, 47, 29, 0
1417, 1, 3, 47, 30, 0
1417, 1, 1, 47, 36, 0
1417, 9, 1, 47, 37, 0
1417, 0, 3, 47, 47, 0
1417, 0, 1, 47, 49, 0
1417, 0, 3, 47, 59, 0
1417, 0, 1, 48, 15, 0
1417, 9, 3, 48, 27, 0
1417, 0, 0, 48, 28, 0
1417, 1, 3, 48, 29, 0
1417, 0, 1, 48, 36, 0
1417, 9, 3, 48, 46, 0
1417, 1, 3, 48, 47, 0
1417, 1, 0, 48, 49, 0
1417, 9, 0, 48, 50, 0
1417, 9, 2, 48, 59, 0
1417, 1, 2, 48, 60, 0
1417, 1, 0, 49, 15, 0
1417, 9, 0, 49, 16, 0
1417, 0, 3, 49, 27, 0
1417, 1, 1, 49, 34, 0
1417, 0, 2, 49, 35, 0
1417, 9, 1, 49, 36, 0
1417, 0, 3, 49, 46, 0
1417, 0, 1, 49, 50, 0
1417, 0, 3, 49, 60, 0
1417, 0, 1, 50, 16, 0
1417, 9, 2, 50, 27, 0
1417, 1, 2, 50, 28, 0
1417, 1, 1, 50, 33, 0
1417, 9, 1, 50, 34, 0
1417, 9, 3, 50, 45, 0
1417, 1, 3, 50, 46, 0
1417, 1, 0, 50, 50, 0
1417, 9, 0, 50, 51, 0
1417, 9, 2, 50, 60, 0
1417, 1, 2, 50, 61, 0
1417, 1, 0, 51, 16, 0
1417, 9, 0, 51, 17, 0
1417, 0, 3, 51, 28, 0
1417, 0, 1, 51, 33, 0
1417, 0, 3, 51, 45, 0
1417, 0, 1, 51, 51, 0
1417, 0, 3, 51, 61, 0
1417, 1, 0, 52, 17, 0
1417, 0, 0, 52, 18, 0
1417, 9, 0, 52, 19, 0
1417, 9, 2, 52, 28, 0
1417, 1, 2, 52, 29, 0
1417, 1, 1, 52, 32, 0
1417, 9, 1, 52, 33, 0
1417, 9, 2, 52, 45, 0
1417, 1, 2, 52, 46, 0
1417, 1, 0, 52, 51, 0
1417, 9, 0, 52, 52, 0
1417, 0, 3, 52, 61, 0
1417, 0, 1, 53, 19, 0
1417, 0, 3, 53, 29, 0
1417, 0, 1, 53, 32, 0
1417, 0, 3, 53, 46, 0
1417, 1, 0, 53, 52, 0
1417, 0, 0, 53, 53, 0
1417, 9, 0, 53, 54, 0
1417, 9, 3, 53, 60, 0
1417, 1, 3, 53, 61, 0
1417, 1, 0, 54, 19, 0
1417, 9, 0, 54, 20, 0
1417, 9, 3, 54, 28, 0
1417, 1, 3, 54, 29, 0
1417, 1, 0, 54, 32, 0
1417, 9, 0, 54, 33, 0
1417, 9, 3, 54, 45, 0
1417, 1, 3, 54, 46, 0
1417, 1, 0, 54, 54, 0
1417, 0, 0, 54, 55, 0
1417, 9, 0, 54, 56, 0
1417, 9, 3, 54, 58, 0
1417, 0, 0, 54, 59, 0
1417, 1, 3, 54, 60, 0
1417, 0, 1, 55, 20, 0
1417, 9, 3, 55, 26, 0
1417, 0, 0, 55, 27, 0
1417, 1, 3, 55, 28, 0
1417, 0, 1, 55, 33, 0
1417, 0, 3, 55, 45, 0
1417, 1, 0, 55, 56, 0
1417, 0, 0, 55, 57, 0
1417, 1, 3, 55, 58, 0
1417, 1, 0, 56, 20, 0
1417, 9, 0, 56, 21, 0
1417, 0, 3, 56, 26, 0
1417, 1, 1, 56, 32, 0
1417, 9, 1, 56, 33, 0
1417, 9, 3, 56, 44, 0
1417, 1, 3, 56, 45, 0
1417, 1, 0, 57, 21, 0
1417, 0, 0, 57, 22, 0
1417, 9, 0, 57, 23, 0
1417, 9, 3, 57, 25, 0
1417, 1, 3, 57, 26, 0
1417, 0, 1, 57, 32, 0
1417, 0, 3, 57, 44, 0
1417, 1, 0, 58, 23, 0
1417, 0, 0, 58, 24, 0
1417, 1, 3, 58, 25, 0
1417, 1, 0, 58, 32, 0
1417, 9, 0, 58, 33, 0
1417, 9, 2, 58, 44, 0
1417, 1, 2, 58, 45, 0
1417, 0, 1, 59, 33, 0
1417, 0, 3, 59, 45, 0
1417, 1, 0, 60, 33, 0
1417, 9, 0, 60, 34, 0
1417, 9, 3, 60, 36, 0
1417, 0, 0, 60, 37, 0
1417, 9, 0, 60, 38, 0
1417, 9, 3, 60, 40, 0
1417, 0, 0, 60, 41, 0
1417, 9, 0, 60, 42, 0
1417, 9, 3, 60, 44, 0
1417, 1, 3, 60, 45, 0
1417, 1, 0, 61, 34, 0
1417, 0, 0, 61, 35, 0
1417, 1, 3, 61, 36, 0
1417, 1, 0, 61, 38, 0
1417, 0, 0, 61, 39, 0
1417, 1, 3, 61, 40, 0
1417, 1, 0, 61, 42, 0
1417, 0, 0, 61, 43, 0
1417, 1, 3, 61, 44, 0
1428, 1, 1, 4, 45, 1
1428, 0, 2, 4, 46, 1
1428, 1, 2, 4, 47, 1
1428, 1, 1, 5, 44, 1
1428, 9, 1, 5, 45, 1
1428, 9, 2, 5, 47, 1
1428, 0, 2, 5, 48, 1
1428, 1, 2, 5, 49, 1
1428, 0, 1, 6, 44, 1
1428, 9, 2, 6, 49, 1
1428, 0, 2, 6, 50, 1
1428, 1, 2, 6, 51, 1
1428, 1, 1, 7, 43, 1
1428, 9, 1, 7, 44, 1
1428, 9, 2, 7, 51, 1
1428, 0, 2, 7, 52, 1
1428, 1, 2, 7, 53, 1
1428, 0, 1, 8, 43, 1
1428, 9, 2, 8, 53, 1
1428, 0, 2, 8, 54, 1
1428, 1, 2, 8, 55, 1
1428, 1, 1, 9, 41, 1
1428, 0, 2, 9, 42, 1
1428, 9, 1, 9, 43, 1
1428, 9, 2, 9, 55, 1
1428, 0, 2, 9, 56, 1
1428, 1, 2, 9, 57, 1
1428, 1, 1, 10, 40, 1
1428, 9, 1, 10, 41, 1
1428, 9, 2, 10, 57, 1
1428, 1, 2, 10, 58, 1
1428, 0, 1, 11, 40, 1
1428, 0, 3, 11, 58, 1
1428, 1, 1, 12, 20, 1
1428, 0, 2, 12, 21, 1
1428, 1, 2, 12, 22, 1
1428, 1, 1, 12, 38, 1
1428, 0, 2, 12, 39, 1
1428, 9, 1, 12, 40, 1
1428, 9, 3, 12, 49, 1
1428, 0, 0, 12, 50, 1
1428, 9, 0, 12, 51, 1
1428, 9, 2, 12, 58, 1
1428, 1, 2, 12, 59, 1
1428, 1, 1, 13, 18, 1
1428, 0, 2, 13, 19, 1
1428, 9, 1, 13, 20, 1
1428, 9, 2, 13, 22, 1
1428, 0, 2, 13, 23, 1
1428, 1, 2, 13, 24, 1
1428, 1, 1, 13, 36, 1
1428, 0, 2, 13, 37, 1
1428, 9, 1, 13, 38, 1
1428, 9, 2, 13, 49, 1
1428, 0, 2, 13, 50, 1
1428, 9, 1, 13, 51, 1
1428, 0, 3, 13, 59, 1
1428, 1, 1, 14, 17, 1
1428, 9, 1, 14, 18, 1
1428, 9, 2, 14, 24, 1
1428, 0, 2, 14, 25, 1
1428, 1, 2, 14, 26, 1
1428, 1, 1, 14, 35, 1
1428, 9, 1, 14, 36, 1
1428, 0, 3, 14, 59, 1
1428, 0, 1, 15, 17, 1
1428, 9, 2, 15, 26, 1
1428, 0, 2, 15, 27, 1
1428, 1, 2, 15, 28, 1
1428, 0, 1, 15, 35, 1
1428, 9, 3, 15, 58, 1
1428, 1, 3, 15, 59, 1
1428, 1, 0, 16, 17, 1
1428, 9, 0, 16, 18, 1
1428, 9, 2, 16, 28, 1
1428, 1, 2, 16, 29, 1
1428, 1, 1, 16, 33, 1
1428, 0, 2, 16, 34, 1
1428, 9, 1, 16, 35, 1
1428, 9, 3, 16, 56, 1
1428, 0, 0, 16, 57, 1
1428, 1, 3, 16, 58, 1
1428, 0, 1, 17, 18, 1
1428, 0, 3, 17, 29, 1
1428, 1, 1, 17, 31, 1
1428, 0, 2, 17, 32, 1
1428, 9, 1, 17, 33, 1
1428, 0, 3, 17, 56, 1
1428, 1, 1, 18, 17, 1
1428, 9, 1, 18, 18, 1
1428, 9, 2, 18, 29, 1
1428, 0, 2, 18, 30, 1
1428, 9, 1, 18, 31, 1
1428, 9, 3, 18, 55, 1
1428, 1, 3, 18, 56, 1
1428, 0, 1, 19, 17, 1
1428, 9, 3, 19, 23, 1
1428, 0, 0, 19, 24, 1
1428, 9, 0, 19, 25, 1
1428, 9, 3, 19, 53, 1
1428, 0, 0, 19, 54, 1
1428, 1, 3, 19, 55, 1
1428, 1, 1, 20, 15, 1
1428, 0, 2, 20, 16, 1
1428, 9, 1, 20, 17, 1
1428, 0, 3, 20, 23, 1
1428, 0, 1, 20, 25, 1
1428, 0, 3, 20, 53, 1
1428, 1, 1, 21, 14, 1
1428, 9, 1, 21, 15, 1
1428, 9, 2, 21, 23, 1
1428, 1, 2, 21, 24, 1
1428, 1, 0, 21, 25, 1
1428, 9, 0, 21, 26, 1
1428, 9, 2, 21, 53, 1
1428, 1, 2, 21, 54, 1
1428, 0, 1, 22, 14, 1
1428, 0, 3, 22, 24, 1
1428, 1, 0, 22, 26, 1
1428, 0, 0, 22, 27, 1
1428, 9, 0, 22, 28, 1
1428, 9, 3, 22, 30, 1
1428, 0, 0, 22, 31, 1
1428, 9, 0, 22, 32, 1
1428, 0, 3, 22, 54, 1
1428, 1, 1, 23, 12, 1
1428, 0, 2, 23, 13, 1
1428, 9, 1, 23, 14, 1
1428, 9, 3, 23, 23, 1
1428, 1, 3, 23, 24, 1
1428, 1, 0, 23, 28, 1
1428, 0, 0, 23, 29, 1
1428, 1, 3, 23, 30, 1
1428, 1, 0, 23, 32, 1
1428, 0, 0, 23, 33, 1
1428, 9, 0, 23, 34, 1
1428, 9, 2, 23, 54, 1
1428, 1, 2, 23, 55, 1
1428, 1, 1, 24, 11, 1
1428, 9, 1, 24, 12, 1
1428, 0, 3, 24, 23, 1
1428, 1, 0, 24, 34, 1
1428, 0, 0, 24, 35, 1
1428, 9, 0, 24, 36, 1
1428, 9, 3, 24, 38, 1
1428, 0, 0, 24, 39, 1
1428, 9, 0, 24, 40, 1
1428, 9, 3, 24, 46, 1
1428, 0, 0, 24, 47, 1
1428, 9, 0, 24, 48, 1
1428, 0, 3, 24, 55, 1
1428, 0, 1, 25, 11, 1
1428, 9, 3, 25, 22, 1
1428, 1, 3, 25, 23, 1
1428, 1, 0, 25, 36, 1
1428, 0, 0, 25, 37, 1
1428, 1, 3, 25, 38, 1
1428, 1, 0, 25, 40, 1
1428, 0, 0, 25, 41, 1
1428, 9, 0, 25, 42, 1
1428, 9, 3, 25, 44, 1
1428, 0, 0, 25, 45, 1
1428, 1, 3, 25, 46, 1
1428, 1, 0, 25, 48, 1
1428, 0, 0, 25, 49, 1
1428, 9, 0, 25, 50, 1
1428, 9, 3, 25, 54, 1
1428, 1, 3, 25, 55, 1
1428, 1, 1, 26, 9, 1
1428, 0, 2, 26, 10, 1
1428, 9, 1, 26, 11, 1
1428, 9, 3, 26, 20, 1
1428, 0, 0, 26, 21, 1
1428, 1, 3, 26, 22, 1
1428, 1, 0, 26, 42, 1
1428, 0, 0, 26, 43, 1
1428, 1, 3, 26, 44, 1
1428, 1, 0, 26, 50, 1
1428, 9, 0, 26, 51, 1
1428, 9, 3, 26, 52, 1
1428, 0, 0, 26, 53, 1
1428, 1, 3, 26, 54, 1
1428, 1, 1, 27, 8, 1
1428, 9, 1, 27, 9, 1
1428, 0, 3, 27, 20, 1
1428, 1, 1, 27, 40, 1
1428, 0, 2, 27, 41, 1
1428, 1, 2, 27, 42, 1
1428, 1, 0, 27, 51, 1
1428, 1, 3, 27, 52, 1
1428, 0, 1, 28, 8, 1
1428, 9, 3, 28, 19, 1
1428, 1, 3, 28, 20, 1
1428, 1, 1, 28, 39, 1
1428, 9, 1, 28, 40, 1
1428, 9, 2, 28, 42, 1
1428, 0, 2, 28, 43, 1
1428, 1, 2, 28, 44, 1
1428, 1, 1, 28, 50, 1
1428, 0, 2, 28, 51, 1
1428, 1, 2, 28, 52, 1
1428, 1, 1, 29, 7, 1
1428, 9, 1, 29, 8, 1
1428, 0, 3, 29, 19, 1
1428, 0, 1, 29, 39, 1
1428, 9, 2, 29, 44, 1
1428, 0, 2, 29, 45, 1
1428, 1, 2, 29, 46, 1
1428, 1, 1, 29, 48, 1
1428, 0, 2, 29, 49, 1
1428, 9, 1, 29, 50, 1
1428, 9, 2, 29, 52, 1
1428, 1, 2, 29, 53, 1
1428, 0, 1, 30, 7, 1
1428, 9, 3, 30, 18, 1
1428, 1, 3, 30, 19, 1
1428, 1, 0, 30, 39, 1
1428, 9, 0, 30, 40, 1
1428, 9, 2, 30, 46, 1
1428, 0, 2, 30, 47, 1
1428, 9, 1, 30, 48, 1
1428, 0, 3, 30, 53, 1
1428, 1, 1, 31, 6, 1
1428, 9, 1, 31, 7, 1
1428, 0, 3, 31, 18, 1
1428, 1, 1, 31, 36, 1
1428, 0, 2, 31, 37, 1
1428, 1, 2, 31, 38, 1
1428, 0, 1, 31, 40, 1
1428, 9, 3, 31, 52, 1
1428, 1, 3, 31, 53, 1
1428, 0, 1, 32, 6, 1
1428, 9, 3, 32, 17, 1
1428, 1, 3, 32, 18, 1
1428, 1, 1, 32, 34, 1
1428, 0, 2, 32, 35, 1
1428, 9, 1, 32, 36, 1
1428, 9, 2, 32, 38, 1
1428, 0, 2, 32, 39, 1
1428, 9, 1, 32, 40, 1
1428, 9, 3, 32, 50, 1
1428, 0, 0, 32, 51, 1
1428, 1, 3, 32, 52, 1
1428, 1, 1, 33, 5, 1
1428, 9, 1, 33, 6, 1
1428, 9, 3, 33, 15, 1
1428, 0, 0, 33, 16, 1
1428, 1, 3, 33, 17, 1
1428, 1, 1, 33, 32, 1
1428, 0, 2, 33, 33, 1
1428, 9, 1, 33, 34, 1
1428, 0, 3, 33, 50, 1
1428, 0, 1, 34, 5, 1
1428, 9, 3, 34, 13, 1
1428, 0, 0, 34, 14, 1
1428, 1, 3, 34, 15, 1
1428, 1, 1, 34, 30, 1
1428, 0, 2, 34, 31, 1
1428, 9, 1, 34, 32, 1
1428, 9, 3, 34, 49, 1
1428, 1, 3, 34, 50, 1
1428, 1, 0, 35, 5, 1
1428, 9, 0, 35, 6, 1
1428, 0, 3, 35, 13, 1
1428, 1, 1, 35, 28, 1
1428, 0, 2, 35, 29, 1
1428, 9, 1, 35, 30, 1
1428, 0, 3, 35, 49, 1
1428, 0, 1, 36, 6, 1
1428, 9, 3, 36, 12, 1
1428, 1, 3, 36, 13, 1
1428, 1, 1, 36, 26, 1
1428, 0, 2, 36, 27, 1
1428, 9, 1, 36, 28, 1
1428, 9, 2, 36, 49, 1
1428, 0, 2, 36, 50, 1
1428, 1, 2, 36, 51, 1
1428, 1, 0, 37, 6, 1
1428, 9, 0, 37, 7, 1
1428, 9, 3, 37, 9, 1
1428, 0, 0, 37, 10, 1
1428, 0, 0, 37, 11, 1
1428, 1, 3, 37, 12, 1
1428, 1, 1, 37, 25, 1
1428, 9, 1, 37, 26, 1
1428, 9, 3, 37, 37, 1
1428, 0, 0, 37, 38, 1
1428, 9, 0, 37, 39, 1
1428, 9, 3, 37, 41, 1
1428, 0, 0, 37, 42, 1
1428, 9, 0, 37, 43, 1
1428, 9, 2, 37, 51, 1
1428, 1, 2, 37, 52, 1
1428, 1, 0, 38, 7, 1
1428, 0, 0, 38, 8, 1
1428, 1, 3, 38, 9, 1
1428, 0, 1, 38, 25, 1
1428, 9, 3, 38, 35, 1
1428, 0, 0, 38, 36, 1
1428, 1, 3, 38, 37, 1
1428, 1, 0, 38, 39, 1
1428, 0, 0, 38, 40, 1
1428, 1, 3, 38, 41, 1
1428, 0, 1, 38, 43, 1
1428, 0, 3, 38, 52, 1
1428, 1, 1, 39, 24, 1
1428, 9, 1, 39, 25, 1
1428, 0, 3, 39, 35, 1
1428, 1, 1, 39, 42, 1
1428, 9, 1, 39, 43, 1
1428, 9, 2, 39, 52, 1
1428, 0, 2, 39, 53, 1
1428, 1, 2, 39, 54, 1
1428, 1, 1, 40, 23, 1
1428, 9, 1, 40, 24, 1
1428, 9, 3, 40, 34, 1
1428, 1, 3, 40, 35, 1
1428, 0, 1, 40, 42, 1
1428, 9, 2, 40, 54, 1
1428, 1, 2, 40, 55, 1
1428, 1, 1, 41, 22, 1
1428, 9, 1, 41, 23, 1
1428, 9, 3, 41, 32, 1
1428, 0, 0, 41, 33, 1
1428, 1, 3, 41, 34, 1
1428, 1, 1, 41, 41, 1
1428, 9, 1, 41, 42, 1
1428, 0, 3, 41, 55, 1
1428, 0, 1, 42, 22, 1
1428, 9, 3, 42, 30, 1
1428, 0, 0, 42, 31, 1
1428, 1, 3, 42, 32, 1
1428, 0, 1, 42, 41, 1
1428, 9, 2, 42, 55, 1
1428, 1, 2, 42, 56, 1
1428, 1, 1, 43, 21, 1
1428, 9, 1, 43, 22, 1
1428, 9, 3, 43, 28, 1
1428, 0, 0, 43, 29, 1
1428, 1, 3, 43, 30, 1
1428, 1, 1, 43, 40, 1
1428, 9, 1, 43, 41, 1
1428, 0, 3, 43, 56, 1
1428, 0, 1, 44, 21, 1
1428, 9, 3, 44, 26, 1
1428, 0, 0, 44, 27, 1
1428, 1, 3, 44, 28, 1
1428, 0, 1, 44, 40, 1
1428, 9, 3, 44, 47, 1
1428, 0, 0, 44, 48, 1
1428, 9, 0, 44, 49, 1
1428, 9, 2, 44, 56, 1
1428, 1, 2, 44, 57, 1
1428, 1, 1, 45, 20, 1
1428, 9, 1, 45, 21, 1
1428, 0, 3, 45, 26, 1
1428, 1, 0, 45, 40, 1
1428, 9, 0, 45, 41, 1
1428, 0, 3, 45, 47, 1
1428, 0, 1, 45, 49, 1
1428, 0, 3, 45, 57, 1
1428, 0, 1, 46, 20, 1
1428, 9, 2, 46, 26, 1
1428, 1, 2, 46, 27, 1
1428, 0, 1, 46, 41, 1
1428, 9, 3, 46, 46, 1
1428, 1, 3, 46, 47, 1
1428, 1, 0, 46, 49, 1
1428, 9, 0, 46, 50, 1
1428, 9, 2, 46, 57, 1
1428, 1, 2, 46, 58, 1
1428, 1, 1, 47, 18, 1
1428, 0, 2, 47, 19, 1
1428, 9, 1, 47, 20, 1
1428, 0, 3, 47, 27, 1
1428, 1, 1, 47, 39, 1
1428, 0, 2, 47, 40, 1
1428, 9, 1, 47, 41, 1
1428, 0, 3, 47, 46, 1
1428, 1, 0, 47, 50, 1
1428, 0, 0, 47, 51, 1
1428, 9, 0, 47, 52, 1
1428, 0, 3, 47, 58, 1
1428, 1, 1, 48, 17, 1
1428, 9, 1, 48, 18, 1
1428, 9, 2, 48, 27, 1
1428, 1, 2, 48, 28, 1
1428, 1, 1, 48, 38, 1
1428, 9, 1, 48, 39, 1
1428, 9, 3, 48, 45, 1
1428, 1, 3, 48, 46, 1
1428, 0, 1, 48, 52, 1
1428, 9, 2, 48, 58, 1
1428, 1, 2, 48, 59, 1
1428, 0, 1, 49, 17, 1
1428, 0, 3, 49, 28, 1
1428, 0, 1, 49, 38, 1
1428, 9, 3, 49, 43, 1
1428, 0, 0, 49, 44, 1
1428, 1, 3, 49, 45, 1
1428, 1, 0, 49, 52, 1
1428, 9, 0, 49, 53, 1
1428, 0, 3, 49, 59, 1
1428, 1, 0, 50, 17, 1
1428, 9, 0, 50, 18, 1
1428, 9, 3, 50, 27, 1
1428, 1, 3, 50, 28, 1
1428, 1, 1, 50, 36, 1
1428, 0, 2, 50, 37, 1
1428, 9, 1, 50, 38, 1
1428, 0, 3, 50, 43, 1
1428, 0, 1, 50, 53, 1
1428, 9, 2, 50, 59, 1
1428, 1, 2, 50, 60, 1
1428, 0, 1, 51, 18, 1
1428, 0, 3, 51, 27, 1
1428, 1, 1, 51, 35, 1
1428, 9, 1, 51, 36, 1
1428, 9, 2, 51, 43, 1
1428, 1, 2, 51, 44, 1
1428, 1, 0, 51, 53, 1
1428, 9, 0, 51, 54, 1
1428, 0, 3, 51, 60, 1
1428, 1, 0, 52, 18, 1
1428, 9, 0, 52, 19, 1
1428, 9, 3, 52, 26, 1
1428, 1, 3, 52, 27, 1
1428, 0, 1, 52, 35, 1
1428, 0, 3, 52, 44, 1
1428, 0, 1, 52, 54, 1
1428, 9, 3, 52, 59, 1
1428, 1, 3, 52, 60, 1
1428, 1, 0, 53, 19, 1
1428, 0, 0, 53, 20, 1
1428, 9, 0, 53, 21, 1
1428, 0, 3, 53, 26, 1
1428, 1, 1, 53, 34, 1
1428, 9, 1, 53, 35, 1
1428, 9, 2, 53, 44, 1
1428, 1, 2, 53, 45, 1
1428, 1, 0, 53, 54, 1
1428, 9, 0, 53, 55, 1
1428, 9, 3, 53, 57, 1
1428, 0, 0, 53, 58, 1
1428, 1, 3, 53, 59, 1
1428, 1, 0, 54, 21, 1
1428, 0, 0, 54, 22, 1
1428, 9, 0, 54, 23, 1
1428, 9, 3, 54, 25, 1
1428, 1, 3, 54, 26, 1
1428, 0, 1, 54, 34, 1
1428, 0, 3, 54, 45, 1
1428, 1, 0, 54, 55, 1
1428, 0, 0, 54, 56, 1
1428, 1, 3, 54, 57, 1
1428, 1, 0, 55, 23, 1
1428, 0, 0, 55, 24, 1
1428, 1, 3, 55, 25, 1
1428, 1, 0, 55, 34, 1
1428, 9, 0, 55, 35, 1
1428, 9, 3, 55, 44, 1
1428, 1, 3, 55, 45, 1
1428, 0, 1, 56, 35, 1
1428, 0, 3, 56, 44, 1
1428, 1, 0, 57, 35, 1
1428, 9, 0, 57, 36, 1
1428, 9, 3, 57, 43, 1
1428, 1, 3, 57, 44, 1
1428, 0, 1, 58, 36, 1
1428, 9, 3, 58, 41, 1
1428, 0, 0, 58, 42, 1
1428, 1, 3, 58, 43, 1
1428, 1, 0, 59, 36, 1
1428, 9, 0, 59, 37, 1
1428, 9, 3, 59, 39, 1
1428, 0, 0, 59, 40, 1
1428, 1, 3, 59, 41, 1
1428, 1, 0, 60, 37, 1
1428, 0, 0, 60, 38, 1
1428, 1, 3, 60, 39, 1
1428, 9, 3, 12, 49, 2
1428, 0, 0, 12, 50, 2
1428, 9, 0, 12, 51, 2
1428, 9, 2, 13, 49, 2
1428, 0, 2, 13, 50, 2
1428, 9, 1, 13, 51, 2
1434, 10, 1, 5, 47, 0
1434, 10, 1, 16, 33, 0
1434, 10, 1, 19, 58, 0
1434, 10, 1, 20, 15, 0
1434, 10, 1, 22, 24, 0
1434, 10, 1, 26, 37, 0
1434, 10, 1, 26, 41, 0
1434, 10, 1, 27, 39, 0
1434, 10, 1, 27, 40, 0
1434, 10, 1, 27, 41, 0
1434, 10, 1, 28, 39, 0
1434, 10, 1, 28, 40, 0
1434, 10, 1, 28, 41, 0
1434, 10, 1, 28, 42, 0
1434, 10, 1, 29, 39, 0
1434, 10, 1, 29, 40, 0
1434, 10, 2, 29, 52, 0
1434, 10, 2, 29, 53, 0
1434, 10, 2, 30, 52, 0
1434, 10, 2, 30, 53, 0
1434, 10, 1, 31, 20, 0
1434, 10, 1, 31, 51, 0
1434, 10, 2, 31, 52, 0
1434, 10, 2, 31, 53, 0
1434, 10, 1, 32, 34, 0
1434, 10, 2, 32, 52, 0
1434, 10, 1, 35, 51, 0
1434, 10, 1, 38, 41, 0
1434, 10, 1, 40, 42, 0
1434, 10, 1, 47, 48, 0
1434, 10, 1, 48, 48, 0
1434, 10, 1, 49, 28, 0
1434, 10, 1, 51, 46, 0
1434, 10, 1, 55, 32, 0
1434, 10, 1, 57, 45, 0
1434, 10, 1, 61, 37, 0
1434, 10, 1, 61, 41, 0
1434, 10, 1, 0, 43, 1
1434, 10, 1, 0, 44, 1
1434, 10, 1, 0, 45, 1
1434, 10, 1, 0, 46, 1
1434, 10, 1, 0, 47, 1
1434, 10, 1, 0, 48, 1
1434, 10, 1, 0, 49, 1
1434, 10, 1, 0, 50, 1
1434, 10, 1, 0, 51, 1
1434, 10, 1, 0, 52, 1
1434, 10, 1, 0, 53, 1
1434, 10, 1, 1, 41, 1
1434, 10, 1, 1, 42, 1
1434, 10, 1, 1, 43, 1
1434, 10, 1, 1, 44, 1
1434, 10, 1, 1, 45, 1
1434, 10, 1, 1, 46, 1
1434, 10, 1, 1, 47, 1
1434, 10, 1, 1, 48, 1
1434, 10, 1, 1, 49, 1
1434, 10, 1, 1, 50, 1
1434, 10, 1, 1, 51, 1
1434, 10, 1, 1, 52, 1
1434, 10, 1, 1, 53, 1
1434, 10, 1, 1, 54, 1
1434, 10, 1, 1, 55, 1
1434, 10, 1, 2, 39, 1
1434, 10, 1, 2, 40, 1
1434, 10, 1, 2, 41, 1
1434, 10, 1, 2, 42, 1
1434, 10, 1, 2, 43, 1
1434, 10, 1, 2, 44, 1
1434, 10, 1, 2, 45, 1
1434, 10, 1, 2, 46, 1
1434, 10, 1, 2, 47, 1
1434, 10, 1, 2, 48, 1
1434, 10, 1, 2, 49, 1
1434, 10, 1, 2, 50, 1
1434, 10, 1, 2, 51, 1
1434, 10, 1, 2, 52, 1
1434, 10, 1, 2, 53, 1
1434, 10, 1, 2, 54, 1
1434, 10, 1, 2, 55, 1
1434, 10, 1, 2, 56, 1
1434, 10, 1, 2, 57, 1
1434, 10, 1, 3, 38, 1
1434, 10, 1, 3, 39, 1
1434, 10, 1, 3, 40, 1
1434, 10, 1, 3, 41, 1
1434, 10, 1, 3, 42, 1
1434, 10, 1, 3, 43, 1
1434, 10, 1, 3, 44, 1
1434, 10, 1, 3, 45, 1
1434, 10, 1, 3, 46, 1
1434, 10, 1, 3, 47, 1
1434, 10, 1, 3, 48, 1
1434, 10, 1, 3, 49, 1
1434, 10, 1, 3, 50, 1
1434, 10, 1, 3, 51, 1
1434, 10, 1, 3, 52, 1
1434, 10, 1, 3, 53, 1
1434, 10, 1, 3, 54, 1
1434, 10, 1, 3, 55, 1
1434, 10, 1, 3, 56, 1
1434, 10, 1, 3, 57, 1
1434, 10, 1, 3, 58, 1
1434, 10, 1, 3, 59, 1
1434, 10, 1, 4, 17, 1
1434, 10, 1, 4, 18, 1
1434, 10, 1, 4, 19, 1
1434, 10, 1, 4, 20, 1
1434, 10, 1, 4, 21, 1
1434, 10, 1, 4, 35, 1
1434, 10, 1, 4, 36, 1
1434, 10, 1, 4, 37, 1
1434, 10, 1, 4, 38, 1
1434, 10, 1, 4, 39, 1
1434, 10, 1, 4, 40, 1
1434, 10, 1, 4, 41, 1
1434, 10, 1, 4, 42, 1
1434, 10, 1, 4, 43, 1
1434, 10, 1, 4, 44, 1
1434, 10, 1, 4, 48, 1
1434, 10, 1, 4, 49, 1
1434, 10, 1, 4, 50, 1
1434, 10, 1, 4, 51, 1
1434, 10, 1, 4, 52, 1
1434, 10, 1, 4, 53, 1
1434, 10, 1, 4, 54, 1
1434, 10, 1, 4, 55, 1
1434, 10, 1, 4, 56, 1
1434, 10, 1, 4, 57, 1
1434, 10, 1, 4, 58, 1
1434, 10, 1, 4, 59, 1
1434, 10, 1, 4, 60, 1
1434, 10, 1, 4, 61, 1
1434, 10, 1, 5, 15, 1
1434, 10, 1, 5, 16, 1
1434, 10, 1, 5, 17, 1
1434, 10, 1, 5, 18, 1
1434, 10, 1, 5, 19, 1
1434, 10, 1, 5, 20, 1
1434, 10, 1, 5, 21, 1
1434, 10, 1, 5, 22, 1
1434, 10, 1, 5, 23, 1
1434, 10, 1, 5, 24, 1
1434, 10, 1, 5, 25, 1
1434, 10, 1, 5, 26, 1
1434, 10, 1, 5, 27, 1
1434, 10, 1, 5, 28, 1
1434, 10, 1, 5, 29, 1
1434, 10, 1, 5, 31, 1
1434, 10, 1, 5, 32, 1
1434, 10, 1, 5, 33, 1
1434, 10, 1, 5, 34, 1
1434, 10, 1, 5, 35, 1
1434, 10, 1, 5, 36, 1
1434, 10, 1, 5, 37, 1
1434, 10, 1, 5, 38, 1
1434, 10, 1, 5, 39, 1
1434, 10, 1, 5, 40, 1
1434, 10, 1, 5, 41, 1
1434, 10, 1, 5, 42, 1
1434, 10, 1, 5, 43, 1
1434, 10, 1, 5, 50, 1
1434, 10, 1, 5, 51, 1
1434, 10, 1, 5, 52, 1
1434, 10, 1, 5, 53, 1
1434, 10, 1, 5, 54, 1
1434, 10, 1, 5, 55, 1
1434, 10, 1, 5, 56, 1
1434, 10, 1, 5, 57, 1
1434, 10, 1, 5, 58, 1
1434, 10, 1, 5, 59, 1
1434, 10, 1, 5, 60, 1
1434, 10, 1, 5, 61, 1
1434, 10, 1, 5, 62, 1
1434, 10, 1, 6, 14, 1
1434, 10, 1, 6, 15, 1
1434, 10, 1, 6, 16, 1
1434, 10, 1, 6, 17, 1
1434, 10, 1, 6, 18, 1
1434, 10, 1, 6, 19, 1
1434, 10, 1, 6, 20, 1
1434, 10, 1, 6, 21, 1
1434, 10, 1, 6, 22, 1
1434, 10, 1, 6, 23, 1
1434, 10, 1, 6, 24, 1
1434, 10, 1, 6, 25, 1
1434, 10, 1, 6, 26, 1
1434, 10, 1, 6, 27, 1
1434, 10, 1, 6, 28, 1
1434, 10, 1, 6, 29, 1
1434, 10, 1, 6, 30, 1
1434, 10, 1, 6, 31, 1
1434, 10, 1, 6, 32, 1
1434, 10, 1, 6, 33, 1
1434, 10, 1, 6, 34, 1
1434, 10, 1, 6, 35, 1
1434, 10, 1, 6, 36, 1
1434, 10, 1, 6, 37, 1
1434, 10, 1, 6, 38, 1
1434, 10, 1, 6, 39, 1
1434, 10, 1, 6, 40, 1
1434, 10, 1, 6, 41, 1
1434, 10, 1, 6, 42, 1
1434, 10, 1, 6, 43, 1
1434, 10, 1, 6, 52, 1
1434, 10, 1, 6, 53, 1
1434, 10, 1, 6, 54, 1
1434, 10, 1, 6, 55, 1
1434, 10, 1, 6, 56, 1
1434, 10, 1, 6, 57, 1
1434, 10, 1, 6, 58, 1
1434, 10, 1, 6, 59, 1
1434, 10, 1, 6, 60, 1
1434, 10, 1, 6, 61, 1
1434, 10, 1, 6, 62, 1
1434, 10, 1, 6, 63, 1
1434, 10, 1, 7, 13, 1
1434, 10, 1, 7, 14, 1
1434, 10, 1, 7, 15, 1
1434, 10, 1, 7, 16, 1
1434, 10, 1, 7, 17, 1
1434, 10, 1, 7, 18, 1
1434, 10, 1, 7, 19, 1
1434, 10, 1, 7, 20, 1
1434, 10, 1, 7, 21, 1
1434, 10, 1, 7, 22, 1
1434, 10, 1, 7, 23, 1
1434, 10, 1, 7, 24, 1
1434, 10, 1, 7, 25, 1
1434, 10, 1, 7, 26, 1
1434, 10, 1, 7, 27, 1
1434, 10, 1, 7, 28, 1
1434, 10, 1, 7, 29, 1
1434, 10, 1, 7, 30, 1
1434, 10, 1, 7, 31, 1
1434, 10, 1, 7, 32, 1
1434, 10, 1, 7, 33, 1
1434, 10, 1, 7, 34, 1
1434, 10, 1, 7, 35, 1
1434, 10, 1, 7, 36, 1
1434, 10, 1, 7, 37, 1
1434, 10, 1, 7, 38, 1
1434, 10, 1, 7, 39, 1
1434, 10, 1, 7, 40, 1
1434, 10, 1, 7, 41, 1
1434, 10, 1, 7, 42, 1
1434, 10, 1, 7, 54, 1
1434, 10, 1, 7, 55, 1
1434, 10, 1, 7, 56, 1
1434, 10, 1, 7, 57, 1
1434, 10, 1, 7, 58, 1
1434, 10, 1, 7, 59, 1
1434, 10, 1, 7, 60, 1
1434, 10, 1, 7, 61, 1
1434, 10, 1, 7, 62, 1
1434, 10, 1, 7, 63, 1
1434, 10, 1, 8, 12, 1
1434, 10, 1, 8, 13, 1
1434, 10, 1, 8, 14, 1
1434, 10, 1, 8, 15, 1
1434, 10, 1, 8, 16, 1
1434, 10, 1, 8, 17, 1
1434, 10, 1, 8, 18, 1
1434, 10, 1, 8, 19, 1
1434, 10, 1, 8, 20, 1
1434, 10, 1, 8, 21, 1
1434, 10, 1, 8, 22, 1
1434, 10, 1, 8, 23, 1
1434, 10, 1, 8, 24, 1
1434, 10, 1, 8, 25, 1
1434, 10, 1, 8, 26, 1
1434, 10, 1, 8, 27, 1
1434, 10, 1, 8, 28, 1
1434, 10, 1, 8, 29, 1
1434, 10, 1, 8, 30, 1
1434, 10, 1, 8, 31, 1
1434, 10, 1, 8, 32, 1
1434, 10, 1, 8, 33, 1
1434, 10, 1, 8, 34, 1
1434, 10, 1, 8, 35, 1
1434, 10, 1, 8, 36, 1
1434, 10, 1, 8, 37, 1
1434, 10, 1, 8, 38, 1
1434, 10, 1, 8, 39, 1
1434, 10, 1, 8, 40, 1
1434, 10, 1, 8, 41, 1
1434, 10, 1, 8, 42, 1
1434, 10, 1, 8, 56, 1
1434, 10, 1, 8, 57, 1
1434, 10, 1, 8, 58, 1
1434, 10, 1, 8, 59, 1
1434, 10, 1, 8, 60, 1
1434, 10, 1, 8, 61, 1
1434, 10, 1, 8, 62, 1
1434, 10, 1, 8, 63, 1
1434, 10, 1, 9, 12, 1
1434, 10, 1, 9, 13, 1
1434, 10, 1, 9, 14, 1
1434, 10, 1, 9, 15, 1
1434, 10, 1, 9, 16, 1
1434, 10, 1, 9, 17, 1
1434, 10, 1, 9, 18, 1
1434, 10, 1, 9, 19, 1
1434, 10, 1, 9, 20, 1
1434, 10, 1, 9, 21, 1
1434, 10, 1, 9, 22, 1
1434, 10, 1, 9, 23, 1
1434, 10, 1, 9, 24, 1
1434, 10, 1, 9, 25, 1
1434, 10, 1, 9, 26, 1
1434, 10, 1, 9, 27, 1
1434, 10, 1, 9, 28, 1
1434, 10, 1, 9, 29, 1
1434, 10, 1, 9, 30, 1
1434, 10, 1, 9, 31, 1
1434, 10, 1, 9, 32, 1
1434, 10, 1, 9, 33, 1
1434, 10, 1, 9, 34, 1
1434, 10, 1, 9, 35, 1
1434, 10, 1, 9, 36, 1
1434, 10, 1, 9, 37, 1
1434, 10, 1, 9, 38, 1
1434, 10, 1, 9, 39, 1
1434, 10, 1, 9, 40, 1
1434, 10, 1, 9, 58, 1
1434, 10, 1, 9, 59, 1
1434, 10, 1, 9, 60, 1
1434, 10, 1, 9, 61, 1
1434, 10, 1, 9, 62, 1
1434, 10, 1, 9, 63, 1
1434, 10, 1, 10, 12, 1
1434, 10, 1, 10, 13, 1
1434, 10, 1, 10, 14, 1
1434, 10, 1, 10, 15, 1
1434, 10, 1, 10, 16, 1
1434, 10, 1, 10, 17, 1
1434, 10, 1, 10, 18, 1
1434, 10, 1, 10, 19, 1
1434, 10, 1, 10, 20, 1
1434, 10, 1, 10, 21, 1
1434, 10, 1, 10, 22, 1
1434, 10, 1, 10, 23, 1
1434, 10, 1, 10, 24, 1
1434, 10, 1, 10, 25, 1
1434, 10, 1, 10, 26, 1
1434, 10, 1, 10, 27, 1
1434, 10, 1, 10, 28, 1
1434, 10, 1, 10, 29, 1
1434, 10, 1, 10, 30, 1
1434, 10, 1, 10, 31, 1
1434, 10, 1, 10, 32, 1
1434, 10, 1, 10, 33, 1
1434, 10, 1, 10, 34, 1
1434, 10, 1, 10, 35, 1
1434, 10, 1, 10, 36, 1
1434, 10, 1, 10, 37, 1
1434, 10, 1, 10, 38, 1
1434, 10, 1, 10, 39, 1
1434, 10, 1, 10, 59, 1
1434, 10, 1, 10, 60, 1
1434, 10, 1, 10, 61, 1
1434, 10, 1, 10, 62, 1
1434, 10, 1, 10, 63, 1
1434, 10, 1, 11, 11, 1
1434, 10, 1, 11, 12, 1
1434, 10, 1, 11, 13, 1
1434, 10, 1, 11, 14, 1
1434, 10, 1, 11, 15, 1
1434, 10, 1, 11, 16, 1
1434, 10, 1, 11, 17, 1
1434, 10, 1, 11, 18, 1
1434, 10, 1, 11, 19, 1
1434, 10, 1, 11, 20, 1
1434, 10, 1, 11, 21, 1
1434, 10, 1, 11, 22, 1
1434, 10, 1, 11, 23, 1
1434, 10, 1, 11, 24, 1
1434, 10, 1, 11, 25, 1
1434, 10, 1, 11, 26, 1
1434, 10, 1, 11, 27, 1
1434, 10, 1, 11, 28, 1
1434, 10, 1, 11, 29, 1
1434, 10, 1, 11, 30, 1
1434, 10, 1, 11, 31, 1
1434, 10, 1, 11, 32, 1
1434, 10, 1, 11, 33, 1
1434, 10, 1, 11, 34, 1
1434, 10, 1, 11, 35, 1
1434, 10, 1, 11, 36, 1
1434, 10, 1, 11, 37, 1
1434, 10, 1, 11, 38, 1
1434, 10, 1, 11, 39, 1
1434, 10, 1, 11, 59, 1
1434, 10, 1, 11, 60, 1
1434, 10, 1, 11, 61, 1
1434, 10, 1, 11, 62, 1
1434, 10, 1, 11, 63, 1
1434, 10, 1, 12, 11, 1
1434, 10, 1, 12, 12, 1
1434, 10, 1, 12, 13, 1
1434, 10, 1, 12, 14, 1
1434, 10, 1, 12, 15, 1
1434, 10, 1, 12, 16, 1
1434, 10, 1, 12, 17, 1
1434, 10, 1, 12, 18, 1
1434, 10, 1, 12, 19, 1
1434, 10, 1, 12, 23, 1
1434, 10, 1, 12, 24, 1
1434, 10, 1, 12, 25, 1
1434, 10, 1, 12, 26, 1
1434, 10, 1, 12, 27, 1
1434, 10, 1, 12, 28, 1
1434, 10, 1, 12, 29, 1
1434, 10, 1, 12, 30, 1
1434, 10, 1, 12, 31, 1
1434, 10, 1, 12, 32, 1
1434, 10, 1, 12, 33, 1
1434, 10, 1, 12, 34, 1
1434, 10, 1, 12, 35, 1
1434, 10, 1, 12, 36, 1
1434, 10, 1, 12, 37, 1
1434, 10, 1, 12, 60, 1
1434, 10, 1, 12, 61, 1
1434, 10, 1, 12, 62, 1
1434, 10, 1, 12, 63, 1
1434, 10, 1, 13, 10, 1
1434, 10, 1, 13, 11, 1
1434, 10, 1, 13, 12, 1
1434, 10, 1, 13, 13, 1
1434, 10, 1, 13, 14, 1
1434, 10, 1, 13, 15, 1
1434, 10, 1, 13, 16, 1
1434, 10, 1, 13, 17, 1
1434, 10, 1, 13, 25, 1
1434, 10, 1, 13, 26, 1
1434, 10, 1, 13, 27, 1
1434, 10, 1, 13, 28, 1
1434, 10, 1, 13, 29, 1
1434, 10, 1, 13, 30, 1
1434, 10, 1, 13, 31, 1
1434, 10, 1, 13, 32, 1
1434, 10, 1, 13, 33, 1
1434, 10, 1, 13, 34, 1
1434, 10, 1, 13, 35, 1
1434, 10, 1, 13, 60, 1
1434, 10, 1, 13, 61, 1
1434, 10, 1, 13, 62, 1
1434, 10, 1, 13, 63, 1
1434, 10, 1, 14, 10, 1
1434, 10, 1, 14, 11, 1
1434, 10, 1, 14, 12, 1
1434, 10, 1, 14, 13, 1
1434, 10, 1, 14, 14, 1
1434, 10, 1, 14, 15, 1
1434, 10, 1, 14, 16, 1
1434, 10, 1, 14, 17, 1
1434, 10, 1, 14, 27, 1
1434, 10, 1, 14, 28, 1
1434, 10, 1, 14, 29, 1
1434, 10, 1, 14, 30, 1
1434, 10, 1, 14, 31, 1
1434, 10, 1, 14, 32, 1
1434, 10, 1, 14, 33, 1
1434, 10, 1, 14, 34, 1
1434, 10, 1, 14, 60, 1
1434, 10, 1, 14, 61, 1
1434, 10, 1, 14, 62, 1
1434, 10, 1, 14, 63, 1
1434, 10, 1, 15, 9, 1
1434, 10, 1, 15, 10, 1
1434, 10, 1, 15, 11, 1
1434, 10, 1, 15, 12, 1
1434, 10, 1, 15, 13, 1
1434, 10, 1, 15, 14, 1
1434, 10, 1, 15, 15, 1
1434, 10, 1, 15, 16, 1
1434, 10, 1, 15, 17, 1
1434, 10, 1, 15, 29, 1
1434, 10, 1, 15, 30, 1
1434, 10, 1, 15, 31, 1
1434, 10, 1, 15, 32, 1
1434, 10, 1, 15, 33, 1
1434, 10, 1, 15, 34, 1
1434, 10, 1, 15, 60, 1
1434, 10, 1, 15, 61, 1
1434, 10, 1, 15, 62, 1
1434, 10, 1, 15, 63, 1
1434, 10, 1, 16, 8, 1
1434, 10, 1, 16, 9, 1
1434, 10, 1, 16, 10, 1
1434, 10, 1, 16, 11, 1
1434, 10, 1, 16, 12, 1
1434, 10, 1, 16, 13, 1
1434, 10, 1, 16, 14, 1
1434, 10, 1, 16, 15, 1
1434, 10, 1, 16, 16, 1
1434, 10, 1, 16, 17, 1
1434, 10, 1, 16, 30, 1
1434, 10, 1, 16, 31, 1
1434, 10, 1, 16, 32, 1
1434, 10, 1, 16, 59, 1
1434, 10, 1, 16, 60, 1
1434, 10, 1, 16, 61, 1
1434, 10, 1, 16, 62, 1
1434, 10, 1, 16, 63, 1
1434, 10, 1, 17, 8, 1
1434, 10, 1, 17, 9, 1
1434, 10, 1, 17, 10, 1
1434, 10, 1, 17, 11, 1
1434, 10, 1, 17, 12, 1
1434, 10, 1, 17, 13, 1
1434, 10, 1, 17, 14, 1
1434, 10, 1, 17, 15, 1
1434, 10, 1, 17, 16, 1
1434, 10, 1, 17, 17, 1
1434, 10, 1, 17, 30, 1
1434, 10, 1, 17, 57, 1
1434, 10, 1, 17, 58, 1
1434, 10, 1, 17, 59, 1
1434, 10, 1, 17, 60, 1
1434, 10, 1, 17, 61, 1
1434, 10, 1, 17, 62, 1
1434, 10, 1, 17, 63, 1
1434, 10, 1, 18, 7, 1
1434, 10, 1, 18, 8, 1
1434, 10, 1, 18, 9, 1
1434, 10, 1, 18, 10, 1
1434, 10, 1, 18, 11, 1
1434, 10, 1, 18, 12, 1
1434, 10, 1, 18, 13, 1
1434, 10, 1, 18, 14, 1
1434, 10, 1, 18, 15, 1
1434, 10, 1, 18, 16, 1
1434, 10, 1, 18, 57, 1
1434, 10, 1, 18, 58, 1
1434, 10, 1, 18, 59, 1
1434, 10, 1, 18, 60, 1
1434, 10, 1, 18, 61, 1
1434, 10, 1, 18, 62, 1
1434, 10, 1, 18, 63, 1
1434, 10, 1, 19, 7, 1
1434, 10, 1, 19, 8, 1
1434, 10, 1, 19, 9, 1
1434, 10, 1, 19, 10, 1
1434, 10, 1, 19, 11, 1
1434, 10, 1, 19, 12, 1
1434, 10, 1, 19, 13, 1
1434, 10, 1, 19, 14, 1
1434, 10, 1, 19, 15, 1
1434, 10, 1, 19, 16, 1
1434, 10, 1, 19, 56, 1
1434, 10, 1, 19, 57, 1
1434, 10, 1, 19, 58, 1
1434, 10, 1, 19, 59, 1
1434, 10, 1, 19, 60, 1
1434, 10, 1, 19, 61, 1
1434, 10, 1, 19, 62, 1
1434, 10, 1, 19, 63, 1
1434, 10, 1, 20, 6, 1
1434, 10, 1, 20, 7, 1
1434, 10, 1, 20, 8, 1
1434, 10, 1, 20, 9, 1
1434, 10, 1, 20, 10, 1
1434, 10, 1, 20, 11, 1
1434, 10, 1, 20, 12, 1
1434, 10, 1, 20, 13, 1
1434, 10, 1, 20, 14, 1
1434, 10, 1, 20, 24, 1
1434, 10, 1, 20, 54, 1
1434, 10, 1, 20, 55, 1
1434, 10, 1, 20, 56, 1
1434, 10, 1, 20, 57, 1
1434, 10, 1, 20, 58, 1
1434, 10, 1, 20, 59, 1
1434, 10, 1, 20, 60, 1
1434, 10, 1, 20, 61, 1
1434, 10, 1, 20, 62, 1
1434, 10, 1, 20, 63, 1
1434, 10, 1, 21, 6, 1
1434, 10, 1, 21, 7, 1
1434, 10, 1, 21, 8, 1
1434, 10, 1, 21, 9, 1
1434, 10, 1, 21, 10, 1
1434, 10, 1, 21, 11, 1
1434, 10, 1, 21, 12, 1
1434, 10, 1, 21, 13, 1
1434, 10, 1, 21, 55, 1
1434, 10, 1, 21, 56, 1
1434, 10, 1, 21, 57, 1
1434, 10, 1, 21, 58, 1
1434, 10, 1, 21, 59, 1
1434, 10, 1, 21, 60, 1
1434, 10, 1, 21, 61, 1
1434, 10, 1, 21, 62, 1
1434, 10, 1, 22, 5, 1
1434, 10, 1, 22, 6, 1
1434, 10, 1, 22, 7, 1
1434, 10, 1, 22, 8, 1
1434, 10, 1, 22, 9, 1
1434, 10, 1, 22, 10, 1
1434, 10, 1, 22, 11, 1
1434, 10, 1, 22, 12, 1
1434, 10, 1, 22, 13, 1
1434, 10, 1, 22, 25, 1
1434, 10, 1, 22, 55, 1
1434, 10, 1, 22, 56, 1
1434, 10, 1, 22, 57, 1
1434, 10, 1, 22, 58, 1
1434, 10, 1, 22, 59, 1
1434, 10, 1, 22, 60, 1
1434, 10, 1, 22, 61, 1
1434, 10, 1, 22, 62, 1
1434, 10, 1, 23, 4, 1
1434, 10, 1, 23, 5, 1
1434, 10, 1, 23, 6, 1
1434, 10, 1, 23, 7, 1
1434, 10, 1, 23, 8, 1
1434, 10, 1, 23, 9, 1
1434, 10, 1, 23, 10, 1
1434, 10, 1, 23, 11, 1
1434, 10, 1, 23, 25, 1
1434, 10, 1, 23, 26, 1
1434, 10, 1, 23, 27, 1
1434, 10, 1, 23, 31, 1
1434, 10, 1, 23, 56, 1
1434, 10, 1, 23, 57, 1
1434, 10, 1, 23, 58, 1
1434, 10, 1, 23, 59, 1
1434, 10, 1, 23, 60, 1
1434, 10, 1, 23, 61, 1
1434, 10, 1, 24, 4, 1
1434, 10, 1, 24, 5, 1
1434, 10, 1, 24, 6, 1
1434, 10, 1, 24, 7, 1
1434, 10, 1, 24, 8, 1
1434, 10, 1, 24, 9, 1
1434, 10, 1, 24, 10, 1
1434, 10, 1, 24, 24, 1
1434, 10, 1, 24, 25, 1
1434, 10, 1, 24, 26, 1
1434, 10, 1, 24, 27, 1
1434, 10, 1, 24, 28, 1
1434, 10, 1, 24, 29, 1
1434, 10, 1, 24, 30, 1
1434, 10, 1, 24, 31, 1
1434, 10, 1, 24, 32, 1
1434, 10, 1, 24, 33, 1
1434, 10, 1, 24, 56, 1
1434, 10, 1, 24, 57, 1
1434, 10, 1, 24, 58, 1
1434, 10, 1, 24, 59, 1
1434, 10, 1, 24, 60, 1
1434, 10, 1, 24, 61, 1
1434, 10, 1, 25, 3, 1
1434, 10, 1, 25, 4, 1
1434, 10, 1, 25, 5, 1
1434, 10, 1, 25, 6, 1
1434, 10, 1, 25, 7, 1
1434, 10, 1, 25, 8, 1
1434, 10, 1, 25, 9, 1
1434, 10, 1, 25, 10, 1
1434, 10, 1, 25, 24, 1
1434, 10, 1, 25, 25, 1
1434, 10, 1, 25, 26, 1
1434, 10, 1, 25, 27, 1
1434, 10, 1, 25, 28, 1
1434, 10, 1, 25, 29, 1
1434, 10, 1, 25, 30, 1
1434, 10, 1, 25, 31, 1
1434, 10, 1, 25, 32, 1
1434, 10, 1, 25, 33, 1
1434, 10, 1, 25, 34, 1
1434, 10, 1, 25, 35, 1
1434, 10, 1, 25, 39, 1
1434, 10, 1, 25, 47, 1
1434, 10, 1, 25, 56, 1
1434, 10, 1, 25, 57, 1
1434, 10, 1, 25, 58, 1
1434, 10, 1, 25, 59, 1
1434, 10, 1, 25, 60, 1
1434, 10, 1, 26, 3, 1
1434, 10, 1, 26, 4, 1
1434, 10, 1, 26, 5, 1
1434, 10, 1, 26, 6, 1
1434, 10, 1, 26, 7, 1
1434, 10, 1, 26, 8, 1
1434, 10, 1, 26, 23, 1
1434, 10, 1, 26, 24, 1
1434, 10, 1, 26, 25, 1
1434, 10, 1, 26, 26, 1
1434, 10, 1, 26, 27, 1
1434, 10, 1, 26, 28, 1
1434, 10, 1, 26, 29, 1
1434, 10, 1, 26, 30, 1
1434, 10, 1, 26, 31, 1
1434, 10, 1, 26, 32, 1
1434, 10, 1, 26, 33, 1
1434, 10, 1, 26, 34, 1
1434, 10, 1, 26, 35, 1
1434, 10, 1, 26, 36, 1
1434, 10, 1, 26, 37, 1
1434, 10, 1, 26, 38, 1
1434, 10, 1, 26, 39, 1
1434, 10, 1, 26, 40, 1
1434, 10, 1, 26, 41, 1
1434, 10, 1, 26, 45, 1
1434, 10, 1, 26, 46, 1
1434, 10, 1, 26, 47, 1
1434, 10, 1, 26, 48, 1
1434, 10, 1, 26, 49, 1
1434, 10, 1, 26, 55, 1
1434, 10, 1, 26, 56, 1
1434, 10, 1, 26, 57, 1
1434, 10, 1, 26, 58, 1
1434, 10, 1, 26, 59, 1
1434, 10, 1, 26, 60, 1
1434, 10, 1, 27, 3, 1
1434, 10, 1, 27, 4, 1
1434, 10, 1, 27, 5, 1
1434, 10, 1, 27, 6, 1
1434, 10, 1, 27, 7, 1
1434, 10, 1, 27, 21, 1
1434, 10, 1, 27, 22, 1
1434, 10, 1, 27, 23, 1
1434, 10, 1, 27, 24, 1
1434, 10, 1, 27, 25, 1
1434, 10, 1, 27, 26, 1
1434, 10, 1, 27, 27, 1
1434, 10, 1, 27, 28, 1
1434, 10, 1, 27, 29, 1
1434, 10, 1, 27, 30, 1
1434, 10, 1, 27, 31, 1
1434, 10, 1, 27, 32, 1
1434, 10, 1, 27, 33, 1
1434, 10, 1, 27, 34, 1
1434, 10, 1, 27, 35, 1
1434, 10, 1, 27, 36, 1
1434, 10, 1, 27, 37, 1
1434, 10, 1, 27, 38, 1
1434, 10, 1, 27, 39, 1
1434, 10, 1, 27, 43, 1
1434, 10, 1, 27, 44, 1
1434, 10, 1, 27, 45, 1
1434, 10, 1, 27, 46, 1
1434, 10, 1, 27, 47, 1
1434, 10, 1, 27, 48, 1
1434, 10, 1, 27, 49, 1
1434, 10, 1, 27, 50, 1
1434, 10, 1, 27, 53, 1
1434, 10, 1, 27, 54, 1
1434, 10, 1, 27, 55, 1
1434, 10, 1, 27, 56, 1
1434, 10, 1, 27, 57, 1
1434, 10, 1, 27, 58, 1
1434, 10, 1, 27, 59, 1
1434, 10, 1, 27, 60, 1
1434, 10, 1, 28, 3, 1
1434, 10, 1, 28, 4, 1
1434, 10, 1, 28, 5, 1
1434, 10, 1, 28, 6, 1
1434, 10, 1, 28, 7, 1
1434, 10, 1, 28, 21, 1
1434, 10, 1, 28, 22, 1
1434, 10, 1, 28, 23, 1
1434, 10, 1, 28, 24, 1
1434, 10, 1, 28, 25, 1
1434, 10, 1, 28, 26, 1
1434, 10, 1, 28, 27, 1
1434, 10, 1, 28, 28, 1
1434, 10, 1, 28, 29, 1
1434, 10, 1, 28, 30, 1
1434, 10, 1, 28, 31, 1
1434, 10, 1, 28, 32, 1
1434, 10, 1, 28, 33, 1
1434, 10, 1, 28, 34, 1
1434, 10, 1, 28, 35, 1
1434, 10, 1, 28, 36, 1
1434, 10, 1, 28, 37, 1
1434, 10, 1, 28, 38, 1
1434, 10, 1, 28, 45, 1
1434, 10, 1, 28, 46, 1
1434, 10, 1, 28, 47, 1
1434, 10, 1, 28, 48, 1
1434, 10, 1, 28, 49, 1
1434, 10, 1, 28, 53, 1
1434, 10, 1, 28, 54, 1
1434, 10, 1, 28, 55, 1
1434, 10, 1, 28, 56, 1
1434, 10, 1, 28, 57, 1
1434, 10, 1, 28, 58, 1
1434, 10, 1, 28, 59, 1
1434, 10, 1, 28, 60, 1
1434, 10, 1, 29, 2, 1
1434, 10, 1, 29, 3, 1
1434, 10, 1, 29, 4, 1
1434, 10, 1, 29, 5, 1
1434, 10, 1, 29, 6, 1
1434, 10, 1, 29, 20, 1
1434, 10, 1, 29, 21, 1
1434, 10, 1, 29, 22, 1
1434, 10, 1, 29, 23, 1
1434, 10, 1, 29, 24, 1
1434, 10, 1, 29, 25, 1
1434, 10, 1, 29, 26, 1
1434, 10, 1, 29, 27, 1
1434, 10, 1, 29, 28, 1
1434, 10, 1, 29, 29, 1
1434, 10, 1, 29, 30, 1
1434, 10, 1, 29, 31, 1
1434, 10, 1, 29, 32, 1
1434, 10, 1, 29, 33, 1
1434, 10, 1, 29, 34, 1
1434, 10, 1, 29, 35, 1
1434, 10, 1, 29, 36, 1
1434, 10, 1, 29, 37, 1
1434, 10, 1, 29, 38, 1
1434, 10, 1, 29, 47, 1
1434, 10, 1, 29, 54, 1
1434, 10, 1, 29, 55, 1
1434, 10, 1, 29, 56, 1
1434, 10, 1, 29, 57, 1
1434, 10, 1, 29, 58, 1
1434, 10, 1, 29, 59, 1
1434, 10, 1, 29, 60, 1
1434, 10, 1, 30, 2, 1
1434, 10, 1, 30, 3, 1
1434, 10, 1, 30, 4, 1
1434, 10, 1, 30, 5, 1
1434, 10, 1, 30, 6, 1
1434, 10, 1, 30, 20, 1
1434, 10, 1, 30, 21, 1
1434, 10, 1, 30, 22, 1
1434, 10, 1, 30, 23, 1
1434, 10, 1, 30, 24, 1
1434, 10, 1, 30, 25, 1
1434, 10, 1, 30, 26, 1
1434, 10, 1, 30, 27, 1
1434, 10, 1, 30, 28, 1
1434, 10, 1, 30, 29, 1
1434, 10, 1, 30, 30, 1
1434, 10, 1, 30, 31, 1
1434, 10, 1, 30, 32, 1
1434, 10, 1, 30, 33, 1
1434, 10, 1, 30, 34, 1
1434, 10, 1, 30, 35, 1
1434, 10, 1, 30, 36, 1
1434, 10, 1, 30, 37, 1
1434, 10, 1, 30, 38, 1
1434, 10, 1, 30, 54, 1
1434, 10, 1, 30, 55, 1
1434, 10, 1, 30, 56, 1
1434, 10, 1, 30, 57, 1
1434, 10, 1, 30, 58, 1
1434, 10, 1, 30, 59, 1
1434, 10, 1, 30, 60, 1
1434, 10, 1, 31, 2, 1
1434, 10, 1, 31, 3, 1
1434, 10, 1, 31, 4, 1
1434, 10, 1, 31, 5, 1
1434, 10, 1, 31, 19, 1
1434, 10, 1, 31, 20, 1
1434, 10, 1, 31, 21, 1
1434, 10, 1, 31, 22, 1
1434, 10, 1, 31, 23, 1
1434, 10, 1, 31, 24, 1
1434, 10, 1, 31, 25, 1
1434, 10, 1, 31, 26, 1
1434, 10, 1, 31, 27, 1
1434, 10, 1, 31, 28, 1
1434, 10, 1, 31, 29, 1
1434, 10, 1, 31, 30, 1
1434, 10, 1, 31, 31, 1
1434, 10, 1, 31, 32, 1
1434, 10, 1, 31, 33, 1
1434, 10, 1, 31, 34, 1
1434, 10, 1, 31, 35, 1
1434, 10, 1, 31, 39, 1
1434, 10, 1, 31, 54, 1
1434, 10, 1, 31, 55, 1
1434, 10, 1, 31, 56, 1
1434, 10, 1, 31, 57, 1
1434, 10, 1, 31, 58, 1
1434, 10, 1, 31, 59, 1
1434, 10, 1, 31, 60, 1
1434, 10, 1, 32, 2, 1
1434, 10, 1, 32, 3, 1
1434, 10, 1, 32, 4, 1
1434, 10, 1, 32, 5, 1
1434, 10, 1, 32, 19, 1
1434, 10, 1, 32, 20, 1
1434, 10, 1, 32, 21, 1
1434, 10, 1, 32, 22, 1
1434, 10, 1, 32, 23, 1
1434, 10, 1, 32, 24, 1
1434, 10, 1, 32, 25, 1
1434, 10, 1, 32, 26, 1
1434, 10, 1, 32, 27, 1
1434, 10, 1, 32, 28, 1
1434, 10, 1, 32, 29, 1
1434, 10, 1, 32, 30, 1
1434, 10, 1, 32, 31, 1
1434, 10, 1, 32, 32, 1
1434, 10, 1, 32, 33, 1
1434, 10, 1, 32, 53, 1
1434, 10, 1, 32, 54, 1
1434, 10, 1, 32, 55, 1
1434, 10, 1, 32, 56, 1
1434, 10, 1, 32, 57, 1
1434, 10, 1, 32, 58, 1
1434, 10, 1, 32, 59, 1
1434, 10, 1, 32, 60, 1
1434, 10, 1, 33, 2, 1
1434, 10, 1, 33, 3, 1
1434, 10, 1, 33, 4, 1
1434, 10, 1, 33, 18, 1
1434, 10, 1, 33, 19, 1
1434, 10, 1, 33, 20, 1
1434, 10, 1, 33, 21, 1
1434, 10, 1, 33, 22, 1
1434, 10, 1, 33, 23, 1
1434, 10, 1, 33, 24, 1
1434, 10, 1, 33, 25, 1
1434, 10, 1, 33, 26, 1
1434, 10, 1, 33, 27, 1
1434, 10, 1, 33, 28, 1
1434, 10, 1, 33, 29, 1
1434, 10, 1, 33, 30, 1
1434, 10, 1, 33, 31, 1
1434, 10, 1, 33, 51, 1
1434, 10, 1, 33, 52, 1
1434, 10, 1, 33, 53, 1
1434, 10, 1, 33, 54, 1
1434, 10, 1, 33, 55, 1
1434, 10, 1, 33, 56, 1
1434, 10, 1, 33, 57, 1
1434, 10, 1, 33, 58, 1
1434, 10, 1, 33, 59, 1
1434, 10, 1, 33, 60, 1
1434, 10, 1, 34, 1, 1
1434, 10, 1, 34, 2, 1
1434, 10, 1, 34, 3, 1
1434, 10, 1, 34, 4, 1
1434, 10, 1, 34, 16, 1
1434, 10, 1, 34, 17, 1
1434, 10, 1, 34, 18, 1
1434, 10, 1, 34, 19, 1
1434, 10, 1, 34, 20, 1
1434, 10, 1, 34, 21, 1
1434, 10, 1, 34, 22, 1
1434, 10, 1, 34, 23, 1
1434, 10, 1, 34, 24, 1
1434, 10, 1, 34, 25, 1
1434, 10, 1, 34, 26, 1
1434, 10, 1, 34, 27, 1
1434, 10, 1, 34, 28, 1
1434, 10, 1, 34, 29, 1
1434, 10, 1, 34, 51, 1
1434, 10, 1, 34, 52, 1
1434, 10, 1, 34, 53, 1
1434, 10, 1, 34, 54, 1
1434, 10, 1, 34, 55, 1
1434, 10, 1, 34, 56, 1
1434, 10, 1, 34, 57, 1
1434, 10, 1, 34, 58, 1
1434, 10, 1, 34, 59, 1
1434, 10, 1, 34, 60, 1
1434, 10, 1, 35, 1, 1
1434, 10, 1, 35, 2, 1
1434, 10, 1, 35, 3, 1
1434, 10, 1, 35, 4, 1
1434, 10, 1, 35, 14, 1
1434, 10, 1, 35, 15, 1
1434, 10, 1, 35, 16, 1
1434, 10, 1, 35, 17, 1
1434, 10, 1, 35, 18, 1
1434, 10, 1, 35, 19, 1
1434, 10, 1, 35, 20, 1
1434, 10, 1, 35, 21, 1
1434, 10, 1, 35, 22, 1
1434, 10, 1, 35, 23, 1
1434, 10, 1, 35, 24, 1
1434, 10, 1, 35, 25, 1
1434, 10, 1, 35, 26, 1
1434, 10, 1, 35, 27, 1
1434, 10, 1, 35, 50, 1
1434, 10, 1, 35, 51, 1
1434, 10, 1, 35, 52, 1
1434, 10, 1, 35, 53, 1
1434, 10, 1, 35, 54, 1
1434, 10, 1, 35, 55, 1
1434, 10, 1, 35, 56, 1
1434, 10, 1, 35, 57, 1
1434, 10, 1, 35, 58, 1
1434, 10, 1, 35, 59, 1
1434, 10, 1, 35, 60, 1
1434, 10, 1, 35, 61, 1
1434, 10, 1, 36, 2, 1
1434, 10, 1, 36, 3, 1
1434, 10, 1, 36, 4, 1
1434, 10, 1, 36, 5, 1
1434, 10, 1, 36, 14, 1
1434, 10, 1, 36, 15, 1
1434, 10, 1, 36, 16, 1
1434, 10, 1, 36, 17, 1
1434, 10, 1, 36, 18, 1
1434, 10, 1, 36, 19, 1
1434, 10, 1, 36, 20, 1
1434, 10, 1, 36, 21, 1
1434, 10, 1, 36, 22, 1
1434, 10, 1, 36, 23, 1
1434, 10, 1, 36, 24, 1
1434, 10, 1, 36, 25, 1
1434, 10, 1, 36, 52, 1
1434, 10, 1, 36, 53, 1
1434, 10, 1, 36, 54, 1
1434, 10, 1, 36, 55, 1
1434, 10, 1, 36, 56, 1
1434, 10, 1, 36, 57, 1
1434, 10, 1, 36, 58, 1
1434, 10, 1, 36, 59, 1
1434, 10, 1, 36, 60, 1
1434, 10, 1, 36, 61, 1
1434, 10, 1, 37, 2, 1
1434, 10, 1, 37, 3, 1
1434, 10, 1, 37, 4, 1
1434, 10, 1, 37, 5, 1
1434, 10, 1, 37, 13, 1
1434, 10, 1, 37, 14, 1
1434, 10, 1, 37, 15, 1
1434, 10, 1, 37, 16, 1
1434, 10, 1, 37, 17, 1
1434, 10, 1, 37, 18, 1
1434, 10, 1, 37, 19, 1
1434, 10, 1, 37, 20, 1
1434, 10, 1, 37, 21, 1
1434, 10, 1, 37, 22, 1
1434, 10, 1, 37, 23, 1
1434, 10, 1, 37, 24, 1
1434, 10, 1, 37, 53, 1
1434, 10, 1, 37, 54, 1
1434, 10, 1, 37, 55, 1
1434, 10, 1, 37, 56, 1
1434, 10, 1, 37, 57, 1
1434, 10, 1, 37, 58, 1
1434, 10, 1, 37, 59, 1
1434, 10, 1, 37, 60, 1
1434, 10, 1, 37, 61, 1
1434, 10, 1, 38, 2, 1
1434, 10, 1, 38, 3, 1
1434, 10, 1, 38, 4, 1
1434, 10, 1, 38, 5, 1
1434, 10, 0, 38, 6, 1
1434, 10, 1, 38, 10, 1
1434, 10, 1, 38, 11, 1
1434, 10, 1, 38, 12, 1
1434, 10, 1, 38, 13, 1
1434, 10, 1, 38, 14, 1
1434, 10, 1, 38, 15, 1
1434, 10, 1, 38, 16, 1
1434, 10, 1, 38, 17, 1
1434, 10, 1, 38, 18, 1
1434, 10, 1, 38, 19, 1
1434, 10, 1, 38, 20, 1
1434, 10, 1, 38, 21, 1
1434, 10, 1, 38, 22, 1
1434, 10, 1, 38, 23, 1
1434, 10, 1, 38, 24, 1
1434, 10, 1, 38, 38, 1
1434, 10, 1, 38, 42, 1
1434, 10, 1, 38, 53, 1
1434, 10, 1, 38, 54, 1
1434, 10, 1, 38, 55, 1
1434, 10, 1, 38, 56, 1
1434, 10, 1, 38, 57, 1
1434, 10, 1, 38, 58, 1
1434, 10, 1, 38, 59, 1
1434, 10, 1, 38, 60, 1
1434, 10, 1, 38, 61, 1
1434, 10, 1, 38, 62, 1
1434, 10, 1, 39, 3, 1
1434, 10, 1, 39, 4, 1
1434, 10, 1, 39, 5, 1
1434, 10, 1, 39, 6, 1
1434, 10, 1, 39, 7, 1
1434, 10, 1, 39, 8, 1
1434, 10, 1, 39, 9, 1
1434, 10, 1, 39, 10, 1
1434, 10, 1, 39, 11, 1
1434, 10, 1, 39, 12, 1
1434, 10, 1, 39, 13, 1
1434, 10, 1, 39, 14, 1
1434, 10, 1, 39, 15, 1
1434, 10, 1, 39, 16, 1
1434, 10, 1, 39, 17, 1
1434, 10, 1, 39, 18, 1
1434, 10, 1, 39, 19, 1
1434, 10, 1, 39, 20, 1
1434, 10, 1, 39, 21, 1
1434, 10, 1, 39, 22, 1
1434, 10, 1, 39, 23, 1
1434, 10, 1, 39, 36, 1
1434, 10, 1, 39, 37, 1
1434, 10, 1, 39, 38, 1
1434, 10, 1, 39, 39, 1
1434, 10, 1, 39, 40, 1
1434, 10, 1, 39, 41, 1
1434, 10, 1, 39, 55, 1
1434, 10, 1, 39, 56, 1
1434, 10, 1, 39, 57, 1
1434, 10, 1, 39, 58, 1
1434, 10, 1, 39, 59, 1
1434, 10, 1, 39, 60, 1
1434, 10, 1, 39, 61, 1
1434, 10, 1, 39, 62, 1
1434, 10, 1, 40, 3, 1
1434, 10, 1, 40, 4, 1
1434, 10, 1, 40, 5, 1
1434, 10, 1, 40, 6, 1
1434, 10, 1, 40, 7, 1
1434, 10, 1, 40, 8, 1
1434, 10, 1, 40, 9, 1
1434, 10, 1, 40, 10, 1
1434, 10, 1, 40, 11, 1
1434, 10, 1, 40, 12, 1
1434, 10, 1, 40, 13, 1
1434, 10, 1, 40, 14, 1
1434, 10, 1, 40, 15, 1
1434, 10, 1, 40, 16, 1
1434, 10, 1, 40, 17, 1
1434, 10, 1, 40, 18, 1
1434, 10, 1, 40, 19, 1
1434, 10, 1, 40, 20, 1
1434, 10, 1, 40, 21, 1
1434, 10, 1, 40, 22, 1
1434, 10, 1, 40, 36, 1
1434, 10, 1, 40, 37, 1
1434, 10, 1, 40, 38, 1
1434, 10, 1, 40, 39, 1
1434, 10, 1, 40, 40, 1
1434, 10, 1, 40, 41, 1
1434, 10, 1, 40, 56, 1
1434, 10, 1, 40, 57, 1
1434, 10, 1, 40, 58, 1
1434, 10, 1, 40, 59, 1
1434, 10, 1, 40, 60, 1
1434, 10, 1, 40, 61, 1
1434, 10, 1, 40, 62, 1
1434, 10, 1, 41, 4, 1
1434, 10, 1, 41, 5, 1
1434, 10, 1, 41, 6, 1
1434, 10, 1, 41, 7, 1
1434, 10, 1, 41, 8, 1
1434, 10, 1, 41, 9, 1
1434, 10, 1, 41, 10, 1
1434, 10, 1, 41, 11, 1
1434, 10, 1, 41, 12, 1
1434, 10, 1, 41, 13, 1
1434, 10, 1, 41, 14, 1
1434, 10, 1, 41, 15, 1
1434, 10, 1, 41, 16, 1
1434, 10, 1, 41, 17, 1
1434, 10, 1, 41, 18, 1
1434, 10, 1, 41, 19, 1
1434, 10, 1, 41, 20, 1
1434, 10, 1, 41, 21, 1
1434, 10, 1, 41, 35, 1
1434, 10, 1, 41, 36, 1
1434, 10, 1, 41, 37, 1
1434, 10, 1, 41, 38, 1
1434, 10, 1, 41, 39, 1
1434, 10, 1, 41, 40, 1
1434, 10, 1, 41, 56, 1
1434, 10, 1, 41, 57, 1
1434, 10, 1, 41, 58, 1
1434, 10, 1, 41, 59, 1
1434, 10, 1, 41, 60, 1
1434, 10, 1, 41, 61, 1
1434, 10, 1, 41, 62, 1
1434, 10, 1, 41, 63, 1
1434, 10, 1, 42, 4, 1
1434, 10, 1, 42, 5, 1
1434, 10, 1, 42, 6, 1
1434, 10, 1, 42, 7, 1
1434, 10, 1, 42, 8, 1
1434, 10, 1, 42, 9, 1
1434, 10, 1, 42, 10, 1
1434, 10, 1, 42, 11, 1
1434, 10, 1, 42, 12, 1
1434, 10, 1, 42, 13, 1
1434, 10, 1, 42, 14, 1
1434, 10, 1, 42, 15, 1
1434, 10, 1, 42, 16, 1
1434, 10, 1, 42, 17, 1
1434, 10, 1, 42, 18, 1
1434, 10, 1, 42, 19, 1
1434, 10, 1, 42, 20, 1
1434, 10, 1, 42, 21, 1
1434, 10, 1, 42, 33, 1
1434, 10, 1, 42, 34, 1
1434, 10, 1, 42, 35, 1
1434, 10, 1, 42, 36, 1
1434, 10, 1, 42, 37, 1
1434, 10, 1, 42, 38, 1
1434, 10, 1, 42, 39, 1
1434, 10, 1, 42, 40, 1
1434, 10, 1, 42, 57, 1
1434, 10, 1, 42, 58, 1
1434, 10, 1, 42, 59, 1
1434, 10, 1, 42, 60, 1
1434, 10, 1, 42, 61, 1
1434, 10, 1, 42, 62, 1
1434, 10, 1, 42, 63, 1
1434, 10, 1, 43, 5, 1
1434, 10, 1, 43, 6, 1
1434, 10, 1, 43, 7, 1
1434, 10, 1, 43, 8, 1
1434, 10, 1, 43, 9, 1
1434, 10, 1, 43, 10, 1
1434, 10, 1, 43, 11, 1
1434, 10, 1, 43, 12, 1
1434, 10, 1, 43, 13, 1
1434, 10, 1, 43, 14, 1
1434, 10, 1, 43, 15, 1
1434, 10, 1, 43, 16, 1
1434, 10, 1, 43, 17, 1
1434, 10, 1, 43, 18, 1
1434, 10, 1, 43, 19, 1
1434, 10, 1, 43, 20, 1
1434, 10, 1, 43, 31, 1
1434, 10, 1, 43, 32, 1
1434, 10, 1, 43, 33, 1
1434, 10, 1, 43, 34, 1
1434, 10, 1, 43, 35, 1
1434, 10, 1, 43, 36, 1
1434, 10, 1, 43, 37, 1
1434, 10, 1, 43, 38, 1
1434, 10, 1, 43, 39, 1
1434, 10, 1, 43, 57, 1
1434, 10, 1, 43, 58, 1
1434, 10, 1, 43, 59, 1
1434, 10, 1, 43, 60, 1
1434, 10, 1, 43, 61, 1
1434, 10, 1, 43, 62, 1
1434, 10, 1, 43, 63, 1
1434, 10, 1, 44, 7, 1
1434, 10, 1, 44, 8, 1
1434, 10, 1, 44, 9, 1
1434, 10, 1, 44, 10, 1
1434, 10, 1, 44, 11, 1
1434, 10, 1, 44, 12, 1
1434, 10, 1, 44, 13, 1
1434, 10, 1, 44, 14, 1
1434, 10, 1, 44, 15, 1
1434, 10, 1, 44, 16, 1
1434, 10, 1, 44, 17, 1
1434, 10, 1, 44, 18, 1
1434, 10, 1, 44, 19, 1
1434, 10, 1, 44, 20, 1
1434, 10, 1, 44, 29, 1
1434, 10, 1, 44, 30, 1
1434, 10, 1, 44, 31, 1
1434, 10, 1, 44, 32, 1
1434, 10, 1, 44, 33, 1
1434, 10, 1, 44, 34, 1
1434, 10, 1, 44, 35, 1
1434, 10, 1, 44, 36, 1
1434, 10, 1, 44, 37, 1
1434, 10, 1, 44, 38, 1
1434, 10, 1, 44, 39, 1
1434, 10, 1, 44, 58, 1
1434, 10, 1, 44, 59, 1
1434, 10, 1, 44, 60, 1
1434, 10, 1, 44, 61, 1
1434, 10, 1, 44, 62, 1
1434, 10, 1, 44, 63, 1
1434, 10, 1, 45, 10, 1
1434, 10, 1, 45, 11, 1
1434, 10, 1, 45, 12, 1
1434, 10, 1, 45, 13, 1
1434, 10, 1, 45, 14, 1
1434, 10, 1, 45, 15, 1
1434, 10, 1, 45, 16, 1
1434, 10, 1, 45, 17, 1
1434, 10, 1, 45, 18, 1
1434, 10, 1, 45, 19, 1
1434, 10, 1, 45, 27, 1
1434, 10, 1, 45, 28, 1
1434, 10, 1, 45, 29, 1
1434, 10, 1, 45, 30, 1
1434, 10, 1, 45, 31, 1
1434, 10, 1, 45, 32, 1
1434, 10, 1, 45, 33, 1
1434, 10, 1, 45, 34, 1
1434, 10, 1, 45, 35, 1
1434, 10, 1, 45, 36, 1
1434, 10, 1, 45, 37, 1
1434, 10, 1, 45, 38, 1
1434, 10, 1, 45, 39, 1
1434, 10, 1, 45, 48, 1
1434, 10, 1, 45, 58, 1
1434, 10, 1, 45, 59, 1
1434, 10, 1, 45, 60, 1
1434, 10, 1, 45, 61, 1
1434, 10, 1, 45, 62, 1
1434, 10, 1, 45, 63, 1
1434, 10, 1, 46, 11, 1
1434, 10, 1, 46, 12, 1
1434, 10, 1, 46, 13, 1
1434, 10, 1, 46, 14, 1
1434, 10, 1, 46, 15, 1
1434, 10, 1, 46, 16, 1
1434, 10, 1, 46, 17, 1
1434, 10, 1, 46, 18, 1
1434, 10, 1, 46, 19, 1
1434, 10, 1, 46, 28, 1
1434, 10, 1, 46, 29, 1
1434, 10, 1, 46, 30, 1
1434, 10, 1, 46, 31, 1
1434, 10, 1, 46, 32, 1
1434, 10, 1, 46, 33, 1
1434, 10, 1, 46, 34, 1
1434, 10, 1, 46, 35, 1
1434, 10, 1, 46, 36, 1
1434, 10, 1, 46, 37, 1
1434, 10, 1, 46, 38, 1
1434, 10, 1, 46, 39, 1
1434, 10, 1, 46, 40, 1
1434, 10, 1, 46, 48, 1
1434, 10, 1, 46, 59, 1
1434, 10, 1, 46, 60, 1
1434, 10, 1, 46, 61, 1
1434, 10, 1, 46, 62, 1
1434, 10, 1, 46, 63, 1
1434, 10, 1, 47, 11, 1
1434, 10, 1, 47, 12, 1
1434, 10, 1, 47, 13, 1
1434, 10, 1, 47, 14, 1
1434, 10, 1, 47, 15, 1
1434, 10, 1, 47, 16, 1
1434, 10, 1, 47, 17, 1
1434, 10, 1, 47, 28, 1
1434, 10, 1, 47, 29, 1
1434, 10, 1, 47, 30, 1
1434, 10, 1, 47, 31, 1
1434, 10, 1, 47, 32, 1
1434, 10, 1, 47, 33, 1
1434, 10, 1, 47, 34, 1
1434, 10, 1, 47, 35, 1
1434, 10, 1, 47, 36, 1
1434, 10, 1, 47, 37, 1
1434, 10, 1, 47, 38, 1
1434, 10, 1, 47, 47, 1
1434, 10, 1, 47, 48, 1
1434, 10, 1, 47, 49, 1
1434, 10, 1, 47, 59, 1
1434, 10, 1, 47, 60, 1
1434, 10, 1, 47, 61, 1
1434, 10, 1, 47, 62, 1
1434, 10, 1, 47, 63, 1
1434, 10, 1, 48, 11, 1
1434, 10, 1, 48, 12, 1
1434, 10, 1, 48, 13, 1
1434, 10, 1, 48, 14, 1
1434, 10, 1, 48, 15, 1
1434, 10, 1, 48, 16, 1
1434, 10, 1, 48, 29, 1
1434, 10, 1, 48, 30, 1
1434, 10, 1, 48, 31, 1
1434, 10, 1, 48, 32, 1
1434, 10, 1, 48, 33, 1
1434, 10, 1, 48, 34, 1
1434, 10, 1, 48, 35, 1
1434, 10, 1, 48, 36, 1
1434, 10, 1, 48, 37, 1
1434, 10, 1, 48, 47, 1
1434, 10, 1, 48, 48, 1
1434, 10, 1, 48, 49, 1
1434, 10, 1, 48, 50, 1
1434, 10, 1, 48, 51, 1
1434, 10, 1, 48, 60, 1
1434, 10, 1, 48, 61, 1
1434, 10, 1, 48, 62, 1
1434, 10, 1, 48, 63, 1
1434, 10, 1, 49, 11, 1
1434, 10, 1, 49, 12, 1
1434, 10, 1, 49, 13, 1
1434, 10, 1, 49, 14, 1
1434, 10, 1, 49, 15, 1
1434, 10, 1, 49, 16, 1
1434, 10, 1, 49, 29, 1
1434, 10, 1, 49, 30, 1
1434, 10, 1, 49, 31, 1
1434, 10, 1, 49, 32, 1
1434, 10, 1, 49, 33, 1
1434, 10, 1, 49, 34, 1
1434, 10, 1, 49, 35, 1
1434, 10, 1, 49, 36, 1
1434, 10, 1, 49, 37, 1
1434, 10, 1, 49, 46, 1
1434, 10, 1, 49, 47, 1
1434, 10, 1, 49, 48, 1
1434, 10, 1, 49, 49, 1
1434, 10, 1, 49, 50, 1
1434, 10, 1, 49, 51, 1
1434, 10, 1, 49, 60, 1
1434, 10, 1, 49, 61, 1
1434, 10, 1, 49, 62, 1
1434, 10, 1, 49, 63, 1
1434, 10, 1, 50, 11, 1
1434, 10, 1, 50, 12, 1
1434, 10, 1, 50, 13, 1
1434, 10, 1, 50, 14, 1
1434, 10, 1, 50, 15, 1
1434, 10, 1, 50, 16, 1
1434, 10, 1, 50, 29, 1
1434, 10, 1, 50, 30, 1
1434, 10, 1, 50, 31, 1
1434, 10, 1, 50, 32, 1
1434, 10, 1, 50, 33, 1
1434, 10, 1, 50, 34, 1
1434, 10, 1, 50, 35, 1
1434, 10, 1, 50, 44, 1
1434, 10, 1, 50, 45, 1
1434, 10, 1, 50, 46, 1
1434, 10, 1, 50, 47, 1
1434, 10, 1, 50, 48, 1
1434, 10, 1, 50, 49, 1
1434, 10, 1, 50, 50, 1
1434, 10, 1, 50, 51, 1
1434, 10, 1, 50, 52, 1
1434, 10, 1, 50, 61, 1
1434, 10, 1, 50, 62, 1
1434, 10, 1, 50, 63, 1
1434, 10, 1, 51, 11, 1
1434, 10, 1, 51, 12, 1
1434, 10, 1, 51, 13, 1
1434, 10, 1, 51, 14, 1
1434, 10, 1, 51, 15, 1
1434, 10, 1, 51, 16, 1
1434, 10, 1, 51, 17, 1
1434, 10, 1, 51, 28, 1
1434, 10, 1, 51, 29, 1
1434, 10, 1, 51, 30, 1
1434, 10, 1, 51, 31, 1
1434, 10, 1, 51, 32, 1
1434, 10, 1, 51, 33, 1
1434, 10, 1, 51, 34, 1
1434, 10, 1, 51, 45, 1
1434, 10, 1, 51, 46, 1
1434, 10, 1, 51, 47, 1
1434, 10, 1, 51, 48, 1
1434, 10, 1, 51, 49, 1
1434, 10, 1, 51, 50, 1
1434, 10, 1, 51, 51, 1
1434, 10, 1, 51, 52, 1
1434, 10, 1, 51, 61, 1
1434, 10, 1, 51, 62, 1
1434, 10, 1, 51, 63, 1
1434, 10, 1, 52, 11, 1
1434, 10, 1, 52, 12, 1
1434, 10, 1, 52, 13, 1
1434, 10, 1, 52, 14, 1
1434, 10, 1, 52, 15, 1
1434, 10, 1, 52, 16, 1
1434, 10, 1, 52, 17, 1
1434, 10, 1, 52, 28, 1
1434, 10, 1, 52, 29, 1
1434, 10, 1, 52, 30, 1
1434, 10, 1, 52, 31, 1
1434, 10, 1, 52, 32, 1
1434, 10, 1, 52, 33, 1
1434, 10, 1, 52, 34, 1
1434, 10, 1, 52, 45, 1
1434, 10, 1, 52, 46, 1
1434, 10, 1, 52, 47, 1
1434, 10, 1, 52, 48, 1
1434, 10, 1, 52, 49, 1
1434, 10, 1, 52, 50, 1
1434, 10, 1, 52, 51, 1
1434, 10, 1, 52, 52, 1
1434, 10, 1, 52, 53, 1
1434, 10, 1, 52, 61, 1
1434, 10, 1, 52, 62, 1
1434, 10, 1, 52, 63, 1
1434, 10, 1, 53, 11, 1
1434, 10, 1, 53, 12, 1
1434, 10, 1, 53, 13, 1
1434, 10, 1, 53, 14, 1
1434, 10, 1, 53, 15, 1
1434, 10, 1, 53, 16, 1
1434, 10, 1, 53, 17, 1
1434, 10, 1, 53, 18, 1
1434, 10, 1, 53, 27, 1
1434, 10, 1, 53, 28, 1
1434, 10, 1, 53, 29, 1
1434, 10, 1, 53, 30, 1
1434, 10, 1, 53, 31, 1
1434, 10, 1, 53, 32, 1
1434, 10, 1, 53, 33, 1
1434, 10, 1, 53, 46, 1
1434, 10, 1, 53, 47, 1
1434, 10, 1, 53, 48, 1
1434, 10, 1, 53, 49, 1
1434, 10, 1, 53, 50, 1
1434, 10, 1, 53, 51, 1
1434, 10, 1, 53, 52, 1
1434, 10, 1, 53, 53, 1
1434, 10, 1, 53, 60, 1
1434, 10, 1, 53, 61, 1
1434, 10, 1, 53, 62, 1
1434, 10, 1, 53, 63, 1
1434, 10, 1, 54, 11, 1
1434, 10, 1, 54, 12, 1
1434, 10, 1, 54, 13, 1
1434, 10, 1, 54, 14, 1
1434, 10, 1, 54, 15, 1
1434, 10, 1, 54, 16, 1
1434, 10, 1, 54, 17, 1
1434, 10, 1, 54, 18, 1
1434, 10, 1, 54, 19, 1
1434, 10, 1, 54, 20, 1
1434, 10, 1, 54, 27, 1
1434, 10, 1, 54, 28, 1
1434, 10, 1, 54, 29, 1
1434, 10, 1, 54, 30, 1
1434, 10, 1, 54, 31, 1
1434, 10, 1, 54, 32, 1
1434, 10, 1, 54, 33, 1
1434, 10, 1, 54, 46, 1
1434, 10, 1, 54, 47, 1
1434, 10, 1, 54, 48, 1
1434, 10, 1, 54, 49, 1
1434, 10, 1, 54, 50, 1
1434, 10, 1, 54, 51, 1
1434, 10, 1, 54, 52, 1
1434, 10, 1, 54, 53, 1
1434, 10, 1, 54, 54, 1
1434, 10, 1, 54, 58, 1
1434, 10, 1, 54, 59, 1
1434, 10, 1, 54, 60, 1
1434, 10, 1, 54, 61, 1
1434, 10, 1, 54, 62, 1
1434, 10, 1, 54, 63, 1
1434, 10, 1, 55, 11, 1
1434, 10, 1, 55, 12, 1
1434, 10, 1, 55, 13, 1
1434, 10, 1, 55, 14, 1
1434, 10, 1, 55, 15, 1
1434, 10, 1, 55, 16, 1
1434, 10, 1, 55, 17, 1
1434, 10, 1, 55, 18, 1
1434, 10, 1, 55, 19, 1
1434, 10, 1, 55, 20, 1
1434, 10, 1, 55, 21, 1
1434, 10, 1, 55, 22, 1
1434, 10, 1, 55, 26, 1
1434, 10, 1, 55, 27, 1
1434, 10, 1, 55, 28, 1
1434, 10, 1, 55, 29, 1
1434, 10, 1, 55, 30, 1
1434, 10, 1, 55, 31, 1
1434, 10, 1, 55, 32, 1
1434, 10, 1, 55, 33, 1
1434, 10, 1, 55, 46, 1
1434, 10, 1, 55, 47, 1
1434, 10, 1, 55, 48, 1
1434, 10, 1, 55, 49, 1
1434, 10, 1, 55, 50, 1
1434, 10, 1, 55, 51, 1
1434, 10, 1, 55, 52, 1
1434, 10, 1, 55, 53, 1
1434, 10, 1, 55, 54, 1
1434, 10, 1, 55, 55, 1
1434, 10, 1, 55, 56, 1
1434, 10, 1, 55, 57, 1
1434, 10, 1, 55, 58, 1
1434, 10, 1, 55, 59, 1
1434, 10, 1, 55, 60, 1
1434, 10, 1, 55, 61, 1
1434, 10, 1, 55, 62, 1
1434, 10, 1, 55, 63, 1
1434, 10, 1, 56, 11, 1
1434, 10, 1, 56, 12, 1
1434, 10, 1, 56, 13, 1
1434, 10, 1, 56, 14, 1
1434, 10, 1, 56, 15, 1
1434, 10, 1, 56, 16, 1
1434, 10, 1, 56, 17, 1
1434, 10, 1, 56, 18, 1
1434, 10, 1, 56, 19, 1
1434, 10, 1, 56, 20, 1
1434, 10, 1, 56, 21, 1
1434, 10, 1, 56, 22, 1
1434, 10, 1, 56, 23, 1
1434, 10, 1, 56, 24, 1
1434, 10, 1, 56, 25, 1
1434, 10, 1, 56, 26, 1
1434, 10, 1, 56, 27, 1
1434, 10, 1, 56, 28, 1
1434, 10, 1, 56, 29, 1
1434, 10, 1, 56, 30, 1
1434, 10, 1, 56, 31, 1
1434, 10, 1, 56, 32, 1
1434, 10, 1, 56, 33, 1
1434, 10, 1, 56, 34, 1
1434, 10, 1, 56, 45, 1
1434, 10, 1, 56, 46, 1
1434, 10, 1, 56, 47, 1
1434, 10, 1, 56, 48, 1
1434, 10, 1, 56, 49, 1
1434, 10, 1, 56, 50, 1
1434, 10, 1, 56, 51, 1
1434, 10, 1, 56, 52, 1
1434, 10, 1, 56, 53, 1
1434, 10, 1, 56, 54, 1
1434, 10, 1, 56, 55, 1
1434, 10, 1, 56, 56, 1
1434, 10, 1, 56, 57, 1
1434, 10, 1, 56, 58, 1
1434, 10, 1, 56, 59, 1
1434, 10, 1, 56, 60, 1
1434, 10, 1, 56, 61, 1
1434, 10, 1, 56, 62, 1
1434, 10, 1, 56, 63, 1
1434, 10, 1, 57, 11, 1
1434, 10, 1, 57, 12, 1
1434, 10, 1, 57, 13, 1
1434, 10, 1, 57, 14, 1
1434, 10, 1, 57, 15, 1
1434, 10, 1, 57, 16, 1
1434, 10, 1, 57, 17, 1
1434, 10, 1, 57, 18, 1
1434, 10, 1, 57, 19, 1
1434, 10, 1, 57, 20, 1
1434, 10, 1, 57, 21, 1
1434, 10, 1, 57, 22, 1
1434, 10, 1, 57, 23, 1
1434, 10, 1, 57, 24, 1
1434, 10, 1, 57, 25, 1
1434, 10, 1, 57, 26, 1
1434, 10, 1, 57, 27, 1
1434, 10, 1, 57, 28, 1
1434, 10, 1, 57, 29, 1
1434, 10, 1, 57, 30, 1
1434, 10, 1, 57, 31, 1
1434, 10, 1, 57, 32, 1
1434, 10, 1, 57, 33, 1
1434, 10, 1, 57, 34, 1
1434, 10, 1, 57, 45, 1
1434, 10, 1, 57, 46, 1
1434, 10, 1, 57, 47, 1
1434, 10, 1, 57, 48, 1
1434, 10, 1, 57, 49, 1
1434, 10, 1, 57, 50, 1
1434, 10, 1, 57, 51, 1
1434, 10, 1, 57, 52, 1
1434, 10, 1, 57, 53, 1
1434, 10, 1, 57, 54, 1
1434, 10, 1, 57, 55, 1
1434, 10, 1, 57, 56, 1
1434, 10, 1, 57, 57, 1
1434, 10, 1, 57, 58, 1
1434, 10, 1, 57, 59, 1
1434, 10, 1, 57, 60, 1
1434, 10, 1, 57, 61, 1
1434, 10, 1, 57, 62, 1
1434, 10, 1, 57, 63, 1
1434, 10, 1, 58, 11, 1
1434, 10, 1, 58, 12, 1
1434, 10, 1, 58, 13, 1
1434, 10, 1, 58, 14, 1
1434, 10, 1, 58, 15, 1
1434, 10, 1, 58, 16, 1
1434, 10, 1, 58, 17, 1
1434, 10, 1, 58, 18, 1
1434, 10, 1, 58, 19, 1
1434, 10, 1, 58, 20, 1
1434, 10, 1, 58, 21, 1
1434, 10, 1, 58, 22, 1
1434, 10, 1, 58, 23, 1
1434, 10, 1, 58, 24, 1
1434, 10, 1, 58, 25, 1
1434, 10, 1, 58, 26, 1
1434, 10, 1, 58, 27, 1
1434, 10, 1, 58, 28, 1
1434, 10, 1, 58, 29, 1
1434, 10, 1, 58, 30, 1
1434, 10, 1, 58, 31, 1
1434, 10, 1, 58, 32, 1
1434, 10, 1, 58, 33, 1
1434, 10, 1, 58, 34, 1
1434, 10, 1, 58, 35, 1
1434, 10, 1, 58, 44, 1
1434, 10, 1, 58, 45, 1
1434, 10, 1, 58, 46, 1
1434, 10, 1, 58, 47, 1
1434, 10, 1, 58, 48, 1
1434, 10, 1, 58, 49, 1
1434, 10, 1, 58, 50, 1
1434, 10, 1, 58, 51, 1
1434, 10, 1, 58, 52, 1
1434, 10, 1, 58, 53, 1
1434, 10, 1, 58, 54, 1
1434, 10, 1, 58, 55, 1
1434, 10, 1, 58, 56, 1
1434, 10, 1, 58, 57, 1
1434, 10, 1, 58, 58, 1
1434, 10, 1, 58, 59, 1
1434, 10, 1, 58, 60, 1
1434, 10, 1, 58, 61, 1
1434, 10, 1, 58, 62, 1
1434, 10, 1, 58, 63, 1
1434, 10, 1, 59, 11, 1
1434, 10, 1, 59, 12, 1
1434, 10, 1, 59, 13, 1
1434, 10, 1, 59, 14, 1
1434, 10, 1, 59, 15, 1
1434, 10, 1, 59, 16, 1
1434, 10, 1, 59, 17, 1
1434, 10, 1, 59, 18, 1
1434, 10, 1, 59, 19, 1
1434, 10, 1, 59, 20, 1
1434, 10, 1, 59, 21, 1
1434, 10, 1, 59, 22, 1
1434, 10, 1, 59, 23, 1
1434, 10, 1, 59, 24, 1
1434, 10, 1, 59, 25, 1
1434, 10, 1, 59, 26, 1
1434, 10, 1, 59, 27, 1
1434, 10, 1, 59, 28, 1
1434, 10, 1, 59, 29, 1
1434, 10, 1, 59, 30, 1
1434, 10, 1, 59, 31, 1
1434, 10, 1, 59, 32, 1
1434, 10, 1, 59, 33, 1
1434, 10, 1, 59, 34, 1
1434, 10, 1, 59, 35, 1
1434, 10, 1, 59, 42, 1
1434, 10, 1, 59, 43, 1
1434, 10, 1, 59, 44, 1
1434, 10, 1, 59, 45, 1
1434, 10, 1, 59, 46, 1
1434, 10, 1, 59, 47, 1
1434, 10, 1, 59, 48, 1
1434, 10, 1, 59, 49, 1
1434, 10, 1, 59, 50, 1
1434, 10, 1, 59, 51, 1
1434, 10, 1, 59, 52, 1
1434, 10, 1, 59, 53, 1
1434, 10, 1, 59, 54, 1
1434, 10, 1, 59, 55, 1
1434, 10, 1, 59, 56, 1
1434, 10, 1, 59, 57, 1
1434, 10, 1, 59, 58, 1
1434, 10, 1, 59, 59, 1
1434, 10, 1, 59, 60, 1
1434, 10, 1, 59, 61, 1
1434, 10, 1, 59, 62, 1
1434, 10, 1, 60, 11, 1
1434, 10, 1, 60, 12, 1
1434, 10, 1, 60, 13, 1
1434, 10, 1, 60, 14, 1
1434, 10, 1, 60, 15, 1
1434, 10, 1, 60, 16, 1
1434, 10, 1, 60, 17, 1
1434, 10, 1, 60, 18, 1
1434, 10, 1, 60, 19, 1
1434, 10, 1, 60, 20, 1
1434, 10, 1, 60, 21, 1
1434, 10, 1, 60, 22, 1
1434, 10, 1, 60, 23, 1
1434, 10, 1, 60, 24, 1
1434, 10, 1, 60, 25, 1
1434, 10, 1, 60, 26, 1
1434, 10, 1, 60, 27, 1
1434, 10, 1, 60, 28, 1
1434, 10, 1, 60, 29, 1
1434, 10, 1, 60, 30, 1
1434, 10, 1, 60, 31, 1
1434, 10, 1, 60, 32, 1
1434, 10, 1, 60, 33, 1
1434, 10, 1, 60, 34, 1
1434, 10, 1, 60, 35, 1
1434, 10, 1, 60, 36, 1
1434, 10, 1, 60, 40, 1
1434, 10, 1, 60, 41, 1
1434, 10, 1, 60, 42, 1
1434, 10, 1, 60, 43, 1
1434, 10, 1, 60, 44, 1
1434, 10, 1, 60, 45, 1
1434, 10, 1, 60, 46, 1
1434, 10, 1, 60, 47, 1
1434, 10, 1, 60, 48, 1
1434, 10, 1, 60, 49, 1
1434, 10, 1, 60, 50, 1
1434, 10, 1, 60, 51, 1
1434, 10, 1, 60, 52, 1
1434, 10, 1, 60, 53, 1
1434, 10, 1, 60, 54, 1
1434, 10, 1, 60, 55, 1
1434, 10, 1, 60, 56, 1
1434, 10, 1, 60, 57, 1
1434, 10, 1, 61, 11, 1
1434, 10, 1, 61, 12, 1
1434, 10, 1, 61, 13, 1
1434, 10, 1, 61, 14, 1
1434, 10, 1, 61, 15, 1
1434, 10, 1, 61, 16, 1
1434, 10, 1, 61, 17, 1
1434, 10, 1, 61, 18, 1
1434, 10, 1, 61, 19, 1
1434, 10, 1, 61, 20, 1
1434, 10, 1, 61, 21, 1
1434, 10, 1, 61, 22, 1
1434, 10, 1, 61, 23, 1
1434, 10, 1, 61, 24, 1
1434, 10, 1, 61, 25, 1
1434, 10, 1, 61, 26, 1
1434, 10, 1, 61, 27, 1
1434, 10, 1, 61, 28, 1
1434, 10, 1, 61, 29, 1
1434, 10, 1, 61, 30, 1
1434, 10, 1, 61, 31, 1
1434, 10, 1, 61, 32, 1
1434, 10, 1, 61, 33, 1
1434, 10, 1, 61, 34, 1
1434, 10, 1, 61, 35, 1
1434, 10, 1, 61, 36, 1
1434, 10, 1, 61, 37, 1
1434, 10, 1, 61, 38, 1
1434, 10, 1, 61, 39, 1
1434, 10, 1, 61, 40, 1
1434, 10, 1, 61, 41, 1
1434, 10, 1, 61, 42, 1
1434, 10, 1, 61, 43, 1
1434, 10, 1, 61, 44, 1
1434, 10, 1, 61, 45, 1
1434, 10, 1, 61, 46, 1
1434, 10, 1, 61, 47, 1
1434, 10, 1, 61, 48, 1
1434, 10, 1, 61, 49, 1
1434, 10, 1, 61, 50, 1
1434, 10, 1, 61, 51, 1
1434, 10, 1, 61, 52, 1
1434, 10, 1, 61, 53, 1
1434, 10, 1, 61, 54, 1
1434, 10, 1, 61, 55, 1
1434, 10, 1, 62, 10, 1
1434, 10, 1, 62, 11, 1
1434, 10, 1, 62, 12, 1
1434, 10, 1, 62, 13, 1
1434, 10, 1, 62, 14, 1
1434, 10, 1, 62, 15, 1
1434, 10, 1, 62, 16, 1
1434, 10, 1, 62, 17, 1
1434, 10, 1, 62, 18, 1
1434, 10, 1, 62, 19, 1
1434, 10, 1, 62, 20, 1
1434, 10, 1, 62, 21, 1
1434, 10, 1, 62, 22, 1
1434, 10, 1, 62, 23, 1
1434, 10, 1, 62, 24, 1
1434, 10, 1, 62, 25, 1
1434, 10, 1, 62, 26, 1
1434, 10, 1, 62, 27, 1
1434, 10, 1, 62, 28, 1
1434, 10, 1, 62, 29, 1
1434, 10, 1, 62, 30, 1
1434, 10, 1, 62, 31, 1
1434, 10, 1, 62, 32, 1
1434, 10, 1, 62, 33, 1
1434, 10, 1, 62, 34, 1
1434, 10, 1, 62, 35, 1
1434, 10, 1, 62, 36, 1
1434, 10, 1, 62, 37, 1
1434, 10, 1, 62, 38, 1
1434, 10, 1, 62, 39, 1
1434, 10, 1, 62, 40, 1
1434, 10, 1, 62, 41, 1
1434, 10, 1, 62, 42, 1
1434, 10, 1, 62, 43, 1
1434, 10, 1, 62, 44, 1
1434, 10, 1, 62, 45, 1
1434, 10, 1, 62, 46, 1
1434, 10, 1, 62, 47, 1
1434, 10, 1, 62, 48, 1
1434, 10, 1, 62, 49, 1
1434, 10, 1, 62, 50, 1
1434, 10, 1, 62, 51, 1
1434, 10, 1, 62, 52, 1
1434, 10, 1, 62, 53, 1
1434, 10, 1, 62, 54, 1
1434, 10, 1, 63, 10, 1
1434, 10, 1, 63, 11, 1
1434, 10, 1, 63, 12, 1
1434, 10, 1, 63, 13, 1
1434, 10, 1, 63, 14, 1
1434, 10, 1, 63, 15, 1
1434, 10, 1, 63, 16, 1
1434, 10, 1, 63, 17, 1
1434, 10, 1, 63, 18, 1
1434, 10, 1, 63, 19, 1
1434, 10, 1, 63, 20, 1
1434, 10, 1, 63, 21, 1
1434, 10, 1, 63, 22, 1
1434, 10, 1, 63, 23, 1
1434, 10, 1, 63, 24, 1
1434, 10, 1, 63, 25, 1
1434, 10, 1, 63, 26, 1
1434, 10, 1, 63, 27, 1
1434, 10, 1, 63, 28, 1
1434, 10, 1, 63, 29, 1
1434, 10, 1, 63, 30, 1
1434, 10, 1, 63, 31, 1
1434, 10, 1, 63, 32, 1
1434, 10, 1, 63, 33, 1
1434, 10, 1, 63, 34, 1
1434, 10, 1, 63, 35, 1
1434, 10, 1, 63, 36, 1
1434, 10, 1, 63, 37, 1
1434, 10, 1, 63, 38, 1
1434, 10, 1, 63, 39, 1
1434, 10, 1, 63, 40, 1
1434, 10, 1, 63, 41, 1
1434, 10, 1, 63, 42, 1
1434, 10, 1, 63, 43, 1
1434, 10, 1, 63, 44, 1
1434, 10, 1, 63, 45, 1
1434, 10, 1, 63, 46, 1
1434, 10, 1, 63, 47, 1
1434, 10, 1, 63, 48, 1
1434, 10, 1, 63, 49, 1
1434, 10, 1, 63, 50, 1
1434, 10, 1, 63, 51, 1
1434, 10, 1, 63, 52, 1
1436, 10, 2, 5, 43, 0
1436, 10, 3, 5, 51, 0
1436, 10, 2, 6, 41, 0
1436, 10, 3, 6, 53, 0
1436, 10, 3, 7, 55, 0
1436, 10, 2, 8, 40, 0
1436, 10, 3, 8, 57, 0
1436, 10, 3, 9, 59, 0
1436, 10, 2, 10, 39, 0
1436, 10, 2, 11, 22, 0
1436, 10, 3, 11, 26, 0
1436, 10, 2, 11, 37, 0
1436, 10, 3, 11, 60, 0
1436, 10, 2, 12, 20, 0
1436, 10, 2, 12, 35, 0
1436, 10, 2, 13, 18, 0
1436, 10, 3, 13, 27, 0
1436, 10, 3, 14, 29, 0
1436, 10, 2, 14, 34, 0
1436, 10, 2, 15, 17, 0
1436, 10, 3, 15, 31, 0
1436, 10, 2, 15, 33, 0
1436, 10, 0, 15, 60, 0
1436, 10, 2, 16, 15, 0
1436, 10, 0, 17, 59, 0
1436, 10, 2, 20, 14, 0
1436, 10, 2, 21, 13, 0
1436, 10, 2, 23, 12, 0
1436, 10, 0, 23, 25, 0
1436, 10, 0, 23, 58, 0
1436, 10, 2, 24, 10, 0
1436, 10, 1, 24, 28, 0
1436, 10, 0, 24, 56, 0
1436, 10, 2, 25, 8, 0
1436, 10, 1, 25, 30, 0
1436, 10, 0, 26, 24, 0
1436, 10, 0, 26, 55, 0
1436, 10, 2, 27, 7, 0
1436, 10, 0, 27, 22, 0
1436, 10, 1, 27, 31, 0
1436, 10, 0, 27, 35, 0
1436, 10, 0, 27, 53, 0
1436, 10, 3, 28, 53, 0
1436, 10, 2, 29, 6, 0
1436, 10, 0, 29, 21, 0
1436, 10, 2, 30, 38, 0
1436, 10, 2, 31, 5, 0
1436, 10, 2, 31, 36, 0
1436, 10, 2, 32, 3, 0
1436, 10, 2, 32, 30, 0
1436, 10, 0, 32, 53, 0
1436, 10, 2, 33, 28, 0
1436, 10, 0, 33, 52, 0
1436, 10, 2, 34, 26, 0
1436, 10, 0, 35, 20, 0
1436, 10, 1, 36, 3, 0
1436, 10, 0, 36, 18, 0
1436, 10, 2, 36, 25, 0
1436, 10, 2, 37, 23, 0
1436, 10, 3, 37, 52, 0
1436, 10, 1, 38, 4, 0
1436, 10, 0, 38, 17, 0
1436, 10, 3, 38, 54, 0
1436, 10, 1, 39, 6, 0
1436, 10, 0, 39, 15, 0
1436, 10, 2, 39, 22, 0
1436, 10, 0, 39, 39, 0
1436, 10, 1, 39, 41, 0
1436, 10, 1, 40, 8, 0
1436, 10, 0, 40, 37, 0
1436, 10, 3, 40, 55, 0
1436, 10, 1, 41, 10, 0
1436, 10, 0, 41, 14, 0
1436, 10, 2, 41, 21, 0
1436, 10, 3, 41, 57, 0
1436, 10, 2, 42, 20, 0
1436, 10, 0, 42, 36, 0
1436, 10, 2, 42, 41, 0
1436, 10, 0, 43, 34, 0
1436, 10, 3, 43, 58, 0
1436, 10, 2, 44, 19, 0
1436, 10, 2, 44, 40, 0
1436, 10, 2, 45, 17, 0
1436, 10, 0, 45, 33, 0
1436, 10, 2, 45, 38, 0
1436, 10, 3, 45, 59, 0
1436, 10, 2, 46, 15, 0
1436, 10, 0, 46, 31, 0
1436, 10, 2, 46, 36, 0
1436, 10, 3, 47, 60, 0
1436, 10, 0, 48, 30, 0
1436, 10, 2, 48, 35, 0
1436, 10, 0, 49, 29, 0
1436, 10, 2, 49, 33, 0
1436, 10, 0, 49, 47, 0
1436, 10, 1, 49, 49, 0
1436, 10, 3, 49, 61, 0
1436, 10, 1, 50, 15, 0
1436, 10, 3, 51, 29, 0
1436, 10, 2, 51, 32, 0
1436, 10, 1, 51, 50, 0
1436, 10, 1, 52, 16, 0
1436, 10, 1, 53, 18, 0
1436, 10, 1, 53, 51, 0
1436, 10, 1, 54, 53, 0
1436, 10, 0, 54, 61, 0
1436, 10, 1, 55, 19, 0
1436, 10, 0, 55, 29, 0
1436, 10, 0, 55, 46, 0
1436, 10, 1, 55, 55, 0
1436, 10, 0, 55, 59, 0
1436, 10, 0, 56, 27, 0
1436, 10, 1, 57, 20, 0
1436, 10, 1, 58, 22, 0
1436, 10, 0, 58, 26, 0
1436, 10, 1, 59, 32, 0
1436, 10, 1, 61, 33, 0
1436, 10, 0, 61, 45, 0
1452, 7, 3, 14, 59, 0
1452, 4, 2, 20, 24, 0
1452, 4, 1, 21, 57, 0
1452, 4, 2, 22, 28, 0
1452, 4, 2, 22, 56, 0
1452, 4, 2, 23, 30, 0
1452, 4, 2, 25, 35, 0
1452, 7, 3, 25, 36, 0
1452, 7, 3, 26, 34, 0
1452, 7, 3, 26, 52, 0
1452, 7, 3, 28, 51, 0
1452, 7, 3, 30, 50, 0
1452, 7, 3, 34, 19, 0
1452, 7, 3, 35, 17, 0
1452, 4, 2, 36, 41, 0
1452, 7, 3, 37, 40, 0
1452, 4, 1, 37, 50, 0
1452, 7, 3, 38, 14, 0
1452, 7, 3, 38, 38, 0
1452, 4, 1, 39, 13, 0
1452, 7, 3, 40, 13, 0
1452, 4, 1, 40, 53, 0
1452, 7, 3, 41, 35, 0
1452, 7, 3, 42, 33, 0
1452, 4, 1, 43, 56, 0
1452, 7, 3, 50, 45, 0
1452, 7, 3, 57, 25, 0
1452, 4, 1, 57, 43, 0
1452, 4, 2, 60, 35, 0
1452, 7, 3, 60, 40, 0
1452, 4, 2, 60, 43, 0
1452, 4, 1, 14, 58, 1
1452, 7, 3, 19, 53, 1
1452, 4, 1, 22, 53, 1
1452, 7, 3, 23, 23, 1
1452, 4, 2, 23, 39, 1
1452, 4, 1, 24, 22, 1
1452, 4, 2, 24, 37, 1
1452, 7, 3, 24, 38, 1
1452, 4, 2, 24, 45, 1
1452, 7, 3, 25, 22, 1
1452, 7, 0, 25, 42, 1
1452, 7, 3, 26, 20, 1
1452, 4, 2, 31, 51, 1
1452, 7, 3, 31, 52, 1
1452, 4, 2, 32, 16, 1
1452, 7, 3, 32, 50, 1
1452, 4, 2, 33, 14, 1
1452, 7, 3, 33, 15, 1
1452, 4, 2, 36, 11, 1
1452, 7, 3, 37, 37, 1
1452, 4, 2, 37, 40, 1
1452, 4, 1, 38, 51, 1
1452, 4, 1, 41, 54, 1
1452, 4, 2, 42, 29, 1
1452, 7, 3, 42, 30, 1
1452, 4, 2, 43, 48, 1
1452, 4, 1, 43, 55, 1
1452, 4, 1, 45, 46, 1
1452, 4, 2, 46, 51, 1
1452, 4, 1, 50, 42, 1
1452, 4, 1, 51, 59, 1
1452, 7, 3, 52, 26, 1
1452, 7, 3, 52, 59, 1
1452, 7, 3, 53, 57, 1
1452, 4, 2, 57, 42, 1
1452, 7, 3, 57, 43, 1
1452, 7, 3, 59, 39, 1
1453, 7, 3, 16, 58, 0
1453, 7, 3, 18, 57, 0
1453, 7, 3, 22, 57, 0
1453, 4, 2, 24, 37, 0
1453, 4, 2, 26, 33, 0
1453, 4, 2, 34, 18, 0
1453, 4, 1, 36, 16, 0
1453, 4, 2, 38, 37, 0
1453, 4, 2, 39, 10, 0
1453, 7, 3, 39, 36, 0
1453, 4, 1, 40, 35, 0
1453, 4, 1, 43, 32, 0
1453, 4, 2, 45, 48, 0
1453, 4, 1, 45, 57, 0
1453, 4, 1, 47, 58, 0
1453, 7, 3, 48, 46, 0
1453, 4, 2, 52, 53, 0
1453, 7, 3, 55, 26, 0
1453, 4, 2, 59, 41, 0
1453, 4, 2, 60, 39, 0
1453, 4, 1, 13, 58, 1
1453, 4, 2, 15, 57, 1
1453, 4, 1, 17, 28, 1
1453, 4, 1, 20, 22, 1
1453, 4, 1, 22, 23, 1
1453, 7, 3, 24, 46, 1
1453, 4, 3, 36, 7, 1
1453, 7, 3, 36, 12, 1
1453, 4, 2, 41, 31, 1
1453, 7, 3, 44, 26, 1
1453, 4, 1, 45, 56, 1
1453, 4, 2, 53, 56, 1
1453, 4, 1, 56, 43, 1
1454, 7, 3, 12, 49, 0
1454, 4, 1, 15, 58, 0
1454, 4, 1, 19, 56, 0
1454, 7, 3, 21, 23, 0
1454, 4, 2, 21, 26, 0
1454, 4, 2, 25, 22, 0
1454, 4, 2, 25, 39, 0
1454, 4, 1, 27, 20, 0
1454, 4, 1, 27, 51, 0
1454, 4, 1, 29, 19, 0
1454, 7, 3, 30, 19, 0
1454, 4, 1, 35, 49, 0
1454, 4, 2, 38, 8, 0
1454, 4, 2, 40, 12, 0
1454, 4, 2, 44, 31, 0
1454, 7, 3, 45, 30, 0
1454, 4, 1, 46, 29, 0
1454, 7, 3, 46, 47, 0
1454, 7, 3, 48, 27, 0
1454, 4, 1, 49, 26, 0
1454, 4, 1, 49, 45, 0
1454, 4, 2, 51, 18, 0
1454, 4, 1, 51, 44, 0
1454, 4, 1, 51, 60, 0
1454, 4, 1, 52, 60, 0
1454, 4, 2, 53, 59, 0
1454, 7, 3, 54, 28, 0
1454, 7, 3, 54, 45, 0
1454, 4, 2, 56, 22, 0
1454, 4, 1, 56, 25, 0
1454, 7, 3, 56, 44, 0
1454, 4, 2, 59, 37, 0
1454, 4, 1, 59, 44, 0
1454, 7, 3, 60, 36, 0
1454, 7, 3, 15, 58, 1
1454, 7, 3, 16, 56, 1
1454, 4, 2, 18, 54, 1
1454, 7, 3, 18, 55, 1
1454, 4, 1, 20, 52, 1
1454, 4, 2, 21, 27, 1
1454, 4, 2, 22, 29, 1
1454, 7, 3, 22, 30, 1
1454, 4, 2, 23, 47, 1
1454, 7, 0, 24, 40, 1
1454, 4, 2, 24, 41, 1
1454, 4, 1, 24, 54, 1
1454, 4, 2, 25, 43, 1
1454, 7, 3, 25, 44, 1
1454, 4, 2, 25, 53, 1
1454, 4, 1, 29, 18, 1
1454, 7, 3, 30, 18, 1
1454, 4, 1, 30, 52, 1
1454, 4, 1, 31, 17, 1
1454, 7, 3, 34, 13, 1
1454, 7, 0, 37, 7, 1
1454, 7, 3, 37, 41, 1
1454, 7, 3, 38, 35, 1
1454, 4, 2, 40, 33, 1
1454, 7, 3, 41, 32, 1
1454, 4, 1, 47, 57, 1
1454, 7, 3, 48, 45, 1
1454, 4, 1, 49, 27, 1
1454, 4, 1, 49, 58, 1
1454, 7, 3, 50, 27, 1
1454, 4, 2, 52, 20, 1
1454, 4, 2, 52, 58, 1
1454, 4, 2, 53, 22, 1
1454, 4, 1, 53, 25, 1
1454, 4, 1, 54, 44, 1
1454, 7, 3, 55, 44, 1
1454, 4, 2, 59, 38, 1
1455, 4, 1, 13, 25, 0
1455, 4, 1, 13, 59, 0
1455, 4, 1, 17, 57, 0
1455, 4, 1, 22, 22, 0
1455, 7, 3, 23, 55, 0
1455, 4, 2, 24, 41, 0
1455, 7, 3, 25, 23, 0
1455, 7, 3, 25, 40, 0
1455, 4, 2, 25, 53, 0
1455, 7, 3, 26, 21, 0
1455, 4, 1, 29, 50, 0
1455, 4, 1, 31, 18, 0
1455, 4, 1, 31, 49, 0
1455, 4, 1, 33, 50, 0
1455, 7, 3, 34, 50, 0
1455, 4, 2, 37, 6, 0
1455, 4, 2, 37, 15, 0
1455, 7, 3, 37, 16, 0
1455, 4, 2, 47, 28, 0
1455, 7, 3, 47, 29, 0
1455, 4, 1, 47, 46, 0
1455, 4, 1, 49, 59, 0
1455, 4, 1, 51, 27, 0
1455, 4, 1, 53, 28, 0
1455, 4, 2, 53, 55, 0
1455, 4, 2, 54, 27, 0
1455, 4, 2, 54, 57, 0
1455, 7, 3, 54, 58, 0
1455, 4, 2, 57, 24, 0
1455, 7, 3, 60, 44, 0
1455, 4, 1, 17, 55, 1
1455, 4, 2, 18, 24, 1
1455, 4, 2, 21, 31, 1
1455, 4, 2, 22, 33, 1
1455, 4, 2, 23, 35, 1
1455, 4, 2, 24, 49, 1
1455, 4, 2, 25, 21, 1
1455, 7, 3, 25, 54, 1
1455, 7, 3, 26, 52, 1
1455, 4, 1, 27, 19, 1
1455, 7, 3, 28, 19, 1
1455, 7, 3, 32, 17, 1
1455, 4, 1, 33, 49, 1
1455, 4, 1, 35, 48, 1
1455, 4, 2, 37, 36, 1
1455, 7, 3, 40, 34, 1
1455, 4, 1, 45, 25, 1
1455, 7, 3, 46, 46, 1
1455, 4, 1, 47, 26, 1
1455, 4, 1, 47, 45, 1
1455, 4, 1, 51, 26, 1
1455, 4, 2, 54, 24, 1
1455, 7, 3, 54, 25, 1
1455, 4, 2, 58, 40, 1
2583, 7, 1, 13, 21, 0
2583, 7, 1, 14, 19, 0
2583, 7, 2, 15, 28, 0
2583, 7, 1, 26, 9, 0
2583, 7, 1, 32, 6, 0
2583, 7, 2, 32, 19, 0
2583, 7, 1, 32, 37, 0
2583, 4, 3, 34, 4, 0
2583, 7, 1, 35, 27, 0
2583, 7, 1, 38, 24, 0
2583, 7, 0, 40, 11, 0
2583, 7, 1, 42, 22, 0
2583, 7, 3, 44, 32, 0
2583, 7, 1, 45, 20, 0
2583, 7, 0, 46, 49, 0
2583, 4, 3, 47, 50, 0
2583, 4, 3, 53, 20, 0
2583, 4, 1, 53, 45, 0
2583, 7, 0, 54, 20, 0
2583, 4, 3, 55, 21, 0
2585, 4, 0, 14, 50, 0
2585, 4, 0, 14, 50, 1
2585, 4, 0, 14, 50, 2
