329, 22, 3, 14, 23, 2
329, 22, 0, 15, 31, 2
329, 22, 2, 17, 15, 2
329, 22, 1, 18, 38, 2
329, 22, 2, 19, 43, 2
329, 22, 1, 21, 20, 2
329, 22, 2, 22, 33, 2
329, 22, 0, 28, 24, 2
329, 22, 0, 28, 37, 2
329, 22, 3, 28, 42, 2
329, 22, 1, 32, 14, 2
329, 22, 2, 32, 31, 2
329, 22, 3, 34, 41, 2
329, 22, 1, 38, 37, 2
329, 22, 3, 40, 21, 2
329, 22, 0, 41, 18, 2
329, 22, 1, 41, 29, 2
329, 22, 2, 43, 42, 2
329, 22, 2, 47, 19, 2
329, 22, 1, 47, 28, 2
329, 22, 0, 47, 35, 2
329, 22, 3, 50, 40, 2
330, 22, 0, 13, 40, 2
330, 22, 2, 14, 21, 2
330, 22, 2, 14, 25, 2
330, 22, 3, 14, 30, 2
330, 22, 1, 14, 32, 2
330, 22, 1, 15, 16, 2
330, 22, 3, 15, 22, 2
330, 22, 0, 15, 23, 2
330, 22, 1, 15, 24, 2
330, 22, 0, 15, 29, 2
330, 22, 0, 15, 33, 2
330, 22, 0, 16, 16, 2
330, 22, 1, 16, 30, 2
330, 22, 3, 16, 32, 2
330, 22, 3, 16, 38, 2
330, 22, 3, 17, 16, 2
330, 22, 2, 17, 31, 2
330, 22, 0, 17, 43, 2
330, 22, 2, 18, 14, 2
330, 22, 2, 19, 37, 2
330, 22, 2, 19, 42, 2
330, 22, 3, 20, 19, 2
330, 22, 2, 21, 19, 2
330, 22, 3, 21, 22, 2
330, 22, 1, 21, 43, 2
330, 22, 3, 21, 44, 2
330, 22, 1, 22, 19, 2
330, 22, 0, 22, 21, 2
330, 22, 3, 22, 35, 2
330, 22, 1, 23, 31, 2
330, 22, 1, 23, 32, 2
330, 22, 1, 26, 14, 2
330, 22, 2, 26, 23, 2
330, 22, 1, 26, 24, 2
330, 22, 2, 26, 40, 2
330, 22, 1, 26, 41, 2
330, 22, 0, 27, 25, 2
330, 22, 3, 27, 26, 2
330, 22, 0, 27, 41, 2
330, 22, 0, 28, 26, 2
330, 22, 1, 28, 35, 2
330, 22, 0, 28, 45, 2
330, 22, 1, 29, 23, 2
330, 22, 3, 29, 25, 2
330, 22, 3, 29, 41, 2
330, 22, 1, 30, 14, 2
330, 22, 0, 30, 37, 2
330, 22, 3, 31, 30, 2
330, 22, 0, 32, 29, 2
330, 22, 0, 33, 15, 2
330, 22, 1, 33, 30, 2
330, 22, 3, 33, 32, 2
330, 22, 2, 33, 36, 2
330, 22, 3, 34, 14, 2
330, 22, 2, 34, 31, 2
330, 22, 1, 34, 42, 2
330, 22, 0, 35, 42, 2
330, 22, 2, 36, 37, 2
330, 22, 3, 36, 41, 2
330, 22, 3, 37, 36, 2
330, 22, 0, 38, 21, 2
330, 22, 0, 38, 35, 2
330, 22, 0, 38, 43, 2
330, 22, 0, 39, 30, 2
330, 22, 1, 39, 36, 2
330, 22, 2, 40, 17, 2
330, 22, 2, 40, 23, 2
330, 22, 2, 40, 37, 2
330, 22, 1, 41, 22, 2
330, 22, 1, 41, 31, 2
330, 22, 3, 41, 42, 2
330, 22, 2, 42, 30, 2
330, 22, 1, 42, 36, 2
330, 22, 0, 42, 41, 2
330, 22, 2, 42, 43, 2
330, 22, 1, 43, 18, 2
330, 22, 3, 43, 29, 2
330, 22, 3, 43, 33, 2
330, 22, 1, 43, 40, 2
330, 22, 1, 44, 36, 2
330, 22, 2, 45, 35, 2
330, 22, 3, 46, 18, 2
330, 22, 3, 46, 36, 2
330, 22, 0, 47, 17, 2
330, 22, 2, 47, 21, 2
330, 22, 3, 47, 26, 2
330, 22, 0, 47, 37, 2
330, 22, 2, 48, 18, 2
330, 22, 3, 48, 20, 2
330, 22, 2, 48, 27, 2
330, 22, 1, 48, 36, 2
330, 22, 1, 48, 45, 2
330, 22, 0, 49, 19, 2
330, 22, 1, 49, 28, 2
330, 22, 2, 49, 35, 2
330, 22, 0, 49, 39, 2
330, 22, 1, 49, 41, 2
330, 22, 2, 50, 15, 2
330, 22, 0, 50, 32, 2
330, 22, 3, 50, 34, 2
330, 22, 3, 50, 38, 2
330, 22, 2, 50, 42, 2
330, 22, 0, 51, 39, 2
330, 22, 3, 51, 41, 2
331, 22, 0, 14, 22, 2
331, 22, 1, 14, 24, 2
331, 22, 3, 14, 31, 2
331, 22, 2, 15, 30, 2
331, 22, 0, 15, 32, 2
331, 22, 3, 16, 15, 2
331, 22, 1, 16, 31, 2
331, 22, 3, 17, 38, 2
331, 22, 2, 18, 15, 2
331, 22, 0, 18, 43, 2
331, 22, 2, 19, 38, 2
331, 22, 2, 20, 20, 2
331, 22, 2, 20, 21, 2
331, 22, 1, 20, 43, 2
331, 22, 1, 21, 21, 2
331, 22, 0, 22, 20, 2
331, 22, 1, 22, 32, 2
331, 22, 2, 22, 34, 2
331, 22, 1, 27, 24, 2
331, 22, 3, 27, 42, 2
331, 22, 0, 28, 25, 2
331, 22, 2, 28, 36, 2
331, 22, 1, 28, 41, 2
331, 22, 3, 29, 24, 2
331, 22, 1, 29, 37, 2
331, 22, 2, 29, 42, 2
331, 22, 1, 31, 14, 2
331, 22, 0, 31, 31, 2
331, 22, 1, 32, 30, 2
331, 22, 3, 32, 32, 2
331, 22, 0, 33, 14, 2
331, 22, 1, 33, 31, 2
331, 22, 3, 33, 42, 2
331, 22, 0, 35, 41, 2
331, 22, 3, 37, 37, 2
331, 22, 0, 38, 36, 2
331, 22, 2, 39, 21, 2
331, 22, 1, 39, 37, 2
331, 22, 3, 40, 18, 2
331, 22, 3, 40, 22, 2
331, 22, 0, 40, 30, 2
331, 22, 0, 41, 21, 2
331, 22, 1, 41, 30, 2
331, 22, 2, 42, 18, 2
331, 22, 2, 42, 29, 2
331, 22, 0, 42, 42, 2
331, 22, 3, 43, 41, 2
331, 22, 1, 43, 43, 2
331, 22, 2, 44, 42, 2
331, 22, 3, 46, 35, 2
331, 22, 1, 47, 18, 2
331, 22, 3, 47, 20, 2
331, 22, 3, 47, 27, 2
331, 22, 2, 47, 36, 2
331, 22, 0, 48, 19, 2
331, 22, 2, 48, 28, 2
331, 22, 1, 48, 35, 2
331, 22, 2, 49, 40, 2
331, 22, 3, 50, 39, 2
331, 22, 1, 50, 41, 2
331, 22, 0, 51, 40, 2
6499, 10, 3, 30, 45, 2
6503, 10, 2, 29, 36, 2
6505, 10, 3, 15, 34, 2
6505, 10, 1, 21, 42, 2
6505, 10, 2, 27, 36, 2
6505, 10, 3, 31, 19, 2
6505, 10, 1, 42, 28, 2
6505, 10, 3, 42, 45, 2
6505, 10, 1, 48, 14, 2
6505, 10, 0, 52, 20, 2
6505, 10, 0, 53, 40, 2
6512, 0, 3, 15, 34, 2
6512, 0, 1, 42, 28, 2
6512, 0, 3, 42, 45, 2
6513, 0, 1, 21, 42, 2
6513, 0, 2, 27, 36, 2
6514, 0, 3, 31, 19, 2
6515, 0, 0, 53, 40, 2
6516, 0, 1, 48, 14, 2
6517, 0, 0, 52, 20, 2
6525, 9, 3, 11, 12, 2
6525, 0, 0, 11, 13, 2
6525, 0, 0, 11, 14, 2
6525, 0, 0, 11, 15, 2
6525, 0, 0, 11, 16, 2
6525, 0, 0, 11, 17, 2
6525, 0, 0, 11, 18, 2
6525, 0, 0, 11, 19, 2
6525, 0, 0, 11, 20, 2
6525, 0, 0, 11, 21, 2
6525, 0, 0, 11, 22, 2
6525, 0, 0, 11, 23, 2
6525, 0, 0, 11, 24, 2
6525, 0, 0, 11, 25, 2
6525, 0, 0, 11, 26, 2
6525, 0, 0, 11, 27, 2
6525, 0, 0, 11, 28, 2
6525, 0, 0, 11, 29, 2
6525, 0, 0, 11, 30, 2
6525, 0, 0, 11, 31, 2
6525, 0, 0, 11, 32, 2
6525, 0, 0, 11, 33, 2
6525, 0, 0, 11, 34, 2
6525, 0, 0, 11, 35, 2
6525, 0, 0, 11, 36, 2
6525, 0, 0, 11, 37, 2
6525, 0, 0, 11, 38, 2
6525, 0, 0, 11, 39, 2
6525, 0, 0, 11, 40, 2
6525, 0, 0, 11, 41, 2
6525, 0, 0, 11, 42, 2
6525, 0, 0, 11, 43, 2
6525, 0, 0, 11, 44, 2
6525, 0, 0, 11, 45, 2
6525, 0, 0, 11, 46, 2
6525, 9, 0, 11, 47, 2
6525, 0, 3, 12, 12, 2
6525, 1, 1, 12, 17, 2
6525, 1, 2, 12, 18, 2
6525, 1, 1, 12, 19, 2
6525, 1, 2, 12, 20, 2
6525, 1, 1, 12, 21, 2
6525, 1, 2, 12, 22, 2
6525, 1, 1, 12, 23, 2
6525, 1, 2, 12, 24, 2
6525, 1, 1, 12, 37, 2
6525, 0, 2, 12, 38, 2
6525, 0, 2, 12, 39, 2
6525, 0, 2, 12, 40, 2
6525, 0, 2, 12, 41, 2
6525, 0, 2, 12, 42, 2
6525, 0, 2, 12, 43, 2
6525, 1, 2, 12, 44, 2
6525, 0, 1, 12, 47, 2
6525, 0, 3, 13, 12, 2
6525, 1, 1, 13, 16, 2
6525, 9, 1, 13, 17, 2
6525, 9, 2, 13, 18, 2
6525, 9, 1, 13, 19, 2
6525, 9, 2, 13, 20, 2
6525, 9, 1, 13, 21, 2
6525, 9, 2, 13, 22, 2
6525, 9, 1, 13, 23, 2
6525, 9, 2, 13, 24, 2
6525, 0, 2, 13, 25, 2
6525, 0, 2, 13, 26, 2
6525, 0, 2, 13, 27, 2
6525, 0, 2, 13, 28, 2
6525, 0, 2, 13, 29, 2
6525, 0, 2, 13, 31, 2
6525, 0, 2, 13, 32, 2
6525, 1, 2, 13, 34, 2
6525, 0, 1, 13, 37, 2
6525, 0, 1, 13, 47, 2
6525, 0, 3, 14, 12, 2
6525, 1, 1, 14, 15, 2
6525, 9, 1, 14, 16, 2
6525, 0, 3, 14, 34, 2
6525, 0, 1, 14, 37, 2
6525, 9, 3, 14, 39, 2
6525, 0, 0, 14, 40, 2
6525, 0, 0, 14, 41, 2
6525, 9, 0, 14, 42, 2
6525, 0, 3, 14, 44, 2
6525, 0, 1, 14, 47, 2
6525, 0, 3, 15, 12, 2
6525, 1, 1, 15, 14, 2
6525, 9, 1, 15, 15, 2
6525, 0, 1, 15, 37, 2
6525, 0, 3, 15, 39, 2
6525, 0, 1, 15, 42, 2
6525, 0, 3, 15, 44, 2
6525, 0, 1, 15, 47, 2
6525, 0, 3, 16, 12, 2
6525, 1, 1, 16, 13, 2
6525, 9, 1, 16, 14, 2
6525, 9, 3, 16, 18, 2
6525, 9, 0, 16, 19, 2
6525, 9, 3, 16, 20, 2
6525, 9, 0, 16, 21, 2
6525, 9, 3, 16, 22, 2
6525, 9, 0, 16, 23, 2
6525, 9, 3, 16, 24, 2
6525, 0, 0, 16, 25, 2
6525, 0, 0, 16, 26, 2
6525, 9, 0, 16, 27, 2
6525, 0, 3, 16, 34, 2
6525, 0, 1, 16, 37, 2
6525, 0, 3, 16, 39, 2
6525, 0, 1, 16, 42, 2
6525, 0, 3, 16, 44, 2
6525, 0, 1, 16, 47, 2
6525, 0, 3, 17, 12, 2
6525, 9, 3, 17, 17, 2
6525, 1, 3, 17, 18, 2
6525, 1, 0, 17, 19, 2
6525, 1, 3, 17, 20, 2
6525, 1, 0, 17, 21, 2
6525, 1, 3, 17, 22, 2
6525, 1, 0, 17, 23, 2
6525, 1, 3, 17, 24, 2
6525, 1, 0, 17, 27, 2
6525, 9, 0, 17, 28, 2
6525, 0, 3, 17, 34, 2
6525, 0, 1, 17, 37, 2
6525, 0, 3, 17, 39, 2
6525, 0, 1, 17, 42, 2
6525, 0, 3, 17, 44, 2
6525, 0, 1, 17, 47, 2
6525, 0, 3, 18, 12, 2
6525, 0, 1, 18, 13, 2
6525, 9, 3, 18, 16, 2
6525, 1, 3, 18, 17, 2
6525, 1, 0, 18, 28, 2
6525, 9, 0, 18, 29, 2
6525, 9, 2, 18, 34, 2
6525, 0, 2, 18, 35, 2
6525, 0, 2, 18, 36, 2
6525, 9, 1, 18, 37, 2
6525, 0, 3, 18, 39, 2
6525, 1, 1, 18, 40, 2
6525, 0, 2, 18, 41, 2
6525, 9, 1, 18, 42, 2
6525, 0, 3, 18, 44, 2
6525, 0, 1, 18, 47, 2
6525, 0, 3, 19, 12, 2
6525, 0, 1, 19, 13, 2
6525, 9, 3, 19, 15, 2
6525, 1, 3, 19, 16, 2
6525, 1, 1, 19, 17, 2
6525, 0, 2, 19, 18, 2
6525, 0, 2, 19, 19, 2
6525, 0, 2, 19, 20, 2
6525, 0, 2, 19, 21, 2
6525, 0, 2, 19, 23, 2
6525, 1, 2, 19, 24, 2
6525, 1, 0, 19, 29, 2
6525, 0, 0, 19, 30, 2
6525, 9, 0, 19, 31, 2
6525, 0, 3, 19, 39, 2
6525, 1, 0, 19, 40, 2
6525, 9, 0, 19, 41, 2
6525, 0, 3, 19, 44, 2
6525, 0, 1, 19, 47, 2
6525, 0, 3, 20, 12, 2
6525, 0, 1, 20, 13, 2
6525, 0, 3, 20, 15, 2
6525, 0, 1, 20, 17, 2
6525, 0, 3, 20, 24, 2
6525, 1, 0, 20, 31, 2
6525, 0, 0, 20, 32, 2
6525, 0, 0, 20, 33, 2
6525, 0, 0, 20, 34, 2
6525, 0, 0, 20, 35, 2
6525, 0, 0, 20, 36, 2
6525, 0, 0, 20, 37, 2
6525, 0, 0, 20, 38, 2
6525, 1, 3, 20, 39, 2
6525, 1, 0, 20, 41, 2
6525, 9, 0, 20, 42, 2
6525, 9, 2, 20, 44, 2
6525, 1, 2, 20, 45, 2
6525, 0, 1, 20, 47, 2
6525, 0, 3, 21, 12, 2
6525, 0, 1, 21, 13, 2
6525, 0, 3, 21, 15, 2
6525, 0, 1, 21, 17, 2
6525, 1, 1, 21, 31, 2
6525, 0, 2, 21, 32, 2
6525, 0, 2, 21, 33, 2
6525, 0, 2, 21, 34, 2
6525, 0, 2, 21, 35, 2
6525, 1, 2, 21, 36, 2
6525, 1, 1, 21, 37, 2
6525, 0, 2, 21, 38, 2
6525, 1, 2, 21, 40, 2
6525, 9, 2, 21, 45, 2
6525, 1, 2, 21, 46, 2
6525, 0, 1, 21, 47, 2
6525, 0, 3, 22, 12, 2
6525, 0, 1, 22, 13, 2
6525, 0, 3, 22, 15, 2
6525, 0, 1, 22, 17, 2
6525, 9, 3, 22, 23, 2
6525, 1, 3, 22, 24, 2
6525, 1, 1, 22, 30, 2
6525, 9, 1, 22, 31, 2
6525, 9, 2, 22, 36, 2
6525, 9, 1, 22, 37, 2
6525, 9, 2, 22, 40, 2
6525, 1, 2, 22, 41, 2
6525, 0, 1, 22, 42, 2
6525, 0, 3, 22, 46, 2
6525, 0, 1, 22, 47, 2
6525, 0, 3, 23, 12, 2
6525, 0, 1, 23, 13, 2
6525, 0, 1, 23, 17, 2
6525, 9, 2, 23, 23, 2
6525, 1, 2, 23, 24, 2
6525, 0, 1, 23, 30, 2
6525, 9, 3, 23, 33, 2
6525, 9, 0, 23, 34, 2
6525, 0, 3, 23, 41, 2
6525, 1, 0, 23, 42, 2
6525, 9, 0, 23, 43, 2
6525, 0, 3, 23, 46, 2
6525, 0, 1, 23, 47, 2
6525, 0, 3, 24, 12, 2
6525, 0, 1, 24, 13, 2
6525, 0, 3, 24, 15, 2
6525, 0, 1, 24, 17, 2
6525, 9, 2, 24, 24, 2
6525, 1, 2, 24, 25, 2
6525, 1, 1, 24, 26, 2
6525, 0, 2, 24, 27, 2
6525, 0, 2, 24, 29, 2
6525, 9, 1, 24, 30, 2
6525, 0, 3, 24, 33, 2
6525, 1, 0, 24, 34, 2
6525, 0, 0, 24, 35, 2
6525, 0, 0, 24, 36, 2
6525, 0, 0, 24, 37, 2
6525, 9, 0, 24, 39, 2
6525, 9, 2, 24, 41, 2
6525, 1, 2, 24, 42, 2
6525, 0, 1, 24, 47, 2
6525, 0, 3, 25, 12, 2
6525, 0, 1, 25, 13, 2
6525, 0, 3, 25, 15, 2
6525, 0, 1, 25, 17, 2
6525, 9, 3, 25, 20, 2
6525, 9, 0, 25, 21, 2
6525, 9, 2, 25, 25, 2
6525, 9, 1, 25, 26, 2
6525, 0, 3, 25, 33, 2
6525, 0, 1, 25, 39, 2
6525, 0, 3, 25, 42, 2
6525, 1, 0, 25, 43, 2
6525, 9, 0, 25, 44, 2
6525, 0, 3, 25, 46, 2
6525, 0, 1, 25, 47, 2
6525, 0, 3, 26, 12, 2
6525, 0, 1, 26, 13, 2
6525, 0, 3, 26, 15, 2
6525, 1, 0, 26, 17, 2
6525, 0, 0, 26, 18, 2
6525, 1, 3, 26, 20, 2
6525, 1, 0, 26, 21, 2
6525, 9, 0, 26, 22, 2
6525, 9, 3, 26, 32, 2
6525, 1, 3, 26, 33, 2
6525, 0, 1, 26, 39, 2
6525, 9, 2, 26, 42, 2
6525, 1, 2, 26, 43, 2
6525, 0, 1, 26, 44, 2
6525, 0, 3, 26, 46, 2
6525, 0, 1, 26, 47, 2
6525, 0, 3, 27, 12, 2
6525, 0, 1, 27, 13, 2
6525, 0, 3, 27, 15, 2
6525, 1, 0, 27, 22, 2
6525, 9, 0, 27, 23, 2
6525, 9, 3, 27, 27, 2
6525, 0, 0, 27, 28, 2
6525, 0, 0, 27, 29, 2
6525, 0, 0, 27, 30, 2
6525, 0, 0, 27, 31, 2
6525, 1, 3, 27, 32, 2
6525, 1, 1, 27, 34, 2
6525, 0, 2, 27, 35, 2
6525, 0, 2, 27, 37, 2
6525, 1, 2, 27, 38, 2
6525, 1, 0, 27, 39, 2
6525, 9, 0, 27, 40, 2
6525, 0, 3, 27, 43, 2
6525, 0, 1, 27, 44, 2
6525, 0, 3, 27, 46, 2
6525, 0, 1, 27, 47, 2
6525, 0, 3, 28, 12, 2
6525, 0, 1, 28, 13, 2
6525, 9, 2, 28, 15, 2
6525, 0, 2, 28, 16, 2
6525, 1, 2, 28, 18, 2
6525, 1, 1, 28, 22, 2
6525, 9, 1, 28, 23, 2
6525, 0, 3, 28, 27, 2
6525, 0, 1, 28, 34, 2
6525, 0, 3, 28, 38, 2
6525, 0, 1, 28, 40, 2
6525, 0, 3, 28, 43, 2
6525, 0, 1, 28, 44, 2
6525, 0, 3, 28, 46, 2
6525, 0, 1, 28, 47, 2
6525, 0, 3, 29, 12, 2
6525, 0, 1, 29, 13, 2
6525, 9, 2, 29, 18, 2
6525, 1, 2, 29, 19, 2
6525, 0, 1, 29, 22, 2
6525, 9, 3, 29, 26, 2
6525, 1, 3, 29, 27, 2
6525, 0, 1, 29, 34, 2
6525, 0, 3, 29, 38, 2
6525, 0, 1, 29, 40, 2
6525, 0, 3, 29, 43, 2
6525, 0, 1, 29, 44, 2
6525, 0, 3, 29, 46, 2
6525, 0, 1, 29, 47, 2
6525, 0, 3, 30, 12, 2
6525, 0, 1, 30, 13, 2
6525, 9, 3, 30, 15, 2
6525, 9, 0, 30, 16, 2
6525, 0, 1, 30, 22, 2
6525, 9, 3, 30, 24, 2
6525, 0, 0, 30, 25, 2
6525, 1, 3, 30, 26, 2
6525, 1, 1, 30, 28, 2
6525, 0, 2, 30, 30, 2
6525, 0, 2, 30, 31, 2
6525, 1, 2, 30, 32, 2
6525, 0, 1, 30, 34, 2
6525, 0, 3, 30, 38, 2
6525, 1, 0, 30, 40, 2
6525, 0, 0, 30, 41, 2
6525, 0, 0, 30, 42, 2
6525, 1, 3, 30, 43, 2
6525, 0, 1, 30, 47, 2
6525, 0, 3, 31, 12, 2
6525, 0, 1, 31, 13, 2
6525, 0, 1, 31, 16, 2
6525, 0, 1, 31, 22, 2
6525, 0, 3, 31, 24, 2
6525, 1, 1, 31, 27, 2
6525, 9, 1, 31, 28, 2
6525, 9, 2, 31, 32, 2
6525, 1, 2, 31, 33, 2
6525, 0, 1, 31, 34, 2
6525, 1, 0, 31, 44, 2
6525, 1, 3, 31, 46, 2
6525, 0, 1, 31, 47, 2
6525, 0, 3, 32, 12, 2
6525, 0, 1, 32, 13, 2
6525, 9, 2, 32, 15, 2
6525, 9, 1, 32, 16, 2
6525, 0, 3, 32, 19, 2
6525, 1, 1, 32, 21, 2
6525, 9, 1, 32, 22, 2
6525, 0, 3, 32, 24, 2
6525, 0, 1, 32, 27, 2
6525, 0, 3, 32, 33, 2
6525, 1, 0, 32, 34, 2
6525, 9, 0, 32, 35, 2
6525, 9, 3, 32, 37, 2
6525, 1, 3, 32, 38, 2
6525, 1, 1, 32, 41, 2
6525, 0, 2, 32, 42, 2
6525, 0, 2, 32, 44, 2
6525, 1, 2, 32, 45, 2
6525, 0, 1, 32, 47, 2
6525, 0, 3, 33, 12, 2
6525, 0, 1, 33, 13, 2
6525, 9, 3, 33, 18, 2
6525, 1, 3, 33, 19, 2
6525, 1, 1, 33, 20, 2
6525, 9, 1, 33, 21, 2
6525, 0, 3, 33, 24, 2
6525, 1, 1, 33, 26, 2
6525, 9, 1, 33, 27, 2
6525, 0, 3, 33, 33, 2
6525, 0, 1, 33, 35, 2
6525, 0, 3, 33, 37, 2
6525, 1, 1, 33, 40, 2
6525, 9, 1, 33, 41, 2
6525, 0, 3, 33, 45, 2
6525, 0, 1, 33, 47, 2
6525, 0, 3, 34, 12, 2
6525, 0, 1, 34, 13, 2
6525, 9, 3, 34, 15, 2
6525, 0, 0, 34, 16, 2
6525, 1, 3, 34, 18, 2
6525, 0, 1, 34, 20, 2
6525, 0, 3, 34, 24, 2
6525, 1, 1, 34, 25, 2
6525, 9, 1, 34, 26, 2
6525, 9, 3, 34, 32, 2
6525, 1, 3, 34, 33, 2
6525, 0, 1, 34, 35, 2
6525, 0, 3, 34, 37, 2
6525, 0, 1, 34, 40, 2
6525, 0, 1, 34, 47, 2
6525, 0, 3, 35, 12, 2
6525, 0, 1, 35, 13, 2
6525, 0, 3, 35, 15, 2
6525, 0, 1, 35, 20, 2
6525, 9, 3, 35, 23, 2
6525, 1, 3, 35, 24, 2
6525, 9, 3, 35, 28, 2
6525, 9, 0, 35, 29, 2
6525, 0, 3, 35, 32, 2
6525, 1, 1, 35, 34, 2
6525, 9, 1, 35, 35, 2
6525, 9, 2, 35, 37, 2
6525, 1, 2, 35, 38, 2
6525, 0, 1, 35, 40, 2
6525, 9, 3, 35, 44, 2
6525, 1, 3, 35, 45, 2
6525, 0, 1, 35, 47, 2
6525, 0, 3, 36, 12, 2
6525, 0, 1, 36, 13, 2
6525, 0, 3, 36, 15, 2
6525, 0, 1, 36, 20, 2
6525, 9, 3, 36, 22, 2
6525, 1, 3, 36, 23, 2
6525, 0, 1, 36, 25, 2
6525, 0, 3, 36, 28, 2
6525, 0, 1, 36, 29, 2
6525, 9, 3, 36, 31, 2
6525, 1, 3, 36, 32, 2
6525, 0, 1, 36, 34, 2
6525, 0, 3, 36, 38, 2
6525, 0, 1, 36, 40, 2
6525, 0, 3, 36, 44, 2
6525, 0, 1, 36, 47, 2
6525, 0, 3, 37, 12, 2
6525, 0, 1, 37, 13, 2
6525, 0, 3, 37, 15, 2
6525, 0, 1, 37, 20, 2
6525, 0, 3, 37, 22, 2
6525, 1, 1, 37, 24, 2
6525, 9, 1, 37, 25, 2
6525, 0, 3, 37, 28, 2
6525, 0, 1, 37, 29, 2
6525, 0, 3, 37, 31, 2
6525, 1, 0, 37, 40, 2
6525, 9, 0, 37, 41, 2
6525, 0, 3, 37, 44, 2
6525, 0, 1, 37, 47, 2
6525, 0, 3, 38, 12, 2
6525, 0, 1, 38, 13, 2
6525, 0, 3, 38, 15, 2
6525, 0, 1, 38, 20, 2
6525, 0, 3, 38, 22, 2
6525, 0, 1, 38, 24, 2
6525, 9, 3, 38, 27, 2
6525, 1, 3, 38, 28, 2
6525, 0, 1, 38, 29, 2
6525, 0, 3, 38, 31, 2
6525, 0, 1, 38, 34, 2
6525, 0, 3, 38, 38, 2
6525, 0, 1, 38, 41, 2
6525, 0, 3, 38, 44, 2
6525, 0, 1, 38, 47, 2
6525, 0, 3, 39, 12, 2
6525, 0, 1, 39, 13, 2
6525, 9, 2, 39, 15, 2
6525, 0, 2, 39, 16, 2
6525, 0, 2, 39, 17, 2
6525, 0, 2, 39, 18, 2
6525, 1, 2, 39, 19, 2
6525, 0, 1, 39, 20, 2
6525, 9, 2, 39, 22, 2
6525, 0, 2, 39, 23, 2
6525, 9, 1, 39, 24, 2
6525, 9, 3, 39, 26, 2
6525, 1, 3, 39, 27, 2
6525, 1, 1, 39, 28, 2
6525, 9, 1, 39, 29, 2
6525, 0, 3, 39, 31, 2
6525, 0, 1, 39, 34, 2
6525, 0, 3, 39, 38, 2
6525, 0, 1, 39, 41, 2
6525, 0, 3, 39, 44, 2
6525, 0, 1, 39, 47, 2
6525, 0, 3, 40, 12, 2
6525, 0, 1, 40, 13, 2
6525, 0, 3, 40, 19, 2
6525, 0, 1, 40, 20, 2
6525, 0, 3, 40, 26, 2
6525, 9, 2, 40, 31, 2
6525, 0, 2, 40, 32, 2
6525, 0, 2, 40, 33, 2
6525, 9, 1, 40, 34, 2
6525, 9, 2, 40, 38, 2
6525, 0, 2, 40, 39, 2
6525, 0, 2, 40, 40, 2
6525, 9, 1, 40, 41, 2
6525, 9, 2, 40, 44, 2
6525, 1, 2, 40, 45, 2
6525, 0, 1, 40, 47, 2
6525, 0, 3, 41, 12, 2
6525, 1, 0, 41, 13, 2
6525, 0, 0, 41, 14, 2
6525, 0, 0, 41, 15, 2
6525, 0, 0, 41, 16, 2
6525, 9, 0, 41, 17, 2
6525, 0, 3, 41, 19, 2
6525, 0, 1, 41, 20, 2
6525, 0, 3, 41, 26, 2
6525, 0, 1, 41, 28, 2
6525, 0, 3, 41, 45, 2
6525, 0, 1, 41, 47, 2
6525, 0, 3, 42, 12, 2
6525, 0, 1, 42, 17, 2
6525, 0, 3, 42, 19, 2
6525, 1, 0, 42, 20, 2
6525, 9, 0, 42, 21, 2
6525, 9, 3, 42, 25, 2
6525, 1, 3, 42, 26, 2
6525, 0, 1, 42, 47, 2
6525, 0, 3, 43, 12, 2
6525, 1, 1, 43, 16, 2
6525, 9, 1, 43, 17, 2
6525, 0, 3, 43, 19, 2
6525, 1, 0, 43, 21, 2
6525, 0, 0, 43, 23, 2
6525, 1, 3, 43, 25, 2
6525, 0, 1, 43, 28, 2
6525, 9, 3, 43, 44, 2
6525, 1, 3, 43, 45, 2
6525, 0, 1, 43, 47, 2
6525, 0, 3, 44, 12, 2
6525, 1, 1, 44, 15, 2
6525, 9, 1, 44, 16, 2
6525, 0, 3, 44, 19, 2
6525, 1, 0, 44, 28, 2
6525, 9, 0, 44, 29, 2
6525, 9, 3, 44, 31, 2
6525, 0, 0, 44, 32, 2
6525, 0, 0, 44, 33, 2
6525, 9, 0, 44, 34, 2
6525, 9, 3, 44, 38, 2
6525, 0, 0, 44, 39, 2
6525, 0, 0, 44, 40, 2
6525, 9, 0, 44, 41, 2
6525, 9, 3, 44, 43, 2
6525, 1, 3, 44, 44, 2
6525, 0, 1, 44, 47, 2
6525, 0, 3, 45, 12, 2
6525, 1, 1, 45, 14, 2
6525, 9, 1, 45, 15, 2
6525, 1, 1, 45, 21, 2
6525, 0, 2, 45, 22, 2
6525, 0, 2, 45, 23, 2
6525, 0, 2, 45, 24, 2
6525, 1, 2, 45, 25, 2
6525, 1, 0, 45, 29, 2
6525, 1, 3, 45, 31, 2
6525, 0, 1, 45, 34, 2
6525, 0, 3, 45, 38, 2
6525, 1, 0, 45, 41, 2
6525, 1, 3, 45, 43, 2
6525, 0, 1, 45, 47, 2
6525, 0, 3, 46, 12, 2
6525, 9, 2, 46, 19, 2
6525, 9, 1, 46, 21, 2
6525, 9, 2, 46, 25, 2
6525, 0, 2, 46, 26, 2
6525, 0, 2, 46, 28, 2
6525, 1, 2, 46, 29, 2
6525, 0, 1, 46, 34, 2
6525, 0, 3, 46, 38, 2
6525, 1, 1, 46, 44, 2
6525, 0, 2, 46, 45, 2
6525, 1, 2, 46, 46, 2
6525, 0, 1, 46, 47, 2
6525, 0, 3, 47, 12, 2
6525, 0, 1, 47, 14, 2
6525, 0, 3, 47, 29, 2
6525, 1, 1, 47, 42, 2
6525, 0, 2, 47, 43, 2
6525, 9, 1, 47, 44, 2
6525, 0, 1, 47, 47, 2
6525, 0, 3, 48, 12, 2
6525, 9, 2, 48, 29, 2
6525, 0, 2, 48, 30, 2
6525, 0, 2, 48, 31, 2
6525, 0, 2, 48, 32, 2
6525, 0, 2, 48, 33, 2
6525, 9, 1, 48, 34, 2
6525, 9, 2, 48, 38, 2
6525, 0, 2, 48, 39, 2
6525, 0, 2, 48, 40, 2
6525, 0, 2, 48, 41, 2
6525, 9, 1, 48, 42, 2
6525, 0, 3, 48, 46, 2
6525, 0, 1, 48, 47, 2
6525, 0, 3, 49, 12, 2
6525, 0, 1, 49, 14, 2
6525, 9, 3, 49, 16, 2
6525, 9, 0, 49, 17, 2
6525, 9, 3, 49, 23, 2
6525, 0, 0, 49, 24, 2
6525, 0, 0, 49, 25, 2
6525, 0, 0, 49, 26, 2
6525, 9, 0, 49, 27, 2
6525, 0, 1, 49, 47, 2
6525, 0, 3, 50, 12, 2
6525, 0, 1, 50, 14, 2
6525, 9, 2, 50, 16, 2
6525, 9, 1, 50, 17, 2
6525, 0, 3, 50, 23, 2
6525, 1, 0, 50, 27, 2
6525, 9, 0, 50, 28, 2
6525, 9, 3, 50, 45, 2
6525, 1, 3, 50, 46, 2
6525, 0, 1, 50, 47, 2
6525, 0, 3, 51, 12, 2
6525, 0, 1, 51, 14, 2
6525, 0, 3, 51, 23, 2
6525, 1, 0, 51, 28, 2
6525, 0, 0, 51, 29, 2
6525, 0, 0, 51, 30, 2
6525, 0, 0, 51, 31, 2
6525, 0, 0, 51, 32, 2
6525, 0, 0, 51, 33, 2
6525, 0, 0, 51, 34, 2
6525, 0, 0, 51, 35, 2
6525, 0, 0, 51, 37, 2
6525, 9, 0, 51, 38, 2
6525, 9, 3, 51, 42, 2
6525, 0, 0, 51, 43, 2
6525, 0, 0, 51, 44, 2
6525, 1, 3, 51, 45, 2
6525, 0, 1, 51, 47, 2
6525, 0, 3, 52, 12, 2
6525, 1, 0, 52, 14, 2
6525, 0, 0, 52, 15, 2
6525, 0, 0, 52, 16, 2
6525, 0, 0, 52, 17, 2
6525, 0, 0, 52, 18, 2
6525, 0, 0, 52, 19, 2
6525, 0, 0, 52, 21, 2
6525, 0, 0, 52, 22, 2
6525, 1, 3, 52, 23, 2
6525, 1, 0, 52, 38, 2
6525, 9, 0, 52, 39, 2
6525, 9, 3, 52, 41, 2
6525, 1, 3, 52, 42, 2
6525, 0, 1, 52, 47, 2
6525, 0, 3, 53, 12, 2
6525, 1, 0, 53, 39, 2
6525, 1, 3, 53, 41, 2
6525, 0, 1, 53, 47, 2
6525, 9, 2, 54, 12, 2
6525, 0, 2, 54, 13, 2
6525, 0, 2, 54, 14, 2
6525, 0, 2, 54, 15, 2
6525, 0, 2, 54, 16, 2
6525, 0, 2, 54, 17, 2
6525, 0, 2, 54, 18, 2
6525, 0, 2, 54, 19, 2
6525, 0, 2, 54, 20, 2
6525, 0, 2, 54, 21, 2
6525, 0, 2, 54, 22, 2
6525, 0, 2, 54, 23, 2
6525, 0, 2, 54, 24, 2
6525, 0, 2, 54, 25, 2
6525, 0, 2, 54, 26, 2
6525, 0, 2, 54, 27, 2
6525, 0, 2, 54, 28, 2
6525, 0, 2, 54, 29, 2
6525, 0, 2, 54, 30, 2
6525, 0, 2, 54, 31, 2
6525, 0, 2, 54, 32, 2
6525, 0, 2, 54, 33, 2
6525, 0, 2, 54, 34, 2
6525, 0, 2, 54, 35, 2
6525, 0, 2, 54, 36, 2
6525, 0, 2, 54, 37, 2
6525, 0, 2, 54, 38, 2
6525, 0, 2, 54, 39, 2
6525, 0, 2, 54, 40, 2
6525, 0, 2, 54, 41, 2
6525, 0, 2, 54, 42, 2
6525, 0, 2, 54, 43, 2
6525, 0, 2, 54, 44, 2
6525, 0, 2, 54, 45, 2
6525, 0, 2, 54, 46, 2
6525, 9, 1, 54, 47, 2
6526, 0, 2, 13, 30, 2
6526, 0, 3, 13, 44, 2
6526, 0, 3, 21, 24, 2
6526, 0, 3, 23, 15, 2
6526, 0, 2, 24, 28, 2
6526, 0, 0, 24, 38, 2
6526, 0, 3, 24, 46, 2
6526, 0, 0, 26, 19, 2
6526, 0, 2, 28, 17, 2
6526, 0, 1, 30, 44, 2
6526, 0, 3, 30, 46, 2
6526, 0, 3, 31, 15, 2
6526, 0, 0, 31, 45, 2
6526, 0, 0, 34, 17, 2
6526, 0, 3, 34, 45, 2
6526, 0, 1, 35, 25, 2
6526, 0, 1, 37, 34, 2
6526, 0, 3, 37, 38, 2
6526, 0, 0, 43, 24, 2
6526, 0, 0, 45, 30, 2
6526, 0, 0, 45, 42, 2
6526, 0, 2, 46, 20, 2
6526, 0, 2, 46, 27, 2
6526, 0, 1, 47, 34, 2
6526, 0, 3, 47, 38, 2
6526, 0, 3, 49, 46, 2
6529, 0, 2, 13, 33, 2
6529, 0, 1, 17, 13, 2
6529, 0, 2, 19, 22, 2
6529, 0, 2, 21, 39, 2
6529, 0, 1, 24, 43, 2
6529, 0, 3, 30, 19, 2
6529, 0, 2, 30, 29, 2
6529, 0, 3, 31, 38, 2
6529, 0, 2, 32, 43, 2
6529, 0, 1, 40, 28, 2
6529, 0, 0, 43, 22, 2
6529, 0, 3, 45, 19, 2
6529, 0, 1, 46, 14, 2
6529, 0, 3, 47, 46, 2
6529, 0, 0, 51, 36, 2
6530, 10, 1, 14, 33, 2
6530, 10, 0, 17, 14, 2
6530, 10, 1, 20, 22, 2
6530, 10, 0, 22, 39, 2
6530, 10, 2, 24, 44, 2
6530, 10, 3, 30, 18, 2
6530, 10, 3, 31, 29, 2
6530, 10, 2, 31, 37, 2
6530, 10, 3, 33, 43, 2
6530, 10, 0, 40, 29, 2
6530, 10, 2, 42, 22, 2
6530, 10, 2, 45, 18, 2
6530, 10, 1, 46, 15, 2
6530, 10, 0, 47, 45, 2
6530, 10, 1, 50, 36, 2
6531, 10, 3, 12, 13, 2
6531, 10, 3, 12, 14, 2
6531, 10, 3, 12, 15, 2
6531, 10, 3, 12, 16, 2
6531, 10, 3, 12, 25, 2
6531, 10, 3, 12, 26, 2
6531, 10, 3, 12, 27, 2
6531, 10, 3, 12, 28, 2
6531, 10, 3, 12, 29, 2
6531, 10, 3, 12, 30, 2
6531, 10, 3, 12, 31, 2
6531, 10, 3, 12, 32, 2
6531, 10, 3, 12, 33, 2
6531, 10, 3, 12, 34, 2
6531, 10, 3, 12, 35, 2
6531, 10, 3, 12, 36, 2
6531, 10, 3, 12, 45, 2
6531, 10, 3, 12, 46, 2
6531, 10, 3, 13, 13, 2
6531, 10, 3, 13, 14, 2
6531, 10, 3, 13, 15, 2
6531, 10, 3, 13, 35, 2
6531, 10, 3, 13, 36, 2
6531, 10, 3, 13, 45, 2
6531, 10, 3, 13, 46, 2
6531, 10, 3, 14, 13, 2
6531, 10, 3, 14, 14, 2
6531, 10, 3, 14, 35, 2
6531, 10, 3, 14, 36, 2
6531, 10, 3, 14, 45, 2
6531, 10, 3, 14, 46, 2
6531, 10, 3, 15, 13, 2
6531, 10, 3, 15, 35, 2
6531, 10, 3, 15, 36, 2
6531, 10, 3, 15, 40, 2
6531, 10, 3, 15, 41, 2
6531, 10, 3, 15, 45, 2
6531, 10, 3, 15, 46, 2
6531, 10, 3, 16, 35, 2
6531, 10, 3, 16, 36, 2
6531, 10, 3, 16, 40, 2
6531, 10, 3, 16, 41, 2
6531, 10, 3, 16, 45, 2
6531, 10, 3, 16, 46, 2
6531, 10, 3, 17, 25, 2
6531, 10, 3, 17, 26, 2
6531, 10, 3, 17, 35, 2
6531, 10, 3, 17, 36, 2
6531, 10, 3, 17, 40, 2
6531, 10, 3, 17, 41, 2
6531, 10, 3, 17, 45, 2
6531, 10, 3, 17, 46, 2
6531, 10, 3, 18, 18, 2
6531, 10, 3, 18, 19, 2
6531, 10, 3, 18, 20, 2
6531, 10, 3, 18, 21, 2
6531, 10, 3, 18, 22, 2
6531, 10, 3, 18, 23, 2
6531, 10, 3, 18, 24, 2
6531, 10, 3, 18, 25, 2
6531, 10, 3, 18, 26, 2
6531, 10, 3, 18, 27, 2
6531, 10, 3, 18, 45, 2
6531, 10, 3, 18, 46, 2
6531, 10, 3, 19, 25, 2
6531, 10, 3, 19, 26, 2
6531, 10, 3, 19, 27, 2
6531, 10, 3, 19, 28, 2
6531, 10, 3, 19, 45, 2
6531, 10, 3, 19, 46, 2
6531, 10, 3, 20, 16, 2
6531, 10, 3, 20, 25, 2
6531, 10, 3, 20, 26, 2
6531, 10, 3, 20, 27, 2
6531, 10, 3, 20, 28, 2
6531, 10, 3, 20, 29, 2
6531, 10, 3, 20, 30, 2
6531, 10, 3, 20, 39, 2
6531, 10, 3, 20, 40, 2
6531, 10, 3, 20, 46, 2
6531, 10, 3, 21, 16, 2
6531, 10, 3, 21, 25, 2
6531, 10, 3, 21, 26, 2
6531, 10, 3, 21, 27, 2
6531, 10, 3, 21, 28, 2
6531, 10, 3, 21, 29, 2
6531, 10, 3, 21, 30, 2
6531, 10, 3, 21, 41, 2
6531, 10, 3, 22, 16, 2
6531, 10, 3, 22, 25, 2
6531, 10, 3, 22, 26, 2
6531, 10, 3, 22, 27, 2
6531, 10, 3, 22, 28, 2
6531, 10, 3, 22, 29, 2
6531, 10, 3, 23, 16, 2
6531, 10, 3, 23, 25, 2
6531, 10, 3, 23, 26, 2
6531, 10, 3, 23, 27, 2
6531, 10, 3, 23, 28, 2
6531, 10, 3, 23, 29, 2
6531, 10, 3, 24, 16, 2
6531, 10, 3, 25, 16, 2
6531, 10, 3, 25, 34, 2
6531, 10, 3, 25, 35, 2
6531, 10, 3, 25, 36, 2
6531, 10, 3, 25, 37, 2
6531, 10, 3, 25, 38, 2
6531, 10, 3, 26, 16, 2
6531, 10, 3, 26, 34, 2
6531, 10, 3, 26, 35, 2
6531, 10, 3, 26, 36, 2
6531, 10, 3, 26, 37, 2
6531, 10, 3, 26, 38, 2
6531, 10, 3, 27, 16, 2
6531, 10, 3, 27, 17, 2
6531, 10, 3, 27, 18, 2
6531, 10, 3, 27, 19, 2
6531, 10, 3, 27, 20, 2
6531, 10, 3, 27, 21, 2
6531, 10, 3, 27, 33, 2
6531, 10, 3, 28, 19, 2
6531, 10, 3, 28, 20, 2
6531, 10, 3, 28, 21, 2
6531, 10, 3, 28, 28, 2
6531, 10, 3, 28, 29, 2
6531, 10, 3, 28, 30, 2
6531, 10, 3, 28, 31, 2
6531, 10, 3, 28, 32, 2
6531, 10, 3, 28, 33, 2
6531, 10, 3, 28, 39, 2
6531, 10, 3, 29, 20, 2
6531, 10, 3, 29, 21, 2
6531, 10, 3, 29, 28, 2
6531, 10, 3, 29, 29, 2
6531, 10, 3, 29, 30, 2
6531, 10, 3, 29, 31, 2
6531, 10, 3, 29, 32, 2
6531, 10, 3, 29, 33, 2
6531, 10, 3, 29, 39, 2
6531, 10, 3, 30, 20, 2
6531, 10, 3, 30, 21, 2
6531, 10, 3, 30, 27, 2
6531, 10, 3, 30, 33, 2
6531, 10, 3, 30, 39, 2
6531, 10, 3, 31, 20, 2
6531, 10, 3, 31, 21, 2
6531, 10, 3, 31, 25, 2
6531, 10, 3, 31, 26, 2
6531, 10, 3, 31, 39, 2
6531, 10, 3, 31, 40, 2
6531, 10, 3, 31, 41, 2
6531, 10, 3, 31, 42, 2
6531, 10, 3, 31, 43, 2
6531, 10, 3, 32, 20, 2
6531, 10, 3, 32, 25, 2
6531, 10, 3, 32, 26, 2
6531, 10, 3, 32, 39, 2
6531, 10, 3, 32, 40, 2
6531, 10, 3, 32, 46, 2
6531, 10, 3, 33, 25, 2
6531, 10, 3, 33, 34, 2
6531, 10, 3, 33, 38, 2
6531, 10, 3, 33, 39, 2
6531, 10, 3, 33, 46, 2
6531, 10, 3, 34, 19, 2
6531, 10, 3, 34, 34, 2
6531, 10, 3, 34, 38, 2
6531, 10, 3, 34, 39, 2
6531, 10, 3, 34, 46, 2
6531, 10, 3, 35, 16, 2
6531, 10, 3, 35, 17, 2
6531, 10, 3, 35, 18, 2
6531, 10, 3, 35, 19, 2
6531, 10, 3, 35, 33, 2
6531, 10, 3, 35, 39, 2
6531, 10, 3, 35, 46, 2
6531, 10, 3, 36, 16, 2
6531, 10, 3, 36, 17, 2
6531, 10, 3, 36, 18, 2
6531, 10, 3, 36, 19, 2
6531, 10, 3, 36, 24, 2
6531, 10, 2, 36, 33, 2
6531, 10, 3, 36, 39, 2
6531, 10, 3, 36, 45, 2
6531, 10, 3, 36, 46, 2
6531, 10, 3, 37, 16, 2
6531, 10, 3, 37, 17, 2
6531, 10, 3, 37, 18, 2
6531, 10, 3, 37, 19, 2
6531, 10, 3, 37, 23, 2
6531, 10, 3, 37, 32, 2
6531, 10, 3, 37, 33, 2
6531, 10, 3, 37, 39, 2
6531, 10, 3, 37, 45, 2
6531, 10, 3, 37, 46, 2
6531, 10, 3, 38, 16, 2
6531, 10, 3, 38, 17, 2
6531, 10, 3, 38, 18, 2
6531, 10, 3, 38, 19, 2
6531, 10, 3, 38, 23, 2
6531, 10, 3, 38, 32, 2
6531, 10, 3, 38, 33, 2
6531, 10, 3, 38, 39, 2
6531, 10, 3, 38, 40, 2
6531, 10, 3, 38, 45, 2
6531, 10, 3, 38, 46, 2
6531, 10, 3, 39, 32, 2
6531, 10, 3, 39, 33, 2
6531, 10, 3, 39, 39, 2
6531, 10, 3, 39, 40, 2
6531, 10, 3, 39, 45, 2
6531, 10, 3, 39, 46, 2
6531, 10, 3, 40, 27, 2
6531, 10, 3, 40, 46, 2
6531, 10, 3, 41, 27, 2
6531, 10, 3, 41, 46, 2
6531, 10, 3, 42, 13, 2
6531, 10, 3, 42, 14, 2
6531, 10, 3, 42, 15, 2
6531, 10, 3, 42, 16, 2
6531, 10, 3, 42, 27, 2
6531, 10, 3, 42, 46, 2
6531, 10, 3, 43, 13, 2
6531, 10, 3, 43, 14, 2
6531, 10, 3, 43, 15, 2
6531, 10, 3, 43, 20, 2
6531, 10, 3, 43, 26, 2
6531, 10, 3, 43, 27, 2
6531, 10, 3, 43, 46, 2
6531, 10, 3, 44, 13, 2
6531, 10, 3, 44, 14, 2
6531, 10, 3, 44, 20, 2
6531, 10, 3, 44, 21, 2
6531, 10, 3, 44, 22, 2
6531, 10, 3, 44, 23, 2
6531, 10, 3, 44, 24, 2
6531, 10, 3, 44, 25, 2
6531, 10, 3, 44, 26, 2
6531, 10, 3, 44, 27, 2
6531, 10, 3, 44, 45, 2
6531, 10, 3, 44, 46, 2
6531, 10, 3, 45, 13, 2
6531, 10, 3, 45, 20, 2
6531, 10, 3, 45, 26, 2
6531, 10, 3, 45, 27, 2
6531, 10, 3, 45, 28, 2
6531, 10, 3, 45, 32, 2
6531, 10, 3, 45, 33, 2
6531, 10, 3, 45, 39, 2
6531, 10, 3, 45, 40, 2
6531, 10, 3, 45, 44, 2
6531, 10, 3, 45, 45, 2
6531, 10, 3, 45, 46, 2
6531, 10, 3, 46, 13, 2
6531, 10, 3, 46, 30, 2
6531, 10, 3, 46, 31, 2
6531, 10, 3, 46, 32, 2
6531, 10, 3, 46, 33, 2
6531, 10, 3, 46, 39, 2
6531, 10, 3, 46, 40, 2
6531, 10, 3, 46, 41, 2
6531, 10, 3, 46, 42, 2
6531, 10, 3, 46, 43, 2
6531, 10, 3, 47, 13, 2
6531, 10, 3, 47, 30, 2
6531, 10, 3, 47, 31, 2
6531, 10, 3, 47, 32, 2
6531, 10, 3, 47, 33, 2
6531, 10, 3, 47, 39, 2
6531, 10, 3, 47, 40, 2
6531, 10, 3, 47, 41, 2
6531, 10, 3, 48, 13, 2
6531, 10, 3, 49, 13, 2
6531, 10, 3, 50, 13, 2
6531, 10, 3, 50, 24, 2
6531, 10, 3, 50, 25, 2
6531, 10, 3, 50, 26, 2
6531, 10, 3, 51, 13, 2
6531, 10, 3, 51, 24, 2
6531, 10, 3, 51, 25, 2
6531, 10, 3, 51, 26, 2
6531, 10, 3, 51, 27, 2
6531, 10, 3, 51, 46, 2
6531, 10, 3, 52, 13, 2
6531, 10, 3, 52, 24, 2
6531, 10, 3, 52, 25, 2
6531, 10, 3, 52, 26, 2
6531, 10, 3, 52, 27, 2
6531, 10, 3, 52, 28, 2
6531, 10, 3, 52, 29, 2
6531, 10, 3, 52, 30, 2
6531, 10, 3, 52, 31, 2
6531, 10, 3, 52, 32, 2
6531, 10, 3, 52, 33, 2
6531, 10, 3, 52, 34, 2
6531, 10, 3, 52, 35, 2
6531, 10, 3, 52, 36, 2
6531, 10, 3, 52, 37, 2
6531, 10, 3, 52, 43, 2
6531, 10, 3, 52, 44, 2
6531, 10, 3, 52, 45, 2
6531, 10, 3, 52, 46, 2
6531, 10, 3, 53, 13, 2
6531, 10, 3, 53, 14, 2
6531, 10, 3, 53, 15, 2
6531, 10, 3, 53, 16, 2
6531, 10, 3, 53, 17, 2
6531, 10, 3, 53, 18, 2
6531, 10, 3, 53, 19, 2
6531, 10, 3, 53, 20, 2
6531, 10, 3, 53, 21, 2
6531, 10, 3, 53, 22, 2
6531, 10, 3, 53, 23, 2
6531, 10, 3, 53, 24, 2
6531, 10, 3, 53, 25, 2
6531, 10, 3, 53, 26, 2
6531, 10, 3, 53, 27, 2
6531, 10, 3, 53, 28, 2
6531, 10, 3, 53, 29, 2
6531, 10, 3, 53, 30, 2
6531, 10, 3, 53, 31, 2
6531, 10, 3, 53, 32, 2
6531, 10, 3, 53, 33, 2
6531, 10, 3, 53, 34, 2
6531, 10, 3, 53, 35, 2
6531, 10, 3, 53, 36, 2
6531, 10, 3, 53, 37, 2
6531, 10, 3, 53, 38, 2
6531, 10, 3, 53, 42, 2
6531, 10, 3, 53, 43, 2
6531, 10, 3, 53, 44, 2
6531, 10, 3, 53, 45, 2
6531, 10, 3, 53, 46, 2
6535, 4, 1, 13, 43, 2
6535, 4, 0, 14, 30, 2
6535, 4, 1, 21, 23, 2
6535, 4, 2, 23, 38, 2
6535, 4, 1, 24, 45, 2
6535, 4, 2, 25, 19, 2
6535, 4, 0, 25, 28, 2
6535, 4, 0, 29, 17, 2
6535, 4, 1, 31, 14, 2
6535, 4, 2, 33, 17, 2
6535, 4, 1, 34, 44, 2
6535, 4, 3, 35, 26, 2
6535, 4, 3, 37, 35, 2
6535, 4, 1, 37, 37, 2
6535, 4, 2, 42, 24, 2
6535, 4, 2, 44, 30, 2
6535, 4, 2, 44, 42, 2
6535, 4, 0, 47, 20, 2
6535, 4, 0, 47, 27, 2
6535, 4, 3, 47, 35, 2
6535, 4, 1, 47, 37, 2
6535, 4, 1, 49, 45, 2
6537, 4, 0, 13, 41, 2
6537, 4, 0, 14, 25, 2
6537, 4, 2, 15, 25, 2
6537, 4, 3, 16, 38, 2
6537, 4, 1, 17, 33, 2
6537, 4, 3, 18, 14, 2
6537, 4, 0, 20, 20, 2
6537, 4, 0, 22, 32, 2
6537, 4, 3, 22, 43, 2
6537, 4, 1, 22, 45, 2
6537, 4, 3, 23, 18, 2
6537, 4, 1, 25, 14, 2
6537, 4, 3, 25, 40, 2
6537, 4, 1, 28, 26, 2
6537, 4, 3, 29, 35, 2
6537, 4, 1, 29, 37, 2
6537, 4, 3, 31, 17, 2
6537, 4, 0, 31, 30, 2
6537, 4, 1, 32, 23, 2
6537, 4, 1, 37, 43, 2
6537, 4, 3, 38, 14, 2
6537, 4, 3, 38, 21, 2
6537, 4, 3, 38, 25, 2
6537, 4, 3, 39, 35, 2
6537, 4, 1, 39, 37, 2
6537, 4, 0, 40, 18, 2
6537, 4, 0, 41, 33, 2
6537, 4, 0, 41, 39, 2
6537, 4, 2, 43, 33, 2
6537, 4, 2, 43, 39, 2
6537, 4, 3, 45, 35, 2
6537, 4, 1, 45, 37, 2
6537, 4, 0, 46, 22, 2
6537, 4, 3, 47, 15, 2
6537, 4, 0, 49, 30, 2
6537, 4, 0, 49, 41, 2
6537, 4, 2, 51, 18, 2
