354, 10, 3, 30, 19, 0
355, 10, 3, 29, 19, 0
355, 10, 1, 29, 20, 0
917, 22, 3, 27, 33, 0
917, 22, 0, 27, 36, 0
917, 22, 2, 28, 33, 0
917, 22, 1, 28, 36, 0
918, 22, 3, 27, 34, 0
918, 22, 3, 27, 35, 0
918, 22, 1, 28, 34, 0
918, 22, 1, 28, 35, 0
3208, 13, 1, 25, 24, 1
3208, 13, 2, 25, 29, 1
3208, 13, 1, 25, 32, 1
3208, 13, 2, 25, 37, 1
3208, 16, 1, 26, 25, 1
3208, 16, 2, 26, 28, 1
3208, 16, 1, 26, 33, 1
3208, 16, 2, 26, 36, 1
3208, 16, 0, 27, 25, 1
3208, 16, 3, 27, 28, 1
3208, 17, 2, 27, 34, 1
3208, 17, 2, 27, 35, 1
3208, 13, 1, 28, 18, 1
3208, 13, 2, 28, 21, 1
3208, 13, 0, 28, 24, 1
3208, 13, 3, 28, 29, 1
3208, 17, 2, 28, 34, 1
3208, 17, 2, 28, 35, 1
3208, 16, 1, 29, 19, 1
3208, 16, 2, 29, 20, 1
3208, 17, 2, 29, 34, 1
3208, 17, 2, 29, 35, 1
3208, 16, 0, 30, 33, 1
3208, 16, 3, 30, 36, 1
3208, 16, 0, 31, 19, 1
3208, 16, 3, 31, 20, 1
3208, 13, 0, 31, 32, 1
3208, 13, 3, 31, 37, 1
3208, 13, 0, 32, 18, 1
3208, 13, 3, 32, 21, 1
3208, 13, 1, 35, 14, 1
3208, 13, 2, 35, 16, 1
3208, 13, 0, 39, 14, 1
3208, 13, 3, 39, 16, 1
3208, 13, 1, 39, 27, 1
3208, 13, 2, 39, 31, 1
3208, 13, 0, 41, 27, 1
3208, 13, 3, 41, 31, 1
3653, 12, 2, 26, 26, 1
3653, 12, 2, 26, 27, 1
3653, 12, 2, 26, 34, 1
3653, 12, 2, 26, 35, 1
3653, 12, 0, 27, 26, 1
3653, 12, 0, 27, 27, 1
3653, 12, 1, 27, 33, 1
3653, 12, 3, 27, 36, 1
3653, 12, 1, 28, 33, 1
3653, 12, 3, 28, 36, 1
3653, 12, 1, 29, 33, 1
3653, 12, 3, 29, 36, 1
3653, 12, 1, 30, 19, 1
3653, 12, 3, 30, 20, 1
3653, 12, 0, 30, 34, 1
3653, 12, 0, 30, 35, 1
3653, 17, 1, 36, 15, 1
3653, 17, 1, 37, 15, 1
3653, 17, 1, 38, 15, 1
3653, 17, 1, 40, 28, 1
3653, 17, 1, 40, 29, 1
3653, 17, 1, 40, 30, 1
3654, 12, 2, 25, 25, 1
3654, 12, 2, 25, 28, 1
3654, 12, 2, 25, 33, 1
3654, 12, 2, 25, 36, 1
3654, 12, 1, 26, 24, 1
3654, 12, 3, 26, 29, 1
3654, 12, 1, 26, 32, 1
3654, 12, 3, 26, 37, 1
3654, 12, 1, 27, 24, 1
3654, 12, 3, 27, 29, 1
3654, 12, 2, 28, 19, 1
3654, 12, 2, 28, 20, 1
3654, 12, 0, 28, 25, 1
3654, 12, 0, 28, 28, 1
3654, 12, 1, 29, 18, 1
3654, 12, 3, 29, 21, 1
3654, 12, 1, 30, 32, 1
3654, 12, 3, 30, 37, 1
3654, 12, 1, 31, 18, 1
3654, 12, 3, 31, 21, 1
3654, 12, 0, 31, 33, 1
3654, 12, 0, 31, 36, 1
3654, 12, 0, 32, 19, 1
3654, 12, 0, 32, 20, 1
3654, 12, 2, 35, 15, 1
3654, 12, 1, 36, 14, 1
3654, 12, 3, 36, 16, 1
3654, 12, 1, 38, 14, 1
3654, 12, 3, 38, 16, 1
3654, 12, 0, 39, 15, 1
3654, 12, 2, 39, 28, 1
3654, 12, 2, 39, 30, 1
3654, 12, 1, 40, 27, 1
3654, 12, 3, 40, 31, 1
3654, 12, 0, 41, 28, 1
3654, 12, 0, 41, 30, 1
3655, 12, 2, 25, 26, 1
3655, 12, 2, 25, 27, 1
3655, 12, 2, 25, 35, 1
3655, 12, 0, 28, 27, 1
3655, 12, 1, 28, 32, 1
3655, 12, 3, 28, 37, 1
3655, 12, 1, 30, 18, 1
3655, 12, 3, 30, 21, 1
3655, 12, 0, 31, 34, 1
3655, 12, 1, 37, 14, 1
3655, 12, 3, 37, 16, 1
3655, 12, 2, 39, 29, 1
3655, 12, 0, 41, 29, 1
3656, 12, 2, 25, 34, 1
3656, 12, 1, 27, 32, 1
3656, 12, 3, 27, 37, 1
3656, 12, 0, 28, 26, 1
3656, 12, 1, 29, 32, 1
3656, 12, 3, 29, 37, 1
3656, 12, 0, 31, 35, 1
3657, 10, 1, 25, 34, 0
3657, 10, 2, 27, 37, 0
3657, 10, 0, 28, 32, 0
3658, 10, 1, 25, 26, 0
3658, 10, 2, 28, 37, 0
3658, 10, 0, 29, 32, 0
3658, 10, 0, 30, 18, 0
3658, 10, 0, 37, 14, 0
3658, 10, 3, 41, 29, 0
3659, 10, 1, 25, 27, 0
3659, 10, 1, 25, 35, 0
3659, 10, 0, 27, 32, 0
3659, 10, 2, 29, 37, 0
3660, 10, 1, 25, 25, 0
3660, 10, 1, 25, 28, 0
3660, 10, 1, 25, 33, 0
3660, 10, 1, 25, 36, 0
3660, 10, 0, 26, 24, 0
3660, 10, 2, 26, 29, 0
3660, 10, 0, 26, 32, 0
3660, 10, 2, 26, 37, 0
3660, 10, 0, 27, 24, 0
3660, 10, 2, 27, 29, 0
3660, 10, 1, 28, 19, 0
3660, 10, 1, 28, 20, 0
3660, 10, 3, 28, 25, 0
3660, 10, 3, 28, 28, 0
3660, 10, 0, 29, 18, 0
3660, 10, 2, 29, 21, 0
3660, 10, 0, 30, 32, 0
3660, 10, 2, 30, 37, 0
3660, 10, 0, 31, 18, 0
3660, 10, 2, 31, 21, 0
3660, 10, 3, 31, 33, 0
3660, 10, 3, 31, 36, 0
3660, 10, 3, 32, 19, 0
3660, 10, 3, 32, 20, 0
3660, 10, 1, 35, 15, 0
3660, 10, 0, 36, 14, 0
3660, 10, 2, 36, 16, 0
3660, 10, 0, 38, 14, 0
3660, 10, 2, 38, 16, 0
3660, 10, 3, 39, 15, 0
3660, 10, 1, 39, 28, 0
3660, 10, 1, 39, 30, 0
3660, 10, 0, 40, 27, 0
3660, 10, 2, 40, 31, 0
3660, 10, 3, 41, 28, 0
3660, 10, 3, 41, 30, 0
3661, 10, 1, 25, 24, 0
3661, 10, 2, 25, 29, 0
3661, 10, 1, 25, 32, 0
3661, 10, 2, 25, 37, 0
3661, 10, 1, 28, 18, 0
3661, 10, 2, 28, 21, 0
3661, 10, 0, 28, 24, 0
3661, 10, 3, 28, 29, 0
3661, 10, 0, 31, 32, 0
3661, 10, 3, 31, 37, 0
3661, 10, 0, 32, 18, 0
3661, 10, 3, 32, 21, 0
3661, 10, 1, 35, 14, 0
3661, 10, 2, 35, 16, 0
3661, 10, 0, 39, 14, 0
3661, 10, 3, 39, 16, 0
3661, 10, 1, 39, 27, 0
3661, 10, 2, 39, 31, 0
3661, 10, 0, 41, 27, 0
3661, 10, 3, 41, 31, 0
3685, 10, 3, 36, 15, 0
3686, 10, 3, 37, 15, 0
3687, 10, 3, 38, 15, 0
3702, 22, 3, 2, 34, 0
3703, 22, 0, 0, 18, 0
3703, 22, 0, 0, 22, 0
3703, 22, 3, 0, 23, 0
3703, 22, 0, 0, 35, 0
3703, 22, 1, 0, 36, 0
3703, 22, 3, 1, 17, 0
3703, 22, 2, 1, 18, 0
3703, 22, 3, 1, 22, 0
3703, 22, 0, 1, 24, 0
3703, 22, 1, 1, 33, 0
3703, 22, 3, 1, 36, 0
3703, 22, 1, 2, 17, 0
3703, 22, 1, 2, 19, 0
3703, 22, 2, 2, 20, 0
3703, 22, 1, 2, 23, 0
3703, 22, 2, 2, 25, 0
3703, 22, 3, 2, 31, 0
3703, 22, 2, 2, 33, 0
3703, 22, 3, 2, 36, 0
3703, 22, 2, 3, 17, 0
3703, 22, 3, 3, 19, 0
3703, 22, 1, 3, 21, 0
3703, 22, 3, 3, 24, 0
3703, 22, 0, 3, 30, 0
3703, 22, 2, 3, 32, 0
3703, 22, 2, 3, 33, 0
3703, 22, 3, 3, 34, 0
3703, 22, 2, 3, 35, 0
3703, 22, 0, 4, 18, 0
3703, 22, 3, 4, 20, 0
3703, 22, 2, 4, 23, 0
3703, 22, 3, 4, 24, 0
3703, 22, 0, 4, 31, 0
3703, 22, 0, 4, 33, 0
3703, 22, 2, 5, 19, 0
3703, 22, 3, 5, 21, 0
3703, 22, 0, 5, 23, 0
3703, 22, 2, 5, 25, 0
3703, 22, 0, 6, 22, 0
3703, 22, 0, 6, 24, 0
3703, 22, 2, 7, 23, 0
3704, 22, 2, 1, 23, 0
3704, 22, 3, 1, 34, 0
3704, 22, 2, 1, 35, 0
3704, 22, 1, 2, 18, 0
3704, 22, 1, 2, 24, 0
3704, 22, 0, 2, 35, 0
3704, 22, 2, 3, 18, 0
3704, 22, 3, 3, 20, 0
3704, 22, 2, 3, 31, 0
3704, 22, 0, 4, 19, 0
3704, 22, 0, 5, 22, 0
3704, 22, 2, 5, 24, 0
3704, 22, 3, 6, 23, 0
3705, 22, 0, 51, 10, 0
3705, 22, 0, 52, 11, 0
3705, 22, 0, 52, 40, 0
3705, 22, 2, 53, 33, 0
3705, 22, 1, 54, 7, 0
3705, 22, 3, 54, 13, 0
3705, 22, 1, 54, 26, 0
3705, 22, 1, 55, 44, 0
3705, 22, 0, 57, 12, 0
3705, 22, 1, 57, 29, 0
3705, 22, 3, 57, 38, 0
3705, 22, 2, 59, 46, 0
3705, 22, 3, 60, 6, 0
3705, 22, 3, 60, 24, 0
3705, 22, 2, 62, 5, 0
3705, 22, 1, 62, 14, 0
3705, 22, 3, 62, 44, 0
3705, 22, 2, 63, 18, 0
3706, 22, 2, 47, 23, 0
3706, 22, 3, 47, 24, 0
3706, 22, 0, 47, 25, 0
3706, 22, 0, 47, 27, 0
3706, 22, 0, 47, 28, 0
3706, 22, 2, 47, 29, 0
3706, 22, 1, 48, 23, 0
3706, 22, 0, 48, 25, 0
3706, 22, 2, 48, 27, 0
3706, 22, 1, 48, 29, 0
3706, 22, 2, 48, 30, 0
3706, 22, 1, 48, 31, 0
3706, 22, 1, 48, 32, 0
3706, 22, 0, 48, 35, 0
3706, 22, 0, 48, 36, 0
3706, 22, 1, 48, 37, 0
3706, 22, 0, 49, 31, 0
3706, 22, 0, 49, 32, 0
3706, 22, 3, 49, 33, 0
3706, 22, 2, 49, 34, 0
3706, 22, 2, 49, 35, 0
3706, 22, 2, 49, 37, 0
3706, 22, 3, 49, 38, 0
3706, 22, 1, 49, 39, 0
3706, 22, 2, 49, 40, 0
3706, 22, 0, 49, 41, 0
3706, 22, 2, 50, 9, 0
3706, 22, 0, 50, 10, 0
3706, 22, 1, 50, 11, 0
3706, 22, 3, 50, 38, 0
3706, 22, 2, 50, 40, 0
3706, 22, 3, 51, 9, 0
3706, 22, 2, 51, 11, 0
3706, 22, 1, 51, 39, 0
3706, 22, 0, 51, 40, 0
3706, 22, 2, 52, 9, 0
3706, 22, 1, 52, 10, 0
3706, 22, 3, 52, 12, 0
3706, 22, 2, 52, 41, 0
3706, 22, 3, 53, 6, 0
3706, 22, 2, 53, 7, 0
3706, 22, 1, 53, 8, 0
3706, 22, 1, 53, 10, 0
3706, 22, 3, 53, 11, 0
3706, 22, 1, 53, 12, 0
3706, 22, 0, 53, 13, 0
3706, 22, 3, 53, 31, 0
3706, 22, 3, 53, 32, 0
3706, 22, 0, 53, 34, 0
3706, 22, 1, 53, 35, 0
3706, 22, 3, 53, 41, 0
3706, 22, 0, 53, 43, 0
3706, 22, 0, 54, 6, 0
3706, 22, 0, 54, 8, 0
3706, 22, 2, 54, 12, 0
3706, 22, 1, 54, 14, 0
3706, 22, 3, 54, 21, 0
3706, 22, 0, 54, 24, 0
3706, 22, 1, 54, 25, 0
3706, 22, 2, 54, 27, 0
3706, 22, 3, 54, 28, 0
3706, 22, 1, 54, 30, 0
3706, 22, 1, 54, 31, 0
3706, 22, 1, 54, 42, 0
3706, 22, 2, 54, 43, 0
3706, 22, 0, 54, 44, 0
3706, 22, 0, 55, 6, 0
3706, 22, 1, 55, 7, 0
3706, 22, 3, 55, 8, 0
3706, 22, 3, 55, 12, 0
3706, 22, 3, 55, 13, 0
3706, 22, 1, 55, 14, 0
3706, 22, 0, 55, 15, 0
3706, 22, 1, 55, 20, 0
3706, 22, 0, 55, 45, 0
3706, 22, 0, 56, 11, 0
3706, 22, 2, 56, 12, 0
3706, 22, 1, 56, 13, 0
3706, 22, 1, 56, 14, 0
3706, 22, 1, 56, 15, 0
3706, 22, 1, 56, 16, 0
3706, 22, 2, 56, 17, 0
3706, 22, 3, 56, 18, 0
3706, 22, 0, 56, 19, 0
3706, 22, 1, 56, 38, 0
3706, 22, 2, 56, 45, 0
3706, 22, 1, 56, 46, 0
3706, 22, 1, 57, 11, 0
3706, 22, 0, 57, 13, 0
3706, 22, 2, 57, 24, 0
3706, 22, 3, 57, 25, 0
3706, 22, 0, 57, 26, 0
3706, 22, 0, 57, 27, 0
3706, 22, 3, 57, 30, 0
3706, 22, 2, 57, 31, 0
3706, 22, 2, 57, 39, 0
3706, 22, 3, 57, 46, 0
3706, 22, 2, 58, 5, 0
3706, 22, 2, 58, 11, 0
3706, 22, 0, 58, 32, 0
3706, 22, 2, 58, 33, 0
3706, 22, 2, 58, 39, 0
3706, 22, 0, 58, 46, 0
3706, 22, 2, 59, 5, 0
3706, 22, 3, 59, 6, 0
3706, 22, 0, 59, 7, 0
3706, 22, 0, 59, 15, 0
3706, 22, 1, 59, 16, 0
3706, 22, 2, 59, 18, 0
3706, 22, 1, 59, 26, 0
3706, 22, 3, 59, 33, 0
3706, 22, 2, 59, 35, 0
3706, 22, 3, 59, 41, 0
3706, 22, 2, 59, 47, 0
3706, 22, 1, 60, 5, 0
3706, 22, 1, 60, 7, 0
3706, 22, 0, 60, 23, 0
3706, 22, 2, 60, 28, 0
3706, 22, 0, 60, 29, 0
3706, 22, 0, 60, 30, 0
3706, 22, 0, 60, 36, 0
3706, 22, 0, 60, 42, 0
3706, 22, 2, 60, 47, 0
3706, 22, 3, 61, 4, 0
3706, 22, 0, 61, 5, 0
3706, 22, 3, 61, 6, 0
3706, 22, 1, 61, 7, 0
3706, 22, 0, 61, 14, 0
3706, 22, 3, 61, 20, 0
3706, 22, 1, 61, 32, 0
3706, 22, 0, 61, 48, 0
3706, 22, 0, 62, 4, 0
3706, 22, 2, 62, 6, 0
3706, 22, 0, 62, 38, 0
3706, 22, 1, 62, 48, 0
3706, 22, 3, 62, 49, 0
3706, 22, 0, 62, 50, 0
3706, 22, 0, 62, 51, 0
3706, 22, 0, 62, 52, 0
3706, 22, 1, 63, 4, 0
3706, 22, 1, 63, 5, 0
3706, 22, 2, 63, 13, 0
3706, 22, 3, 63, 44, 0
3707, 22, 2, 15, 62, 0
3707, 22, 0, 16, 60, 0
3707, 22, 3, 16, 61, 0
3707, 22, 0, 16, 63, 0
3707, 22, 1, 17, 59, 0
3707, 22, 3, 17, 60, 0
3707, 22, 2, 18, 59, 0
3707, 22, 3, 22, 62, 0
3707, 22, 3, 24, 59, 0
3707, 22, 2, 24, 60, 0
3707, 22, 0, 24, 63, 0
3707, 22, 0, 25, 58, 0
3707, 22, 1, 25, 61, 0
3707, 22, 2, 26, 62, 0
3707, 22, 1, 29, 61, 0
3707, 22, 2, 30, 62, 0
3707, 22, 1, 31, 58, 0
3707, 22, 0, 31, 59, 0
3707, 22, 0, 31, 61, 0
3707, 22, 2, 33, 58, 0
3707, 22, 3, 33, 59, 0
3707, 22, 3, 36, 60, 0
3707, 22, 1, 37, 59, 0
3707, 22, 0, 37, 61, 0
3707, 22, 2, 41, 57, 0
3707, 22, 1, 42, 58, 0
3707, 22, 3, 43, 57, 0
3707, 22, 2, 46, 59, 0
3707, 22, 3, 48, 24, 0
3707, 22, 1, 48, 28, 0
3707, 22, 1, 48, 57, 0
3707, 22, 3, 48, 59, 0
3707, 22, 2, 49, 36, 0
3707, 22, 3, 50, 39, 0
3707, 22, 3, 50, 56, 0
3707, 22, 2, 50, 57, 0
3707, 22, 0, 53, 42, 0
3707, 22, 2, 54, 29, 0
3707, 22, 0, 54, 59, 0
3707, 22, 3, 54, 60, 0
3707, 22, 0, 55, 55, 0
3707, 22, 1, 56, 56, 0
3707, 22, 2, 56, 58, 0
3707, 22, 2, 56, 59, 0
3707, 22, 1, 57, 45, 0
3707, 22, 2, 57, 55, 0
3707, 22, 3, 57, 57, 0
3707, 22, 1, 57, 59, 0
3707, 22, 0, 59, 17, 0
3707, 22, 1, 59, 34, 0
3707, 22, 0, 59, 40, 0
3707, 22, 0, 59, 58, 0
3707, 22, 3, 60, 14, 0
3707, 22, 2, 61, 21, 0
3707, 22, 3, 61, 43, 0
3707, 22, 2, 61, 47, 0
3707, 22, 1, 63, 34, 0
3707, 22, 0, 63, 39, 0
3708, 22, 2, 16, 22, 0
3708, 22, 3, 16, 31, 0
3708, 22, 2, 16, 59, 0
3708, 22, 3, 16, 62, 0
3708, 22, 0, 17, 38, 0
3708, 22, 1, 19, 46, 0
3708, 22, 1, 20, 17, 0
3708, 22, 1, 22, 19, 0
3708, 22, 0, 23, 32, 0
3708, 22, 0, 23, 62, 0
3708, 22, 1, 24, 47, 0
3708, 22, 1, 25, 59, 0
3708, 22, 2, 25, 62, 0
3708, 22, 1, 26, 30, 0
3708, 22, 3, 27, 12, 0
3708, 22, 0, 27, 57, 0
3708, 22, 1, 29, 45, 0
3708, 22, 2, 30, 27, 0
3708, 22, 2, 30, 51, 0
3708, 22, 3, 30, 61, 0
3708, 22, 1, 31, 23, 0
3708, 22, 1, 32, 32, 0
3708, 22, 0, 32, 47, 0
3708, 22, 0, 32, 58, 0
3708, 22, 2, 33, 12, 0
3708, 22, 2, 33, 62, 0
3708, 22, 3, 34, 40, 0
3708, 22, 0, 35, 23, 0
3708, 22, 3, 35, 32, 0
3708, 22, 3, 36, 47, 0
3708, 22, 3, 37, 10, 0
3708, 22, 0, 37, 60, 0
3708, 22, 3, 38, 20, 0
3708, 22, 2, 38, 39, 0
3708, 22, 3, 38, 56, 0
3708, 22, 2, 39, 34, 0
3708, 22, 2, 39, 45, 0
3708, 22, 2, 40, 9, 0
3708, 22, 0, 40, 60, 0
3708, 22, 2, 41, 11, 0
3708, 22, 0, 41, 16, 0
3708, 22, 1, 41, 36, 0
3708, 22, 3, 42, 49, 0
3708, 22, 3, 42, 57, 0
3708, 22, 1, 42, 61, 0
3708, 22, 2, 43, 24, 0
3708, 22, 3, 44, 19, 0
3708, 22, 1, 44, 28, 0
3708, 22, 0, 45, 38, 0
3708, 22, 3, 45, 45, 0
3708, 22, 1, 46, 55, 0
3708, 22, 3, 47, 15, 0
3708, 22, 1, 47, 59, 0
3708, 22, 2, 48, 13, 0
3708, 22, 0, 49, 17, 0
3708, 22, 2, 49, 56, 0
3708, 22, 1, 50, 25, 0
3708, 22, 1, 50, 61, 0
3708, 22, 2, 51, 26, 0
3708, 22, 0, 51, 30, 0
3708, 22, 3, 51, 36, 0
3708, 22, 1, 52, 22, 0
3708, 22, 0, 53, 38, 0
3708, 22, 3, 53, 52, 0
3708, 22, 2, 53, 54, 0
3708, 22, 2, 53, 55, 0
3708, 22, 2, 55, 59, 0
3708, 22, 2, 56, 26, 0
3708, 22, 3, 56, 33, 0
3708, 22, 1, 56, 41, 0
3708, 22, 0, 56, 55, 0
3708, 22, 1, 57, 22, 0
3708, 22, 0, 58, 53, 0
3708, 22, 3, 58, 58, 0
3708, 22, 0, 59, 21, 0
3708, 22, 2, 59, 44, 0
3708, 22, 3, 60, 12, 0
3708, 22, 1, 60, 53, 0
3708, 22, 1, 61, 17, 0
3708, 22, 2, 62, 10, 0
3708, 22, 3, 62, 30, 0
3708, 22, 0, 63, 23, 0
3708, 22, 2, 63, 41, 0
3708, 22, 0, 63, 46, 0
3709, 22, 1, 13, 61, 0
3709, 22, 0, 13, 63, 0
3709, 22, 3, 14, 58, 0
3709, 22, 1, 14, 60, 0
3709, 22, 1, 14, 61, 0
3709, 22, 2, 14, 63, 0
3709, 22, 3, 15, 22, 0
3709, 22, 0, 15, 23, 0
3709, 22, 0, 15, 24, 0
3709, 22, 0, 15, 25, 0
3709, 22, 1, 15, 26, 0
3709, 22, 2, 15, 27, 0
3709, 22, 2, 15, 30, 0
3709, 22, 3, 15, 31, 0
3709, 22, 1, 15, 56, 0
3709, 22, 0, 15, 59, 0
3709, 22, 0, 15, 60, 0
3709, 22, 2, 15, 61, 0
3709, 22, 1, 15, 63, 0
3709, 22, 2, 16, 21, 0
3709, 22, 0, 16, 24, 0
3709, 22, 2, 16, 28, 0
3709, 22, 2, 16, 30, 0
3709, 22, 0, 16, 32, 0
3709, 22, 0, 16, 34, 0
3709, 22, 3, 16, 36, 0
3709, 22, 1, 16, 37, 0
3709, 22, 2, 16, 38, 0
3709, 22, 2, 16, 39, 0
3709, 22, 2, 16, 40, 0
3709, 22, 3, 16, 41, 0
3709, 22, 3, 16, 42, 0
3709, 22, 1, 16, 43, 0
3709, 22, 0, 16, 57, 0
3709, 22, 0, 16, 58, 0
3709, 22, 2, 17, 20, 0
3709, 22, 2, 17, 22, 0
3709, 22, 3, 17, 25, 0
3709, 22, 2, 17, 27, 0
3709, 22, 1, 17, 30, 0
3709, 22, 0, 17, 31, 0
3709, 22, 3, 17, 32, 0
3709, 22, 0, 17, 33, 0
3709, 22, 2, 17, 36, 0
3709, 22, 0, 17, 37, 0
3709, 22, 0, 17, 39, 0
3709, 22, 1, 17, 40, 0
3709, 22, 1, 17, 41, 0
3709, 22, 3, 17, 43, 0
3709, 22, 1, 17, 46, 0
3709, 22, 1, 17, 47, 0
3709, 22, 2, 17, 56, 0
3709, 22, 1, 17, 58, 0
3709, 22, 3, 17, 61, 0
3709, 22, 0, 17, 62, 0
3709, 22, 3, 17, 63, 0
3709, 22, 3, 18, 19, 0
3709, 22, 2, 18, 21, 0
3709, 22, 1, 18, 22, 0
3709, 22, 2, 18, 35, 0
3709, 22, 2, 18, 36, 0
3709, 22, 1, 18, 37, 0
3709, 22, 3, 18, 38, 0
3709, 22, 2, 18, 39, 0
3709, 22, 0, 18, 40, 0
3709, 22, 1, 18, 41, 0
3709, 22, 3, 18, 42, 0
3709, 22, 2, 18, 43, 0
3709, 22, 1, 18, 44, 0
3709, 22, 0, 18, 45, 0
3709, 22, 2, 18, 47, 0
3709, 22, 2, 18, 48, 0
3709, 22, 2, 18, 57, 0
3709, 22, 3, 18, 58, 0
3709, 22, 2, 18, 60, 0
3709, 22, 1, 18, 61, 0
3709, 22, 0, 18, 62, 0
3709, 22, 2, 19, 16, 0
3709, 22, 2, 19, 17, 0
3709, 22, 3, 19, 18, 0
3709, 22, 0, 19, 19, 0
3709, 22, 1, 19, 20, 0
3709, 22, 3, 19, 37, 0
3709, 22, 0, 19, 42, 0
3709, 22, 3, 19, 43, 0
3709, 22, 0, 19, 44, 0
3709, 22, 3, 19, 45, 0
3709, 22, 0, 19, 49, 0
3709, 22, 3, 19, 57, 0
3709, 22, 3, 19, 59, 0
3709, 22, 2, 19, 60, 0
3709, 22, 1, 19, 61, 0
3709, 22, 2, 20, 16, 0
3709, 22, 0, 20, 18, 0
3709, 22, 0, 20, 19, 0
3709, 22, 3, 20, 37, 0
3709, 22, 0, 20, 44, 0
3709, 22, 3, 20, 45, 0
3709, 22, 2, 20, 47, 0
3709, 22, 0, 20, 48, 0
3709, 22, 1, 20, 49, 0
3709, 22, 0, 20, 55, 0
3709, 22, 0, 20, 58, 0
3709, 22, 3, 20, 59, 0
3709, 22, 0, 20, 60, 0
3709, 22, 0, 20, 62, 0
3709, 22, 1, 21, 16, 0
3709, 22, 0, 21, 17, 0
3709, 22, 0, 21, 18, 0
3709, 22, 3, 21, 19, 0
3709, 22, 0, 21, 20, 0
3709, 22, 2, 21, 45, 0
3709, 22, 1, 21, 47, 0
3709, 22, 2, 21, 58, 0
3709, 22, 3, 21, 60, 0
3709, 22, 3, 21, 61, 0
3709, 22, 3, 21, 62, 0
3709, 22, 0, 22, 18, 0
3709, 22, 2, 22, 20, 0
3709, 22, 1, 22, 46, 0
3709, 22, 0, 22, 47, 0
3709, 22, 3, 22, 48, 0
3709, 22, 1, 22, 55, 0
3709, 22, 3, 22, 56, 0
3709, 22, 0, 22, 59, 0
3709, 22, 2, 22, 60, 0
3709, 22, 0, 22, 61, 0
3709, 22, 2, 22, 63, 0
3709, 22, 1, 23, 15, 0
3709, 22, 1, 23, 16, 0
3709, 22, 2, 23, 17, 0
3709, 22, 1, 23, 19, 0
3709, 22, 0, 23, 25, 0
3709, 22, 1, 23, 26, 0
3709, 22, 2, 23, 28, 0
3709, 22, 0, 23, 30, 0
3709, 22, 1, 23, 31, 0
3709, 22, 0, 23, 33, 0
3709, 22, 1, 23, 34, 0
3709, 22, 0, 23, 38, 0
3709, 22, 1, 23, 39, 0
3709, 22, 0, 23, 40, 0
3709, 22, 1, 23, 47, 0
3709, 22, 2, 23, 49, 0
3709, 22, 3, 23, 59, 0
3709, 22, 2, 23, 60, 0
3709, 22, 2, 23, 61, 0
3709, 22, 0, 24, 15, 0
3709, 22, 2, 24, 17, 0
3709, 22, 1, 24, 18, 0
3709, 22, 3, 24, 30, 0
3709, 22, 2, 24, 32, 0
3709, 22, 0, 24, 34, 0
3709, 22, 3, 24, 36, 0
3709, 22, 2, 24, 37, 0
3709, 22, 1, 24, 38, 0
3709, 22, 0, 24, 40, 0
3709, 22, 3, 24, 44, 0
3709, 22, 2, 24, 48, 0
3709, 22, 0, 24, 58, 0
3709, 22, 0, 24, 61, 0
3709, 22, 1, 24, 62, 0
3709, 22, 3, 25, 15, 0
3709, 22, 2, 25, 16, 0
3709, 22, 3, 25, 23, 0
3709, 22, 2, 25, 30, 0
3709, 22, 2, 25, 31, 0
3709, 22, 2, 25, 38, 0
3709, 22, 3, 25, 39, 0
3709, 22, 0, 25, 41, 0
3709, 22, 3, 25, 42, 0
3709, 22, 2, 25, 43, 0
3709, 22, 3, 25, 44, 0
3709, 22, 3, 25, 45, 0
3709, 22, 1, 25, 46, 0
3709, 22, 0, 25, 47, 0
3709, 22, 0, 25, 48, 0
3709, 22, 1, 25, 50, 0
3709, 22, 2, 25, 51, 0
3709, 22, 3, 25, 52, 0
3709, 22, 2, 25, 60, 0
3709, 22, 3, 26, 11, 0
3709, 22, 3, 26, 12, 0
3709, 22, 0, 26, 13, 0
3709, 22, 0, 26, 14, 0
3709, 22, 0, 26, 22, 0
3709, 22, 3, 26, 26, 0
3709, 22, 0, 26, 27, 0
3709, 22, 0, 26, 31, 0
3709, 22, 0, 26, 34, 0
3709, 22, 2, 26, 39, 0
3709, 22, 1, 26, 41, 0
3709, 22, 1, 26, 43, 0
3709, 22, 2, 26, 45, 0
3709, 22, 3, 26, 46, 0
3709, 22, 0, 26, 48, 0
3709, 22, 1, 26, 50, 0
3709, 22, 2, 26, 52, 0
3709, 22, 1, 26, 58, 0
3709, 22, 2, 26, 59, 0
3709, 22, 0, 26, 60, 0
3709, 22, 3, 26, 61, 0
3709, 22, 1, 26, 63, 0
3709, 22, 2, 27, 11, 0
3709, 22, 3, 27, 13, 0
3709, 22, 3, 27, 20, 0
3709, 22, 2, 27, 22, 0
3709, 22, 3, 27, 23, 0
3709, 22, 2, 27, 25, 0
3709, 22, 0, 27, 28, 0
3709, 22, 3, 27, 30, 0
3709, 22, 1, 27, 31, 0
3709, 22, 3, 27, 38, 0
3709, 22, 2, 27, 40, 0
3709, 22, 2, 27, 41, 0
3709, 22, 2, 27, 42, 0
3709, 22, 2, 27, 44, 0
3709, 22, 3, 27, 47, 0
3709, 22, 0, 27, 49, 0
3709, 22, 3, 27, 51, 0
3709, 22, 0, 27, 52, 0
3709, 22, 2, 27, 56, 0
3709, 22, 1, 27, 59, 0
3709, 22, 1, 27, 61, 0
3709, 22, 0, 27, 62, 0
3709, 22, 1, 28, 11, 0
3709, 22, 1, 28, 12, 0
3709, 22, 0, 28, 13, 0
3709, 22, 1, 28, 23, 0
3709, 22, 1, 28, 31, 0
3709, 22, 0, 28, 38, 0
3709, 22, 1, 28, 39, 0
3709, 22, 1, 28, 40, 0
3709, 22, 1, 28, 43, 0
3709, 22, 3, 28, 44, 0
3709, 22, 1, 28, 45, 0
3709, 22, 0, 28, 46, 0
3709, 22, 0, 28, 47, 0
3709, 22, 0, 28, 48, 0
3709, 22, 3, 28, 49, 0
3709, 22, 1, 28, 52, 0
3709, 22, 2, 28, 55, 0
3709, 22, 3, 28, 56, 0
3709, 22, 1, 28, 57, 0
3709, 22, 2, 28, 58, 0
3709, 22, 0, 28, 59, 0
3709, 22, 2, 28, 60, 0
3709, 22, 3, 28, 61, 0
3709, 22, 3, 29, 10, 0
3709, 22, 0, 29, 11, 0
3709, 22, 0, 29, 12, 0
3709, 22, 1, 29, 20, 0
3709, 22, 3, 29, 27, 0
3709, 22, 2, 29, 28, 0
3709, 22, 3, 29, 30, 0
3709, 22, 2, 29, 31, 0
3709, 22, 2, 29, 36, 0
3709, 22, 1, 29, 38, 0
3709, 22, 1, 29, 41, 0
3709, 22, 2, 29, 42, 0
3709, 22, 2, 29, 43, 0
3709, 22, 3, 29, 44, 0
3709, 22, 2, 29, 46, 0
3709, 22, 2, 29, 48, 0
3709, 22, 3, 29, 49, 0
3709, 22, 1, 29, 50, 0
3709, 22, 2, 29, 51, 0
3709, 22, 0, 29, 52, 0
3709, 22, 1, 29, 56, 0
3709, 22, 0, 29, 57, 0
3709, 22, 0, 29, 58, 0
3709, 22, 3, 29, 59, 0
3709, 22, 0, 29, 60, 0
3709, 22, 2, 29, 62, 0
3709, 22, 2, 30, 10, 0
3709, 22, 0, 30, 12, 0
3709, 22, 3, 30, 19, 0
3709, 22, 0, 30, 20, 0
3709, 22, 1, 30, 28, 0
3709, 22, 2, 30, 30, 0
3709, 22, 2, 30, 34, 0
3709, 22, 2, 30, 39, 0
3709, 22, 3, 30, 40, 0
3709, 22, 0, 30, 42, 0
3709, 22, 3, 30, 44, 0
3709, 22, 1, 30, 45, 0
3709, 22, 1, 30, 47, 0
3709, 22, 2, 30, 48, 0
3709, 22, 0, 30, 50, 0
3709, 22, 0, 30, 52, 0
3709, 22, 0, 30, 57, 0
3709, 22, 2, 30, 58, 0
3709, 22, 3, 30, 59, 0
3709, 22, 1, 30, 60, 0
3709, 22, 0, 30, 63, 0
3709, 22, 2, 31, 10, 0
3709, 22, 1, 31, 11, 0
3709, 22, 1, 31, 12, 0
3709, 22, 3, 31, 16, 0
3709, 22, 3, 31, 22, 0
3709, 22, 0, 31, 27, 0
3709, 22, 1, 31, 28, 0
3709, 22, 2, 31, 29, 0
3709, 22, 3, 31, 31, 0
3709, 22, 3, 31, 35, 0
3709, 22, 0, 31, 38, 0
3709, 22, 3, 31, 40, 0
3709, 22, 0, 31, 42, 0
3709, 22, 3, 31, 44, 0
3709, 22, 2, 31, 46, 0
3709, 22, 3, 31, 47, 0
3709, 22, 0, 31, 48, 0
3709, 22, 0, 31, 50, 0
3709, 22, 2, 31, 51, 0
3709, 22, 1, 31, 52, 0
3709, 22, 2, 31, 60, 0
3709, 22, 1, 31, 62, 0
3709, 22, 0, 31, 63, 0
3709, 22, 2, 32, 11, 0
3709, 22, 1, 32, 12, 0
3709, 22, 2, 32, 23, 0
3709, 22, 0, 32, 24, 0
3709, 22, 1, 32, 26, 0
3709, 22, 0, 32, 31, 0
3709, 22, 1, 32, 33, 0
3709, 22, 3, 32, 35, 0
3709, 22, 0, 32, 36, 0
3709, 22, 0, 32, 37, 0
3709, 22, 3, 32, 39, 0
3709, 22, 0, 32, 41, 0
3709, 22, 3, 32, 43, 0
3709, 22, 0, 32, 45, 0
3709, 22, 3, 32, 46, 0
3709, 22, 0, 32, 48, 0
3709, 22, 3, 32, 51, 0
3709, 22, 1, 32, 56, 0
3709, 22, 1, 32, 57, 0
3709, 22, 2, 32, 59, 0
3709, 22, 0, 32, 60, 0
3709, 22, 0, 32, 61, 0
3709, 22, 3, 32, 62, 0
3709, 22, 1, 33, 11, 0
3709, 22, 0, 33, 15, 0
3709, 22, 1, 33, 16, 0
3709, 22, 2, 33, 17, 0
3709, 22, 0, 33, 19, 0
3709, 22, 3, 33, 20, 0
3709, 22, 1, 33, 21, 0
3709, 22, 2, 33, 22, 0
3709, 22, 3, 33, 23, 0
3709, 22, 0, 33, 25, 0
3709, 22, 2, 33, 27, 0
3709, 22, 1, 33, 31, 0
3709, 22, 0, 33, 33, 0
3709, 22, 0, 33, 34, 0
3709, 22, 1, 33, 37, 0
3709, 22, 2, 33, 38, 0
3709, 22, 2, 33, 39, 0
3709, 22, 3, 33, 40, 0
3709, 22, 0, 33, 41, 0
3709, 22, 2, 33, 42, 0
3709, 22, 3, 33, 43, 0
3709, 22, 1, 33, 44, 0
3709, 22, 1, 33, 46, 0
3709, 22, 0, 33, 47, 0
3709, 22, 1, 33, 48, 0
3709, 22, 3, 33, 49, 0
3709, 22, 0, 33, 50, 0
3709, 22, 2, 33, 51, 0
3709, 22, 3, 33, 52, 0
3709, 22, 2, 33, 57, 0
3709, 22, 0, 33, 60, 0
3709, 22, 3, 33, 63, 0
3709, 22, 1, 34, 9, 0
3709, 22, 2, 34, 10, 0
3709, 22, 2, 34, 11, 0
3709, 22, 3, 34, 12, 0
3709, 22, 0, 34, 19, 0
3709, 22, 0, 34, 20, 0
3709, 22, 1, 34, 22, 0
3709, 22, 2, 34, 23, 0
3709, 22, 3, 34, 25, 0
3709, 22, 1, 34, 31, 0
3709, 22, 0, 34, 32, 0
3709, 22, 2, 34, 34, 0
3709, 22, 1, 34, 36, 0
3709, 22, 1, 34, 38, 0
3709, 22, 1, 34, 42, 0
3709, 22, 2, 34, 45, 0
3709, 22, 3, 34, 46, 0
3709, 22, 0, 34, 47, 0
3709, 22, 0, 34, 49, 0
3709, 22, 2, 34, 50, 0
3709, 22, 2, 34, 52, 0
3709, 22, 2, 34, 57, 0
3709, 22, 3, 34, 58, 0
3709, 22, 0, 34, 60, 0
3709, 22, 1, 34, 61, 0
3709, 22, 2, 34, 63, 0
3709, 22, 0, 35, 9, 0
3709, 22, 3, 35, 11, 0
3709, 22, 1, 35, 17, 0
3709, 22, 0, 35, 18, 0
3709, 22, 3, 35, 19, 0
3709, 22, 1, 35, 20, 0
3709, 22, 2, 35, 21, 0
3709, 22, 0, 35, 22, 0
3709, 22, 2, 35, 24, 0
3709, 22, 0, 35, 25, 0
3709, 22, 2, 35, 26, 0
3709, 22, 3, 35, 27, 0
3709, 22, 1, 35, 28, 0
3709, 22, 3, 35, 29, 0
3709, 22, 2, 35, 30, 0
3709, 22, 3, 35, 31, 0
3709, 22, 0, 35, 33, 0
3709, 22, 3, 35, 34, 0
3709, 22, 0, 35, 35, 0
3709, 22, 1, 35, 40, 0
3709, 22, 2, 35, 45, 0
3709, 22, 1, 35, 47, 0
3709, 22, 2, 35, 48, 0
3709, 22, 3, 35, 49, 0
3709, 22, 2, 35, 50, 0
3709, 22, 0, 35, 51, 0
3709, 22, 1, 35, 52, 0
3709, 22, 1, 35, 57, 0
3709, 22, 1, 35, 58, 0
3709, 22, 1, 35, 59, 0
3709, 22, 3, 35, 60, 0
3709, 22, 3, 35, 61, 0
3709, 22, 1, 35, 62, 0
3709, 22, 0, 36, 9, 0
3709, 22, 2, 36, 11, 0
3709, 22, 2, 36, 16, 0
3709, 22, 1, 36, 17, 0
3709, 22, 3, 36, 18, 0
3709, 22, 2, 36, 19, 0
3709, 22, 0, 36, 23, 0
3709, 22, 3, 36, 24, 0
3709, 22, 0, 36, 27, 0
3709, 22, 2, 36, 29, 0
3709, 22, 0, 36, 31, 0
3709, 22, 2, 36, 32, 0
3709, 22, 3, 36, 35, 0
3709, 22, 0, 36, 38, 0
3709, 22, 3, 36, 39, 0
3709, 22, 2, 36, 41, 0
3709, 22, 1, 36, 45, 0
3709, 22, 0, 36, 46, 0
3709, 22, 1, 36, 48, 0
3709, 22, 0, 36, 51, 0
3709, 22, 1, 36, 55, 0
3709, 22, 2, 36, 56, 0
3709, 22, 3, 36, 57, 0
3709, 22, 2, 36, 58, 0
3709, 22, 2, 36, 59, 0
3709, 22, 0, 36, 61, 0
3709, 22, 2, 36, 62, 0
3709, 22, 1, 37, 11, 0
3709, 22, 2, 37, 15, 0
3709, 22, 2, 37, 17, 0
3709, 22, 2, 37, 18, 0
3709, 22, 3, 37, 19, 0
3709, 22, 3, 37, 20, 0
3709, 22, 0, 37, 21, 0
3709, 22, 3, 37, 23, 0
3709, 22, 2, 37, 24, 0
3709, 22, 1, 37, 25, 0
3709, 22, 1, 37, 28, 0
3709, 22, 2, 37, 30, 0
3709, 22, 3, 37, 38, 0
3709, 22, 0, 37, 39, 0
3709, 22, 0, 37, 40, 0
3709, 22, 3, 37, 41, 0
3709, 22, 3, 37, 42, 0
3709, 22, 0, 37, 44, 0
3709, 22, 3, 37, 45, 0
3709, 22, 3, 37, 46, 0
3709, 22, 2, 37, 47, 0
3709, 22, 1, 37, 49, 0
3709, 22, 0, 37, 55, 0
3709, 22, 3, 37, 57, 0
3709, 22, 0, 37, 58, 0
3709, 22, 1, 37, 62, 0
3709, 22, 0, 38, 9, 0
3709, 22, 0, 38, 10, 0
3709, 22, 0, 38, 15, 0
3709, 22, 1, 38, 19, 0
3709, 22, 3, 38, 21, 0
3709, 22, 3, 38, 23, 0
3709, 22, 1, 38, 25, 0
3709, 22, 2, 38, 30, 0
3709, 22, 1, 38, 31, 0
3709, 22, 0, 38, 32, 0
3709, 22, 0, 38, 33, 0
3709, 22, 1, 38, 34, 0
3709, 22, 2, 38, 36, 0
3709, 22, 1, 38, 37, 0
3709, 22, 3, 38, 38, 0
3709, 22, 1, 38, 40, 0
3709, 22, 0, 38, 41, 0
3709, 22, 2, 38, 42, 0
3709, 22, 2, 38, 43, 0
3709, 22, 3, 38, 44, 0
3709, 22, 0, 38, 45, 0
3709, 22, 3, 38, 46, 0
3709, 22, 0, 38, 48, 0
3709, 22, 3, 38, 58, 0
3709, 22, 1, 38, 59, 0
3709, 22, 0, 38, 60, 0
3709, 22, 2, 38, 61, 0
3709, 22, 0, 39, 8, 0
3709, 22, 0, 39, 9, 0
3709, 22, 1, 39, 10, 0
3709, 22, 2, 39, 11, 0
3709, 22, 3, 39, 18, 0
3709, 22, 1, 39, 19, 0
3709, 22, 3, 39, 21, 0
3709, 22, 0, 39, 23, 0
3709, 22, 0, 39, 24, 0
3709, 22, 0, 39, 25, 0
3709, 22, 2, 39, 28, 0
3709, 22, 2, 39, 29, 0
3709, 22, 0, 39, 32, 0
3709, 22, 3, 39, 33, 0
3709, 22, 1, 39, 35, 0
3709, 22, 2, 39, 38, 0
3709, 22, 2, 39, 39, 0
3709, 22, 2, 39, 42, 0
3709, 22, 1, 39, 43, 0
3709, 22, 1, 39, 44, 0
3709, 22, 3, 39, 46, 0
3709, 22, 0, 39, 48, 0
3709, 22, 0, 39, 49, 0
3709, 22, 1, 39, 50, 0
3709, 22, 2, 39, 51, 0
3709, 22, 3, 39, 55, 0
3709, 22, 1, 39, 57, 0
3709, 22, 3, 39, 59, 0
3709, 22, 2, 39, 60, 0
3709, 22, 1, 39, 61, 0
3709, 22, 1, 40, 10, 0
3709, 22, 2, 40, 11, 0
3709, 22, 2, 40, 12, 0
3709, 22, 0, 40, 16, 0
3709, 22, 1, 40, 17, 0
3709, 22, 3, 40, 18, 0
3709, 22, 2, 40, 19, 0
3709, 22, 1, 40, 28, 0
3709, 22, 3, 40, 30, 0
3709, 22, 3, 40, 35, 0
3709, 22, 3, 40, 36, 0
3709, 22, 1, 40, 37, 0
3709, 22, 2, 40, 43, 0
3709, 22, 0, 40, 45, 0
3709, 22, 2, 40, 46, 0
3709, 22, 3, 40, 47, 0
3709, 22, 0, 40, 49, 0
3709, 22, 0, 40, 51, 0
3709, 22, 3, 40, 55, 0
3709, 22, 2, 40, 56, 0
3709, 22, 2, 40, 57, 0
3709, 22, 3, 40, 61, 0
3709, 22, 3, 41, 8, 0
3709, 22, 2, 41, 9, 0
3709, 22, 1, 41, 10, 0
3709, 22, 2, 41, 12, 0
3709, 22, 2, 41, 13, 0
3709, 22, 1, 41, 15, 0
3709, 22, 0, 41, 17, 0
3709, 22, 2, 41, 19, 0
3709, 22, 0, 41, 32, 0
3709, 22, 1, 41, 33, 0
3709, 22, 0, 41, 37, 0
3709, 22, 0, 41, 42, 0
3709, 22, 3, 41, 43, 0
3709, 22, 0, 41, 44, 0
3709, 22, 2, 41, 46, 0
3709, 22, 3, 41, 47, 0
3709, 22, 2, 41, 48, 0
3709, 22, 3, 41, 49, 0
3709, 22, 0, 41, 50, 0
3709, 22, 0, 41, 51, 0
3709, 22, 0, 41, 55, 0
3709, 22, 3, 41, 58, 0
3709, 22, 1, 41, 59, 0
3709, 22, 2, 41, 60, 0
3709, 22, 0, 41, 62, 0
3709, 22, 1, 42, 8, 0
3709, 22, 1, 42, 9, 0
3709, 22, 1, 42, 10, 0
3709, 22, 3, 42, 11, 0
3709, 22, 0, 42, 12, 0
3709, 22, 2, 42, 15, 0
3709, 22, 3, 42, 16, 0
3709, 22, 3, 42, 17, 0
3709, 22, 3, 42, 19, 0
3709, 22, 1, 42, 21, 0
3709, 22, 1, 42, 23, 0
3709, 22, 2, 42, 24, 0
3709, 22, 2, 42, 25, 0
3709, 22, 3, 42, 29, 0
3709, 22, 3, 42, 30, 0
3709, 22, 3, 42, 31, 0
3709, 22, 0, 42, 33, 0
3709, 22, 3, 42, 34, 0
3709, 22, 2, 42, 35, 0
3709, 22, 0, 42, 37, 0
3709, 22, 2, 42, 41, 0
3709, 22, 3, 42, 43, 0
3709, 22, 1, 42, 44, 0
3709, 22, 1, 42, 45, 0
3709, 22, 2, 42, 46, 0
3709, 22, 1, 42, 48, 0
3709, 22, 0, 42, 50, 0
3709, 22, 1, 42, 55, 0
3709, 22, 3, 42, 56, 0
3709, 22, 0, 42, 59, 0
3709, 22, 0, 42, 60, 0
3709, 22, 2, 42, 62, 0
3709, 22, 0, 43, 8, 0
3709, 22, 0, 43, 9, 0
3709, 22, 1, 43, 12, 0
3709, 22, 1, 43, 14, 0
3709, 22, 2, 43, 15, 0
3709, 22, 2, 43, 18, 0
3709, 22, 2, 43, 19, 0
3709, 22, 3, 43, 20, 0
3709, 22, 3, 43, 21, 0
3709, 22, 0, 43, 22, 0
3709, 22, 0, 43, 23, 0
3709, 22, 1, 43, 25, 0
3709, 22, 2, 43, 27, 0
3709, 22, 2, 43, 28, 0
3709, 22, 0, 43, 29, 0
3709, 22, 2, 43, 31, 0
3709, 22, 0, 43, 32, 0
3709, 22, 0, 43, 33, 0
3709, 22, 2, 43, 35, 0
3709, 22, 0, 43, 41, 0
3709, 22, 1, 43, 42, 0
3709, 22, 0, 43, 43, 0
3709, 22, 3, 43, 44, 0
3709, 22, 2, 43, 46, 0
3709, 22, 1, 43, 48, 0
3709, 22, 2, 43, 49, 0
3709, 22, 1, 43, 50, 0
3709, 22, 1, 43, 54, 0
3709, 22, 2, 43, 55, 0
3709, 22, 3, 43, 56, 0
3709, 22, 1, 43, 58, 0
3709, 22, 1, 43, 59, 0
3709, 22, 1, 43, 62, 0
3709, 22, 2, 44, 6, 0
3709, 22, 3, 44, 9, 0
3709, 22, 2, 44, 10, 0
3709, 22, 1, 44, 11, 0
3709, 22, 1, 44, 14, 0
3709, 22, 3, 44, 15, 0
3709, 22, 0, 44, 16, 0
3709, 22, 0, 44, 17, 0
3709, 22, 0, 44, 18, 0
3709, 22, 0, 44, 20, 0
3709, 22, 2, 44, 21, 0
3709, 22, 3, 44, 23, 0
3709, 22, 0, 44, 24, 0
3709, 22, 3, 44, 25, 0
3709, 22, 1, 44, 26, 0
3709, 22, 1, 44, 27, 0
3709, 22, 0, 44, 29, 0
3709, 22, 0, 44, 30, 0
3709, 22, 1, 44, 31, 0
3709, 22, 1, 44, 32, 0
3709, 22, 3, 44, 33, 0
3709, 22, 1, 44, 34, 0
3709, 22, 2, 44, 35, 0
3709, 22, 3, 44, 36, 0
3709, 22, 0, 44, 37, 0
3709, 22, 1, 44, 38, 0
3709, 22, 3, 44, 40, 0
3709, 22, 2, 44, 41, 0
3709, 22, 1, 44, 42, 0
3709, 22, 3, 44, 43, 0
3709, 22, 3, 44, 44, 0
3709, 22, 0, 44, 45, 0
3709, 22, 0, 44, 46, 0
3709, 22, 0, 44, 48, 0
3709, 22, 0, 44, 50, 0
3709, 22, 1, 44, 51, 0
3709, 22, 2, 44, 52, 0
3709, 22, 0, 44, 55, 0
3709, 22, 2, 44, 57, 0
3709, 22, 1, 44, 59, 0
3709, 22, 3, 44, 60, 0
3709, 22, 1, 44, 61, 0
3709, 22, 2, 44, 62, 0
3709, 22, 0, 45, 14, 0
3709, 22, 0, 45, 15, 0
3709, 22, 1, 45, 16, 0
3709, 22, 2, 45, 18, 0
3709, 22, 2, 45, 19, 0
3709, 22, 3, 45, 20, 0
3709, 22, 1, 45, 21, 0
3709, 22, 0, 45, 22, 0
3709, 22, 1, 45, 24, 0
3709, 22, 0, 45, 26, 0
3709, 22, 1, 45, 27, 0
3709, 22, 3, 45, 28, 0
3709, 22, 3, 45, 29, 0
3709, 22, 3, 45, 31, 0
3709, 22, 1, 45, 33, 0
3709, 22, 2, 45, 35, 0
3709, 22, 3, 45, 37, 0
3709, 22, 1, 45, 39, 0
3709, 22, 3, 45, 40, 0
3709, 22, 2, 45, 43, 0
3709, 22, 3, 45, 44, 0
3709, 22, 2, 45, 46, 0
3709, 22, 2, 45, 47, 0
3709, 22, 1, 45, 48, 0
3709, 22, 3, 45, 50, 0
3709, 22, 2, 45, 52, 0
3709, 22, 1, 45, 54, 0
3709, 22, 1, 45, 56, 0
3709, 22, 2, 45, 59, 0
3709, 22, 0, 45, 60, 0
3709, 22, 3, 45, 61, 0
3709, 22, 0, 46, 7, 0
3709, 22, 1, 46, 8, 0
3709, 22, 1, 46, 10, 0
3709, 22, 2, 46, 11, 0
3709, 22, 2, 46, 12, 0
3709, 22, 3, 46, 13, 0
3709, 22, 2, 46, 14, 0
3709, 22, 2, 46, 15, 0
3709, 22, 0, 46, 16, 0
3709, 22, 3, 46, 18, 0
3709, 22, 3, 46, 19, 0
3709, 22, 1, 46, 21, 0
3709, 22, 2, 46, 22, 0
3709, 22, 2, 46, 23, 0
3709, 22, 0, 46, 24, 0
3709, 22, 2, 46, 25, 0
3709, 22, 3, 46, 26, 0
3709, 22, 3, 46, 29, 0
3709, 22, 2, 46, 30, 0
3709, 22, 3, 46, 31, 0
3709, 22, 0, 46, 32, 0
3709, 22, 1, 46, 33, 0
3709, 22, 2, 46, 35, 0
3709, 22, 3, 46, 37, 0
3709, 22, 1, 46, 38, 0
3709, 22, 0, 46, 39, 0
3709, 22, 0, 46, 41, 0
3709, 22, 1, 46, 42, 0
3709, 22, 1, 46, 43, 0
3709, 22, 2, 46, 45, 0
3709, 22, 0, 46, 50, 0
3709, 22, 0, 46, 51, 0
3709, 22, 3, 46, 52, 0
3709, 22, 2, 46, 53, 0
3709, 22, 2, 46, 57, 0
3709, 22, 3, 46, 60, 0
3709, 22, 0, 47, 7, 0
3709, 22, 2, 47, 9, 0
3709, 22, 0, 47, 10, 0
3709, 22, 0, 47, 12, 0
3709, 22, 1, 47, 13, 0
3709, 22, 1, 47, 14, 0
3709, 22, 3, 47, 16, 0
3709, 22, 0, 47, 20, 0
3709, 22, 1, 47, 21, 0
3709, 22, 2, 47, 22, 0
3709, 22, 1, 47, 31, 0
3709, 22, 2, 47, 32, 0
3709, 22, 0, 47, 34, 0
3709, 22, 1, 47, 35, 0
3709, 22, 0, 47, 39, 0
3709, 22, 0, 47, 40, 0
3709, 22, 1, 47, 43, 0
3709, 22, 2, 47, 44, 0
3709, 22, 1, 47, 46, 0
3709, 22, 1, 47, 47, 0
3709, 22, 0, 47, 54, 0
3709, 22, 3, 47, 56, 0
3709, 22, 2, 47, 58, 0
3709, 22, 3, 47, 60, 0
3709, 22, 3, 47, 61, 0
3709, 22, 0, 48, 8, 0
3709, 22, 3, 48, 11, 0
3709, 22, 0, 48, 12, 0
3709, 22, 0, 48, 14, 0
3709, 22, 2, 48, 15, 0
3709, 22, 1, 48, 16, 0
3709, 22, 1, 48, 17, 0
3709, 22, 2, 48, 18, 0
3709, 22, 0, 48, 21, 0
3709, 22, 1, 48, 22, 0
3709, 22, 3, 48, 26, 0
3709, 22, 0, 48, 41, 0
3709, 22, 2, 48, 42, 0
3709, 22, 3, 48, 43, 0
3709, 22, 2, 48, 45, 0
3709, 22, 3, 48, 53, 0
3709, 22, 3, 48, 55, 0
3709, 22, 0, 48, 56, 0
3709, 22, 0, 48, 60, 0
3709, 22, 0, 48, 61, 0
3709, 22, 1, 49, 8, 0
3709, 22, 0, 49, 12, 0
3709, 22, 2, 49, 13, 0
3709, 22, 2, 49, 15, 0
3709, 22, 0, 49, 16, 0
3709, 22, 2, 49, 18, 0
3709, 22, 2, 49, 19, 0
3709, 22, 3, 49, 20, 0
3709, 22, 1, 49, 24, 0
3709, 22, 1, 49, 25, 0
3709, 22, 2, 49, 26, 0
3709, 22, 1, 49, 28, 0
3709, 22, 1, 49, 43, 0
3709, 22, 0, 49, 46, 0
3709, 22, 0, 49, 54, 0
3709, 22, 1, 49, 55, 0
3709, 22, 3, 49, 57, 0
3709, 22, 1, 49, 59, 0
3709, 22, 3, 49, 60, 0
3709, 22, 2, 49, 62, 0
3709, 22, 0, 50, 7, 0
3709, 22, 2, 50, 8, 0
3709, 22, 1, 50, 13, 0
3709, 22, 0, 50, 14, 0
3709, 22, 3, 50, 15, 0
3709, 22, 2, 50, 16, 0
3709, 22, 2, 50, 17, 0
3709, 22, 1, 50, 18, 0
3709, 22, 0, 50, 20, 0
3709, 22, 0, 50, 21, 0
3709, 22, 3, 50, 22, 0
3709, 22, 3, 50, 23, 0
3709, 22, 0, 50, 24, 0
3709, 22, 3, 50, 26, 0
3709, 22, 0, 50, 27, 0
3709, 22, 2, 50, 29, 0
3709, 22, 3, 50, 30, 0
3709, 22, 0, 50, 31, 0
3709, 22, 3, 50, 33, 0
3709, 22, 0, 50, 34, 0
3709, 22, 0, 50, 35, 0
3709, 22, 1, 50, 36, 0
3709, 22, 1, 50, 44, 0
3709, 22, 1, 50, 47, 0
3709, 22, 0, 50, 53, 0
3709, 22, 0, 50, 54, 0
3709, 22, 3, 50, 58, 0
3709, 22, 0, 50, 59, 0
3709, 22, 1, 50, 63, 0
3709, 22, 3, 51, 7, 0
3709, 22, 0, 51, 14, 0
3709, 22, 2, 51, 15, 0
3709, 22, 1, 51, 20, 0
3709, 22, 1, 51, 21, 0
3709, 22, 0, 51, 22, 0
3709, 22, 0, 51, 24, 0
3709, 22, 3, 51, 25, 0
3709, 22, 0, 51, 27, 0
3709, 22, 2, 51, 28, 0
3709, 22, 3, 51, 29, 0
3709, 22, 3, 51, 31, 0
3709, 22, 1, 51, 32, 0
3709, 22, 1, 51, 33, 0
3709, 22, 3, 51, 35, 0
3709, 22, 2, 51, 37, 0
3709, 22, 1, 51, 45, 0
3709, 22, 2, 51, 51, 0
3709, 22, 1, 51, 52, 0
3709, 22, 1, 51, 55, 0
3709, 22, 2, 51, 56, 0
3709, 22, 2, 51, 57, 0
3709, 22, 1, 51, 59, 0
3709, 22, 0, 51, 60, 0
3709, 22, 0, 51, 62, 0
3709, 22, 3, 52, 7, 0
3709, 22, 1, 52, 14, 0
3709, 22, 1, 52, 21, 0
3709, 22, 3, 52, 23, 0
3709, 22, 2, 52, 25, 0
3709, 22, 3, 52, 26, 0
3709, 22, 2, 52, 27, 0
3709, 22, 1, 52, 29, 0
3709, 22, 0, 52, 30, 0
3709, 22, 0, 52, 32, 0
3709, 22, 2, 52, 33, 0
3709, 22, 1, 52, 34, 0
3709, 22, 0, 52, 35, 0
3709, 22, 2, 52, 36, 0
3709, 22, 1, 52, 37, 0
3709, 22, 2, 52, 38, 0
3709, 22, 2, 52, 46, 0
3709, 22, 1, 52, 47, 0
3709, 22, 3, 52, 50, 0
3709, 22, 3, 52, 51, 0
3709, 22, 3, 52, 53, 0
3709, 22, 3, 52, 54, 0
3709, 22, 0, 52, 56, 0
3709, 22, 1, 52, 57, 0
3709, 22, 2, 52, 59, 0
3709, 22, 2, 52, 60, 0
3709, 22, 3, 52, 61, 0
3709, 22, 0, 52, 62, 0
3709, 22, 2, 53, 21, 0
3709, 22, 3, 53, 22, 0
3709, 22, 0, 53, 23, 0
3709, 22, 3, 53, 24, 0
3709, 22, 2, 53, 25, 0
3709, 22, 3, 53, 27, 0
3709, 22, 0, 53, 28, 0
3709, 22, 0, 53, 37, 0
3709, 22, 3, 53, 39, 0
3709, 22, 0, 53, 47, 0
3709, 22, 0, 53, 50, 0
3709, 22, 1, 53, 60, 0
3709, 22, 1, 54, 35, 0
3709, 22, 2, 54, 36, 0
3709, 22, 0, 54, 37, 0
3709, 22, 3, 54, 38, 0
3709, 22, 1, 54, 39, 0
3709, 22, 0, 54, 40, 0
3709, 22, 3, 54, 48, 0
3709, 22, 3, 54, 49, 0
3709, 22, 1, 54, 51, 0
3709, 22, 3, 54, 53, 0
3709, 22, 3, 54, 54, 0
3709, 22, 0, 54, 56, 0
3709, 22, 2, 54, 57, 0
3709, 22, 0, 54, 58, 0
3709, 22, 1, 55, 32, 0
3709, 22, 1, 55, 33, 0
3709, 22, 2, 55, 34, 0
3709, 22, 0, 55, 35, 0
3709, 22, 0, 55, 37, 0
3709, 22, 3, 55, 39, 0
3709, 22, 0, 55, 41, 0
3709, 22, 1, 55, 42, 0
3709, 22, 1, 55, 48, 0
3709, 22, 2, 55, 52, 0
3709, 22, 0, 55, 56, 0
3709, 22, 3, 55, 58, 0
3709, 22, 2, 55, 60, 0
3709, 22, 0, 56, 21, 0
3709, 22, 3, 56, 22, 0
3709, 22, 2, 56, 23, 0
3709, 22, 3, 56, 25, 0
3709, 22, 3, 56, 27, 0
3709, 22, 1, 56, 28, 0
3709, 22, 0, 56, 30, 0
3709, 22, 0, 56, 32, 0
3709, 22, 3, 56, 34, 0
3709, 22, 3, 56, 35, 0
3709, 22, 3, 56, 36, 0
3709, 22, 2, 56, 37, 0
3709, 22, 0, 56, 40, 0
3709, 22, 3, 56, 42, 0
3709, 22, 1, 56, 43, 0
3709, 22, 0, 56, 48, 0
3709, 22, 3, 56, 51, 0
3709, 22, 3, 56, 53, 0
3709, 22, 2, 56, 54, 0
3709, 22, 1, 56, 57, 0
3709, 22, 3, 56, 60, 0
3709, 22, 0, 56, 61, 0
3709, 22, 1, 57, 9, 0
3709, 22, 3, 57, 15, 0
3709, 22, 3, 57, 17, 0
3709, 22, 1, 57, 19, 0
3709, 22, 2, 57, 21, 0
3709, 22, 1, 57, 23, 0
3709, 22, 2, 57, 28, 0
3709, 22, 3, 57, 33, 0
3709, 22, 2, 57, 34, 0
3709, 22, 2, 57, 35, 0
3709, 22, 1, 57, 40, 0
3709, 22, 0, 57, 41, 0
3709, 22, 2, 57, 42, 0
3709, 22, 3, 57, 44, 0
3709, 22, 1, 57, 49, 0
3709, 22, 2, 57, 50, 0
3709, 22, 2, 57, 52, 0
3709, 22, 2, 57, 53, 0
3709, 22, 3, 57, 54, 0
3709, 22, 0, 57, 56, 0
3709, 22, 1, 57, 58, 0
3709, 22, 3, 58, 10, 0
3709, 22, 2, 58, 15, 0
3709, 22, 1, 58, 16, 0
3709, 22, 2, 58, 17, 0
3709, 22, 2, 58, 21, 0
3709, 22, 0, 58, 22, 0
3709, 22, 0, 58, 23, 0
3709, 22, 2, 58, 26, 0
3709, 22, 0, 58, 28, 0
3709, 22, 0, 58, 36, 0
3709, 22, 2, 58, 37, 0
3709, 22, 2, 58, 38, 0
3709, 22, 1, 58, 40, 0
3709, 22, 2, 58, 41, 0
3709, 22, 2, 58, 42, 0
3709, 22, 2, 58, 43, 0
3709, 22, 1, 58, 44, 0
3709, 22, 1, 58, 49, 0
3709, 22, 0, 58, 51, 0
3709, 22, 2, 58, 52, 0
3709, 22, 1, 58, 54, 0
3709, 22, 1, 58, 55, 0
3709, 22, 2, 58, 57, 0
3709, 22, 2, 58, 59, 0
3709, 22, 1, 58, 61, 0
3709, 22, 2, 59, 9, 0
3709, 22, 3, 59, 12, 0
3709, 22, 2, 59, 13, 0
3709, 22, 3, 59, 20, 0
3709, 22, 2, 59, 22, 0
3709, 22, 2, 59, 23, 0
3709, 22, 2, 59, 25, 0
3709, 22, 1, 59, 29, 0
3709, 22, 1, 59, 31, 0
3709, 22, 1, 59, 37, 0
3709, 22, 3, 59, 39, 0
3709, 22, 1, 59, 43, 0
3709, 22, 1, 59, 45, 0
3709, 22, 2, 59, 50, 0
3709, 22, 1, 59, 52, 0
3709, 22, 1, 59, 53, 0
3709, 22, 0, 59, 54, 0
3709, 22, 3, 59, 55, 0
3709, 22, 0, 59, 57, 0
3709, 22, 2, 59, 59, 0
3709, 22, 2, 60, 9, 0
3709, 22, 3, 60, 11, 0
3709, 22, 0, 60, 17, 0
3709, 22, 1, 60, 18, 0
3709, 22, 0, 60, 19, 0
3709, 22, 0, 60, 20, 0
3709, 22, 1, 60, 21, 0
3709, 22, 2, 60, 22, 0
3709, 22, 3, 60, 25, 0
3709, 22, 2, 60, 31, 0
3709, 22, 2, 60, 32, 0
3709, 22, 3, 60, 33, 0
3709, 22, 0, 60, 34, 0
3709, 22, 0, 60, 38, 0
3709, 22, 3, 60, 39, 0
3709, 22, 0, 60, 41, 0
3709, 22, 2, 60, 44, 0
3709, 22, 3, 60, 45, 0
3709, 22, 3, 60, 50, 0
3709, 22, 3, 60, 54, 0
3709, 22, 3, 60, 56, 0
3709, 22, 1, 60, 57, 0
3709, 22, 3, 60, 58, 0
3709, 22, 1, 61, 9, 0
3709, 22, 0, 61, 10, 0
3709, 22, 0, 61, 11, 0
3709, 22, 0, 61, 12, 0
3709, 22, 1, 61, 13, 0
3709, 22, 2, 61, 16, 0
3709, 22, 1, 61, 24, 0
3709, 22, 0, 61, 25, 0
3709, 22, 2, 61, 26, 0
3709, 22, 0, 61, 27, 0
3709, 22, 0, 61, 28, 0
3709, 22, 0, 61, 29, 0
3709, 22, 1, 61, 30, 0
3709, 22, 3, 61, 31, 0
3709, 22, 0, 61, 34, 0
3709, 22, 0, 61, 39, 0
3709, 22, 3, 61, 40, 0
3709, 22, 2, 61, 42, 0
3709, 22, 0, 61, 46, 0
3709, 22, 0, 61, 51, 0
3709, 22, 2, 61, 52, 0
3709, 22, 0, 61, 53, 0
3709, 22, 3, 62, 8, 0
3709, 22, 1, 62, 9, 0
3709, 22, 1, 62, 12, 0
3709, 22, 1, 62, 15, 0
3709, 22, 3, 62, 16, 0
3709, 22, 1, 62, 17, 0
3709, 22, 3, 62, 22, 0
3709, 22, 3, 62, 23, 0
3709, 22, 0, 62, 24, 0
3709, 22, 1, 62, 26, 0
3709, 22, 2, 62, 28, 0
3709, 22, 3, 62, 29, 0
3709, 22, 0, 62, 31, 0
3709, 22, 0, 62, 33, 0
3709, 22, 1, 62, 34, 0
3709, 22, 1, 62, 35, 0
3709, 22, 1, 62, 36, 0
3709, 22, 1, 62, 40, 0
3709, 22, 2, 62, 41, 0
3709, 22, 1, 62, 42, 0
3709, 22, 1, 62, 45, 0
3709, 22, 1, 62, 46, 0
3709, 22, 3, 63, 10, 0
3709, 22, 0, 63, 12, 0
3709, 22, 0, 63, 15, 0
3709, 22, 3, 63, 17, 0
3709, 22, 1, 63, 19, 0
3709, 22, 0, 63, 20, 0
3709, 22, 3, 63, 21, 0
3709, 22, 2, 63, 22, 0
3709, 22, 1, 63, 24, 0
3709, 22, 0, 63, 26, 0
3709, 22, 3, 63, 28, 0
3709, 22, 3, 63, 29, 0
3709, 22, 2, 63, 30, 0
3709, 22, 1, 63, 31, 0
3709, 22, 3, 63, 32, 0
3709, 22, 2, 63, 35, 0
3709, 22, 2, 63, 36, 0
3709, 22, 1, 63, 42, 0
3709, 22, 3, 63, 43, 0
3709, 22, 0, 63, 47, 0
3709, 22, 3, 63, 48, 0
3709, 22, 3, 63, 49, 0
3710, 22, 1, 16, 26, 0
3710, 22, 0, 17, 35, 0
3710, 22, 3, 17, 42, 0
3710, 22, 2, 18, 20, 0
3710, 22, 2, 19, 48, 0
3710, 22, 0, 24, 16, 0
3710, 22, 1, 24, 39, 0
3710, 22, 1, 26, 42, 0
3710, 22, 2, 26, 51, 0
3710, 22, 3, 26, 57, 0
3710, 22, 0, 27, 39, 0
3710, 22, 0, 27, 58, 0
3710, 22, 0, 29, 47, 0
3710, 22, 2, 30, 11, 0
3710, 22, 1, 30, 31, 0
3710, 22, 0, 32, 34, 0
3710, 22, 1, 32, 38, 0
3710, 22, 2, 33, 24, 0
3710, 22, 2, 33, 61, 0
3710, 22, 3, 34, 21, 0
3710, 22, 3, 34, 26, 0
3710, 22, 2, 34, 35, 0
3710, 22, 3, 34, 48, 0
3710, 22, 1, 34, 51, 0
3710, 22, 1, 34, 62, 0
3710, 22, 3, 35, 10, 0
3710, 22, 2, 35, 46, 0
3710, 22, 0, 36, 28, 0
3710, 22, 1, 37, 31, 0
3710, 22, 2, 37, 56, 0
3710, 22, 3, 38, 24, 0
3710, 22, 1, 38, 55, 0
3710, 22, 3, 38, 57, 0
3710, 22, 3, 39, 56, 0
3710, 22, 2, 40, 33, 0
3710, 22, 1, 40, 44, 0
3710, 22, 0, 40, 50, 0
3710, 22, 0, 41, 61, 0
3710, 22, 0, 42, 42, 0
3710, 22, 1, 43, 10, 0
3710, 22, 3, 43, 30, 0
3710, 22, 3, 43, 34, 0
3710, 22, 2, 43, 60, 0
3710, 22, 3, 43, 61, 0
3710, 22, 1, 44, 22, 0
3710, 22, 2, 44, 47, 0
3710, 22, 2, 45, 23, 0
3710, 22, 3, 45, 25, 0
3710, 22, 2, 45, 30, 0
3710, 22, 0, 45, 32, 0
3710, 22, 1, 45, 42, 0
3710, 22, 3, 45, 51, 0
3710, 22, 2, 45, 55, 0
3710, 22, 0, 46, 20, 0
3710, 22, 1, 46, 54, 0
3710, 22, 2, 46, 56, 0
3710, 22, 0, 47, 55, 0
3710, 22, 1, 49, 14, 0
3710, 22, 0, 49, 27, 0
3710, 22, 1, 49, 61, 0
3710, 22, 2, 50, 19, 0
3710, 22, 2, 50, 60, 0
3710, 22, 0, 50, 62, 0
3710, 22, 2, 51, 34, 0
3710, 22, 3, 51, 61, 0
3710, 22, 3, 52, 24, 0
3710, 22, 1, 52, 28, 0
3710, 22, 2, 52, 52, 0
3710, 22, 1, 53, 51, 0
3710, 22, 3, 53, 53, 0
3710, 22, 0, 54, 52, 0
3710, 22, 3, 55, 36, 0
3710, 22, 3, 55, 40, 0
3710, 22, 0, 57, 16, 0
3710, 22, 0, 57, 43, 0
3710, 22, 2, 59, 38, 0
3710, 22, 1, 61, 45, 0
3710, 22, 3, 62, 11, 0
3710, 22, 1, 62, 20, 0
3710, 22, 0, 62, 27, 0
3710, 22, 3, 63, 16, 0
3714, 10, 1, 19, 22, 0
3714, 10, 1, 19, 26, 0
3714, 10, 1, 19, 28, 0
3714, 10, 0, 19, 32, 0
3714, 10, 0, 19, 35, 0
3714, 10, 1, 19, 36, 0
3714, 10, 3, 19, 38, 0
3714, 10, 3, 19, 39, 0
3714, 10, 1, 19, 40, 0
3714, 10, 0, 19, 41, 0
3714, 10, 0, 20, 22, 0
3714, 10, 0, 20, 25, 0
3714, 10, 1, 20, 26, 0
3714, 10, 2, 20, 27, 0
3714, 10, 2, 20, 28, 0
3714, 10, 3, 20, 31, 0
3714, 10, 0, 20, 32, 0
3714, 10, 1, 20, 35, 0
3714, 10, 2, 20, 36, 0
3714, 10, 2, 20, 38, 0
3714, 10, 3, 20, 41, 0
3714, 10, 1, 20, 42, 0
3714, 10, 2, 20, 43, 0
3714, 10, 0, 21, 38, 0
3714, 10, 1, 21, 41, 0
3714, 10, 2, 21, 44, 0
3714, 10, 1, 22, 41, 0
3714, 10, 3, 22, 44, 0
3714, 10, 2, 22, 45, 0
3714, 10, 2, 24, 25, 0
3714, 10, 0, 24, 27, 0
3714, 10, 1, 24, 28, 0
3714, 10, 1, 24, 29, 0
3714, 10, 3, 24, 33, 0
3714, 10, 2, 24, 35, 0
3714, 10, 0, 24, 41, 0
3714, 10, 3, 24, 43, 0
3714, 10, 3, 26, 23, 0
3714, 10, 0, 27, 21, 0
3714, 10, 2, 28, 22, 0
3714, 10, 2, 29, 40, 0
3714, 10, 3, 31, 17, 0
3714, 10, 1, 31, 42, 0
3714, 10, 0, 33, 18, 0
3714, 10, 2, 34, 16, 0
3714, 10, 1, 34, 43, 0
3714, 10, 0, 36, 42, 0
3714, 10, 2, 37, 43, 0
3714, 10, 1, 39, 40, 0
3714, 10, 2, 39, 41, 0
3714, 10, 0, 40, 41, 0
3714, 10, 3, 41, 21, 0
3714, 10, 2, 41, 24, 0
3714, 10, 3, 51, 44, 0
3714, 10, 0, 52, 43, 0
3714, 10, 2, 52, 44, 0
3714, 10, 0, 53, 45, 0
3714, 10, 2, 54, 46, 0
3714, 10, 0, 58, 48, 0
3714, 10, 3, 60, 49, 0
3715, 10, 3, 19, 23, 0
3715, 10, 0, 19, 29, 0
3715, 10, 1, 19, 33, 0
3715, 10, 2, 20, 39, 0
3715, 10, 0, 21, 42, 0
3715, 10, 1, 23, 45, 0
3716, 10, 2, 54, 17, 0
3717, 10, 2, 52, 17, 0
3718, 10, 1, 53, 15, 0
3718, 10, 3, 53, 19, 0
3720, 22, 3, 51, 17, 0
3720, 22, 3, 51, 18, 0
3720, 22, 3, 52, 16, 0
3720, 22, 3, 52, 19, 0
3720, 22, 3, 54, 19, 0
3721, 22, 2, 51, 16, 0
3721, 22, 3, 51, 19, 0
3721, 22, 2, 53, 15, 0
3721, 22, 3, 53, 20, 0
3769, 10, 3, 32, 29, 0
3769, 10, 2, 35, 36, 0
3770, 22, 0, 21, 28, 0
3770, 22, 0, 21, 31, 0
3770, 22, 0, 21, 34, 0
3770, 22, 0, 22, 24, 0
3770, 22, 0, 22, 37, 0
3771, 10, 0, 23, 41, 0
3805, 10, 3, 60, 40, 0
3805, 10, 0, 61, 41, 0
3806, 10, 2, 40, 39, 0
3806, 10, 3, 50, 42, 0
3807, 10, 0, 62, 32, 0
3807, 10, 1, 63, 33, 0
3808, 10, 2, 35, 43, 0
3808, 10, 0, 40, 22, 0
9303, 22, 3, 54, 23, 0
9303, 22, 2, 55, 23, 0
9304, 22, 2, 62, 18, 0
9304, 22, 3, 62, 19, 0
