314, 22, 3, 8, 56, 0
314, 22, 0, 10, 56, 0
314, 22, 1, 14, 59, 0
314, 22, 0, 15, 57, 0
314, 22, 3, 19, 58, 0
314, 22, 0, 24, 59, 0
314, 22, 1, 25, 58, 0
314, 22, 2, 28, 56, 0
314, 22, 3, 34, 58, 0
314, 22, 2, 40, 57, 0
314, 22, 3, 59, 60, 0
314, 22, 2, 60, 59, 0
314, 22, 1, 61, 62, 0
314, 22, 2, 62, 60, 0
315, 22, 1, 7, 56, 0
315, 22, 2, 8, 55, 0
315, 22, 0, 8, 57, 0
315, 22, 3, 9, 56, 0
315, 22, 0, 9, 58, 0
315, 22, 2, 10, 57, 0
315, 22, 1, 11, 56, 0
315, 22, 3, 11, 57, 0
315, 22, 1, 12, 56, 0
315, 22, 2, 12, 58, 0
315, 22, 0, 13, 57, 0
315, 22, 3, 14, 56, 0
315, 22, 2, 14, 57, 0
315, 22, 1, 14, 58, 0
315, 22, 0, 15, 58, 0
315, 22, 0, 15, 59, 0
315, 22, 1, 16, 57, 0
315, 22, 3, 16, 59, 0
315, 22, 2, 17, 58, 0
315, 22, 3, 17, 59, 0
315, 22, 3, 18, 58, 0
315, 22, 0, 18, 59, 0
315, 22, 2, 19, 57, 0
315, 22, 1, 19, 60, 0
315, 22, 1, 20, 56, 0
315, 22, 1, 20, 58, 0
315, 22, 3, 20, 59, 0
315, 22, 3, 21, 57, 0
315, 22, 2, 22, 56, 0
315, 22, 2, 22, 58, 0
315, 22, 0, 23, 57, 0
315, 22, 2, 23, 59, 0
315, 22, 3, 24, 58, 0
315, 22, 3, 25, 57, 0
315, 22, 1, 25, 59, 0
315, 22, 1, 25, 60, 0
315, 22, 0, 26, 58, 0
315, 22, 2, 26, 59, 0
315, 22, 3, 27, 56, 0
315, 22, 0, 27, 57, 0
315, 22, 1, 27, 59, 0
315, 22, 2, 28, 57, 0
315, 22, 2, 28, 58, 0
315, 22, 0, 29, 56, 0
315, 22, 3, 29, 57, 0
315, 22, 1, 30, 58, 0
315, 22, 0, 31, 57, 0
315, 22, 3, 31, 59, 0
315, 22, 1, 32, 56, 0
315, 22, 3, 32, 58, 0
315, 22, 2, 33, 57, 0
315, 22, 0, 33, 58, 0
315, 22, 1, 33, 59, 0
315, 22, 1, 34, 57, 0
315, 22, 2, 34, 59, 0
315, 22, 3, 34, 60, 0
315, 22, 3, 35, 56, 0
315, 22, 2, 35, 58, 0
315, 22, 2, 35, 59, 0
315, 22, 0, 35, 60, 0
315, 22, 0, 36, 57, 0
315, 22, 0, 36, 58, 0
315, 22, 3, 37, 57, 0
315, 22, 1, 37, 59, 0
315, 22, 3, 38, 57, 0
315, 22, 2, 38, 58, 0
315, 22, 0, 39, 58, 0
315, 22, 3, 40, 58, 0
315, 22, 1, 41, 57, 0
315, 22, 0, 57, 58, 0
315, 22, 3, 58, 57, 0
315, 22, 1, 58, 59, 0
315, 22, 0, 58, 60, 0
315, 22, 2, 59, 58, 0
315, 22, 1, 59, 59, 0
315, 22, 3, 59, 61, 0
315, 22, 2, 60, 60, 0
315, 22, 0, 60, 61, 0
315, 22, 1, 60, 62, 0
315, 22, 1, 61, 60, 0
315, 22, 0, 61, 63, 0
315, 22, 1, 62, 59, 0
315, 22, 3, 62, 61, 0
315, 22, 3, 62, 62, 0
315, 22, 2, 63, 61, 0
316, 22, 2, 7, 55, 0
316, 22, 3, 10, 58, 0
316, 22, 0, 11, 58, 0
316, 22, 1, 13, 56, 0
316, 22, 2, 16, 58, 0
316, 22, 3, 19, 59, 0
316, 22, 3, 20, 57, 0
316, 22, 0, 22, 57, 0
316, 22, 1, 24, 57, 0
316, 22, 2, 28, 59, 0
316, 22, 2, 29, 58, 0
316, 22, 3, 32, 57, 0
316, 22, 3, 32, 59, 0
316, 22, 0, 36, 56, 0
316, 22, 1, 37, 58, 0
316, 22, 2, 39, 57, 0
316, 22, 2, 58, 58, 0
316, 22, 1, 61, 61, 0
319, 22, 0, 7, 49, 0
319, 22, 3, 8, 46, 0
319, 22, 1, 11, 53, 0
319, 22, 2, 12, 48, 0
319, 22, 0, 14, 50, 0
319, 22, 2, 17, 47, 0
319, 22, 3, 17, 52, 0
319, 22, 2, 18, 48, 0
319, 22, 0, 21, 52, 0
319, 22, 2, 25, 50, 0
319, 22, 3, 26, 53, 0
319, 22, 1, 32, 52, 0
319, 22, 0, 37, 47, 0
319, 22, 2, 37, 52, 0
320, 22, 1, 6, 46, 0
320, 22, 3, 6, 48, 0
320, 22, 2, 7, 47, 0
320, 22, 0, 7, 50, 0
320, 22, 3, 8, 44, 0
320, 22, 3, 8, 47, 0
320, 22, 1, 9, 46, 0
320, 22, 0, 9, 49, 0
320, 22, 2, 10, 45, 0
320, 22, 2, 10, 48, 0
320, 22, 1, 10, 49, 0
320, 22, 2, 10, 52, 0
320, 22, 2, 11, 48, 0
320, 22, 1, 11, 52, 0
320, 22, 3, 11, 54, 0
320, 22, 0, 13, 47, 0
320, 22, 2, 13, 51, 0
320, 22, 0, 13, 53, 0
320, 22, 2, 14, 49, 0
320, 22, 1, 14, 51, 0
320, 22, 2, 15, 52, 0
320, 22, 1, 15, 56, 0
320, 22, 3, 16, 48, 0
320, 22, 3, 16, 50, 0
320, 22, 0, 16, 54, 0
320, 22, 0, 17, 49, 0
320, 22, 3, 17, 53, 0
320, 22, 3, 17, 55, 0
320, 22, 1, 18, 49, 0
320, 22, 1, 18, 51, 0
320, 22, 0, 18, 52, 0
320, 22, 2, 19, 48, 0
320, 22, 2, 19, 50, 0
320, 22, 1, 20, 49, 0
320, 22, 0, 20, 51, 0
320, 22, 3, 20, 54, 0
320, 22, 0, 21, 50, 0
320, 22, 2, 21, 51, 0
320, 22, 1, 22, 52, 0
320, 22, 0, 22, 53, 0
320, 22, 3, 24, 49, 0
320, 22, 1, 24, 51, 0
320, 22, 3, 25, 53, 0
320, 22, 1, 25, 55, 0
320, 22, 2, 26, 49, 0
320, 22, 1, 26, 50, 0
320, 22, 0, 26, 51, 0
320, 22, 3, 27, 52, 0
320, 22, 3, 27, 53, 0
320, 22, 1, 27, 54, 0
320, 22, 3, 28, 51, 0
320, 22, 0, 29, 52, 0
320, 22, 3, 31, 52, 0
320, 22, 2, 32, 47, 0
320, 22, 2, 32, 49, 0
320, 22, 3, 32, 51, 0
320, 22, 1, 32, 53, 0
320, 22, 1, 33, 49, 0
320, 22, 3, 33, 51, 0
320, 22, 0, 33, 52, 0
320, 22, 2, 34, 46, 0
320, 22, 3, 35, 47, 0
320, 22, 1, 35, 48, 0
320, 22, 3, 35, 52, 0
320, 22, 0, 36, 46, 0
320, 22, 3, 36, 50, 0
320, 22, 0, 36, 53, 0
320, 22, 1, 36, 54, 0
320, 22, 0, 37, 48, 0
320, 22, 2, 37, 50, 0
320, 22, 2, 37, 53, 0
320, 22, 3, 38, 46, 0
320, 22, 2, 38, 47, 0
320, 22, 2, 38, 48, 0
320, 22, 3, 38, 51, 0
320, 22, 2, 38, 52, 0
321, 22, 1, 12, 49, 0
321, 22, 2, 16, 55, 0
321, 22, 0, 20, 50, 0
321, 22, 2, 33, 50, 0
321, 22, 1, 34, 47, 0
444, 10, 3, 43, 59, 0
450, 10, 0, 54, 60, 0
517, 10, 0, 7, 58, 0
517, 10, 3, 11, 59, 0
517, 10, 1, 20, 59, 0
518, 10, 0, 18, 60, 0
519, 10, 3, 11, 61, 0
519, 10, 2, 16, 60, 0
519, 10, 0, 22, 60, 0
730, 22, 1, 12, 9, 0
730, 22, 0, 24, 13, 0
730, 22, 3, 42, 10, 0
730, 22, 2, 44, 18, 0
730, 22, 0, 56, 21, 0
1184, 10, 0, 14, 33, 0
1184, 10, 2, 16, 23, 0
1184, 10, 1, 16, 30, 0
1184, 10, 3, 17, 34, 0
1184, 10, 0, 19, 30, 0
1184, 10, 1, 24, 29, 0
1184, 10, 2, 25, 25, 0
1184, 10, 3, 25, 34, 0
1184, 10, 1, 26, 39, 0
1184, 10, 2, 30, 25, 0
1184, 10, 2, 34, 19, 0
1184, 10, 2, 35, 42, 0
1184, 10, 0, 37, 41, 0
1184, 10, 1, 38, 43, 0
1184, 10, 3, 39, 22, 0
1184, 10, 0, 41, 23, 0
1184, 10, 2, 41, 42, 0
1184, 10, 1, 42, 32, 0
1184, 10, 2, 44, 24, 0
1184, 10, 3, 44, 38, 0
1184, 10, 0, 45, 31, 0
1184, 10, 0, 45, 40, 0
1184, 10, 1, 46, 27, 0
1184, 10, 0, 51, 27, 0
1184, 10, 0, 54, 40, 0
1184, 10, 1, 55, 29, 0
1186, 10, 2, 0, 26, 0
1186, 10, 0, 7, 39, 0
1186, 10, 3, 57, 44, 0
1222, 22, 2, 0, 18, 0
1222, 22, 2, 0, 23, 0
1222, 22, 1, 0, 47, 0
1222, 22, 1, 1, 19, 0
1222, 22, 3, 1, 29, 0
1222, 22, 3, 1, 42, 0
1222, 22, 2, 2, 50, 0
1222, 22, 2, 2, 57, 0
1222, 22, 2, 3, 29, 0
1222, 22, 2, 3, 34, 0
1222, 22, 3, 3, 56, 0
1222, 22, 1, 3, 58, 0
1222, 22, 1, 3, 59, 0
1222, 22, 1, 4, 52, 0
1222, 22, 1, 5, 36, 0
1222, 22, 1, 6, 26, 0
1222, 22, 1, 6, 30, 0
1222, 22, 3, 7, 19, 0
1222, 22, 0, 7, 23, 0
1222, 22, 1, 8, 30, 0
1222, 22, 2, 8, 37, 0
1222, 22, 0, 8, 61, 0
1222, 22, 2, 9, 23, 0
1222, 22, 2, 9, 24, 0
1222, 22, 1, 10, 20, 0
1222, 22, 1, 10, 25, 0
1222, 22, 2, 10, 60, 0
1222, 22, 2, 11, 36, 0
1222, 22, 2, 12, 33, 0
1222, 22, 0, 15, 21, 0
1222, 22, 3, 15, 23, 0
1222, 22, 3, 17, 20, 0
1222, 22, 2, 18, 45, 0
1222, 22, 3, 20, 43, 0
1222, 22, 0, 22, 63, 0
1222, 22, 1, 25, 31, 0
1222, 22, 2, 27, 22, 0
1222, 22, 2, 27, 41, 0
1222, 22, 2, 28, 22, 0
1222, 22, 3, 28, 33, 0
1222, 22, 2, 29, 63, 0
1222, 22, 0, 34, 37, 0
1222, 22, 1, 37, 37, 0
1222, 22, 0, 40, 29, 0
1222, 22, 1, 41, 28, 0
1222, 22, 3, 41, 61, 0
1222, 22, 3, 46, 50, 0
1222, 22, 0, 47, 49, 0
1222, 22, 1, 48, 41, 0
1222, 22, 3, 49, 37, 0
1222, 22, 1, 50, 32, 0
1222, 22, 1, 50, 33, 0
1222, 22, 0, 52, 29, 0
1222, 22, 3, 52, 36, 0
1222, 22, 2, 52, 38, 0
1222, 22, 3, 52, 52, 0
1222, 22, 0, 53, 32, 0
1222, 22, 2, 54, 60, 0
1222, 22, 1, 55, 35, 0
1222, 22, 3, 55, 37, 0
1222, 22, 0, 55, 57, 0
1222, 22, 1, 57, 50, 0
1222, 22, 1, 58, 27, 0
1222, 22, 1, 58, 40, 0
1222, 22, 0, 58, 43, 0
1222, 22, 0, 58, 49, 0
1222, 22, 0, 59, 39, 0
1222, 22, 2, 59, 46, 0
1223, 22, 3, 0, 33, 0
1223, 22, 0, 1, 20, 0
1223, 22, 3, 1, 24, 0
1223, 22, 2, 2, 26, 0
1223, 22, 2, 2, 29, 0
1223, 22, 1, 2, 43, 0
1223, 22, 2, 4, 21, 0
1223, 22, 1, 4, 29, 0
1223, 22, 1, 4, 34, 0
1223, 22, 3, 4, 35, 0
1223, 22, 1, 4, 39, 0
1223, 22, 1, 5, 27, 0
1223, 22, 2, 5, 34, 0
1223, 22, 0, 5, 37, 0
1223, 22, 3, 7, 29, 0
1223, 22, 3, 7, 37, 0
1223, 22, 3, 8, 24, 0
1223, 22, 3, 8, 35, 0
1223, 22, 2, 9, 32, 0
1223, 22, 1, 9, 59, 0
1223, 22, 0, 9, 61, 0
1223, 22, 0, 10, 21, 0
1223, 22, 1, 10, 39, 0
1223, 22, 2, 12, 21, 0
1223, 22, 1, 13, 18, 0
1223, 22, 1, 13, 61, 0
1223, 22, 2, 15, 22, 0
1223, 22, 2, 15, 28, 0
1223, 22, 2, 15, 34, 0
1223, 22, 1, 16, 21, 0
1223, 22, 1, 18, 25, 0
1223, 22, 1, 18, 31, 0
1223, 22, 1, 18, 37, 0
1223, 22, 3, 19, 34, 0
1223, 22, 1, 20, 20, 0
1223, 22, 3, 20, 21, 0
1223, 22, 2, 22, 28, 0
1223, 22, 2, 24, 32, 0
1223, 22, 2, 24, 38, 0
1223, 22, 1, 25, 30, 0
1223, 22, 3, 26, 22, 0
1223, 22, 1, 27, 35, 0
1223, 22, 2, 28, 32, 0
1223, 22, 1, 29, 22, 0
1223, 22, 2, 30, 41, 0
1223, 22, 0, 30, 63, 0
1223, 22, 1, 31, 36, 0
1223, 22, 3, 32, 39, 0
1223, 22, 3, 33, 37, 0
1223, 22, 2, 35, 23, 0
1223, 22, 1, 37, 36, 0
1223, 22, 0, 37, 38, 0
1223, 22, 1, 38, 34, 0
1223, 22, 2, 40, 32, 0
1223, 22, 1, 41, 27, 0
1223, 22, 2, 45, 38, 0
1223, 22, 0, 47, 63, 0
1223, 22, 2, 51, 29, 0
1223, 22, 2, 51, 38, 0
1223, 22, 2, 52, 35, 0
1223, 22, 1, 52, 51, 0
1223, 22, 1, 54, 32, 0
1223, 22, 1, 55, 34, 0
1223, 22, 2, 57, 43, 0
1223, 22, 2, 57, 49, 0
1223, 22, 0, 57, 51, 0
1223, 22, 3, 58, 28, 0
1223, 22, 1, 60, 39, 0
1223, 22, 1, 60, 46, 0
1223, 22, 2, 61, 38, 0
1223, 22, 1, 62, 38, 0
1224, 22, 3, 0, 46, 0
1224, 22, 2, 1, 18, 0
1224, 22, 2, 1, 23, 0
1224, 22, 1, 1, 30, 0
1224, 22, 2, 1, 41, 0
1224, 22, 3, 1, 43, 0
1224, 22, 3, 1, 50, 0
1224, 22, 0, 3, 32, 0
1224, 22, 3, 3, 55, 0
1224, 22, 1, 3, 57, 0
1224, 22, 3, 3, 60, 0
1224, 22, 0, 4, 19, 0
1224, 22, 0, 4, 22, 0
1224, 22, 0, 4, 40, 0
1224, 22, 1, 5, 35, 0
1224, 22, 1, 6, 31, 0
1224, 22, 1, 6, 34, 0
1224, 22, 2, 7, 18, 0
1224, 22, 0, 7, 20, 0
1224, 22, 2, 7, 41, 0
1224, 22, 2, 8, 23, 0
1224, 22, 1, 8, 29, 0
1224, 22, 3, 9, 60, 0
1224, 22, 2, 10, 19, 0
1224, 22, 2, 10, 24, 0
1224, 22, 0, 10, 40, 0
1224, 22, 0, 12, 22, 0
1224, 22, 0, 12, 36, 0
1224, 22, 1, 13, 33, 0
1224, 22, 1, 16, 22, 0
1224, 22, 1, 16, 28, 0
1224, 22, 1, 16, 34, 0
1224, 22, 2, 17, 19, 0
1224, 22, 3, 17, 25, 0
1224, 22, 3, 17, 31, 0
1224, 22, 3, 17, 37, 0
1224, 22, 3, 18, 23, 0
1224, 22, 0, 19, 28, 0
1224, 22, 2, 21, 24, 0
1224, 22, 3, 21, 63, 0
1224, 22, 0, 22, 29, 0
1224, 22, 2, 23, 22, 0
1224, 22, 1, 23, 41, 0
1224, 22, 0, 24, 25, 0
1224, 22, 1, 25, 32, 0
1224, 22, 1, 25, 38, 0
1224, 22, 3, 26, 35, 0
1224, 22, 3, 26, 41, 0
1224, 22, 0, 28, 25, 0
1224, 22, 3, 28, 63, 0
1224, 22, 3, 30, 36, 0
1224, 22, 0, 30, 42, 0
1224, 22, 2, 31, 26, 0
1224, 22, 2, 31, 33, 0
1224, 22, 0, 33, 39, 0
1224, 22, 2, 33, 40, 0
1224, 22, 0, 34, 27, 0
1224, 22, 0, 34, 63, 0
1224, 22, 1, 35, 24, 0
1224, 22, 0, 35, 35, 0
1224, 22, 2, 36, 38, 0
1224, 22, 2, 37, 28, 0
1224, 22, 2, 38, 61, 0
1224, 22, 0, 40, 33, 0
1224, 22, 0, 41, 29, 0
1224, 22, 2, 41, 60, 0
1224, 22, 2, 44, 61, 0
1224, 22, 0, 45, 39, 0
1224, 22, 3, 46, 43, 0
1224, 22, 3, 46, 49, 0
1224, 22, 0, 46, 51, 0
1224, 22, 1, 47, 46, 0
1224, 22, 2, 47, 62, 0
1224, 22, 2, 48, 40, 0
1224, 22, 0, 48, 58, 0
1224, 22, 2, 49, 36, 0
1224, 22, 2, 49, 52, 0
1224, 22, 0, 50, 63, 0
1224, 22, 0, 51, 39, 0
1224, 22, 2, 51, 59, 0
1224, 22, 3, 52, 32, 0
1224, 22, 0, 52, 37, 0
1224, 22, 0, 52, 53, 0
1224, 22, 1, 53, 29, 0
1224, 22, 0, 53, 62, 0
1224, 22, 3, 54, 57, 0
1224, 22, 1, 55, 36, 0
1224, 22, 3, 55, 38, 0
1224, 22, 1, 55, 54, 0
1224, 22, 1, 55, 60, 0
1224, 22, 3, 56, 51, 0
1224, 22, 2, 58, 26, 0
1224, 22, 2, 58, 39, 0
1224, 22, 3, 58, 46, 0
1224, 22, 1, 59, 43, 0
1224, 22, 1, 59, 49, 0
1224, 22, 3, 60, 52, 0
1224, 22, 3, 62, 26, 0
1225, 22, 1, 0, 48, 0
1225, 22, 3, 1, 49, 0
1225, 22, 1, 1, 51, 0
1225, 22, 0, 1, 57, 0
1225, 22, 2, 2, 23, 0
1225, 22, 1, 2, 30, 0
1225, 22, 2, 2, 41, 0
1225, 22, 1, 2, 44, 0
1225, 22, 0, 3, 22, 0
1225, 22, 3, 3, 31, 0
1225, 22, 0, 3, 40, 0
1225, 22, 2, 4, 32, 0
1225, 22, 3, 4, 51, 0
1225, 22, 2, 5, 19, 0
1225, 22, 2, 5, 21, 0
1225, 22, 1, 5, 28, 0
1225, 22, 0, 5, 31, 0
1225, 22, 3, 5, 56, 0
1225, 22, 0, 6, 18, 0
1225, 22, 0, 6, 20, 0
1225, 22, 1, 6, 27, 0
1225, 22, 3, 6, 29, 0
1225, 22, 1, 6, 35, 0
1225, 22, 3, 7, 28, 0
1225, 22, 3, 7, 36, 0
1225, 22, 2, 8, 18, 0
1225, 22, 2, 8, 20, 0
1225, 22, 2, 8, 41, 0
1225, 22, 0, 9, 17, 0
1225, 22, 0, 9, 19, 0
1225, 22, 2, 9, 35, 0
1225, 22, 2, 9, 37, 0
1225, 22, 0, 9, 40, 0
1225, 22, 2, 10, 23, 0
1225, 22, 0, 10, 34, 0
1225, 22, 0, 10, 36, 0
1225, 22, 2, 11, 19, 0
1225, 22, 0, 11, 22, 0
1225, 22, 0, 12, 18, 0
1225, 22, 2, 13, 21, 0
1225, 22, 2, 13, 22, 0
1225, 22, 3, 13, 32, 0
1225, 22, 1, 13, 62, 0
1225, 22, 0, 14, 21, 0
1225, 22, 3, 14, 63, 0
1225, 22, 0, 16, 19, 0
1225, 22, 1, 16, 23, 0
1225, 22, 1, 16, 29, 0
1225, 22, 1, 16, 35, 0
1225, 22, 1, 17, 21, 0
1225, 22, 3, 17, 24, 0
1225, 22, 3, 17, 30, 0
1225, 22, 3, 17, 36, 0
1225, 22, 3, 18, 22, 0
1225, 22, 1, 18, 26, 0
1225, 22, 1, 18, 32, 0
1225, 22, 1, 18, 38, 0
1225, 22, 3, 19, 27, 0
1225, 22, 3, 19, 33, 0
1225, 22, 3, 19, 39, 0
1225, 22, 2, 19, 45, 0
1225, 22, 2, 23, 28, 0
1225, 22, 1, 23, 42, 0
1225, 22, 0, 24, 27, 0
1225, 22, 3, 24, 43, 0
1225, 22, 1, 25, 33, 0
1225, 22, 1, 25, 39, 0
1225, 22, 3, 26, 34, 0
1225, 22, 3, 26, 40, 0
1225, 22, 1, 27, 36, 0
1225, 22, 1, 28, 34, 0
1225, 22, 3, 28, 37, 0
1225, 22, 3, 29, 35, 0
1225, 22, 1, 31, 37, 0
1225, 22, 2, 31, 41, 0
1225, 22, 3, 32, 38, 0
1225, 22, 0, 32, 40, 0
1225, 22, 1, 33, 41, 0
1225, 22, 0, 33, 63, 0
1225, 22, 2, 34, 39, 0
1225, 22, 2, 35, 37, 0
1225, 22, 0, 35, 38, 0
1225, 22, 2, 35, 63, 0
1225, 22, 2, 36, 35, 0
1225, 22, 0, 36, 36, 0
1225, 22, 0, 37, 34, 0
1225, 22, 0, 37, 61, 0
1225, 22, 1, 38, 62, 0
1225, 22, 2, 39, 61, 0
1225, 22, 0, 40, 60, 0
1225, 22, 2, 46, 38, 0
1225, 22, 3, 46, 42, 0
1225, 22, 1, 46, 44, 0
1225, 22, 2, 46, 59, 0
1225, 22, 2, 47, 43, 0
1225, 22, 3, 47, 45, 0
1225, 22, 0, 47, 58, 0
1225, 22, 2, 48, 49, 0
1225, 22, 3, 48, 57, 0
1225, 22, 2, 49, 40, 0
1225, 22, 0, 50, 39, 0
1225, 22, 2, 51, 63, 0
1225, 22, 0, 52, 62, 0
1225, 22, 2, 53, 35, 0
1225, 22, 2, 53, 37, 0
1225, 22, 0, 54, 34, 0
1225, 22, 0, 54, 36, 0
1225, 22, 1, 54, 58, 0
1225, 22, 2, 54, 62, 0
1225, 22, 1, 55, 49, 0
1225, 22, 3, 55, 59, 0
1225, 22, 3, 56, 50, 0
1225, 22, 1, 58, 41, 0
1225, 22, 1, 58, 47, 0
1225, 22, 2, 59, 26, 0
1225, 22, 3, 59, 42, 0
1225, 22, 3, 59, 48, 0
1225, 22, 1, 59, 50, 0
1225, 22, 0, 60, 25, 0
1225, 22, 1, 60, 40, 0
1225, 22, 1, 60, 47, 0
1225, 22, 3, 60, 51, 0
1225, 22, 1, 62, 39, 0
1225, 22, 3, 63, 40, 0
1226, 22, 3, 0, 32, 0
1226, 22, 0, 0, 41, 0
1226, 22, 3, 0, 45, 0
1226, 22, 3, 0, 58, 0
1226, 22, 3, 1, 28, 0
1226, 22, 1, 1, 31, 0
1226, 22, 2, 1, 33, 0
1226, 22, 1, 1, 44, 0
1226, 22, 2, 2, 18, 0
1226, 22, 2, 2, 24, 0
1226, 22, 1, 2, 27, 0
1226, 22, 0, 2, 34, 0
1226, 22, 2, 2, 38, 0
1226, 22, 0, 3, 19, 0
1226, 22, 2, 3, 26, 0
1226, 22, 2, 3, 36, 0
1226, 22, 0, 3, 39, 0
1226, 22, 2, 3, 50, 0
1226, 22, 3, 3, 54, 0
1226, 22, 1, 3, 61, 0
1226, 22, 0, 4, 27, 0
1226, 22, 0, 4, 37, 0
1226, 22, 1, 4, 53, 0
1226, 22, 2, 4, 55, 0
1226, 22, 2, 4, 60, 0
1226, 22, 2, 5, 22, 0
1226, 22, 2, 5, 40, 0
1226, 22, 0, 6, 23, 0
1226, 22, 3, 6, 33, 0
1226, 22, 0, 6, 41, 0
1226, 22, 0, 7, 61, 0
1226, 22, 3, 8, 28, 0
1226, 22, 1, 8, 31, 0
1226, 22, 3, 8, 34, 0
1226, 22, 2, 8, 38, 0
1226, 22, 0, 8, 59, 0
1226, 22, 1, 9, 33, 0
1226, 22, 0, 9, 39, 0
1226, 22, 1, 10, 26, 0
1226, 22, 2, 10, 32, 0
1226, 22, 2, 11, 24, 0
1226, 22, 0, 11, 33, 0
1226, 22, 2, 11, 40, 0
1226, 22, 2, 11, 60, 0
1226, 22, 3, 12, 35, 0
1226, 22, 0, 12, 41, 0
1226, 22, 0, 12, 61, 0
1226, 22, 1, 13, 34, 0
1226, 22, 3, 14, 30, 0
1226, 22, 1, 15, 24, 0
1226, 22, 1, 15, 29, 0
1226, 22, 1, 15, 35, 0
1226, 22, 3, 16, 27, 0
1226, 22, 3, 16, 33, 0
1226, 22, 1, 17, 26, 0
1226, 22, 1, 17, 32, 0
1226, 22, 1, 17, 38, 0
1226, 22, 2, 18, 19, 0
1226, 22, 0, 19, 20, 0
1226, 22, 2, 19, 23, 0
1226, 22, 0, 20, 24, 0
1226, 22, 3, 20, 26, 0
1226, 22, 2, 20, 28, 0
1226, 22, 1, 20, 44, 0
1226, 22, 2, 21, 21, 0
1226, 22, 1, 21, 25, 0
1226, 22, 0, 21, 29, 0
1226, 22, 3, 21, 62, 0
1226, 22, 0, 22, 22, 0
1226, 22, 2, 22, 24, 0
1226, 22, 1, 22, 61, 0
1226, 22, 0, 23, 25, 0
1226, 22, 2, 23, 29, 0
1226, 22, 3, 23, 40, 0
1226, 22, 2, 24, 22, 0
1226, 22, 0, 24, 30, 0
1226, 22, 1, 24, 33, 0
1226, 22, 1, 24, 39, 0
1226, 22, 3, 25, 37, 0
1226, 22, 1, 26, 36, 0
1226, 22, 0, 27, 25, 0
1226, 22, 3, 28, 24, 0
1226, 22, 2, 28, 41, 0
1226, 22, 3, 28, 62, 0
1226, 22, 1, 29, 23, 0
1226, 22, 2, 29, 25, 0
1226, 22, 2, 29, 32, 0
1226, 22, 3, 29, 38, 0
1226, 22, 0, 29, 42, 0
1226, 22, 1, 29, 61, 0
1226, 22, 0, 30, 26, 0
1226, 22, 3, 30, 28, 0
1226, 22, 0, 30, 33, 0
1226, 22, 3, 30, 35, 0
1226, 22, 1, 30, 37, 0
1226, 22, 3, 30, 62, 0
1226, 22, 1, 31, 27, 0
1226, 22, 1, 31, 34, 0
1226, 22, 2, 31, 42, 0
1226, 22, 2, 32, 26, 0
1226, 22, 2, 32, 33, 0
1226, 22, 0, 33, 27, 0
1226, 22, 0, 34, 24, 0
1226, 22, 3, 34, 26, 0
1226, 22, 0, 34, 35, 0
1226, 22, 1, 35, 25, 0
1226, 22, 2, 35, 27, 0
1226, 22, 0, 36, 28, 0
1226, 22, 3, 36, 30, 0
1226, 22, 1, 37, 29, 0
1226, 22, 2, 38, 28, 0
1226, 22, 2, 38, 32, 0
1226, 22, 0, 39, 29, 0
1226, 22, 0, 39, 33, 0
1226, 22, 2, 41, 33, 0
1226, 22, 1, 41, 62, 0
1226, 22, 2, 42, 29, 0
1226, 22, 2, 42, 60, 0
1226, 22, 0, 43, 61, 0
1226, 22, 2, 44, 50, 0
1226, 22, 1, 44, 62, 0
1226, 22, 0, 45, 51, 0
1226, 22, 2, 45, 61, 0
1226, 22, 2, 46, 39, 0
1226, 22, 3, 46, 48, 0
1226, 22, 0, 46, 62, 0
1226, 22, 0, 47, 40, 0
1226, 22, 1, 47, 47, 0
1226, 22, 2, 47, 51, 0
1226, 22, 0, 48, 36, 0
1226, 22, 1, 48, 42, 0
1226, 22, 0, 48, 52, 0
1226, 22, 3, 48, 54, 0
1226, 22, 2, 48, 62, 0
1226, 22, 1, 49, 53, 0
1226, 22, 2, 49, 58, 0
1226, 22, 0, 49, 63, 0
1226, 22, 3, 50, 31, 0
1226, 22, 1, 50, 34, 0
1226, 22, 2, 50, 36, 0
1226, 22, 2, 50, 52, 0
1226, 22, 0, 50, 59, 0
1226, 22, 1, 51, 30, 0
1226, 22, 3, 51, 34, 0
1226, 22, 0, 51, 37, 0
1226, 22, 0, 51, 51, 0
1226, 22, 0, 51, 53, 0
1226, 22, 1, 51, 60, 0
1226, 22, 3, 52, 31, 0
1226, 22, 1, 52, 33, 0
1226, 22, 2, 52, 39, 0
1226, 22, 2, 52, 59, 0
1226, 22, 1, 53, 30, 0
1226, 22, 2, 53, 38, 0
1226, 22, 2, 53, 53, 0
1226, 22, 0, 53, 60, 0
1226, 22, 0, 54, 54, 0
1226, 22, 3, 54, 56, 0
1226, 22, 3, 55, 53, 0
1226, 22, 1, 55, 55, 0
1226, 22, 1, 55, 61, 0
1226, 22, 2, 56, 38, 0
1226, 22, 3, 56, 45, 0
1226, 22, 1, 56, 52, 0
1226, 22, 0, 57, 39, 0
1226, 22, 1, 57, 44, 0
1226, 22, 3, 58, 45, 0
1226, 22, 1, 59, 44, 0
1226, 22, 3, 59, 54, 0
1226, 22, 1, 60, 53, 0
1226, 22, 3, 61, 28, 0
1226, 22, 3, 62, 25, 0
1226, 22, 1, 62, 27, 0
1226, 22, 2, 63, 26, 0
1226, 22, 0, 63, 33, 0
1227, 22, 0, 2, 62, 0
1227, 22, 0, 7, 32, 0
1227, 22, 2, 9, 27, 0
1227, 22, 3, 12, 25, 0
1227, 22, 3, 25, 23, 0
1227, 22, 3, 26, 24, 0
1227, 22, 1, 33, 34, 0
1227, 22, 2, 36, 62, 0
1227, 22, 3, 47, 35, 0
1227, 22, 0, 50, 58, 0
1227, 22, 0, 51, 57, 0
1227, 22, 0, 63, 24, 0
1228, 22, 0, 0, 31, 0
1228, 22, 0, 0, 44, 0
1228, 22, 1, 0, 49, 0
1228, 22, 0, 0, 57, 0
1228, 22, 0, 1, 27, 0
1228, 22, 2, 1, 32, 0
1228, 22, 1, 1, 34, 0
1228, 22, 2, 1, 45, 0
1228, 22, 3, 1, 48, 0
1228, 22, 1, 1, 52, 0
1228, 22, 2, 1, 58, 0
1228, 22, 1, 2, 19, 0
1228, 22, 2, 2, 28, 0
1228, 22, 1, 2, 31, 0
1228, 22, 1, 2, 39, 0
1228, 22, 0, 2, 40, 0
1228, 22, 1, 2, 45, 0
1228, 22, 3, 2, 51, 0
1228, 22, 0, 2, 61, 0
1228, 22, 2, 2, 63, 0
1228, 22, 3, 3, 18, 0
1228, 22, 2, 3, 23, 0
1228, 22, 3, 3, 24, 0
1228, 22, 1, 3, 27, 0
1228, 22, 3, 3, 30, 0
1228, 22, 1, 3, 37, 0
1228, 22, 3, 3, 38, 0
1228, 22, 2, 3, 41, 0
1228, 22, 3, 3, 44, 0
1228, 22, 1, 3, 51, 0
1228, 22, 0, 3, 53, 0
1228, 22, 2, 3, 62, 0
1228, 22, 3, 4, 26, 0
1228, 22, 3, 4, 36, 0
1228, 22, 3, 4, 50, 0
1228, 22, 2, 4, 54, 0
1228, 22, 1, 4, 56, 0
1228, 22, 1, 4, 61, 0
1228, 22, 0, 5, 20, 0
1228, 22, 1, 5, 23, 0
1228, 22, 1, 5, 29, 0
1228, 22, 1, 5, 41, 0
1228, 22, 3, 5, 60, 0
1228, 22, 2, 6, 19, 0
1228, 22, 3, 6, 22, 0
1228, 22, 1, 6, 28, 0
1228, 22, 1, 6, 36, 0
1228, 22, 3, 6, 40, 0
1228, 22, 1, 6, 61, 0
1228, 22, 0, 7, 31, 0
1228, 22, 2, 7, 33, 0
1228, 22, 3, 7, 35, 0
1228, 22, 1, 7, 59, 0
1228, 22, 3, 7, 60, 0
1228, 22, 0, 8, 17, 0
1228, 22, 0, 8, 19, 0
1228, 22, 0, 8, 27, 0
1228, 22, 2, 8, 32, 0
1228, 22, 0, 8, 33, 0
1228, 22, 1, 8, 39, 0
1228, 22, 0, 8, 40, 0
1228, 22, 2, 9, 18, 0
1228, 22, 2, 9, 20, 0
1228, 22, 0, 9, 26, 0
1228, 22, 2, 9, 28, 0
1228, 22, 2, 9, 34, 0
1228, 22, 0, 9, 36, 0
1228, 22, 3, 9, 38, 0
1228, 22, 2, 9, 41, 0
1228, 22, 0, 10, 22, 0
1228, 22, 2, 10, 27, 0
1228, 22, 1, 10, 33, 0
1228, 22, 2, 10, 35, 0
1228, 22, 2, 10, 37, 0
1228, 22, 0, 11, 18, 0
1228, 22, 2, 11, 23, 0
1228, 22, 1, 11, 25, 0
1228, 22, 3, 11, 32, 0
1228, 22, 1, 11, 41, 0
1228, 22, 2, 12, 19, 0
1228, 22, 3, 12, 24, 0
1228, 22, 1, 12, 26, 0
1228, 22, 1, 12, 32, 0
1228, 22, 3, 12, 40, 0
1228, 22, 0, 13, 20, 0
1228, 22, 3, 13, 25, 0
1228, 22, 3, 13, 31, 0
1228, 22, 2, 13, 35, 0
1228, 22, 1, 13, 63, 0
1228, 22, 2, 14, 22, 0
1228, 22, 0, 14, 29, 0
1228, 22, 0, 14, 35, 0
1228, 22, 3, 14, 62, 0
1228, 22, 0, 15, 19, 0
1228, 22, 2, 15, 25, 0
1228, 22, 2, 15, 30, 0
1228, 22, 2, 15, 36, 0
1228, 22, 1, 16, 24, 0
1228, 22, 0, 16, 26, 0
1228, 22, 0, 16, 32, 0
1228, 22, 1, 16, 36, 0
1228, 22, 1, 17, 22, 0
1228, 22, 3, 17, 23, 0
1228, 22, 2, 17, 27, 0
1228, 22, 2, 17, 33, 0
1228, 22, 3, 17, 35, 0
1228, 22, 2, 17, 39, 0
1228, 22, 1, 18, 20, 0
1228, 22, 3, 18, 21, 0
1228, 22, 1, 18, 27, 0
1228, 22, 1, 18, 33, 0
1228, 22, 1, 18, 39, 0
1228, 22, 3, 19, 19, 0
1228, 22, 1, 19, 24, 0
1228, 22, 3, 19, 26, 0
1228, 22, 3, 19, 32, 0
1228, 22, 3, 19, 38, 0
1228, 22, 0, 19, 44, 0
1228, 22, 3, 20, 23, 0
1228, 22, 0, 20, 25, 0
1228, 22, 1, 20, 29, 0
1228, 22, 2, 20, 45, 0
1228, 22, 1, 21, 22, 0
1228, 22, 2, 21, 26, 0
1228, 22, 3, 21, 28, 0
1228, 22, 3, 22, 21, 0
1228, 22, 1, 22, 25, 0
1228, 22, 2, 22, 62, 0
1228, 22, 3, 23, 24, 0
1228, 22, 0, 23, 27, 0
1228, 22, 0, 23, 33, 0
1228, 22, 1, 23, 43, 0
1228, 22, 1, 24, 23, 0
1228, 22, 2, 24, 28, 0
1228, 22, 3, 24, 29, 0
1228, 22, 2, 24, 34, 0
1228, 22, 2, 24, 40, 0
1228, 22, 3, 24, 42, 0
1228, 22, 3, 25, 22, 0
1228, 22, 1, 25, 24, 0
1228, 22, 1, 25, 34, 0
1228, 22, 0, 25, 36, 0
1228, 22, 1, 25, 40, 0
1228, 22, 0, 25, 63, 0
1228, 22, 3, 26, 23, 0
1228, 22, 1, 26, 25, 0
1228, 22, 3, 26, 33, 0
1228, 22, 2, 26, 37, 0
1228, 22, 3, 26, 39, 0
1228, 22, 3, 27, 24, 0
1228, 22, 1, 27, 37, 0
1228, 22, 1, 28, 35, 0
1228, 22, 3, 28, 36, 0
1228, 22, 1, 28, 42, 0
1228, 22, 0, 28, 61, 0
1228, 22, 1, 29, 26, 0
1228, 22, 1, 29, 33, 0
1228, 22, 3, 29, 34, 0
1228, 22, 0, 29, 37, 0
1228, 22, 3, 29, 41, 0
1228, 22, 2, 29, 62, 0
1228, 22, 3, 30, 25, 0
1228, 22, 0, 30, 27, 0
1228, 22, 3, 30, 32, 0
1228, 22, 0, 30, 34, 0
1228, 22, 2, 30, 38, 0
1228, 22, 0, 30, 61, 0
1228, 22, 2, 31, 28, 0
1228, 22, 2, 31, 35, 0
1228, 22, 1, 31, 38, 0
1228, 22, 0, 31, 40, 0
1228, 22, 1, 31, 43, 0
1228, 22, 2, 31, 62, 0
1228, 22, 1, 32, 27, 0
1228, 22, 1, 32, 34, 0
1228, 22, 3, 32, 37, 0
1228, 22, 2, 32, 41, 0
1228, 22, 3, 32, 42, 0
1228, 22, 0, 32, 63, 0
1228, 22, 1, 33, 24, 0
1228, 22, 3, 33, 26, 0
1228, 22, 3, 33, 33, 0
1228, 22, 1, 33, 35, 0
1228, 22, 1, 33, 42, 0
1228, 22, 3, 34, 23, 0
1228, 22, 0, 34, 25, 0
1228, 22, 3, 34, 34, 0
1228, 22, 0, 34, 38, 0
1228, 22, 2, 35, 26, 0
1228, 22, 1, 35, 28, 0
1228, 22, 0, 35, 36, 0
1228, 22, 2, 35, 39, 0
1228, 22, 0, 35, 62, 0
1228, 22, 3, 36, 27, 0
1228, 22, 0, 36, 29, 0
1228, 22, 0, 36, 34, 0
1228, 22, 2, 36, 37, 0
1228, 22, 0, 36, 61, 0
1228, 22, 2, 36, 63, 0
1228, 22, 2, 37, 30, 0
1228, 22, 2, 37, 35, 0
1228, 22, 2, 37, 62, 0
1228, 22, 3, 38, 21, 0
1228, 22, 1, 38, 29, 0
1228, 22, 1, 38, 33, 0
1228, 22, 1, 38, 63, 0
1228, 22, 3, 39, 28, 0
1228, 22, 3, 39, 32, 0
1228, 22, 0, 39, 60, 0
1228, 22, 3, 39, 62, 0
1228, 22, 2, 40, 61, 0
1228, 22, 0, 40, 62, 0
1228, 22, 1, 41, 34, 0
1228, 22, 2, 41, 63, 0
1228, 22, 1, 42, 30, 0
1228, 22, 3, 42, 33, 0
1228, 22, 1, 42, 61, 0
1228, 22, 3, 43, 29, 0
1228, 22, 3, 43, 60, 0
1228, 22, 0, 43, 62, 0
1228, 22, 1, 44, 51, 0
1228, 22, 2, 44, 63, 0
1228, 22, 1, 45, 42, 0
1228, 22, 3, 45, 50, 0
1228, 22, 1, 45, 62, 0
1228, 22, 0, 46, 37, 0
1228, 22, 1, 46, 40, 0
1228, 22, 3, 46, 41, 0
1228, 22, 1, 46, 45, 0
1228, 22, 0, 46, 47, 0
1228, 22, 0, 46, 58, 0
1228, 22, 3, 46, 61, 0
1228, 22, 1, 47, 36, 0
1228, 22, 2, 47, 38, 0
1228, 22, 3, 47, 39, 0
1228, 22, 0, 47, 42, 0
1228, 22, 3, 47, 44, 0
1228, 22, 2, 47, 48, 0
1228, 22, 1, 47, 52, 0
1228, 22, 1, 47, 57, 0
1228, 22, 2, 47, 59, 0
1228, 22, 3, 48, 35, 0
1228, 22, 2, 48, 43, 0
1228, 22, 0, 48, 48, 0
1228, 22, 3, 48, 51, 0
1228, 22, 0, 48, 53, 0
1228, 22, 3, 48, 56, 0
1228, 22, 1, 48, 63, 0
1228, 22, 0, 49, 34, 0
1228, 22, 0, 49, 39, 0
1228, 22, 2, 49, 49, 0
1228, 22, 2, 49, 54, 0
1228, 22, 1, 49, 59, 0
1228, 22, 3, 49, 62, 0
1228, 22, 0, 50, 30, 0
1228, 22, 2, 50, 35, 0
1228, 22, 1, 50, 37, 0
1228, 22, 2, 50, 40, 0
1228, 22, 1, 50, 51, 0
1228, 22, 1, 50, 53, 0
1228, 22, 0, 50, 57, 0
1228, 22, 0, 50, 60, 0
1228, 22, 2, 51, 31, 0
1228, 22, 0, 51, 33, 0
1228, 22, 3, 51, 36, 0
1228, 22, 3, 51, 50, 0
1228, 22, 3, 51, 52, 0
1228, 22, 0, 51, 56, 0
1228, 22, 2, 51, 58, 0
1228, 22, 2, 51, 61, 0
1228, 22, 0, 51, 62, 0
1228, 22, 0, 52, 30, 0
1228, 22, 2, 52, 34, 0
1228, 22, 1, 52, 40, 0
1228, 22, 2, 52, 57, 0
1228, 22, 1, 52, 60, 0
1228, 22, 2, 52, 63, 0
1228, 22, 2, 53, 31, 0
1228, 22, 0, 53, 34, 0
1228, 22, 0, 53, 36, 0
1228, 22, 3, 53, 39, 0
1228, 22, 1, 53, 54, 0
1228, 22, 3, 53, 59, 0
1228, 22, 2, 54, 35, 0
1228, 22, 2, 54, 37, 0
1228, 22, 3, 54, 38, 0
1228, 22, 3, 54, 53, 0
1228, 22, 0, 54, 55, 0
1228, 22, 1, 54, 59, 0
1228, 22, 0, 54, 61, 0
1228, 22, 1, 55, 50, 0
1228, 22, 0, 55, 52, 0
1228, 22, 2, 55, 56, 0
1228, 22, 3, 55, 58, 0
1228, 22, 2, 55, 62, 0
1228, 22, 3, 56, 28, 0
1228, 22, 1, 56, 39, 0
1228, 22, 0, 56, 44, 0
1228, 22, 3, 56, 49, 0
1228, 22, 3, 57, 38, 0
1228, 22, 2, 57, 45, 0
1228, 22, 1, 58, 42, 0
1228, 22, 0, 58, 44, 0
1228, 22, 1, 58, 48, 0
1228, 22, 0, 59, 25, 0
1228, 22, 3, 59, 41, 0
1228, 22, 2, 59, 45, 0
1228, 22, 1, 59, 51, 0
1228, 22, 0, 59, 53, 0
1228, 22, 2, 60, 26, 0
1228, 22, 1, 60, 41, 0
1228, 22, 1, 60, 48, 0
1228, 22, 3, 60, 50, 0
1228, 22, 3, 61, 40, 0
1228, 22, 3, 61, 47, 0
1228, 22, 0, 62, 24, 0
1228, 22, 2, 62, 28, 0
1228, 22, 1, 62, 40, 0
1228, 22, 0, 63, 23, 0
1228, 22, 2, 63, 25, 0
1228, 22, 3, 63, 39, 0
1229, 22, 2, 0, 20, 0
1229, 22, 2, 0, 30, 0
1229, 22, 3, 0, 59, 0
1229, 22, 2, 1, 38, 0
1229, 22, 0, 1, 46, 0
1229, 22, 2, 2, 32, 0
1229, 22, 2, 2, 36, 0
1229, 22, 1, 4, 18, 0
1229, 22, 3, 4, 30, 0
1229, 22, 3, 5, 57, 0
1229, 22, 1, 6, 25, 0
1229, 22, 3, 6, 32, 0
1229, 22, 2, 7, 38, 0
1229, 22, 3, 7, 42, 0
1229, 22, 2, 9, 21, 0
1229, 22, 0, 10, 17, 0
1229, 22, 0, 11, 34, 0
1229, 22, 3, 13, 19, 0
1229, 22, 0, 13, 36, 0
1229, 22, 0, 13, 41, 0
1229, 22, 3, 14, 31, 0
1229, 22, 1, 16, 63, 0
1229, 22, 2, 17, 45, 0
1229, 22, 3, 18, 24, 0
1229, 22, 2, 18, 28, 0
1229, 22, 3, 19, 40, 0
1229, 22, 3, 20, 27, 0
1229, 22, 0, 20, 34, 0
1229, 22, 1, 20, 42, 0
1229, 22, 2, 22, 41, 0
1229, 22, 1, 22, 60, 0
1229, 22, 3, 23, 23, 0
1229, 22, 0, 23, 63, 0
1229, 22, 1, 24, 24, 0
1229, 22, 3, 24, 44, 0
1229, 22, 1, 24, 63, 0
1229, 22, 0, 25, 25, 0
1229, 22, 0, 25, 27, 0
1229, 22, 1, 26, 21, 0
1229, 22, 3, 26, 42, 0
1229, 22, 3, 28, 38, 0
1229, 22, 3, 29, 36, 0
1229, 22, 3, 29, 39, 0
1229, 22, 1, 29, 60, 0
1229, 22, 3, 30, 29, 0
1229, 22, 1, 31, 63, 0
1229, 22, 1, 33, 36, 0
1229, 22, 1, 33, 38, 0
1229, 22, 1, 35, 34, 0
1229, 22, 0, 36, 23, 0
1229, 22, 3, 36, 31, 0
1229, 22, 3, 36, 39, 0
1229, 22, 2, 37, 32, 0
1229, 22, 3, 38, 35, 0
1229, 22, 2, 40, 27, 0
1229, 22, 0, 41, 32, 0
1229, 22, 2, 43, 50, 0
1229, 22, 2, 44, 39, 0
1229, 22, 2, 45, 59, 0
1229, 22, 2, 46, 46, 0
1229, 22, 2, 46, 63, 0
1229, 22, 3, 48, 55, 0
1229, 22, 3, 49, 38, 0
1229, 22, 1, 50, 62, 0
1229, 22, 3, 51, 35, 0
1229, 22, 1, 53, 61, 0
1229, 22, 3, 54, 33, 0
1229, 22, 3, 55, 39, 0
1229, 22, 1, 55, 48, 0
1229, 22, 3, 56, 46, 0
1229, 22, 0, 56, 57, 0
1229, 22, 2, 57, 26, 0
1229, 22, 0, 59, 28, 0
1229, 22, 3, 59, 55, 0
1229, 22, 0, 61, 25, 0
1229, 22, 3, 61, 29, 0
1229, 22, 3, 61, 39, 0
1229, 22, 0, 61, 52, 0
1229, 22, 3, 63, 41, 0
1230, 22, 2, 1, 63, 0
1230, 22, 3, 2, 52, 0
1230, 22, 3, 3, 25, 0
1230, 22, 3, 3, 45, 0
1230, 22, 3, 5, 61, 0
1230, 22, 1, 6, 60, 0
1230, 22, 1, 7, 58, 0
1230, 22, 1, 12, 31, 0
1230, 22, 3, 13, 26, 0
1230, 22, 0, 14, 20, 0
1230, 22, 2, 14, 25, 0
1230, 22, 2, 14, 36, 0
1230, 22, 2, 15, 20, 0
1230, 22, 2, 16, 39, 0
1230, 22, 2, 23, 34, 0
1230, 22, 0, 26, 63, 0
1230, 22, 0, 31, 61, 0
1230, 22, 3, 32, 43, 0
1230, 22, 1, 33, 23, 0
1230, 22, 3, 34, 42, 0
1230, 22, 3, 39, 63, 0
1230, 22, 2, 40, 63, 0
1230, 22, 3, 42, 34, 0
1230, 22, 3, 43, 30, 0
1230, 22, 2, 43, 63, 0
1230, 22, 1, 45, 41, 0
1230, 22, 0, 47, 34, 0
1230, 22, 0, 47, 37, 0
1230, 22, 1, 47, 56, 0
1230, 22, 2, 49, 35, 0
1230, 22, 0, 49, 48, 0
1230, 22, 1, 50, 50, 0
1230, 22, 2, 50, 61, 0
1230, 22, 0, 52, 56, 0
1230, 22, 3, 53, 40, 0
1230, 22, 3, 54, 39, 0
1230, 22, 3, 61, 41, 0
1230, 22, 3, 61, 48, 0
1241, 22, 0, 0, 19, 0
1241, 22, 3, 0, 21, 0
1241, 22, 0, 0, 22, 0
1241, 22, 0, 0, 24, 0
1241, 22, 3, 0, 25, 0
1241, 22, 1, 0, 26, 0
1241, 22, 3, 0, 27, 0
1241, 22, 0, 0, 28, 0
1241, 22, 1, 0, 29, 0
1241, 22, 3, 0, 34, 0
1241, 22, 3, 0, 35, 0
1241, 22, 3, 0, 36, 0
1241, 22, 0, 0, 37, 0
1241, 22, 1, 0, 38, 0
1241, 22, 3, 0, 39, 0
1241, 22, 3, 0, 40, 0
1241, 22, 0, 0, 42, 0
1241, 22, 1, 0, 43, 0
1241, 22, 2, 1, 21, 0
1241, 22, 1, 1, 22, 0
1241, 22, 2, 1, 25, 0
1241, 22, 2, 1, 26, 0
1241, 22, 3, 1, 35, 0
1241, 22, 3, 1, 36, 0
1241, 22, 1, 1, 37, 0
1241, 22, 0, 1, 39, 0
1241, 22, 2, 1, 40, 0
1241, 22, 0, 1, 47, 0
1241, 22, 0, 1, 53, 0
1241, 22, 0, 2, 20, 0
1241, 22, 1, 2, 21, 0
1241, 22, 2, 2, 22, 0
1241, 22, 1, 2, 25, 0
1241, 22, 3, 2, 33, 0
1241, 22, 3, 2, 35, 0
1241, 22, 2, 2, 37, 0
1241, 22, 0, 2, 42, 0
1241, 22, 0, 2, 46, 0
1241, 22, 0, 2, 53, 0
1241, 22, 0, 2, 54, 0
1241, 22, 0, 2, 55, 0
1241, 22, 0, 2, 56, 0
1241, 22, 3, 3, 20, 0
1241, 22, 3, 3, 21, 0
1241, 22, 2, 3, 28, 0
1241, 22, 3, 3, 33, 0
1241, 22, 0, 3, 35, 0
1241, 22, 0, 3, 42, 0
1241, 22, 0, 3, 43, 0
1241, 22, 2, 4, 20, 0
1241, 22, 1, 4, 23, 0
1241, 22, 0, 4, 24, 0
1241, 22, 2, 4, 25, 0
1241, 22, 3, 4, 28, 0
1241, 22, 3, 4, 31, 0
1241, 22, 0, 4, 33, 0
1241, 22, 2, 4, 38, 0
1241, 22, 0, 4, 41, 0
1241, 22, 1, 5, 18, 0
1241, 22, 3, 5, 24, 0
1241, 22, 3, 5, 25, 0
1241, 22, 0, 5, 26, 0
1241, 22, 3, 5, 30, 0
1241, 22, 0, 5, 32, 0
1241, 22, 0, 5, 33, 0
1241, 22, 2, 5, 38, 0
1241, 22, 1, 5, 39, 0
1241, 22, 0, 5, 53, 0
1241, 22, 0, 5, 54, 0
1241, 22, 1, 6, 21, 0
1241, 22, 2, 6, 24, 0
1241, 22, 2, 6, 37, 0
1241, 22, 3, 6, 38, 0
1241, 22, 0, 6, 39, 0
1241, 22, 2, 7, 21, 0
1241, 22, 1, 7, 22, 0
1241, 22, 0, 7, 24, 0
1241, 22, 3, 7, 25, 0
1241, 22, 1, 7, 26, 0
1241, 22, 3, 7, 27, 0
1241, 22, 3, 7, 34, 0
1241, 22, 0, 7, 39, 0
1241, 22, 1, 7, 40, 0
1241, 22, 3, 8, 21, 0
1241, 22, 0, 8, 22, 0
1241, 22, 2, 8, 25, 0
1241, 22, 0, 8, 26, 0
1241, 22, 0, 8, 36, 0
1241, 22, 0, 8, 42, 0
1241, 22, 2, 9, 22, 0
1241, 22, 1, 9, 25, 0
1241, 22, 2, 9, 29, 0
1241, 22, 1, 9, 30, 0
1241, 22, 0, 9, 31, 0
1241, 22, 0, 9, 42, 0
1241, 22, 1, 9, 63, 0
1241, 22, 2, 10, 28, 0
1241, 22, 1, 10, 29, 0
1241, 22, 2, 10, 30, 0
1241, 22, 3, 10, 31, 0
1241, 22, 2, 10, 38, 0
1241, 22, 0, 10, 41, 0
1241, 22, 1, 10, 62, 0
1241, 22, 1, 10, 63, 0
1241, 22, 0, 11, 20, 0
1241, 22, 0, 11, 21, 0
1241, 22, 0, 11, 26, 0
1241, 22, 1, 11, 27, 0
1241, 22, 3, 11, 28, 0
1241, 22, 0, 11, 29, 0
1241, 22, 0, 11, 30, 0
1241, 22, 0, 11, 31, 0
1241, 22, 1, 11, 35, 0
1241, 22, 0, 11, 37, 0
1241, 22, 3, 11, 38, 0
1241, 22, 2, 11, 39, 0
1241, 22, 1, 11, 61, 0
1241, 22, 1, 11, 62, 0
1241, 22, 1, 11, 63, 0
1241, 22, 3, 12, 20, 0
1241, 22, 0, 12, 23, 0
1241, 22, 3, 12, 27, 0
1241, 22, 3, 12, 28, 0
1241, 22, 3, 12, 29, 0
1241, 22, 3, 12, 30, 0
1241, 22, 1, 12, 34, 0
1241, 22, 1, 12, 37, 0
1241, 22, 3, 12, 38, 0
1241, 22, 1, 12, 39, 0
1241, 22, 1, 12, 60, 0
1241, 22, 1, 12, 62, 0
1241, 22, 1, 12, 63, 0
1241, 22, 3, 13, 23, 0
1241, 22, 2, 13, 24, 0
1241, 22, 2, 13, 27, 0
1241, 22, 3, 13, 28, 0
1241, 22, 0, 13, 29, 0
1241, 22, 3, 13, 30, 0
1241, 22, 2, 13, 37, 0
1241, 22, 0, 13, 38, 0
1241, 22, 3, 13, 39, 0
1241, 22, 0, 13, 40, 0
1241, 22, 1, 13, 60, 0
1241, 22, 1, 14, 23, 0
1241, 22, 0, 14, 24, 0
1241, 22, 1, 14, 26, 0
1241, 22, 2, 14, 27, 0
1241, 22, 1, 14, 28, 0
1241, 22, 2, 14, 32, 0
1241, 22, 1, 14, 33, 0
1241, 22, 3, 14, 37, 0
1241, 22, 1, 14, 38, 0
1241, 22, 1, 14, 39, 0
1241, 22, 1, 14, 61, 0
1241, 22, 0, 15, 26, 0
1241, 22, 0, 15, 27, 0
1241, 22, 2, 15, 31, 0
1241, 22, 3, 15, 32, 0
1241, 22, 0, 15, 33, 0
1241, 22, 0, 15, 37, 0
1241, 22, 3, 15, 38, 0
1241, 22, 0, 15, 39, 0
1241, 22, 1, 15, 62, 0
1241, 22, 0, 15, 63, 0
1241, 22, 1, 16, 25, 0
1241, 22, 2, 16, 30, 0
1241, 22, 1, 16, 31, 0
1241, 22, 0, 16, 37, 0
1241, 22, 2, 16, 38, 0
1241, 22, 2, 17, 28, 0
1241, 22, 2, 17, 29, 0
1241, 22, 1, 17, 34, 0
1241, 22, 0, 18, 29, 0
1241, 22, 3, 18, 30, 0
1241, 22, 0, 18, 34, 0
1241, 22, 2, 18, 35, 0
1241, 22, 0, 18, 36, 0
1241, 22, 0, 19, 21, 0
1241, 22, 3, 19, 22, 0
1241, 22, 2, 19, 25, 0
1241, 22, 2, 19, 29, 0
1241, 22, 2, 19, 30, 0
1241, 22, 1, 19, 31, 0
1241, 22, 3, 19, 35, 0
1241, 22, 1, 19, 36, 0
1241, 22, 3, 19, 37, 0
1241, 22, 0, 19, 43, 0
1241, 22, 0, 19, 46, 0
1241, 22, 3, 20, 22, 0
1241, 22, 2, 20, 30, 0
1241, 22, 3, 20, 31, 0
1241, 22, 3, 20, 32, 0
1241, 22, 0, 20, 33, 0
1241, 22, 2, 20, 38, 0
1241, 22, 3, 20, 39, 0
1241, 22, 2, 20, 40, 0
1241, 22, 0, 20, 41, 0
1241, 22, 1, 21, 23, 0
1241, 22, 0, 21, 27, 0
1241, 22, 1, 21, 30, 0
1241, 22, 3, 21, 31, 0
1241, 22, 3, 21, 32, 0
1241, 22, 0, 21, 33, 0
1241, 22, 3, 21, 38, 0
1241, 22, 0, 21, 39, 0
1241, 22, 1, 21, 40, 0
1241, 22, 0, 21, 43, 0
1241, 22, 0, 21, 44, 0
1241, 22, 2, 22, 23, 0
1241, 22, 2, 22, 26, 0
1241, 22, 3, 22, 27, 0
1241, 22, 0, 22, 30, 0
1241, 22, 3, 22, 31, 0
1241, 22, 2, 22, 32, 0
1241, 22, 3, 22, 33, 0
1241, 22, 2, 22, 38, 0
1241, 22, 1, 22, 39, 0
1241, 22, 0, 22, 40, 0
1241, 22, 1, 23, 26, 0
1241, 22, 0, 23, 30, 0
1241, 22, 1, 23, 31, 0
1241, 22, 2, 23, 32, 0
1241, 22, 2, 23, 38, 0
1241, 22, 3, 23, 39, 0
1241, 22, 1, 24, 26, 0
1241, 22, 3, 24, 31, 0
1241, 22, 3, 24, 35, 0
1241, 22, 0, 24, 36, 0
1241, 22, 0, 24, 37, 0
1241, 22, 0, 24, 41, 0
1241, 22, 0, 25, 26, 0
1241, 22, 3, 25, 28, 0
1241, 22, 2, 25, 29, 0
1241, 22, 2, 25, 35, 0
1241, 22, 0, 25, 41, 0
1241, 22, 0, 25, 42, 0
1241, 22, 0, 26, 26, 0
1241, 22, 1, 26, 27, 0
1241, 22, 1, 26, 29, 0
1241, 22, 0, 26, 30, 0
1241, 22, 3, 26, 31, 0
1241, 22, 0, 26, 32, 0
1241, 22, 3, 26, 38, 0
1241, 22, 3, 27, 23, 0
1241, 22, 3, 27, 26, 0
1241, 22, 2, 27, 27, 0
1241, 22, 3, 27, 28, 0
1241, 22, 0, 27, 29, 0
1241, 22, 1, 27, 30, 0
1241, 22, 2, 27, 31, 0
1241, 22, 0, 27, 33, 0
1241, 22, 1, 27, 34, 0
1241, 22, 2, 27, 38, 0
1241, 22, 0, 27, 39, 0
1241, 22, 1, 27, 40, 0
1241, 22, 1, 27, 63, 0
1241, 22, 0, 28, 23, 0
1241, 22, 2, 28, 26, 0
1241, 22, 0, 28, 27, 0
1241, 22, 0, 28, 28, 0
1241, 22, 3, 28, 29, 0
1241, 22, 2, 28, 30, 0
1241, 22, 1, 28, 31, 0
1241, 22, 2, 28, 39, 0
1241, 22, 3, 28, 40, 0
1241, 22, 1, 29, 27, 0
1241, 22, 1, 29, 28, 0
1241, 22, 2, 29, 29, 0
1241, 22, 3, 29, 30, 0
1241, 22, 0, 29, 31, 0
1241, 22, 0, 29, 40, 0
1241, 22, 0, 30, 23, 0
1241, 22, 3, 30, 24, 0
1241, 22, 0, 30, 30, 0
1241, 22, 3, 30, 31, 0
1241, 22, 2, 30, 39, 0
1241, 22, 1, 30, 40, 0
1241, 22, 0, 31, 23, 0
1241, 22, 1, 31, 24, 0
1241, 22, 2, 31, 25, 0
1241, 22, 1, 31, 30, 0
1241, 22, 2, 31, 31, 0
1241, 22, 1, 31, 32, 0
1241, 22, 3, 31, 39, 0
1241, 22, 1, 32, 24, 0
1241, 22, 2, 32, 25, 0
1241, 22, 1, 32, 28, 0
1241, 22, 2, 32, 29, 0
1241, 22, 2, 32, 30, 0
1241, 22, 3, 32, 31, 0
1241, 22, 0, 32, 32, 0
1241, 22, 2, 32, 35, 0
1241, 22, 3, 32, 36, 0
1241, 22, 1, 32, 62, 0
1241, 22, 3, 33, 25, 0
1241, 22, 0, 33, 28, 0
1241, 22, 3, 33, 29, 0
1241, 22, 0, 33, 30, 0
1241, 22, 1, 33, 31, 0
1241, 22, 0, 33, 32, 0
1241, 22, 3, 33, 62, 0
1241, 22, 3, 34, 28, 0
1241, 22, 0, 34, 29, 0
1241, 22, 2, 34, 30, 0
1241, 22, 2, 34, 31, 0
1241, 22, 3, 34, 32, 0
1241, 22, 0, 34, 33, 0
1241, 22, 1, 34, 36, 0
1241, 22, 3, 34, 62, 0
1241, 22, 0, 35, 29, 0
1241, 22, 0, 35, 30, 0
1241, 22, 0, 35, 31, 0
1241, 22, 0, 35, 32, 0
1241, 22, 0, 35, 33, 0
1241, 22, 1, 36, 24, 0
1241, 22, 1, 36, 25, 0
1241, 22, 0, 36, 26, 0
1241, 22, 0, 36, 32, 0
1241, 22, 0, 36, 33, 0
1241, 22, 2, 37, 25, 0
1241, 22, 3, 37, 26, 0
1241, 22, 2, 37, 27, 0
1241, 22, 2, 37, 31, 0
1241, 22, 0, 37, 33, 0
1241, 22, 1, 37, 63, 0
1241, 22, 1, 38, 27, 0
1241, 22, 1, 38, 30, 0
1241, 22, 3, 38, 31, 0
1241, 22, 0, 39, 30, 0
1241, 22, 0, 39, 31, 0
1241, 22, 0, 39, 34, 0
1241, 22, 0, 40, 28, 0
1241, 22, 3, 40, 30, 0
1241, 22, 1, 40, 31, 0
1241, 22, 0, 40, 34, 0
1241, 22, 1, 42, 62, 0
1241, 22, 1, 42, 63, 0
1241, 22, 3, 43, 53, 0
1241, 22, 0, 44, 52, 0
1241, 22, 2, 44, 60, 0
1241, 22, 2, 45, 49, 0
1241, 22, 1, 45, 52, 0
1241, 22, 2, 45, 60, 0
1241, 22, 1, 45, 63, 0
1241, 22, 2, 46, 52, 0
1241, 22, 2, 46, 60, 0
1241, 22, 3, 47, 41, 0
1241, 22, 3, 47, 50, 0
1241, 22, 3, 47, 53, 0
1241, 22, 0, 47, 54, 0
1241, 22, 1, 47, 55, 0
1241, 22, 2, 47, 60, 0
1241, 22, 2, 47, 61, 0
1241, 22, 0, 48, 37, 0
1241, 22, 2, 48, 38, 0
1241, 22, 3, 48, 39, 0
1241, 22, 1, 48, 44, 0
1241, 22, 2, 48, 45, 0
1241, 22, 3, 48, 46, 0
1241, 22, 0, 48, 47, 0
1241, 22, 3, 48, 50, 0
1241, 22, 1, 48, 59, 0
1241, 22, 2, 48, 60, 0
1241, 22, 2, 48, 61, 0
1241, 22, 2, 49, 41, 0
1241, 22, 3, 49, 42, 0
1241, 22, 1, 49, 47, 0
1241, 22, 0, 49, 50, 0
1241, 22, 1, 49, 51, 0
1241, 22, 0, 49, 55, 0
1241, 22, 2, 49, 56, 0
1241, 22, 3, 49, 57, 0
1241, 22, 2, 49, 60, 0
1241, 22, 2, 49, 61, 0
1241, 22, 0, 50, 38, 0
1241, 22, 1, 50, 41, 0
1241, 22, 2, 50, 47, 0
1241, 22, 3, 50, 48, 0
1241, 22, 3, 50, 49, 0
1241, 22, 3, 50, 54, 0
1241, 22, 0, 50, 55, 0
1241, 22, 2, 50, 56, 0
1241, 22, 3, 51, 32, 0
1241, 22, 0, 51, 40, 0
1241, 22, 2, 51, 49, 0
1241, 22, 1, 51, 54, 0
1241, 22, 0, 51, 55, 0
1241, 22, 1, 52, 50, 0
1241, 22, 2, 52, 54, 0
1241, 22, 3, 52, 55, 0
1241, 22, 0, 52, 58, 0
1241, 22, 2, 52, 61, 0
1241, 22, 3, 53, 33, 0
1241, 22, 0, 53, 50, 0
1241, 22, 3, 53, 51, 0
1241, 22, 2, 53, 52, 0
1241, 22, 0, 53, 55, 0
1241, 22, 1, 53, 56, 0
1241, 22, 2, 53, 57, 0
1241, 22, 3, 53, 58, 0
1241, 22, 2, 53, 63, 0
1241, 22, 0, 54, 31, 0
1241, 22, 1, 54, 40, 0
1241, 22, 2, 54, 41, 0
1241, 22, 1, 54, 47, 0
1241, 22, 0, 54, 48, 0
1241, 22, 2, 54, 49, 0
1241, 22, 3, 54, 50, 0
1241, 22, 0, 54, 51, 0
1241, 22, 1, 54, 52, 0
1241, 22, 2, 54, 63, 0
1241, 22, 0, 55, 40, 0
1241, 22, 0, 55, 46, 0
1241, 22, 2, 55, 47, 0
1241, 22, 1, 55, 51, 0
1241, 22, 2, 55, 63, 0
1241, 22, 2, 56, 27, 0
1241, 22, 3, 56, 40, 0
1241, 22, 3, 56, 42, 0
1241, 22, 2, 56, 43, 0
1241, 22, 3, 56, 47, 0
1241, 22, 0, 56, 48, 0
1241, 22, 1, 56, 53, 0
1241, 22, 2, 56, 54, 0
1241, 22, 3, 57, 27, 0
1241, 22, 2, 57, 40, 0
1241, 22, 1, 57, 41, 0
1241, 22, 0, 57, 42, 0
1241, 22, 3, 57, 46, 0
1241, 22, 2, 57, 47, 0
1241, 22, 1, 57, 48, 0
1241, 22, 0, 57, 52, 0
1241, 22, 1, 57, 53, 0
1241, 22, 1, 57, 54, 0
1241, 22, 0, 58, 38, 0
1241, 22, 3, 58, 50, 0
1241, 22, 2, 58, 51, 0
1241, 22, 1, 58, 52, 0
1241, 22, 3, 58, 53, 0
1241, 22, 2, 58, 54, 0
1241, 22, 0, 59, 27, 0
1241, 22, 0, 59, 40, 0
1241, 22, 1, 59, 47, 0
1241, 22, 0, 59, 52, 0
1241, 22, 1, 60, 27, 0
1241, 22, 0, 60, 42, 0
1241, 22, 0, 60, 43, 0
1241, 22, 0, 60, 44, 0
1241, 22, 0, 60, 45, 0
1241, 22, 2, 60, 49, 0
1241, 22, 3, 61, 26, 0
1241, 22, 2, 61, 27, 0
1241, 22, 0, 61, 42, 0
1241, 22, 0, 61, 43, 0
1241, 22, 0, 61, 44, 0
1241, 22, 0, 61, 45, 0
1241, 22, 0, 61, 46, 0
1241, 22, 1, 61, 49, 0
1241, 22, 3, 61, 50, 0
1241, 22, 0, 61, 51, 0
1241, 22, 3, 62, 41, 0
1241, 22, 1, 62, 42, 0
1241, 22, 0, 62, 43, 0
1241, 22, 0, 62, 44, 0
1241, 22, 0, 62, 45, 0
1241, 22, 0, 62, 46, 0
1241, 22, 0, 62, 47, 0
1241, 22, 0, 62, 48, 0
1241, 22, 0, 63, 27, 0
1241, 22, 0, 63, 28, 0
1241, 22, 3, 63, 34, 0
1241, 22, 2, 63, 42, 0
1241, 22, 0, 63, 43, 0
1241, 22, 0, 63, 44, 0
1241, 22, 0, 63, 45, 0
1241, 22, 0, 63, 46, 0
1241, 22, 0, 63, 47, 0
1241, 22, 0, 63, 48, 0
1242, 22, 0, 0, 17, 0
1242, 22, 2, 0, 50, 0
1242, 22, 2, 0, 51, 0
1242, 22, 2, 0, 52, 0
1242, 22, 2, 0, 53, 0
1242, 22, 1, 1, 17, 0
1242, 22, 2, 1, 54, 0
1242, 22, 2, 1, 55, 0
1242, 22, 2, 1, 56, 0
1242, 22, 0, 1, 59, 0
1242, 22, 0, 2, 47, 0
1242, 22, 0, 2, 49, 0
1242, 22, 3, 2, 58, 0
1242, 22, 3, 2, 59, 0
1242, 22, 3, 2, 60, 0
1242, 22, 3, 3, 46, 0
1242, 22, 3, 3, 52, 0
1242, 22, 1, 3, 63, 0
1242, 22, 1, 4, 17, 0
1242, 22, 3, 4, 42, 0
1242, 22, 0, 4, 45, 0
1242, 22, 2, 4, 58, 0
1242, 22, 3, 4, 59, 0
1242, 22, 0, 4, 62, 0
1242, 22, 1, 4, 63, 0
1242, 22, 0, 5, 51, 0
1242, 22, 0, 5, 55, 0
1242, 22, 0, 5, 58, 0
1242, 22, 1, 5, 59, 0
1242, 22, 3, 5, 62, 0
1242, 22, 1, 5, 63, 0
1242, 22, 1, 6, 17, 0
1242, 22, 2, 6, 42, 0
1242, 22, 0, 6, 54, 0
1242, 22, 0, 6, 56, 0
1242, 22, 1, 6, 57, 0
1242, 22, 1, 6, 58, 0
1242, 22, 2, 6, 59, 0
1242, 22, 1, 6, 62, 0
1242, 22, 1, 6, 63, 0
1242, 22, 3, 7, 43, 0
1242, 22, 1, 7, 63, 0
1242, 22, 1, 8, 60, 0
1242, 22, 1, 8, 63, 0
1242, 22, 3, 9, 43, 0
1242, 22, 1, 9, 62, 0
1242, 22, 1, 10, 16, 0
1242, 22, 0, 10, 18, 0
1242, 22, 1, 10, 59, 0
1242, 22, 1, 10, 61, 0
1242, 22, 0, 11, 17, 0
1242, 22, 1, 11, 59, 0
1242, 22, 1, 12, 59, 0
1242, 22, 1, 13, 17, 0
1242, 22, 0, 14, 18, 0
1242, 22, 1, 14, 19, 0
1242, 22, 0, 14, 40, 0
1242, 22, 1, 14, 60, 0
1242, 22, 1, 15, 60, 0
1242, 22, 1, 15, 61, 0
1242, 22, 2, 16, 45, 0
1242, 22, 1, 16, 61, 0
1242, 22, 1, 16, 62, 0
1242, 22, 1, 17, 18, 0
1242, 22, 3, 17, 46, 0
1242, 22, 1, 17, 63, 0
1242, 22, 3, 18, 46, 0
1242, 22, 1, 18, 63, 0
1242, 22, 3, 19, 47, 0
1242, 22, 1, 19, 63, 0
1242, 22, 1, 20, 19, 0
1242, 22, 3, 20, 46, 0
1242, 22, 1, 20, 61, 0
1242, 22, 1, 20, 62, 0
1242, 22, 1, 20, 63, 0
1242, 22, 0, 21, 20, 0
1242, 22, 2, 21, 41, 0
1242, 22, 3, 21, 45, 0
1242, 22, 1, 21, 60, 0
1242, 22, 1, 21, 61, 0
1242, 22, 3, 22, 42, 0
1242, 22, 1, 23, 21, 0
1242, 22, 2, 23, 44, 0
1242, 22, 1, 23, 60, 0
1242, 22, 1, 23, 61, 0
1242, 22, 1, 23, 62, 0
1242, 22, 3, 24, 45, 0
1242, 22, 1, 24, 62, 0
1242, 22, 2, 25, 21, 0
1242, 22, 3, 25, 43, 0
1242, 22, 1, 25, 62, 0
1242, 22, 1, 26, 20, 0
1242, 22, 3, 26, 43, 0
1242, 22, 1, 26, 62, 0
1242, 22, 1, 27, 21, 0
1242, 22, 0, 27, 42, 0
1242, 22, 1, 27, 61, 0
1242, 22, 1, 27, 62, 0
1242, 22, 1, 28, 60, 0
1242, 22, 1, 29, 21, 0
1242, 22, 1, 29, 59, 0
1242, 22, 0, 30, 22, 0
1242, 22, 3, 30, 43, 0
1242, 22, 1, 30, 60, 0
1242, 22, 1, 31, 60, 0
1242, 22, 1, 32, 23, 0
1242, 22, 3, 32, 44, 0
1242, 22, 1, 32, 61, 0
1242, 22, 1, 33, 22, 0
1242, 22, 0, 33, 43, 0
1242, 22, 1, 33, 60, 0
1242, 22, 1, 33, 61, 0
1242, 22, 1, 34, 22, 0
1242, 22, 3, 34, 43, 0
1242, 22, 1, 34, 61, 0
1242, 22, 0, 35, 42, 0
1242, 22, 1, 35, 61, 0
1242, 22, 1, 36, 22, 0
1242, 22, 3, 36, 40, 0
1242, 22, 1, 36, 60, 0
1242, 22, 0, 37, 23, 0
1242, 22, 0, 37, 24, 0
1242, 22, 3, 37, 39, 0
1242, 22, 1, 37, 60, 0
1242, 22, 0, 38, 26, 0
1242, 22, 3, 38, 36, 0
1242, 22, 0, 38, 38, 0
1242, 22, 1, 38, 60, 0
1242, 22, 1, 39, 27, 0
1242, 22, 3, 39, 35, 0
1242, 22, 3, 40, 35, 0
1242, 22, 1, 41, 26, 0
1242, 22, 3, 41, 30, 0
1242, 22, 0, 42, 27, 0
1242, 22, 0, 42, 28, 0
1242, 22, 0, 42, 32, 0
1242, 22, 3, 42, 35, 0
1242, 22, 2, 42, 50, 0
1242, 22, 2, 42, 53, 0
1242, 22, 1, 42, 59, 0
1242, 22, 3, 43, 31, 0
1242, 22, 0, 43, 34, 0
1242, 22, 2, 43, 39, 0
1242, 22, 1, 43, 49, 0
1242, 22, 3, 43, 51, 0
1242, 22, 3, 43, 54, 0
1242, 22, 1, 43, 59, 0
1242, 22, 0, 44, 30, 0
1242, 22, 1, 44, 38, 0
1242, 22, 2, 44, 41, 0
1242, 22, 3, 44, 53, 0
1242, 22, 2, 44, 59, 0
1242, 22, 1, 45, 40, 0
1242, 22, 2, 45, 43, 0
1242, 22, 2, 45, 46, 0
1242, 22, 3, 45, 53, 0
1242, 22, 2, 45, 58, 0
1242, 22, 2, 46, 35, 0
1242, 22, 3, 46, 53, 0
1242, 22, 2, 46, 54, 0
1242, 22, 2, 46, 55, 0
1242, 22, 2, 46, 56, 0
1242, 22, 1, 47, 33, 0
1242, 22, 0, 48, 34, 0
1242, 22, 2, 49, 31, 0
1242, 22, 2, 49, 33, 0
1242, 22, 0, 49, 43, 0
1242, 22, 0, 49, 44, 0
1242, 22, 0, 49, 45, 0
1242, 22, 0, 49, 46, 0
1242, 22, 2, 50, 29, 0
1242, 22, 0, 50, 42, 0
1242, 22, 1, 50, 46, 0
1242, 22, 3, 51, 41, 0
1242, 22, 1, 51, 47, 0
1242, 22, 1, 51, 48, 0
1242, 22, 3, 52, 41, 0
1242, 22, 1, 52, 48, 0
1242, 22, 1, 52, 49, 0
1242, 22, 1, 53, 28, 0
1242, 22, 3, 53, 41, 0
1242, 22, 2, 53, 47, 0
1242, 22, 2, 53, 48, 0
1242, 22, 2, 53, 49, 0
1242, 22, 0, 54, 29, 0
1242, 22, 3, 54, 42, 0
1242, 22, 2, 54, 46, 0
1242, 22, 0, 55, 31, 0
1242, 22, 0, 55, 32, 0
1242, 22, 1, 55, 33, 0
1242, 22, 3, 55, 41, 0
1242, 22, 3, 55, 42, 0
1242, 22, 2, 55, 43, 0
1242, 22, 2, 55, 44, 0
1242, 22, 2, 55, 45, 0
1242, 22, 2, 56, 26, 0
1242, 22, 0, 56, 34, 0
1242, 22, 0, 56, 36, 0
1242, 22, 3, 56, 41, 0
1242, 22, 0, 56, 55, 0
1242, 22, 1, 56, 56, 0
1242, 22, 3, 56, 58, 0
1242, 22, 0, 56, 59, 0
1242, 22, 0, 56, 60, 0
1242, 22, 0, 56, 63, 0
1242, 22, 2, 57, 28, 0
1242, 22, 1, 57, 37, 0
1242, 22, 0, 57, 62, 0
1242, 22, 3, 58, 29, 0
1242, 22, 2, 58, 33, 0
1242, 22, 0, 58, 62, 0
1242, 22, 1, 59, 32, 0
1242, 22, 3, 59, 34, 0
1242, 22, 2, 60, 29, 0
1242, 22, 0, 60, 33, 0
1242, 22, 0, 60, 54, 0
1242, 22, 0, 60, 55, 0
1242, 22, 1, 61, 24, 0
1242, 22, 3, 61, 30, 0
1242, 22, 0, 61, 53, 0
1242, 22, 0, 62, 29, 0
1242, 22, 1, 62, 37, 0
1242, 22, 0, 62, 49, 0
1242, 22, 0, 62, 50, 0
1242, 22, 0, 62, 51, 0
1242, 22, 0, 62, 52, 0
1242, 22, 3, 63, 29, 0
1242, 22, 0, 63, 38, 0
1242, 22, 0, 63, 49, 0
1243, 22, 0, 0, 16, 0
1243, 22, 2, 0, 56, 0
1243, 22, 3, 0, 60, 0
1243, 22, 3, 0, 61, 0
1243, 22, 2, 0, 62, 0
1243, 22, 1, 0, 63, 0
1243, 22, 1, 1, 16, 0
1243, 22, 0, 1, 61, 0
1243, 22, 1, 1, 62, 0
1243, 22, 1, 2, 17, 0
1243, 22, 0, 2, 48, 0
1243, 22, 1, 3, 17, 0
1243, 22, 1, 3, 49, 0
1243, 22, 0, 4, 43, 0
1243, 22, 0, 4, 44, 0
1243, 22, 3, 4, 46, 0
1243, 22, 1, 4, 49, 0
1243, 22, 1, 5, 17, 0
1243, 22, 3, 5, 42, 0
1243, 22, 0, 5, 50, 0
1243, 22, 0, 5, 52, 0
1243, 22, 2, 6, 43, 0
1243, 22, 1, 7, 17, 0
1243, 22, 1, 8, 16, 0
1243, 22, 3, 8, 43, 0
1243, 22, 1, 9, 16, 0
1243, 22, 1, 10, 15, 0
1243, 22, 3, 10, 42, 0
1243, 22, 0, 11, 16, 0
1243, 22, 3, 11, 42, 0
1243, 22, 1, 12, 17, 0
1243, 22, 3, 12, 42, 0
1243, 22, 1, 13, 16, 0
1243, 22, 3, 13, 42, 0
1243, 22, 0, 14, 17, 0
1243, 22, 0, 14, 41, 0
1243, 22, 0, 14, 42, 0
1243, 22, 1, 15, 18, 0
1243, 22, 3, 15, 40, 0
1243, 22, 1, 16, 18, 0
1243, 22, 3, 16, 40, 0
1243, 22, 2, 16, 44, 0
1243, 22, 2, 16, 46, 0
1243, 22, 1, 16, 60, 0
1243, 22, 1, 17, 17, 0
1243, 22, 3, 17, 40, 0
1243, 22, 1, 17, 44, 0
1243, 22, 1, 17, 61, 0
1243, 22, 1, 17, 62, 0
1243, 22, 1, 18, 18, 0
1243, 22, 3, 18, 40, 0
1243, 22, 2, 18, 42, 0
1243, 22, 1, 18, 43, 0
1243, 22, 1, 18, 44, 0
1243, 22, 1, 18, 62, 0
1243, 22, 1, 19, 18, 0
1243, 22, 2, 19, 41, 0
1243, 22, 2, 19, 42, 0
1243, 22, 1, 19, 61, 0
1243, 22, 1, 19, 62, 0
1243, 22, 1, 20, 18, 0
1243, 22, 0, 20, 35, 0
1243, 22, 0, 20, 36, 0
1243, 22, 0, 20, 37, 0
1243, 22, 3, 20, 47, 0
1243, 22, 1, 20, 60, 0
1243, 22, 1, 21, 19, 0
1243, 22, 3, 21, 34, 0
1243, 22, 1, 21, 37, 0
1243, 22, 0, 21, 42, 0
1243, 22, 3, 21, 46, 0
1243, 22, 1, 21, 59, 0
1243, 22, 0, 22, 20, 0
1243, 22, 3, 22, 34, 0
1243, 22, 1, 22, 37, 0
1243, 22, 3, 22, 43, 0
1243, 22, 0, 22, 44, 0
1243, 22, 3, 22, 45, 0
1243, 22, 2, 23, 35, 0
1243, 22, 2, 23, 36, 0
1243, 22, 1, 23, 37, 0
1243, 22, 3, 23, 45, 0
1243, 22, 1, 24, 21, 0
1243, 22, 1, 24, 60, 0
1243, 22, 1, 24, 61, 0
1243, 22, 2, 25, 20, 0
1243, 22, 3, 25, 44, 0
1243, 22, 3, 25, 45, 0
1243, 22, 1, 25, 61, 0
1243, 22, 1, 26, 19, 0
1243, 22, 1, 26, 61, 0
1243, 22, 1, 27, 19, 0
1243, 22, 1, 27, 20, 0
1243, 22, 3, 27, 43, 0
1243, 22, 1, 27, 60, 0
1243, 22, 1, 28, 21, 0
1243, 22, 3, 28, 43, 0
1243, 22, 3, 29, 43, 0
1243, 22, 1, 30, 21, 0
1243, 22, 1, 30, 59, 0
1243, 22, 0, 31, 22, 0
1243, 22, 3, 31, 44, 0
1243, 22, 1, 32, 22, 0
1243, 22, 1, 32, 60, 0
1243, 22, 1, 35, 21, 0
1243, 22, 2, 35, 40, 0
1243, 22, 3, 36, 41, 0
1243, 22, 1, 37, 22, 0
1243, 22, 3, 37, 40, 0
1243, 22, 0, 38, 24, 0
1243, 22, 3, 38, 37, 0
1243, 22, 0, 38, 39, 0
1243, 22, 1, 39, 26, 0
1243, 22, 3, 39, 36, 0
1243, 22, 1, 39, 59, 0
1243, 22, 1, 40, 26, 0
1243, 22, 1, 40, 59, 0
1243, 22, 3, 41, 31, 0
1243, 22, 3, 41, 35, 0
1243, 22, 1, 41, 59, 0
1243, 22, 1, 42, 26, 0
1243, 22, 3, 42, 31, 0
1243, 22, 2, 42, 49, 0
1243, 22, 2, 42, 51, 0
1243, 22, 2, 42, 54, 0
1243, 22, 0, 43, 28, 0
1243, 22, 0, 43, 32, 0
1243, 22, 0, 43, 33, 0
1243, 22, 3, 43, 35, 0
1243, 22, 2, 43, 38, 0
1243, 22, 2, 43, 40, 0
1243, 22, 3, 43, 55, 0
1243, 22, 1, 43, 58, 0
1243, 22, 0, 44, 29, 0
1243, 22, 3, 44, 31, 0
1243, 22, 2, 44, 40, 0
1243, 22, 2, 44, 42, 0
1243, 22, 1, 44, 49, 0
1243, 22, 3, 44, 54, 0
1243, 22, 1, 44, 58, 0
1243, 22, 1, 45, 37, 0
1243, 22, 2, 45, 44, 0
1243, 22, 2, 45, 45, 0
1243, 22, 2, 45, 47, 0
1243, 22, 2, 45, 48, 0
1243, 22, 2, 45, 54, 0
1243, 22, 2, 45, 55, 0
1243, 22, 2, 45, 56, 0
1243, 22, 2, 45, 57, 0
1243, 22, 2, 46, 34, 0
1243, 22, 2, 46, 36, 0
1243, 22, 2, 46, 57, 0
1243, 22, 1, 48, 33, 0
1243, 22, 2, 49, 29, 0
1243, 22, 2, 49, 30, 0
1243, 22, 2, 49, 32, 0
1243, 22, 1, 50, 28, 0
1243, 22, 0, 50, 43, 0
1243, 22, 0, 50, 44, 0
1243, 22, 0, 50, 45, 0
1243, 22, 1, 51, 28, 0
1243, 22, 3, 51, 42, 0
1243, 22, 0, 51, 46, 0
1243, 22, 1, 52, 28, 0
1243, 22, 3, 52, 42, 0
1243, 22, 1, 52, 46, 0
1243, 22, 1, 52, 47, 0
1243, 22, 3, 53, 42, 0
1243, 22, 2, 53, 46, 0
1243, 22, 1, 54, 28, 0
1243, 22, 0, 54, 30, 0
1243, 22, 2, 54, 43, 0
1243, 22, 2, 54, 44, 0
1243, 22, 2, 54, 45, 0
1243, 22, 0, 56, 33, 0
1243, 22, 0, 56, 35, 0
1243, 22, 0, 56, 37, 0
1243, 22, 0, 56, 61, 0
1243, 22, 0, 56, 62, 0
1243, 22, 2, 57, 25, 0
1243, 22, 2, 57, 29, 0
1243, 22, 0, 57, 34, 0
1243, 22, 0, 57, 35, 0
1243, 22, 0, 57, 36, 0
1243, 22, 0, 57, 55, 0
1243, 22, 0, 57, 61, 0
1243, 22, 0, 57, 63, 0
1243, 22, 1, 58, 25, 0
1243, 22, 2, 58, 32, 0
1243, 22, 2, 58, 34, 0
1243, 22, 1, 58, 37, 0
1243, 22, 3, 58, 55, 0
1243, 22, 0, 58, 63, 0
1243, 22, 1, 59, 24, 0
1243, 22, 1, 59, 38, 0
1243, 22, 2, 59, 56, 0
1243, 22, 0, 59, 62, 0
1243, 22, 1, 59, 63, 0
1243, 22, 1, 60, 24, 0
1243, 22, 0, 60, 28, 0
1243, 22, 3, 60, 30, 0
1243, 22, 0, 60, 32, 0
1243, 22, 0, 60, 34, 0
1243, 22, 1, 60, 38, 0
1243, 22, 1, 61, 23, 0
1243, 22, 1, 61, 37, 0
1243, 22, 2, 62, 23, 0
1243, 22, 3, 62, 30, 0
1243, 22, 1, 63, 22, 0
1243, 22, 3, 63, 30, 0
1243, 22, 1, 63, 37, 0
1243, 22, 0, 63, 50, 0
1268, 22, 2, 39, 11, 0
1271, 22, 0, 19, 12, 0
1303, 10, 2, 45, 38, 0
1303, 10, 2, 49, 35, 0
1304, 10, 0, 1, 25, 0
1304, 10, 0, 1, 30, 0
1304, 10, 0, 2, 23, 0
1304, 10, 0, 3, 29, 0
1304, 10, 0, 8, 19, 0
1304, 10, 0, 9, 38, 0
1304, 10, 0, 10, 34, 0
1304, 10, 0, 13, 21, 0
1304, 10, 0, 15, 18, 0
1304, 10, 0, 28, 23, 0
1304, 10, 0, 29, 29, 0
1304, 10, 0, 31, 37, 0
1304, 10, 0, 40, 21, 0
1304, 10, 0, 40, 27, 0
1304, 10, 0, 41, 51, 0
1304, 10, 2, 42, 52, 0
1304, 10, 0, 45, 53, 0
1304, 10, 1, 46, 49, 0
1304, 10, 0, 52, 31, 0
1304, 10, 0, 52, 48, 0
1304, 10, 3, 52, 51, 0
1304, 10, 1, 54, 50, 0
1304, 10, 0, 57, 38, 0
1304, 10, 3, 57, 46, 0
1304, 10, 0, 58, 25, 0
1304, 10, 0, 59, 29, 0
1304, 10, 1, 59, 46, 0
1304, 10, 0, 59, 51, 0
1304, 10, 0, 61, 44, 0
1304, 10, 0, 62, 27, 0
1305, 10, 0, 3, 26, 0
1305, 10, 0, 7, 28, 0
1305, 10, 0, 7, 35, 0
1305, 10, 0, 10, 28, 0
1305, 10, 0, 11, 22, 0
1305, 10, 0, 30, 22, 0
1305, 10, 0, 32, 29, 0
1305, 10, 0, 34, 30, 0
1305, 10, 0, 35, 26, 0
1305, 10, 0, 35, 28, 0
1305, 10, 0, 36, 23, 0
1305, 10, 0, 37, 20, 0
1305, 10, 0, 37, 32, 0
1305, 10, 0, 38, 26, 0
1305, 10, 0, 43, 29, 0
1314, 10, 3, 18, 16, 0
1314, 10, 2, 19, 21, 0
1314, 10, 2, 22, 17, 0
1314, 10, 2, 27, 25, 0
1314, 10, 3, 30, 31, 0
1314, 10, 1, 33, 23, 0
1314, 10, 0, 38, 29, 0
1314, 10, 0, 43, 21, 0
1314, 10, 1, 52, 24, 0
1314, 10, 3, 56, 28, 0
1314, 10, 2, 61, 22, 0
1326, 10, 0, 1, 56, 0
1326, 10, 0, 2, 21, 0
1326, 10, 0, 2, 59, 0
1326, 10, 0, 4, 24, 0
1326, 10, 0, 5, 33, 0
1326, 10, 0, 5, 54, 0
1326, 10, 0, 6, 39, 0
1326, 10, 0, 6, 59, 0
1326, 10, 0, 7, 21, 0
1326, 10, 0, 7, 25, 0
1326, 10, 0, 10, 30, 0
1326, 10, 0, 11, 26, 0
1326, 10, 0, 13, 24, 0
1326, 10, 0, 14, 27, 0
1326, 10, 0, 15, 32, 0
1326, 10, 0, 16, 25, 0
1326, 10, 0, 25, 18, 0
1326, 10, 0, 26, 24, 0
1326, 10, 0, 27, 29, 0
1326, 10, 0, 27, 33, 0
1326, 10, 0, 28, 22, 0
1326, 10, 0, 28, 27, 0
1326, 10, 0, 31, 19, 0
1326, 10, 0, 31, 24, 0
1326, 10, 0, 31, 29, 0
1326, 10, 0, 33, 32, 0
1326, 10, 0, 33, 35, 0
1326, 10, 0, 35, 20, 0
1326, 10, 0, 35, 22, 0
1326, 10, 0, 36, 30, 0
1326, 10, 0, 37, 25, 0
1326, 10, 0, 39, 19, 0
1326, 10, 0, 39, 23, 0
1326, 10, 0, 39, 28, 0
1326, 10, 0, 39, 32, 0
1326, 10, 0, 42, 27, 0
1326, 10, 0, 43, 58, 0
1326, 10, 0, 45, 57, 0
1326, 10, 0, 45, 60, 0
1326, 10, 1, 47, 58, 0
1326, 10, 2, 49, 57, 0
1326, 10, 0, 49, 60, 0
1326, 10, 3, 51, 58, 0
1326, 10, 0, 53, 59, 0
1326, 10, 1, 55, 58, 0
1326, 10, 0, 56, 27, 0
1326, 10, 0, 56, 37, 0
1326, 10, 0, 60, 27, 0
1326, 10, 0, 60, 43, 0
1326, 10, 0, 62, 36, 0
1326, 10, 0, 62, 41, 0
1326, 10, 0, 62, 49, 0
1327, 10, 0, 1, 37, 1
1327, 10, 0, 1, 56, 1
1327, 10, 0, 2, 21, 1
1327, 10, 0, 2, 59, 1
1327, 10, 0, 4, 24, 1
1327, 10, 0, 5, 33, 1
1327, 10, 0, 5, 54, 1
1327, 10, 0, 6, 39, 1
1327, 10, 0, 6, 59, 1
1327, 10, 0, 7, 21, 1
1327, 10, 0, 7, 25, 1
1327, 10, 0, 10, 30, 1
1327, 10, 0, 11, 26, 1
1327, 10, 0, 11, 38, 1
1327, 10, 0, 13, 24, 1
1327, 10, 0, 14, 27, 1
1327, 10, 0, 15, 32, 1
1327, 10, 0, 15, 36, 1
1327, 10, 0, 16, 25, 1
1327, 10, 0, 25, 18, 1
1327, 10, 0, 26, 24, 1
1327, 10, 0, 27, 29, 1
1327, 10, 0, 27, 33, 1
1327, 10, 0, 28, 22, 1
1327, 10, 0, 28, 27, 1
1327, 10, 0, 29, 35, 1
1327, 10, 0, 31, 19, 1
1327, 10, 0, 31, 24, 1
1327, 10, 0, 31, 29, 1
1327, 10, 0, 33, 32, 1
1327, 10, 0, 33, 35, 1
1327, 10, 0, 35, 20, 1
1327, 10, 0, 35, 22, 1
1327, 10, 0, 36, 30, 1
1327, 10, 0, 37, 25, 1
1327, 10, 0, 39, 19, 1
1327, 10, 0, 39, 23, 1
1327, 10, 0, 39, 28, 1
1327, 10, 0, 39, 32, 1
1327, 10, 0, 42, 27, 1
1327, 10, 0, 43, 58, 1
1327, 10, 0, 45, 57, 1
1327, 10, 0, 45, 60, 1
1327, 10, 1, 47, 58, 1
1327, 10, 0, 48, 38, 1
1327, 10, 2, 49, 57, 1
1327, 10, 0, 49, 60, 1
1327, 10, 3, 51, 58, 1
1327, 10, 0, 53, 59, 1
1327, 10, 1, 55, 58, 1
1327, 10, 0, 56, 27, 1
1327, 10, 0, 56, 37, 1
1327, 10, 0, 60, 27, 1
1327, 10, 0, 60, 43, 1
1327, 10, 0, 62, 36, 1
1327, 10, 0, 62, 41, 1
1327, 10, 0, 62, 49, 1
1328, 10, 0, 1, 37, 2
1328, 10, 0, 2, 21, 2
1328, 10, 0, 5, 33, 2
1328, 10, 0, 5, 54, 2
1328, 10, 0, 6, 59, 2
1328, 10, 0, 7, 21, 2
1328, 10, 0, 7, 25, 2
1328, 10, 0, 11, 26, 2
1328, 10, 0, 11, 38, 2
1328, 10, 0, 14, 27, 2
1328, 10, 0, 15, 32, 2
1328, 10, 0, 15, 36, 2
1328, 10, 0, 25, 18, 2
1328, 10, 0, 26, 24, 2
1328, 10, 0, 27, 29, 2
1328, 10, 0, 27, 33, 2
1328, 10, 0, 31, 19, 2
1328, 10, 0, 31, 24, 2
1328, 10, 0, 33, 32, 2
1328, 10, 0, 33, 35, 2
1328, 10, 0, 35, 20, 2
1328, 10, 0, 36, 30, 2
1328, 10, 0, 39, 19, 2
1328, 10, 0, 39, 23, 2
1328, 10, 0, 39, 28, 2
1328, 10, 0, 42, 27, 2
1328, 10, 1, 47, 58, 2
1328, 10, 0, 49, 60, 2
1328, 10, 3, 51, 58, 2
1328, 10, 1, 55, 58, 2
1328, 10, 0, 56, 37, 2
1328, 10, 0, 60, 27, 2
1328, 10, 0, 62, 36, 2
1328, 10, 0, 62, 41, 2
1328, 10, 0, 62, 49, 2
1329, 10, 0, 0, 55, 2
1329, 10, 0, 1, 58, 2
1329, 10, 0, 3, 23, 2
1329, 10, 0, 5, 38, 2
1329, 10, 0, 9, 29, 2
1329, 10, 0, 12, 23, 2
1329, 10, 0, 15, 24, 2
1329, 10, 0, 27, 21, 2
1329, 10, 0, 27, 26, 2
1329, 10, 0, 28, 34, 2
1329, 10, 0, 30, 28, 2
1329, 10, 0, 34, 21, 2
1329, 10, 0, 36, 24, 2
1329, 10, 0, 38, 31, 2
1329, 10, 0, 42, 57, 2
1329, 10, 0, 44, 56, 2
1329, 10, 0, 44, 59, 2
1329, 10, 0, 47, 37, 2
1329, 10, 2, 48, 56, 2
1329, 10, 0, 52, 58, 2
1329, 10, 0, 55, 26, 2
1329, 10, 0, 59, 42, 2
1329, 10, 0, 0, 36, 3
1329, 10, 0, 1, 20, 3
1329, 10, 0, 4, 32, 3
1329, 10, 0, 4, 53, 3
1329, 10, 0, 5, 58, 3
1329, 10, 0, 6, 20, 3
1329, 10, 0, 6, 24, 3
1329, 10, 0, 10, 25, 3
1329, 10, 0, 10, 37, 3
1329, 10, 0, 13, 26, 3
1329, 10, 0, 14, 31, 3
1329, 10, 0, 14, 35, 3
1329, 10, 0, 24, 17, 3
1329, 10, 0, 25, 23, 3
1329, 10, 0, 26, 28, 3
1329, 10, 0, 26, 32, 3
1329, 10, 0, 30, 18, 3
1329, 10, 0, 30, 23, 3
1329, 10, 0, 32, 31, 3
1329, 10, 0, 32, 34, 3
1329, 10, 0, 34, 19, 3
1329, 10, 0, 35, 29, 3
1329, 10, 0, 38, 18, 3
1329, 10, 0, 38, 22, 3
1329, 10, 0, 38, 27, 3
1329, 10, 0, 41, 26, 3
1329, 10, 1, 46, 57, 3
1329, 10, 0, 48, 59, 3
1329, 10, 3, 50, 57, 3
1329, 10, 1, 54, 57, 3
1329, 10, 0, 55, 36, 3
1329, 10, 0, 59, 26, 3
1329, 10, 0, 61, 35, 3
1329, 10, 0, 61, 40, 3
1329, 10, 0, 61, 48, 3
1395, 10, 2, 11, 63, 0
1395, 10, 2, 13, 60, 0
1395, 10, 0, 13, 62, 0
1395, 10, 1, 15, 62, 0
1398, 10, 1, 42, 29, 0
1398, 10, 1, 47, 21, 0
1398, 10, 2, 57, 27, 0
1398, 10, 1, 58, 28, 0
1402, 10, 0, 1, 35, 0
1402, 10, 0, 2, 19, 0
1402, 10, 0, 2, 33, 0
1402, 10, 0, 3, 40, 0
1402, 10, 0, 4, 15, 0
1402, 10, 0, 4, 18, 0
1402, 10, 0, 5, 37, 0
1402, 10, 0, 6, 33, 0
1402, 10, 0, 7, 31, 0
1402, 10, 0, 8, 16, 0
1402, 10, 0, 8, 23, 0
1402, 10, 0, 12, 26, 0
1402, 10, 0, 13, 30, 0
1402, 10, 0, 13, 37, 0
1402, 10, 0, 14, 24, 0
1402, 10, 0, 14, 34, 0
1402, 10, 0, 16, 21, 0
1402, 10, 0, 17, 27, 0
1402, 10, 0, 22, 24, 0
1402, 10, 0, 26, 27, 0
1402, 10, 0, 29, 38, 0
1402, 10, 0, 31, 35, 0
1402, 10, 0, 32, 20, 0
1402, 10, 0, 36, 18, 0
1402, 10, 0, 38, 24, 0
1402, 10, 0, 40, 31, 0
1402, 10, 0, 53, 28, 0
1402, 10, 0, 54, 34, 0
1402, 10, 0, 55, 31, 0
1402, 10, 0, 57, 41, 0
1402, 10, 0, 61, 38, 0
2887, 10, 0, 11, 20, 0
2887, 10, 0, 36, 45, 0
2887, 10, 0, 40, 24, 0
2887, 10, 0, 42, 25, 0
2887, 10, 2, 42, 33, 0
2889, 10, 1, 3, 58, 0
2889, 10, 2, 5, 55, 0
2889, 10, 0, 44, 56, 0
2889, 10, 0, 44, 58, 0
2889, 10, 2, 45, 55, 0
2889, 10, 0, 46, 57, 0
2889, 10, 3, 46, 60, 0
2889, 10, 1, 47, 56, 0
2889, 10, 0, 48, 57, 0
2889, 10, 1, 48, 58, 0
2889, 10, 1, 52, 55, 0
2889, 10, 0, 52, 57, 0
2889, 10, 3, 53, 56, 0
2889, 10, 3, 53, 60, 0
2889, 10, 3, 56, 59, 0
2890, 10, 3, 0, 55, 0
2890, 10, 2, 1, 58, 0
2890, 10, 2, 2, 55, 0
2890, 10, 1, 4, 56, 0
2890, 10, 0, 4, 59, 0
2890, 10, 1, 5, 58, 0
2890, 10, 1, 46, 58, 0
2890, 10, 3, 47, 55, 0
2890, 10, 0, 50, 58, 0
2890, 10, 3, 50, 60, 0
2890, 10, 2, 51, 56, 0
2890, 10, 3, 54, 59, 0
2890, 10, 0, 56, 60, 0
2892, 10, 2, 0, 57, 0
2892, 10, 0, 0, 58, 0
2892, 10, 2, 1, 59, 0
2892, 10, 1, 2, 57, 0
2892, 10, 3, 4, 57, 0
2892, 10, 2, 5, 59, 0
2892, 10, 0, 6, 57, 0
2892, 10, 1, 9, 60, 0
2892, 10, 0, 44, 57, 0
2892, 10, 2, 44, 59, 0
2892, 10, 0, 47, 60, 0
2892, 10, 1, 48, 55, 0
2892, 10, 0, 48, 59, 0
2892, 10, 2, 50, 55, 0
2892, 10, 0, 50, 57, 0
2892, 10, 0, 51, 60, 0
2892, 10, 0, 52, 58, 0
2892, 10, 2, 52, 59, 0
2892, 10, 3, 54, 55, 0
2892, 10, 0, 55, 60, 0
2892, 10, 0, 56, 55, 0
2893, 10, 2, 0, 59, 0
2893, 10, 3, 1, 57, 0
2893, 10, 0, 2, 56, 0
2893, 10, 1, 2, 58, 0
2893, 10, 1, 3, 57, 0
2893, 10, 1, 3, 59, 0
2893, 10, 1, 4, 58, 0
2893, 10, 2, 5, 57, 0
2893, 10, 1, 6, 55, 0
2893, 10, 1, 6, 58, 0
2893, 10, 3, 44, 55, 0
2893, 10, 0, 46, 55, 0
2893, 10, 3, 46, 56, 0
2893, 10, 0, 46, 59, 0
2893, 10, 2, 47, 57, 0
2893, 10, 0, 48, 60, 0
2893, 10, 2, 49, 55, 0
2893, 10, 3, 50, 59, 0
2893, 10, 3, 51, 55, 0
2893, 10, 1, 51, 57, 0
2893, 10, 0, 52, 60, 0
2893, 10, 0, 53, 55, 0
2893, 10, 0, 54, 56, 0
2893, 10, 0, 54, 57, 0
2893, 10, 0, 54, 58, 0
2893, 10, 1, 55, 55, 0
2893, 10, 0, 55, 57, 0
2936, 10, 0, 36, 37, 0
2936, 10, 0, 59, 33, 0
2942, 10, 0, 21, 35, 0
2944, 10, 1, 20, 36, 0
2944, 10, 0, 21, 37, 0
2956, 10, 0, 15, 41, 0
2956, 10, 0, 51, 43, 0
2975, 10, 0, 1, 37, 0
2975, 10, 0, 11, 38, 0
2975, 10, 0, 15, 36, 0
2975, 10, 0, 29, 35, 0
2975, 10, 0, 48, 38, 0
