188, 11, 0, 39, 46, 0
338, 22, 3, 3, 13, 0
338, 22, 1, 4, 10, 0
338, 22, 0, 6, 47, 0
338, 22, 0, 7, 13, 0
338, 22, 2, 14, 28, 0
338, 22, 0, 17, 18, 0
338, 22, 3, 22, 16, 0
338, 22, 0, 50, 21, 0
339, 22, 2, 0, 58, 0
339, 22, 0, 0, 61, 0
339, 22, 1, 1, 54, 0
339, 22, 3, 1, 57, 0
339, 22, 1, 1, 60, 0
339, 22, 0, 2, 13, 0
339, 22, 2, 2, 51, 0
339, 22, 2, 2, 53, 0
339, 22, 0, 2, 55, 0
339, 22, 0, 2, 59, 0
339, 22, 2, 2, 60, 0
339, 22, 3, 3, 10, 0
339, 22, 1, 3, 12, 0
339, 22, 2, 3, 14, 0
339, 22, 0, 3, 59, 0
339, 22, 1, 3, 61, 0
339, 22, 2, 4, 9, 0
339, 22, 3, 4, 13, 0
339, 22, 3, 4, 52, 0
339, 22, 1, 4, 54, 0
339, 22, 3, 4, 60, 0
339, 22, 3, 5, 7, 0
339, 22, 1, 5, 9, 0
339, 22, 3, 5, 11, 0
339, 22, 3, 5, 47, 0
339, 22, 0, 5, 52, 0
339, 22, 0, 5, 53, 0
339, 22, 0, 6, 10, 0
339, 22, 2, 6, 13, 0
339, 22, 1, 6, 14, 0
339, 22, 2, 6, 38, 0
339, 22, 3, 6, 46, 0
339, 22, 0, 6, 48, 0
339, 22, 0, 7, 12, 0
339, 22, 3, 7, 14, 0
339, 22, 0, 7, 15, 0
339, 22, 1, 7, 37, 0
339, 22, 3, 7, 39, 0
339, 22, 3, 7, 47, 0
339, 22, 1, 8, 13, 0
339, 22, 2, 8, 14, 0
339, 22, 0, 8, 36, 0
339, 22, 0, 8, 38, 0
339, 22, 2, 9, 44, 0
339, 22, 3, 10, 43, 0
339, 22, 2, 10, 45, 0
339, 22, 0, 11, 43, 0
339, 22, 1, 12, 44, 0
339, 22, 3, 13, 28, 0
339, 22, 3, 13, 29, 0
339, 22, 0, 14, 27, 0
339, 22, 2, 14, 30, 0
339, 22, 2, 14, 60, 0
339, 22, 0, 15, 18, 0
339, 22, 1, 15, 29, 0
339, 22, 1, 15, 59, 0
339, 22, 3, 15, 61, 0
339, 22, 3, 16, 17, 0
339, 22, 2, 16, 19, 0
339, 22, 0, 16, 60, 0
339, 22, 2, 17, 17, 0
339, 22, 1, 17, 20, 0
339, 22, 1, 18, 18, 0
339, 22, 2, 18, 57, 0
339, 22, 1, 18, 58, 0
339, 22, 2, 20, 23, 0
339, 22, 3, 20, 57, 0
339, 22, 0, 21, 16, 0
339, 22, 3, 21, 22, 0
339, 22, 1, 21, 24, 0
339, 22, 1, 22, 15, 0
339, 22, 3, 22, 17, 0
339, 22, 0, 22, 22, 0
339, 22, 0, 22, 23, 0
339, 22, 2, 23, 16, 0
339, 22, 0, 49, 21, 0
339, 22, 1, 49, 22, 0
339, 22, 3, 50, 20, 0
339, 22, 2, 50, 23, 0
339, 22, 3, 51, 20, 0
339, 22, 0, 51, 21, 0
339, 22, 3, 51, 22, 0
339, 22, 2, 52, 19, 0
339, 22, 1, 52, 21, 0
339, 22, 0, 53, 20, 0
340, 22, 3, 0, 60, 0
340, 22, 0, 1, 58, 0
340, 22, 3, 2, 54, 0
340, 22, 1, 3, 60, 0
340, 22, 0, 4, 53, 0
340, 22, 1, 5, 10, 0
340, 22, 2, 7, 38, 0
340, 22, 3, 8, 37, 0
340, 22, 2, 10, 44, 0
340, 22, 2, 10, 60, 0
340, 22, 1, 11, 44, 0
340, 22, 1, 11, 59, 0
340, 22, 0, 14, 29, 0
340, 22, 2, 15, 60, 0
340, 22, 1, 16, 18, 0
340, 22, 0, 17, 19, 0
340, 22, 3, 19, 57, 0
340, 22, 3, 21, 23, 0
340, 22, 0, 50, 22, 0
340, 22, 1, 52, 20, 0
771, 22, 0, 39, 48, 0
772, 22, 0, 41, 48, 0
773, 22, 0, 39, 46, 0
774, 22, 0, 41, 46, 0
1184, 10, 2, 2, 32, 0
1184, 10, 1, 4, 36, 0
1184, 10, 1, 5, 56, 0
1184, 10, 2, 7, 19, 0
1184, 10, 2, 7, 60, 0
1184, 10, 0, 15, 53, 0
1184, 10, 0, 17, 10, 0
1184, 10, 3, 17, 33, 0
1184, 10, 2, 17, 38, 0
1184, 10, 3, 18, 13, 0
1184, 10, 2, 18, 36, 0
1184, 10, 0, 19, 33, 0
1184, 10, 3, 19, 53, 0
1184, 10, 2, 20, 11, 0
1184, 10, 2, 21, 38, 0
1184, 10, 1, 22, 15, 0
1184, 10, 2, 23, 35, 0
1184, 10, 3, 24, 26, 0
1184, 10, 0, 25, 14, 0
1184, 10, 3, 25, 19, 0
1184, 10, 2, 25, 36, 0
1184, 10, 0, 26, 2, 0
1184, 10, 1, 27, 7, 0
1184, 10, 2, 27, 30, 0
1184, 10, 3, 28, 9, 0
1184, 10, 2, 30, 4, 0
1184, 10, 2, 30, 16, 0
1184, 10, 3, 30, 20, 0
1184, 10, 0, 32, 13, 0
1184, 10, 1, 32, 49, 0
1184, 10, 2, 33, 57, 0
1184, 10, 2, 34, 27, 0
1184, 10, 2, 34, 47, 0
1184, 10, 3, 34, 49, 0
1184, 10, 1, 35, 15, 0
1184, 10, 3, 35, 24, 0
1184, 10, 1, 35, 36, 0
1184, 10, 1, 36, 28, 0
1184, 10, 2, 36, 44, 0
1184, 10, 1, 36, 46, 0
1184, 10, 0, 36, 51, 0
1184, 10, 2, 37, 36, 0
1184, 10, 3, 37, 52, 0
1184, 10, 0, 38, 26, 0
1184, 10, 0, 38, 33, 0
1184, 10, 3, 38, 36, 0
1184, 10, 1, 38, 39, 0
1184, 10, 2, 38, 53, 0
1184, 10, 0, 39, 21, 0
1184, 10, 0, 41, 39, 0
1184, 10, 1, 41, 57, 0
1184, 10, 1, 42, 22, 0
1184, 10, 0, 42, 41, 0
1184, 10, 0, 42, 42, 0
1184, 10, 3, 43, 36, 0
1184, 10, 0, 44, 44, 0
1184, 10, 2, 44, 51, 0
1184, 10, 3, 44, 54, 0
1184, 10, 1, 45, 25, 0
1184, 10, 1, 45, 43, 0
1184, 10, 2, 46, 32, 0
1184, 10, 2, 46, 34, 0
1184, 10, 2, 46, 44, 0
1184, 10, 3, 46, 46, 0
1184, 10, 3, 46, 47, 0
1184, 10, 3, 47, 5, 0
1184, 10, 0, 47, 27, 0
1184, 10, 0, 47, 46, 0
1184, 10, 0, 48, 25, 0
1184, 10, 2, 48, 27, 0
1184, 10, 3, 48, 29, 0
1184, 10, 1, 48, 32, 0
1184, 10, 2, 49, 5, 0
1184, 10, 3, 49, 27, 0
1184, 10, 0, 50, 2, 0
1184, 10, 1, 50, 6, 0
1184, 10, 2, 50, 27, 0
1184, 10, 1, 50, 51, 0
1184, 10, 0, 51, 33, 0
1184, 10, 1, 51, 59, 0
1184, 10, 1, 53, 3, 0
1184, 10, 0, 53, 7, 0
1184, 10, 1, 53, 17, 0
1184, 10, 3, 53, 30, 0
1184, 10, 2, 54, 14, 0
1184, 10, 0, 54, 52, 0
1184, 10, 2, 55, 3, 0
1184, 10, 3, 56, 12, 0
1184, 10, 0, 56, 17, 0
1184, 10, 3, 57, 2, 0
1184, 10, 0, 57, 29, 0
1184, 10, 0, 58, 4, 0
1184, 10, 3, 58, 7, 0
1184, 10, 1, 58, 19, 0
1184, 10, 0, 58, 24, 0
1184, 10, 1, 58, 32, 0
1184, 10, 3, 59, 15, 0
1184, 10, 2, 59, 26, 0
1184, 10, 1, 60, 3, 0
1184, 10, 2, 60, 19, 0
1184, 10, 3, 60, 22, 0
1184, 10, 0, 61, 8, 0
1184, 10, 2, 61, 18, 0
1184, 10, 2, 62, 6, 0
1184, 10, 1, 62, 11, 0
1186, 10, 2, 4, 34, 0
1186, 10, 2, 18, 39, 0
1186, 10, 1, 19, 35, 0
1186, 10, 0, 20, 12, 0
1186, 10, 0, 25, 2, 0
1186, 10, 2, 32, 10, 0
1186, 10, 2, 36, 53, 0
1186, 10, 1, 36, 61, 0
1186, 10, 1, 43, 17, 0
1186, 10, 3, 52, 32, 0
1186, 10, 1, 53, 8, 0
1186, 10, 0, 56, 31, 0
1186, 10, 0, 58, 12, 0
1222, 22, 2, 0, 23, 0
1222, 22, 1, 1, 19, 0
1222, 22, 3, 1, 29, 0
1222, 22, 3, 1, 42, 0
1222, 22, 1, 2, 2, 0
1222, 22, 2, 3, 29, 0
1222, 22, 2, 3, 34, 0
1222, 22, 1, 4, 18, 0
1222, 22, 1, 5, 36, 0
1222, 22, 1, 6, 30, 0
1222, 22, 3, 7, 19, 0
1222, 22, 0, 7, 23, 0
1222, 22, 2, 9, 23, 0
1222, 22, 1, 10, 20, 0
1222, 22, 0, 11, 15, 0
1222, 22, 0, 12, 3, 0
1222, 22, 0, 12, 9, 0
1222, 22, 0, 13, 6, 0
1222, 22, 0, 15, 0, 0
1222, 22, 2, 15, 12, 0
1222, 22, 0, 15, 52, 0
1222, 22, 2, 17, 6, 0
1222, 22, 3, 20, 43, 0
1222, 22, 2, 21, 7, 0
1222, 22, 3, 25, 6, 0
1222, 22, 1, 25, 31, 0
1222, 22, 0, 30, 7, 0
1222, 22, 0, 30, 13, 0
1222, 22, 3, 30, 18, 0
1222, 22, 2, 33, 10, 0
1222, 22, 0, 34, 37, 0
1222, 22, 1, 37, 37, 0
1222, 22, 3, 39, 38, 0
1222, 22, 1, 41, 28, 0
1222, 22, 3, 42, 20, 0
1222, 22, 3, 43, 35, 0
1222, 22, 1, 44, 27, 0
1222, 22, 3, 44, 31, 0
1222, 22, 1, 47, 30, 0
1222, 22, 3, 49, 37, 0
1222, 22, 1, 50, 33, 0
1222, 22, 3, 52, 36, 0
1222, 22, 2, 52, 38, 0
1222, 22, 2, 53, 2, 0
1222, 22, 0, 53, 8, 0
1222, 22, 0, 53, 32, 0
1222, 22, 2, 54, 11, 0
1222, 22, 2, 55, 30, 0
1222, 22, 1, 55, 33, 0
1222, 22, 3, 55, 37, 0
1222, 22, 0, 58, 2, 0
1222, 22, 1, 58, 27, 0
1222, 22, 1, 58, 40, 0
1222, 22, 0, 58, 43, 0
1222, 22, 0, 58, 49, 0
1222, 22, 2, 59, 34, 0
1222, 22, 0, 59, 39, 0
1222, 22, 2, 59, 46, 0
1222, 22, 3, 60, 18, 0
1222, 22, 3, 61, 22, 0
1222, 22, 3, 61, 36, 0
1223, 22, 3, 0, 33, 0
1223, 22, 0, 1, 20, 0
1223, 22, 3, 1, 24, 0
1223, 22, 2, 2, 26, 0
1223, 22, 2, 2, 29, 0
1223, 22, 1, 2, 43, 0
1223, 22, 1, 4, 17, 0
1223, 22, 2, 4, 21, 0
1223, 22, 1, 4, 29, 0
1223, 22, 1, 4, 34, 0
1223, 22, 3, 4, 35, 0
1223, 22, 1, 4, 39, 0
1223, 22, 1, 5, 4, 0
1223, 22, 1, 5, 27, 0
1223, 22, 2, 5, 34, 0
1223, 22, 0, 5, 37, 0
1223, 22, 0, 6, 31, 0
1223, 22, 0, 8, 7, 0
1223, 22, 0, 10, 21, 0
1223, 22, 3, 11, 3, 0
1223, 22, 3, 11, 9, 0
1223, 22, 0, 14, 6, 0
1223, 22, 1, 14, 51, 0
1223, 22, 2, 15, 34, 0
1223, 22, 0, 16, 0, 0
1223, 22, 1, 17, 40, 0
1223, 22, 2, 17, 43, 0
1223, 22, 2, 17, 49, 0
1223, 22, 1, 18, 31, 0
1223, 22, 1, 18, 37, 0
1223, 22, 1, 18, 46, 0
1223, 22, 3, 19, 34, 0
1223, 22, 3, 22, 2, 0
1223, 22, 2, 22, 28, 0
1223, 22, 0, 24, 10, 0
1223, 22, 2, 24, 32, 0
1223, 22, 2, 24, 38, 0
1223, 22, 0, 26, 1, 0
1223, 22, 3, 26, 4, 0
1223, 22, 0, 26, 7, 0
1223, 22, 3, 26, 22, 0
1223, 22, 3, 27, 10, 0
1223, 22, 2, 27, 15, 0
1223, 22, 1, 27, 35, 0
1223, 22, 3, 29, 4, 0
1223, 22, 2, 30, 41, 0
1223, 22, 0, 31, 7, 0
1223, 22, 0, 31, 13, 0
1223, 22, 3, 32, 39, 0
1223, 22, 2, 33, 17, 0
1223, 22, 3, 33, 37, 0
1223, 22, 3, 34, 34, 0
1223, 22, 1, 35, 34, 0
1223, 22, 1, 36, 11, 0
1223, 22, 2, 36, 40, 0
1223, 22, 2, 37, 32, 0
1223, 22, 0, 37, 33, 0
1223, 22, 1, 37, 36, 0
1223, 22, 0, 37, 38, 0
1223, 22, 1, 38, 34, 0
1223, 22, 2, 38, 37, 0
1223, 22, 2, 40, 32, 0
1223, 22, 2, 41, 19, 0
1223, 22, 1, 41, 27, 0
1223, 22, 3, 42, 21, 0
1223, 22, 1, 44, 26, 0
1223, 22, 1, 44, 36, 0
1223, 22, 2, 45, 38, 0
1223, 22, 2, 46, 15, 0
1223, 22, 2, 46, 34, 0
1223, 22, 1, 47, 29, 0
1223, 22, 0, 50, 10, 0
1223, 22, 2, 51, 38, 0
1223, 22, 3, 52, 2, 0
1223, 22, 2, 52, 35, 0
1223, 22, 1, 54, 32, 0
1223, 22, 0, 55, 11, 0
1223, 22, 3, 57, 2, 0
1223, 22, 2, 57, 43, 0
1223, 22, 2, 57, 49, 0
1223, 22, 3, 58, 28, 0
1223, 22, 3, 58, 34, 0
1223, 22, 2, 58, 36, 0
1223, 22, 1, 59, 9, 0
1223, 22, 2, 60, 21, 0
1223, 22, 1, 60, 39, 0
1223, 22, 1, 60, 46, 0
1223, 22, 2, 61, 31, 0
1223, 22, 3, 61, 37, 0
1224, 22, 2, 0, 11, 0
1224, 22, 3, 0, 46, 0
1224, 22, 2, 1, 18, 0
1224, 22, 2, 1, 23, 0
1224, 22, 1, 1, 30, 0
1224, 22, 2, 1, 41, 0
1224, 22, 3, 1, 43, 0
1224, 22, 0, 2, 3, 0
1224, 22, 2, 2, 6, 0
1224, 22, 0, 3, 32, 0
1224, 22, 0, 4, 19, 0
1224, 22, 0, 4, 22, 0
1224, 22, 0, 4, 40, 0
1224, 22, 0, 5, 5, 0
1224, 22, 1, 5, 35, 0
1224, 22, 2, 7, 18, 0
1224, 22, 0, 7, 20, 0
1224, 22, 2, 8, 6, 0
1224, 22, 2, 8, 23, 0
1224, 22, 2, 10, 19, 0
1224, 22, 0, 11, 53, 0
1224, 22, 3, 12, 6, 0
1224, 22, 1, 12, 15, 0
1224, 22, 1, 13, 3, 0
1224, 22, 1, 13, 9, 0
1224, 22, 1, 13, 18, 0
1224, 22, 2, 13, 41, 0
1224, 22, 3, 14, 0, 0
1224, 22, 3, 14, 12, 0
1224, 22, 0, 14, 52, 0
1224, 22, 1, 16, 34, 0
1224, 22, 0, 16, 40, 0
1224, 22, 1, 16, 52, 0
1224, 22, 3, 17, 31, 0
1224, 22, 3, 17, 37, 0
1224, 22, 3, 17, 46, 0
1224, 22, 2, 18, 6, 0
1224, 22, 1, 18, 43, 0
1224, 22, 1, 18, 49, 0
1224, 22, 0, 19, 28, 0
1224, 22, 1, 20, 10, 0
1224, 22, 2, 20, 42, 0
1224, 22, 1, 21, 4, 0
1224, 22, 1, 22, 7, 0
1224, 22, 0, 22, 29, 0
1224, 22, 1, 23, 2, 0
1224, 22, 3, 23, 10, 0
1224, 22, 1, 23, 41, 0
1224, 22, 3, 25, 1, 0
1224, 22, 3, 25, 7, 0
1224, 22, 2, 25, 30, 0
1224, 22, 1, 25, 32, 0
1224, 22, 1, 25, 38, 0
1224, 22, 2, 26, 21, 0
1224, 22, 3, 26, 35, 0
1224, 22, 1, 27, 4, 0
1224, 22, 0, 27, 16, 0
1224, 22, 1, 28, 10, 0
1224, 22, 3, 29, 7, 0
1224, 22, 3, 29, 13, 0
1224, 22, 1, 30, 4, 0
1224, 22, 2, 30, 17, 0
1224, 22, 0, 30, 42, 0
1224, 22, 3, 32, 10, 0
1224, 22, 0, 33, 18, 0
1224, 22, 0, 33, 39, 0
1224, 22, 2, 33, 40, 0
1224, 22, 1, 35, 14, 0
1224, 22, 0, 35, 35, 0
1224, 22, 2, 36, 38, 0
1224, 22, 0, 36, 41, 0
1224, 22, 1, 39, 37, 0
1224, 22, 0, 39, 39, 0
1224, 22, 0, 40, 22, 0
1224, 22, 0, 40, 33, 0
1224, 22, 0, 41, 25, 0
1224, 22, 0, 41, 29, 0
1224, 22, 2, 42, 19, 0
1224, 22, 2, 42, 38, 0
1224, 22, 2, 43, 17, 0
1224, 22, 2, 43, 23, 0
1224, 22, 2, 43, 34, 0
1224, 22, 0, 43, 36, 0
1224, 22, 0, 44, 28, 0
1224, 22, 2, 44, 30, 0
1224, 22, 0, 45, 39, 0
1224, 22, 0, 46, 16, 0
1224, 22, 0, 46, 35, 0
1224, 22, 0, 47, 8, 0
1224, 22, 0, 47, 31, 0
1224, 22, 2, 48, 40, 0
1224, 22, 2, 49, 36, 0
1224, 22, 2, 50, 9, 0
1224, 22, 1, 50, 32, 0
1224, 22, 0, 51, 39, 0
1224, 22, 3, 52, 32, 0
1224, 22, 0, 52, 37, 0
1224, 22, 3, 53, 11, 0
1224, 22, 1, 54, 2, 0
1224, 22, 1, 54, 8, 0
1224, 22, 0, 55, 34, 0
1224, 22, 2, 55, 36, 0
1224, 22, 3, 55, 38, 0
1224, 22, 1, 56, 30, 0
1224, 22, 3, 58, 9, 0
1224, 22, 2, 58, 26, 0
1224, 22, 2, 58, 33, 0
1224, 22, 0, 58, 37, 0
1224, 22, 2, 58, 39, 0
1224, 22, 3, 58, 46, 0
1224, 22, 1, 59, 2, 0
1224, 22, 1, 59, 43, 0
1224, 22, 1, 59, 49, 0
1224, 22, 2, 60, 17, 0
1224, 22, 3, 60, 52, 0
1224, 22, 1, 61, 21, 0
1224, 22, 0, 61, 29, 0
1224, 22, 0, 61, 32, 0
1224, 22, 2, 61, 35, 0
1224, 22, 2, 61, 38, 0
1225, 22, 0, 0, 18, 0
1225, 22, 0, 0, 20, 0
1225, 22, 1, 1, 0, 0
1225, 22, 3, 2, 1, 0
1225, 22, 2, 2, 23, 0
1225, 22, 1, 2, 30, 0
1225, 22, 2, 2, 41, 0
1225, 22, 1, 2, 44, 0
1225, 22, 2, 3, 6, 0
1225, 22, 0, 3, 22, 0
1225, 22, 3, 3, 31, 0
1225, 22, 0, 3, 40, 0
1225, 22, 0, 4, 5, 0
1225, 22, 2, 4, 32, 0
1225, 22, 2, 5, 19, 0
1225, 22, 2, 5, 21, 0
1225, 22, 1, 5, 28, 0
1225, 22, 0, 5, 31, 0
1225, 22, 0, 6, 18, 0
1225, 22, 0, 6, 20, 0
1225, 22, 3, 6, 29, 0
1225, 22, 2, 8, 18, 0
1225, 22, 2, 8, 20, 0
1225, 22, 0, 9, 17, 0
1225, 22, 0, 9, 19, 0
1225, 22, 1, 10, 1, 0
1225, 22, 0, 10, 53, 0
1225, 22, 3, 11, 2, 0
1225, 22, 3, 11, 8, 0
1225, 22, 2, 11, 19, 0
1225, 22, 3, 11, 52, 0
1225, 22, 1, 12, 7, 0
1225, 22, 3, 12, 14, 0
1225, 22, 1, 12, 16, 0
1225, 22, 0, 12, 18, 0
1225, 22, 2, 12, 53, 0
1225, 22, 3, 13, 8, 0
1225, 22, 1, 13, 10, 0
1225, 22, 3, 13, 17, 0
1225, 22, 0, 13, 52, 0
1225, 22, 3, 14, 11, 0
1225, 22, 2, 14, 41, 0
1225, 22, 2, 15, 7, 0
1225, 22, 0, 15, 40, 0
1225, 22, 0, 16, 6, 0
1225, 22, 1, 16, 35, 0
1225, 22, 3, 17, 36, 0
1225, 22, 1, 17, 41, 0
1225, 22, 1, 17, 47, 0
1225, 22, 1, 18, 32, 0
1225, 22, 1, 18, 38, 0
1225, 22, 3, 18, 42, 0
1225, 22, 3, 18, 48, 0
1225, 22, 3, 19, 33, 0
1225, 22, 3, 19, 39, 0
1225, 22, 1, 20, 2, 0
1225, 22, 0, 20, 4, 0
1225, 22, 1, 20, 11, 0
1225, 22, 1, 20, 44, 0
1225, 22, 1, 21, 0, 0
1225, 22, 3, 21, 3, 0
1225, 22, 1, 21, 5, 0
1225, 22, 3, 21, 12, 0
1225, 22, 2, 21, 42, 0
1225, 22, 3, 21, 45, 0
1225, 22, 3, 22, 1, 0
1225, 22, 3, 22, 6, 0
1225, 22, 1, 22, 8, 0
1225, 22, 0, 22, 41, 0
1225, 22, 1, 23, 3, 0
1225, 22, 3, 23, 9, 0
1225, 22, 2, 23, 28, 0
1225, 22, 1, 23, 42, 0
1225, 22, 0, 24, 27, 0
1225, 22, 3, 24, 43, 0
1225, 22, 1, 25, 2, 0
1225, 22, 3, 25, 5, 0
1225, 22, 1, 25, 33, 0
1225, 22, 1, 25, 63, 0
1225, 22, 3, 26, 3, 0
1225, 22, 3, 26, 34, 0
1225, 22, 3, 27, 9, 0
1225, 22, 1, 28, 11, 0
1225, 22, 2, 28, 15, 0
1225, 22, 3, 29, 12, 0
1225, 22, 2, 31, 41, 0
1225, 22, 0, 32, 40, 0
1225, 22, 2, 33, 15, 0
1225, 22, 1, 33, 41, 0
1225, 22, 0, 34, 14, 0
1225, 22, 2, 34, 39, 0
1225, 22, 2, 35, 37, 0
1225, 22, 0, 35, 38, 0
1225, 22, 2, 36, 35, 0
1225, 22, 0, 36, 36, 0
1225, 22, 0, 37, 34, 0
1225, 22, 2, 37, 40, 0
1225, 22, 1, 38, 35, 0
1225, 22, 0, 38, 39, 0
1225, 22, 3, 39, 36, 0
1225, 22, 2, 40, 39, 0
1225, 22, 2, 41, 32, 0
1225, 22, 0, 41, 38, 0
1225, 22, 0, 42, 31, 0
1225, 22, 2, 44, 17, 0
1225, 22, 1, 44, 32, 0
1225, 22, 0, 45, 16, 0
1225, 22, 2, 46, 38, 0
1225, 22, 2, 47, 15, 0
1225, 22, 2, 47, 34, 0
1225, 22, 2, 48, 11, 0
1225, 22, 0, 48, 14, 0
1225, 22, 0, 48, 33, 0
1225, 22, 0, 49, 10, 0
1225, 22, 2, 49, 40, 0
1225, 22, 0, 50, 39, 0
1225, 22, 1, 51, 0, 0
1225, 22, 2, 51, 9, 0
1225, 22, 3, 52, 1, 0
1225, 22, 0, 52, 8, 0
1225, 22, 1, 53, 0, 0
1225, 22, 2, 53, 35, 0
1225, 22, 2, 53, 37, 0
1225, 22, 3, 54, 1, 0
1225, 22, 0, 54, 34, 0
1225, 22, 0, 54, 36, 0
1225, 22, 1, 56, 0, 0
1225, 22, 2, 56, 34, 0
1225, 22, 3, 57, 1, 0
1225, 22, 1, 57, 12, 0
1225, 22, 0, 57, 33, 0
1225, 22, 3, 58, 13, 0
1225, 22, 1, 58, 41, 0
1225, 22, 1, 58, 47, 0
1225, 22, 1, 59, 10, 0
1225, 22, 2, 59, 26, 0
1225, 22, 2, 59, 33, 0
1225, 22, 2, 59, 36, 0
1225, 22, 3, 59, 42, 0
1225, 22, 3, 59, 48, 0
1225, 22, 1, 59, 50, 0
1225, 22, 3, 60, 11, 0
1225, 22, 1, 60, 19, 0
1225, 22, 0, 60, 25, 0
1225, 22, 0, 60, 32, 0
1225, 22, 0, 60, 35, 0
1225, 22, 1, 60, 40, 0
1225, 22, 1, 60, 47, 0
1225, 22, 3, 60, 51, 0
1225, 22, 3, 61, 20, 0
1226, 22, 2, 0, 2, 0
1226, 22, 2, 0, 5, 0
1226, 22, 3, 0, 32, 0
1226, 22, 0, 0, 41, 0
1226, 22, 3, 0, 45, 0
1226, 22, 0, 1, 3, 0
1226, 22, 0, 1, 6, 0
1226, 22, 3, 1, 28, 0
1226, 22, 1, 1, 31, 0
1226, 22, 2, 1, 33, 0
1226, 22, 1, 1, 44, 0
1226, 22, 2, 2, 16, 0
1226, 22, 2, 2, 18, 0
1226, 22, 2, 2, 24, 0
1226, 22, 1, 2, 27, 0
1226, 22, 0, 2, 34, 0
1226, 22, 2, 2, 38, 0
1226, 22, 2, 3, 3, 0
1226, 22, 0, 3, 17, 0
1226, 22, 0, 3, 19, 0
1226, 22, 2, 3, 26, 0
1226, 22, 2, 3, 36, 0
1226, 22, 0, 3, 39, 0
1226, 22, 0, 4, 4, 0
1226, 22, 0, 4, 27, 0
1226, 22, 0, 4, 37, 0
1226, 22, 2, 5, 22, 0
1226, 22, 2, 6, 5, 0
1226, 22, 0, 6, 23, 0
1226, 22, 0, 7, 6, 0
1226, 22, 2, 9, 6, 0
1226, 22, 2, 10, 12, 0
1226, 22, 3, 12, 5, 0
1226, 22, 3, 13, 2, 0
1226, 22, 1, 13, 4, 0
1226, 22, 0, 13, 51, 0
1226, 22, 1, 14, 1, 0
1226, 22, 3, 14, 5, 0
1226, 22, 1, 15, 4, 0
1226, 22, 1, 15, 35, 0
1226, 22, 3, 16, 33, 0
1226, 22, 3, 16, 39, 0
1226, 22, 3, 16, 51, 0
1226, 22, 1, 17, 32, 0
1226, 22, 1, 17, 38, 0
1226, 22, 1, 17, 44, 0
1226, 22, 3, 17, 45, 0
1226, 22, 1, 17, 50, 0
1226, 22, 1, 18, 7, 0
1226, 22, 2, 18, 9, 0
1226, 22, 1, 18, 44, 0
1226, 22, 1, 18, 50, 0
1226, 22, 2, 19, 6, 0
1226, 22, 0, 19, 10, 0
1226, 22, 0, 20, 7, 0
1226, 22, 3, 20, 9, 0
1226, 22, 2, 20, 28, 0
1226, 22, 0, 21, 29, 0
1226, 22, 3, 22, 12, 0
1226, 22, 3, 23, 1, 0
1226, 22, 1, 23, 11, 0
1226, 22, 2, 23, 29, 0
1226, 22, 3, 23, 34, 0
1226, 22, 3, 23, 40, 0
1226, 22, 1, 24, 0, 0
1226, 22, 3, 24, 9, 0
1226, 22, 0, 24, 30, 0
1226, 22, 1, 24, 33, 0
1226, 22, 1, 24, 39, 0
1226, 22, 3, 24, 63, 0
1226, 22, 3, 25, 0, 0
1226, 22, 1, 25, 8, 0
1226, 22, 3, 25, 37, 0
1226, 22, 3, 26, 6, 0
1226, 22, 1, 26, 36, 0
1226, 22, 3, 27, 3, 0
1226, 22, 1, 27, 5, 0
1226, 22, 1, 28, 2, 0
1226, 22, 3, 28, 9, 0
1226, 22, 2, 28, 16, 0
1226, 22, 3, 29, 6, 0
1226, 22, 1, 29, 8, 0
1226, 22, 1, 29, 14, 0
1226, 22, 0, 29, 17, 0
1226, 22, 1, 30, 5, 0
1226, 22, 3, 31, 6, 0
1226, 22, 3, 31, 12, 0
1226, 22, 2, 31, 17, 0
1226, 22, 1, 32, 5, 0
1226, 22, 1, 32, 11, 0
1226, 22, 0, 32, 18, 0
1226, 22, 1, 33, 63, 0
1226, 22, 2, 34, 10, 0
1226, 22, 2, 34, 40, 0
1226, 22, 0, 35, 11, 0
1226, 22, 3, 35, 13, 0
1226, 22, 0, 35, 41, 0
1226, 22, 1, 36, 12, 0
1226, 22, 2, 38, 32, 0
1226, 22, 0, 39, 33, 0
1226, 22, 3, 40, 21, 0
1226, 22, 2, 41, 16, 0
1226, 22, 1, 41, 20, 0
1226, 22, 2, 41, 22, 0
1226, 22, 2, 41, 33, 0
1226, 22, 2, 41, 35, 0
1226, 22, 0, 42, 17, 0
1226, 22, 0, 42, 23, 0
1226, 22, 2, 42, 25, 0
1226, 22, 2, 42, 29, 0
1226, 22, 0, 42, 34, 0
1226, 22, 0, 42, 36, 0
1226, 22, 2, 43, 19, 0
1226, 22, 2, 43, 21, 0
1226, 22, 0, 43, 26, 0
1226, 22, 0, 43, 28, 0
1226, 22, 0, 43, 30, 0
1226, 22, 2, 43, 38, 0
1226, 22, 0, 44, 20, 0
1226, 22, 0, 44, 22, 0
1226, 22, 2, 44, 34, 0
1226, 22, 0, 44, 39, 0
1226, 22, 2, 45, 28, 0
1226, 22, 2, 45, 30, 0
1226, 22, 0, 45, 35, 0
1226, 22, 0, 46, 29, 0
1226, 22, 0, 46, 31, 0
1226, 22, 2, 46, 39, 0
1226, 22, 2, 47, 35, 0
1226, 22, 0, 47, 40, 0
1226, 22, 2, 48, 8, 0
1226, 22, 2, 48, 31, 0
1226, 22, 0, 48, 36, 0
1226, 22, 1, 48, 41, 0
1226, 22, 0, 49, 9, 0
1226, 22, 0, 49, 32, 0
1226, 22, 3, 50, 31, 0
1226, 22, 1, 50, 34, 0
1226, 22, 2, 50, 36, 0
1226, 22, 1, 51, 30, 0
1226, 22, 3, 51, 34, 0
1226, 22, 0, 51, 37, 0
1226, 22, 3, 52, 31, 0
1226, 22, 1, 52, 33, 0
1226, 22, 2, 52, 39, 0
1226, 22, 3, 53, 10, 0
1226, 22, 1, 53, 30, 0
1226, 22, 2, 53, 38, 0
1226, 22, 1, 54, 9, 0
1226, 22, 3, 55, 10, 0
1226, 22, 3, 55, 32, 0
1226, 22, 1, 56, 9, 0
1226, 22, 1, 56, 31, 0
1226, 22, 2, 56, 36, 0
1226, 22, 2, 56, 38, 0
1226, 22, 3, 56, 45, 0
1226, 22, 3, 57, 11, 0
1226, 22, 0, 57, 37, 0
1226, 22, 0, 57, 39, 0
1226, 22, 1, 57, 44, 0
1226, 22, 1, 57, 50, 0
1226, 22, 1, 58, 10, 0
1226, 22, 3, 58, 45, 0
1226, 22, 3, 59, 1, 0
1226, 22, 2, 59, 28, 0
1226, 22, 2, 59, 37, 0
1226, 22, 1, 59, 44, 0
1226, 22, 3, 59, 54, 0
1226, 22, 1, 60, 0, 0
1226, 22, 1, 60, 22, 0
1226, 22, 0, 60, 29, 0
1226, 22, 0, 60, 38, 0
1226, 22, 1, 60, 53, 0
1227, 22, 3, 10, 7, 0
1227, 22, 3, 11, 13, 0
1227, 22, 0, 16, 45, 0
1227, 22, 3, 24, 4, 0
1228, 22, 1, 0, 3, 0
1228, 22, 1, 0, 6, 0
1228, 22, 0, 0, 31, 0
1228, 22, 1, 1, 1, 0
1228, 22, 3, 1, 2, 0
1228, 22, 3, 1, 5, 0
1228, 22, 0, 1, 27, 0
1228, 22, 2, 1, 32, 0
1228, 22, 1, 1, 34, 0
1228, 22, 3, 2, 0, 0
1228, 22, 1, 2, 17, 0
1228, 22, 1, 2, 19, 0
1228, 22, 0, 2, 22, 0
1228, 22, 1, 2, 25, 0
1228, 22, 2, 2, 28, 0
1228, 22, 1, 2, 31, 0
1228, 22, 3, 2, 33, 0
1228, 22, 1, 2, 39, 0
1228, 22, 0, 2, 40, 0
1228, 22, 1, 3, 4, 0
1228, 22, 0, 3, 5, 0
1228, 22, 3, 3, 18, 0
1228, 22, 2, 3, 23, 0
1228, 22, 1, 3, 27, 0
1228, 22, 3, 3, 30, 0
1228, 22, 1, 3, 37, 0
1228, 22, 3, 3, 38, 0
1228, 22, 2, 3, 41, 0
1228, 22, 3, 4, 3, 0
1228, 22, 2, 4, 6, 0
1228, 22, 3, 4, 26, 0
1228, 22, 3, 4, 36, 0
1228, 22, 0, 5, 18, 0
1228, 22, 0, 5, 20, 0
1228, 22, 1, 5, 23, 0
1228, 22, 1, 5, 29, 0
1228, 22, 2, 6, 19, 0
1228, 22, 2, 6, 21, 0
1228, 22, 3, 6, 22, 0
1228, 22, 0, 8, 17, 0
1228, 22, 0, 8, 19, 0
1228, 22, 1, 9, 7, 0
1228, 22, 2, 9, 18, 0
1228, 22, 2, 9, 20, 0
1228, 22, 1, 10, 2, 0
1228, 22, 3, 10, 6, 0
1228, 22, 1, 10, 8, 0
1228, 22, 1, 10, 13, 0
1228, 22, 1, 10, 52, 0
1228, 22, 2, 10, 54, 0
1228, 22, 3, 11, 1, 0
1228, 22, 3, 11, 7, 0
1228, 22, 3, 11, 12, 0
1228, 22, 1, 11, 14, 0
1228, 22, 0, 11, 18, 0
1228, 22, 3, 11, 51, 0
1228, 22, 0, 12, 4, 0
1228, 22, 1, 12, 8, 0
1228, 22, 3, 12, 13, 0
1228, 22, 1, 12, 17, 0
1228, 22, 2, 12, 19, 0
1228, 22, 1, 12, 51, 0
1228, 22, 0, 12, 52, 0
1228, 22, 0, 13, 1, 0
1228, 22, 2, 13, 5, 0
1228, 22, 3, 13, 7, 0
1228, 22, 1, 13, 11, 0
1228, 22, 3, 13, 50, 0
1228, 22, 2, 13, 53, 0
1228, 22, 2, 14, 2, 0
1228, 22, 0, 14, 4, 0
1228, 22, 3, 14, 10, 0
1228, 22, 0, 14, 40, 0
1228, 22, 2, 15, 5, 0
1228, 22, 2, 15, 36, 0
1228, 22, 2, 15, 41, 0
1228, 22, 0, 15, 45, 0
1228, 22, 2, 16, 7, 0
1228, 22, 0, 16, 32, 0
1228, 22, 1, 16, 36, 0
1228, 22, 0, 16, 38, 0
1228, 22, 2, 16, 46, 0
1228, 22, 0, 16, 50, 0
1228, 22, 0, 17, 7, 0
1228, 22, 2, 17, 33, 0
1228, 22, 2, 17, 39, 0
1228, 22, 1, 17, 42, 0
1228, 22, 1, 17, 48, 0
1228, 22, 2, 18, 8, 0
1228, 22, 1, 18, 10, 0
1228, 22, 1, 18, 33, 0
1228, 22, 1, 18, 39, 0
1228, 22, 3, 18, 41, 0
1228, 22, 2, 18, 45, 0
1228, 22, 2, 18, 51, 0
1228, 22, 0, 19, 4, 0
1228, 22, 1, 19, 7, 0
1228, 22, 3, 19, 9, 0
1228, 22, 3, 19, 32, 0
1228, 22, 3, 19, 38, 0
1228, 22, 1, 20, 3, 0
1228, 22, 2, 20, 5, 0
1228, 22, 0, 20, 8, 0
1228, 22, 1, 20, 12, 0
1228, 22, 1, 20, 29, 0
1228, 22, 1, 20, 45, 0
1228, 22, 1, 21, 1, 0
1228, 22, 3, 21, 2, 0
1228, 22, 1, 21, 6, 0
1228, 22, 2, 21, 9, 0
1228, 22, 3, 21, 11, 0
1228, 22, 3, 21, 28, 0
1228, 22, 0, 21, 41, 0
1228, 22, 3, 21, 44, 0
1228, 22, 3, 22, 0, 0
1228, 22, 3, 22, 5, 0
1228, 22, 1, 22, 9, 0
1228, 22, 0, 22, 11, 0
1228, 22, 2, 22, 42, 0
1228, 22, 0, 23, 0, 0
1228, 22, 1, 23, 4, 0
1228, 22, 3, 23, 8, 0
1228, 22, 2, 23, 12, 0
1228, 22, 1, 23, 30, 0
1228, 22, 0, 23, 33, 0
1228, 22, 0, 23, 39, 0
1228, 22, 1, 23, 43, 0
1228, 22, 2, 24, 1, 0
1228, 22, 3, 24, 3, 0
1228, 22, 1, 24, 5, 0
1228, 22, 0, 24, 8, 0
1228, 22, 2, 24, 28, 0
1228, 22, 3, 24, 29, 0
1228, 22, 2, 24, 34, 0
1228, 22, 2, 24, 40, 0
1228, 22, 3, 24, 42, 0
1228, 22, 1, 25, 3, 0
1228, 22, 3, 25, 4, 0
1228, 22, 2, 25, 9, 0
1228, 22, 1, 25, 34, 0
1228, 22, 0, 25, 36, 0
1228, 22, 3, 26, 2, 0
1228, 22, 0, 26, 5, 0
1228, 22, 1, 26, 9, 0
1228, 22, 3, 26, 33, 0
1228, 22, 2, 26, 37, 0
1228, 22, 0, 27, 2, 0
1228, 22, 2, 27, 6, 0
1228, 22, 3, 27, 8, 0
1228, 22, 2, 28, 3, 0
1228, 22, 0, 28, 8, 0
1228, 22, 1, 28, 12, 0
1228, 22, 0, 28, 14, 0
1228, 22, 1, 28, 17, 0
1228, 22, 0, 29, 5, 0
1228, 22, 2, 29, 9, 0
1228, 22, 3, 29, 11, 0
1228, 22, 2, 29, 15, 0
1228, 22, 3, 29, 16, 0
1228, 22, 2, 30, 6, 0
1228, 22, 0, 31, 5, 0
1228, 22, 0, 31, 11, 0
1228, 22, 1, 31, 18, 0
1228, 22, 0, 31, 40, 0
1228, 22, 2, 32, 6, 0
1228, 22, 2, 32, 12, 0
1228, 22, 3, 32, 17, 0
1228, 22, 2, 32, 41, 0
1228, 22, 0, 33, 14, 0
1228, 22, 1, 33, 42, 0
1228, 22, 2, 34, 15, 0
1228, 22, 0, 34, 38, 0
1228, 22, 1, 34, 41, 0
1228, 22, 3, 35, 10, 0
1228, 22, 0, 35, 12, 0
1228, 22, 0, 35, 36, 0
1228, 22, 2, 35, 39, 0
1228, 22, 3, 35, 40, 0
1228, 22, 2, 36, 13, 0
1228, 22, 0, 36, 34, 0
1228, 22, 2, 36, 37, 0
1228, 22, 2, 37, 35, 0
1228, 22, 0, 37, 39, 0
1228, 22, 1, 38, 33, 0
1228, 22, 1, 38, 36, 0
1228, 22, 2, 38, 40, 0
1228, 22, 3, 39, 32, 0
1228, 22, 3, 39, 35, 0
1228, 22, 0, 40, 20, 0
1228, 22, 0, 40, 38, 0
1228, 22, 1, 41, 17, 0
1228, 22, 2, 41, 21, 0
1228, 22, 1, 41, 23, 0
1228, 22, 0, 41, 31, 0
1228, 22, 1, 41, 34, 0
1228, 22, 1, 41, 36, 0
1228, 22, 2, 41, 39, 0
1228, 22, 2, 42, 14, 0
1228, 22, 3, 42, 16, 0
1228, 22, 3, 42, 22, 0
1228, 22, 1, 42, 26, 0
1228, 22, 1, 42, 28, 0
1228, 22, 1, 42, 30, 0
1228, 22, 2, 42, 32, 0
1228, 22, 3, 42, 33, 0
1228, 22, 3, 42, 35, 0
1228, 22, 1, 43, 20, 0
1228, 22, 1, 43, 22, 0
1228, 22, 3, 43, 25, 0
1228, 22, 3, 43, 27, 0
1228, 22, 3, 43, 29, 0
1228, 22, 1, 43, 39, 0
1228, 22, 0, 44, 16, 0
1228, 22, 3, 44, 19, 0
1228, 22, 3, 44, 21, 0
1228, 22, 1, 44, 33, 0
1228, 22, 1, 44, 35, 0
1228, 22, 3, 44, 38, 0
1228, 22, 0, 45, 8, 0
1228, 22, 2, 45, 17, 0
1228, 22, 1, 45, 29, 0
1228, 22, 1, 45, 31, 0
1228, 22, 3, 45, 32, 0
1228, 22, 3, 45, 34, 0
1228, 22, 3, 46, 28, 0
1228, 22, 3, 46, 30, 0
1228, 22, 0, 46, 37, 0
1228, 22, 1, 46, 40, 0
1228, 22, 0, 47, 14, 0
1228, 22, 0, 47, 33, 0
1228, 22, 1, 47, 36, 0
1228, 22, 2, 47, 38, 0
1228, 22, 3, 47, 39, 0
1228, 22, 0, 47, 41, 0
1228, 22, 1, 48, 9, 0
1228, 22, 0, 48, 10, 0
1228, 22, 2, 48, 15, 0
1228, 22, 1, 48, 32, 0
1228, 22, 2, 48, 34, 0
1228, 22, 3, 48, 35, 0
1228, 22, 2, 48, 42, 0
1228, 22, 3, 49, 8, 0
1228, 22, 2, 49, 11, 0
1228, 22, 3, 49, 31, 0
1228, 22, 0, 49, 34, 0
1228, 22, 0, 49, 39, 0
1228, 22, 0, 50, 30, 0
1228, 22, 2, 50, 35, 0
1228, 22, 1, 50, 37, 0
1228, 22, 1, 51, 1, 0
1228, 22, 0, 51, 8, 0
1228, 22, 0, 51, 33, 0
1228, 22, 3, 51, 36, 0
1228, 22, 3, 52, 0, 0
1228, 22, 2, 52, 9, 0
1228, 22, 0, 52, 30, 0
1228, 22, 2, 52, 34, 0
1228, 22, 1, 52, 40, 0
1228, 22, 1, 53, 1, 0
1228, 22, 0, 53, 9, 0
1228, 22, 2, 53, 31, 0
1228, 22, 0, 53, 34, 0
1228, 22, 0, 53, 36, 0
1228, 22, 3, 53, 39, 0
1228, 22, 3, 54, 0, 0
1228, 22, 2, 54, 10, 0
1228, 22, 2, 54, 35, 0
1228, 22, 2, 54, 37, 0
1228, 22, 3, 54, 38, 0
1228, 22, 0, 55, 9, 0
1228, 22, 0, 55, 31, 0
1228, 22, 1, 56, 1, 0
1228, 22, 2, 56, 10, 0
1228, 22, 3, 56, 24, 0
1228, 22, 0, 56, 33, 0
1228, 22, 1, 56, 37, 0
1228, 22, 1, 56, 39, 0
1228, 22, 0, 56, 44, 0
1228, 22, 0, 56, 50, 0
1228, 22, 3, 57, 0, 0
1228, 22, 0, 57, 10, 0
1228, 22, 1, 57, 13, 0
1228, 22, 2, 57, 34, 0
1228, 22, 3, 57, 36, 0
1228, 22, 3, 57, 38, 0
1228, 22, 2, 57, 45, 0
1228, 22, 2, 57, 51, 0
1228, 22, 2, 58, 11, 0
1228, 22, 3, 58, 12, 0
1228, 22, 1, 58, 42, 0
1228, 22, 0, 58, 44, 0
1228, 22, 1, 58, 48, 0
1228, 22, 0, 59, 0, 0
1228, 22, 1, 59, 11, 0
1228, 22, 0, 59, 25, 0
1228, 22, 1, 59, 29, 0
1228, 22, 0, 59, 32, 0
1228, 22, 0, 59, 35, 0
1228, 22, 3, 59, 41, 0
1228, 22, 2, 59, 45, 0
1228, 22, 1, 59, 51, 0
1228, 22, 0, 59, 53, 0
1228, 22, 2, 60, 1, 0
1228, 22, 1, 60, 20, 0
1228, 22, 2, 60, 23, 0
1228, 22, 2, 60, 26, 0
1228, 22, 3, 60, 28, 0
1228, 22, 2, 60, 33, 0
1228, 22, 2, 60, 36, 0
1228, 22, 1, 60, 41, 0
1228, 22, 1, 60, 48, 0
1228, 22, 3, 60, 50, 0
1228, 22, 2, 60, 54, 0
1228, 22, 3, 61, 40, 0
1228, 22, 3, 61, 47, 0
1229, 22, 3, 0, 12, 0
1229, 22, 2, 0, 30, 0
1229, 22, 3, 0, 47, 0
1229, 22, 0, 1, 11, 0
1229, 22, 2, 1, 16, 0
1229, 22, 2, 1, 38, 0
1229, 22, 0, 1, 46, 0
1229, 22, 2, 2, 32, 0
1229, 22, 2, 2, 36, 0
1229, 22, 3, 4, 30, 0
1229, 22, 0, 5, 40, 0
1229, 22, 0, 6, 34, 0
1229, 22, 2, 7, 7, 0
1229, 22, 2, 9, 12, 0
1229, 22, 2, 9, 21, 0
1229, 22, 1, 10, 0, 0
1229, 22, 2, 10, 15, 0
1229, 22, 0, 10, 17, 0
1229, 22, 0, 10, 23, 0
1229, 22, 2, 12, 41, 0
1229, 22, 3, 13, 19, 0
1229, 22, 3, 13, 42, 0
1229, 22, 2, 14, 7, 0
1229, 22, 1, 15, 3, 0
1229, 22, 0, 16, 12, 0
1229, 22, 3, 16, 53, 0
1229, 22, 2, 17, 9, 0
1229, 22, 1, 17, 30, 0
1229, 22, 2, 18, 28, 0
1229, 22, 3, 18, 47, 0
1229, 22, 1, 19, 27, 0
1229, 22, 3, 19, 40, 0
1229, 22, 2, 19, 42, 0
1229, 22, 1, 20, 1, 0
1229, 22, 0, 20, 34, 0
1229, 22, 3, 21, 13, 0
1229, 22, 3, 21, 46, 0
1229, 22, 3, 22, 13, 0
1229, 22, 3, 23, 35, 0
1229, 22, 3, 24, 44, 0
1229, 22, 1, 24, 62, 0
1229, 22, 2, 25, 21, 0
1229, 22, 0, 25, 27, 0
1229, 22, 3, 25, 39, 0
1229, 22, 1, 25, 62, 0
1229, 22, 1, 26, 0, 0
1229, 22, 0, 26, 30, 0
1229, 22, 0, 27, 21, 0
1229, 22, 0, 27, 22, 0
1229, 22, 3, 27, 36, 0
1229, 22, 1, 29, 3, 0
1229, 22, 3, 30, 19, 0
1229, 22, 1, 32, 9, 0
1229, 22, 2, 32, 15, 0
1229, 22, 1, 32, 38, 0
1229, 22, 1, 33, 36, 0
1229, 22, 1, 33, 62, 0
1229, 22, 0, 34, 17, 0
1229, 22, 0, 34, 18, 0
1229, 22, 1, 34, 33, 0
1229, 22, 2, 36, 33, 0
1229, 22, 3, 36, 39, 0
1229, 22, 0, 37, 41, 0
1229, 22, 3, 38, 38, 0
1229, 22, 2, 40, 16, 0
1229, 22, 2, 40, 25, 0
1229, 22, 2, 40, 27, 0
1229, 22, 2, 40, 29, 0
1229, 22, 2, 40, 35, 0
1229, 22, 1, 41, 24, 0
1229, 22, 3, 42, 39, 0
1229, 22, 3, 43, 18, 0
1229, 22, 3, 43, 24, 0
1229, 22, 0, 43, 31, 0
1229, 22, 0, 44, 23, 0
1229, 22, 3, 44, 37, 0
1229, 22, 0, 45, 20, 0
1229, 22, 0, 45, 22, 0
1229, 22, 2, 47, 11, 0
1229, 22, 0, 49, 14, 0
1229, 22, 0, 49, 33, 0
1229, 22, 3, 49, 38, 0
1229, 22, 3, 51, 35, 0
1229, 22, 1, 51, 63, 0
1229, 22, 3, 53, 12, 0
1229, 22, 1, 53, 29, 0
1229, 22, 3, 54, 3, 0
1229, 22, 2, 54, 30, 0
1229, 22, 3, 54, 33, 0
1229, 22, 3, 55, 39, 0
1229, 22, 1, 56, 8, 0
1229, 22, 1, 56, 29, 0
1229, 22, 3, 56, 46, 0
1229, 22, 1, 58, 8, 0
1229, 22, 3, 58, 14, 0
1229, 22, 2, 59, 17, 0
1229, 22, 3, 59, 55, 0
1229, 22, 3, 60, 12, 0
1229, 22, 0, 60, 34, 0
1229, 22, 0, 61, 17, 0
1229, 22, 3, 61, 23, 0
1229, 22, 0, 61, 25, 0
1229, 22, 3, 61, 39, 0
1229, 22, 0, 61, 52, 0
1229, 22, 0, 62, 31, 0
1229, 22, 0, 62, 35, 0
1229, 22, 0, 62, 37, 0
1229, 22, 0, 62, 38, 0
1230, 22, 3, 3, 25, 0
1230, 22, 3, 3, 45, 0
1230, 22, 2, 9, 54, 0
1230, 22, 1, 10, 51, 0
1230, 22, 1, 12, 50, 0
1230, 22, 2, 14, 36, 0
1230, 22, 2, 15, 46, 0
1230, 22, 2, 17, 8, 0
1230, 22, 2, 17, 51, 0
1230, 22, 2, 19, 5, 0
1230, 22, 0, 21, 8, 0
1230, 22, 1, 26, 8, 0
1230, 22, 3, 34, 42, 0
1230, 22, 1, 42, 27, 0
1230, 22, 3, 45, 33, 0
1230, 22, 0, 47, 37, 0
1230, 22, 2, 47, 42, 0
1230, 22, 2, 49, 35, 0
1230, 22, 3, 53, 40, 0
1230, 22, 3, 54, 39, 0
1230, 22, 2, 56, 51, 0
1230, 22, 2, 59, 23, 0
1230, 22, 3, 61, 41, 0
1230, 22, 3, 61, 48, 0
1241, 22, 3, 0, 0, 0
1241, 22, 3, 0, 1, 0
1241, 22, 2, 0, 4, 0
1241, 22, 2, 0, 16, 0
1241, 22, 3, 0, 17, 0
1241, 22, 1, 0, 19, 0
1241, 22, 1, 0, 21, 0
1241, 22, 1, 0, 22, 0
1241, 22, 3, 0, 24, 0
1241, 22, 0, 0, 25, 0
1241, 22, 2, 0, 26, 0
1241, 22, 3, 0, 27, 0
1241, 22, 3, 0, 28, 0
1241, 22, 0, 0, 29, 0
1241, 22, 1, 0, 34, 0
1241, 22, 1, 0, 35, 0
1241, 22, 0, 0, 36, 0
1241, 22, 3, 0, 37, 0
1241, 22, 2, 0, 38, 0
1241, 22, 3, 0, 39, 0
1241, 22, 0, 0, 40, 0
1241, 22, 1, 0, 42, 0
1241, 22, 2, 0, 43, 0
1241, 22, 3, 0, 44, 0
1241, 22, 1, 1, 4, 0
1241, 22, 0, 1, 17, 0
1241, 22, 2, 1, 21, 0
1241, 22, 1, 1, 22, 0
1241, 22, 1, 1, 25, 0
1241, 22, 0, 1, 26, 0
1241, 22, 2, 1, 35, 0
1241, 22, 1, 1, 36, 0
1241, 22, 2, 1, 37, 0
1241, 22, 2, 1, 39, 0
1241, 22, 1, 1, 40, 0
1241, 22, 1, 1, 45, 0
1241, 22, 3, 2, 4, 0
1241, 22, 0, 2, 5, 0
1241, 22, 0, 2, 20, 0
1241, 22, 3, 2, 21, 0
1241, 22, 3, 2, 35, 0
1241, 22, 3, 2, 37, 0
1241, 22, 2, 2, 42, 0
1241, 22, 2, 2, 45, 0
1241, 22, 3, 3, 20, 0
1241, 22, 0, 3, 21, 0
1241, 22, 0, 3, 24, 0
1241, 22, 1, 3, 28, 0
1241, 22, 1, 3, 33, 0
1241, 22, 0, 3, 35, 0
1241, 22, 2, 4, 20, 0
1241, 22, 2, 4, 23, 0
1241, 22, 3, 4, 24, 0
1241, 22, 0, 4, 25, 0
1241, 22, 1, 4, 28, 0
1241, 22, 2, 4, 31, 0
1241, 22, 3, 4, 33, 0
1241, 22, 0, 4, 38, 0
1241, 22, 0, 5, 24, 0
1241, 22, 2, 5, 25, 0
1241, 22, 0, 5, 26, 0
1241, 22, 2, 5, 30, 0
1241, 22, 0, 5, 32, 0
1241, 22, 0, 5, 33, 0
1241, 22, 3, 6, 4, 0
1241, 22, 1, 7, 21, 0
1241, 22, 2, 7, 22, 0
1241, 22, 3, 8, 5, 0
1241, 22, 2, 8, 21, 0
1241, 22, 1, 8, 22, 0
1241, 22, 3, 9, 5, 0
1241, 22, 0, 9, 22, 0
1241, 22, 3, 10, 5, 0
1241, 22, 3, 10, 16, 0
1241, 22, 0, 10, 18, 0
1241, 22, 3, 11, 0, 0
1241, 22, 3, 11, 5, 0
1241, 22, 2, 11, 6, 0
1241, 22, 2, 11, 16, 0
1241, 22, 1, 11, 17, 0
1241, 22, 3, 12, 0, 0
1241, 22, 3, 12, 1, 0
1241, 22, 3, 12, 2, 0
1241, 22, 2, 13, 0, 0
1241, 22, 3, 14, 3, 0
1241, 22, 2, 14, 8, 0
1241, 22, 1, 14, 9, 0
1241, 22, 3, 15, 1, 0
1241, 22, 3, 15, 2, 0
1241, 22, 0, 15, 6, 0
1241, 22, 1, 15, 8, 0
1241, 22, 2, 15, 9, 0
1241, 22, 3, 15, 10, 0
1241, 22, 0, 15, 11, 0
1241, 22, 0, 15, 42, 0
1241, 22, 0, 16, 1, 0
1241, 22, 3, 16, 2, 0
1241, 22, 1, 16, 3, 0
1241, 22, 3, 16, 4, 0
1241, 22, 3, 16, 5, 0
1241, 22, 0, 16, 8, 0
1241, 22, 2, 16, 9, 0
1241, 22, 1, 16, 10, 0
1241, 22, 3, 16, 11, 0
1241, 22, 1, 16, 37, 0
1241, 22, 1, 16, 41, 0
1241, 22, 2, 16, 42, 0
1241, 22, 3, 16, 43, 0
1241, 22, 0, 16, 44, 0
1241, 22, 3, 17, 0, 0
1241, 22, 3, 17, 1, 0
1241, 22, 1, 17, 2, 0
1241, 22, 2, 17, 3, 0
1241, 22, 1, 17, 4, 0
1241, 22, 3, 17, 5, 0
1241, 22, 1, 17, 10, 0
1241, 22, 0, 17, 11, 0
1241, 22, 1, 17, 34, 0
1241, 22, 2, 17, 35, 0
1241, 22, 2, 18, 0, 0
1241, 22, 3, 18, 1, 0
1241, 22, 0, 18, 2, 0
1241, 22, 3, 18, 3, 0
1241, 22, 0, 18, 4, 0
1241, 22, 2, 18, 5, 0
1241, 22, 2, 18, 11, 0
1241, 22, 3, 18, 12, 0
1241, 22, 2, 18, 29, 0
1241, 22, 0, 18, 34, 0
1241, 22, 3, 18, 35, 0
1241, 22, 3, 18, 36, 0
1241, 22, 0, 18, 40, 0
1241, 22, 0, 19, 0, 0
1241, 22, 1, 19, 1, 0
1241, 22, 2, 19, 2, 0
1241, 22, 1, 19, 3, 0
1241, 22, 3, 19, 8, 0
1241, 22, 1, 19, 11, 0
1241, 22, 0, 19, 12, 0
1241, 22, 3, 19, 29, 0
1241, 22, 0, 19, 30, 0
1241, 22, 2, 19, 31, 0
1241, 22, 2, 19, 35, 0
1241, 22, 0, 19, 36, 0
1241, 22, 1, 19, 37, 0
1241, 22, 3, 19, 41, 0
1241, 22, 2, 19, 43, 0
1241, 22, 3, 19, 44, 0
1241, 22, 2, 19, 45, 0
1241, 22, 0, 19, 46, 0
1241, 22, 3, 20, 0, 0
1241, 22, 3, 20, 6, 0
1241, 22, 0, 20, 30, 0
1241, 22, 3, 20, 31, 0
1241, 22, 3, 20, 32, 0
1241, 22, 3, 20, 33, 0
1241, 22, 1, 20, 35, 0
1241, 22, 1, 20, 36, 0
1241, 22, 2, 20, 37, 0
1241, 22, 2, 20, 38, 0
1241, 22, 3, 20, 39, 0
1241, 22, 0, 20, 40, 0
1241, 22, 1, 20, 41, 0
1241, 22, 1, 20, 46, 0
1241, 22, 1, 21, 10, 0
1241, 22, 1, 21, 30, 0
1241, 22, 0, 21, 31, 0
1241, 22, 1, 21, 32, 0
1241, 22, 3, 21, 33, 0
1241, 22, 2, 21, 34, 0
1241, 22, 0, 21, 35, 0
1241, 22, 1, 21, 36, 0
1241, 22, 3, 21, 37, 0
1241, 22, 2, 21, 38, 0
1241, 22, 3, 21, 39, 0
1241, 22, 0, 21, 40, 0
1241, 22, 1, 21, 43, 0
1241, 22, 0, 22, 3, 0
1241, 22, 1, 22, 4, 0
1241, 22, 2, 22, 10, 0
1241, 22, 2, 22, 30, 0
1241, 22, 3, 22, 31, 0
1241, 22, 2, 22, 32, 0
1241, 22, 2, 22, 33, 0
1241, 22, 1, 22, 34, 0
1241, 22, 3, 22, 35, 0
1241, 22, 0, 22, 36, 0
1241, 22, 0, 22, 37, 0
1241, 22, 1, 22, 38, 0
1241, 22, 0, 22, 39, 0
1241, 22, 1, 22, 40, 0
1241, 22, 2, 23, 5, 0
1241, 22, 3, 23, 6, 0
1241, 22, 2, 23, 7, 0
1241, 22, 3, 23, 31, 0
1241, 22, 1, 23, 32, 0
1241, 22, 1, 23, 36, 0
1241, 22, 2, 23, 37, 0
1241, 22, 3, 23, 38, 0
1241, 22, 3, 24, 2, 0
1241, 22, 0, 24, 6, 0
1241, 22, 1, 24, 7, 0
1241, 22, 1, 24, 11, 0
1241, 22, 0, 24, 31, 0
1241, 22, 2, 24, 35, 0
1241, 22, 0, 24, 36, 0
1241, 22, 1, 24, 37, 0
1241, 22, 0, 24, 41, 0
1241, 22, 3, 25, 10, 0
1241, 22, 2, 25, 11, 0
1241, 22, 0, 25, 12, 0
1241, 22, 1, 25, 28, 0
1241, 22, 3, 25, 35, 0
1241, 22, 0, 26, 10, 0
1241, 22, 3, 26, 11, 0
1241, 22, 2, 26, 12, 0
1241, 22, 3, 26, 13, 0
1241, 22, 1, 26, 14, 0
1241, 22, 2, 26, 15, 0
1241, 22, 3, 27, 0, 0
1241, 22, 3, 27, 1, 0
1241, 22, 2, 27, 7, 0
1241, 22, 0, 27, 11, 0
1241, 22, 1, 27, 12, 0
1241, 22, 2, 27, 13, 0
1241, 22, 0, 27, 14, 0
1241, 22, 3, 27, 17, 0
1241, 22, 0, 27, 18, 0
1241, 22, 1, 27, 20, 0
1241, 22, 3, 28, 1, 0
1241, 22, 1, 28, 4, 0
1241, 22, 0, 28, 5, 0
1241, 22, 1, 28, 6, 0
1241, 22, 3, 28, 7, 0
1241, 22, 3, 28, 13, 0
1241, 22, 3, 28, 18, 0
1241, 22, 1, 28, 19, 0
1241, 22, 1, 28, 20, 0
1241, 22, 0, 28, 21, 0
1241, 22, 3, 29, 2, 0
1241, 22, 0, 29, 10, 0
1241, 22, 0, 29, 18, 0
1241, 22, 3, 29, 19, 0
1241, 22, 2, 29, 20, 0
1241, 22, 3, 30, 3, 0
1241, 22, 3, 30, 8, 0
1241, 22, 0, 30, 9, 0
1241, 22, 3, 30, 10, 0
1241, 22, 1, 30, 11, 0
1241, 22, 2, 30, 12, 0
1241, 22, 1, 30, 14, 0
1241, 22, 1, 30, 15, 0
1241, 22, 2, 30, 16, 0
1241, 22, 1, 30, 20, 0
1241, 22, 0, 31, 4, 0
1241, 22, 2, 31, 8, 0
1241, 22, 1, 31, 9, 0
1241, 22, 2, 31, 10, 0
1241, 22, 2, 31, 14, 0
1241, 22, 0, 31, 15, 0
1241, 22, 3, 31, 16, 0
1241, 22, 0, 31, 19, 0
1241, 22, 2, 32, 7, 0
1241, 22, 0, 32, 13, 0
1241, 22, 3, 32, 14, 0
1241, 22, 1, 32, 16, 0
1241, 22, 3, 32, 19, 0
1241, 22, 3, 33, 7, 0
1241, 22, 0, 33, 8, 0
1241, 22, 1, 33, 9, 0
1241, 22, 2, 33, 11, 0
1241, 22, 1, 33, 12, 0
1241, 22, 1, 33, 13, 0
1241, 22, 2, 33, 16, 0
1241, 22, 2, 33, 19, 0
1241, 22, 3, 33, 38, 0
1241, 22, 2, 34, 9, 0
1241, 22, 2, 34, 11, 0
1241, 22, 3, 34, 12, 0
1241, 22, 0, 34, 13, 0
1241, 22, 3, 34, 16, 0
1241, 22, 2, 34, 35, 0
1241, 22, 3, 34, 36, 0
1241, 22, 0, 35, 32, 0
1241, 22, 1, 35, 33, 0
1241, 22, 2, 36, 31, 0
1241, 22, 3, 36, 32, 0
1241, 22, 1, 37, 31, 0
1241, 22, 0, 38, 31, 0
1241, 22, 2, 39, 23, 0
1241, 22, 3, 39, 31, 0
1241, 22, 0, 39, 34, 0
1241, 22, 2, 40, 19, 0
1241, 22, 3, 40, 23, 0
1241, 22, 0, 40, 24, 0
1241, 22, 2, 40, 26, 0
1241, 22, 2, 40, 28, 0
1241, 22, 0, 40, 30, 0
1241, 22, 2, 40, 31, 0
1241, 22, 1, 40, 34, 0
1241, 22, 2, 40, 36, 0
1241, 22, 3, 40, 37, 0
1241, 22, 1, 41, 18, 0
1241, 22, 1, 41, 26, 0
1241, 22, 1, 41, 30, 0
1241, 22, 0, 41, 37, 0
1241, 22, 0, 42, 18, 0
1241, 22, 0, 42, 24, 0
1241, 22, 2, 42, 37, 0
1241, 22, 1, 43, 32, 0
1241, 22, 2, 43, 33, 0
1241, 22, 1, 43, 37, 0
1241, 22, 3, 44, 25, 0
1241, 22, 1, 44, 29, 0
1241, 22, 3, 45, 15, 0
1241, 22, 0, 45, 36, 0
1241, 22, 0, 45, 37, 0
1241, 22, 1, 46, 14, 0
1241, 22, 1, 46, 32, 0
1241, 22, 1, 46, 33, 0
1241, 22, 1, 46, 36, 0
1241, 22, 1, 47, 9, 0
1241, 22, 2, 47, 10, 0
1241, 22, 1, 47, 12, 0
1241, 22, 3, 47, 13, 0
1241, 22, 1, 47, 32, 0
1241, 22, 2, 48, 12, 0
1241, 22, 2, 48, 13, 0
1241, 22, 3, 48, 37, 0
1241, 22, 3, 48, 38, 0
1241, 22, 2, 48, 39, 0
1241, 22, 2, 49, 7, 0
1241, 22, 3, 49, 12, 0
1241, 22, 1, 49, 13, 0
1241, 22, 1, 50, 8, 0
1241, 22, 0, 50, 11, 0
1241, 22, 1, 50, 38, 0
1241, 22, 1, 51, 10, 0
1241, 22, 1, 51, 31, 0
1241, 22, 1, 51, 32, 0
1241, 22, 2, 52, 10, 0
1241, 22, 2, 53, 7, 0
1241, 22, 3, 53, 33, 0
1241, 22, 1, 54, 7, 0
1241, 22, 1, 54, 31, 0
1241, 22, 1, 55, 0, 0
1241, 22, 2, 55, 1, 0
1241, 22, 0, 55, 8, 0
1241, 22, 2, 55, 35, 0
1241, 22, 3, 56, 7, 0
1241, 22, 0, 56, 11, 0
1241, 22, 3, 56, 32, 0
1241, 22, 1, 56, 35, 0
1241, 22, 2, 57, 8, 0
1241, 22, 1, 57, 9, 0
1241, 22, 3, 57, 29, 0
1241, 22, 1, 57, 30, 0
1241, 22, 2, 57, 31, 0
1241, 22, 3, 57, 32, 0
1241, 22, 0, 57, 35, 0
1241, 22, 0, 57, 46, 0
1241, 22, 3, 57, 47, 0
1241, 22, 2, 57, 48, 0
1241, 22, 0, 58, 0, 0
1241, 22, 0, 58, 1, 0
1241, 22, 0, 58, 29, 0
1241, 22, 3, 58, 30, 0
1241, 22, 2, 58, 31, 0
1241, 22, 1, 58, 32, 0
1241, 22, 3, 58, 35, 0
1241, 22, 0, 58, 38, 0
1241, 22, 1, 58, 50, 0
1241, 22, 0, 58, 51, 0
1241, 22, 3, 59, 12, 0
1241, 22, 2, 59, 13, 0
1241, 22, 0, 59, 30, 0
1241, 22, 0, 59, 31, 0
1241, 22, 1, 59, 38, 0
1241, 22, 1, 59, 40, 0
1241, 22, 1, 59, 47, 0
1241, 22, 3, 59, 52, 0
1241, 22, 0, 60, 24, 0
1241, 22, 2, 60, 30, 0
1241, 22, 3, 60, 31, 0
1241, 22, 2, 60, 37, 0
1241, 22, 1, 60, 42, 0
1241, 22, 2, 60, 43, 0
1241, 22, 3, 60, 44, 0
1241, 22, 0, 60, 45, 0
1241, 22, 1, 60, 49, 0
1241, 22, 2, 61, 19, 0
1241, 22, 1, 61, 24, 0
1241, 22, 1, 61, 30, 0
1241, 22, 0, 61, 33, 0
1241, 22, 0, 61, 34, 0
1241, 22, 1, 61, 42, 0
1241, 22, 2, 61, 45, 0
1241, 22, 3, 61, 46, 0
1241, 22, 0, 61, 49, 0
1241, 22, 2, 61, 50, 0
1241, 22, 3, 61, 51, 0
1241, 22, 0, 61, 53, 0
1242, 22, 3, 0, 7, 0
1242, 22, 0, 0, 8, 0
1242, 22, 0, 0, 9, 0
1242, 22, 1, 0, 10, 0
1242, 22, 3, 0, 13, 0
1242, 22, 1, 0, 15, 0
1242, 22, 3, 0, 48, 0
1242, 22, 3, 1, 7, 0
1242, 22, 1, 1, 10, 0
1242, 22, 3, 1, 12, 0
1242, 22, 1, 1, 15, 0
1242, 22, 3, 1, 47, 0
1242, 22, 3, 2, 7, 0
1242, 22, 0, 2, 11, 0
1242, 22, 1, 2, 15, 0
1242, 22, 3, 2, 46, 0
1242, 22, 0, 3, 0, 0
1242, 22, 0, 3, 1, 0
1242, 22, 1, 3, 2, 0
1242, 22, 3, 3, 7, 0
1242, 22, 1, 3, 16, 0
1242, 22, 0, 3, 42, 0
1242, 22, 0, 3, 43, 0
1242, 22, 0, 3, 44, 0
1242, 22, 3, 3, 46, 0
1242, 22, 1, 4, 2, 0
1242, 22, 3, 4, 7, 0
1242, 22, 1, 4, 16, 0
1242, 22, 3, 4, 41, 0
1242, 22, 0, 4, 45, 0
1242, 22, 1, 5, 3, 0
1242, 22, 3, 5, 6, 0
1242, 22, 1, 5, 17, 0
1242, 22, 0, 5, 38, 0
1242, 22, 0, 5, 39, 0
1242, 22, 3, 5, 41, 0
1242, 22, 2, 6, 6, 0
1242, 22, 2, 6, 7, 0
1242, 22, 1, 6, 17, 0
1242, 22, 3, 6, 24, 0
1242, 22, 0, 6, 27, 0
1242, 22, 0, 6, 28, 0
1242, 22, 3, 6, 32, 0
1242, 22, 0, 6, 33, 0
1242, 22, 0, 6, 35, 0
1242, 22, 0, 6, 36, 0
1242, 22, 0, 6, 37, 0
1242, 22, 0, 6, 40, 0
1242, 22, 1, 7, 4, 0
1242, 22, 1, 7, 5, 0
1242, 22, 3, 7, 8, 0
1242, 22, 1, 7, 17, 0
1242, 22, 3, 7, 24, 0
1242, 22, 0, 7, 29, 0
1242, 22, 0, 7, 30, 0
1242, 22, 0, 7, 31, 0
1242, 22, 0, 7, 34, 0
1242, 22, 3, 8, 8, 0
1242, 22, 2, 8, 12, 0
1242, 22, 1, 8, 16, 0
1242, 22, 3, 8, 24, 0
1242, 22, 2, 8, 54, 0
1242, 22, 2, 9, 0, 0
1242, 22, 2, 9, 1, 0
1242, 22, 2, 9, 2, 0
1242, 22, 1, 9, 11, 0
1242, 22, 3, 9, 13, 0
1242, 22, 2, 9, 15, 0
1242, 22, 2, 9, 16, 0
1242, 22, 3, 9, 24, 0
1242, 22, 2, 9, 51, 0
1242, 22, 2, 9, 52, 0
1242, 22, 2, 9, 53, 0
1242, 22, 3, 9, 55, 0
1242, 22, 2, 10, 3, 0
1242, 22, 1, 10, 4, 0
1242, 22, 2, 10, 9, 0
1242, 22, 1, 10, 11, 0
1242, 22, 2, 10, 14, 0
1242, 22, 0, 10, 22, 0
1242, 22, 3, 10, 24, 0
1242, 22, 1, 10, 50, 0
1242, 22, 3, 10, 55, 0
1242, 22, 3, 11, 10, 0
1242, 22, 0, 11, 20, 0
1242, 22, 0, 11, 21, 0
1242, 22, 0, 11, 23, 0
1242, 22, 2, 11, 41, 0
1242, 22, 1, 11, 50, 0
1242, 22, 3, 11, 54, 0
1242, 22, 3, 12, 10, 0
1242, 22, 3, 12, 20, 0
1242, 22, 1, 12, 40, 0
1242, 22, 2, 12, 42, 0
1242, 22, 1, 12, 49, 0
1242, 22, 3, 12, 54, 0
1242, 22, 2, 13, 12, 0
1242, 22, 0, 13, 13, 0
1242, 22, 0, 13, 14, 0
1242, 22, 0, 13, 15, 0
1242, 22, 0, 13, 16, 0
1242, 22, 3, 13, 20, 0
1242, 22, 2, 13, 36, 0
1242, 22, 1, 13, 40, 0
1242, 22, 3, 13, 43, 0
1242, 22, 1, 13, 49, 0
1242, 22, 3, 13, 54, 0
1242, 22, 1, 13, 63, 0
1242, 22, 3, 14, 13, 0
1242, 22, 0, 14, 17, 0
1242, 22, 0, 14, 18, 0
1242, 22, 0, 14, 19, 0
1242, 22, 2, 14, 34, 0
1242, 22, 2, 14, 35, 0
1242, 22, 3, 14, 37, 0
1242, 22, 1, 14, 39, 0
1242, 22, 3, 14, 42, 0
1242, 22, 2, 14, 45, 0
1242, 22, 2, 14, 46, 0
1242, 22, 2, 14, 47, 0
1242, 22, 1, 14, 50, 0
1242, 22, 3, 14, 53, 0
1242, 22, 1, 14, 63, 0
1242, 22, 3, 15, 13, 0
1242, 22, 2, 15, 32, 0
1242, 22, 1, 15, 33, 0
1242, 22, 2, 15, 37, 0
1242, 22, 2, 15, 38, 0
1242, 22, 1, 15, 39, 0
1242, 22, 2, 15, 43, 0
1242, 22, 2, 15, 44, 0
1242, 22, 3, 15, 47, 0
1242, 22, 1, 15, 50, 0
1242, 22, 1, 15, 51, 0
1242, 22, 3, 15, 53, 0
1242, 22, 1, 15, 63, 0
1242, 22, 3, 16, 13, 0
1242, 22, 2, 16, 30, 0
1242, 22, 2, 16, 31, 0
1242, 22, 2, 16, 47, 0
1242, 22, 2, 16, 48, 0
1242, 22, 1, 16, 49, 0
1242, 22, 3, 16, 54, 0
1242, 22, 1, 16, 63, 0
1242, 22, 3, 17, 12, 0
1242, 22, 2, 17, 28, 0
1242, 22, 1, 17, 29, 0
1242, 22, 3, 17, 52, 0
1242, 22, 0, 17, 53, 0
1242, 22, 1, 17, 63, 0
1242, 22, 1, 18, 27, 0
1242, 22, 0, 18, 30, 0
1242, 22, 3, 18, 52, 0
1242, 22, 1, 18, 63, 0
1242, 22, 3, 19, 13, 0
1242, 22, 1, 19, 26, 0
1242, 22, 0, 19, 47, 0
1242, 22, 0, 19, 48, 0
1242, 22, 0, 19, 49, 0
1242, 22, 0, 19, 50, 0
1242, 22, 0, 19, 51, 0
1242, 22, 0, 19, 53, 0
1242, 22, 1, 19, 63, 0
1242, 22, 3, 20, 13, 0
1242, 22, 1, 20, 27, 0
1242, 22, 3, 20, 47, 0
1242, 22, 3, 21, 14, 0
1242, 22, 1, 21, 27, 0
1242, 22, 3, 21, 47, 0
1242, 22, 3, 22, 14, 0
1242, 22, 1, 22, 27, 0
1242, 22, 3, 22, 43, 0
1242, 22, 0, 22, 44, 0
1242, 22, 0, 22, 45, 0
1242, 22, 0, 22, 46, 0
1242, 22, 0, 23, 13, 0
1242, 22, 1, 23, 27, 0
1242, 22, 3, 23, 44, 0
1242, 22, 1, 23, 62, 0
1242, 22, 1, 23, 63, 0
1242, 22, 3, 24, 12, 0
1242, 22, 2, 24, 21, 0
1242, 22, 1, 24, 26, 0
1242, 22, 3, 24, 45, 0
1242, 22, 1, 24, 61, 0
1242, 22, 2, 25, 20, 0
1242, 22, 2, 25, 22, 0
1242, 22, 1, 25, 26, 0
1242, 22, 1, 25, 29, 0
1242, 22, 0, 25, 40, 0
1242, 22, 0, 25, 41, 0
1242, 22, 0, 25, 42, 0
1242, 22, 0, 25, 43, 0
1242, 22, 0, 25, 44, 0
1242, 22, 0, 25, 45, 0
1242, 22, 1, 25, 61, 0
1242, 22, 2, 26, 16, 0
1242, 22, 2, 26, 17, 0
1242, 22, 1, 26, 20, 0
1242, 22, 3, 26, 23, 0
1242, 22, 0, 26, 27, 0
1242, 22, 0, 26, 28, 0
1242, 22, 0, 26, 29, 0
1242, 22, 0, 26, 31, 0
1242, 22, 0, 26, 32, 0
1242, 22, 0, 26, 38, 0
1242, 22, 0, 26, 39, 0
1242, 22, 1, 26, 62, 0
1242, 22, 2, 27, 19, 0
1242, 22, 3, 27, 23, 0
1242, 22, 0, 27, 30, 0
1242, 22, 0, 27, 33, 0
1242, 22, 0, 27, 34, 0
1242, 22, 0, 27, 37, 0
1242, 22, 0, 28, 0, 0
1242, 22, 0, 28, 22, 0
1242, 22, 0, 28, 34, 0
1242, 22, 0, 28, 35, 0
1242, 22, 0, 28, 36, 0
1242, 22, 0, 29, 1, 0
1242, 22, 0, 29, 21, 0
1242, 22, 0, 30, 2, 0
1242, 22, 3, 30, 21, 0
1242, 22, 1, 30, 40, 0
1242, 22, 3, 30, 43, 0
1242, 22, 1, 30, 63, 0
1242, 22, 0, 31, 3, 0
1242, 22, 0, 31, 20, 0
1242, 22, 2, 31, 38, 0
1242, 22, 2, 31, 39, 0
1242, 22, 0, 31, 42, 0
1242, 22, 1, 31, 63, 0
1242, 22, 0, 32, 4, 0
1242, 22, 0, 32, 8, 0
1242, 22, 3, 32, 20, 0
1242, 22, 2, 32, 36, 0
1242, 22, 2, 32, 37, 0
1242, 22, 3, 32, 42, 0
1242, 22, 1, 32, 61, 0
1242, 22, 1, 32, 62, 0
1242, 22, 1, 32, 63, 0
1242, 22, 0, 33, 5, 0
1242, 22, 0, 33, 6, 0
1242, 22, 3, 33, 20, 0
1242, 22, 2, 33, 34, 0
1242, 22, 2, 33, 35, 0
1242, 22, 3, 33, 43, 0
1242, 22, 1, 33, 61, 0
1242, 22, 0, 34, 7, 0
1242, 22, 1, 34, 8, 0
1242, 22, 0, 34, 19, 0
1242, 22, 2, 34, 32, 0
1242, 22, 3, 34, 43, 0
1242, 22, 1, 34, 61, 0
1242, 22, 0, 34, 62, 0
1242, 22, 0, 34, 63, 0
1242, 22, 1, 35, 9, 0
1242, 22, 0, 35, 16, 0
1242, 22, 0, 35, 17, 0
1242, 22, 0, 35, 18, 0
1242, 22, 1, 35, 31, 0
1242, 22, 3, 35, 42, 0
1242, 22, 1, 36, 10, 0
1242, 22, 0, 36, 14, 0
1242, 22, 0, 36, 15, 0
1242, 22, 1, 36, 30, 0
1242, 22, 3, 36, 42, 0
1242, 22, 0, 37, 11, 0
1242, 22, 0, 37, 12, 0
1242, 22, 0, 37, 13, 0
1242, 22, 1, 37, 30, 0
1242, 22, 3, 37, 42, 0
1242, 22, 2, 38, 23, 0
1242, 22, 1, 38, 30, 0
1242, 22, 3, 38, 41, 0
1242, 22, 2, 39, 20, 0
1242, 22, 2, 39, 21, 0
1242, 22, 2, 39, 22, 0
1242, 22, 2, 39, 24, 0
1242, 22, 2, 39, 25, 0
1242, 22, 2, 39, 26, 0
1242, 22, 2, 39, 27, 0
1242, 22, 2, 39, 28, 0
1242, 22, 2, 39, 29, 0
1242, 22, 2, 39, 30, 0
1242, 22, 3, 39, 40, 0
1242, 22, 1, 40, 15, 0
1242, 22, 2, 40, 17, 0
1242, 22, 2, 40, 18, 0
1242, 22, 3, 40, 40, 0
1242, 22, 1, 41, 15, 0
1242, 22, 3, 41, 40, 0
1242, 22, 1, 42, 15, 0
1242, 22, 3, 42, 40, 0
1242, 22, 1, 43, 16, 0
1242, 22, 3, 43, 40, 0
1242, 22, 2, 44, 15, 0
1242, 22, 3, 44, 18, 0
1242, 22, 0, 44, 24, 0
1242, 22, 3, 44, 40, 0
1242, 22, 3, 45, 18, 0
1242, 22, 0, 45, 19, 0
1242, 22, 0, 45, 21, 0
1242, 22, 0, 45, 23, 0
1242, 22, 0, 45, 25, 0
1242, 22, 0, 45, 26, 0
1242, 22, 0, 45, 27, 0
1242, 22, 3, 45, 40, 0
1242, 22, 2, 46, 8, 0
1242, 22, 2, 46, 11, 0
1242, 22, 3, 46, 17, 0
1242, 22, 0, 46, 20, 0
1242, 22, 0, 46, 22, 0
1242, 22, 0, 46, 27, 0
1242, 22, 3, 46, 41, 0
1242, 22, 2, 46, 42, 0
1242, 22, 1, 47, 7, 0
1242, 22, 3, 47, 16, 0
1242, 22, 0, 47, 28, 0
1242, 22, 3, 47, 43, 0
1242, 22, 1, 48, 7, 0
1242, 22, 3, 48, 16, 0
1242, 22, 0, 48, 29, 0
1242, 22, 1, 48, 30, 0
1242, 22, 3, 48, 43, 0
1242, 22, 3, 49, 15, 0
1242, 22, 1, 49, 30, 0
1242, 22, 3, 49, 41, 0
1242, 22, 3, 49, 42, 0
1242, 22, 2, 50, 0, 0
1242, 22, 2, 50, 1, 0
1242, 22, 1, 50, 7, 0
1242, 22, 0, 50, 13, 0
1242, 22, 0, 50, 14, 0
1242, 22, 3, 50, 40, 0
1242, 22, 2, 50, 62, 0
1242, 22, 2, 50, 63, 0
1242, 22, 2, 51, 2, 0
1242, 22, 1, 51, 7, 0
1242, 22, 1, 51, 29, 0
1242, 22, 3, 51, 40, 0
1242, 22, 1, 51, 62, 0
1242, 22, 3, 52, 3, 0
1242, 22, 1, 52, 7, 0
1242, 22, 2, 52, 11, 0
1242, 22, 2, 52, 12, 0
1242, 22, 1, 52, 29, 0
1242, 22, 3, 52, 41, 0
1242, 22, 3, 53, 3, 0
1242, 22, 3, 53, 13, 0
1242, 22, 1, 53, 28, 0
1242, 22, 3, 53, 41, 0
1242, 22, 3, 54, 4, 0
1242, 22, 3, 54, 12, 0
1242, 22, 1, 54, 29, 0
1242, 22, 3, 54, 40, 0
1242, 22, 3, 54, 41, 0
1242, 22, 0, 55, 2, 0
1242, 22, 1, 55, 7, 0
1242, 22, 3, 55, 12, 0
1242, 22, 1, 55, 29, 0
1242, 22, 3, 55, 40, 0
1242, 22, 2, 55, 44, 0
1242, 22, 2, 55, 45, 0
1242, 22, 2, 55, 46, 0
1242, 22, 2, 55, 50, 0
1242, 22, 2, 55, 51, 0
1242, 22, 2, 56, 2, 0
1242, 22, 3, 56, 12, 0
1242, 22, 2, 56, 13, 0
1242, 22, 1, 56, 28, 0
1242, 22, 3, 56, 40, 0
1242, 22, 2, 56, 43, 0
1242, 22, 2, 56, 47, 0
1242, 22, 2, 56, 48, 0
1242, 22, 2, 56, 49, 0
1242, 22, 3, 56, 52, 0
1242, 22, 3, 57, 3, 0
1242, 22, 1, 57, 7, 0
1242, 22, 2, 57, 14, 0
1242, 22, 2, 57, 26, 0
1242, 22, 2, 57, 27, 0
1242, 22, 2, 57, 28, 0
1242, 22, 2, 57, 40, 0
1242, 22, 2, 57, 41, 0
1242, 22, 2, 57, 42, 0
1242, 22, 2, 57, 52, 0
1242, 22, 3, 58, 3, 0
1242, 22, 1, 58, 7, 0
1242, 22, 3, 58, 15, 0
1242, 22, 2, 58, 17, 0
1242, 22, 2, 58, 22, 0
1242, 22, 2, 58, 23, 0
1242, 22, 1, 58, 25, 0
1242, 22, 2, 58, 53, 0
1242, 22, 2, 58, 54, 0
1242, 22, 2, 58, 55, 0
1242, 22, 3, 59, 3, 0
1242, 22, 1, 59, 8, 0
1242, 22, 0, 59, 14, 0
1242, 22, 1, 59, 16, 0
1242, 22, 2, 59, 18, 0
1242, 22, 2, 59, 19, 0
1242, 22, 2, 59, 20, 0
1242, 22, 2, 59, 21, 0
1242, 22, 3, 59, 24, 0
1242, 22, 0, 59, 27, 0
1242, 22, 3, 59, 56, 0
1242, 22, 0, 60, 2, 0
1242, 22, 0, 60, 9, 0
1242, 22, 0, 60, 10, 0
1242, 22, 3, 60, 13, 0
1242, 22, 1, 60, 16, 0
1242, 22, 3, 60, 55, 0
1242, 22, 0, 61, 0, 0
1242, 22, 0, 61, 1, 0
1242, 22, 0, 61, 11, 0
1242, 22, 0, 61, 12, 0
1242, 22, 1, 61, 16, 0
1242, 22, 0, 61, 18, 0
1242, 22, 0, 61, 26, 0
1242, 22, 0, 61, 28, 0
1242, 22, 0, 61, 43, 0
1242, 22, 0, 61, 44, 0
1242, 22, 3, 61, 54, 0
1242, 22, 0, 62, 17, 0
1242, 22, 0, 62, 19, 0
1242, 22, 0, 62, 20, 0
1242, 22, 0, 62, 21, 0
1242, 22, 0, 62, 22, 0
1242, 22, 0, 62, 23, 0
1242, 22, 0, 62, 24, 0
1242, 22, 0, 62, 25, 0
1242, 22, 0, 62, 29, 0
1242, 22, 0, 62, 30, 0
1242, 22, 0, 62, 32, 0
1242, 22, 0, 62, 33, 0
1242, 22, 0, 62, 34, 0
1242, 22, 0, 62, 36, 0
1242, 22, 0, 62, 39, 0
1242, 22, 0, 62, 40, 0
1242, 22, 0, 62, 41, 0
1242, 22, 0, 62, 42, 0
1242, 22, 0, 62, 45, 0
1242, 22, 0, 62, 46, 0
1242, 22, 0, 62, 47, 0
1242, 22, 0, 62, 48, 0
1242, 22, 0, 62, 49, 0
1242, 22, 0, 62, 50, 0
1242, 22, 0, 62, 51, 0
1242, 22, 0, 62, 52, 0
1242, 22, 0, 62, 53, 0
1243, 22, 3, 4, 42, 0
1243, 22, 0, 6, 26, 0
1243, 22, 0, 6, 39, 0
1243, 22, 0, 7, 32, 0
1243, 22, 1, 15, 49, 0
1243, 22, 3, 20, 48, 0
1243, 22, 1, 20, 63, 0
1243, 22, 1, 21, 63, 0
1243, 22, 2, 22, 62, 0
1243, 22, 2, 22, 63, 0
1243, 22, 1, 23, 61, 0
1243, 22, 1, 24, 59, 0
1243, 22, 1, 24, 60, 0
1243, 22, 1, 25, 60, 0
1243, 22, 0, 26, 40, 0
1243, 22, 0, 26, 41, 0
1243, 22, 0, 26, 42, 0
1243, 22, 0, 26, 43, 0
1243, 22, 0, 26, 44, 0
1243, 22, 0, 26, 60, 0
1243, 22, 0, 26, 61, 0
1243, 22, 0, 26, 63, 0
1243, 22, 0, 27, 27, 0
1243, 22, 0, 27, 28, 0
1243, 22, 0, 27, 29, 0
1243, 22, 0, 27, 31, 0
1243, 22, 0, 27, 32, 0
1243, 22, 0, 27, 38, 0
1243, 22, 0, 27, 39, 0
1243, 22, 0, 27, 40, 0
1243, 22, 0, 27, 41, 0
1243, 22, 0, 27, 62, 0
1243, 22, 0, 28, 30, 0
1243, 22, 0, 28, 33, 0
1243, 22, 0, 28, 37, 0
1243, 22, 0, 29, 0, 0
1243, 22, 3, 29, 22, 0
1243, 22, 0, 29, 34, 0
1243, 22, 0, 29, 35, 0
1243, 22, 0, 29, 36, 0
1243, 22, 2, 29, 40, 0
1243, 22, 2, 29, 41, 0
1243, 22, 2, 29, 42, 0
1243, 22, 2, 29, 63, 0
1243, 22, 0, 30, 1, 0
1243, 22, 3, 30, 22, 0
1243, 22, 2, 30, 39, 0
1243, 22, 2, 30, 62, 0
1243, 22, 0, 31, 2, 0
1243, 22, 3, 31, 21, 0
1243, 22, 2, 31, 62, 0
1243, 22, 0, 32, 3, 0
1243, 22, 3, 32, 21, 0
1243, 22, 2, 32, 35, 0
1243, 22, 3, 32, 46, 0
1243, 22, 1, 32, 60, 0
1243, 22, 0, 33, 4, 0
1243, 22, 3, 33, 21, 0
1243, 22, 2, 33, 33, 0
1243, 22, 1, 33, 60, 0
1243, 22, 0, 34, 5, 0
1243, 22, 0, 34, 6, 0
1243, 22, 0, 34, 20, 0
1243, 22, 1, 34, 60, 0
1243, 22, 0, 35, 7, 0
1243, 22, 0, 35, 8, 0
1243, 22, 0, 35, 19, 0
1243, 22, 2, 35, 30, 0
1243, 22, 0, 35, 61, 0
1243, 22, 0, 35, 62, 0
1243, 22, 0, 35, 63, 0
1243, 22, 0, 36, 9, 0
1243, 22, 0, 36, 16, 0
1243, 22, 0, 36, 17, 0
1243, 22, 0, 36, 18, 0
1243, 22, 1, 36, 29, 0
1243, 22, 0, 37, 10, 0
1243, 22, 2, 37, 23, 0
1243, 22, 2, 37, 24, 0
1243, 22, 1, 37, 29, 0
1243, 22, 2, 38, 20, 0
1243, 22, 2, 38, 21, 0
1243, 22, 2, 38, 22, 0
1243, 22, 2, 38, 24, 0
1243, 22, 2, 38, 25, 0
1243, 22, 2, 38, 26, 0
1243, 22, 2, 38, 27, 0
1243, 22, 2, 38, 28, 0
1243, 22, 1, 38, 29, 0
1243, 22, 2, 39, 15, 0
1243, 22, 2, 39, 16, 0
1243, 22, 2, 39, 17, 0
1243, 22, 2, 39, 18, 0
1243, 22, 2, 39, 19, 0
1243, 22, 1, 40, 63, 0
1243, 22, 1, 41, 63, 0
1243, 22, 1, 42, 63, 0
1243, 22, 1, 43, 63, 0
1243, 22, 1, 45, 63, 0
1243, 22, 1, 46, 63, 0
1243, 22, 2, 49, 63, 0
1243, 22, 0, 52, 63, 0
1243, 22, 1, 57, 6, 0
1243, 22, 2, 57, 53, 0
1243, 22, 2, 57, 54, 0
1243, 22, 3, 59, 5, 0
1243, 22, 0, 60, 27, 0
1243, 22, 0, 61, 27, 0
1243, 22, 3, 61, 55, 0
1243, 22, 0, 62, 26, 0
1243, 22, 0, 62, 28, 0
1243, 22, 0, 62, 43, 0
1243, 22, 0, 62, 44, 0
1243, 22, 0, 62, 54, 0
1243, 22, 0, 63, 10, 0
1243, 22, 0, 63, 11, 0
1243, 22, 0, 63, 12, 0
1243, 22, 0, 63, 15, 0
1243, 22, 0, 63, 17, 0
1243, 22, 0, 63, 19, 0
1243, 22, 0, 63, 20, 0
1243, 22, 0, 63, 21, 0
1243, 22, 0, 63, 22, 0
1243, 22, 0, 63, 23, 0
1243, 22, 0, 63, 24, 0
1243, 22, 0, 63, 25, 0
1243, 22, 0, 63, 29, 0
1243, 22, 0, 63, 30, 0
1243, 22, 0, 63, 31, 0
1243, 22, 0, 63, 32, 0
1243, 22, 0, 63, 33, 0
1243, 22, 0, 63, 34, 0
1243, 22, 0, 63, 35, 0
1243, 22, 0, 63, 36, 0
1243, 22, 0, 63, 37, 0
1243, 22, 0, 63, 38, 0
1243, 22, 0, 63, 39, 0
1243, 22, 0, 63, 40, 0
1243, 22, 0, 63, 41, 0
1243, 22, 0, 63, 42, 0
1243, 22, 0, 63, 45, 0
1243, 22, 0, 63, 46, 0
1243, 22, 0, 63, 47, 0
1243, 22, 0, 63, 48, 0
1243, 22, 0, 63, 49, 0
1243, 22, 0, 63, 50, 0
1243, 22, 0, 63, 51, 0
1243, 22, 0, 63, 52, 0
1243, 22, 0, 63, 53, 0
1302, 10, 3, 55, 10, 0
1302, 10, 1, 59, 10, 0
1303, 10, 2, 44, 8, 0
1303, 10, 2, 54, 7, 0
1303, 10, 2, 54, 15, 0
1304, 10, 2, 1, 15, 0
1304, 10, 2, 2, 56, 0
1304, 10, 2, 3, 23, 0
1304, 10, 2, 4, 61, 0
1304, 10, 2, 5, 1, 0
1304, 10, 2, 5, 17, 0
1304, 10, 2, 7, 22, 0
1304, 10, 2, 8, 56, 0
1304, 10, 2, 11, 3, 0
1304, 10, 2, 11, 7, 0
1304, 10, 2, 11, 61, 0
1304, 10, 2, 12, 49, 0
1304, 10, 2, 13, 2, 0
1304, 10, 2, 13, 34, 0
1304, 10, 2, 15, 9, 0
1304, 10, 2, 16, 61, 0
1304, 10, 2, 17, 2, 0
1304, 10, 2, 18, 31, 0
1304, 10, 2, 19, 37, 0
1304, 10, 2, 20, 55, 0
1304, 10, 2, 21, 26, 0
1304, 10, 2, 22, 12, 0
1304, 10, 2, 22, 61, 0
1304, 10, 2, 23, 8, 0
1304, 10, 2, 24, 32, 0
1304, 10, 2, 26, 14, 0
1304, 10, 2, 27, 11, 0
1304, 10, 2, 28, 3, 0
1304, 10, 2, 28, 17, 0
1304, 10, 2, 30, 8, 0
1304, 10, 2, 32, 15, 0
1304, 10, 2, 32, 18, 0
1304, 10, 2, 33, 9, 0
1304, 10, 2, 34, 54, 0
1304, 10, 2, 36, 32, 0
1304, 10, 2, 40, 36, 0
1304, 10, 2, 40, 54, 0
1304, 10, 2, 44, 61, 0
1304, 10, 2, 46, 55, 0
1304, 10, 2, 48, 12, 0
1304, 10, 2, 48, 33, 0
1304, 10, 2, 49, 7, 0
1304, 10, 2, 50, 3, 0
1304, 10, 2, 50, 29, 0
1304, 10, 2, 50, 55, 0
1304, 10, 2, 52, 53, 0
1304, 10, 2, 53, 58, 0
1304, 10, 2, 54, 27, 0
1304, 10, 2, 54, 33, 0
1304, 10, 2, 55, 49, 0
1304, 10, 2, 58, 21, 0
1305, 10, 2, 3, 20, 0
1305, 10, 2, 4, 29, 0
1305, 10, 2, 5, 4, 0
1305, 10, 2, 7, 25, 0
1305, 10, 2, 8, 3, 0
1305, 10, 2, 15, 39, 0
1305, 10, 2, 16, 34, 0
1305, 10, 2, 17, 16, 0
1305, 10, 2, 20, 1, 0
1305, 10, 2, 20, 5, 0
1305, 10, 2, 21, 34, 0
1305, 10, 2, 22, 29, 0
1305, 10, 2, 22, 45, 0
1305, 10, 2, 23, 37, 0
1305, 10, 2, 27, 34, 0
1305, 10, 2, 29, 6, 0
1305, 10, 2, 32, 6, 0
1305, 10, 2, 33, 11, 0
1305, 10, 2, 34, 58, 0
1305, 10, 2, 37, 56, 0
1305, 10, 2, 40, 59, 0
1305, 10, 2, 41, 26, 0
1305, 10, 2, 42, 20, 0
1305, 10, 2, 42, 30, 0
1305, 10, 2, 43, 33, 0
1305, 10, 2, 44, 12, 0
1305, 10, 2, 44, 27, 0
1305, 10, 2, 46, 29, 0
1305, 10, 2, 48, 58, 0
1305, 10, 2, 54, 4, 0
1305, 10, 2, 54, 44, 0
1305, 10, 2, 55, 23, 0
1305, 10, 2, 55, 46, 0
1305, 10, 2, 57, 25, 0
1305, 10, 2, 59, 5, 0
1305, 10, 2, 59, 49, 0
1305, 10, 2, 61, 24, 0
1326, 10, 2, 1, 10, 0
1326, 10, 2, 1, 17, 0
1326, 10, 2, 1, 22, 0
1326, 10, 2, 2, 20, 0
1326, 10, 2, 3, 2, 0
1326, 10, 2, 3, 15, 0
1326, 10, 2, 4, 0, 0
1326, 10, 2, 5, 15, 0
1326, 10, 2, 5, 20, 0
1326, 10, 2, 5, 24, 0
1326, 10, 2, 6, 59, 0
1326, 10, 2, 7, 3, 0
1326, 10, 2, 7, 17, 0
1326, 10, 2, 8, 5, 0
1326, 10, 2, 8, 53, 0
1326, 10, 2, 9, 15, 0
1326, 10, 2, 9, 18, 0
1326, 10, 2, 10, 30, 0
1326, 10, 2, 10, 37, 0
1326, 10, 2, 11, 5, 0
1326, 10, 2, 11, 14, 0
1326, 10, 2, 11, 17, 0
1326, 10, 2, 11, 26, 0
1326, 10, 2, 11, 57, 0
1326, 10, 2, 12, 1, 0
1326, 10, 2, 12, 29, 0
1326, 10, 2, 13, 23, 0
1326, 10, 2, 13, 38, 0
1326, 10, 2, 13, 40, 0
1326, 10, 2, 14, 8, 0
1326, 10, 2, 14, 61, 0
1326, 10, 2, 15, 2, 0
1326, 10, 2, 15, 11, 0
1326, 10, 2, 15, 20, 0
1326, 10, 2, 15, 26, 0
1326, 10, 2, 15, 32, 0
1326, 10, 2, 15, 37, 0
1326, 10, 2, 16, 5, 0
1326, 10, 2, 16, 8, 0
1326, 10, 2, 16, 54, 0
1326, 10, 2, 17, 58, 0
1326, 10, 2, 18, 1, 0
1326, 10, 2, 18, 4, 0
1326, 10, 2, 18, 11, 0
1326, 10, 2, 18, 29, 0
1326, 10, 2, 18, 35, 0
1326, 10, 2, 19, 60, 0
1326, 10, 2, 20, 40, 0
1326, 10, 2, 21, 10, 0
1326, 10, 2, 21, 18, 0
1326, 10, 2, 21, 31, 0
1326, 10, 2, 21, 33, 0
1326, 10, 0, 21, 36, 0
1326, 10, 2, 22, 3, 0
1326, 10, 2, 22, 39, 0
1326, 10, 2, 24, 1, 0
1326, 10, 2, 24, 15, 0
1326, 10, 2, 24, 35, 0
1326, 10, 2, 25, 12, 0
1326, 10, 2, 26, 9, 0
1326, 10, 2, 27, 13, 0
1326, 10, 2, 27, 17, 0
1326, 10, 2, 28, 1, 0
1326, 10, 2, 28, 6, 0
1326, 10, 2, 30, 10, 0
1326, 10, 2, 30, 15, 0
1326, 10, 2, 31, 19, 0
1326, 10, 2, 33, 13, 0
1326, 10, 2, 33, 62, 0
1326, 10, 2, 34, 24, 0
1326, 10, 2, 36, 27, 0
1326, 10, 2, 37, 23, 0
1326, 10, 2, 37, 59, 0
1326, 10, 2, 38, 28, 0
1326, 10, 2, 39, 25, 0
1326, 10, 2, 40, 20, 0
1326, 10, 2, 40, 23, 0
1326, 10, 2, 40, 30, 0
1326, 10, 2, 40, 61, 0
1326, 10, 2, 43, 11, 0
1326, 10, 2, 43, 15, 0
1326, 10, 2, 44, 58, 0
1326, 10, 2, 45, 18, 0
1326, 10, 2, 46, 13, 0
1326, 10, 2, 47, 6, 0
1326, 10, 2, 47, 9, 0
1326, 10, 2, 48, 3, 0
1326, 10, 2, 48, 15, 0
1326, 10, 2, 48, 19, 0
1326, 10, 2, 49, 61, 0
1326, 10, 2, 50, 12, 0
1326, 10, 2, 50, 44, 0
1326, 10, 2, 51, 57, 0
1326, 10, 2, 52, 5, 0
1326, 10, 2, 52, 9, 0
1326, 10, 2, 53, 14, 0
1326, 10, 2, 53, 46, 0
1326, 10, 2, 54, 12, 0
1326, 10, 2, 54, 25, 0
1326, 10, 2, 54, 42, 0
1326, 10, 2, 55, 14, 0
1326, 10, 2, 55, 20, 0
1326, 10, 2, 56, 4, 0
1326, 10, 2, 56, 16, 0
1326, 10, 2, 56, 19, 0
1326, 10, 2, 56, 27, 0
1326, 10, 2, 57, 6, 0
1326, 10, 2, 57, 22, 0
1326, 10, 2, 57, 53, 0
1326, 10, 2, 58, 30, 0
1326, 10, 2, 58, 52, 0
1326, 10, 2, 59, 3, 0
1326, 10, 2, 59, 20, 0
1326, 10, 2, 60, 7, 0
1326, 10, 2, 60, 13, 0
1326, 10, 2, 60, 24, 0
1326, 10, 2, 61, 27, 0
1326, 10, 2, 61, 45, 0
1326, 10, 2, 62, 4, 0
1326, 10, 2, 62, 9, 0
1326, 10, 2, 62, 13, 0
1326, 10, 2, 62, 17, 0
1327, 10, 2, 1, 10, 1
1327, 10, 2, 1, 17, 1
1327, 10, 2, 1, 22, 1
1327, 10, 2, 2, 20, 1
1327, 10, 2, 3, 2, 1
1327, 10, 2, 3, 15, 1
1327, 10, 2, 4, 0, 1
1327, 10, 2, 5, 15, 1
1327, 10, 2, 5, 20, 1
1327, 10, 2, 5, 24, 1
1327, 10, 2, 6, 59, 1
1327, 10, 2, 7, 3, 1
1327, 10, 2, 7, 17, 1
1327, 10, 2, 8, 5, 1
1327, 10, 2, 8, 53, 1
1327, 10, 2, 9, 15, 1
1327, 10, 2, 9, 18, 1
1327, 10, 2, 10, 30, 1
1327, 10, 2, 10, 37, 1
1327, 10, 2, 11, 5, 1
1327, 10, 2, 11, 14, 1
1327, 10, 2, 11, 17, 1
1327, 10, 2, 11, 26, 1
1327, 10, 2, 11, 57, 1
1327, 10, 2, 12, 1, 1
1327, 10, 2, 12, 29, 1
1327, 10, 2, 13, 23, 1
1327, 10, 2, 13, 38, 1
1327, 10, 2, 13, 40, 1
1327, 10, 2, 14, 8, 1
1327, 10, 2, 14, 61, 1
1327, 10, 2, 15, 2, 1
1327, 10, 2, 15, 11, 1
1327, 10, 2, 15, 20, 1
1327, 10, 2, 15, 26, 1
1327, 10, 2, 15, 32, 1
1327, 10, 2, 15, 37, 1
1327, 10, 2, 16, 5, 1
1327, 10, 2, 16, 8, 1
1327, 10, 2, 16, 54, 1
1327, 10, 2, 17, 58, 1
1327, 10, 2, 18, 1, 1
1327, 10, 2, 18, 4, 1
1327, 10, 2, 18, 11, 1
1327, 10, 2, 18, 29, 1
1327, 10, 2, 18, 35, 1
1327, 10, 2, 19, 60, 1
1327, 10, 2, 20, 40, 1
1327, 10, 2, 21, 10, 1
1327, 10, 2, 21, 18, 1
1327, 10, 2, 21, 31, 1
1327, 10, 2, 21, 33, 1
1327, 10, 2, 21, 36, 1
1327, 10, 2, 22, 3, 1
1327, 10, 2, 22, 39, 1
1327, 10, 2, 24, 1, 1
1327, 10, 2, 24, 15, 1
1327, 10, 2, 24, 35, 1
1327, 10, 2, 25, 12, 1
1327, 10, 2, 26, 9, 1
1327, 10, 2, 27, 13, 1
1327, 10, 2, 27, 17, 1
1327, 10, 2, 28, 1, 1
1327, 10, 2, 28, 6, 1
1327, 10, 2, 30, 10, 1
1327, 10, 2, 30, 15, 1
1327, 10, 2, 31, 19, 1
1327, 10, 2, 33, 13, 1
1327, 10, 2, 33, 62, 1
1327, 10, 2, 34, 24, 1
1327, 10, 2, 36, 27, 1
1327, 10, 2, 37, 23, 1
1327, 10, 2, 37, 59, 1
1327, 10, 2, 38, 28, 1
1327, 10, 2, 39, 25, 1
1327, 10, 2, 40, 20, 1
1327, 10, 2, 40, 23, 1
1327, 10, 2, 40, 30, 1
1327, 10, 2, 40, 61, 1
1327, 10, 2, 43, 11, 1
1327, 10, 2, 43, 15, 1
1327, 10, 2, 44, 58, 1
1327, 10, 2, 45, 18, 1
1327, 10, 2, 46, 13, 1
1327, 10, 2, 47, 6, 1
1327, 10, 2, 47, 9, 1
1327, 10, 2, 48, 3, 1
1327, 10, 2, 48, 15, 1
1327, 10, 2, 48, 19, 1
1327, 10, 2, 49, 61, 1
1327, 10, 2, 50, 12, 1
1327, 10, 2, 50, 44, 1
1327, 10, 2, 51, 57, 1
1327, 10, 2, 52, 5, 1
1327, 10, 2, 52, 9, 1
1327, 10, 2, 53, 14, 1
1327, 10, 2, 53, 46, 1
1327, 10, 2, 54, 12, 1
1327, 10, 2, 54, 25, 1
1327, 10, 2, 54, 42, 1
1327, 10, 2, 55, 14, 1
1327, 10, 2, 55, 20, 1
1327, 10, 2, 56, 4, 1
1327, 10, 2, 56, 16, 1
1327, 10, 2, 56, 19, 1
1327, 10, 2, 56, 27, 1
1327, 10, 2, 57, 6, 1
1327, 10, 2, 57, 22, 1
1327, 10, 2, 57, 53, 1
1327, 10, 2, 58, 30, 1
1327, 10, 2, 58, 52, 1
1327, 10, 2, 59, 3, 1
1327, 10, 2, 59, 20, 1
1327, 10, 2, 60, 7, 1
1327, 10, 2, 60, 13, 1
1327, 10, 2, 60, 24, 1
1327, 10, 2, 61, 27, 1
1327, 10, 2, 61, 45, 1
1327, 10, 2, 62, 4, 1
1327, 10, 2, 62, 9, 1
1327, 10, 2, 62, 13, 1
1327, 10, 2, 62, 17, 1
1328, 10, 2, 1, 17, 2
1328, 10, 2, 2, 20, 2
1328, 10, 2, 4, 0, 2
1328, 10, 2, 5, 15, 2
1328, 10, 2, 5, 20, 2
1328, 10, 2, 6, 59, 2
1328, 10, 2, 7, 3, 2
1328, 10, 2, 7, 17, 2
1328, 10, 2, 9, 15, 2
1328, 10, 2, 11, 17, 2
1328, 10, 2, 11, 26, 2
1328, 10, 2, 11, 57, 2
1328, 10, 2, 12, 1, 2
1328, 10, 2, 12, 29, 2
1328, 10, 2, 13, 40, 2
1328, 10, 2, 14, 61, 2
1328, 10, 2, 15, 2, 2
1328, 10, 2, 15, 11, 2
1328, 10, 2, 15, 20, 2
1328, 10, 2, 15, 32, 2
1328, 10, 2, 15, 37, 2
1328, 10, 2, 16, 8, 2
1328, 10, 2, 17, 58, 2
1328, 10, 2, 18, 1, 2
1328, 10, 2, 18, 29, 2
1328, 10, 2, 18, 35, 2
1328, 10, 2, 19, 60, 2
1328, 10, 2, 20, 40, 2
1328, 10, 2, 21, 10, 2
1328, 10, 2, 21, 33, 2
1328, 10, 2, 22, 3, 2
1328, 10, 2, 24, 1, 2
1328, 10, 2, 24, 15, 2
1328, 10, 2, 24, 35, 2
1328, 10, 2, 25, 12, 2
1328, 10, 2, 26, 9, 2
1328, 10, 2, 28, 6, 2
1328, 10, 2, 30, 10, 2
1328, 10, 2, 30, 15, 2
1328, 10, 2, 31, 19, 2
1328, 10, 2, 33, 62, 2
1328, 10, 2, 37, 23, 2
1328, 10, 2, 38, 28, 2
1328, 10, 2, 40, 20, 2
1328, 10, 2, 40, 23, 2
1328, 10, 2, 43, 11, 2
1328, 10, 2, 43, 15, 2
1328, 10, 2, 44, 58, 2
1328, 10, 2, 45, 18, 2
1328, 10, 2, 46, 13, 2
1328, 10, 2, 47, 6, 2
1328, 10, 2, 47, 9, 2
1328, 10, 2, 48, 3, 2
1328, 10, 2, 48, 15, 2
1328, 10, 2, 48, 19, 2
1328, 10, 2, 49, 61, 2
1328, 10, 2, 50, 12, 2
1328, 10, 2, 52, 5, 2
1328, 10, 2, 52, 9, 2
1328, 10, 2, 53, 14, 2
1328, 10, 2, 54, 12, 2
1328, 10, 2, 54, 25, 2
1328, 10, 2, 54, 42, 2
1328, 10, 2, 55, 20, 2
1328, 10, 2, 56, 4, 2
1328, 10, 2, 56, 16, 2
1328, 10, 2, 56, 27, 2
1328, 10, 2, 58, 52, 2
1328, 10, 2, 59, 3, 2
1328, 10, 2, 60, 7, 2
1328, 10, 2, 61, 27, 2
1328, 10, 2, 62, 4, 2
1328, 10, 2, 62, 13, 2
1328, 10, 2, 62, 17, 2
1329, 10, 2, 0, 9, 2
1329, 10, 2, 0, 21, 2
1329, 10, 2, 2, 1, 2
1329, 10, 2, 2, 14, 2
1329, 10, 2, 4, 23, 2
1329, 10, 2, 7, 4, 2
1329, 10, 2, 7, 52, 2
1329, 10, 2, 8, 17, 2
1329, 10, 2, 9, 29, 2
1329, 10, 2, 9, 36, 2
1329, 10, 2, 10, 4, 2
1329, 10, 2, 10, 13, 2
1329, 10, 2, 12, 22, 2
1329, 10, 2, 12, 37, 2
1329, 10, 2, 13, 7, 2
1329, 10, 2, 14, 25, 2
1329, 10, 2, 15, 4, 2
1329, 10, 2, 15, 53, 2
1329, 10, 2, 17, 3, 2
1329, 10, 2, 17, 10, 2
1329, 10, 2, 20, 17, 2
1329, 10, 2, 20, 30, 2
1329, 10, 2, 20, 35, 2
1329, 10, 2, 21, 38, 2
1329, 10, 2, 26, 12, 2
1329, 10, 2, 26, 16, 2
1329, 10, 2, 27, 0, 2
1329, 10, 2, 32, 12, 2
1329, 10, 2, 33, 23, 2
1329, 10, 2, 35, 26, 2
1329, 10, 2, 36, 58, 2
1329, 10, 2, 38, 24, 2
1329, 10, 2, 39, 29, 2
1329, 10, 2, 39, 60, 2
1329, 10, 2, 49, 43, 2
1329, 10, 2, 50, 56, 2
1329, 10, 2, 52, 45, 2
1329, 10, 2, 54, 13, 2
1329, 10, 2, 55, 18, 2
1329, 10, 2, 56, 5, 2
1329, 10, 2, 56, 21, 2
1329, 10, 2, 56, 52, 2
1329, 10, 2, 57, 29, 2
1329, 10, 2, 58, 19, 2
1329, 10, 2, 59, 12, 2
1329, 10, 2, 59, 23, 2
1329, 10, 2, 60, 44, 2
1329, 10, 2, 61, 8, 2
1329, 10, 2, 0, 16, 3
1329, 10, 2, 1, 19, 3
1329, 10, 2, 4, 14, 3
1329, 10, 2, 4, 19, 3
1329, 10, 2, 5, 58, 3
1329, 10, 2, 6, 2, 3
1329, 10, 2, 6, 16, 3
1329, 10, 2, 8, 14, 3
1329, 10, 2, 10, 16, 3
1329, 10, 2, 10, 25, 3
1329, 10, 2, 10, 56, 3
1329, 10, 2, 11, 0, 3
1329, 10, 2, 11, 28, 3
1329, 10, 2, 12, 39, 3
1329, 10, 2, 13, 60, 3
1329, 10, 2, 14, 1, 3
1329, 10, 2, 14, 10, 3
1329, 10, 2, 14, 19, 3
1329, 10, 2, 14, 31, 3
1329, 10, 2, 14, 36, 3
1329, 10, 2, 15, 7, 3
1329, 10, 2, 16, 57, 3
1329, 10, 2, 17, 0, 3
1329, 10, 2, 17, 28, 3
1329, 10, 2, 17, 34, 3
1329, 10, 2, 18, 59, 3
1329, 10, 2, 19, 39, 3
1329, 10, 2, 20, 9, 3
1329, 10, 2, 20, 32, 3
1329, 10, 2, 21, 2, 3
1329, 10, 2, 23, 0, 3
1329, 10, 2, 23, 14, 3
1329, 10, 2, 23, 34, 3
1329, 10, 2, 24, 11, 3
1329, 10, 2, 25, 8, 3
1329, 10, 2, 27, 5, 3
1329, 10, 2, 29, 9, 3
1329, 10, 2, 29, 14, 3
1329, 10, 2, 30, 18, 3
1329, 10, 2, 32, 61, 3
1329, 10, 2, 36, 22, 3
1329, 10, 2, 37, 27, 3
1329, 10, 2, 39, 19, 3
1329, 10, 2, 39, 22, 3
1329, 10, 2, 42, 10, 3
1329, 10, 2, 42, 14, 3
1329, 10, 2, 43, 57, 3
1329, 10, 2, 44, 17, 3
1329, 10, 2, 45, 12, 3
1329, 10, 2, 46, 5, 3
1329, 10, 2, 46, 8, 3
1329, 10, 2, 47, 2, 3
1329, 10, 2, 47, 14, 3
1329, 10, 2, 47, 18, 3
1329, 10, 2, 48, 60, 3
1329, 10, 2, 49, 11, 3
1329, 10, 2, 51, 4, 3
1329, 10, 2, 51, 8, 3
1329, 10, 2, 52, 13, 3
1329, 10, 2, 53, 11, 3
1329, 10, 2, 53, 24, 3
1329, 10, 2, 53, 41, 3
1329, 10, 2, 54, 19, 3
1329, 10, 2, 55, 3, 3
1329, 10, 2, 55, 15, 3
1329, 10, 2, 55, 26, 3
1329, 10, 2, 57, 51, 3
1329, 10, 2, 58, 2, 3
1329, 10, 2, 59, 6, 3
1329, 10, 2, 60, 26, 3
1329, 10, 2, 61, 3, 3
1329, 10, 2, 61, 12, 3
1329, 10, 2, 61, 16, 3
1360, 10, 0, 25, 59, 0
1360, 10, 0, 26, 46, 0
1360, 10, 0, 29, 21, 0
1360, 10, 2, 33, 26, 0
1360, 10, 2, 33, 36, 0
1360, 10, 0, 36, 15, 0
1360, 10, 2, 39, 18, 0
1360, 10, 2, 40, 12, 0
1361, 10, 0, 25, 56, 1
1361, 10, 0, 26, 43, 1
1361, 10, 2, 27, 23, 1
1361, 10, 2, 27, 33, 1
1361, 10, 0, 29, 18, 1
1361, 10, 2, 33, 15, 1
1361, 10, 2, 34, 9, 1
1361, 10, 0, 36, 12, 1
1362, 10, 2, 27, 25, 2
1362, 10, 2, 27, 35, 2
1362, 10, 0, 28, 58, 2
1362, 10, 0, 29, 45, 2
1362, 10, 0, 32, 20, 2
1362, 10, 2, 33, 17, 2
1362, 10, 2, 34, 11, 2
1362, 10, 0, 39, 14, 2
1390, 10, 3, 1, 27, 0
1390, 10, 2, 5, 32, 0
1390, 10, 3, 7, 30, 0
1390, 10, 0, 8, 59, 0
1390, 10, 2, 9, 20, 0
1390, 10, 0, 10, 11, 0
1390, 10, 2, 11, 27, 0
1390, 10, 2, 11, 41, 0
1390, 10, 3, 13, 36, 0
1390, 10, 2, 15, 36, 0
1390, 10, 3, 15, 55, 0
1390, 10, 3, 16, 3, 0
1390, 10, 3, 16, 12, 0
1390, 10, 2, 18, 10, 0
1390, 10, 1, 20, 29, 0
1390, 10, 2, 21, 52, 0
1390, 10, 3, 23, 2, 0
1390, 10, 0, 23, 28, 0
1390, 10, 0, 23, 57, 0
1390, 10, 3, 27, 22, 0
1390, 10, 0, 28, 2, 0
1390, 10, 0, 32, 46, 0
1390, 10, 3, 32, 47, 0
1390, 10, 2, 32, 48, 0
1390, 10, 2, 32, 51, 0
1390, 10, 0, 34, 13, 0
1390, 10, 1, 34, 44, 0
1390, 10, 3, 34, 50, 0
1390, 10, 2, 35, 43, 0
1390, 10, 1, 35, 48, 0
1390, 10, 0, 35, 49, 0
1390, 10, 1, 35, 52, 0
1390, 10, 2, 36, 38, 0
1390, 10, 3, 36, 42, 0
1390, 10, 0, 37, 42, 0
1390, 10, 2, 38, 30, 0
1390, 10, 1, 38, 52, 0
1390, 10, 2, 39, 31, 0
1390, 10, 0, 39, 53, 0
1390, 10, 3, 40, 53, 0
1390, 10, 3, 41, 43, 0
1390, 10, 2, 42, 14, 0
1390, 10, 1, 42, 43, 0
1390, 10, 1, 42, 51, 0
1390, 10, 2, 42, 52, 0
1390, 10, 3, 42, 53, 0
1390, 10, 0, 43, 43, 0
1390, 10, 1, 43, 45, 0
1390, 10, 1, 43, 51, 0
1390, 10, 3, 43, 60, 0
1390, 10, 2, 44, 32, 0
1390, 10, 0, 44, 49, 0
1390, 10, 3, 45, 15, 0
1390, 10, 2, 45, 31, 0
1390, 10, 0, 45, 36, 0
1390, 10, 1, 45, 38, 0
1390, 10, 2, 45, 45, 0
1390, 10, 3, 45, 47, 0
1390, 10, 2, 46, 4, 0
1390, 10, 3, 46, 7, 0
1390, 10, 0, 48, 2, 0
1390, 10, 2, 49, 9, 0
1390, 10, 0, 49, 53, 0
1390, 10, 2, 50, 14, 0
1390, 10, 1, 50, 40, 0
1390, 10, 0, 51, 31, 0
1390, 10, 3, 53, 10, 0
1390, 10, 2, 53, 29, 0
1390, 10, 0, 56, 5, 0
1390, 10, 0, 57, 13, 0
1390, 10, 1, 57, 34, 0
1390, 10, 2, 59, 2, 0
1390, 10, 2, 59, 8, 0
1390, 10, 2, 59, 14, 0
1398, 10, 2, 6, 54, 0
1398, 10, 3, 6, 62, 0
1398, 10, 0, 23, 60, 0
1398, 10, 0, 31, 57, 0
1398, 10, 1, 35, 61, 0
1400, 10, 2, 8, 61, 0
1400, 10, 2, 9, 6, 0
1400, 10, 2, 10, 0, 0
1400, 10, 2, 12, 11, 0
1400, 10, 2, 12, 56, 0
1400, 10, 2, 13, 9, 0
1400, 10, 2, 13, 13, 0
1400, 10, 2, 15, 58, 0
1400, 10, 2, 16, 31, 0
1400, 10, 2, 18, 12, 0
1400, 10, 2, 18, 41, 0
1400, 10, 2, 19, 58, 0
1400, 10, 2, 20, 62, 0
1400, 10, 2, 21, 7, 0
1400, 10, 2, 21, 42, 0
1400, 10, 2, 23, 10, 0
1400, 10, 2, 23, 40, 0
1400, 10, 2, 25, 0, 0
1400, 10, 2, 25, 17, 0
1400, 10, 2, 26, 27, 0
1400, 10, 2, 28, 19, 0
1400, 10, 2, 30, 54, 0
1400, 10, 2, 32, 60, 0
1400, 10, 2, 33, 40, 0
1400, 10, 2, 34, 25, 0
1400, 10, 2, 37, 24, 0
1400, 10, 2, 38, 62, 0
1400, 10, 2, 39, 42, 0
1400, 10, 2, 42, 16, 0
1400, 10, 2, 42, 23, 0
1400, 10, 2, 43, 56, 0
1400, 10, 2, 45, 49, 0
1400, 10, 2, 46, 18, 0
1400, 10, 2, 46, 52, 0
1400, 10, 2, 49, 46, 0
1400, 10, 2, 50, 15, 0
1400, 10, 2, 51, 61, 0
1400, 10, 2, 56, 30, 0
1400, 10, 2, 57, 15, 0
1400, 10, 2, 60, 28, 0
1400, 10, 2, 61, 19, 0
1400, 10, 2, 61, 34, 0
2291, 22, 1, 28, 41, 1
2332, 22, 1, 27, 41, 1
2332, 22, 1, 29, 41, 1
