315, 22, 2, 18, 20, 0
315, 22, 1, 19, 22, 0
319, 22, 1, 7, 34, 0
319, 22, 0, 8, 35, 0
319, 22, 3, 8, 36, 0
319, 22, 2, 9, 36, 0
319, 22, 3, 9, 39, 0
319, 22, 0, 9, 40, 0
319, 22, 2, 10, 4, 0
319, 22, 0, 10, 5, 0
319, 22, 1, 10, 40, 0
319, 22, 0, 10, 43, 0
319, 22, 3, 11, 5, 0
319, 22, 3, 11, 44, 0
319, 22, 2, 11, 45, 0
319, 22, 1, 20, 3, 0
319, 22, 3, 20, 4, 0
319, 22, 2, 21, 4, 0
319, 22, 1, 47, 12, 0
319, 22, 2, 51, 5, 0
319, 22, 0, 52, 9, 0
319, 22, 3, 53, 12, 0
319, 22, 3, 56, 10, 0
319, 22, 1, 2, 12, 2
319, 22, 1, 2, 35, 2
319, 22, 0, 3, 10, 2
319, 22, 2, 3, 14, 2
319, 22, 3, 4, 8, 2
319, 22, 2, 4, 45, 2
319, 22, 1, 6, 5, 2
319, 22, 0, 6, 28, 2
319, 22, 3, 6, 48, 2
319, 22, 2, 7, 2, 2
319, 22, 2, 7, 27, 2
319, 22, 2, 7, 49, 2
319, 22, 1, 8, 25, 2
319, 22, 2, 10, 52, 2
319, 22, 3, 11, 1, 2
319, 22, 3, 11, 54, 2
319, 22, 3, 14, 3, 2
319, 22, 1, 14, 60, 2
319, 22, 1, 15, 45, 2
319, 22, 0, 15, 62, 2
319, 22, 2, 17, 16, 2
319, 22, 2, 17, 44, 2
319, 22, 0, 17, 48, 2
319, 22, 0, 17, 61, 2
319, 22, 1, 18, 18, 2
319, 22, 3, 18, 40, 2
319, 22, 3, 18, 50, 2
319, 22, 2, 18, 60, 2
319, 22, 2, 19, 50, 2
319, 22, 3, 20, 52, 2
319, 22, 3, 20, 61, 2
319, 22, 0, 25, 31, 2
319, 22, 2, 27, 13, 2
319, 22, 3, 34, 1, 2
319, 22, 0, 35, 12, 2
319, 22, 1, 36, 12, 2
319, 22, 2, 38, 11, 2
319, 22, 3, 39, 2, 2
319, 22, 3, 41, 12, 2
319, 22, 2, 48, 1, 2
319, 22, 3, 56, 11, 2
319, 22, 0, 58, 4, 2
319, 22, 1, 60, 3, 2
319, 22, 0, 60, 9, 2
319, 22, 0, 60, 12, 2
319, 22, 0, 53, 1, 3
319, 22, 0, 56, 1, 3
319, 22, 1, 57, 14, 3
320, 22, 3, 6, 34, 0
320, 22, 2, 7, 33, 0
320, 22, 2, 8, 34, 0
320, 22, 3, 8, 39, 0
320, 22, 3, 9, 5, 0
320, 22, 1, 9, 37, 0
320, 22, 2, 9, 38, 0
320, 22, 2, 10, 3, 0
320, 22, 1, 10, 36, 0
320, 22, 0, 10, 41, 0
320, 22, 3, 10, 44, 0
320, 22, 0, 11, 6, 0
320, 22, 1, 11, 40, 0
320, 22, 1, 11, 43, 0
320, 22, 0, 11, 46, 0
320, 22, 1, 12, 5, 0
320, 22, 1, 12, 45, 0
320, 22, 1, 13, 12, 0
320, 22, 2, 13, 13, 0
320, 22, 1, 14, 11, 0
320, 22, 3, 14, 13, 0
320, 22, 1, 15, 13, 0
320, 22, 2, 16, 12, 0
320, 22, 0, 16, 14, 0
320, 22, 1, 17, 11, 0
320, 22, 2, 18, 10, 0
320, 22, 3, 19, 3, 0
320, 22, 3, 19, 10, 0
320, 22, 2, 20, 2, 0
320, 22, 0, 20, 10, 0
320, 22, 3, 20, 11, 0
320, 22, 0, 21, 5, 0
320, 22, 1, 22, 4, 0
320, 22, 1, 26, 5, 0
320, 22, 0, 27, 4, 0
320, 22, 0, 28, 4, 0
320, 22, 3, 28, 5, 0
320, 22, 2, 33, 10, 0
320, 22, 0, 34, 9, 0
320, 22, 1, 34, 11, 0
320, 22, 0, 35, 10, 0
320, 22, 1, 37, 10, 0
320, 22, 3, 37, 11, 0
320, 22, 0, 39, 10, 0
320, 22, 3, 40, 10, 0
320, 22, 0, 41, 10, 0
320, 22, 3, 42, 10, 0
320, 22, 2, 43, 11, 0
320, 22, 1, 44, 10, 0
320, 22, 0, 45, 10, 0
320, 22, 3, 45, 11, 0
320, 22, 2, 45, 12, 0
320, 22, 1, 47, 11, 0
320, 22, 3, 48, 11, 0
320, 22, 1, 49, 5, 0
320, 22, 2, 49, 10, 0
320, 22, 2, 50, 4, 0
320, 22, 3, 50, 5, 0
320, 22, 1, 51, 4, 0
320, 22, 0, 51, 9, 0
320, 22, 3, 51, 11, 0
320, 22, 0, 52, 4, 0
320, 22, 3, 53, 9, 0
320, 22, 2, 53, 10, 0
320, 22, 0, 53, 11, 0
320, 22, 1, 54, 4, 0
320, 22, 0, 55, 3, 0
320, 22, 3, 57, 3, 0
320, 22, 2, 57, 4, 0
320, 22, 1, 57, 9, 0
320, 22, 1, 57, 10, 0
320, 22, 0, 58, 10, 0
320, 22, 1, 59, 4, 0
320, 22, 1, 59, 9, 0
320, 22, 3, 59, 10, 0
320, 22, 0, 60, 5, 0
320, 22, 0, 61, 9, 0
320, 22, 3, 1, 36, 2
320, 22, 0, 2, 11, 2
320, 22, 0, 2, 37, 2
320, 22, 3, 3, 9, 2
320, 22, 2, 3, 12, 2
320, 22, 2, 3, 13, 2
320, 22, 1, 3, 34, 2
320, 22, 3, 4, 16, 2
320, 22, 3, 4, 30, 2
320, 22, 2, 4, 44, 2
320, 22, 1, 5, 6, 2
320, 22, 3, 5, 18, 2
320, 22, 0, 5, 22, 2
320, 22, 1, 6, 23, 2
320, 22, 0, 6, 27, 2
320, 22, 2, 7, 24, 2
320, 22, 0, 8, 1, 2
320, 22, 1, 8, 50, 2
320, 22, 3, 9, 1, 2
320, 22, 2, 9, 50, 2
320, 22, 0, 10, 53, 2
320, 22, 3, 12, 2, 2
320, 22, 0, 12, 55, 2
320, 22, 1, 12, 57, 2
320, 22, 0, 13, 60, 2
320, 22, 0, 14, 61, 2
320, 22, 3, 15, 2, 2
320, 22, 0, 15, 61, 2
320, 22, 2, 16, 43, 2
320, 22, 1, 16, 44, 2
320, 22, 0, 17, 2, 2
320, 22, 2, 17, 41, 2
320, 22, 2, 17, 42, 2
320, 22, 3, 17, 43, 2
320, 22, 2, 17, 49, 2
320, 22, 3, 18, 13, 2
320, 22, 3, 18, 49, 2
320, 22, 1, 19, 19, 2
320, 22, 1, 19, 51, 2
320, 22, 1, 19, 61, 2
320, 22, 2, 20, 12, 2
320, 22, 2, 20, 38, 2
320, 22, 2, 20, 51, 2
320, 22, 0, 21, 22, 2
320, 22, 0, 21, 52, 2
320, 22, 1, 21, 54, 2
320, 22, 3, 21, 61, 2
320, 22, 0, 21, 62, 2
320, 22, 3, 22, 1, 2
320, 22, 0, 22, 25, 2
320, 22, 0, 22, 37, 2
320, 22, 0, 22, 56, 2
320, 22, 3, 22, 61, 2
320, 22, 0, 23, 26, 2
320, 22, 1, 23, 35, 2
320, 22, 3, 23, 36, 2
320, 22, 3, 23, 58, 2
320, 22, 0, 23, 59, 2
320, 22, 3, 23, 60, 2
320, 22, 0, 24, 2, 2
320, 22, 3, 24, 13, 2
320, 22, 3, 24, 28, 2
320, 22, 0, 25, 30, 2
320, 22, 2, 26, 14, 2
320, 22, 2, 29, 12, 2
320, 22, 1, 30, 2, 2
320, 22, 1, 30, 12, 2
320, 22, 1, 31, 2, 2
320, 22, 0, 31, 13, 2
320, 22, 2, 32, 13, 2
320, 22, 3, 33, 1, 2
320, 22, 2, 35, 1, 2
320, 22, 2, 37, 12, 2
320, 22, 1, 42, 12, 2
320, 22, 0, 47, 1, 2
320, 22, 2, 49, 2, 2
320, 22, 3, 57, 3, 2
320, 22, 1, 57, 11, 2
320, 22, 0, 59, 2, 2
320, 22, 3, 59, 4, 2
320, 22, 3, 59, 10, 2
320, 22, 1, 60, 5, 2
320, 22, 1, 60, 11, 2
320, 22, 2, 61, 2, 2
320, 22, 0, 48, 13, 3
320, 22, 1, 49, 12, 3
320, 22, 3, 51, 0, 3
320, 22, 3, 51, 12, 3
320, 22, 3, 54, 13, 3
320, 22, 0, 55, 13, 3
320, 22, 0, 56, 14, 3
320, 22, 0, 57, 1, 3
320, 22, 3, 58, 14, 3
320, 22, 3, 59, 13, 3
321, 22, 1, 14, 12, 0
321, 22, 1, 16, 13, 0
321, 22, 0, 18, 11, 0
321, 22, 3, 19, 11, 0
321, 22, 3, 27, 5, 0
321, 22, 3, 34, 10, 0
321, 22, 0, 38, 10, 0
321, 22, 0, 42, 11, 0
321, 22, 1, 44, 11, 0
321, 22, 3, 49, 11, 0
321, 22, 1, 50, 9, 0
321, 22, 2, 52, 11, 0
321, 22, 2, 54, 11, 0
321, 22, 1, 55, 4, 0
321, 22, 3, 60, 9, 0
321, 22, 0, 2, 10, 2
321, 22, 3, 3, 11, 2
321, 22, 3, 4, 17, 2
321, 22, 3, 5, 29, 2
321, 22, 3, 5, 47, 2
321, 22, 2, 7, 25, 2
321, 22, 3, 8, 26, 2
321, 22, 0, 8, 49, 2
321, 22, 0, 11, 53, 2
321, 22, 3, 12, 56, 2
321, 22, 3, 16, 45, 2
321, 22, 3, 16, 46, 2
321, 22, 0, 16, 62, 2
321, 22, 2, 17, 15, 2
321, 22, 0, 17, 47, 2
321, 22, 3, 19, 12, 2
321, 22, 1, 19, 60, 2
321, 22, 1, 19, 62, 2
321, 22, 2, 21, 12, 2
321, 22, 1, 21, 37, 2
321, 22, 0, 22, 24, 2
321, 22, 3, 23, 2, 2
321, 22, 0, 23, 57, 2
321, 22, 1, 24, 33, 2
321, 22, 2, 25, 13, 2
321, 22, 0, 25, 32, 2
321, 22, 1, 29, 2, 2
321, 22, 0, 38, 1, 2
321, 22, 0, 43, 12, 2
321, 22, 2, 43, 13, 2
321, 22, 1, 44, 13, 2
321, 22, 3, 56, 2, 2
321, 22, 2, 58, 10, 2
321, 22, 2, 61, 5, 2
321, 22, 2, 61, 10, 2
321, 22, 0, 50, 12, 3
321, 22, 3, 52, 1, 3
321, 22, 1, 52, 13, 3
321, 22, 2, 57, 13, 3
321, 22, 3, 58, 13, 3
322, 22, 0, 6, 35, 0
322, 22, 0, 6, 45, 0
322, 22, 1, 8, 38, 0
322, 22, 2, 9, 4, 0
322, 22, 3, 9, 35, 0
322, 22, 2, 9, 41, 0
322, 22, 2, 9, 42, 0
322, 22, 0, 10, 6, 0
322, 22, 1, 10, 47, 0
322, 22, 3, 11, 4, 0
322, 22, 3, 12, 43, 0
322, 22, 0, 12, 46, 0
322, 22, 1, 13, 5, 0
322, 22, 1, 14, 46, 0
322, 22, 1, 14, 50, 0
322, 22, 1, 14, 53, 0
322, 22, 1, 15, 49, 0
322, 22, 0, 15, 52, 0
322, 22, 1, 15, 59, 0
322, 22, 1, 18, 59, 0
322, 22, 2, 19, 4, 0
322, 22, 2, 19, 53, 0
322, 22, 1, 21, 3, 0
322, 22, 3, 21, 57, 0
322, 22, 3, 22, 5, 0
322, 22, 0, 22, 58, 0
322, 22, 0, 23, 4, 0
323, 22, 0, 6, 33, 0
323, 22, 2, 6, 44, 0
323, 22, 3, 7, 35, 0
323, 22, 2, 7, 38, 0
323, 22, 0, 7, 40, 0
323, 22, 1, 7, 44, 0
323, 22, 3, 7, 45, 0
323, 22, 2, 8, 5, 0
323, 22, 2, 8, 33, 0
323, 22, 1, 8, 40, 0
323, 22, 3, 8, 42, 0
323, 22, 3, 9, 6, 0
323, 22, 1, 9, 34, 0
323, 22, 1, 9, 44, 0
323, 22, 0, 10, 39, 0
323, 22, 2, 10, 46, 0
323, 22, 1, 11, 3, 0
323, 22, 1, 11, 39, 0
323, 22, 3, 11, 42, 0
323, 22, 0, 12, 4, 0
323, 22, 1, 12, 6, 0
323, 22, 2, 12, 41, 0
323, 22, 0, 12, 44, 0
323, 22, 3, 12, 47, 0
323, 22, 1, 13, 52, 0
323, 22, 2, 13, 54, 0
323, 22, 3, 13, 55, 0
323, 22, 0, 14, 52, 0
323, 22, 3, 14, 54, 0
323, 22, 1, 15, 53, 0
323, 22, 2, 15, 54, 0
323, 22, 3, 16, 52, 0
323, 22, 2, 17, 52, 0
323, 22, 3, 18, 4, 0
323, 22, 0, 18, 53, 0
323, 22, 0, 19, 2, 0
323, 22, 2, 19, 5, 0
323, 22, 3, 19, 54, 0
323, 22, 0, 23, 3, 0
324, 22, 2, 5, 10, 0
324, 22, 3, 10, 27, 0
324, 22, 0, 55, 12, 0
324, 22, 1, 56, 11, 0
325, 22, 2, 4, 10, 0
325, 22, 0, 4, 11, 0
325, 22, 3, 4, 14, 0
325, 22, 3, 5, 9, 0
325, 22, 1, 5, 11, 0
325, 22, 2, 5, 12, 0
325, 22, 0, 5, 13, 0
325, 22, 0, 6, 10, 0
325, 22, 1, 6, 18, 0
325, 22, 1, 7, 19, 0
325, 22, 2, 8, 20, 0
325, 22, 1, 8, 21, 0
325, 22, 0, 9, 22, 0
325, 22, 3, 9, 23, 0
325, 22, 1, 9, 28, 0
325, 22, 2, 10, 24, 0
325, 22, 3, 10, 25, 0
325, 22, 2, 10, 28, 0
325, 22, 3, 11, 25, 0
325, 22, 3, 11, 27, 0
325, 22, 0, 12, 26, 0
325, 22, 1, 12, 27, 0
325, 22, 3, 13, 26, 0
325, 22, 0, 13, 27, 0
325, 22, 2, 14, 26, 0
325, 22, 1, 14, 28, 0
325, 22, 3, 15, 27, 0
326, 22, 0, 4, 12, 0
326, 22, 3, 4, 13, 0
326, 22, 2, 7, 20, 0
326, 22, 1, 8, 22, 0
326, 22, 3, 10, 26, 0
326, 22, 1, 11, 26, 0
326, 22, 1, 14, 27, 0
436, 10, 2, 61, 10, 0
436, 10, 0, 62, 5, 0
436, 10, 3, 63, 5, 0
436, 10, 0, 63, 9, 0
465, 10, 2, 45, 11, 0
466, 10, 1, 4, 36, 0
466, 10, 3, 7, 15, 0
466, 10, 2, 8, 46, 0
466, 10, 0, 13, 36, 0
466, 10, 2, 19, 2, 0
466, 10, 1, 22, 9, 0
466, 10, 0, 33, 2, 0
466, 10, 2, 42, 4, 0
471, 10, 3, 52, 2, 0
471, 10, 3, 54, 9, 0
474, 10, 3, 46, 2, 0
474, 10, 2, 50, 10, 0
475, 22, 2, 16, 53, 0
475, 22, 3, 17, 53, 0
475, 22, 3, 18, 54, 0
475, 22, 0, 19, 55, 0
475, 22, 1, 20, 56, 0
475, 22, 1, 61, 5, 0
475, 22, 1, 62, 9, 0
475, 22, 1, 63, 10, 0
476, 22, 3, 14, 55, 0
476, 22, 2, 15, 55, 0
476, 22, 1, 15, 58, 0
476, 22, 2, 16, 60, 0
476, 22, 0, 18, 58, 0
476, 22, 0, 19, 58, 0
476, 22, 3, 19, 59, 0
476, 22, 2, 20, 55, 0
476, 22, 1, 20, 57, 0
476, 22, 2, 63, 9, 0
541, 10, 0, 11, 50, 0
541, 10, 2, 14, 12, 0
541, 10, 1, 15, 49, 0
541, 10, 1, 16, 37, 0
541, 10, 0, 16, 39, 0
541, 10, 2, 19, 55, 0
541, 10, 0, 20, 36, 0
541, 10, 2, 26, 11, 0
541, 10, 1, 33, 12, 0
542, 10, 2, 4, 10, 0
542, 10, 1, 8, 3, 0
542, 10, 0, 11, 49, 0
542, 10, 2, 11, 51, 0
542, 10, 3, 12, 50, 0
542, 10, 2, 13, 11, 0
542, 10, 2, 14, 13, 0
542, 10, 2, 14, 38, 0
542, 10, 0, 14, 41, 0
542, 10, 1, 14, 49, 0
542, 10, 2, 15, 12, 0
542, 10, 1, 15, 48, 0
542, 10, 0, 15, 50, 0
542, 10, 2, 16, 10, 0
542, 10, 0, 17, 13, 0
542, 10, 0, 17, 38, 0
542, 10, 2, 17, 51, 0
542, 10, 0, 18, 55, 0
542, 10, 0, 19, 37, 0
542, 10, 1, 19, 54, 0
542, 10, 3, 20, 56, 0
542, 10, 3, 21, 36, 0
542, 10, 2, 24, 10, 0
542, 10, 2, 29, 9, 0
542, 10, 2, 31, 10, 0
542, 10, 2, 33, 10, 0
542, 10, 2, 41, 5, 0
542, 10, 0, 42, 3, 0
750, 22, 3, 59, 8, 0
750, 22, 3, 60, 8, 0
750, 22, 3, 61, 8, 0
750, 22, 3, 62, 8, 0
750, 22, 3, 63, 8, 0
751, 22, 3, 59, 6, 0
751, 22, 3, 60, 6, 0
751, 22, 3, 61, 6, 0
751, 22, 3, 62, 6, 0
751, 22, 3, 63, 6, 0
752, 22, 3, 59, 7, 0
752, 22, 3, 60, 7, 0
752, 22, 3, 61, 7, 0
752, 22, 3, 62, 7, 0
752, 22, 3, 63, 7, 0
753, 22, 3, 58, 7, 0
756, 22, 3, 10, 45, 0
757, 22, 0, 6, 42, 0
757, 22, 0, 13, 42, 0
757, 22, 0, 18, 55, 0
757, 22, 0, 19, 33, 0
758, 22, 0, 7, 36, 0
758, 22, 0, 8, 30, 0
758, 22, 0, 11, 38, 0
759, 22, 0, 13, 49, 0
759, 22, 0, 15, 36, 0
825, 22, 1, 13, 33, 0
825, 22, 3, 19, 32, 0
825, 22, 3, 47, 10, 0
827, 22, 2, 20, 31, 0
827, 22, 2, 49, 4, 0
1089, 11, 2, 14, 31, 0
1089, 10, 0, 14, 34, 0
1089, 10, 3, 17, 35, 0
1246, 22, 2, 6, 8, 0
1246, 22, 1, 11, 21, 0
1246, 22, 0, 17, 20, 0
1247, 22, 0, 7, 11, 0
1247, 22, 2, 10, 30, 0
1247, 22, 1, 11, 22, 0
1247, 22, 3, 13, 47, 0
1247, 22, 0, 14, 39, 0
1247, 22, 3, 17, 5, 0
1247, 22, 3, 18, 30, 0
1247, 22, 1, 22, 30, 0
1247, 22, 2, 25, 11, 0
1247, 22, 3, 27, 6, 0
1247, 22, 0, 29, 6, 0
1247, 22, 1, 31, 4, 0
1247, 22, 0, 36, 9, 0
1247, 22, 3, 40, 4, 0
1247, 22, 3, 44, 4, 0
1247, 22, 1, 49, 9, 0
1247, 22, 2, 50, 3, 0
1247, 22, 1, 51, 3, 0
1247, 22, 2, 52, 10, 0
1286, 10, 0, 28, 6, 0
1286, 10, 1, 35, 3, 0
1286, 10, 3, 51, 2, 0
1286, 10, 2, 52, 11, 0
1417, 1, 1, 2, 35, 0
1417, 0, 2, 2, 36, 0
1417, 1, 2, 2, 37, 0
1417, 1, 1, 3, 9, 0
1417, 0, 2, 3, 10, 0
1417, 0, 2, 3, 11, 0
1417, 0, 2, 3, 12, 0
1417, 0, 2, 3, 13, 0
1417, 0, 2, 3, 14, 0
1417, 1, 2, 3, 15, 0
1417, 1, 1, 3, 33, 0
1417, 0, 2, 3, 34, 0
1417, 9, 1, 3, 35, 0
1417, 9, 2, 3, 37, 0
1417, 0, 2, 3, 38, 0
1417, 1, 2, 3, 39, 0
1417, 1, 1, 3, 41, 0
1417, 0, 2, 3, 42, 0
1417, 1, 2, 3, 43, 0
1417, 1, 1, 4, 8, 0
1417, 9, 1, 4, 9, 0
1417, 9, 2, 4, 15, 0
1417, 0, 2, 4, 16, 0
1417, 1, 2, 4, 17, 0
1417, 1, 1, 4, 31, 0
1417, 0, 2, 4, 32, 0
1417, 9, 1, 4, 33, 0
1417, 9, 2, 4, 39, 0
1417, 0, 2, 4, 40, 0
1417, 9, 1, 4, 41, 0
1417, 9, 2, 4, 43, 0
1417, 0, 2, 4, 44, 0
1417, 1, 2, 4, 45, 0
1417, 1, 1, 5, 6, 0
1417, 0, 2, 5, 7, 0
1417, 9, 1, 5, 8, 0
1417, 9, 2, 5, 17, 0
1417, 0, 2, 5, 18, 0
1417, 1, 2, 5, 19, 0
1417, 1, 1, 5, 29, 0
1417, 0, 2, 5, 30, 0
1417, 9, 1, 5, 31, 0
1417, 9, 2, 5, 45, 0
1417, 0, 2, 5, 46, 0
1417, 1, 2, 5, 47, 0
1417, 1, 1, 6, 4, 0
1417, 0, 2, 6, 5, 0
1417, 9, 1, 6, 6, 0
1417, 9, 2, 6, 19, 0
1417, 0, 2, 6, 20, 0
1417, 1, 2, 6, 21, 0
1417, 1, 1, 6, 28, 0
1417, 9, 1, 6, 29, 0
1417, 9, 2, 6, 47, 0
1417, 1, 2, 6, 48, 0
1417, 1, 1, 7, 2, 0
1417, 0, 2, 7, 3, 0
1417, 9, 1, 7, 4, 0
1417, 9, 2, 7, 21, 0
1417, 0, 2, 7, 22, 0
1417, 1, 2, 7, 23, 0
1417, 1, 1, 7, 27, 0
1417, 9, 1, 7, 28, 0
1417, 9, 2, 7, 48, 0
1417, 1, 2, 7, 49, 0
1417, 1, 1, 8, 1, 0
1417, 9, 1, 8, 2, 0
1417, 9, 2, 8, 23, 0
1417, 1, 2, 8, 24, 0
1417, 0, 1, 8, 27, 0
1417, 0, 3, 8, 49, 0
1417, 0, 1, 9, 1, 0
1417, 9, 2, 9, 24, 0
1417, 0, 2, 9, 25, 0
1417, 0, 2, 9, 26, 0
1417, 9, 1, 9, 27, 0
1417, 9, 2, 9, 49, 0
1417, 0, 2, 9, 50, 0
1417, 1, 2, 9, 51, 0
1417, 0, 1, 10, 1, 0
1417, 9, 3, 10, 33, 0
1417, 0, 0, 10, 34, 0
1417, 9, 0, 10, 35, 0
1417, 9, 2, 10, 51, 0
1417, 1, 2, 10, 52, 0
1417, 1, 0, 11, 1, 0
1417, 9, 0, 11, 2, 0
1417, 0, 3, 11, 33, 0
1417, 0, 1, 11, 35, 0
1417, 9, 2, 11, 52, 0
1417, 1, 2, 11, 53, 0
1417, 0, 1, 12, 2, 0
1417, 9, 2, 12, 33, 0
1417, 0, 2, 12, 34, 0
1417, 9, 1, 12, 35, 0
1417, 9, 2, 12, 53, 0
1417, 0, 2, 12, 54, 0
1417, 0, 2, 12, 55, 0
1417, 1, 2, 12, 56, 0
1417, 1, 0, 13, 2, 0
1417, 9, 0, 13, 3, 0
1417, 9, 2, 13, 56, 0
1417, 0, 2, 13, 57, 0
1417, 1, 2, 13, 58, 0
1417, 0, 1, 14, 3, 0
1417, 9, 2, 14, 58, 0
1417, 0, 2, 14, 59, 0
1417, 1, 2, 14, 60, 0
1417, 1, 1, 15, 2, 0
1417, 9, 1, 15, 3, 0
1417, 9, 3, 15, 44, 0
1417, 0, 0, 15, 45, 0
1417, 9, 0, 15, 46, 0
1417, 9, 2, 15, 60, 0
1417, 1, 2, 15, 61, 0
1417, 0, 1, 16, 2, 0
1417, 9, 3, 16, 42, 0
1417, 0, 0, 16, 43, 0
1417, 1, 3, 16, 44, 0
1417, 1, 0, 16, 46, 0
1417, 0, 0, 16, 47, 0
1417, 9, 0, 16, 48, 0
1417, 0, 3, 16, 61, 0
1417, 0, 1, 17, 2, 0
1417, 9, 3, 17, 14, 0
1417, 0, 0, 17, 15, 0
1417, 0, 0, 17, 16, 0
1417, 9, 0, 17, 17, 0
1417, 9, 3, 17, 40, 0
1417, 0, 0, 17, 41, 0
1417, 1, 3, 17, 42, 0
1417, 1, 0, 17, 48, 0
1417, 0, 0, 17, 49, 0
1417, 9, 0, 17, 50, 0
1417, 9, 3, 17, 60, 0
1417, 1, 3, 17, 61, 0
1417, 1, 1, 18, 1, 0
1417, 9, 1, 18, 2, 0
1417, 9, 3, 18, 12, 0
1417, 0, 0, 18, 13, 0
1417, 1, 3, 18, 14, 0
1417, 1, 0, 18, 17, 0
1417, 0, 0, 18, 18, 0
1417, 9, 0, 18, 19, 0
1417, 0, 3, 18, 40, 0
1417, 1, 0, 18, 50, 0
1417, 9, 0, 18, 51, 0
1417, 0, 3, 18, 60, 0
1417, 0, 1, 19, 1, 0
1417, 0, 3, 19, 12, 0
1417, 1, 0, 19, 19, 0
1417, 9, 0, 19, 20, 0
1417, 9, 3, 19, 39, 0
1417, 1, 3, 19, 40, 0
1417, 1, 0, 19, 51, 0
1417, 9, 0, 19, 52, 0
1417, 0, 3, 19, 60, 0
1417, 0, 1, 20, 1, 0
1417, 0, 3, 20, 12, 0
1417, 1, 0, 20, 20, 0
1417, 0, 0, 20, 21, 0
1417, 9, 0, 20, 22, 0
1417, 9, 3, 20, 37, 0
1417, 0, 0, 20, 38, 0
1417, 1, 3, 20, 39, 0
1417, 1, 0, 20, 52, 0
1417, 0, 0, 20, 53, 0
1417, 9, 0, 20, 54, 0
1417, 9, 2, 20, 60, 0
1417, 1, 2, 20, 61, 0
1417, 0, 1, 21, 1, 0
1417, 0, 3, 21, 12, 0
1417, 1, 0, 21, 22, 0
1417, 0, 0, 21, 23, 0
1417, 9, 0, 21, 24, 0
1417, 0, 3, 21, 37, 0
1417, 1, 0, 21, 54, 0
1417, 0, 0, 21, 55, 0
1417, 9, 0, 21, 56, 0
1417, 0, 3, 21, 61, 0
1417, 1, 0, 22, 1, 0
1417, 9, 0, 22, 2, 0
1417, 0, 3, 22, 12, 0
1417, 1, 0, 22, 24, 0
1417, 0, 0, 22, 25, 0
1417, 9, 0, 22, 26, 0
1417, 9, 3, 22, 36, 0
1417, 1, 3, 22, 37, 0
1417, 1, 0, 22, 56, 0
1417, 9, 0, 22, 57, 0
1417, 9, 3, 22, 60, 0
1417, 1, 3, 22, 61, 0
1417, 0, 1, 23, 2, 0
1417, 0, 3, 23, 12, 0
1417, 1, 0, 23, 26, 0
1417, 0, 0, 23, 27, 0
1417, 9, 0, 23, 28, 0
1417, 9, 3, 23, 34, 0
1417, 0, 0, 23, 35, 0
1417, 1, 3, 23, 36, 0
1417, 1, 0, 23, 57, 0
1417, 0, 0, 23, 58, 0
1417, 0, 0, 23, 59, 0
1417, 1, 3, 23, 60, 0
1417, 0, 1, 24, 2, 0
1417, 9, 2, 24, 12, 0
1417, 1, 2, 24, 13, 0
1417, 1, 0, 24, 28, 0
1417, 0, 0, 24, 29, 0
1417, 9, 0, 24, 30, 0
1417, 9, 3, 24, 32, 0
1417, 0, 0, 24, 33, 0
1417, 1, 3, 24, 34, 0
1417, 1, 0, 25, 2, 0
1417, 9, 0, 25, 3, 0
1417, 0, 3, 25, 13, 0
1417, 1, 0, 25, 30, 0
1417, 0, 0, 25, 31, 0
1417, 1, 3, 25, 32, 0
1417, 0, 1, 26, 3, 0
1417, 0, 3, 26, 13, 0
1417, 0, 1, 27, 3, 0
1417, 9, 3, 27, 12, 0
1417, 1, 3, 27, 13, 0
1417, 1, 1, 28, 2, 0
1417, 9, 1, 28, 3, 0
1417, 0, 3, 28, 12, 0
1417, 0, 1, 29, 2, 0
1417, 0, 3, 29, 12, 0
1417, 0, 1, 30, 2, 0
1417, 0, 3, 30, 12, 0
1417, 0, 1, 31, 2, 0
1417, 9, 2, 31, 12, 0
1417, 1, 2, 31, 13, 0
1417, 1, 1, 32, 1, 0
1417, 9, 1, 32, 2, 0
1417, 0, 3, 32, 13, 0
1417, 0, 1, 33, 1, 0
1417, 0, 3, 33, 13, 0
1417, 0, 1, 34, 1, 0
1417, 9, 3, 34, 12, 0
1417, 1, 3, 34, 13, 0
1417, 0, 1, 35, 1, 0
1417, 0, 3, 35, 12, 0
1417, 0, 1, 36, 1, 0
1417, 0, 3, 36, 12, 0
1417, 0, 1, 37, 1, 0
1417, 9, 3, 37, 11, 0
1417, 1, 3, 37, 12, 0
1417, 1, 0, 38, 1, 0
1417, 9, 0, 38, 2, 0
1417, 0, 3, 38, 11, 0
1417, 0, 1, 39, 2, 0
1417, 0, 3, 39, 11, 0
1417, 1, 1, 40, 1, 0
1417, 9, 1, 40, 2, 0
1417, 0, 3, 40, 11, 0
1417, 0, 1, 41, 1, 0
1417, 9, 2, 41, 11, 0
1417, 1, 2, 41, 12, 0
1417, 0, 1, 42, 1, 0
1417, 0, 3, 42, 12, 0
1417, 0, 1, 43, 1, 0
1417, 0, 3, 43, 12, 0
1417, 1, 0, 44, 1, 0
1417, 9, 0, 44, 2, 0
1417, 9, 2, 44, 12, 0
1417, 1, 2, 44, 13, 0
1417, 1, 1, 45, 1, 0
1417, 9, 1, 45, 2, 0
1417, 0, 3, 45, 13, 0
1417, 0, 1, 46, 1, 0
1417, 0, 3, 46, 13, 0
1417, 0, 1, 47, 1, 0
1417, 0, 3, 47, 13, 0
1417, 1, 0, 48, 1, 0
1417, 9, 0, 48, 2, 0
1417, 9, 3, 48, 12, 0
1417, 1, 3, 48, 13, 0
1417, 0, 1, 49, 2, 0
1417, 0, 3, 49, 12, 0
1417, 1, 1, 50, 1, 0
1417, 9, 1, 50, 2, 0
1417, 0, 3, 50, 12, 0
1417, 0, 1, 51, 1, 0
1417, 0, 3, 51, 12, 0
1417, 0, 1, 52, 1, 0
1417, 9, 2, 52, 12, 0
1417, 1, 2, 52, 13, 0
1417, 0, 1, 53, 1, 0
1417, 0, 3, 53, 13, 0
1417, 1, 0, 54, 1, 0
1417, 9, 0, 54, 2, 0
1417, 0, 3, 54, 13, 0
1417, 0, 1, 55, 2, 0
1417, 9, 3, 55, 12, 0
1417, 1, 3, 55, 13, 0
1417, 0, 1, 56, 2, 0
1417, 0, 3, 56, 12, 0
1417, 1, 0, 57, 2, 0
1417, 9, 0, 57, 3, 0
1417, 9, 3, 57, 11, 0
1417, 1, 3, 57, 12, 0
1417, 0, 1, 58, 3, 0
1417, 0, 3, 58, 11, 0
1417, 1, 0, 59, 3, 0
1417, 9, 0, 59, 4, 0
1417, 9, 3, 59, 10, 0
1417, 1, 3, 59, 11, 0
1417, 0, 1, 60, 4, 0
1417, 0, 3, 60, 10, 0
1417, 0, 1, 61, 4, 0
1417, 0, 3, 61, 10, 0
1417, 0, 1, 62, 4, 0
1417, 0, 3, 62, 10, 0
1417, 9, 0, 62, 17, 0
1417, 9, 2, 63, 0, 0
1417, 0, 2, 63, 1, 0
1417, 0, 2, 63, 2, 0
1417, 0, 2, 63, 3, 0
1417, 9, 1, 63, 4, 0
1417, 9, 2, 63, 10, 0
1417, 0, 2, 63, 11, 0
1417, 0, 2, 63, 12, 0
1417, 0, 2, 63, 13, 0
1417, 0, 2, 63, 14, 0
1417, 0, 2, 63, 15, 0
1417, 0, 2, 63, 16, 0
1417, 9, 1, 63, 17, 0
1417, 0, 2, 63, 1, 1
1417, 0, 2, 63, 2, 1
1417, 0, 2, 63, 3, 1
1417, 0, 2, 63, 4, 1
1417, 0, 2, 63, 10, 1
1417, 0, 2, 63, 11, 1
1417, 0, 2, 63, 12, 1
1417, 0, 2, 63, 13, 1
1417, 0, 2, 63, 14, 1
1417, 0, 2, 63, 15, 1
1417, 0, 2, 63, 16, 1
1417, 0, 2, 63, 17, 1
1417, 0, 2, 63, 18, 1
1417, 0, 2, 63, 19, 1
1417, 0, 2, 63, 20, 1
1417, 0, 2, 63, 21, 1
1417, 0, 2, 63, 1, 2
1417, 0, 2, 63, 2, 2
1417, 0, 2, 63, 3, 2
1417, 0, 2, 63, 4, 2
1417, 0, 2, 63, 10, 2
1417, 0, 2, 63, 11, 2
1417, 0, 2, 63, 12, 2
1417, 0, 2, 63, 13, 2
1417, 0, 2, 63, 14, 2
1417, 0, 2, 63, 15, 2
1417, 0, 2, 63, 16, 2
1417, 0, 2, 63, 17, 2
1417, 0, 2, 63, 18, 2
1417, 0, 2, 63, 19, 2
1417, 0, 2, 63, 20, 2
1417, 0, 2, 63, 21, 2
1428, 1, 1, 2, 35, 1
1428, 0, 2, 2, 36, 1
1428, 1, 2, 2, 37, 1
1428, 1, 1, 3, 9, 1
1428, 0, 2, 3, 10, 1
1428, 0, 2, 3, 11, 1
1428, 0, 2, 3, 12, 1
1428, 0, 2, 3, 13, 1
1428, 0, 2, 3, 14, 1
1428, 1, 2, 3, 15, 1
1428, 1, 1, 3, 33, 1
1428, 0, 2, 3, 34, 1
1428, 9, 1, 3, 35, 1
1428, 9, 2, 3, 37, 1
1428, 0, 2, 3, 38, 1
1428, 1, 2, 3, 39, 1
1428, 1, 1, 3, 41, 1
1428, 0, 2, 3, 42, 1
1428, 1, 2, 3, 43, 1
1428, 1, 1, 4, 8, 1
1428, 9, 1, 4, 9, 1
1428, 9, 2, 4, 15, 1
1428, 0, 2, 4, 16, 1
1428, 1, 2, 4, 17, 1
1428, 1, 1, 4, 31, 1
1428, 0, 2, 4, 32, 1
1428, 9, 1, 4, 33, 1
1428, 9, 2, 4, 39, 1
1428, 0, 2, 4, 40, 1
1428, 9, 1, 4, 41, 1
1428, 9, 2, 4, 43, 1
1428, 0, 2, 4, 44, 1
1428, 1, 2, 4, 45, 1
1428, 1, 1, 5, 6, 1
1428, 0, 2, 5, 7, 1
1428, 9, 1, 5, 8, 1
1428, 9, 2, 5, 17, 1
1428, 0, 2, 5, 18, 1
1428, 1, 2, 5, 19, 1
1428, 1, 1, 5, 29, 1
1428, 0, 2, 5, 30, 1
1428, 9, 1, 5, 31, 1
1428, 9, 2, 5, 45, 1
1428, 0, 2, 5, 46, 1
1428, 1, 2, 5, 47, 1
1428, 1, 1, 6, 4, 1
1428, 0, 2, 6, 5, 1
1428, 9, 1, 6, 6, 1
1428, 9, 2, 6, 19, 1
1428, 0, 2, 6, 20, 1
1428, 1, 2, 6, 21, 1
1428, 1, 1, 6, 28, 1
1428, 9, 1, 6, 29, 1
1428, 9, 2, 6, 47, 1
1428, 1, 2, 6, 48, 1
1428, 1, 1, 7, 2, 1
1428, 0, 2, 7, 3, 1
1428, 9, 1, 7, 4, 1
1428, 9, 2, 7, 21, 1
1428, 0, 2, 7, 22, 1
1428, 1, 2, 7, 23, 1
1428, 1, 1, 7, 27, 1
1428, 9, 1, 7, 28, 1
1428, 9, 2, 7, 48, 1
1428, 1, 2, 7, 49, 1
1428, 1, 1, 8, 1, 1
1428, 9, 1, 8, 2, 1
1428, 9, 2, 8, 23, 1
1428, 1, 2, 8, 24, 1
1428, 0, 1, 8, 27, 1
1428, 0, 3, 8, 49, 1
1428, 0, 1, 9, 1, 1
1428, 9, 2, 9, 24, 1
1428, 0, 2, 9, 25, 1
1428, 0, 2, 9, 26, 1
1428, 9, 1, 9, 27, 1
1428, 9, 2, 9, 49, 1
1428, 0, 2, 9, 50, 1
1428, 1, 2, 9, 51, 1
1428, 0, 1, 10, 1, 1
1428, 9, 3, 10, 33, 1
1428, 0, 0, 10, 34, 1
1428, 9, 0, 10, 35, 1
1428, 9, 2, 10, 51, 1
1428, 1, 2, 10, 52, 1
1428, 1, 0, 11, 1, 1
1428, 9, 0, 11, 2, 1
1428, 0, 3, 11, 33, 1
1428, 0, 1, 11, 35, 1
1428, 9, 2, 11, 52, 1
1428, 1, 2, 11, 53, 1
1428, 0, 1, 12, 2, 1
1428, 9, 2, 12, 33, 1
1428, 0, 2, 12, 34, 1
1428, 9, 1, 12, 35, 1
1428, 9, 2, 12, 53, 1
1428, 0, 2, 12, 54, 1
1428, 0, 2, 12, 55, 1
1428, 1, 2, 12, 56, 1
1428, 1, 0, 13, 2, 1
1428, 9, 0, 13, 3, 1
1428, 9, 2, 13, 56, 1
1428, 0, 2, 13, 57, 1
1428, 1, 2, 13, 58, 1
1428, 0, 1, 14, 3, 1
1428, 9, 2, 14, 58, 1
1428, 0, 2, 14, 59, 1
1428, 1, 2, 14, 60, 1
1428, 1, 1, 15, 2, 1
1428, 9, 1, 15, 3, 1
1428, 9, 3, 15, 44, 1
1428, 0, 0, 15, 45, 1
1428, 9, 0, 15, 46, 1
1428, 9, 2, 15, 60, 1
1428, 1, 2, 15, 61, 1
1428, 0, 1, 16, 2, 1
1428, 9, 3, 16, 42, 1
1428, 0, 0, 16, 43, 1
1428, 1, 3, 16, 44, 1
1428, 1, 0, 16, 46, 1
1428, 0, 0, 16, 47, 1
1428, 9, 0, 16, 48, 1
1428, 0, 3, 16, 61, 1
1428, 0, 1, 17, 2, 1
1428, 9, 3, 17, 14, 1
1428, 0, 0, 17, 15, 1
1428, 0, 0, 17, 16, 1
1428, 9, 0, 17, 17, 1
1428, 9, 3, 17, 40, 1
1428, 0, 0, 17, 41, 1
1428, 1, 3, 17, 42, 1
1428, 1, 0, 17, 48, 1
1428, 0, 0, 17, 49, 1
1428, 9, 0, 17, 50, 1
1428, 9, 3, 17, 60, 1
1428, 1, 3, 17, 61, 1
1428, 1, 1, 18, 1, 1
1428, 9, 1, 18, 2, 1
1428, 9, 3, 18, 12, 1
1428, 0, 0, 18, 13, 1
1428, 1, 3, 18, 14, 1
1428, 1, 0, 18, 17, 1
1428, 0, 0, 18, 18, 1
1428, 9, 0, 18, 19, 1
1428, 0, 3, 18, 40, 1
1428, 1, 0, 18, 50, 1
1428, 9, 0, 18, 51, 1
1428, 0, 3, 18, 60, 1
1428, 0, 1, 19, 1, 1
1428, 0, 3, 19, 12, 1
1428, 1, 0, 19, 19, 1
1428, 9, 0, 19, 20, 1
1428, 9, 3, 19, 39, 1
1428, 1, 3, 19, 40, 1
1428, 1, 0, 19, 51, 1
1428, 9, 0, 19, 52, 1
1428, 0, 3, 19, 60, 1
1428, 0, 1, 20, 1, 1
1428, 0, 3, 20, 12, 1
1428, 1, 0, 20, 20, 1
1428, 0, 0, 20, 21, 1
1428, 9, 0, 20, 22, 1
1428, 9, 3, 20, 37, 1
1428, 0, 0, 20, 38, 1
1428, 1, 3, 20, 39, 1
1428, 1, 0, 20, 52, 1
1428, 0, 0, 20, 53, 1
1428, 9, 0, 20, 54, 1
1428, 9, 2, 20, 60, 1
1428, 1, 2, 20, 61, 1
1428, 0, 1, 21, 1, 1
1428, 0, 3, 21, 12, 1
1428, 1, 0, 21, 22, 1
1428, 0, 0, 21, 23, 1
1428, 9, 0, 21, 24, 1
1428, 0, 3, 21, 37, 1
1428, 1, 0, 21, 54, 1
1428, 0, 0, 21, 55, 1
1428, 9, 0, 21, 56, 1
1428, 0, 3, 21, 61, 1
1428, 1, 0, 22, 1, 1
1428, 9, 0, 22, 2, 1
1428, 0, 3, 22, 12, 1
1428, 1, 0, 22, 24, 1
1428, 0, 0, 22, 25, 1
1428, 9, 0, 22, 26, 1
1428, 9, 3, 22, 36, 1
1428, 1, 3, 22, 37, 1
1428, 1, 0, 22, 56, 1
1428, 9, 0, 22, 57, 1
1428, 9, 3, 22, 60, 1
1428, 1, 3, 22, 61, 1
1428, 0, 1, 23, 2, 1
1428, 0, 3, 23, 12, 1
1428, 1, 0, 23, 26, 1
1428, 0, 0, 23, 27, 1
1428, 9, 0, 23, 28, 1
1428, 9, 3, 23, 34, 1
1428, 0, 0, 23, 35, 1
1428, 1, 3, 23, 36, 1
1428, 1, 0, 23, 57, 1
1428, 0, 0, 23, 58, 1
1428, 0, 0, 23, 59, 1
1428, 1, 3, 23, 60, 1
1428, 0, 1, 24, 2, 1
1428, 9, 2, 24, 12, 1
1428, 1, 2, 24, 13, 1
1428, 1, 0, 24, 28, 1
1428, 0, 0, 24, 29, 1
1428, 9, 0, 24, 30, 1
1428, 9, 3, 24, 32, 1
1428, 0, 0, 24, 33, 1
1428, 1, 3, 24, 34, 1
1428, 1, 0, 25, 2, 1
1428, 9, 0, 25, 3, 1
1428, 0, 3, 25, 13, 1
1428, 1, 0, 25, 30, 1
1428, 0, 0, 25, 31, 1
1428, 1, 3, 25, 32, 1
1428, 0, 1, 26, 3, 1
1428, 0, 3, 26, 13, 1
1428, 0, 1, 27, 3, 1
1428, 9, 3, 27, 12, 1
1428, 1, 3, 27, 13, 1
1428, 1, 1, 28, 2, 1
1428, 9, 1, 28, 3, 1
1428, 0, 3, 28, 12, 1
1428, 0, 1, 29, 2, 1
1428, 0, 3, 29, 12, 1
1428, 0, 1, 30, 2, 1
1428, 0, 3, 30, 12, 1
1428, 0, 1, 31, 2, 1
1428, 9, 2, 31, 12, 1
1428, 1, 2, 31, 13, 1
1428, 1, 1, 32, 1, 1
1428, 9, 1, 32, 2, 1
1428, 0, 3, 32, 13, 1
1428, 0, 1, 33, 1, 1
1428, 0, 3, 33, 13, 1
1428, 0, 1, 34, 1, 1
1428, 9, 3, 34, 12, 1
1428, 1, 3, 34, 13, 1
1428, 0, 1, 35, 1, 1
1428, 0, 3, 35, 12, 1
1428, 0, 1, 36, 1, 1
1428, 0, 3, 36, 12, 1
1428, 0, 1, 37, 1, 1
1428, 9, 3, 37, 11, 1
1428, 1, 3, 37, 12, 1
1428, 1, 0, 38, 1, 1
1428, 9, 0, 38, 2, 1
1428, 0, 3, 38, 11, 1
1428, 0, 1, 39, 2, 1
1428, 0, 3, 39, 11, 1
1428, 1, 1, 40, 1, 1
1428, 9, 1, 40, 2, 1
1428, 0, 3, 40, 11, 1
1428, 0, 1, 41, 1, 1
1428, 9, 2, 41, 11, 1
1428, 1, 2, 41, 12, 1
1428, 0, 1, 42, 1, 1
1428, 0, 3, 42, 12, 1
1428, 0, 1, 43, 1, 1
1428, 0, 3, 43, 12, 1
1428, 1, 0, 44, 1, 1
1428, 9, 0, 44, 2, 1
1428, 9, 2, 44, 12, 1
1428, 1, 2, 44, 13, 1
1428, 1, 1, 45, 1, 1
1428, 9, 1, 45, 2, 1
1428, 0, 3, 45, 13, 1
1428, 0, 1, 46, 1, 1
1428, 0, 3, 46, 13, 1
1428, 0, 1, 47, 1, 1
1428, 0, 3, 47, 13, 1
1428, 1, 0, 48, 1, 1
1428, 9, 0, 48, 2, 1
1428, 9, 3, 48, 12, 1
1428, 1, 3, 48, 13, 1
1428, 0, 1, 49, 2, 1
1428, 0, 3, 49, 12, 1
1428, 1, 1, 50, 1, 1
1428, 9, 1, 50, 2, 1
1428, 0, 3, 50, 12, 1
1428, 0, 1, 51, 1, 1
1428, 0, 3, 51, 12, 1
1428, 0, 1, 52, 1, 1
1428, 9, 2, 52, 12, 1
1428, 1, 2, 52, 13, 1
1428, 0, 1, 53, 1, 1
1428, 0, 3, 53, 13, 1
1428, 0, 1, 54, 1, 1
1428, 0, 3, 54, 13, 1
1428, 1, 0, 55, 1, 1
1428, 9, 0, 55, 2, 1
1428, 0, 3, 55, 13, 1
1428, 1, 0, 56, 2, 1
1428, 9, 0, 56, 3, 1
1428, 9, 3, 56, 10, 1
1428, 0, 0, 56, 11, 1
1428, 0, 0, 56, 12, 1
1428, 1, 3, 56, 13, 1
1428, 1, 0, 57, 3, 1
1428, 9, 0, 57, 4, 1
1428, 0, 3, 57, 10, 1
1428, 0, 1, 58, 4, 1
1428, 9, 3, 58, 9, 1
1428, 1, 3, 58, 10, 1
1428, 1, 0, 59, 4, 1
1428, 9, 0, 59, 5, 1
1428, 0, 3, 59, 9, 1
1428, 0, 1, 60, 5, 1
1428, 0, 3, 60, 9, 1
1428, 0, 1, 61, 5, 1
1428, 0, 3, 61, 9, 1
1428, 0, 1, 62, 5, 1
1428, 0, 3, 62, 9, 1
1428, 9, 2, 63, 0, 1
1428, 9, 1, 63, 5, 1
1428, 9, 2, 63, 9, 1
1428, 9, 1, 63, 22, 1
1428, 9, 3, 10, 33, 2
1428, 0, 0, 10, 34, 2
1428, 9, 0, 10, 35, 2
1428, 0, 3, 11, 33, 2
1428, 0, 1, 11, 35, 2
1428, 9, 2, 12, 33, 2
1428, 0, 2, 12, 34, 2
1428, 9, 1, 12, 35, 2
1428, 0, 3, 47, 13, 2
1428, 0, 1, 47, 22, 2
1428, 9, 3, 48, 12, 2
1428, 1, 3, 48, 13, 2
1428, 0, 1, 48, 22, 2
1428, 0, 3, 49, 12, 2
1428, 0, 1, 49, 22, 2
1428, 9, 3, 50, 0, 2
1428, 9, 0, 50, 1, 2
1428, 0, 3, 50, 12, 2
1428, 0, 1, 50, 22, 2
1428, 0, 3, 51, 0, 2
1428, 0, 1, 51, 1, 2
1428, 0, 3, 51, 12, 2
1428, 0, 1, 51, 22, 2
1428, 0, 3, 52, 0, 2
1428, 0, 1, 52, 1, 2
1428, 9, 2, 52, 12, 2
1428, 1, 2, 52, 13, 2
1428, 0, 1, 52, 22, 2
1428, 0, 3, 53, 0, 2
1428, 0, 1, 53, 1, 2
1428, 0, 3, 53, 13, 2
1428, 0, 1, 53, 22, 2
1428, 0, 3, 54, 0, 2
1428, 0, 1, 54, 1, 2
1428, 0, 3, 54, 13, 2
1428, 0, 1, 54, 22, 2
1428, 0, 3, 55, 0, 2
1428, 0, 1, 55, 1, 2
1428, 0, 3, 55, 13, 2
1428, 0, 1, 55, 22, 2
1428, 0, 3, 56, 0, 2
1428, 0, 1, 56, 1, 2
1428, 0, 3, 56, 13, 2
1428, 0, 1, 56, 22, 2
1428, 0, 3, 57, 0, 2
1428, 0, 1, 57, 1, 2
1428, 0, 3, 57, 13, 2
1428, 0, 1, 57, 22, 2
1428, 0, 3, 58, 0, 2
1428, 0, 1, 58, 1, 2
1428, 0, 3, 58, 13, 2
1428, 0, 1, 58, 22, 2
1428, 0, 3, 59, 0, 2
1428, 0, 1, 59, 1, 2
1428, 0, 3, 59, 13, 2
1428, 0, 1, 59, 22, 2
1428, 0, 3, 60, 0, 2
1428, 0, 1, 60, 1, 2
1428, 0, 3, 60, 13, 2
1428, 0, 1, 60, 22, 2
1428, 0, 3, 61, 0, 2
1428, 0, 1, 61, 1, 2
1428, 0, 3, 61, 13, 2
1428, 0, 1, 61, 22, 2
1428, 0, 3, 62, 0, 2
1428, 1, 0, 62, 1, 2
1428, 0, 0, 62, 2, 2
1428, 0, 0, 62, 3, 2
1428, 0, 0, 62, 4, 2
1428, 9, 0, 62, 5, 2
1428, 9, 3, 62, 9, 2
1428, 0, 0, 62, 10, 2
1428, 0, 0, 62, 11, 2
1428, 0, 0, 62, 12, 2
1428, 1, 3, 62, 13, 2
1428, 0, 1, 62, 22, 2
1428, 9, 2, 63, 0, 2
1428, 9, 1, 63, 5, 2
1428, 9, 2, 63, 9, 2
1428, 9, 1, 63, 22, 2
1428, 9, 3, 63, 1, 3
1428, 0, 0, 63, 2, 3
1428, 0, 0, 63, 3, 3
1428, 0, 0, 63, 4, 3
1428, 0, 0, 63, 5, 3
1428, 0, 0, 63, 6, 3
1428, 0, 0, 63, 7, 3
1428, 0, 0, 63, 8, 3
1428, 0, 0, 63, 9, 3
1428, 0, 0, 63, 10, 3
1428, 0, 0, 63, 11, 3
1428, 0, 0, 63, 12, 3
1428, 9, 0, 63, 13, 3
1429, 0, 1, 46, 22, 2
1430, 0, 0, 46, 13, 2
1431, 10, 1, 46, 14, 2
1431, 10, 1, 46, 15, 2
1431, 10, 1, 46, 16, 2
1431, 10, 1, 46, 17, 2
1431, 10, 1, 46, 18, 2
1431, 10, 1, 46, 19, 2
1431, 10, 1, 46, 20, 2
1431, 10, 1, 46, 21, 2
1434, 10, 3, 3, 40, 0
1434, 10, 1, 7, 1, 0
1434, 10, 2, 8, 25, 0
1434, 10, 2, 8, 26, 0
1434, 10, 0, 11, 34, 0
1434, 10, 1, 12, 1, 0
1434, 10, 1, 13, 1, 0
1434, 10, 1, 14, 1, 0
1434, 10, 2, 14, 2, 0
1434, 10, 1, 15, 1, 0
1434, 10, 1, 16, 1, 0
1434, 10, 1, 16, 45, 0
1434, 10, 1, 17, 1, 0
1434, 10, 1, 18, 15, 0
1434, 10, 1, 18, 16, 0
1434, 10, 3, 18, 61, 0
1434, 10, 3, 19, 61, 0
1434, 10, 1, 23, 1, 0
1434, 10, 1, 24, 1, 0
1434, 10, 1, 25, 1, 0
1434, 10, 1, 26, 1, 0
1434, 10, 2, 26, 2, 0
1434, 10, 1, 27, 1, 0
1434, 10, 2, 27, 2, 0
1434, 10, 1, 28, 1, 0
1434, 10, 1, 29, 1, 0
1434, 10, 1, 30, 1, 0
1434, 10, 1, 31, 1, 0
1434, 10, 2, 39, 1, 0
1434, 10, 0, 49, 1, 0
1434, 10, 0, 55, 1, 0
1434, 10, 0, 56, 1, 0
1434, 10, 2, 56, 13, 0
1434, 10, 0, 57, 1, 0
1434, 10, 2, 57, 13, 0
1434, 10, 0, 58, 1, 0
1434, 10, 0, 58, 2, 0
1434, 10, 2, 58, 12, 0
1434, 10, 2, 58, 13, 0
1434, 10, 0, 59, 1, 0
1434, 10, 0, 59, 2, 0
1434, 10, 2, 59, 12, 0
1434, 10, 2, 59, 13, 0
1434, 10, 0, 60, 1, 0
1434, 10, 0, 60, 2, 0
1434, 10, 0, 60, 3, 0
1434, 10, 2, 60, 11, 0
1434, 10, 2, 60, 12, 0
1434, 10, 2, 60, 13, 0
1434, 10, 0, 61, 1, 0
1434, 10, 0, 61, 2, 0
1434, 10, 0, 61, 3, 0
1434, 10, 2, 61, 11, 0
1434, 10, 2, 61, 12, 0
1434, 10, 0, 61, 13, 0
1434, 10, 2, 62, 1, 0
1434, 10, 0, 62, 2, 0
1434, 10, 0, 62, 3, 0
1434, 10, 2, 62, 11, 0
1434, 10, 2, 62, 12, 0
1434, 10, 2, 62, 13, 0
1434, 10, 3, 0, 2, 1
1434, 10, 3, 0, 3, 1
1434, 10, 3, 0, 4, 1
1434, 10, 3, 0, 5, 1
1434, 10, 3, 0, 6, 1
1434, 10, 3, 0, 7, 1
1434, 10, 3, 0, 8, 1
1434, 10, 3, 0, 9, 1
1434, 10, 3, 0, 10, 1
1434, 10, 3, 0, 11, 1
1434, 10, 3, 0, 12, 1
1434, 10, 3, 0, 13, 1
1434, 10, 3, 0, 14, 1
1434, 10, 3, 0, 15, 1
1434, 10, 3, 0, 16, 1
1434, 10, 3, 0, 17, 1
1434, 10, 3, 0, 18, 1
1434, 10, 3, 0, 19, 1
1434, 10, 3, 0, 20, 1
1434, 10, 3, 0, 21, 1
1434, 10, 3, 0, 22, 1
1434, 10, 3, 0, 23, 1
1434, 10, 3, 0, 24, 1
1434, 10, 3, 0, 25, 1
1434, 10, 3, 0, 26, 1
1434, 10, 3, 0, 27, 1
1434, 10, 3, 0, 28, 1
1434, 10, 3, 0, 29, 1
1434, 10, 3, 0, 30, 1
1434, 10, 3, 0, 31, 1
1434, 10, 3, 0, 32, 1
1434, 10, 3, 0, 33, 1
1434, 10, 3, 0, 34, 1
1434, 10, 3, 0, 35, 1
1434, 10, 3, 0, 36, 1
1434, 10, 3, 0, 37, 1
1434, 10, 3, 0, 38, 1
1434, 10, 3, 0, 39, 1
1434, 10, 3, 0, 40, 1
1434, 10, 3, 0, 41, 1
1434, 10, 3, 0, 42, 1
1434, 10, 3, 0, 43, 1
1434, 10, 3, 0, 44, 1
1434, 10, 3, 0, 45, 1
1434, 10, 3, 0, 46, 1
1434, 10, 3, 0, 47, 1
1434, 10, 3, 0, 48, 1
1434, 10, 3, 0, 49, 1
1434, 10, 3, 0, 50, 1
1434, 10, 3, 0, 51, 1
1434, 10, 3, 1, 1, 1
1434, 10, 3, 1, 2, 1
1434, 10, 3, 1, 3, 1
1434, 10, 3, 1, 4, 1
1434, 10, 3, 1, 5, 1
1434, 10, 3, 1, 6, 1
1434, 10, 3, 1, 7, 1
1434, 10, 3, 1, 8, 1
1434, 10, 3, 1, 9, 1
1434, 10, 3, 1, 10, 1
1434, 10, 3, 1, 11, 1
1434, 10, 3, 1, 12, 1
1434, 10, 3, 1, 13, 1
1434, 10, 3, 1, 14, 1
1434, 10, 3, 1, 15, 1
1434, 10, 3, 1, 16, 1
1434, 10, 3, 1, 17, 1
1434, 10, 3, 1, 18, 1
1434, 10, 3, 1, 19, 1
1434, 10, 3, 1, 20, 1
1434, 10, 3, 1, 21, 1
1434, 10, 3, 1, 22, 1
1434, 10, 3, 1, 23, 1
1434, 10, 3, 1, 24, 1
1434, 10, 3, 1, 25, 1
1434, 10, 3, 1, 26, 1
1434, 10, 3, 1, 27, 1
1434, 10, 3, 1, 28, 1
1434, 10, 3, 1, 29, 1
1434, 10, 3, 1, 30, 1
1434, 10, 3, 1, 31, 1
1434, 10, 3, 1, 32, 1
1434, 10, 3, 1, 33, 1
1434, 10, 3, 1, 34, 1
1434, 10, 3, 1, 35, 1
1434, 10, 3, 1, 36, 1
1434, 10, 3, 1, 37, 1
1434, 10, 3, 1, 38, 1
1434, 10, 3, 1, 39, 1
1434, 10, 3, 1, 40, 1
1434, 10, 3, 1, 41, 1
1434, 10, 3, 1, 42, 1
1434, 10, 3, 1, 43, 1
1434, 10, 3, 1, 44, 1
1434, 10, 3, 1, 45, 1
1434, 10, 3, 1, 46, 1
1434, 10, 3, 1, 47, 1
1434, 10, 3, 1, 48, 1
1434, 10, 3, 1, 49, 1
1434, 10, 3, 1, 50, 1
1434, 10, 3, 1, 51, 1
1434, 10, 3, 1, 52, 1
1434, 10, 3, 2, 1, 1
1434, 10, 3, 2, 2, 1
1434, 10, 3, 2, 3, 1
1434, 10, 3, 2, 4, 1
1434, 10, 3, 2, 5, 1
1434, 10, 3, 2, 6, 1
1434, 10, 3, 2, 7, 1
1434, 10, 3, 2, 8, 1
1434, 10, 3, 2, 9, 1
1434, 10, 3, 2, 10, 1
1434, 10, 3, 2, 11, 1
1434, 10, 3, 2, 12, 1
1434, 10, 3, 2, 13, 1
1434, 10, 3, 2, 14, 1
1434, 10, 3, 2, 15, 1
1434, 10, 3, 2, 16, 1
1434, 10, 3, 2, 17, 1
1434, 10, 3, 2, 18, 1
1434, 10, 3, 2, 19, 1
1434, 10, 3, 2, 20, 1
1434, 10, 3, 2, 21, 1
1434, 10, 3, 2, 22, 1
1434, 10, 3, 2, 23, 1
1434, 10, 3, 2, 24, 1
1434, 10, 3, 2, 25, 1
1434, 10, 3, 2, 26, 1
1434, 10, 3, 2, 27, 1
1434, 10, 3, 2, 28, 1
1434, 10, 3, 2, 29, 1
1434, 10, 3, 2, 30, 1
1434, 10, 3, 2, 31, 1
1434, 10, 3, 2, 32, 1
1434, 10, 3, 2, 33, 1
1434, 10, 3, 2, 34, 1
1434, 10, 3, 2, 38, 1
1434, 10, 3, 2, 39, 1
1434, 10, 3, 2, 40, 1
1434, 10, 3, 2, 41, 1
1434, 10, 3, 2, 42, 1
1434, 10, 3, 2, 43, 1
1434, 10, 3, 2, 44, 1
1434, 10, 3, 2, 45, 1
1434, 10, 3, 2, 46, 1
1434, 10, 3, 2, 47, 1
1434, 10, 3, 2, 48, 1
1434, 10, 3, 2, 49, 1
1434, 10, 3, 2, 50, 1
1434, 10, 3, 2, 51, 1
1434, 10, 3, 2, 52, 1
1434, 10, 3, 2, 53, 1
1434, 10, 3, 2, 54, 1
1434, 10, 3, 3, 1, 1
1434, 10, 3, 3, 2, 1
1434, 10, 3, 3, 3, 1
1434, 10, 3, 3, 4, 1
1434, 10, 3, 3, 5, 1
1434, 10, 3, 3, 6, 1
1434, 10, 3, 3, 7, 1
1434, 10, 3, 3, 8, 1
1434, 10, 3, 3, 16, 1
1434, 10, 3, 3, 17, 1
1434, 10, 3, 3, 18, 1
1434, 10, 3, 3, 19, 1
1434, 10, 3, 3, 20, 1
1434, 10, 3, 3, 21, 1
1434, 10, 3, 3, 22, 1
1434, 10, 3, 3, 23, 1
1434, 10, 3, 3, 24, 1
1434, 10, 3, 3, 25, 1
1434, 10, 3, 3, 26, 1
1434, 10, 3, 3, 27, 1
1434, 10, 3, 3, 28, 1
1434, 10, 3, 3, 29, 1
1434, 10, 3, 3, 30, 1
1434, 10, 3, 3, 31, 1
1434, 10, 3, 3, 32, 1
1434, 10, 3, 3, 40, 1
1434, 10, 3, 3, 44, 1
1434, 10, 3, 3, 45, 1
1434, 10, 3, 3, 46, 1
1434, 10, 3, 3, 47, 1
1434, 10, 3, 3, 48, 1
1434, 10, 3, 3, 49, 1
1434, 10, 3, 3, 50, 1
1434, 10, 3, 3, 51, 1
1434, 10, 3, 3, 52, 1
1434, 10, 3, 3, 53, 1
1434, 10, 3, 3, 54, 1
1434, 10, 3, 3, 55, 1
1434, 10, 3, 4, 1, 1
1434, 10, 3, 4, 2, 1
1434, 10, 3, 4, 3, 1
1434, 10, 3, 4, 4, 1
1434, 10, 3, 4, 5, 1
1434, 10, 3, 4, 6, 1
1434, 10, 3, 4, 7, 1
1434, 10, 3, 4, 18, 1
1434, 10, 3, 4, 19, 1
1434, 10, 3, 4, 20, 1
1434, 10, 3, 4, 21, 1
1434, 10, 3, 4, 22, 1
1434, 10, 3, 4, 23, 1
1434, 10, 3, 4, 24, 1
1434, 10, 3, 4, 25, 1
1434, 10, 3, 4, 26, 1
1434, 10, 3, 4, 27, 1
1434, 10, 3, 4, 28, 1
1434, 10, 3, 4, 29, 1
1434, 10, 3, 4, 30, 1
1434, 10, 3, 4, 46, 1
1434, 10, 3, 4, 47, 1
1434, 10, 3, 4, 48, 1
1434, 10, 3, 4, 49, 1
1434, 10, 3, 4, 50, 1
1434, 10, 3, 4, 51, 1
1434, 10, 3, 4, 52, 1
1434, 10, 3, 4, 53, 1
1434, 10, 3, 4, 54, 1
1434, 10, 3, 4, 55, 1
1434, 10, 3, 4, 56, 1
1434, 10, 3, 5, 1, 1
1434, 10, 3, 5, 2, 1
1434, 10, 3, 5, 3, 1
1434, 10, 3, 5, 4, 1
1434, 10, 3, 5, 5, 1
1434, 10, 3, 5, 20, 1
1434, 10, 3, 5, 21, 1
1434, 10, 3, 5, 22, 1
1434, 10, 3, 5, 23, 1
1434, 10, 3, 5, 24, 1
1434, 10, 3, 5, 25, 1
1434, 10, 3, 5, 26, 1
1434, 10, 3, 5, 27, 1
1434, 10, 3, 5, 28, 1
1434, 10, 3, 5, 48, 1
1434, 10, 3, 5, 49, 1
1434, 10, 3, 5, 50, 1
1434, 10, 3, 5, 51, 1
1434, 10, 3, 5, 52, 1
1434, 10, 3, 5, 53, 1
1434, 10, 3, 5, 54, 1
1434, 10, 3, 5, 55, 1
1434, 10, 3, 5, 56, 1
1434, 10, 3, 5, 57, 1
1434, 10, 3, 5, 58, 1
1434, 10, 3, 6, 1, 1
1434, 10, 3, 6, 2, 1
1434, 10, 3, 6, 3, 1
1434, 10, 3, 6, 22, 1
1434, 10, 3, 6, 23, 1
1434, 10, 3, 6, 24, 1
1434, 10, 3, 6, 25, 1
1434, 10, 3, 6, 26, 1
1434, 10, 3, 6, 27, 1
1434, 10, 3, 6, 49, 1
1434, 10, 3, 6, 50, 1
1434, 10, 3, 6, 51, 1
1434, 10, 3, 6, 52, 1
1434, 10, 3, 6, 53, 1
1434, 10, 3, 6, 54, 1
1434, 10, 3, 6, 55, 1
1434, 10, 3, 6, 56, 1
1434, 10, 3, 6, 57, 1
1434, 10, 3, 6, 58, 1
1434, 10, 3, 6, 59, 1
1434, 10, 3, 6, 60, 1
1434, 10, 3, 7, 1, 1
1434, 10, 3, 7, 24, 1
1434, 10, 3, 7, 25, 1
1434, 10, 3, 7, 26, 1
1434, 10, 3, 7, 50, 1
1434, 10, 3, 7, 51, 1
1434, 10, 3, 7, 52, 1
1434, 10, 3, 7, 53, 1
1434, 10, 3, 7, 54, 1
1434, 10, 3, 7, 55, 1
1434, 10, 3, 7, 56, 1
1434, 10, 3, 7, 57, 1
1434, 10, 3, 7, 58, 1
1434, 10, 3, 7, 59, 1
1434, 10, 3, 7, 60, 1
1434, 10, 3, 7, 61, 1
1434, 10, 3, 7, 62, 1
1434, 10, 3, 8, 25, 1
1434, 10, 3, 8, 26, 1
1434, 10, 3, 8, 50, 1
1434, 10, 3, 8, 51, 1
1434, 10, 3, 8, 52, 1
1434, 10, 3, 8, 53, 1
1434, 10, 3, 8, 54, 1
1434, 10, 3, 8, 55, 1
1434, 10, 3, 8, 56, 1
1434, 10, 3, 8, 57, 1
1434, 10, 3, 8, 58, 1
1434, 10, 3, 8, 59, 1
1434, 10, 3, 8, 60, 1
1434, 10, 3, 8, 61, 1
1434, 10, 3, 8, 62, 1
1434, 10, 3, 8, 63, 1
1434, 10, 3, 9, 52, 1
1434, 10, 3, 9, 53, 1
1434, 10, 3, 9, 54, 1
1434, 10, 3, 9, 55, 1
1434, 10, 3, 9, 56, 1
1434, 10, 3, 9, 57, 1
1434, 10, 3, 9, 58, 1
1434, 10, 3, 9, 59, 1
1434, 10, 3, 9, 60, 1
1434, 10, 3, 9, 61, 1
1434, 10, 3, 9, 62, 1
1434, 10, 3, 9, 63, 1
1434, 10, 3, 10, 53, 1
1434, 10, 3, 10, 54, 1
1434, 10, 3, 10, 55, 1
1434, 10, 3, 10, 56, 1
1434, 10, 3, 10, 57, 1
1434, 10, 3, 10, 58, 1
1434, 10, 3, 10, 59, 1
1434, 10, 3, 10, 60, 1
1434, 10, 3, 10, 61, 1
1434, 10, 3, 10, 62, 1
1434, 10, 3, 10, 63, 1
1434, 10, 1, 11, 34, 1
1434, 10, 3, 11, 54, 1
1434, 10, 3, 11, 55, 1
1434, 10, 3, 11, 56, 1
1434, 10, 3, 11, 57, 1
1434, 10, 3, 11, 58, 1
1434, 10, 3, 11, 59, 1
1434, 10, 3, 11, 60, 1
1434, 10, 3, 11, 61, 1
1434, 10, 3, 11, 62, 1
1434, 10, 3, 11, 63, 1
1434, 10, 3, 12, 1, 1
1434, 10, 3, 12, 57, 1
1434, 10, 3, 12, 58, 1
1434, 10, 3, 12, 59, 1
1434, 10, 3, 12, 60, 1
1434, 10, 3, 12, 61, 1
1434, 10, 3, 12, 62, 1
1434, 10, 3, 12, 63, 1
1434, 10, 3, 13, 1, 1
1434, 10, 3, 13, 59, 1
1434, 10, 3, 13, 60, 1
1434, 10, 3, 13, 61, 1
1434, 10, 3, 13, 62, 1
1434, 10, 3, 13, 63, 1
1434, 10, 3, 14, 1, 1
1434, 10, 3, 14, 2, 1
1434, 10, 3, 14, 61, 1
1434, 10, 3, 14, 62, 1
1434, 10, 3, 14, 63, 1
1434, 10, 3, 15, 1, 1
1434, 10, 3, 15, 62, 1
1434, 10, 3, 15, 63, 1
1434, 10, 3, 16, 1, 1
1434, 10, 3, 16, 45, 1
1434, 10, 3, 16, 62, 1
1434, 10, 3, 16, 63, 1
1434, 10, 3, 17, 1, 1
1434, 10, 3, 17, 43, 1
1434, 10, 3, 17, 44, 1
1434, 10, 3, 17, 45, 1
1434, 10, 3, 17, 46, 1
1434, 10, 3, 17, 47, 1
1434, 10, 3, 17, 62, 1
1434, 10, 3, 17, 63, 1
1434, 10, 0, 18, 15, 1
1434, 10, 0, 18, 16, 1
1434, 10, 3, 18, 41, 1
1434, 10, 3, 18, 42, 1
1434, 10, 3, 18, 43, 1
1434, 10, 3, 18, 44, 1
1434, 10, 3, 18, 45, 1
1434, 10, 3, 18, 46, 1
1434, 10, 3, 18, 47, 1
1434, 10, 3, 18, 48, 1
1434, 10, 3, 18, 49, 1
1434, 10, 3, 18, 61, 1
1434, 10, 3, 18, 62, 1
1434, 10, 3, 18, 63, 1
1434, 10, 0, 19, 13, 1
1434, 10, 0, 19, 14, 1
1434, 10, 0, 19, 15, 1
1434, 10, 0, 19, 16, 1
1434, 10, 0, 19, 17, 1
1434, 10, 0, 19, 18, 1
1434, 10, 3, 19, 41, 1
1434, 10, 3, 19, 42, 1
1434, 10, 3, 19, 43, 1
1434, 10, 3, 19, 44, 1
1434, 10, 3, 19, 45, 1
1434, 10, 3, 19, 46, 1
1434, 10, 3, 19, 47, 1
1434, 10, 3, 19, 48, 1
1434, 10, 3, 19, 49, 1
1434, 10, 3, 19, 50, 1
1434, 10, 3, 19, 61, 1
1434, 10, 3, 19, 62, 1
1434, 10, 3, 19, 63, 1
1434, 10, 0, 20, 13, 1
1434, 10, 0, 20, 14, 1
1434, 10, 0, 20, 15, 1
1434, 10, 0, 20, 16, 1
1434, 10, 0, 20, 17, 1
1434, 10, 0, 20, 18, 1
1434, 10, 0, 20, 19, 1
1434, 10, 3, 20, 40, 1
1434, 10, 3, 20, 41, 1
1434, 10, 3, 20, 42, 1
1434, 10, 3, 20, 43, 1
1434, 10, 3, 20, 44, 1
1434, 10, 3, 20, 45, 1
1434, 10, 3, 20, 46, 1
1434, 10, 3, 20, 47, 1
1434, 10, 3, 20, 48, 1
1434, 10, 3, 20, 49, 1
1434, 10, 3, 20, 50, 1
1434, 10, 3, 20, 51, 1
1434, 10, 3, 20, 62, 1
1434, 10, 3, 20, 63, 1
1434, 10, 0, 21, 13, 1
1434, 10, 0, 21, 14, 1
1434, 10, 0, 21, 15, 1
1434, 10, 0, 21, 16, 1
1434, 10, 0, 21, 17, 1
1434, 10, 0, 21, 18, 1
1434, 10, 0, 21, 19, 1
1434, 10, 0, 21, 20, 1
1434, 10, 0, 21, 21, 1
1434, 10, 3, 21, 38, 1
1434, 10, 3, 21, 39, 1
1434, 10, 3, 21, 40, 1
1434, 10, 3, 21, 41, 1
1434, 10, 3, 21, 42, 1
1434, 10, 3, 21, 43, 1
1434, 10, 3, 21, 44, 1
1434, 10, 3, 21, 45, 1
1434, 10, 3, 21, 46, 1
1434, 10, 3, 21, 47, 1
1434, 10, 3, 21, 48, 1
1434, 10, 3, 21, 49, 1
1434, 10, 3, 21, 50, 1
1434, 10, 3, 21, 51, 1
1434, 10, 3, 21, 52, 1
1434, 10, 3, 21, 53, 1
1434, 10, 3, 21, 62, 1
1434, 10, 3, 21, 63, 1
1434, 10, 0, 22, 13, 1
1434, 10, 0, 22, 14, 1
1434, 10, 0, 22, 15, 1
1434, 10, 0, 22, 16, 1
1434, 10, 0, 22, 17, 1
1434, 10, 0, 22, 18, 1
1434, 10, 0, 22, 19, 1
1434, 10, 0, 22, 20, 1
1434, 10, 0, 22, 21, 1
1434, 10, 0, 22, 22, 1
1434, 10, 0, 22, 23, 1
1434, 10, 3, 22, 38, 1
1434, 10, 3, 22, 39, 1
1434, 10, 3, 22, 40, 1
1434, 10, 3, 22, 41, 1
1434, 10, 3, 22, 42, 1
1434, 10, 3, 22, 43, 1
1434, 10, 3, 22, 44, 1
1434, 10, 3, 22, 45, 1
1434, 10, 3, 22, 46, 1
1434, 10, 3, 22, 47, 1
1434, 10, 3, 22, 48, 1
1434, 10, 3, 22, 49, 1
1434, 10, 3, 22, 50, 1
1434, 10, 3, 22, 51, 1
1434, 10, 3, 22, 52, 1
1434, 10, 3, 22, 53, 1
1434, 10, 3, 22, 54, 1
1434, 10, 3, 22, 55, 1
1434, 10, 3, 22, 62, 1
1434, 10, 3, 22, 63, 1
1434, 10, 3, 23, 1, 1
1434, 10, 0, 23, 13, 1
1434, 10, 0, 23, 14, 1
1434, 10, 0, 23, 15, 1
1434, 10, 0, 23, 16, 1
1434, 10, 0, 23, 17, 1
1434, 10, 0, 23, 18, 1
1434, 10, 0, 23, 19, 1
1434, 10, 0, 23, 20, 1
1434, 10, 0, 23, 21, 1
1434, 10, 0, 23, 22, 1
1434, 10, 0, 23, 23, 1
1434, 10, 0, 23, 24, 1
1434, 10, 0, 23, 25, 1
1434, 10, 3, 23, 37, 1
1434, 10, 3, 23, 38, 1
1434, 10, 3, 23, 39, 1
1434, 10, 3, 23, 40, 1
1434, 10, 3, 23, 41, 1
1434, 10, 3, 23, 42, 1
1434, 10, 3, 23, 43, 1
1434, 10, 3, 23, 44, 1
1434, 10, 3, 23, 45, 1
1434, 10, 3, 23, 46, 1
1434, 10, 3, 23, 47, 1
1434, 10, 3, 23, 48, 1
1434, 10, 3, 23, 49, 1
1434, 10, 3, 23, 50, 1
1434, 10, 3, 23, 51, 1
1434, 10, 3, 23, 52, 1
1434, 10, 3, 23, 53, 1
1434, 10, 3, 23, 54, 1
1434, 10, 3, 23, 55, 1
1434, 10, 3, 23, 56, 1
1434, 10, 3, 23, 61, 1
1434, 10, 3, 23, 62, 1
1434, 10, 3, 23, 63, 1
1434, 10, 3, 24, 1, 1
1434, 10, 0, 24, 14, 1
1434, 10, 0, 24, 15, 1
1434, 10, 0, 24, 16, 1
1434, 10, 0, 24, 17, 1
1434, 10, 0, 24, 18, 1
1434, 10, 0, 24, 19, 1
1434, 10, 0, 24, 20, 1
1434, 10, 0, 24, 21, 1
1434, 10, 0, 24, 22, 1
1434, 10, 0, 24, 23, 1
1434, 10, 0, 24, 24, 1
1434, 10, 0, 24, 25, 1
1434, 10, 0, 24, 26, 1
1434, 10, 0, 24, 27, 1
1434, 10, 3, 24, 35, 1
1434, 10, 3, 24, 36, 1
1434, 10, 3, 24, 37, 1
1434, 10, 3, 24, 38, 1
1434, 10, 3, 24, 39, 1
1434, 10, 3, 24, 40, 1
1434, 10, 3, 24, 41, 1
1434, 10, 3, 24, 42, 1
1434, 10, 3, 24, 43, 1
1434, 10, 3, 24, 44, 1
1434, 10, 3, 24, 45, 1
1434, 10, 3, 24, 46, 1
1434, 10, 3, 24, 47, 1
1434, 10, 3, 24, 48, 1
1434, 10, 3, 24, 49, 1
1434, 10, 3, 24, 50, 1
1434, 10, 3, 24, 51, 1
1434, 10, 3, 24, 52, 1
1434, 10, 3, 24, 53, 1
1434, 10, 3, 24, 54, 1
1434, 10, 3, 24, 55, 1
1434, 10, 3, 24, 56, 1
1434, 10, 3, 24, 57, 1
1434, 10, 3, 24, 58, 1
1434, 10, 3, 24, 59, 1
1434, 10, 3, 24, 60, 1
1434, 10, 3, 24, 61, 1
1434, 10, 3, 24, 62, 1
1434, 10, 3, 24, 63, 1
1434, 10, 3, 25, 1, 1
1434, 10, 0, 25, 14, 1
1434, 10, 0, 25, 15, 1
1434, 10, 0, 25, 16, 1
1434, 10, 0, 25, 17, 1
1434, 10, 0, 25, 18, 1
1434, 10, 0, 25, 19, 1
1434, 10, 0, 25, 20, 1
1434, 10, 0, 25, 21, 1
1434, 10, 0, 25, 22, 1
1434, 10, 0, 25, 23, 1
1434, 10, 0, 25, 24, 1
1434, 10, 0, 25, 25, 1
1434, 10, 0, 25, 26, 1
1434, 10, 0, 25, 27, 1
1434, 10, 0, 25, 28, 1
1434, 10, 0, 25, 29, 1
1434, 10, 0, 25, 33, 1
1434, 10, 3, 25, 34, 1
1434, 10, 3, 25, 35, 1
1434, 10, 3, 25, 36, 1
1434, 10, 3, 25, 37, 1
1434, 10, 3, 25, 38, 1
1434, 10, 3, 25, 39, 1
1434, 10, 3, 25, 40, 1
1434, 10, 3, 25, 41, 1
1434, 10, 3, 25, 42, 1
1434, 10, 3, 25, 49, 1
1434, 10, 3, 25, 50, 1
1434, 10, 3, 25, 51, 1
1434, 10, 3, 25, 52, 1
1434, 10, 3, 25, 53, 1
1434, 10, 3, 25, 54, 1
1434, 10, 3, 25, 55, 1
1434, 10, 3, 25, 56, 1
1434, 10, 3, 25, 57, 1
1434, 10, 3, 25, 58, 1
1434, 10, 3, 25, 59, 1
1434, 10, 3, 25, 60, 1
1434, 10, 3, 25, 61, 1
1434, 10, 3, 25, 62, 1
1434, 10, 3, 25, 63, 1
1434, 10, 3, 26, 1, 1
1434, 10, 3, 26, 2, 1
1434, 10, 0, 26, 14, 1
1434, 10, 0, 26, 15, 1
1434, 10, 0, 26, 16, 1
1434, 10, 0, 26, 17, 1
1434, 10, 0, 26, 18, 1
1434, 10, 0, 26, 19, 1
1434, 10, 0, 26, 20, 1
1434, 10, 0, 26, 21, 1
1434, 10, 0, 26, 22, 1
1434, 10, 0, 26, 23, 1
1434, 10, 0, 26, 24, 1
1434, 10, 0, 26, 25, 1
1434, 10, 0, 26, 26, 1
1434, 10, 0, 26, 27, 1
1434, 10, 0, 26, 28, 1
1434, 10, 0, 26, 29, 1
1434, 10, 0, 26, 30, 1
1434, 10, 0, 26, 31, 1
1434, 10, 0, 26, 32, 1
1434, 10, 0, 26, 33, 1
1434, 10, 3, 26, 34, 1
1434, 10, 3, 26, 35, 1
1434, 10, 3, 26, 36, 1
1434, 10, 3, 26, 37, 1
1434, 10, 3, 26, 38, 1
1434, 10, 3, 26, 39, 1
1434, 10, 2, 26, 50, 1
1434, 10, 3, 26, 51, 1
1434, 10, 3, 26, 52, 1
1434, 10, 3, 26, 53, 1
1434, 10, 3, 26, 54, 1
1434, 10, 3, 26, 55, 1
1434, 10, 3, 26, 56, 1
1434, 10, 3, 26, 57, 1
1434, 10, 3, 26, 58, 1
1434, 10, 3, 26, 59, 1
1434, 10, 3, 26, 60, 1
1434, 10, 3, 26, 61, 1
1434, 10, 3, 26, 62, 1
1434, 10, 3, 26, 63, 1
1434, 10, 3, 27, 1, 1
1434, 10, 3, 27, 2, 1
1434, 10, 0, 27, 14, 1
1434, 10, 0, 27, 15, 1
1434, 10, 0, 27, 16, 1
1434, 10, 0, 27, 17, 1
1434, 10, 0, 27, 18, 1
1434, 10, 0, 27, 19, 1
1434, 10, 0, 27, 20, 1
1434, 10, 0, 27, 21, 1
1434, 10, 0, 27, 22, 1
1434, 10, 0, 27, 23, 1
1434, 10, 0, 27, 24, 1
1434, 10, 0, 27, 25, 1
1434, 10, 0, 27, 26, 1
1434, 10, 0, 27, 27, 1
1434, 10, 0, 27, 28, 1
1434, 10, 0, 27, 29, 1
1434, 10, 0, 27, 30, 1
1434, 10, 0, 27, 31, 1
1434, 10, 0, 27, 32, 1
1434, 10, 0, 27, 33, 1
1434, 10, 3, 27, 34, 1
1434, 10, 3, 27, 35, 1
1434, 10, 3, 27, 36, 1
1434, 10, 3, 27, 37, 1
1434, 10, 3, 27, 51, 1
1434, 10, 3, 27, 52, 1
1434, 10, 3, 27, 53, 1
1434, 10, 3, 27, 54, 1
1434, 10, 3, 27, 55, 1
1434, 10, 3, 27, 56, 1
1434, 10, 3, 27, 57, 1
1434, 10, 3, 27, 58, 1
1434, 10, 3, 27, 59, 1
1434, 10, 3, 27, 60, 1
1434, 10, 3, 27, 61, 1
1434, 10, 3, 27, 62, 1
1434, 10, 3, 28, 1, 1
1434, 10, 0, 28, 13, 1
1434, 10, 0, 28, 14, 1
1434, 10, 0, 28, 15, 1
1434, 10, 0, 28, 16, 1
1434, 10, 0, 28, 17, 1
1434, 10, 0, 28, 18, 1
1434, 10, 0, 28, 19, 1
1434, 10, 0, 28, 20, 1
1434, 10, 0, 28, 21, 1
1434, 10, 3, 29, 1, 1
1434, 10, 0, 29, 13, 1
1434, 10, 0, 29, 14, 1
1434, 10, 0, 29, 15, 1
1434, 10, 0, 29, 16, 1
1434, 10, 0, 29, 17, 1
1434, 10, 0, 29, 18, 1
1434, 10, 0, 29, 19, 1
1434, 10, 0, 29, 20, 1
1434, 10, 0, 29, 21, 1
1434, 10, 3, 30, 1, 1
1434, 10, 0, 30, 13, 1
1434, 10, 0, 30, 14, 1
1434, 10, 0, 30, 15, 1
1434, 10, 0, 30, 16, 1
1434, 10, 0, 30, 17, 1
1434, 10, 0, 30, 18, 1
1434, 10, 0, 30, 19, 1
1434, 10, 0, 30, 20, 1
1434, 10, 0, 30, 21, 1
1434, 10, 3, 31, 1, 1
1434, 10, 0, 31, 14, 1
1434, 10, 0, 31, 15, 1
1434, 10, 0, 31, 16, 1
1434, 10, 0, 31, 17, 1
1434, 10, 0, 31, 18, 1
1434, 10, 0, 31, 19, 1
1434, 10, 0, 31, 20, 1
1434, 10, 0, 31, 21, 1
1434, 10, 0, 32, 14, 1
1434, 10, 0, 32, 15, 1
1434, 10, 0, 32, 16, 1
1434, 10, 0, 32, 17, 1
1434, 10, 0, 32, 18, 1
1434, 10, 0, 32, 19, 1
1434, 10, 0, 32, 20, 1
1434, 10, 0, 32, 21, 1
1434, 10, 0, 33, 14, 1
1434, 10, 0, 33, 15, 1
1434, 10, 0, 33, 16, 1
1434, 10, 0, 33, 17, 1
1434, 10, 0, 33, 18, 1
1434, 10, 0, 33, 19, 1
1434, 10, 0, 33, 20, 1
1434, 10, 0, 33, 21, 1
1434, 10, 0, 34, 14, 1
1434, 10, 0, 34, 15, 1
1434, 10, 0, 34, 16, 1
1434, 10, 0, 34, 17, 1
1434, 10, 0, 34, 18, 1
1434, 10, 0, 34, 19, 1
1434, 10, 0, 34, 20, 1
1434, 10, 0, 34, 21, 1
1434, 10, 0, 35, 13, 1
1434, 10, 0, 35, 14, 1
1434, 10, 0, 35, 15, 1
1434, 10, 0, 35, 16, 1
1434, 10, 0, 35, 17, 1
1434, 10, 0, 35, 18, 1
1434, 10, 0, 35, 19, 1
1434, 10, 0, 35, 20, 1
1434, 10, 0, 35, 21, 1
1434, 10, 0, 36, 13, 1
1434, 10, 0, 36, 14, 1
1434, 10, 0, 36, 15, 1
1434, 10, 0, 36, 16, 1
1434, 10, 0, 36, 17, 1
1434, 10, 0, 36, 18, 1
1434, 10, 0, 36, 19, 1
1434, 10, 0, 36, 20, 1
1434, 10, 0, 36, 21, 1
1434, 10, 0, 37, 13, 1
1434, 10, 0, 37, 14, 1
1434, 10, 0, 37, 15, 1
1434, 10, 0, 37, 16, 1
1434, 10, 0, 37, 17, 1
1434, 10, 0, 37, 18, 1
1434, 10, 0, 37, 19, 1
1434, 10, 0, 37, 20, 1
1434, 10, 0, 37, 21, 1
1434, 10, 0, 38, 12, 1
1434, 10, 0, 38, 13, 1
1434, 10, 0, 38, 14, 1
1434, 10, 0, 38, 15, 1
1434, 10, 0, 38, 16, 1
1434, 10, 0, 38, 17, 1
1434, 10, 0, 38, 18, 1
1434, 10, 0, 38, 19, 1
1434, 10, 0, 38, 20, 1
1434, 10, 0, 38, 21, 1
1434, 10, 3, 39, 1, 1
1434, 10, 0, 39, 12, 1
1434, 10, 0, 39, 13, 1
1434, 10, 0, 39, 14, 1
1434, 10, 0, 39, 15, 1
1434, 10, 0, 39, 16, 1
1434, 10, 0, 39, 17, 1
1434, 10, 0, 39, 18, 1
1434, 10, 0, 39, 19, 1
1434, 10, 0, 39, 20, 1
1434, 10, 0, 39, 21, 1
1434, 10, 0, 40, 12, 1
1434, 10, 0, 40, 13, 1
1434, 10, 0, 40, 14, 1
1434, 10, 0, 40, 15, 1
1434, 10, 0, 40, 16, 1
1434, 10, 0, 40, 17, 1
1434, 10, 0, 40, 18, 1
1434, 10, 0, 40, 19, 1
1434, 10, 0, 40, 20, 1
1434, 10, 0, 40, 21, 1
1434, 10, 0, 41, 13, 1
1434, 10, 0, 41, 14, 1
1434, 10, 0, 41, 15, 1
1434, 10, 0, 41, 16, 1
1434, 10, 0, 41, 17, 1
1434, 10, 0, 41, 18, 1
1434, 10, 0, 41, 19, 1
1434, 10, 0, 41, 20, 1
1434, 10, 1, 41, 21, 1
1434, 10, 0, 42, 13, 1
1434, 10, 0, 42, 14, 1
1434, 10, 0, 42, 15, 1
1434, 10, 0, 42, 16, 1
1434, 10, 0, 42, 17, 1
1434, 10, 0, 42, 18, 1
1434, 10, 0, 42, 19, 1
1434, 10, 0, 42, 20, 1
1434, 10, 0, 42, 21, 1
1434, 10, 0, 43, 13, 1
1434, 10, 0, 43, 14, 1
1434, 10, 0, 43, 15, 1
1434, 10, 0, 43, 16, 1
1434, 10, 0, 43, 17, 1
1434, 10, 0, 43, 18, 1
1434, 10, 0, 43, 19, 1
1434, 10, 0, 43, 20, 1
1434, 10, 0, 43, 21, 1
1434, 10, 0, 44, 14, 1
1434, 10, 0, 44, 15, 1
1434, 10, 0, 44, 16, 1
1434, 10, 0, 44, 17, 1
1434, 10, 0, 44, 18, 1
1434, 10, 0, 44, 19, 1
1434, 10, 0, 44, 20, 1
1434, 10, 0, 44, 21, 1
1434, 10, 0, 45, 15, 1
1434, 10, 0, 45, 16, 1
1434, 10, 0, 45, 17, 1
1434, 10, 0, 45, 18, 1
1434, 10, 0, 45, 19, 1
1434, 10, 0, 45, 20, 1
1434, 10, 3, 49, 1, 1
1434, 10, 3, 56, 1, 1
1434, 10, 3, 57, 1, 1
1434, 10, 3, 57, 2, 1
1434, 10, 3, 57, 11, 1
1434, 10, 3, 57, 12, 1
1434, 10, 3, 57, 13, 1
1434, 10, 3, 58, 1, 1
1434, 10, 3, 58, 2, 1
1434, 10, 3, 58, 3, 1
1434, 10, 3, 58, 11, 1
1434, 10, 3, 58, 12, 1
1434, 10, 3, 58, 13, 1
1434, 10, 3, 59, 1, 1
1434, 10, 3, 59, 2, 1
1434, 10, 3, 59, 3, 1
1434, 10, 3, 59, 10, 1
1434, 10, 3, 59, 11, 1
1434, 10, 3, 59, 12, 1
1434, 10, 3, 59, 13, 1
1434, 10, 3, 60, 1, 1
1434, 10, 3, 60, 2, 1
1434, 10, 3, 60, 3, 1
1434, 10, 3, 60, 4, 1
1434, 10, 3, 60, 10, 1
1434, 10, 3, 60, 11, 1
1434, 10, 3, 60, 12, 1
1434, 10, 3, 60, 13, 1
1434, 10, 3, 61, 1, 1
1434, 10, 3, 61, 2, 1
1434, 10, 3, 61, 3, 1
1434, 10, 3, 61, 4, 1
1434, 10, 3, 61, 10, 1
1434, 10, 3, 61, 11, 1
1434, 10, 3, 61, 12, 1
1434, 10, 3, 61, 13, 1
1434, 10, 3, 62, 1, 1
1434, 10, 3, 62, 2, 1
1434, 10, 3, 62, 3, 1
1434, 10, 3, 62, 4, 1
1434, 10, 3, 62, 10, 1
1434, 10, 3, 62, 11, 1
1434, 10, 3, 62, 12, 1
1434, 10, 0, 62, 13, 1
1434, 10, 0, 11, 34, 2
1434, 10, 1, 47, 14, 2
1434, 10, 1, 47, 15, 2
1434, 10, 1, 47, 16, 2
1434, 10, 1, 47, 17, 2
1434, 10, 1, 47, 18, 2
1434, 10, 0, 47, 19, 2
1434, 10, 0, 47, 20, 2
1434, 10, 0, 47, 21, 2
1434, 10, 1, 48, 14, 2
1434, 10, 1, 48, 15, 2
1434, 10, 1, 48, 16, 2
1434, 10, 1, 48, 17, 2
1434, 10, 1, 48, 18, 2
1434, 10, 0, 48, 19, 2
1434, 10, 0, 48, 20, 2
1434, 10, 0, 48, 21, 2
1434, 10, 1, 49, 13, 2
1434, 10, 1, 49, 14, 2
1434, 10, 1, 49, 15, 2
1434, 10, 1, 49, 16, 2
1434, 10, 1, 49, 17, 2
1434, 10, 1, 49, 18, 2
1434, 10, 0, 49, 19, 2
1434, 10, 0, 49, 20, 2
1434, 10, 0, 49, 21, 2
1434, 10, 1, 50, 13, 2
1434, 10, 1, 50, 14, 2
1434, 10, 1, 50, 15, 2
1434, 10, 1, 50, 16, 2
1434, 10, 1, 50, 17, 2
1434, 10, 1, 50, 18, 2
1434, 10, 0, 50, 19, 2
1434, 10, 0, 50, 20, 2
1434, 10, 0, 50, 21, 2
1434, 10, 1, 51, 13, 2
1434, 10, 1, 51, 14, 2
1434, 10, 1, 51, 15, 2
1434, 10, 1, 51, 16, 2
1434, 10, 1, 51, 17, 2
1434, 10, 1, 51, 18, 2
1434, 10, 0, 51, 19, 2
1434, 10, 0, 51, 20, 2
1434, 10, 0, 51, 21, 2
1434, 10, 1, 52, 14, 2
1434, 10, 1, 52, 15, 2
1434, 10, 1, 52, 16, 2
1434, 10, 1, 52, 17, 2
1434, 10, 1, 52, 18, 2
1434, 10, 0, 52, 19, 2
1434, 10, 0, 52, 20, 2
1434, 10, 0, 52, 21, 2
1434, 10, 1, 53, 14, 2
1434, 10, 1, 53, 15, 2
1434, 10, 1, 53, 16, 2
1434, 10, 1, 53, 17, 2
1434, 10, 1, 53, 18, 2
1434, 10, 0, 53, 19, 2
1434, 10, 0, 53, 20, 2
1434, 10, 0, 53, 21, 2
1434, 10, 1, 54, 14, 2
1434, 10, 1, 54, 15, 2
1434, 10, 1, 54, 16, 2
1434, 10, 1, 54, 17, 2
1434, 10, 1, 54, 18, 2
1434, 10, 0, 54, 19, 2
1434, 10, 0, 54, 20, 2
1434, 10, 0, 54, 21, 2
1434, 10, 3, 55, 14, 2
1434, 10, 1, 55, 15, 2
1434, 10, 1, 55, 16, 2
1434, 10, 1, 55, 17, 2
1434, 10, 1, 55, 18, 2
1434, 10, 0, 55, 19, 2
1434, 10, 0, 55, 20, 2
1434, 10, 0, 55, 21, 2
1434, 10, 3, 56, 14, 2
1434, 10, 1, 56, 15, 2
1434, 10, 1, 56, 16, 2
1434, 10, 1, 56, 17, 2
1434, 10, 1, 56, 18, 2
1434, 10, 0, 56, 19, 2
1434, 10, 0, 56, 20, 2
1434, 10, 0, 56, 21, 2
1434, 10, 3, 57, 14, 2
1434, 10, 3, 57, 15, 2
1434, 10, 1, 57, 16, 2
1434, 10, 1, 57, 17, 2
1434, 10, 1, 57, 18, 2
1434, 10, 0, 57, 19, 2
1434, 10, 0, 57, 20, 2
1434, 10, 0, 57, 21, 2
1434, 10, 3, 58, 14, 2
1434, 10, 3, 58, 15, 2
1434, 10, 1, 58, 16, 2
1434, 10, 1, 58, 17, 2
1434, 10, 1, 58, 18, 2
1434, 10, 0, 58, 19, 2
1434, 10, 0, 58, 20, 2
1434, 10, 0, 58, 21, 2
1434, 10, 3, 59, 14, 2
1434, 10, 3, 59, 15, 2
1434, 10, 1, 59, 16, 2
1434, 10, 1, 59, 17, 2
1434, 10, 1, 59, 18, 2
1434, 10, 0, 59, 19, 2
1434, 10, 0, 59, 20, 2
1434, 10, 0, 59, 21, 2
1434, 10, 3, 60, 14, 2
1434, 10, 3, 60, 15, 2
1434, 10, 1, 60, 16, 2
1434, 10, 1, 60, 17, 2
1434, 10, 1, 60, 18, 2
1434, 10, 0, 60, 19, 2
1434, 10, 0, 60, 20, 2
1434, 10, 0, 60, 21, 2
1434, 10, 3, 61, 14, 2
1434, 10, 1, 61, 15, 2
1434, 10, 1, 61, 16, 2
1434, 10, 1, 61, 17, 2
1434, 10, 1, 61, 18, 2
1434, 10, 0, 61, 19, 2
1434, 10, 0, 61, 20, 2
1434, 10, 0, 61, 21, 2
1434, 10, 3, 62, 14, 2
1434, 10, 1, 62, 15, 2
1434, 10, 1, 62, 16, 2
1434, 10, 1, 62, 17, 2
1434, 10, 1, 62, 18, 2
1434, 10, 0, 62, 19, 2
1434, 10, 0, 62, 20, 2
1434, 10, 0, 62, 21, 2
1436, 10, 2, 2, 34, 0
1436, 10, 3, 2, 38, 0
1436, 10, 2, 3, 8, 0
1436, 10, 3, 3, 16, 0
1436, 10, 2, 3, 32, 0
1436, 10, 3, 3, 44, 0
1436, 10, 2, 4, 7, 0
1436, 10, 3, 4, 18, 0
1436, 10, 2, 4, 30, 0
1436, 10, 3, 4, 46, 0
1436, 10, 2, 5, 5, 0
1436, 10, 3, 5, 20, 0
1436, 10, 2, 5, 28, 0
1436, 10, 3, 5, 48, 0
1436, 10, 3, 6, 1, 0
1436, 10, 2, 6, 3, 0
1436, 10, 3, 6, 22, 0
1436, 10, 2, 6, 27, 0
1436, 10, 3, 6, 49, 0
1436, 10, 3, 7, 24, 0
1436, 10, 2, 7, 26, 0
1436, 10, 3, 8, 50, 0
1436, 10, 3, 9, 52, 0
1436, 10, 3, 10, 53, 0
1436, 10, 3, 11, 54, 0
1436, 10, 3, 12, 57, 0
1436, 10, 3, 13, 59, 0
1436, 10, 3, 14, 61, 0
1436, 10, 0, 17, 43, 0
1436, 10, 1, 17, 47, 0
1436, 10, 0, 18, 41, 0
1436, 10, 1, 18, 49, 0
1436, 10, 0, 19, 13, 0
1436, 10, 1, 19, 18, 0
1436, 10, 1, 19, 50, 0
1436, 10, 1, 20, 19, 0
1436, 10, 0, 20, 40, 0
1436, 10, 1, 20, 51, 0
1436, 10, 1, 21, 21, 0
1436, 10, 0, 21, 38, 0
1436, 10, 1, 21, 53, 0
1436, 10, 1, 22, 23, 0
1436, 10, 1, 22, 55, 0
1436, 10, 3, 23, 13, 0
1436, 10, 1, 23, 25, 0
1436, 10, 0, 23, 37, 0
1436, 10, 1, 23, 56, 0
1436, 10, 0, 23, 61, 0
1436, 10, 1, 24, 27, 0
1436, 10, 0, 24, 35, 0
1436, 10, 1, 25, 29, 0
1436, 10, 0, 25, 33, 0
1436, 10, 0, 28, 13, 0
1436, 10, 3, 30, 13, 0
1436, 10, 0, 35, 13, 0
1436, 10, 0, 38, 12, 0
1436, 10, 3, 40, 12, 0
1436, 10, 3, 43, 13, 0
1436, 10, 0, 49, 13, 0
1436, 10, 3, 51, 13, 0
1436, 10, 2, 0, 1, 1
1436, 10, 3, 0, 52, 1
1436, 10, 3, 1, 53, 1
1436, 10, 3, 2, 55, 1
1436, 10, 3, 3, 56, 1
1436, 10, 3, 4, 57, 1
1436, 10, 3, 5, 59, 1
1436, 10, 3, 6, 61, 1
1436, 10, 3, 7, 63, 1
1436, 10, 0, 25, 43, 1
1436, 10, 1, 25, 48, 1
1436, 10, 0, 26, 40, 1
1436, 10, 1, 26, 49, 1
1436, 10, 0, 27, 38, 1
1436, 10, 1, 27, 50, 1
1436, 10, 0, 27, 63, 1
1436, 10, 0, 28, 22, 1
1436, 10, 1, 45, 14, 1
1436, 10, 0, 45, 21, 1
1452, 4, 2, 15, 43, 0
1452, 7, 3, 15, 44, 0
1452, 4, 2, 15, 47, 0
1452, 7, 3, 17, 60, 0
1452, 4, 1, 18, 59, 0
1452, 4, 2, 19, 21, 0
1452, 4, 2, 19, 38, 0
1452, 7, 3, 19, 39, 0
1452, 4, 2, 20, 23, 0
1452, 7, 3, 20, 37, 0
1452, 4, 2, 22, 27, 0
1452, 7, 3, 22, 60, 0
1452, 4, 1, 29, 11, 0
1452, 4, 1, 32, 12, 0
1452, 4, 1, 33, 12, 0
1452, 4, 1, 35, 11, 0
1452, 7, 3, 37, 11, 0
1452, 4, 1, 38, 10, 0
1452, 4, 1, 45, 12, 0
1452, 7, 3, 48, 12, 0
1452, 4, 1, 49, 11, 0
1452, 4, 1, 50, 11, 0
1452, 4, 1, 53, 12, 0
1452, 4, 1, 54, 12, 0
1452, 4, 1, 58, 10, 0
1452, 4, 1, 62, 9, 0
1452, 4, 1, 8, 48, 1
1452, 4, 2, 9, 34, 1
1452, 7, 3, 10, 33, 1
1452, 7, 3, 16, 42, 1
1452, 7, 3, 17, 40, 1
1452, 7, 3, 17, 60, 1
1452, 4, 1, 18, 39, 1
1452, 7, 3, 19, 39, 1
1452, 4, 2, 19, 53, 1
1452, 4, 1, 20, 11, 1
1452, 4, 1, 21, 11, 1
1452, 4, 1, 21, 36, 1
1452, 4, 1, 21, 60, 1
1452, 4, 1, 22, 11, 1
1452, 7, 3, 23, 34, 1
1452, 4, 1, 26, 12, 1
1452, 4, 1, 30, 11, 1
1452, 4, 1, 36, 11, 1
1452, 4, 1, 38, 10, 1
1452, 4, 1, 39, 10, 1
1452, 4, 1, 49, 11, 1
1452, 4, 1, 50, 11, 1
1452, 4, 1, 51, 11, 1
1452, 7, 0, 56, 3, 1
1452, 4, 3, 60, 6, 1
1452, 4, 1, 60, 8, 1
1452, 4, 1, 63, 8, 1
1452, 7, 3, 48, 12, 2
1452, 4, 1, 50, 11, 2
1452, 4, 1, 53, 12, 2
1453, 4, 2, 16, 41, 0
1453, 7, 3, 16, 42, 0
1453, 4, 1, 19, 11, 0
1453, 4, 1, 21, 36, 0
1453, 4, 1, 36, 11, 0
1453, 4, 1, 47, 12, 0
1453, 4, 1, 51, 11, 0
1453, 4, 3, 58, 4, 0
1453, 4, 1, 61, 9, 0
1453, 4, 3, 62, 5, 0
1453, 7, 3, 15, 44, 1
1453, 4, 1, 16, 60, 1
1453, 7, 3, 22, 36, 1
1453, 7, 3, 22, 60, 1
1453, 4, 1, 40, 10, 1
1453, 4, 1, 47, 12, 1
1453, 7, 3, 56, 10, 1
1453, 7, 0, 57, 4, 1
1453, 7, 3, 58, 9, 1
1453, 7, 0, 59, 5, 1
1453, 4, 1, 11, 32, 2
1453, 4, 1, 49, 11, 2
1454, 4, 2, 16, 16, 0
1454, 4, 2, 16, 49, 0
1454, 4, 2, 17, 13, 0
1454, 4, 2, 17, 18, 0
1454, 7, 3, 18, 12, 0
1454, 4, 1, 19, 59, 0
1454, 4, 1, 20, 11, 0
1454, 4, 1, 21, 11, 0
1454, 4, 2, 21, 25, 0
1454, 4, 1, 21, 60, 0
1454, 4, 1, 22, 11, 0
1454, 4, 2, 22, 35, 0
1454, 4, 2, 22, 59, 0
1454, 4, 2, 23, 33, 0
1454, 7, 3, 23, 34, 0
1454, 7, 3, 27, 12, 0
1454, 4, 1, 28, 11, 0
1454, 4, 1, 30, 11, 0
1454, 4, 1, 39, 10, 0
1454, 4, 1, 42, 11, 0
1454, 4, 1, 46, 12, 0
1454, 7, 0, 57, 3, 0
1454, 7, 0, 59, 4, 0
1454, 7, 3, 59, 10, 0
1454, 4, 1, 60, 9, 0
1454, 4, 3, 61, 5, 0
1454, 4, 1, 11, 32, 1
1454, 4, 1, 19, 59, 1
1454, 7, 3, 20, 37, 1
1454, 4, 2, 22, 59, 1
1454, 4, 1, 23, 11, 1
1454, 7, 3, 24, 32, 1
1454, 4, 1, 25, 12, 1
1454, 4, 1, 28, 11, 1
1454, 4, 1, 29, 11, 1
1454, 4, 1, 33, 12, 1
1454, 7, 3, 34, 12, 1
1454, 4, 1, 35, 11, 1
1454, 4, 1, 42, 11, 1
1454, 4, 1, 45, 12, 1
1454, 4, 1, 46, 12, 1
1454, 7, 3, 48, 12, 1
1454, 7, 0, 55, 2, 1
1454, 4, 2, 55, 11, 1
1454, 4, 1, 55, 12, 1
1454, 4, 3, 58, 5, 1
1454, 4, 1, 62, 8, 1
1454, 7, 3, 10, 33, 2
1454, 4, 1, 54, 12, 2
1454, 4, 1, 55, 12, 2
1454, 4, 2, 61, 2, 2
1454, 4, 2, 61, 4, 2
1454, 4, 2, 61, 11, 2
1455, 4, 1, 8, 48, 0
1455, 4, 2, 16, 15, 0
1455, 4, 1, 16, 60, 0
1455, 7, 3, 17, 40, 0
1455, 4, 1, 18, 39, 0
1455, 4, 2, 20, 55, 0
1455, 4, 2, 22, 58, 0
1455, 4, 1, 23, 11, 0
1455, 4, 2, 23, 29, 0
1455, 4, 2, 24, 31, 0
1455, 7, 3, 24, 32, 0
1455, 4, 1, 25, 12, 0
1455, 4, 1, 26, 12, 0
1455, 4, 1, 43, 11, 0
1455, 7, 3, 17, 14, 1
1455, 7, 3, 18, 12, 1
1455, 4, 1, 18, 59, 1
1455, 4, 1, 19, 11, 1
1455, 4, 2, 20, 55, 1
1455, 4, 2, 22, 58, 1
1455, 7, 3, 27, 12, 1
1455, 4, 1, 32, 12, 1
1455, 7, 3, 37, 11, 1
1455, 4, 1, 43, 11, 1
1455, 4, 1, 54, 12, 1
1455, 4, 1, 57, 9, 1
1455, 4, 1, 51, 11, 2
2016, 10, 0, 61, 6, 0
2016, 10, 0, 61, 7, 0
2016, 10, 0, 61, 8, 0
2018, 10, 2, 63, 6, 0
2018, 10, 2, 63, 7, 0
2018, 10, 2, 63, 8, 0
2220, 11, 3, 7, 29, 0
2221, 22, 0, 21, 35, 0
2225, 10, 0, 60, 5, 0
2225, 10, 1, 60, 9, 0
2226, 10, 0, 16, 33, 0
2228, 0, 2, 62, 6, 0
2228, 0, 2, 62, 7, 0
2228, 0, 2, 62, 8, 0
2228, 0, 2, 63, 6, 0
2228, 0, 2, 63, 7, 0
2228, 0, 2, 63, 8, 0
2228, 0, 2, 62, 6, 1
2228, 0, 2, 62, 7, 1
2228, 0, 2, 62, 8, 1
2228, 0, 2, 63, 6, 1
2228, 0, 2, 63, 7, 1
2228, 0, 2, 63, 8, 1
2228, 0, 2, 62, 6, 2
2228, 0, 2, 62, 7, 2
2228, 0, 2, 62, 8, 2
2228, 0, 2, 63, 6, 2
2228, 0, 2, 63, 7, 2
2228, 0, 2, 63, 8, 2
