1489, 1, 1, 4, 4, 0
1489, 0, 2, 4, 5, 0
1489, 0, 2, 4, 6, 0
1489, 0, 2, 4, 7, 0
1489, 0, 2, 4, 8, 0
1489, 0, 2, 4, 9, 0
1489, 0, 2, 4, 10, 0
1489, 0, 2, 4, 11, 0
1489, 0, 2, 4, 12, 0
1489, 0, 2, 4, 13, 0
1489, 0, 2, 4, 14, 0
1489, 0, 2, 4, 15, 0
1489, 0, 2, 4, 16, 0
1489, 0, 2, 4, 17, 0
1489, 0, 2, 4, 18, 0
1489, 0, 2, 4, 19, 0
1489, 0, 2, 4, 20, 0
1489, 0, 2, 4, 21, 0
1489, 0, 2, 4, 22, 0
1489, 0, 2, 4, 23, 0
1489, 0, 2, 4, 24, 0
1489, 0, 2, 4, 25, 0
1489, 0, 2, 4, 26, 0
1489, 0, 2, 4, 27, 0
1489, 0, 2, 4, 28, 0
1489, 0, 2, 4, 29, 0
1489, 0, 2, 4, 30, 0
1489, 0, 2, 4, 31, 0
1489, 0, 2, 4, 32, 0
1489, 0, 2, 4, 33, 0
1489, 0, 2, 4, 34, 0
1489, 0, 2, 4, 35, 0
1489, 0, 2, 4, 36, 0
1489, 0, 2, 4, 37, 0
1489, 0, 2, 4, 38, 0
1489, 0, 2, 4, 39, 0
1489, 0, 2, 4, 40, 0
1489, 0, 2, 4, 41, 0
1489, 0, 2, 4, 42, 0
1489, 0, 2, 4, 43, 0
1489, 0, 2, 4, 44, 0
1489, 0, 2, 4, 45, 0
1489, 0, 2, 4, 46, 0
1489, 0, 2, 4, 47, 0
1489, 0, 2, 4, 48, 0
1489, 0, 2, 4, 49, 0
1489, 0, 2, 4, 50, 0
1489, 0, 2, 4, 51, 0
1489, 0, 2, 4, 52, 0
1489, 0, 2, 4, 53, 0
1489, 0, 2, 4, 54, 0
1489, 0, 2, 4, 55, 0
1489, 0, 2, 4, 56, 0
1489, 0, 2, 4, 57, 0
1489, 0, 2, 4, 58, 0
1489, 0, 2, 4, 59, 0
1489, 1, 2, 4, 60, 0
1489, 0, 1, 5, 4, 0
1489, 0, 3, 5, 60, 0
1489, 0, 1, 6, 4, 0
1489, 0, 3, 6, 60, 0
1489, 0, 1, 7, 4, 0
1489, 0, 3, 7, 60, 0
1489, 0, 1, 8, 4, 0
1489, 0, 3, 8, 60, 0
1489, 0, 1, 9, 4, 0
1489, 0, 3, 9, 60, 0
1489, 0, 1, 10, 4, 0
1489, 0, 3, 10, 60, 0
1489, 0, 1, 11, 4, 0
1489, 0, 3, 11, 60, 0
1489, 0, 1, 12, 4, 0
1489, 0, 3, 12, 60, 0
1489, 0, 1, 13, 4, 0
1489, 0, 3, 13, 60, 0
1489, 0, 1, 14, 4, 0
1489, 0, 3, 14, 60, 0
1489, 0, 1, 15, 4, 0
1489, 0, 3, 15, 60, 0
1489, 0, 1, 16, 4, 0
1489, 0, 3, 16, 60, 0
1489, 0, 1, 17, 4, 0
1489, 0, 3, 17, 60, 0
1489, 0, 1, 18, 4, 0
1489, 0, 3, 18, 60, 0
1489, 0, 1, 19, 4, 0
1489, 0, 3, 19, 60, 0
1489, 0, 1, 20, 4, 0
1489, 0, 3, 20, 60, 0
1489, 0, 1, 21, 4, 0
1489, 0, 3, 21, 60, 0
1489, 0, 1, 22, 4, 0
1489, 0, 3, 22, 60, 0
1489, 0, 1, 23, 4, 0
1489, 0, 3, 23, 60, 0
1489, 0, 1, 24, 4, 0
1489, 0, 3, 24, 60, 0
1489, 0, 1, 25, 4, 0
1489, 0, 3, 25, 60, 0
1489, 0, 1, 26, 4, 0
1489, 0, 3, 26, 60, 0
1489, 0, 1, 27, 4, 0
1489, 0, 3, 27, 60, 0
1489, 0, 1, 28, 4, 0
1489, 0, 3, 28, 60, 0
1489, 0, 1, 29, 4, 0
1489, 0, 3, 29, 60, 0
1489, 0, 1, 30, 4, 0
1489, 0, 3, 30, 60, 0
1489, 0, 1, 31, 4, 0
1489, 0, 3, 31, 60, 0
1489, 0, 1, 32, 4, 0
1489, 0, 3, 32, 60, 0
1489, 0, 1, 33, 4, 0
1489, 0, 3, 33, 60, 0
1489, 0, 1, 34, 4, 0
1489, 0, 3, 34, 60, 0
1489, 0, 1, 35, 4, 0
1489, 0, 3, 35, 60, 0
1489, 0, 1, 36, 4, 0
1489, 0, 3, 36, 60, 0
1489, 0, 1, 37, 4, 0
1489, 0, 3, 37, 60, 0
1489, 0, 1, 38, 4, 0
1489, 0, 3, 38, 60, 0
1489, 0, 1, 39, 4, 0
1489, 0, 3, 39, 60, 0
1489, 0, 1, 40, 4, 0
1489, 0, 3, 40, 60, 0
1489, 0, 1, 41, 4, 0
1489, 0, 3, 41, 60, 0
1489, 0, 1, 42, 4, 0
1489, 0, 3, 42, 60, 0
1489, 0, 1, 43, 4, 0
1489, 0, 3, 43, 60, 0
1489, 0, 1, 44, 4, 0
1489, 0, 3, 44, 60, 0
1489, 0, 1, 45, 4, 0
1489, 0, 3, 45, 60, 0
1489, 0, 1, 46, 4, 0
1489, 0, 3, 46, 60, 0
1489, 0, 1, 47, 4, 0
1489, 0, 3, 47, 60, 0
1489, 0, 1, 48, 4, 0
1489, 0, 3, 48, 60, 0
1489, 0, 1, 49, 4, 0
1489, 0, 3, 49, 60, 0
1489, 0, 1, 50, 4, 0
1489, 0, 3, 50, 60, 0
1489, 0, 1, 51, 4, 0
1489, 0, 3, 51, 60, 0
1489, 0, 1, 52, 4, 0
1489, 0, 3, 52, 60, 0
1489, 0, 1, 53, 4, 0
1489, 0, 3, 53, 60, 0
1489, 0, 1, 54, 4, 0
1489, 0, 3, 54, 60, 0
1489, 0, 1, 55, 4, 0
1489, 0, 3, 55, 60, 0
1489, 0, 1, 56, 4, 0
1489, 0, 3, 56, 60, 0
1489, 0, 1, 57, 4, 0
1489, 0, 3, 57, 60, 0
1489, 0, 1, 58, 4, 0
1489, 0, 3, 58, 60, 0
1489, 0, 1, 59, 4, 0
1489, 0, 3, 59, 60, 0
1489, 1, 0, 60, 4, 0
1489, 0, 0, 60, 5, 0
1489, 0, 0, 60, 6, 0
1489, 0, 0, 60, 7, 0
1489, 0, 0, 60, 8, 0
1489, 0, 0, 60, 9, 0
1489, 0, 0, 60, 10, 0
1489, 0, 0, 60, 11, 0
1489, 0, 0, 60, 12, 0
1489, 0, 0, 60, 13, 0
1489, 0, 0, 60, 14, 0
1489, 0, 0, 60, 15, 0
1489, 0, 0, 60, 16, 0
1489, 0, 0, 60, 17, 0
1489, 0, 0, 60, 18, 0
1489, 0, 0, 60, 19, 0
1489, 0, 0, 60, 20, 0
1489, 0, 0, 60, 21, 0
1489, 0, 0, 60, 22, 0
1489, 0, 0, 60, 23, 0
1489, 0, 0, 60, 24, 0
1489, 0, 0, 60, 25, 0
1489, 0, 0, 60, 26, 0
1489, 0, 0, 60, 27, 0
1489, 0, 0, 60, 28, 0
1489, 0, 0, 60, 29, 0
1489, 0, 0, 60, 30, 0
1489, 0, 0, 60, 31, 0
1489, 0, 0, 60, 32, 0
1489, 0, 0, 60, 33, 0
1489, 0, 0, 60, 34, 0
1489, 0, 0, 60, 35, 0
1489, 0, 0, 60, 36, 0
1489, 0, 0, 60, 37, 0
1489, 0, 0, 60, 38, 0
1489, 0, 0, 60, 39, 0
1489, 0, 0, 60, 40, 0
1489, 0, 0, 60, 41, 0
1489, 0, 0, 60, 42, 0
1489, 0, 0, 60, 43, 0
1489, 0, 0, 60, 44, 0
1489, 0, 0, 60, 45, 0
1489, 0, 0, 60, 46, 0
1489, 0, 0, 60, 47, 0
1489, 0, 0, 60, 48, 0
1489, 0, 0, 60, 49, 0
1489, 0, 0, 60, 50, 0
1489, 0, 0, 60, 51, 0
1489, 0, 0, 60, 52, 0
1489, 0, 0, 60, 53, 0
1489, 0, 0, 60, 54, 0
1489, 0, 0, 60, 55, 0
1489, 0, 0, 60, 56, 0
1489, 0, 0, 60, 57, 0
1489, 0, 0, 60, 58, 0
1489, 0, 0, 60, 59, 0
1489, 1, 3, 60, 60, 0
1490, 10, 0, 0, 0, 0
1490, 10, 0, 0, 1, 0
1490, 10, 0, 0, 2, 0
1490, 10, 0, 0, 3, 0
1490, 10, 0, 0, 4, 0
1490, 10, 0, 0, 5, 0
1490, 10, 0, 0, 6, 0
1490, 10, 0, 0, 7, 0
1490, 10, 0, 0, 8, 0
1490, 10, 0, 0, 9, 0
1490, 10, 0, 0, 10, 0
1490, 10, 0, 0, 11, 0
1490, 10, 0, 0, 12, 0
1490, 10, 0, 0, 13, 0
1490, 10, 0, 0, 14, 0
1490, 10, 0, 0, 15, 0
1490, 10, 0, 0, 16, 0
1490, 10, 0, 0, 17, 0
1490, 10, 0, 0, 18, 0
1490, 10, 0, 0, 19, 0
1490, 10, 0, 0, 20, 0
1490, 10, 0, 0, 21, 0
1490, 10, 0, 0, 22, 0
1490, 10, 0, 0, 23, 0
1490, 10, 0, 0, 24, 0
1490, 10, 0, 0, 25, 0
1490, 10, 0, 0, 26, 0
1490, 10, 0, 0, 27, 0
1490, 10, 0, 0, 28, 0
1490, 10, 0, 0, 29, 0
1490, 10, 0, 0, 30, 0
1490, 10, 0, 0, 31, 0
1490, 10, 0, 0, 32, 0
1490, 10, 0, 0, 33, 0
1490, 10, 0, 0, 34, 0
1490, 10, 0, 0, 35, 0
1490, 10, 0, 0, 36, 0
1490, 10, 0, 0, 37, 0
1490, 10, 0, 0, 38, 0
1490, 10, 0, 0, 39, 0
1490, 10, 0, 0, 40, 0
1490, 10, 0, 0, 41, 0
1490, 10, 0, 0, 42, 0
1490, 10, 0, 0, 43, 0
1490, 10, 0, 0, 44, 0
1490, 10, 0, 0, 45, 0
1490, 10, 0, 0, 46, 0
1490, 10, 0, 0, 47, 0
1490, 10, 0, 0, 48, 0
1490, 10, 0, 0, 49, 0
1490, 10, 0, 0, 50, 0
1490, 10, 0, 0, 51, 0
1490, 10, 0, 0, 52, 0
1490, 10, 0, 0, 53, 0
1490, 10, 0, 0, 54, 0
1490, 10, 0, 0, 55, 0
1490, 10, 0, 0, 56, 0
1490, 10, 0, 0, 57, 0
1490, 10, 0, 0, 58, 0
1490, 10, 0, 0, 59, 0
1490, 10, 0, 0, 60, 0
1490, 10, 0, 0, 61, 0
1490, 10, 0, 0, 62, 0
1490, 10, 0, 0, 63, 0
1490, 10, 0, 1, 0, 0
1490, 10, 0, 1, 1, 0
1490, 10, 0, 1, 2, 0
1490, 10, 0, 1, 3, 0
1490, 10, 0, 1, 4, 0
1490, 10, 0, 1, 5, 0
1490, 10, 0, 1, 6, 0
1490, 10, 0, 1, 7, 0
1490, 10, 0, 1, 8, 0
1490, 10, 0, 1, 9, 0
1490, 10, 0, 1, 10, 0
1490, 10, 0, 1, 11, 0
1490, 10, 0, 1, 12, 0
1490, 10, 0, 1, 13, 0
1490, 10, 0, 1, 14, 0
1490, 10, 0, 1, 15, 0
1490, 10, 0, 1, 16, 0
1490, 10, 0, 1, 17, 0
1490, 10, 0, 1, 18, 0
1490, 10, 0, 1, 19, 0
1490, 10, 0, 1, 20, 0
1490, 10, 0, 1, 21, 0
1490, 10, 0, 1, 22, 0
1490, 10, 0, 1, 23, 0
1490, 10, 0, 1, 24, 0
1490, 10, 0, 1, 25, 0
1490, 10, 0, 1, 26, 0
1490, 10, 0, 1, 27, 0
1490, 10, 0, 1, 28, 0
1490, 10, 0, 1, 29, 0
1490, 10, 0, 1, 30, 0
1490, 10, 0, 1, 31, 0
1490, 10, 0, 1, 32, 0
1490, 10, 0, 1, 33, 0
1490, 10, 0, 1, 34, 0
1490, 10, 0, 1, 35, 0
1490, 10, 0, 1, 36, 0
1490, 10, 0, 1, 37, 0
1490, 10, 0, 1, 38, 0
1490, 10, 0, 1, 39, 0
1490, 10, 0, 1, 40, 0
1490, 10, 0, 1, 41, 0
1490, 10, 0, 1, 42, 0
1490, 10, 0, 1, 43, 0
1490, 10, 0, 1, 44, 0
1490, 10, 0, 1, 45, 0
1490, 10, 0, 1, 46, 0
1490, 10, 0, 1, 47, 0
1490, 10, 0, 1, 48, 0
1490, 10, 0, 1, 49, 0
1490, 10, 0, 1, 50, 0
1490, 10, 0, 1, 51, 0
1490, 10, 0, 1, 52, 0
1490, 10, 0, 1, 53, 0
1490, 10, 0, 1, 54, 0
1490, 10, 0, 1, 55, 0
1490, 10, 0, 1, 56, 0
1490, 10, 0, 1, 57, 0
1490, 10, 0, 1, 58, 0
1490, 10, 0, 1, 59, 0
1490, 10, 0, 1, 60, 0
1490, 10, 0, 1, 61, 0
1490, 10, 0, 1, 62, 0
1490, 10, 0, 1, 63, 0
1490, 10, 0, 2, 0, 0
1490, 10, 0, 2, 1, 0
1490, 10, 0, 2, 2, 0
1490, 10, 0, 2, 3, 0
1490, 10, 0, 2, 4, 0
1490, 10, 0, 2, 5, 0
1490, 10, 0, 2, 6, 0
1490, 10, 0, 2, 7, 0
1490, 10, 0, 2, 8, 0
1490, 10, 0, 2, 9, 0
1490, 10, 0, 2, 10, 0
1490, 10, 0, 2, 11, 0
1490, 10, 0, 2, 12, 0
1490, 10, 0, 2, 13, 0
1490, 10, 0, 2, 14, 0
1490, 10, 0, 2, 15, 0
1490, 10, 0, 2, 16, 0
1490, 10, 0, 2, 17, 0
1490, 10, 0, 2, 18, 0
1490, 10, 0, 2, 19, 0
1490, 10, 0, 2, 20, 0
1490, 10, 0, 2, 21, 0
1490, 10, 0, 2, 22, 0
1490, 10, 0, 2, 23, 0
1490, 10, 0, 2, 24, 0
1490, 10, 0, 2, 25, 0
1490, 10, 0, 2, 26, 0
1490, 10, 0, 2, 27, 0
1490, 10, 0, 2, 28, 0
1490, 10, 0, 2, 29, 0
1490, 10, 0, 2, 30, 0
1490, 10, 0, 2, 31, 0
1490, 10, 0, 2, 32, 0
1490, 10, 0, 2, 33, 0
1490, 10, 0, 2, 34, 0
1490, 10, 0, 2, 35, 0
1490, 10, 0, 2, 36, 0
1490, 10, 0, 2, 37, 0
1490, 10, 0, 2, 38, 0
1490, 10, 0, 2, 39, 0
1490, 10, 0, 2, 40, 0
1490, 10, 0, 2, 41, 0
1490, 10, 0, 2, 42, 0
1490, 10, 0, 2, 43, 0
1490, 10, 0, 2, 44, 0
1490, 10, 0, 2, 45, 0
1490, 10, 0, 2, 46, 0
1490, 10, 0, 2, 47, 0
1490, 10, 0, 2, 48, 0
1490, 10, 0, 2, 49, 0
1490, 10, 0, 2, 50, 0
1490, 10, 0, 2, 51, 0
1490, 10, 0, 2, 52, 0
1490, 10, 0, 2, 53, 0
1490, 10, 0, 2, 54, 0
1490, 10, 0, 2, 55, 0
1490, 10, 0, 2, 56, 0
1490, 10, 0, 2, 57, 0
1490, 10, 0, 2, 58, 0
1490, 10, 0, 2, 59, 0
1490, 10, 0, 2, 60, 0
1490, 10, 0, 2, 61, 0
1490, 10, 0, 2, 62, 0
1490, 10, 0, 2, 63, 0
1490, 10, 0, 3, 0, 0
1490, 10, 0, 3, 1, 0
1490, 10, 0, 3, 2, 0
1490, 10, 0, 3, 3, 0
1490, 10, 0, 3, 4, 0
1490, 10, 0, 3, 5, 0
1490, 10, 0, 3, 6, 0
1490, 10, 0, 3, 7, 0
1490, 10, 0, 3, 8, 0
1490, 10, 0, 3, 9, 0
1490, 10, 0, 3, 10, 0
1490, 10, 0, 3, 11, 0
1490, 10, 0, 3, 12, 0
1490, 10, 0, 3, 13, 0
1490, 10, 0, 3, 14, 0
1490, 10, 0, 3, 15, 0
1490, 10, 0, 3, 16, 0
1490, 10, 0, 3, 17, 0
1490, 10, 0, 3, 18, 0
1490, 10, 0, 3, 19, 0
1490, 10, 0, 3, 20, 0
1490, 10, 0, 3, 21, 0
1490, 10, 0, 3, 22, 0
1490, 10, 0, 3, 23, 0
1490, 10, 0, 3, 24, 0
1490, 10, 0, 3, 25, 0
1490, 10, 0, 3, 26, 0
1490, 10, 0, 3, 27, 0
1490, 10, 0, 3, 28, 0
1490, 10, 0, 3, 29, 0
1490, 10, 0, 3, 30, 0
1490, 10, 0, 3, 31, 0
1490, 10, 0, 3, 32, 0
1490, 10, 0, 3, 33, 0
1490, 10, 0, 3, 34, 0
1490, 10, 0, 3, 35, 0
1490, 10, 0, 3, 36, 0
1490, 10, 0, 3, 37, 0
1490, 10, 0, 3, 38, 0
1490, 10, 0, 3, 39, 0
1490, 10, 0, 3, 40, 0
1490, 10, 0, 3, 41, 0
1490, 10, 0, 3, 42, 0
1490, 10, 0, 3, 43, 0
1490, 10, 0, 3, 44, 0
1490, 10, 0, 3, 45, 0
1490, 10, 0, 3, 46, 0
1490, 10, 0, 3, 47, 0
1490, 10, 0, 3, 48, 0
1490, 10, 0, 3, 49, 0
1490, 10, 0, 3, 50, 0
1490, 10, 0, 3, 51, 0
1490, 10, 0, 3, 52, 0
1490, 10, 0, 3, 53, 0
1490, 10, 0, 3, 54, 0
1490, 10, 0, 3, 55, 0
1490, 10, 0, 3, 56, 0
1490, 10, 0, 3, 57, 0
1490, 10, 0, 3, 58, 0
1490, 10, 0, 3, 59, 0
1490, 10, 0, 3, 60, 0
1490, 10, 0, 3, 61, 0
1490, 10, 0, 3, 62, 0
1490, 10, 0, 3, 63, 0
1490, 10, 0, 4, 0, 0
1490, 10, 0, 4, 1, 0
1490, 10, 0, 4, 2, 0
1490, 10, 0, 4, 3, 0
1490, 10, 0, 4, 61, 0
1490, 10, 0, 4, 62, 0
1490, 10, 0, 4, 63, 0
1490, 10, 0, 5, 0, 0
1490, 10, 0, 5, 1, 0
1490, 10, 0, 5, 2, 0
1490, 10, 0, 5, 3, 0
1490, 10, 0, 5, 61, 0
1490, 10, 0, 5, 62, 0
1490, 10, 0, 5, 63, 0
1490, 10, 0, 6, 0, 0
1490, 10, 0, 6, 1, 0
1490, 10, 0, 6, 2, 0
1490, 10, 0, 6, 3, 0
1490, 10, 0, 6, 61, 0
1490, 10, 0, 6, 62, 0
1490, 10, 0, 6, 63, 0
1490, 10, 0, 7, 0, 0
1490, 10, 0, 7, 1, 0
1490, 10, 0, 7, 2, 0
1490, 10, 0, 7, 3, 0
1490, 10, 0, 7, 61, 0
1490, 10, 0, 7, 62, 0
1490, 10, 0, 7, 63, 0
1490, 10, 0, 8, 0, 0
1490, 10, 0, 8, 1, 0
1490, 10, 0, 8, 2, 0
1490, 10, 0, 8, 3, 0
1490, 10, 0, 8, 61, 0
1490, 10, 0, 8, 62, 0
1490, 10, 0, 8, 63, 0
1490, 10, 0, 9, 0, 0
1490, 10, 0, 9, 1, 0
1490, 10, 0, 9, 2, 0
1490, 10, 0, 9, 3, 0
1490, 10, 0, 9, 61, 0
1490, 10, 0, 9, 62, 0
1490, 10, 0, 9, 63, 0
1490, 10, 0, 10, 0, 0
1490, 10, 0, 10, 1, 0
1490, 10, 0, 10, 2, 0
1490, 10, 0, 10, 3, 0
1490, 10, 0, 10, 61, 0
1490, 10, 0, 10, 62, 0
1490, 10, 0, 10, 63, 0
1490, 10, 0, 11, 0, 0
1490, 10, 0, 11, 1, 0
1490, 10, 0, 11, 2, 0
1490, 10, 0, 11, 3, 0
1490, 10, 0, 11, 61, 0
1490, 10, 0, 11, 62, 0
1490, 10, 0, 11, 63, 0
1490, 10, 0, 12, 0, 0
1490, 10, 0, 12, 1, 0
1490, 10, 0, 12, 2, 0
1490, 10, 0, 12, 3, 0
1490, 10, 0, 12, 61, 0
1490, 10, 0, 12, 62, 0
1490, 10, 0, 12, 63, 0
1490, 10, 0, 13, 0, 0
1490, 10, 0, 13, 1, 0
1490, 10, 0, 13, 2, 0
1490, 10, 0, 13, 3, 0
1490, 10, 0, 13, 61, 0
1490, 10, 0, 13, 62, 0
1490, 10, 0, 13, 63, 0
1490, 10, 0, 14, 0, 0
1490, 10, 0, 14, 1, 0
1490, 10, 0, 14, 2, 0
1490, 10, 0, 14, 3, 0
1490, 10, 0, 14, 61, 0
1490, 10, 0, 14, 62, 0
1490, 10, 0, 14, 63, 0
1490, 10, 0, 15, 0, 0
1490, 10, 0, 15, 1, 0
1490, 10, 0, 15, 2, 0
1490, 10, 0, 15, 3, 0
1490, 10, 0, 15, 61, 0
1490, 10, 0, 15, 62, 0
1490, 10, 0, 15, 63, 0
1490, 10, 0, 16, 0, 0
1490, 10, 0, 16, 1, 0
1490, 10, 0, 16, 2, 0
1490, 10, 0, 16, 3, 0
1490, 10, 0, 16, 61, 0
1490, 10, 0, 16, 62, 0
1490, 10, 0, 16, 63, 0
1490, 10, 0, 17, 0, 0
1490, 10, 0, 17, 1, 0
1490, 10, 0, 17, 2, 0
1490, 10, 0, 17, 3, 0
1490, 10, 0, 17, 61, 0
1490, 10, 0, 17, 62, 0
1490, 10, 0, 17, 63, 0
1490, 10, 0, 18, 0, 0
1490, 10, 0, 18, 1, 0
1490, 10, 0, 18, 2, 0
1490, 10, 0, 18, 3, 0
1490, 10, 0, 18, 61, 0
1490, 10, 0, 18, 62, 0
1490, 10, 0, 18, 63, 0
1490, 10, 0, 19, 0, 0
1490, 10, 0, 19, 1, 0
1490, 10, 0, 19, 2, 0
1490, 10, 0, 19, 3, 0
1490, 10, 0, 19, 61, 0
1490, 10, 0, 19, 62, 0
1490, 10, 0, 19, 63, 0
1490, 10, 0, 20, 0, 0
1490, 10, 0, 20, 1, 0
1490, 10, 0, 20, 2, 0
1490, 10, 0, 20, 3, 0
1490, 10, 0, 20, 61, 0
1490, 10, 0, 20, 62, 0
1490, 10, 0, 20, 63, 0
1490, 10, 0, 21, 0, 0
1490, 10, 0, 21, 1, 0
1490, 10, 0, 21, 2, 0
1490, 10, 0, 21, 3, 0
1490, 10, 0, 21, 61, 0
1490, 10, 0, 21, 62, 0
1490, 10, 0, 21, 63, 0
1490, 10, 0, 22, 0, 0
1490, 10, 0, 22, 1, 0
1490, 10, 0, 22, 2, 0
1490, 10, 0, 22, 3, 0
1490, 10, 0, 22, 61, 0
1490, 10, 0, 22, 62, 0
1490, 10, 0, 22, 63, 0
1490, 10, 0, 23, 0, 0
1490, 10, 0, 23, 1, 0
1490, 10, 0, 23, 2, 0
1490, 10, 0, 23, 3, 0
1490, 10, 0, 23, 61, 0
1490, 10, 0, 23, 62, 0
1490, 10, 0, 23, 63, 0
1490, 10, 0, 24, 0, 0
1490, 10, 0, 24, 1, 0
1490, 10, 0, 24, 2, 0
1490, 10, 0, 24, 3, 0
1490, 10, 0, 24, 61, 0
1490, 10, 0, 24, 62, 0
1490, 10, 0, 24, 63, 0
1490, 10, 0, 25, 0, 0
1490, 10, 0, 25, 1, 0
1490, 10, 0, 25, 2, 0
1490, 10, 0, 25, 3, 0
1490, 10, 0, 25, 61, 0
1490, 10, 0, 25, 62, 0
1490, 10, 0, 25, 63, 0
1490, 10, 0, 26, 0, 0
1490, 10, 0, 26, 1, 0
1490, 10, 0, 26, 2, 0
1490, 10, 0, 26, 3, 0
1490, 10, 0, 26, 61, 0
1490, 10, 0, 26, 62, 0
1490, 10, 0, 26, 63, 0
1490, 10, 0, 27, 0, 0
1490, 10, 0, 27, 1, 0
1490, 10, 0, 27, 2, 0
1490, 10, 0, 27, 3, 0
1490, 10, 0, 27, 61, 0
1490, 10, 0, 27, 62, 0
1490, 10, 0, 27, 63, 0
1490, 10, 0, 28, 0, 0
1490, 10, 0, 28, 1, 0
1490, 10, 0, 28, 2, 0
1490, 10, 0, 28, 3, 0
1490, 10, 0, 28, 61, 0
1490, 10, 0, 28, 62, 0
1490, 10, 0, 28, 63, 0
1490, 10, 0, 29, 0, 0
1490, 10, 0, 29, 1, 0
1490, 10, 0, 29, 2, 0
1490, 10, 0, 29, 3, 0
1490, 10, 0, 29, 61, 0
1490, 10, 0, 29, 62, 0
1490, 10, 0, 29, 63, 0
1490, 10, 0, 30, 0, 0
1490, 10, 0, 30, 1, 0
1490, 10, 0, 30, 2, 0
1490, 10, 0, 30, 3, 0
1490, 10, 0, 30, 61, 0
1490, 10, 0, 30, 62, 0
1490, 10, 0, 30, 63, 0
1490, 10, 0, 31, 0, 0
1490, 10, 0, 31, 1, 0
1490, 10, 0, 31, 2, 0
1490, 10, 0, 31, 3, 0
1490, 10, 0, 31, 61, 0
1490, 10, 0, 31, 62, 0
1490, 10, 0, 31, 63, 0
1490, 10, 0, 32, 0, 0
1490, 10, 0, 32, 1, 0
1490, 10, 0, 32, 2, 0
1490, 10, 0, 32, 3, 0
1490, 10, 0, 32, 61, 0
1490, 10, 0, 32, 62, 0
1490, 10, 0, 32, 63, 0
1490, 10, 0, 33, 0, 0
1490, 10, 0, 33, 1, 0
1490, 10, 0, 33, 2, 0
1490, 10, 0, 33, 3, 0
1490, 10, 0, 33, 61, 0
1490, 10, 0, 33, 62, 0
1490, 10, 0, 33, 63, 0
1490, 10, 0, 34, 0, 0
1490, 10, 0, 34, 1, 0
1490, 10, 0, 34, 2, 0
1490, 10, 0, 34, 3, 0
1490, 10, 0, 34, 61, 0
1490, 10, 0, 34, 62, 0
1490, 10, 0, 34, 63, 0
1490, 10, 0, 35, 0, 0
1490, 10, 0, 35, 1, 0
1490, 10, 0, 35, 2, 0
1490, 10, 0, 35, 3, 0
1490, 10, 0, 35, 61, 0
1490, 10, 0, 35, 62, 0
1490, 10, 0, 35, 63, 0
1490, 10, 0, 36, 0, 0
1490, 10, 0, 36, 1, 0
1490, 10, 0, 36, 2, 0
1490, 10, 0, 36, 3, 0
1490, 10, 0, 36, 61, 0
1490, 10, 0, 36, 62, 0
1490, 10, 0, 36, 63, 0
1490, 10, 0, 37, 0, 0
1490, 10, 0, 37, 1, 0
1490, 10, 0, 37, 2, 0
1490, 10, 0, 37, 3, 0
1490, 10, 0, 37, 61, 0
1490, 10, 0, 37, 62, 0
1490, 10, 0, 37, 63, 0
1490, 10, 0, 38, 0, 0
1490, 10, 0, 38, 1, 0
1490, 10, 0, 38, 2, 0
1490, 10, 0, 38, 3, 0
1490, 10, 0, 38, 61, 0
1490, 10, 0, 38, 62, 0
1490, 10, 0, 38, 63, 0
1490, 10, 0, 39, 0, 0
1490, 10, 0, 39, 1, 0
1490, 10, 0, 39, 2, 0
1490, 10, 0, 39, 3, 0
1490, 10, 0, 39, 61, 0
1490, 10, 0, 39, 62, 0
1490, 10, 0, 39, 63, 0
1490, 10, 0, 40, 0, 0
1490, 10, 0, 40, 1, 0
1490, 10, 0, 40, 2, 0
1490, 10, 0, 40, 3, 0
1490, 10, 0, 40, 61, 0
1490, 10, 0, 40, 62, 0
1490, 10, 0, 40, 63, 0
1490, 10, 0, 41, 0, 0
1490, 10, 0, 41, 1, 0
1490, 10, 0, 41, 2, 0
1490, 10, 0, 41, 3, 0
1490, 10, 0, 41, 61, 0
1490, 10, 0, 41, 62, 0
1490, 10, 0, 41, 63, 0
1490, 10, 0, 42, 0, 0
1490, 10, 0, 42, 1, 0
1490, 10, 0, 42, 2, 0
1490, 10, 0, 42, 3, 0
1490, 10, 0, 42, 61, 0
1490, 10, 0, 42, 62, 0
1490, 10, 0, 42, 63, 0
1490, 10, 0, 43, 0, 0
1490, 10, 0, 43, 1, 0
1490, 10, 0, 43, 2, 0
1490, 10, 0, 43, 3, 0
1490, 10, 0, 43, 61, 0
1490, 10, 0, 43, 62, 0
1490, 10, 0, 43, 63, 0
1490, 10, 0, 44, 0, 0
1490, 10, 0, 44, 1, 0
1490, 10, 0, 44, 2, 0
1490, 10, 0, 44, 3, 0
1490, 10, 0, 44, 61, 0
1490, 10, 0, 44, 62, 0
1490, 10, 0, 44, 63, 0
1490, 10, 0, 45, 0, 0
1490, 10, 0, 45, 1, 0
1490, 10, 0, 45, 2, 0
1490, 10, 0, 45, 3, 0
1490, 10, 0, 45, 61, 0
1490, 10, 0, 45, 62, 0
1490, 10, 0, 45, 63, 0
1490, 10, 0, 46, 0, 0
1490, 10, 0, 46, 1, 0
1490, 10, 0, 46, 2, 0
1490, 10, 0, 46, 3, 0
1490, 10, 0, 46, 61, 0
1490, 10, 0, 46, 62, 0
1490, 10, 0, 46, 63, 0
1490, 10, 0, 47, 0, 0
1490, 10, 0, 47, 1, 0
1490, 10, 0, 47, 2, 0
1490, 10, 0, 47, 3, 0
1490, 10, 0, 47, 61, 0
1490, 10, 0, 47, 62, 0
1490, 10, 0, 47, 63, 0
1490, 10, 0, 48, 0, 0
1490, 10, 0, 48, 1, 0
1490, 10, 0, 48, 2, 0
1490, 10, 0, 48, 3, 0
1490, 10, 0, 48, 61, 0
1490, 10, 0, 48, 62, 0
1490, 10, 0, 48, 63, 0
1490, 10, 0, 49, 0, 0
1490, 10, 0, 49, 1, 0
1490, 10, 0, 49, 2, 0
1490, 10, 0, 49, 3, 0
1490, 10, 0, 49, 61, 0
1490, 10, 0, 49, 62, 0
1490, 10, 0, 49, 63, 0
1490, 10, 0, 50, 0, 0
1490, 10, 0, 50, 1, 0
1490, 10, 0, 50, 2, 0
1490, 10, 0, 50, 3, 0
1490, 10, 0, 50, 61, 0
1490, 10, 0, 50, 62, 0
1490, 10, 0, 50, 63, 0
1490, 10, 0, 51, 0, 0
1490, 10, 0, 51, 1, 0
1490, 10, 0, 51, 2, 0
1490, 10, 0, 51, 3, 0
1490, 10, 0, 51, 61, 0
1490, 10, 0, 51, 62, 0
1490, 10, 0, 51, 63, 0
1490, 10, 0, 52, 0, 0
1490, 10, 0, 52, 1, 0
1490, 10, 0, 52, 2, 0
1490, 10, 0, 52, 3, 0
1490, 10, 0, 52, 61, 0
1490, 10, 0, 52, 62, 0
1490, 10, 0, 52, 63, 0
1490, 10, 0, 53, 0, 0
1490, 10, 0, 53, 1, 0
1490, 10, 0, 53, 2, 0
1490, 10, 0, 53, 3, 0
1490, 10, 0, 53, 61, 0
1490, 10, 0, 53, 62, 0
1490, 10, 0, 53, 63, 0
1490, 10, 0, 54, 0, 0
1490, 10, 0, 54, 1, 0
1490, 10, 0, 54, 2, 0
1490, 10, 0, 54, 3, 0
1490, 10, 0, 54, 61, 0
1490, 10, 0, 54, 62, 0
1490, 10, 0, 54, 63, 0
1490, 10, 0, 55, 0, 0
1490, 10, 0, 55, 1, 0
1490, 10, 0, 55, 2, 0
1490, 10, 0, 55, 3, 0
1490, 10, 0, 55, 61, 0
1490, 10, 0, 55, 62, 0
1490, 10, 0, 55, 63, 0
1490, 10, 0, 56, 0, 0
1490, 10, 0, 56, 1, 0
1490, 10, 0, 56, 2, 0
1490, 10, 0, 56, 3, 0
1490, 10, 0, 56, 61, 0
1490, 10, 0, 56, 62, 0
1490, 10, 0, 56, 63, 0
1490, 10, 0, 57, 0, 0
1490, 10, 0, 57, 1, 0
1490, 10, 0, 57, 2, 0
1490, 10, 0, 57, 3, 0
1490, 10, 0, 57, 61, 0
1490, 10, 0, 57, 62, 0
1490, 10, 0, 57, 63, 0
1490, 10, 0, 58, 0, 0
1490, 10, 0, 58, 1, 0
1490, 10, 0, 58, 2, 0
1490, 10, 0, 58, 3, 0
1490, 10, 0, 58, 61, 0
1490, 10, 0, 58, 62, 0
1490, 10, 0, 58, 63, 0
1490, 10, 0, 59, 0, 0
1490, 10, 0, 59, 1, 0
1490, 10, 0, 59, 2, 0
1490, 10, 0, 59, 3, 0
1490, 10, 0, 59, 61, 0
1490, 10, 0, 59, 62, 0
1490, 10, 0, 59, 63, 0
1490, 10, 0, 60, 0, 0
1490, 10, 0, 60, 1, 0
1490, 10, 0, 60, 2, 0
1490, 10, 0, 60, 3, 0
1490, 10, 0, 60, 61, 0
1490, 10, 0, 60, 62, 0
1490, 10, 0, 60, 63, 0
1490, 10, 0, 61, 0, 0
1490, 10, 0, 61, 1, 0
1490, 10, 0, 61, 2, 0
1490, 10, 0, 61, 3, 0
1490, 10, 0, 61, 4, 0
1490, 10, 0, 61, 5, 0
1490, 10, 0, 61, 6, 0
1490, 10, 0, 61, 7, 0
1490, 10, 0, 61, 8, 0
1490, 10, 0, 61, 9, 0
1490, 10, 0, 61, 10, 0
1490, 10, 0, 61, 11, 0
1490, 10, 0, 61, 12, 0
1490, 10, 0, 61, 13, 0
1490, 10, 0, 61, 14, 0
1490, 10, 0, 61, 15, 0
1490, 10, 0, 61, 16, 0
1490, 10, 0, 61, 17, 0
1490, 10, 0, 61, 18, 0
1490, 10, 0, 61, 19, 0
1490, 10, 0, 61, 20, 0
1490, 10, 0, 61, 21, 0
1490, 10, 0, 61, 22, 0
1490, 10, 0, 61, 23, 0
1490, 10, 0, 61, 24, 0
1490, 10, 0, 61, 25, 0
1490, 10, 0, 61, 26, 0
1490, 10, 0, 61, 27, 0
1490, 10, 0, 61, 28, 0
1490, 10, 0, 61, 29, 0
1490, 10, 0, 61, 30, 0
1490, 10, 0, 61, 31, 0
1490, 10, 0, 61, 32, 0
1490, 10, 0, 61, 33, 0
1490, 10, 0, 61, 34, 0
1490, 10, 0, 61, 35, 0
1490, 10, 0, 61, 36, 0
1490, 10, 0, 61, 37, 0
1490, 10, 0, 61, 38, 0
1490, 10, 0, 61, 39, 0
1490, 10, 0, 61, 40, 0
1490, 10, 0, 61, 41, 0
1490, 10, 0, 61, 42, 0
1490, 10, 0, 61, 43, 0
1490, 10, 0, 61, 44, 0
1490, 10, 0, 61, 45, 0
1490, 10, 0, 61, 46, 0
1490, 10, 0, 61, 47, 0
1490, 10, 0, 61, 48, 0
1490, 10, 0, 61, 49, 0
1490, 10, 0, 61, 50, 0
1490, 10, 0, 61, 51, 0
1490, 10, 0, 61, 52, 0
1490, 10, 0, 61, 53, 0
1490, 10, 0, 61, 54, 0
1490, 10, 0, 61, 55, 0
1490, 10, 0, 61, 56, 0
1490, 10, 0, 61, 57, 0
1490, 10, 0, 61, 58, 0
1490, 10, 0, 61, 59, 0
1490, 10, 0, 61, 60, 0
1490, 10, 0, 61, 61, 0
1490, 10, 0, 61, 62, 0
1490, 10, 0, 61, 63, 0
1490, 10, 0, 62, 0, 0
1490, 10, 0, 62, 1, 0
1490, 10, 0, 62, 2, 0
1490, 10, 0, 62, 3, 0
1490, 10, 0, 62, 4, 0
1490, 10, 0, 62, 5, 0
1490, 10, 0, 62, 6, 0
1490, 10, 0, 62, 7, 0
1490, 10, 0, 62, 8, 0
1490, 10, 0, 62, 9, 0
1490, 10, 0, 62, 10, 0
1490, 10, 0, 62, 11, 0
1490, 10, 0, 62, 12, 0
1490, 10, 0, 62, 13, 0
1490, 10, 0, 62, 14, 0
1490, 10, 0, 62, 15, 0
1490, 10, 0, 62, 16, 0
1490, 10, 0, 62, 17, 0
1490, 10, 0, 62, 18, 0
1490, 10, 0, 62, 19, 0
1490, 10, 0, 62, 20, 0
1490, 10, 0, 62, 21, 0
1490, 10, 0, 62, 22, 0
1490, 10, 0, 62, 23, 0
1490, 10, 0, 62, 24, 0
1490, 10, 0, 62, 25, 0
1490, 10, 0, 62, 26, 0
1490, 10, 0, 62, 27, 0
1490, 10, 0, 62, 28, 0
1490, 10, 0, 62, 29, 0
1490, 10, 0, 62, 30, 0
1490, 10, 0, 62, 31, 0
1490, 10, 0, 62, 32, 0
1490, 10, 0, 62, 33, 0
1490, 10, 0, 62, 34, 0
1490, 10, 0, 62, 35, 0
1490, 10, 0, 62, 36, 0
1490, 10, 0, 62, 37, 0
1490, 10, 0, 62, 38, 0
1490, 10, 0, 62, 39, 0
1490, 10, 0, 62, 40, 0
1490, 10, 0, 62, 41, 0
1490, 10, 0, 62, 42, 0
1490, 10, 0, 62, 43, 0
1490, 10, 0, 62, 44, 0
1490, 10, 0, 62, 45, 0
1490, 10, 0, 62, 46, 0
1490, 10, 0, 62, 47, 0
1490, 10, 0, 62, 48, 0
1490, 10, 0, 62, 49, 0
1490, 10, 0, 62, 50, 0
1490, 10, 0, 62, 51, 0
1490, 10, 0, 62, 52, 0
1490, 10, 0, 62, 53, 0
1490, 10, 0, 62, 54, 0
1490, 10, 0, 62, 55, 0
1490, 10, 0, 62, 56, 0
1490, 10, 0, 62, 57, 0
1490, 10, 0, 62, 58, 0
1490, 10, 0, 62, 59, 0
1490, 10, 0, 62, 60, 0
1490, 10, 0, 62, 61, 0
1490, 10, 0, 62, 62, 0
1490, 10, 0, 62, 63, 0
1490, 10, 0, 63, 0, 0
1490, 10, 0, 63, 1, 0
1490, 10, 0, 63, 2, 0
1490, 10, 0, 63, 3, 0
1490, 10, 0, 63, 4, 0
1490, 10, 0, 63, 5, 0
1490, 10, 0, 63, 6, 0
1490, 10, 0, 63, 7, 0
1490, 10, 0, 63, 8, 0
1490, 10, 0, 63, 9, 0
1490, 10, 0, 63, 10, 0
1490, 10, 0, 63, 11, 0
1490, 10, 0, 63, 12, 0
1490, 10, 0, 63, 13, 0
1490, 10, 0, 63, 14, 0
1490, 10, 0, 63, 15, 0
1490, 10, 0, 63, 16, 0
1490, 10, 0, 63, 17, 0
1490, 10, 0, 63, 18, 0
1490, 10, 0, 63, 19, 0
1490, 10, 0, 63, 20, 0
1490, 10, 0, 63, 21, 0
1490, 10, 0, 63, 22, 0
1490, 10, 0, 63, 23, 0
1490, 10, 0, 63, 24, 0
1490, 10, 0, 63, 25, 0
1490, 10, 0, 63, 26, 0
1490, 10, 0, 63, 27, 0
1490, 10, 0, 63, 28, 0
1490, 10, 0, 63, 29, 0
1490, 10, 0, 63, 30, 0
1490, 10, 0, 63, 31, 0
1490, 10, 0, 63, 32, 0
1490, 10, 0, 63, 33, 0
1490, 10, 0, 63, 34, 0
1490, 10, 0, 63, 35, 0
1490, 10, 0, 63, 36, 0
1490, 10, 0, 63, 37, 0
1490, 10, 0, 63, 38, 0
1490, 10, 0, 63, 39, 0
1490, 10, 0, 63, 40, 0
1490, 10, 0, 63, 41, 0
1490, 10, 0, 63, 42, 0
1490, 10, 0, 63, 43, 0
1490, 10, 0, 63, 44, 0
1490, 10, 0, 63, 45, 0
1490, 10, 0, 63, 46, 0
1490, 10, 0, 63, 47, 0
1490, 10, 0, 63, 48, 0
1490, 10, 0, 63, 49, 0
1490, 10, 0, 63, 50, 0
1490, 10, 0, 63, 51, 0
1490, 10, 0, 63, 52, 0
1490, 10, 0, 63, 53, 0
1490, 10, 0, 63, 54, 0
1490, 10, 0, 63, 55, 0
1490, 10, 0, 63, 56, 0
1490, 10, 0, 63, 57, 0
1490, 10, 0, 63, 58, 0
1490, 10, 0, 63, 59, 0
1490, 10, 0, 63, 60, 0
1490, 10, 0, 63, 61, 0
1490, 10, 0, 63, 62, 0
1490, 10, 0, 63, 63, 0
3481, 22, 1, 6, 36, 0
3481, 22, 3, 9, 16, 0
3481, 22, 3, 9, 30, 0
3481, 22, 3, 11, 49, 0
3481, 22, 1, 12, 47, 0
3481, 22, 3, 15, 17, 0
3481, 22, 3, 15, 42, 0
3481, 22, 3, 17, 32, 0
3481, 22, 0, 18, 16, 0
3481, 22, 3, 19, 43, 0
3481, 22, 2, 21, 5, 0
3481, 22, 0, 23, 6, 0
3481, 22, 3, 23, 28, 0
3481, 22, 0, 28, 8, 0
3481, 22, 2, 28, 15, 0
3481, 22, 0, 29, 24, 0
3481, 22, 2, 30, 48, 0
3481, 22, 2, 31, 11, 0
3481, 22, 0, 33, 14, 0
3481, 22, 0, 39, 6, 0
3481, 22, 0, 39, 55, 0
3481, 22, 2, 44, 19, 0
3481, 22, 2, 47, 54, 0
3481, 22, 0, 49, 57, 0
3481, 22, 1, 51, 16, 0
3481, 22, 1, 53, 51, 0
3481, 22, 1, 59, 20, 0
3623, 22, 3, 5, 19, 0
3623, 22, 3, 5, 40, 0
3623, 22, 1, 10, 42, 0
3623, 22, 1, 10, 53, 0
3623, 22, 1, 12, 51, 0
3623, 22, 2, 14, 54, 0
3623, 22, 3, 15, 13, 0
3623, 22, 3, 15, 32, 0
3623, 22, 3, 15, 46, 0
3623, 22, 2, 19, 15, 0
3623, 22, 1, 20, 38, 0
3623, 22, 1, 22, 30, 0
3623, 22, 2, 27, 7, 0
3623, 22, 0, 27, 20, 0
3623, 22, 2, 27, 54, 0
3623, 22, 0, 32, 55, 0
3623, 22, 0, 38, 6, 0
3623, 22, 0, 39, 16, 0
3623, 22, 3, 42, 28, 0
3623, 22, 2, 43, 15, 0
3623, 22, 1, 51, 13, 0
3623, 22, 1, 53, 39, 0
3623, 22, 1, 53, 48, 0
3623, 22, 1, 59, 26, 0
3624, 22, 3, 5, 39, 0
3624, 22, 3, 11, 25, 0
3624, 22, 1, 12, 16, 0
3624, 22, 1, 12, 32, 0
3624, 22, 1, 14, 20, 0
3624, 22, 2, 17, 9, 0
3624, 22, 2, 19, 54, 0
3624, 22, 0, 21, 55, 0
3624, 22, 0, 22, 20, 0
3624, 22, 1, 22, 34, 0
3624, 22, 2, 32, 50, 0
3624, 22, 2, 34, 7, 0
3624, 22, 2, 36, 5, 0
3624, 22, 0, 37, 12, 0
3624, 22, 2, 38, 19, 0
3624, 22, 0, 41, 20, 0
3624, 22, 2, 43, 54, 0
3624, 22, 3, 44, 41, 0
3624, 22, 1, 49, 21, 0
3624, 22, 3, 50, 41, 0
3624, 22, 1, 53, 25, 0
3624, 22, 1, 53, 47, 0
3624, 22, 3, 58, 51, 0
3624, 22, 1, 59, 25, 0
3624, 22, 1, 59, 47, 0
3625, 22, 3, 5, 33, 0
3625, 22, 1, 12, 21, 0
3625, 22, 3, 13, 40, 0
3625, 22, 1, 16, 20, 0
3625, 22, 1, 16, 27, 0
3625, 22, 1, 16, 44, 0
3625, 22, 0, 24, 57, 0
3625, 22, 0, 31, 51, 0
3625, 22, 2, 35, 54, 0
3625, 22, 0, 39, 22, 0
3625, 22, 3, 42, 32, 0
3625, 22, 3, 48, 27, 0
3625, 22, 3, 48, 42, 0
3625, 22, 1, 51, 25, 0
3625, 22, 3, 52, 50, 0
3625, 22, 3, 54, 18, 0
3625, 22, 3, 58, 23, 0
3625, 22, 3, 58, 44, 0
3625, 22, 1, 59, 18, 0
3626, 3, 1, 6, 6, 0
3626, 0, 2, 6, 7, 0
3626, 0, 2, 6, 8, 0
3626, 0, 2, 6, 9, 0
3626, 0, 2, 6, 10, 0
3626, 0, 2, 6, 11, 0
3626, 0, 2, 6, 12, 0
3626, 0, 2, 6, 13, 0
3626, 0, 2, 6, 14, 0
3626, 0, 2, 6, 15, 0
3626, 0, 2, 6, 16, 0
3626, 0, 2, 6, 17, 0
3626, 0, 2, 6, 18, 0
3626, 0, 2, 6, 19, 0
3626, 0, 2, 6, 20, 0
3626, 0, 2, 6, 21, 0
3626, 0, 2, 6, 22, 0
3626, 0, 2, 6, 23, 0
3626, 0, 2, 6, 24, 0
3626, 0, 2, 6, 25, 0
3626, 0, 2, 6, 26, 0
3626, 0, 2, 6, 27, 0
3626, 0, 2, 6, 28, 0
3626, 0, 2, 6, 29, 0
3626, 0, 2, 6, 30, 0
3626, 0, 2, 6, 31, 0
3626, 0, 2, 6, 32, 0
3626, 0, 2, 6, 33, 0
3626, 0, 2, 6, 34, 0
3626, 0, 2, 6, 35, 0
3626, 0, 2, 6, 36, 0
3626, 0, 2, 6, 37, 0
3626, 0, 2, 6, 38, 0
3626, 0, 2, 6, 39, 0
3626, 0, 2, 6, 40, 0
3626, 0, 2, 6, 41, 0
3626, 0, 2, 6, 42, 0
3626, 0, 2, 6, 43, 0
3626, 0, 2, 6, 44, 0
3626, 0, 2, 6, 45, 0
3626, 0, 2, 6, 46, 0
3626, 0, 2, 6, 47, 0
3626, 0, 2, 6, 48, 0
3626, 0, 2, 6, 49, 0
3626, 0, 2, 6, 50, 0
3626, 0, 2, 6, 51, 0
3626, 0, 2, 6, 52, 0
3626, 0, 2, 6, 53, 0
3626, 0, 2, 6, 54, 0
3626, 0, 2, 6, 55, 0
3626, 0, 2, 6, 56, 0
3626, 0, 2, 6, 57, 0
3626, 3, 2, 6, 58, 0
3626, 0, 1, 7, 6, 0
3626, 0, 3, 7, 30, 0
3626, 0, 3, 7, 58, 0
3626, 0, 1, 8, 6, 0
3626, 3, 1, 8, 8, 0
3626, 0, 2, 8, 9, 0
3626, 0, 2, 8, 10, 0
3626, 0, 2, 8, 11, 0
3626, 0, 2, 8, 12, 0
3626, 0, 2, 8, 13, 0
3626, 0, 2, 8, 14, 0
3626, 0, 2, 8, 15, 0
3626, 0, 2, 8, 16, 0
3626, 0, 2, 8, 17, 0
3626, 0, 2, 8, 18, 0
3626, 0, 2, 8, 19, 0
3626, 0, 2, 8, 20, 0
3626, 0, 2, 8, 21, 0
3626, 0, 2, 8, 22, 0
3626, 0, 2, 8, 23, 0
3626, 0, 2, 8, 24, 0
3626, 0, 2, 8, 25, 0
3626, 0, 2, 8, 26, 0
3626, 0, 2, 8, 27, 0
3626, 0, 2, 8, 28, 0
3626, 0, 2, 8, 29, 0
3626, 2, 2, 8, 30, 0
3626, 0, 2, 8, 31, 0
3626, 0, 2, 8, 32, 0
3626, 0, 2, 8, 33, 0
3626, 0, 2, 8, 34, 0
3626, 0, 2, 8, 35, 0
3626, 0, 2, 8, 36, 0
3626, 0, 2, 8, 37, 0
3626, 0, 2, 8, 38, 0
3626, 0, 2, 8, 39, 0
3626, 0, 2, 8, 40, 0
3626, 0, 2, 8, 41, 0
3626, 0, 2, 8, 42, 0
3626, 0, 2, 8, 44, 0
3626, 0, 2, 8, 45, 0
3626, 0, 2, 8, 46, 0
3626, 0, 2, 8, 47, 0
3626, 0, 2, 8, 48, 0
3626, 0, 2, 8, 49, 0
3626, 0, 2, 8, 50, 0
3626, 0, 2, 8, 51, 0
3626, 0, 2, 8, 52, 0
3626, 0, 2, 8, 53, 0
3626, 0, 2, 8, 54, 0
3626, 0, 2, 8, 55, 0
3626, 3, 2, 8, 56, 0
3626, 0, 3, 8, 58, 0
3626, 0, 1, 9, 6, 0
3626, 0, 1, 9, 8, 0
3626, 0, 3, 9, 32, 0
3626, 0, 3, 9, 56, 0
3626, 0, 3, 9, 58, 0
3626, 0, 1, 10, 6, 0
3626, 0, 1, 10, 8, 0
3626, 3, 1, 10, 10, 0
3626, 0, 2, 10, 11, 0
3626, 0, 2, 10, 12, 0
3626, 0, 2, 10, 13, 0
3626, 0, 2, 10, 14, 0
3626, 0, 2, 10, 15, 0
3626, 0, 2, 10, 16, 0
3626, 0, 2, 10, 17, 0
3626, 0, 2, 10, 18, 0
3626, 0, 2, 10, 20, 0
3626, 0, 2, 10, 21, 0
3626, 0, 2, 10, 22, 0
3626, 0, 2, 10, 23, 0
3626, 0, 2, 10, 24, 0
3626, 0, 2, 10, 25, 0
3626, 0, 2, 10, 26, 0
3626, 0, 2, 10, 27, 0
3626, 0, 2, 10, 28, 0
3626, 0, 2, 10, 29, 0
3626, 0, 2, 10, 30, 0
3626, 0, 2, 10, 31, 0
3626, 2, 2, 10, 32, 0
3626, 0, 2, 10, 33, 0
3626, 0, 2, 10, 34, 0
3626, 0, 2, 10, 35, 0
3626, 0, 2, 10, 36, 0
3626, 0, 2, 10, 37, 0
3626, 0, 2, 10, 38, 0
3626, 0, 2, 10, 39, 0
3626, 0, 2, 10, 40, 0
3626, 0, 2, 10, 41, 0
3626, 0, 2, 10, 42, 0
3626, 0, 2, 10, 43, 0
3626, 0, 2, 10, 44, 0
3626, 0, 2, 10, 45, 0
3626, 0, 2, 10, 46, 0
3626, 0, 2, 10, 47, 0
3626, 0, 2, 10, 49, 0
3626, 0, 2, 10, 50, 0
3626, 0, 2, 10, 51, 0
3626, 0, 2, 10, 52, 0
3626, 0, 2, 10, 53, 0
3626, 0, 2, 10, 54, 0
3626, 0, 2, 10, 55, 0
3626, 0, 3, 10, 56, 0
3626, 0, 3, 10, 58, 0
3626, 0, 1, 11, 6, 0
3626, 0, 1, 11, 8, 0
3626, 0, 1, 11, 10, 0
3626, 0, 1, 11, 18, 0
3626, 0, 3, 11, 42, 0
3626, 0, 3, 11, 54, 0
3626, 0, 3, 11, 56, 0
3626, 0, 3, 11, 58, 0
3626, 0, 1, 12, 6, 0
3626, 0, 1, 12, 8, 0
3626, 0, 1, 12, 10, 0
3626, 3, 1, 12, 12, 0
3626, 0, 2, 12, 13, 0
3626, 0, 2, 12, 14, 0
3626, 0, 2, 12, 15, 0
3626, 0, 2, 12, 16, 0
3626, 0, 2, 12, 17, 0
3626, 2, 1, 12, 18, 0
3626, 0, 2, 12, 19, 0
3626, 0, 2, 12, 20, 0
3626, 0, 2, 12, 21, 0
3626, 0, 2, 12, 22, 0
3626, 0, 2, 12, 23, 0
3626, 0, 2, 12, 24, 0
3626, 0, 2, 12, 25, 0
3626, 0, 2, 12, 26, 0
3626, 0, 2, 12, 27, 0
3626, 0, 2, 12, 28, 0
3626, 0, 2, 12, 29, 0
3626, 0, 2, 12, 31, 0
3626, 0, 2, 12, 32, 0
3626, 0, 2, 12, 33, 0
3626, 0, 2, 12, 34, 0
3626, 0, 2, 12, 35, 0
3626, 0, 2, 12, 36, 0
3626, 0, 2, 12, 37, 0
3626, 0, 2, 12, 38, 0
3626, 0, 2, 12, 39, 0
3626, 0, 2, 12, 40, 0
3626, 0, 2, 12, 41, 0
3626, 2, 2, 12, 42, 0
3626, 0, 2, 12, 43, 0
3626, 0, 2, 12, 44, 0
3626, 0, 2, 12, 45, 0
3626, 0, 2, 12, 46, 0
3626, 0, 2, 12, 47, 0
3626, 0, 2, 12, 48, 0
3626, 0, 2, 12, 49, 0
3626, 0, 2, 12, 50, 0
3626, 0, 2, 12, 51, 0
3626, 3, 2, 12, 52, 0
3626, 0, 3, 12, 54, 0
3626, 0, 3, 12, 56, 0
3626, 0, 3, 12, 58, 0
3626, 0, 1, 13, 6, 0
3626, 0, 1, 13, 8, 0
3626, 0, 1, 13, 10, 0
3626, 0, 1, 13, 12, 0
3626, 0, 1, 13, 37, 0
3626, 0, 3, 13, 52, 0
3626, 0, 3, 13, 54, 0
3626, 0, 3, 13, 56, 0
3626, 0, 3, 13, 58, 0
3626, 0, 1, 14, 6, 0
3626, 0, 1, 14, 8, 0
3626, 0, 1, 14, 10, 0
3626, 0, 1, 14, 12, 0
3626, 0, 2, 14, 13, 0
3626, 0, 2, 14, 14, 0
3626, 0, 2, 14, 15, 0
3626, 0, 2, 14, 16, 0
3626, 0, 2, 14, 17, 0
3626, 0, 2, 14, 18, 0
3626, 0, 2, 14, 19, 0
3626, 0, 2, 14, 20, 0
3626, 0, 2, 14, 21, 0
3626, 0, 2, 14, 22, 0
3626, 0, 2, 14, 23, 0
3626, 0, 2, 14, 24, 0
3626, 0, 2, 14, 25, 0
3626, 0, 2, 14, 26, 0
3626, 0, 2, 14, 27, 0
3626, 0, 2, 14, 28, 0
3626, 0, 2, 14, 29, 0
3626, 0, 2, 14, 30, 0
3626, 0, 2, 14, 31, 0
3626, 0, 2, 14, 32, 0
3626, 0, 2, 14, 33, 0
3626, 0, 2, 14, 34, 0
3626, 0, 2, 14, 35, 0
3626, 2, 1, 14, 37, 0
3626, 0, 2, 14, 38, 0
3626, 0, 2, 14, 39, 0
3626, 0, 2, 14, 40, 0
3626, 0, 2, 14, 41, 0
3626, 0, 2, 14, 42, 0
3626, 0, 2, 14, 44, 0
3626, 0, 2, 14, 45, 0
3626, 0, 2, 14, 46, 0
3626, 0, 2, 14, 47, 0
3626, 0, 2, 14, 48, 0
3626, 0, 2, 14, 49, 0
3626, 3, 2, 14, 50, 0
3626, 2, 2, 14, 52, 0
3626, 0, 2, 14, 53, 0
3626, 0, 3, 14, 54, 0
3626, 0, 3, 14, 56, 0
3626, 0, 3, 14, 58, 0
3626, 0, 1, 15, 6, 0
3626, 0, 1, 15, 8, 0
3626, 0, 1, 15, 10, 0
3626, 0, 1, 15, 12, 0
3626, 0, 1, 15, 14, 0
3626, 0, 1, 15, 37, 0
3626, 0, 3, 15, 48, 0
3626, 0, 3, 15, 50, 0
3626, 0, 3, 15, 52, 0
3626, 0, 3, 15, 56, 0
3626, 0, 3, 15, 58, 0
3626, 0, 1, 16, 6, 0
3626, 0, 1, 16, 8, 0
3626, 0, 1, 16, 10, 0
3626, 0, 1, 16, 12, 0
3626, 0, 1, 16, 14, 0
3626, 3, 1, 16, 16, 0
3626, 0, 2, 16, 17, 0
3626, 0, 2, 16, 19, 0
3626, 0, 2, 16, 20, 0
3626, 0, 2, 16, 21, 0
3626, 0, 2, 16, 22, 0
3626, 0, 2, 16, 23, 0
3626, 0, 2, 16, 24, 0
3626, 0, 2, 16, 25, 0
3626, 0, 2, 16, 26, 0
3626, 0, 2, 16, 27, 0
3626, 0, 2, 16, 28, 0
3626, 0, 2, 16, 29, 0
3626, 0, 2, 16, 30, 0
3626, 0, 2, 16, 31, 0
3626, 0, 2, 16, 32, 0
3626, 0, 2, 16, 33, 0
3626, 0, 2, 16, 34, 0
3626, 0, 2, 16, 35, 0
3626, 0, 2, 16, 36, 0
3626, 2, 1, 16, 37, 0
3626, 0, 2, 16, 38, 0
3626, 0, 2, 16, 40, 0
3626, 0, 2, 16, 41, 0
3626, 0, 2, 16, 42, 0
3626, 0, 2, 16, 43, 0
3626, 0, 2, 16, 44, 0
3626, 0, 2, 16, 45, 0
3626, 0, 2, 16, 46, 0
3626, 0, 2, 16, 47, 0
3626, 0, 3, 16, 48, 0
3626, 0, 3, 16, 50, 0
3626, 0, 3, 16, 52, 0
3626, 0, 3, 16, 54, 0
3626, 0, 3, 16, 56, 0
3626, 0, 3, 16, 58, 0
3626, 0, 1, 17, 6, 0
3626, 0, 1, 17, 8, 0
3626, 0, 1, 17, 10, 0
3626, 0, 1, 17, 12, 0
3626, 0, 1, 17, 14, 0
3626, 0, 1, 17, 16, 0
3626, 0, 1, 17, 22, 0
3626, 0, 3, 17, 40, 0
3626, 0, 3, 17, 48, 0
3626, 0, 3, 17, 50, 0
3626, 0, 3, 17, 52, 0
3626, 0, 3, 17, 54, 0
3626, 0, 3, 17, 56, 0
3626, 0, 3, 17, 58, 0
3626, 0, 1, 18, 6, 0
3626, 0, 1, 18, 8, 0
3626, 0, 1, 18, 10, 0
3626, 0, 1, 18, 12, 0
3626, 0, 1, 18, 14, 0
3626, 0, 1, 18, 16, 0
3626, 3, 1, 18, 18, 0
3626, 0, 2, 18, 19, 0
3626, 0, 2, 18, 20, 0
3626, 0, 2, 18, 21, 0
3626, 2, 1, 18, 22, 0
3626, 0, 2, 18, 23, 0
3626, 0, 2, 18, 24, 0
3626, 0, 2, 18, 25, 0
3626, 0, 2, 18, 27, 0
3626, 0, 2, 18, 28, 0
3626, 0, 2, 18, 29, 0
3626, 0, 2, 18, 30, 0
3626, 0, 2, 18, 31, 0
3626, 0, 2, 18, 32, 0
3626, 0, 2, 18, 33, 0
3626, 0, 2, 18, 34, 0
3626, 0, 2, 18, 35, 0
3626, 0, 2, 18, 36, 0
3626, 0, 2, 18, 37, 0
3626, 0, 2, 18, 38, 0
3626, 0, 2, 18, 39, 0
3626, 2, 2, 18, 40, 0
3626, 0, 2, 18, 42, 0
3626, 0, 2, 18, 43, 0
3626, 0, 2, 18, 44, 0
3626, 0, 2, 18, 45, 0
3626, 3, 2, 18, 46, 0
3626, 0, 3, 18, 48, 0
3626, 0, 3, 18, 50, 0
3626, 0, 3, 18, 52, 0
3626, 0, 3, 18, 54, 0
3626, 0, 3, 18, 58, 0
3626, 0, 1, 19, 6, 0
3626, 0, 1, 19, 8, 0
3626, 0, 1, 19, 10, 0
3626, 0, 1, 19, 12, 0
3626, 0, 1, 19, 14, 0
3626, 0, 1, 19, 16, 0
3626, 0, 1, 19, 18, 0
3626, 0, 3, 19, 35, 0
3626, 0, 3, 19, 46, 0
3626, 0, 3, 19, 48, 0
3626, 0, 3, 19, 50, 0
3626, 0, 3, 19, 54, 0
3626, 0, 3, 19, 56, 0
3626, 0, 3, 19, 58, 0
3626, 0, 1, 20, 6, 0
3626, 0, 1, 20, 8, 0
3626, 0, 1, 20, 10, 0
3626, 0, 1, 20, 12, 0
3626, 0, 1, 20, 14, 0
3626, 0, 1, 20, 16, 0
3626, 0, 1, 20, 18, 0
3626, 3, 1, 20, 20, 0
3626, 0, 2, 20, 21, 0
3626, 0, 2, 20, 22, 0
3626, 0, 2, 20, 24, 0
3626, 0, 2, 20, 25, 0
3626, 0, 2, 20, 26, 0
3626, 0, 2, 20, 27, 0
3626, 0, 2, 20, 28, 0
3626, 0, 2, 20, 29, 0
3626, 0, 2, 20, 30, 0
3626, 0, 2, 20, 31, 0
3626, 0, 2, 20, 32, 0
3626, 0, 2, 20, 33, 0
3626, 0, 2, 20, 34, 0
3626, 2, 2, 20, 35, 0
3626, 0, 2, 20, 36, 0
3626, 0, 2, 20, 37, 0
3626, 0, 2, 20, 38, 0
3626, 0, 2, 20, 39, 0
3626, 0, 2, 20, 40, 0
3626, 0, 2, 20, 41, 0
3626, 0, 2, 20, 42, 0
3626, 0, 2, 20, 43, 0
3626, 3, 2, 20, 44, 0
3626, 0, 3, 20, 46, 0
3626, 0, 3, 20, 48, 0
3626, 0, 3, 20, 50, 0
3626, 0, 3, 20, 52, 0
3626, 0, 3, 20, 54, 0
3626, 0, 3, 20, 56, 0
3626, 0, 3, 20, 58, 0
3626, 0, 1, 21, 6, 0
3626, 0, 0, 21, 7, 0
3626, 2, 0, 21, 8, 0
3626, 0, 1, 21, 10, 0
3626, 0, 1, 21, 12, 0
3626, 0, 1, 21, 14, 0
3626, 0, 1, 21, 16, 0
3626, 0, 1, 21, 18, 0
3626, 0, 1, 21, 20, 0
3626, 0, 1, 21, 27, 0
3626, 0, 3, 21, 44, 0
3626, 0, 3, 21, 46, 0
3626, 0, 3, 21, 48, 0
3626, 2, 2, 21, 50, 0
3626, 0, 2, 21, 51, 0
3626, 0, 3, 21, 52, 0
3626, 0, 3, 21, 54, 0
3626, 0, 3, 21, 56, 0
3626, 0, 3, 21, 58, 0
3626, 0, 1, 22, 6, 0
3626, 0, 1, 22, 8, 0
3626, 0, 1, 22, 10, 0
3626, 0, 1, 22, 12, 0
3626, 0, 1, 22, 14, 0
3626, 0, 0, 22, 15, 0
3626, 2, 0, 22, 16, 0
3626, 0, 1, 22, 18, 0
3626, 0, 1, 22, 20, 0
3626, 3, 1, 22, 22, 0
3626, 0, 2, 22, 23, 0
3626, 0, 2, 22, 24, 0
3626, 0, 2, 22, 25, 0
3626, 0, 2, 22, 26, 0
3626, 2, 1, 22, 27, 0
3626, 0, 2, 22, 28, 0
3626, 0, 2, 22, 29, 0
3626, 0, 2, 22, 30, 0
3626, 0, 2, 22, 32, 0
3626, 0, 2, 22, 33, 0
3626, 0, 2, 22, 34, 0
3626, 0, 2, 22, 35, 0
3626, 0, 2, 22, 36, 0
3626, 0, 2, 22, 37, 0
3626, 0, 2, 22, 38, 0
3626, 0, 2, 22, 39, 0
3626, 0, 2, 22, 40, 0
3626, 0, 2, 22, 41, 0
3626, 3, 2, 22, 42, 0
3626, 0, 3, 22, 44, 0
3626, 0, 3, 22, 46, 0
3626, 0, 3, 22, 48, 0
3626, 0, 3, 22, 50, 0
3626, 0, 3, 22, 52, 0
3626, 0, 3, 22, 54, 0
3626, 0, 3, 22, 56, 0
3626, 0, 3, 22, 58, 0
3626, 0, 1, 23, 6, 0
3626, 0, 1, 23, 8, 0
3626, 0, 1, 23, 12, 0
3626, 0, 1, 23, 14, 0
3626, 0, 1, 23, 16, 0
3626, 0, 1, 23, 18, 0
3626, 0, 1, 23, 20, 0
3626, 0, 1, 23, 22, 0
3626, 0, 3, 23, 42, 0
3626, 0, 3, 23, 46, 0
3626, 0, 3, 23, 48, 0
3626, 0, 3, 23, 52, 0
3626, 2, 2, 23, 54, 0
3626, 0, 2, 23, 55, 0
3626, 0, 3, 23, 56, 0
3626, 0, 3, 23, 58, 0
3626, 0, 1, 24, 6, 0
3626, 0, 1, 24, 8, 0
3626, 0, 1, 24, 10, 0
3626, 0, 1, 24, 12, 0
3626, 0, 1, 24, 14, 0
3626, 0, 1, 24, 16, 0
3626, 0, 1, 24, 18, 0
3626, 0, 1, 24, 20, 0
3626, 0, 1, 24, 22, 0
3626, 3, 1, 24, 24, 0
3626, 0, 2, 24, 25, 0
3626, 0, 2, 24, 26, 0
3626, 0, 2, 24, 27, 0
3626, 0, 2, 24, 28, 0
3626, 0, 2, 24, 30, 0
3626, 0, 2, 24, 31, 0
3626, 0, 2, 24, 32, 0
3626, 0, 2, 24, 33, 0
3626, 0, 2, 24, 34, 0
3626, 0, 2, 24, 35, 0
3626, 0, 2, 24, 36, 0
3626, 0, 2, 24, 37, 0
3626, 0, 2, 24, 38, 0
3626, 0, 2, 24, 39, 0
3626, 3, 2, 24, 40, 0
3626, 0, 3, 24, 42, 0
3626, 0, 3, 24, 44, 0
3626, 0, 3, 24, 46, 0
3626, 0, 3, 24, 48, 0
3626, 0, 3, 24, 50, 0
3626, 0, 3, 24, 52, 0
3626, 0, 3, 24, 54, 0
3626, 0, 3, 24, 56, 0
3626, 0, 3, 24, 58, 0
3626, 0, 1, 25, 6, 0
3626, 0, 1, 25, 8, 0
3626, 0, 1, 25, 10, 0
3626, 0, 1, 25, 12, 0
3626, 0, 1, 25, 14, 0
3626, 0, 1, 25, 18, 0
3626, 0, 0, 25, 19, 0
3626, 2, 0, 25, 20, 0
3626, 0, 1, 25, 22, 0
3626, 0, 1, 25, 24, 0
3626, 0, 1, 25, 36, 0
3626, 0, 3, 25, 40, 0
3626, 2, 2, 25, 42, 0
3626, 0, 2, 25, 43, 0
3626, 0, 3, 25, 44, 0
3626, 0, 3, 25, 46, 0
3626, 0, 3, 25, 48, 0
3626, 0, 3, 25, 50, 0
3626, 0, 3, 25, 52, 0
3626, 0, 3, 25, 54, 0
3626, 2, 2, 25, 56, 0
3626, 0, 2, 25, 57, 0
3626, 0, 3, 25, 58, 0
3626, 0, 1, 26, 6, 0
3626, 0, 1, 26, 8, 0
3626, 0, 1, 26, 10, 0
3626, 0, 1, 26, 12, 0
3626, 0, 1, 26, 14, 0
3626, 0, 1, 26, 16, 0
3626, 0, 1, 26, 18, 0
3626, 0, 1, 26, 20, 0
3626, 0, 1, 26, 22, 0
3626, 0, 1, 26, 24, 0
3626, 3, 1, 26, 26, 0
3626, 0, 2, 26, 27, 0
3626, 0, 2, 26, 28, 0
3626, 0, 2, 26, 29, 0
3626, 0, 2, 26, 30, 0
3626, 0, 2, 26, 31, 0
3626, 0, 2, 26, 32, 0
3626, 0, 2, 26, 33, 0
3626, 0, 2, 26, 34, 0
3626, 0, 2, 26, 35, 0
3626, 2, 1, 26, 36, 0
3626, 0, 2, 26, 37, 0
3626, 3, 2, 26, 38, 0
3626, 0, 3, 26, 40, 0
3626, 0, 3, 26, 44, 0
3626, 0, 3, 26, 46, 0
3626, 0, 3, 26, 48, 0
3626, 0, 3, 26, 50, 0
3626, 2, 3, 26, 52, 0
3626, 0, 0, 26, 53, 0
3626, 0, 3, 26, 54, 0
3626, 0, 3, 26, 56, 0
3626, 0, 3, 26, 58, 0
3626, 0, 1, 27, 6, 0
3626, 0, 1, 27, 8, 0
3626, 0, 1, 27, 10, 0
3626, 0, 1, 27, 12, 0
3626, 0, 1, 27, 14, 0
3626, 0, 1, 27, 16, 0
3626, 0, 2, 27, 17, 0
3626, 2, 1, 27, 18, 0
3626, 0, 1, 27, 20, 0
3626, 0, 1, 27, 22, 0
3626, 0, 1, 27, 24, 0
3626, 0, 1, 27, 26, 0
3626, 0, 1, 27, 32, 0
3626, 0, 3, 27, 38, 0
3626, 0, 3, 27, 40, 0
3626, 0, 3, 27, 42, 0
3626, 0, 3, 27, 44, 0
3626, 0, 3, 27, 46, 0
3626, 0, 3, 27, 48, 0
3626, 0, 3, 27, 50, 0
3626, 0, 3, 27, 52, 0
3626, 0, 3, 27, 54, 0
3626, 0, 3, 27, 56, 0
3626, 0, 3, 27, 58, 0
3626, 0, 1, 28, 6, 0
3626, 0, 1, 28, 8, 0
3626, 0, 1, 28, 10, 0
3626, 0, 1, 28, 12, 0
3626, 0, 1, 28, 14, 0
3626, 0, 1, 28, 16, 0
3626, 0, 1, 28, 18, 0
3626, 0, 1, 28, 20, 0
3626, 0, 1, 28, 22, 0
3626, 0, 1, 28, 24, 0
3626, 0, 1, 28, 26, 0
3626, 3, 1, 28, 28, 0
3626, 0, 2, 28, 29, 0
3626, 0, 2, 28, 30, 0
3626, 0, 2, 28, 31, 0
3626, 2, 1, 28, 32, 0
3626, 0, 2, 28, 33, 0
3626, 0, 2, 28, 34, 0
3626, 0, 2, 28, 35, 0
3626, 3, 2, 28, 36, 0
3626, 0, 3, 28, 38, 0
3626, 0, 3, 28, 40, 0
3626, 0, 3, 28, 42, 0
3626, 0, 3, 28, 44, 0
3626, 0, 3, 28, 46, 0
3626, 0, 3, 28, 50, 0
3626, 0, 3, 28, 52, 0
3626, 0, 3, 28, 54, 0
3626, 0, 3, 28, 56, 0
3626, 0, 3, 28, 58, 0
3626, 0, 1, 29, 6, 0
3626, 0, 1, 29, 8, 0
3626, 0, 2, 29, 9, 0
3626, 2, 1, 29, 10, 0
3626, 0, 1, 29, 12, 0
3626, 0, 1, 29, 14, 0
3626, 0, 1, 29, 16, 0
3626, 0, 1, 29, 20, 0
3626, 0, 1, 29, 22, 0
3626, 0, 1, 29, 24, 0
3626, 0, 1, 29, 26, 0
3626, 0, 1, 29, 28, 0
3626, 0, 3, 29, 36, 0
3626, 0, 3, 29, 38, 0
3626, 2, 2, 29, 40, 0
3626, 0, 2, 29, 41, 0
3626, 0, 3, 29, 42, 0
3626, 0, 3, 29, 44, 0
3626, 0, 3, 29, 46, 0
3626, 0, 3, 29, 48, 0
3626, 0, 3, 29, 50, 0
3626, 0, 3, 29, 52, 0
3626, 0, 3, 29, 54, 0
3626, 0, 3, 29, 56, 0
3626, 0, 3, 29, 58, 0
3626, 0, 1, 30, 6, 0
3626, 0, 1, 30, 8, 0
3626, 0, 1, 30, 10, 0
3626, 0, 1, 30, 12, 0
3626, 0, 1, 30, 14, 0
3626, 0, 1, 30, 16, 0
3626, 0, 1, 30, 18, 0
3626, 0, 1, 30, 20, 0
3626, 0, 1, 30, 22, 0
3626, 0, 1, 30, 24, 0
3626, 0, 1, 30, 26, 0
3626, 0, 1, 30, 28, 0
3626, 3, 1, 30, 30, 0
3626, 0, 2, 30, 31, 0
3626, 0, 2, 30, 33, 0
3626, 3, 2, 30, 34, 0
3626, 0, 3, 30, 36, 0
3626, 0, 3, 30, 38, 0
3626, 0, 3, 30, 40, 0
3626, 0, 3, 30, 42, 0
3626, 0, 3, 30, 44, 0
3626, 0, 3, 30, 46, 0
3626, 0, 3, 30, 48, 0
3626, 0, 3, 30, 50, 0
3626, 0, 3, 30, 52, 0
3626, 0, 3, 30, 56, 0
3626, 0, 3, 30, 58, 0
3626, 0, 1, 31, 6, 0
3626, 0, 1, 31, 8, 0
3626, 0, 1, 31, 10, 0
3626, 0, 1, 31, 12, 0
3626, 0, 1, 31, 14, 0
3626, 0, 1, 31, 16, 0
3626, 0, 1, 31, 18, 0
3626, 0, 1, 31, 20, 0
3626, 0, 1, 31, 24, 0
3626, 0, 1, 31, 26, 0
3626, 0, 1, 31, 28, 0
3626, 0, 1, 31, 30, 0
3626, 0, 3, 31, 34, 0
3626, 0, 3, 31, 36, 0
3626, 0, 3, 31, 38, 0
3626, 0, 3, 31, 40, 0
3626, 0, 3, 31, 42, 0
3626, 0, 3, 31, 44, 0
3626, 0, 3, 31, 46, 0
3626, 0, 3, 31, 48, 0
3626, 0, 3, 31, 50, 0
3626, 0, 3, 31, 52, 0
3626, 0, 3, 31, 54, 0
3626, 0, 3, 31, 56, 0
3626, 0, 3, 31, 58, 0
3626, 0, 1, 32, 6, 0
3626, 0, 1, 32, 8, 0
3626, 0, 1, 32, 10, 0
3626, 0, 1, 32, 12, 0
3626, 0, 1, 32, 14, 0
3626, 0, 1, 32, 16, 0
3626, 0, 1, 32, 18, 0
3626, 0, 1, 32, 20, 0
3626, 0, 1, 32, 22, 0
3626, 0, 1, 32, 24, 0
3626, 0, 1, 32, 26, 0
3626, 0, 1, 32, 30, 0
3626, 0, 3, 32, 34, 0
3626, 0, 3, 32, 36, 0
3626, 0, 3, 32, 38, 0
3626, 0, 3, 32, 42, 0
3626, 0, 3, 32, 44, 0
3626, 0, 3, 32, 46, 0
3626, 0, 3, 32, 48, 0
3626, 0, 3, 32, 50, 0
3626, 0, 3, 32, 52, 0
3626, 0, 3, 32, 54, 0
3626, 0, 3, 32, 56, 0
3626, 0, 3, 32, 58, 0
3626, 0, 1, 33, 6, 0
3626, 0, 1, 33, 8, 0
3626, 0, 1, 33, 10, 0
3626, 0, 1, 33, 12, 0
3626, 0, 1, 33, 14, 0
3626, 0, 1, 33, 16, 0
3626, 0, 1, 33, 18, 0
3626, 0, 1, 33, 20, 0
3626, 0, 1, 33, 22, 0
3626, 0, 2, 33, 23, 0
3626, 2, 1, 33, 24, 0
3626, 0, 1, 33, 26, 0
3626, 0, 1, 33, 28, 0
3626, 0, 1, 33, 30, 0
3626, 0, 3, 33, 34, 0
3626, 0, 3, 33, 36, 0
3626, 0, 3, 33, 38, 0
3626, 0, 3, 33, 40, 0
3626, 0, 3, 33, 42, 0
3626, 0, 3, 33, 44, 0
3626, 0, 3, 33, 46, 0
3626, 0, 3, 33, 48, 0
3626, 0, 3, 33, 50, 0
3626, 0, 3, 33, 52, 0
3626, 0, 3, 33, 54, 0
3626, 0, 3, 33, 56, 0
3626, 0, 3, 33, 58, 0
3626, 0, 1, 34, 6, 0
3626, 0, 1, 34, 8, 0
3626, 0, 1, 34, 10, 0
3626, 0, 2, 34, 11, 0
3626, 2, 1, 34, 12, 0
3626, 0, 1, 34, 14, 0
3626, 0, 1, 34, 16, 0
3626, 0, 1, 34, 18, 0
3626, 0, 1, 34, 20, 0
3626, 0, 1, 34, 22, 0
3626, 0, 1, 34, 24, 0
3626, 0, 1, 34, 26, 0
3626, 0, 1, 34, 28, 0
3626, 3, 0, 34, 30, 0
3626, 0, 0, 34, 31, 0
3626, 0, 0, 34, 32, 0
3626, 0, 0, 34, 33, 0
3626, 3, 3, 34, 34, 0
3626, 0, 3, 34, 36, 0
3626, 0, 3, 34, 38, 0
3626, 0, 3, 34, 40, 0
3626, 0, 3, 34, 42, 0
3626, 2, 2, 34, 44, 0
3626, 0, 2, 34, 45, 0
3626, 0, 3, 34, 46, 0
3626, 0, 3, 34, 48, 0
3626, 0, 3, 34, 50, 0
3626, 0, 3, 34, 52, 0
3626, 0, 3, 34, 54, 0
3626, 0, 3, 34, 58, 0
3626, 0, 1, 35, 6, 0
3626, 0, 1, 35, 8, 0
3626, 0, 1, 35, 10, 0
3626, 0, 1, 35, 12, 0
3626, 0, 1, 35, 14, 0
3626, 0, 1, 35, 18, 0
3626, 0, 1, 35, 20, 0
3626, 0, 1, 35, 22, 0
3626, 0, 1, 35, 24, 0
3626, 0, 1, 35, 26, 0
3626, 0, 1, 35, 28, 0
3626, 0, 3, 35, 36, 0
3626, 0, 3, 35, 38, 0
3626, 0, 3, 35, 40, 0
3626, 0, 3, 35, 42, 0
3626, 0, 3, 35, 44, 0
3626, 0, 3, 35, 46, 0
3626, 0, 3, 35, 48, 0
3626, 0, 3, 35, 50, 0
3626, 0, 3, 35, 54, 0
3626, 0, 3, 35, 56, 0
3626, 0, 3, 35, 58, 0
3626, 0, 1, 36, 6, 0
3626, 0, 1, 36, 10, 0
3626, 0, 1, 36, 12, 0
3626, 0, 1, 36, 14, 0
3626, 0, 1, 36, 16, 0
3626, 0, 1, 36, 18, 0
3626, 0, 1, 36, 20, 0
3626, 0, 1, 36, 22, 0
3626, 0, 1, 36, 26, 0
3626, 3, 0, 36, 28, 0
3626, 0, 0, 36, 29, 0
3626, 0, 0, 36, 30, 0
3626, 0, 0, 36, 31, 0
3626, 0, 0, 36, 32, 0
3626, 0, 0, 36, 33, 0
3626, 0, 0, 36, 34, 0
3626, 0, 0, 36, 35, 0
3626, 3, 3, 36, 36, 0
3626, 0, 3, 36, 38, 0
3626, 0, 3, 36, 40, 0
3626, 0, 3, 36, 44, 0
3626, 0, 3, 36, 46, 0
3626, 0, 3, 36, 48, 0
3626, 0, 3, 36, 50, 0
3626, 0, 3, 36, 52, 0
3626, 2, 2, 36, 54, 0
3626, 0, 2, 36, 55, 0
3626, 0, 3, 36, 56, 0
3626, 0, 3, 36, 58, 0
3626, 0, 1, 37, 6, 0
3626, 0, 1, 37, 8, 0
3626, 0, 1, 37, 10, 0
3626, 0, 1, 37, 12, 0
3626, 0, 1, 37, 14, 0
3626, 0, 1, 37, 16, 0
3626, 0, 1, 37, 18, 0
3626, 0, 1, 37, 20, 0
3626, 0, 1, 37, 22, 0
3626, 0, 1, 37, 24, 0
3626, 0, 1, 37, 26, 0
3626, 0, 3, 37, 38, 0
3626, 0, 3, 37, 40, 0
3626, 0, 3, 37, 42, 0
3626, 0, 3, 37, 44, 0
3626, 0, 3, 37, 46, 0
3626, 0, 3, 37, 48, 0
3626, 0, 3, 37, 50, 0
3626, 2, 2, 37, 52, 0
3626, 0, 2, 37, 53, 0
3626, 0, 3, 37, 54, 0
3626, 0, 3, 37, 56, 0
3626, 0, 3, 37, 58, 0
3626, 0, 1, 38, 6, 0
3626, 0, 1, 38, 8, 0
3626, 0, 1, 38, 10, 0
3626, 0, 1, 38, 12, 0
3626, 0, 1, 38, 14, 0
3626, 0, 1, 38, 16, 0
3626, 0, 1, 38, 18, 0
3626, 0, 1, 38, 20, 0
3626, 0, 1, 38, 22, 0
3626, 0, 1, 38, 24, 0
3626, 3, 0, 38, 26, 0
3626, 0, 0, 38, 27, 0
3626, 2, 3, 38, 28, 0
3626, 0, 0, 38, 29, 0
3626, 0, 0, 38, 30, 0
3626, 0, 0, 38, 31, 0
3626, 0, 0, 38, 33, 0
3626, 0, 0, 38, 34, 0
3626, 0, 0, 38, 35, 0
3626, 0, 0, 38, 36, 0
3626, 0, 0, 38, 37, 0
3626, 3, 3, 38, 38, 0
3626, 0, 3, 38, 40, 0
3626, 0, 3, 38, 42, 0
3626, 0, 3, 38, 44, 0
3626, 2, 3, 38, 46, 0
3626, 0, 0, 38, 47, 0
3626, 0, 3, 38, 48, 0
3626, 0, 3, 38, 50, 0
3626, 0, 3, 38, 52, 0
3626, 0, 3, 38, 54, 0
3626, 0, 3, 38, 56, 0
3626, 0, 3, 38, 58, 0
3626, 0, 1, 39, 6, 0
3626, 0, 1, 39, 8, 0
3626, 0, 1, 39, 10, 0
3626, 0, 1, 39, 12, 0
3626, 0, 1, 39, 14, 0
3626, 0, 1, 39, 16, 0
3626, 0, 1, 39, 18, 0
3626, 0, 1, 39, 20, 0
3626, 0, 0, 39, 21, 0
3626, 2, 0, 39, 22, 0
3626, 0, 1, 39, 24, 0
3626, 0, 3, 39, 28, 0
3626, 0, 3, 39, 40, 0
3626, 0, 3, 39, 42, 0
3626, 0, 3, 39, 44, 0
3626, 0, 3, 39, 46, 0
3626, 0, 3, 39, 48, 0
3626, 0, 3, 39, 50, 0
3626, 0, 3, 39, 52, 0
3626, 0, 3, 39, 54, 0
3626, 0, 3, 39, 56, 0
3626, 0, 3, 39, 58, 0
3626, 0, 1, 40, 6, 0
3626, 0, 1, 40, 8, 0
3626, 0, 1, 40, 10, 0
3626, 0, 1, 40, 12, 0
3626, 0, 1, 40, 14, 0
3626, 0, 1, 40, 16, 0
3626, 0, 1, 40, 18, 0
3626, 0, 1, 40, 20, 0
3626, 0, 1, 40, 22, 0
3626, 3, 0, 40, 24, 0
3626, 0, 0, 40, 25, 0
3626, 0, 0, 40, 26, 0
3626, 0, 0, 40, 27, 0
3626, 0, 0, 40, 28, 0
3626, 0, 0, 40, 29, 0
3626, 0, 0, 40, 30, 0
3626, 0, 0, 40, 31, 0
3626, 0, 0, 40, 32, 0
3626, 0, 0, 40, 33, 0
3626, 0, 0, 40, 34, 0
3626, 0, 0, 40, 35, 0
3626, 0, 0, 40, 36, 0
3626, 2, 3, 40, 37, 0
3626, 0, 0, 40, 38, 0
3626, 0, 0, 40, 39, 0
3626, 3, 3, 40, 40, 0
3626, 0, 3, 40, 42, 0
3626, 0, 3, 40, 44, 0
3626, 0, 3, 40, 46, 0
3626, 0, 3, 40, 48, 0
3626, 0, 3, 40, 50, 0
3626, 0, 3, 40, 52, 0
3626, 0, 3, 40, 54, 0
3626, 0, 3, 40, 56, 0
3626, 0, 3, 40, 58, 0
3626, 0, 1, 41, 6, 0
3626, 0, 1, 41, 8, 0
3626, 0, 1, 41, 10, 0
3626, 0, 1, 41, 12, 0
3626, 0, 1, 41, 14, 0
3626, 0, 1, 41, 16, 0
3626, 0, 1, 41, 18, 0
3626, 0, 1, 41, 20, 0
3626, 0, 1, 41, 22, 0
3626, 0, 3, 41, 37, 0
3626, 0, 3, 41, 42, 0
3626, 0, 3, 41, 44, 0
3626, 0, 3, 41, 46, 0
3626, 0, 3, 41, 48, 0
3626, 0, 3, 41, 50, 0
3626, 0, 3, 41, 52, 0
3626, 0, 3, 41, 54, 0
3626, 0, 3, 41, 58, 0
3626, 0, 1, 42, 6, 0
3626, 0, 1, 42, 8, 0
3626, 0, 1, 42, 10, 0
3626, 0, 1, 42, 12, 0
3626, 0, 1, 42, 14, 0
3626, 0, 1, 42, 16, 0
3626, 0, 1, 42, 18, 0
3626, 0, 1, 42, 20, 0
3626, 3, 0, 42, 22, 0
3626, 0, 0, 42, 23, 0
3626, 0, 0, 42, 24, 0
3626, 0, 0, 42, 25, 0
3626, 0, 0, 42, 26, 0
3626, 0, 0, 42, 27, 0
3626, 0, 0, 42, 28, 0
3626, 0, 0, 42, 29, 0
3626, 0, 0, 42, 30, 0
3626, 0, 0, 42, 32, 0
3626, 0, 0, 42, 33, 0
3626, 0, 0, 42, 34, 0
3626, 0, 0, 42, 35, 0
3626, 2, 3, 42, 36, 0
3626, 0, 0, 42, 37, 0
3626, 0, 0, 42, 38, 0
3626, 0, 0, 42, 39, 0
3626, 0, 0, 42, 40, 0
3626, 0, 0, 42, 41, 0
3626, 3, 3, 42, 42, 0
3626, 0, 3, 42, 44, 0
3626, 0, 3, 42, 46, 0
3626, 2, 3, 42, 48, 0
3626, 0, 0, 42, 49, 0
3626, 0, 3, 42, 50, 0
3626, 0, 3, 42, 52, 0
3626, 0, 3, 42, 54, 0
3626, 0, 3, 42, 56, 0
3626, 0, 3, 42, 58, 0
3626, 0, 1, 43, 6, 0
3626, 0, 1, 43, 8, 0
3626, 0, 1, 43, 10, 0
3626, 0, 1, 43, 12, 0
3626, 0, 1, 43, 14, 0
3626, 0, 1, 43, 16, 0
3626, 0, 1, 43, 18, 0
3626, 0, 1, 43, 20, 0
3626, 0, 3, 43, 36, 0
3626, 0, 3, 43, 44, 0
3626, 0, 3, 43, 46, 0
3626, 0, 3, 43, 48, 0
3626, 0, 3, 43, 50, 0
3626, 0, 3, 43, 52, 0
3626, 0, 3, 43, 54, 0
3626, 0, 3, 43, 56, 0
3626, 0, 3, 43, 58, 0
3626, 0, 1, 44, 6, 0
3626, 0, 1, 44, 8, 0
3626, 0, 1, 44, 12, 0
3626, 0, 1, 44, 14, 0
3626, 0, 1, 44, 16, 0
3626, 0, 1, 44, 18, 0
3626, 3, 0, 44, 20, 0
3626, 0, 0, 44, 21, 0
3626, 0, 0, 44, 23, 0
3626, 0, 0, 44, 24, 0
3626, 0, 0, 44, 25, 0
3626, 0, 0, 44, 26, 0
3626, 0, 0, 44, 27, 0
3626, 0, 0, 44, 28, 0
3626, 2, 3, 44, 29, 0
3626, 0, 0, 44, 30, 0
3626, 0, 0, 44, 31, 0
3626, 0, 0, 44, 32, 0
3626, 0, 0, 44, 33, 0
3626, 0, 0, 44, 34, 0
3626, 0, 0, 44, 35, 0
3626, 0, 0, 44, 36, 0
3626, 0, 0, 44, 37, 0
3626, 0, 0, 44, 38, 0
3626, 0, 0, 44, 40, 0
3626, 0, 0, 44, 41, 0
3626, 0, 0, 44, 42, 0
3626, 0, 0, 44, 43, 0
3626, 3, 3, 44, 44, 0
3626, 0, 3, 44, 46, 0
3626, 0, 3, 44, 48, 0
3626, 0, 3, 44, 50, 0
3626, 0, 3, 44, 52, 0
3626, 0, 3, 44, 54, 0
3626, 0, 3, 44, 56, 0
3626, 0, 3, 44, 58, 0
3626, 0, 1, 45, 6, 0
3626, 0, 1, 45, 8, 0
3626, 0, 1, 45, 10, 0
3626, 0, 1, 45, 12, 0
3626, 0, 1, 45, 14, 0
3626, 0, 1, 45, 16, 0
3626, 0, 1, 45, 18, 0
3626, 0, 3, 45, 29, 0
3626, 0, 3, 45, 46, 0
3626, 0, 3, 45, 48, 0
3626, 0, 3, 45, 50, 0
3626, 0, 3, 45, 52, 0
3626, 0, 3, 45, 54, 0
3626, 0, 3, 45, 56, 0
3626, 0, 3, 45, 58, 0
3626, 0, 1, 46, 6, 0
3626, 0, 1, 46, 8, 0
3626, 0, 1, 46, 10, 0
3626, 0, 1, 46, 12, 0
3626, 0, 1, 46, 14, 0
3626, 0, 1, 46, 16, 0
3626, 0, 1, 46, 18, 0
3626, 0, 0, 46, 19, 0
3626, 0, 0, 46, 20, 0
3626, 0, 0, 46, 21, 0
3626, 0, 0, 46, 22, 0
3626, 0, 0, 46, 23, 0
3626, 0, 0, 46, 24, 0
3626, 0, 0, 46, 25, 0
3626, 0, 0, 46, 26, 0
3626, 0, 0, 46, 27, 0
3626, 0, 0, 46, 28, 0
3626, 0, 0, 46, 29, 0
3626, 0, 0, 46, 30, 0
3626, 0, 0, 46, 31, 0
3626, 0, 0, 46, 32, 0
3626, 0, 0, 46, 33, 0
3626, 0, 0, 46, 35, 0
3626, 0, 0, 46, 36, 0
3626, 0, 0, 46, 37, 0
3626, 0, 0, 46, 38, 0
3626, 0, 0, 46, 39, 0
3626, 0, 0, 46, 40, 0
3626, 0, 0, 46, 41, 0
3626, 0, 0, 46, 42, 0
3626, 0, 0, 46, 43, 0
3626, 0, 0, 46, 44, 0
3626, 0, 0, 46, 45, 0
3626, 3, 3, 46, 46, 0
3626, 0, 3, 46, 48, 0
3626, 0, 3, 46, 50, 0
3626, 0, 3, 46, 52, 0
3626, 0, 3, 46, 54, 0
3626, 0, 3, 46, 56, 0
3626, 0, 3, 46, 58, 0
3626, 0, 1, 47, 6, 0
3626, 0, 1, 47, 8, 0
3626, 0, 1, 47, 10, 0
3626, 0, 1, 47, 12, 0
3626, 0, 1, 47, 14, 0
3626, 0, 1, 47, 16, 0
3626, 0, 1, 47, 18, 0
3626, 0, 3, 47, 48, 0
3626, 0, 3, 47, 50, 0
3626, 0, 3, 47, 52, 0
3626, 0, 3, 47, 54, 0
3626, 0, 3, 47, 56, 0
3626, 0, 3, 47, 58, 0
3626, 0, 1, 48, 6, 0
3626, 0, 1, 48, 8, 0
3626, 0, 1, 48, 10, 0
3626, 0, 1, 48, 12, 0
3626, 0, 1, 48, 14, 0
3626, 0, 0, 48, 15, 0
3626, 0, 0, 48, 16, 0
3626, 0, 0, 48, 17, 0
3626, 0, 0, 48, 18, 0
3626, 0, 0, 48, 19, 0
3626, 0, 0, 48, 20, 0
3626, 0, 0, 48, 21, 0
3626, 0, 0, 48, 22, 0
3626, 0, 0, 48, 23, 0
3626, 0, 0, 48, 24, 0
3626, 0, 0, 48, 25, 0
3626, 0, 0, 48, 26, 0
3626, 0, 0, 48, 27, 0
3626, 0, 0, 48, 28, 0
3626, 0, 0, 48, 29, 0
3626, 0, 0, 48, 30, 0
3626, 0, 0, 48, 31, 0
3626, 0, 0, 48, 32, 0
3626, 0, 0, 48, 33, 0
3626, 0, 0, 48, 34, 0
3626, 0, 0, 48, 35, 0
3626, 0, 0, 48, 36, 0
3626, 0, 0, 48, 37, 0
3626, 0, 0, 48, 38, 0
3626, 0, 0, 48, 39, 0
3626, 0, 0, 48, 40, 0
3626, 2, 0, 48, 41, 0
3626, 0, 0, 48, 42, 0
3626, 0, 0, 48, 43, 0
3626, 0, 0, 48, 45, 0
3626, 0, 0, 48, 46, 0
3626, 0, 0, 48, 47, 0
3626, 3, 3, 48, 48, 0
3626, 0, 3, 48, 50, 0
3626, 0, 3, 48, 52, 0
3626, 0, 3, 48, 56, 0
3626, 0, 3, 48, 58, 0
3626, 0, 1, 49, 6, 0
3626, 0, 1, 49, 8, 0
3626, 0, 1, 49, 10, 0
3626, 0, 1, 49, 12, 0
3626, 0, 1, 49, 14, 0
3626, 0, 1, 49, 41, 0
3626, 0, 3, 49, 50, 0
3626, 0, 3, 49, 52, 0
3626, 0, 3, 49, 54, 0
3626, 0, 3, 49, 56, 0
3626, 0, 3, 49, 58, 0
3626, 0, 1, 50, 6, 0
3626, 0, 1, 50, 8, 0
3626, 0, 1, 50, 10, 0
3626, 0, 1, 50, 12, 0
3626, 0, 0, 50, 13, 0
3626, 0, 0, 50, 14, 0
3626, 0, 0, 50, 15, 0
3626, 0, 0, 50, 16, 0
3626, 0, 0, 50, 17, 0
3626, 0, 0, 50, 18, 0
3626, 0, 0, 50, 19, 0
3626, 0, 0, 50, 20, 0
3626, 0, 0, 50, 21, 0
3626, 0, 0, 50, 22, 0
3626, 0, 0, 50, 23, 0
3626, 0, 0, 50, 24, 0
3626, 0, 0, 50, 25, 0
3626, 0, 0, 50, 26, 0
3626, 0, 0, 50, 27, 0
3626, 0, 0, 50, 28, 0
3626, 0, 0, 50, 30, 0
3626, 0, 0, 50, 31, 0
3626, 0, 0, 50, 32, 0
3626, 0, 0, 50, 33, 0
3626, 2, 3, 50, 34, 0
3626, 0, 0, 50, 35, 0
3626, 0, 0, 50, 36, 0
3626, 0, 0, 50, 38, 0
3626, 0, 0, 50, 39, 0
3626, 0, 0, 50, 40, 0
3626, 0, 0, 50, 41, 0
3626, 0, 0, 50, 43, 0
3626, 0, 0, 50, 44, 0
3626, 0, 0, 50, 45, 0
3626, 0, 0, 50, 46, 0
3626, 0, 0, 50, 47, 0
3626, 0, 0, 50, 48, 0
3626, 0, 0, 50, 49, 0
3626, 0, 0, 50, 50, 0
3626, 0, 0, 50, 51, 0
3626, 0, 3, 50, 52, 0
3626, 0, 3, 50, 54, 0
3626, 0, 3, 50, 56, 0
3626, 0, 3, 50, 58, 0
3626, 0, 1, 51, 6, 0
3626, 0, 1, 51, 8, 0
3626, 0, 1, 51, 10, 0
3626, 0, 1, 51, 12, 0
3626, 0, 3, 51, 34, 0
3626, 0, 3, 51, 52, 0
3626, 0, 3, 51, 54, 0
3626, 0, 3, 51, 56, 0
3626, 0, 3, 51, 58, 0
3626, 0, 1, 52, 6, 0
3626, 0, 1, 52, 8, 0
3626, 0, 1, 52, 10, 0
3626, 3, 0, 52, 12, 0
3626, 0, 0, 52, 13, 0
3626, 0, 0, 52, 14, 0
3626, 0, 0, 52, 15, 0
3626, 2, 0, 52, 16, 0
3626, 0, 0, 52, 18, 0
3626, 0, 0, 52, 19, 0
3626, 0, 0, 52, 20, 0
3626, 0, 0, 52, 21, 0
3626, 0, 0, 52, 22, 0
3626, 0, 0, 52, 23, 0
3626, 0, 0, 52, 24, 0
3626, 0, 0, 52, 25, 0
3626, 0, 0, 52, 26, 0
3626, 0, 0, 52, 27, 0
3626, 0, 0, 52, 28, 0
3626, 0, 0, 52, 29, 0
3626, 0, 0, 52, 30, 0
3626, 0, 0, 52, 31, 0
3626, 0, 0, 52, 32, 0
3626, 0, 0, 52, 33, 0
3626, 0, 0, 52, 34, 0
3626, 0, 0, 52, 35, 0
3626, 2, 3, 52, 36, 0
3626, 0, 0, 52, 37, 0
3626, 0, 0, 52, 38, 0
3626, 0, 0, 52, 39, 0
3626, 0, 0, 52, 40, 0
3626, 0, 0, 52, 41, 0
3626, 0, 0, 52, 42, 0
3626, 0, 0, 52, 43, 0
3626, 0, 0, 52, 44, 0
3626, 0, 0, 52, 45, 0
3626, 0, 0, 52, 46, 0
3626, 0, 0, 52, 47, 0
3626, 0, 0, 52, 48, 0
3626, 0, 0, 52, 49, 0
3626, 0, 0, 52, 50, 0
3626, 0, 0, 52, 51, 0
3626, 3, 3, 52, 52, 0
3626, 0, 3, 52, 54, 0
3626, 0, 3, 52, 56, 0
3626, 0, 3, 52, 58, 0
3626, 0, 1, 53, 6, 0
3626, 0, 1, 53, 8, 0
3626, 0, 1, 53, 10, 0
3626, 0, 1, 53, 16, 0
3626, 0, 3, 53, 36, 0
3626, 0, 3, 53, 54, 0
3626, 0, 3, 53, 56, 0
3626, 0, 3, 53, 58, 0
3626, 0, 1, 54, 6, 0
3626, 0, 1, 54, 8, 0
3626, 0, 0, 54, 9, 0
3626, 0, 0, 54, 10, 0
3626, 0, 0, 54, 11, 0
3626, 0, 0, 54, 12, 0
3626, 0, 0, 54, 13, 0
3626, 0, 0, 54, 14, 0
3626, 0, 0, 54, 15, 0
3626, 0, 0, 54, 16, 0
3626, 0, 0, 54, 17, 0
3626, 0, 0, 54, 18, 0
3626, 0, 0, 54, 19, 0
3626, 0, 0, 54, 20, 0
3626, 0, 0, 54, 22, 0
3626, 0, 0, 54, 23, 0
3626, 0, 0, 54, 24, 0
3626, 0, 0, 54, 25, 0
3626, 0, 0, 54, 26, 0
3626, 0, 0, 54, 27, 0
3626, 0, 0, 54, 28, 0
3626, 0, 0, 54, 29, 0
3626, 0, 0, 54, 30, 0
3626, 0, 0, 54, 31, 0
3626, 0, 0, 54, 32, 0
3626, 0, 0, 54, 33, 0
3626, 0, 0, 54, 34, 0
3626, 2, 3, 54, 35, 0
3626, 0, 0, 54, 36, 0
3626, 0, 0, 54, 37, 0
3626, 0, 0, 54, 38, 0
3626, 0, 0, 54, 39, 0
3626, 0, 0, 54, 40, 0
3626, 0, 0, 54, 41, 0
3626, 0, 0, 54, 42, 0
3626, 0, 0, 54, 43, 0
3626, 0, 0, 54, 44, 0
3626, 0, 0, 54, 45, 0
3626, 0, 0, 54, 46, 0
3626, 2, 0, 54, 47, 0
3626, 0, 0, 54, 48, 0
3626, 0, 0, 54, 49, 0
3626, 0, 0, 54, 50, 0
3626, 0, 0, 54, 51, 0
3626, 0, 0, 54, 52, 0
3626, 0, 0, 54, 53, 0
3626, 3, 3, 54, 54, 0
3626, 0, 3, 54, 56, 0
3626, 0, 3, 54, 58, 0
3626, 0, 1, 55, 6, 0
3626, 0, 1, 55, 8, 0
3626, 0, 3, 55, 35, 0
3626, 0, 1, 55, 47, 0
3626, 0, 3, 55, 56, 0
3626, 0, 3, 55, 58, 0
3626, 0, 1, 56, 6, 0
3626, 3, 0, 56, 8, 0
3626, 0, 0, 56, 9, 0
3626, 0, 0, 56, 10, 0
3626, 0, 0, 56, 11, 0
3626, 0, 0, 56, 12, 0
3626, 0, 0, 56, 13, 0
3626, 0, 0, 56, 14, 0
3626, 0, 0, 56, 15, 0
3626, 0, 0, 56, 17, 0
3626, 0, 0, 56, 18, 0
3626, 0, 0, 56, 19, 0
3626, 0, 0, 56, 20, 0
3626, 0, 0, 56, 21, 0
3626, 0, 0, 56, 22, 0
3626, 0, 0, 56, 23, 0
3626, 0, 0, 56, 24, 0
3626, 0, 0, 56, 25, 0
3626, 0, 0, 56, 26, 0
3626, 0, 0, 56, 27, 0
3626, 0, 0, 56, 28, 0
3626, 2, 3, 56, 29, 0
3626, 0, 0, 56, 30, 0
3626, 0, 0, 56, 31, 0
3626, 0, 0, 56, 32, 0
3626, 0, 0, 56, 33, 0
3626, 0, 0, 56, 34, 0
3626, 0, 0, 56, 35, 0
3626, 0, 0, 56, 36, 0
3626, 0, 0, 56, 37, 0
3626, 0, 0, 56, 38, 0
3626, 0, 0, 56, 39, 0
3626, 0, 0, 56, 40, 0
3626, 0, 0, 56, 41, 0
3626, 0, 0, 56, 42, 0
3626, 0, 0, 56, 43, 0
3626, 0, 0, 56, 44, 0
3626, 0, 0, 56, 45, 0
3626, 0, 0, 56, 46, 0
3626, 0, 0, 56, 47, 0
3626, 0, 0, 56, 48, 0
3626, 0, 0, 56, 49, 0
3626, 0, 0, 56, 50, 0
3626, 0, 0, 56, 51, 0
3626, 0, 0, 56, 52, 0
3626, 0, 0, 56, 53, 0
3626, 0, 0, 56, 54, 0
3626, 0, 0, 56, 55, 0
3626, 0, 3, 56, 56, 0
3626, 0, 3, 56, 58, 0
3626, 0, 1, 57, 6, 0
3626, 0, 3, 57, 29, 0
3626, 0, 3, 57, 56, 0
3626, 0, 3, 57, 58, 0
3626, 3, 0, 58, 6, 0
3626, 0, 0, 58, 7, 0
3626, 0, 0, 58, 8, 0
3626, 0, 0, 58, 9, 0
3626, 0, 0, 58, 10, 0
3626, 0, 0, 58, 11, 0
3626, 0, 0, 58, 12, 0
3626, 0, 0, 58, 13, 0
3626, 0, 0, 58, 14, 0
3626, 0, 0, 58, 15, 0
3626, 0, 0, 58, 16, 0
3626, 0, 0, 58, 17, 0
3626, 0, 0, 58, 18, 0
3626, 0, 0, 58, 19, 0
3626, 0, 0, 58, 20, 0
3626, 0, 0, 58, 21, 0
3626, 0, 0, 58, 22, 0
3626, 0, 0, 58, 23, 0
3626, 0, 0, 58, 24, 0
3626, 0, 0, 58, 25, 0
3626, 0, 0, 58, 26, 0
3626, 0, 0, 58, 27, 0
3626, 0, 0, 58, 28, 0
3626, 0, 0, 58, 29, 0
3626, 0, 0, 58, 30, 0
3626, 0, 0, 58, 31, 0
3626, 0, 0, 58, 32, 0
3626, 0, 0, 58, 33, 0
3626, 0, 0, 58, 34, 0
3626, 0, 0, 58, 35, 0
3626, 0, 0, 58, 36, 0
3626, 0, 0, 58, 37, 0
3626, 0, 0, 58, 38, 0
3626, 0, 0, 58, 39, 0
3626, 0, 0, 58, 40, 0
3626, 0, 0, 58, 41, 0
3626, 0, 0, 58, 42, 0
3626, 0, 0, 58, 43, 0
3626, 0, 0, 58, 44, 0
3626, 0, 0, 58, 45, 0
3626, 0, 0, 58, 46, 0
3626, 0, 0, 58, 47, 0
3626, 0, 0, 58, 48, 0
3626, 0, 0, 58, 49, 0
3626, 0, 0, 58, 50, 0
3626, 0, 0, 58, 51, 0
3626, 0, 0, 58, 52, 0
3626, 0, 0, 58, 53, 0
3626, 0, 0, 58, 54, 0
3626, 0, 0, 58, 55, 0
3626, 0, 0, 58, 56, 0
3626, 0, 0, 58, 57, 0
3626, 3, 3, 58, 58, 0
3628, 0, 2, 8, 43, 0
3628, 0, 2, 10, 19, 0
3628, 0, 2, 10, 48, 0
3628, 0, 2, 12, 30, 0
3628, 0, 2, 14, 36, 0
3628, 0, 2, 14, 43, 0
3628, 0, 3, 15, 54, 0
3628, 0, 2, 16, 18, 0
3628, 0, 2, 16, 39, 0
3628, 0, 2, 18, 26, 0
3628, 0, 2, 18, 41, 0
3628, 0, 3, 18, 56, 0
3628, 0, 3, 19, 52, 0
3628, 0, 2, 20, 23, 0
3628, 0, 1, 23, 10, 0
3628, 0, 3, 23, 44, 0
3628, 0, 3, 23, 50, 0
3628, 0, 1, 25, 16, 0
3628, 0, 3, 28, 48, 0
3628, 0, 1, 29, 18, 0
3628, 0, 2, 30, 32, 0
3628, 0, 3, 30, 54, 0
3628, 0, 1, 31, 22, 0
3628, 0, 1, 32, 28, 0
3628, 0, 3, 32, 40, 0
3628, 0, 3, 34, 56, 0
3628, 0, 1, 35, 16, 0
3628, 0, 3, 35, 52, 0
3628, 0, 1, 36, 8, 0
3628, 0, 1, 36, 24, 0
3628, 0, 3, 36, 42, 0
3628, 0, 0, 38, 32, 0
3628, 0, 3, 41, 56, 0
3628, 0, 0, 42, 31, 0
3628, 0, 1, 44, 10, 0
3628, 0, 0, 44, 22, 0
3628, 0, 0, 46, 34, 0
3628, 0, 0, 48, 44, 0
3628, 0, 3, 48, 54, 0
3628, 0, 0, 50, 29, 0
3628, 0, 0, 50, 37, 0
3628, 0, 0, 50, 42, 0
3628, 0, 0, 52, 17, 0
3628, 0, 0, 54, 21, 0
3628, 0, 0, 56, 16, 0
3629, 0, 2, 22, 31, 0
3630, 0, 2, 24, 29, 0
3631, 0, 3, 26, 42, 0
3632, 0, 0, 44, 39, 0
3634, 10, 0, 31, 31, 0
3635, 10, 2, 10, 55, 0
3635, 10, 2, 11, 41, 0
3635, 10, 1, 15, 48, 0
3635, 10, 2, 16, 47, 0
3635, 10, 0, 19, 35, 0
3635, 10, 2, 20, 34, 0
3635, 10, 3, 21, 16, 0
3635, 10, 3, 37, 46, 0
3635, 10, 1, 38, 46, 0
3635, 10, 2, 44, 28, 0
3635, 10, 0, 45, 29, 0
3635, 10, 2, 50, 51, 0
3648, 22, 1, 5, 5, 0
3648, 22, 2, 5, 6, 0
3648, 22, 3, 5, 7, 0
3648, 22, 0, 5, 8, 0
3648, 22, 0, 5, 9, 0
3648, 22, 1, 5, 10, 0
3648, 22, 1, 5, 11, 0
3648, 22, 2, 5, 12, 0
3648, 22, 3, 5, 13, 0
3648, 22, 0, 5, 14, 0
3648, 22, 0, 5, 45, 0
3648, 22, 0, 5, 46, 0
3648, 22, 2, 5, 47, 0
3648, 22, 0, 5, 48, 0
3648, 22, 3, 5, 49, 0
3648, 22, 2, 5, 50, 0
3648, 22, 0, 5, 51, 0
3648, 22, 3, 5, 52, 0
3648, 22, 3, 5, 53, 0
3648, 22, 2, 5, 54, 0
3648, 22, 0, 5, 55, 0
3648, 22, 3, 5, 56, 0
3648, 22, 3, 5, 57, 0
3648, 22, 2, 5, 58, 0
3648, 22, 1, 5, 59, 0
3648, 22, 0, 6, 5, 0
3648, 22, 3, 6, 6, 0
3648, 22, 3, 6, 7, 0
3648, 22, 2, 6, 8, 0
3648, 22, 0, 6, 9, 0
3648, 22, 2, 6, 10, 0
3648, 22, 1, 6, 11, 0
3648, 22, 0, 6, 12, 0
3648, 22, 3, 6, 24, 0
3648, 22, 2, 6, 46, 0
3648, 22, 2, 6, 47, 0
3648, 22, 3, 6, 48, 0
3648, 22, 1, 6, 49, 0
3648, 22, 1, 6, 50, 0
3648, 22, 2, 6, 51, 0
3648, 22, 3, 6, 52, 0
3648, 22, 1, 6, 53, 0
3648, 22, 1, 6, 54, 0
3648, 22, 1, 6, 55, 0
3648, 22, 1, 6, 56, 0
3648, 22, 3, 6, 57, 0
3648, 22, 0, 6, 58, 0
3648, 22, 2, 6, 59, 0
3648, 22, 2, 7, 5, 0
3648, 22, 1, 7, 6, 0
3648, 22, 0, 7, 7, 0
3648, 22, 3, 7, 8, 0
3648, 22, 0, 7, 9, 0
3648, 22, 0, 7, 10, 0
3648, 22, 0, 7, 22, 0
3648, 22, 0, 7, 23, 0
3648, 22, 1, 7, 24, 0
3648, 22, 1, 7, 25, 0
3648, 22, 2, 7, 26, 0
3648, 22, 3, 7, 53, 0
3648, 22, 0, 7, 54, 0
3648, 22, 0, 7, 55, 0
3648, 22, 1, 7, 56, 0
3648, 22, 2, 7, 57, 0
3648, 22, 2, 7, 58, 0
3648, 22, 0, 7, 59, 0
3648, 22, 2, 8, 5, 0
3648, 22, 3, 8, 6, 0
3648, 22, 2, 8, 7, 0
3648, 22, 3, 8, 8, 0
3648, 22, 1, 8, 9, 0
3648, 22, 1, 8, 10, 0
3648, 22, 2, 8, 23, 0
3648, 22, 3, 8, 24, 0
3648, 22, 3, 8, 25, 0
3648, 22, 1, 8, 55, 0
3648, 22, 0, 8, 56, 0
3648, 22, 1, 8, 57, 0
3648, 22, 0, 8, 58, 0
3648, 22, 0, 8, 59, 0
3648, 22, 3, 9, 5, 0
3648, 22, 1, 9, 6, 0
3648, 22, 2, 9, 7, 0
3648, 22, 1, 9, 8, 0
3648, 22, 2, 9, 9, 0
3648, 22, 3, 9, 10, 0
3648, 22, 2, 9, 24, 0
3648, 22, 3, 9, 34, 0
3648, 22, 2, 9, 35, 0
3648, 22, 0, 9, 36, 0
3648, 22, 1, 9, 37, 0
3648, 22, 1, 9, 57, 0
3648, 22, 1, 9, 58, 0
3648, 22, 2, 9, 59, 0
3648, 22, 0, 10, 5, 0
3648, 22, 0, 10, 6, 0
3648, 22, 0, 10, 7, 0
3648, 22, 3, 10, 8, 0
3648, 22, 2, 10, 9, 0
3648, 22, 1, 10, 10, 0
3648, 22, 1, 10, 35, 0
3648, 22, 1, 10, 36, 0
3648, 22, 2, 10, 57, 0
3648, 22, 2, 10, 58, 0
3648, 22, 3, 10, 59, 0
3648, 22, 1, 11, 5, 0
3648, 22, 3, 11, 6, 0
3648, 22, 1, 11, 7, 0
3648, 22, 0, 11, 8, 0
3648, 22, 3, 11, 9, 0
3648, 22, 1, 11, 10, 0
3648, 22, 2, 11, 11, 0
3648, 22, 3, 11, 35, 0
3648, 22, 0, 11, 36, 0
3648, 22, 3, 11, 58, 0
3648, 22, 1, 11, 59, 0
3648, 22, 1, 12, 5, 0
3648, 22, 2, 12, 6, 0
3648, 22, 0, 12, 7, 0
3648, 22, 1, 12, 9, 0
3648, 22, 0, 12, 10, 0
3648, 22, 3, 12, 11, 0
3648, 22, 0, 12, 12, 0
3648, 22, 0, 12, 58, 0
3648, 22, 2, 12, 59, 0
3648, 22, 2, 13, 5, 0
3648, 22, 3, 13, 6, 0
3648, 22, 1, 13, 59, 0
3648, 22, 0, 14, 5, 0
3648, 22, 1, 14, 6, 0
3648, 22, 0, 14, 27, 0
3648, 22, 1, 14, 59, 0
3648, 22, 1, 15, 5, 0
3648, 22, 2, 15, 25, 0
3648, 22, 3, 15, 26, 0
3648, 22, 3, 15, 27, 0
3648, 22, 2, 15, 59, 0
3648, 22, 2, 16, 5, 0
3648, 22, 2, 16, 25, 0
3648, 22, 2, 16, 26, 0
3648, 22, 3, 16, 28, 0
3648, 22, 3, 16, 59, 0
3648, 22, 2, 17, 23, 0
3648, 22, 2, 17, 24, 0
3648, 22, 3, 17, 25, 0
3648, 22, 1, 17, 26, 0
3648, 22, 0, 17, 27, 0
3648, 22, 1, 18, 23, 0
3648, 22, 2, 18, 24, 0
3648, 22, 1, 18, 25, 0
3648, 22, 1, 18, 27, 0
3648, 22, 3, 19, 23, 0
3648, 22, 3, 19, 24, 0
3648, 22, 1, 19, 25, 0
3648, 22, 0, 19, 26, 0
3648, 22, 2, 20, 23, 0
3648, 22, 1, 20, 24, 0
3648, 22, 0, 21, 23, 0
3648, 22, 2, 21, 24, 0
3648, 22, 0, 22, 23, 0
3648, 22, 1, 22, 24, 0
3648, 22, 0, 22, 48, 0
3648, 22, 3, 23, 12, 0
3648, 22, 2, 23, 23, 0
3648, 22, 3, 23, 24, 0
3648, 22, 2, 23, 25, 0
3648, 22, 1, 23, 26, 0
3648, 22, 1, 23, 48, 0
3648, 22, 0, 24, 11, 0
3648, 22, 1, 24, 12, 0
3648, 22, 0, 24, 13, 0
3648, 22, 2, 24, 23, 0
3648, 22, 2, 24, 24, 0
3648, 22, 2, 24, 25, 0
3648, 22, 2, 24, 48, 0
3648, 22, 1, 25, 9, 0
3648, 22, 1, 25, 10, 0
3648, 22, 2, 25, 11, 0
3648, 22, 1, 25, 12, 0
3648, 22, 1, 25, 24, 0
3648, 22, 3, 25, 25, 0
3648, 22, 0, 25, 26, 0
3648, 22, 3, 25, 27, 0
3648, 22, 1, 25, 47, 0
3648, 22, 0, 25, 48, 0
3648, 22, 0, 26, 10, 0
3648, 22, 1, 26, 11, 0
3648, 22, 2, 26, 12, 0
3648, 22, 1, 26, 25, 0
3648, 22, 3, 26, 26, 0
3648, 22, 1, 26, 47, 0
3648, 22, 0, 26, 48, 0
3648, 22, 0, 27, 11, 0
3648, 22, 3, 27, 12, 0
3648, 22, 2, 27, 27, 0
3648, 22, 0, 27, 28, 0
3648, 22, 1, 27, 29, 0
3648, 22, 2, 27, 31, 0
3648, 22, 3, 27, 32, 0
3648, 22, 1, 27, 33, 0
3648, 22, 3, 27, 34, 0
3648, 22, 1, 27, 35, 0
3648, 22, 3, 27, 36, 0
3648, 22, 1, 27, 37, 0
3648, 22, 0, 27, 47, 0
3648, 22, 3, 27, 48, 0
3648, 22, 3, 27, 49, 0
3648, 22, 0, 28, 27, 0
3648, 22, 2, 28, 28, 0
3648, 22, 3, 28, 29, 0
3648, 22, 0, 28, 30, 0
3648, 22, 1, 28, 31, 0
3648, 22, 2, 28, 32, 0
3648, 22, 3, 28, 33, 0
3648, 22, 0, 28, 34, 0
3648, 22, 1, 28, 35, 0
3648, 22, 2, 28, 36, 0
3648, 22, 2, 28, 37, 0
3648, 22, 2, 28, 45, 0
3648, 22, 1, 28, 46, 0
3648, 22, 1, 28, 47, 0
3648, 22, 1, 28, 48, 0
3648, 22, 2, 29, 27, 0
3648, 22, 1, 29, 28, 0
3648, 22, 3, 29, 36, 0
3648, 22, 3, 29, 37, 0
3648, 22, 2, 29, 39, 0
3648, 22, 3, 29, 45, 0
3648, 22, 0, 29, 46, 0
3648, 22, 2, 30, 27, 0
3648, 22, 0, 30, 28, 0
3648, 22, 0, 30, 36, 0
3648, 22, 2, 30, 37, 0
3648, 22, 2, 30, 38, 0
3648, 22, 1, 30, 39, 0
3648, 22, 3, 30, 44, 0
3648, 22, 1, 30, 45, 0
3648, 22, 3, 31, 27, 0
3648, 22, 3, 31, 28, 0
3648, 22, 0, 31, 31, 0
3648, 22, 3, 31, 32, 0
3648, 22, 0, 31, 33, 0
3648, 22, 1, 31, 36, 0
3648, 22, 3, 31, 37, 0
3648, 22, 2, 31, 38, 0
3648, 22, 2, 31, 39, 0
3648, 22, 1, 31, 40, 0
3648, 22, 3, 31, 41, 0
3648, 22, 0, 31, 42, 0
3648, 22, 0, 31, 43, 0
3648, 22, 2, 31, 44, 0
3648, 22, 1, 31, 45, 0
3648, 22, 0, 32, 17, 0
3648, 22, 2, 32, 18, 0
3648, 22, 3, 32, 27, 0
3648, 22, 2, 32, 28, 0
3648, 22, 1, 32, 31, 0
3648, 22, 2, 32, 32, 0
3648, 22, 1, 32, 33, 0
3648, 22, 3, 32, 36, 0
3648, 22, 0, 32, 37, 0
3648, 22, 2, 32, 38, 0
3648, 22, 1, 32, 39, 0
3648, 22, 0, 32, 40, 0
3648, 22, 0, 32, 41, 0
3648, 22, 0, 32, 42, 0
3648, 22, 0, 32, 43, 0
3648, 22, 2, 32, 44, 0
3648, 22, 1, 32, 45, 0
3648, 22, 3, 33, 16, 0
3648, 22, 1, 33, 17, 0
3648, 22, 1, 33, 18, 0
3648, 22, 1, 33, 19, 0
3648, 22, 3, 33, 20, 0
3648, 22, 0, 33, 21, 0
3648, 22, 1, 33, 22, 0
3648, 22, 0, 33, 27, 0
3648, 22, 1, 33, 28, 0
3648, 22, 2, 33, 31, 0
3648, 22, 3, 33, 32, 0
3648, 22, 0, 33, 33, 0
3648, 22, 3, 33, 36, 0
3648, 22, 2, 33, 37, 0
3648, 22, 3, 33, 38, 0
3648, 22, 1, 33, 39, 0
3648, 22, 3, 33, 40, 0
3648, 22, 1, 33, 41, 0
3648, 22, 3, 33, 42, 0
3648, 22, 3, 33, 43, 0
3648, 22, 0, 33, 44, 0
3648, 22, 2, 33, 45, 0
3648, 22, 3, 33, 46, 0
3648, 22, 2, 34, 20, 0
3648, 22, 2, 34, 21, 0
3648, 22, 3, 34, 22, 0
3648, 22, 2, 34, 23, 0
3648, 22, 3, 34, 24, 0
3648, 22, 2, 34, 25, 0
3648, 22, 2, 34, 27, 0
3648, 22, 0, 34, 28, 0
3648, 22, 0, 34, 36, 0
3648, 22, 0, 34, 37, 0
3648, 22, 2, 34, 38, 0
3648, 22, 1, 34, 39, 0
3648, 22, 3, 34, 43, 0
3648, 22, 2, 34, 44, 0
3648, 22, 3, 34, 45, 0
3648, 22, 1, 34, 46, 0
3648, 22, 2, 35, 21, 0
3648, 22, 1, 35, 22, 0
3648, 22, 0, 35, 23, 0
3648, 22, 3, 35, 24, 0
3648, 22, 1, 35, 25, 0
3648, 22, 1, 35, 26, 0
3648, 22, 0, 35, 27, 0
3648, 22, 2, 35, 28, 0
3648, 22, 1, 35, 36, 0
3648, 22, 1, 35, 37, 0
3648, 22, 2, 35, 38, 0
3648, 22, 2, 35, 45, 0
3648, 22, 0, 35, 46, 0
3648, 22, 3, 35, 47, 0
3648, 22, 1, 36, 22, 0
3648, 22, 1, 36, 24, 0
3648, 22, 3, 36, 25, 0
3648, 22, 0, 36, 26, 0
3648, 22, 1, 36, 27, 0
3648, 22, 0, 36, 28, 0
3648, 22, 3, 36, 29, 0
3648, 22, 2, 36, 30, 0
3648, 22, 0, 36, 31, 0
3648, 22, 3, 36, 32, 0
3648, 22, 2, 36, 33, 0
3648, 22, 1, 36, 34, 0
3648, 22, 0, 36, 35, 0
3648, 22, 3, 36, 36, 0
3648, 22, 3, 36, 37, 0
3648, 22, 1, 36, 46, 0
3648, 22, 2, 36, 47, 0
3648, 22, 2, 36, 48, 0
3648, 22, 0, 36, 49, 0
3648, 22, 3, 37, 25, 0
3648, 22, 1, 37, 26, 0
3648, 22, 0, 37, 27, 0
3648, 22, 2, 37, 28, 0
3648, 22, 1, 37, 29, 0
3648, 22, 1, 37, 30, 0
3648, 22, 0, 37, 31, 0
3648, 22, 2, 37, 32, 0
3648, 22, 0, 37, 33, 0
3648, 22, 2, 37, 34, 0
3648, 22, 1, 37, 35, 0
3648, 22, 3, 37, 36, 0
3648, 22, 2, 37, 37, 0
3648, 22, 1, 37, 47, 0
3648, 22, 3, 37, 48, 0
3648, 22, 1, 37, 49, 0
3648, 22, 3, 38, 24, 0
3648, 22, 1, 38, 25, 0
3648, 22, 1, 38, 26, 0
3648, 22, 3, 38, 27, 0
3648, 22, 2, 38, 47, 0
3648, 22, 1, 38, 48, 0
3648, 22, 1, 38, 49, 0
3648, 22, 2, 39, 25, 0
3648, 22, 2, 39, 26, 0
3648, 22, 3, 39, 27, 0
3648, 22, 2, 39, 49, 0
3648, 22, 0, 39, 50, 0
3648, 22, 1, 39, 51, 0
3648, 22, 2, 40, 9, 0
3648, 22, 3, 40, 10, 0
3648, 22, 0, 40, 11, 0
3648, 22, 3, 40, 24, 0
3648, 22, 3, 40, 25, 0
3648, 22, 1, 40, 26, 0
3648, 22, 3, 40, 49, 0
3648, 22, 2, 40, 50, 0
3648, 22, 2, 40, 51, 0
3648, 22, 1, 41, 9, 0
3648, 22, 3, 41, 10, 0
3648, 22, 0, 41, 11, 0
3648, 22, 1, 41, 12, 0
3648, 22, 3, 41, 24, 0
3648, 22, 0, 41, 25, 0
3648, 22, 2, 41, 26, 0
3648, 22, 0, 41, 50, 0
3648, 22, 2, 41, 51, 0
3648, 22, 1, 42, 8, 0
3648, 22, 1, 42, 9, 0
3648, 22, 3, 42, 10, 0
3648, 22, 3, 42, 11, 0
3648, 22, 2, 42, 13, 0
3648, 22, 1, 42, 23, 0
3648, 22, 2, 42, 24, 0
3648, 22, 2, 42, 25, 0
3648, 22, 3, 42, 26, 0
3648, 22, 1, 42, 49, 0
3648, 22, 3, 42, 50, 0
3648, 22, 3, 42, 51, 0
3648, 22, 2, 43, 8, 0
3648, 22, 0, 43, 9, 0
3648, 22, 0, 43, 10, 0
3648, 22, 2, 43, 11, 0
3648, 22, 2, 43, 12, 0
3648, 22, 3, 43, 13, 0
3648, 22, 0, 43, 21, 0
3648, 22, 0, 43, 22, 0
3648, 22, 1, 43, 23, 0
3648, 22, 2, 43, 24, 0
3648, 22, 1, 43, 25, 0
3648, 22, 0, 43, 49, 0
3648, 22, 0, 43, 50, 0
3648, 22, 0, 44, 9, 0
3648, 22, 3, 44, 11, 0
3648, 22, 3, 44, 12, 0
3648, 22, 1, 44, 13, 0
3648, 22, 0, 44, 14, 0
3648, 22, 1, 44, 22, 0
3648, 22, 0, 44, 23, 0
3648, 22, 3, 44, 24, 0
3648, 22, 2, 44, 35, 0
3648, 22, 3, 44, 48, 0
3648, 22, 0, 44, 49, 0
3648, 22, 0, 44, 50, 0
3648, 22, 3, 44, 51, 0
3648, 22, 0, 45, 9, 0
3648, 22, 2, 45, 10, 0
3648, 22, 1, 45, 11, 0
3648, 22, 3, 45, 12, 0
3648, 22, 3, 45, 13, 0
3648, 22, 0, 45, 23, 0
3648, 22, 3, 45, 24, 0
3648, 22, 2, 45, 35, 0
3648, 22, 0, 45, 36, 0
3648, 22, 1, 45, 37, 0
3648, 22, 3, 45, 38, 0
3648, 22, 2, 45, 48, 0
3648, 22, 2, 45, 49, 0
3648, 22, 3, 46, 10, 0
3648, 22, 1, 46, 11, 0
3648, 22, 1, 46, 12, 0
3648, 22, 2, 46, 13, 0
3648, 22, 2, 46, 14, 0
3648, 22, 2, 46, 21, 0
3648, 22, 1, 46, 22, 0
3648, 22, 3, 46, 24, 0
3648, 22, 3, 46, 34, 0
3648, 22, 3, 46, 35, 0
3648, 22, 3, 46, 36, 0
3648, 22, 1, 46, 37, 0
3648, 22, 1, 46, 38, 0
3648, 22, 2, 46, 39, 0
3648, 22, 3, 46, 47, 0
3648, 22, 1, 46, 59, 0
3648, 22, 1, 47, 5, 0
3648, 22, 0, 47, 10, 0
3648, 22, 1, 47, 11, 0
3648, 22, 0, 47, 12, 0
3648, 22, 3, 47, 13, 0
3648, 22, 3, 47, 14, 0
3648, 22, 0, 47, 23, 0
3648, 22, 1, 47, 24, 0
3648, 22, 2, 47, 31, 0
3648, 22, 1, 47, 32, 0
3648, 22, 3, 47, 33, 0
3648, 22, 0, 47, 34, 0
3648, 22, 3, 47, 35, 0
3648, 22, 1, 47, 36, 0
3648, 22, 0, 47, 37, 0
3648, 22, 0, 47, 46, 0
3648, 22, 0, 47, 59, 0
3648, 22, 1, 48, 5, 0
3648, 22, 2, 48, 13, 0
3648, 22, 3, 48, 14, 0
3648, 22, 1, 48, 15, 0
3648, 22, 1, 48, 32, 0
3648, 22, 0, 48, 33, 0
3648, 22, 1, 48, 34, 0
3648, 22, 0, 48, 35, 0
3648, 22, 1, 48, 36, 0
3648, 22, 2, 49, 5, 0
3648, 22, 0, 49, 32, 0
3648, 22, 2, 49, 33, 0
3648, 22, 0, 49, 34, 0
3648, 22, 3, 49, 35, 0
3648, 22, 3, 49, 59, 0
3648, 22, 3, 50, 5, 0
3648, 22, 3, 50, 30, 0
3648, 22, 3, 50, 31, 0
3648, 22, 2, 50, 32, 0
3648, 22, 1, 50, 33, 0
3648, 22, 1, 50, 34, 0
3648, 22, 2, 50, 59, 0
3648, 22, 3, 51, 5, 0
3648, 22, 3, 51, 6, 0
3648, 22, 0, 51, 31, 0
3648, 22, 1, 51, 32, 0
3648, 22, 1, 51, 33, 0
3648, 22, 2, 51, 58, 0
3648, 22, 2, 51, 59, 0
3648, 22, 0, 52, 5, 0
3648, 22, 2, 52, 6, 0
3648, 22, 3, 52, 31, 0
3648, 22, 0, 52, 32, 0
3648, 22, 2, 52, 33, 0
3648, 22, 3, 52, 34, 0
3648, 22, 0, 52, 54, 0
3648, 22, 3, 52, 57, 0
3648, 22, 1, 52, 58, 0
3648, 22, 3, 53, 5, 0
3648, 22, 1, 53, 6, 0
3648, 22, 2, 53, 7, 0
3648, 22, 3, 53, 29, 0
3648, 22, 2, 53, 30, 0
3648, 22, 0, 53, 31, 0
3648, 22, 3, 53, 32, 0
3648, 22, 2, 53, 33, 0
3648, 22, 0, 53, 34, 0
3648, 22, 1, 53, 35, 0
3648, 22, 3, 53, 36, 0
3648, 22, 3, 53, 54, 0
3648, 22, 3, 53, 55, 0
3648, 22, 2, 53, 56, 0
3648, 22, 0, 53, 57, 0
3648, 22, 0, 53, 59, 0
3648, 22, 0, 54, 5, 0
3648, 22, 3, 54, 6, 0
3648, 22, 0, 54, 7, 0
3648, 22, 3, 54, 28, 0
3648, 22, 0, 54, 29, 0
3648, 22, 1, 54, 30, 0
3648, 22, 1, 54, 31, 0
3648, 22, 1, 54, 32, 0
3648, 22, 0, 54, 33, 0
3648, 22, 3, 54, 34, 0
3648, 22, 0, 54, 35, 0
3648, 22, 0, 54, 36, 0
3648, 22, 0, 54, 53, 0
3648, 22, 2, 54, 54, 0
3648, 22, 3, 54, 55, 0
3648, 22, 2, 54, 56, 0
3648, 22, 0, 54, 57, 0
3648, 22, 2, 54, 58, 0
3648, 22, 2, 54, 59, 0
3648, 22, 1, 55, 5, 0
3648, 22, 0, 55, 6, 0
3648, 22, 3, 55, 7, 0
3648, 22, 0, 55, 30, 0
3648, 22, 2, 55, 32, 0
3648, 22, 2, 55, 33, 0
3648, 22, 0, 55, 34, 0
3648, 22, 1, 55, 35, 0
3648, 22, 1, 55, 52, 0
3648, 22, 2, 55, 57, 0
3648, 22, 3, 55, 58, 0
3648, 22, 0, 55, 59, 0
3648, 22, 1, 56, 5, 0
3648, 22, 1, 56, 6, 0
3648, 22, 1, 56, 7, 0
3648, 22, 2, 56, 8, 0
3648, 22, 1, 56, 32, 0
3648, 22, 3, 56, 33, 0
3648, 22, 1, 56, 34, 0
3648, 22, 0, 56, 35, 0
3648, 22, 1, 56, 36, 0
3648, 22, 2, 56, 37, 0
3648, 22, 1, 56, 58, 0
3648, 22, 2, 56, 59, 0
3648, 22, 1, 57, 5, 0
3648, 22, 2, 57, 6, 0
3648, 22, 1, 57, 7, 0
3648, 22, 2, 57, 8, 0
3648, 22, 2, 57, 9, 0
3648, 22, 2, 57, 33, 0
3648, 22, 1, 57, 34, 0
3648, 22, 0, 57, 35, 0
3648, 22, 0, 57, 37, 0
3648, 22, 3, 57, 38, 0
3648, 22, 2, 57, 57, 0
3648, 22, 3, 57, 58, 0
3648, 22, 2, 57, 59, 0
3648, 22, 3, 58, 5, 0
3648, 22, 2, 58, 6, 0
3648, 22, 3, 58, 7, 0
3648, 22, 0, 58, 8, 0
3648, 22, 1, 58, 9, 0
3648, 22, 1, 58, 10, 0
3648, 22, 1, 58, 11, 0
3648, 22, 2, 58, 13, 0
3648, 22, 2, 58, 56, 0
3648, 22, 0, 58, 57, 0
3648, 22, 3, 58, 58, 0
3648, 22, 2, 58, 59, 0
3648, 22, 3, 59, 5, 0
3648, 22, 1, 59, 6, 0
3648, 22, 2, 59, 7, 0
3648, 22, 2, 59, 8, 0
3648, 22, 1, 59, 9, 0
3648, 22, 0, 59, 10, 0
3648, 22, 3, 59, 11, 0
3648, 22, 0, 59, 12, 0
3648, 22, 2, 59, 13, 0
3648, 22, 3, 59, 14, 0
3648, 22, 2, 59, 15, 0
3648, 22, 1, 59, 16, 0
3648, 22, 1, 59, 56, 0
3648, 22, 1, 59, 57, 0
3648, 22, 0, 59, 58, 0
3648, 22, 1, 59, 59, 0
3649, 22, 2, 5, 15, 0
3649, 22, 3, 5, 17, 0
3649, 22, 1, 5, 24, 0
3649, 22, 2, 5, 25, 0
3649, 22, 1, 5, 42, 0
3649, 22, 0, 5, 43, 0
3649, 22, 3, 5, 44, 0
3649, 22, 1, 6, 13, 0
3649, 22, 0, 6, 14, 0
3649, 22, 3, 6, 15, 0
3649, 22, 2, 6, 21, 0
3649, 22, 3, 6, 22, 0
3649, 22, 0, 6, 23, 0
3649, 22, 3, 6, 26, 0
3649, 22, 3, 6, 44, 0
3649, 22, 1, 6, 45, 0
3649, 22, 0, 7, 11, 0
3649, 22, 2, 7, 12, 0
3649, 22, 1, 7, 21, 0
3649, 22, 1, 7, 27, 0
3649, 22, 1, 7, 28, 0
3649, 22, 3, 7, 35, 0
3649, 22, 1, 7, 36, 0
3649, 22, 3, 7, 37, 0
3649, 22, 0, 7, 46, 0
3649, 22, 3, 7, 47, 0
3649, 22, 2, 7, 48, 0
3649, 22, 1, 7, 49, 0
3649, 22, 2, 7, 50, 0
3649, 22, 2, 7, 51, 0
3649, 22, 1, 7, 52, 0
3649, 22, 1, 8, 11, 0
3649, 22, 0, 8, 21, 0
3649, 22, 0, 8, 22, 0
3649, 22, 0, 8, 26, 0
3649, 22, 1, 8, 33, 0
3649, 22, 2, 8, 34, 0
3649, 22, 2, 8, 35, 0
3649, 22, 1, 8, 36, 0
3649, 22, 0, 8, 37, 0
3649, 22, 0, 8, 38, 0
3649, 22, 3, 8, 50, 0
3649, 22, 1, 8, 51, 0
3649, 22, 0, 8, 53, 0
3649, 22, 3, 8, 54, 0
3649, 22, 2, 9, 11, 0
3649, 22, 2, 9, 22, 0
3649, 22, 2, 9, 23, 0
3649, 22, 3, 9, 25, 0
3649, 22, 2, 9, 26, 0
3649, 22, 0, 9, 33, 0
3649, 22, 3, 9, 38, 0
3649, 22, 0, 9, 45, 0
3649, 22, 2, 9, 49, 0
3649, 22, 3, 9, 54, 0
3649, 22, 2, 9, 55, 0
3649, 22, 0, 9, 56, 0
3649, 22, 3, 10, 11, 0
3649, 22, 0, 10, 12, 0
3649, 22, 1, 10, 23, 0
3649, 22, 3, 10, 24, 0
3649, 22, 3, 10, 33, 0
3649, 22, 2, 10, 34, 0
3649, 22, 1, 10, 37, 0
3649, 22, 0, 10, 39, 0
3649, 22, 2, 10, 50, 0
3649, 22, 3, 10, 51, 0
3649, 22, 3, 10, 56, 0
3649, 22, 2, 11, 12, 0
3649, 22, 1, 11, 34, 0
3649, 22, 2, 11, 37, 0
3649, 22, 0, 11, 53, 0
3649, 22, 1, 11, 56, 0
3649, 22, 3, 11, 57, 0
3649, 22, 3, 12, 8, 0
3649, 22, 3, 12, 13, 0
3649, 22, 1, 12, 35, 0
3649, 22, 0, 12, 36, 0
3649, 22, 0, 12, 56, 0
3649, 22, 0, 12, 57, 0
3649, 22, 1, 13, 7, 0
3649, 22, 0, 13, 8, 0
3649, 22, 1, 13, 9, 0
3649, 22, 3, 13, 11, 0
3649, 22, 3, 13, 12, 0
3649, 22, 1, 13, 13, 0
3649, 22, 1, 13, 14, 0
3649, 22, 0, 13, 26, 0
3649, 22, 3, 13, 27, 0
3649, 22, 1, 13, 55, 0
3649, 22, 3, 13, 57, 0
3649, 22, 1, 13, 58, 0
3649, 22, 2, 14, 7, 0
3649, 22, 2, 14, 11, 0
3649, 22, 3, 14, 16, 0
3649, 22, 2, 14, 25, 0
3649, 22, 1, 14, 26, 0
3649, 22, 2, 14, 28, 0
3649, 22, 2, 14, 48, 0
3649, 22, 1, 14, 56, 0
3649, 22, 0, 14, 58, 0
3649, 22, 0, 15, 6, 0
3649, 22, 3, 15, 24, 0
3649, 22, 0, 15, 28, 0
3649, 22, 3, 15, 29, 0
3649, 22, 3, 15, 58, 0
3649, 22, 1, 16, 6, 0
3649, 22, 1, 16, 22, 0
3649, 22, 3, 16, 23, 0
3649, 22, 3, 16, 24, 0
3649, 22, 1, 16, 29, 0
3649, 22, 1, 16, 34, 0
3649, 22, 0, 16, 35, 0
3649, 22, 2, 16, 58, 0
3649, 22, 3, 17, 5, 0
3649, 22, 2, 17, 17, 0
3649, 22, 2, 17, 22, 0
3649, 22, 1, 17, 28, 0
3649, 22, 1, 17, 29, 0
3649, 22, 1, 17, 58, 0
3649, 22, 0, 17, 59, 0
3649, 22, 1, 18, 13, 0
3649, 22, 2, 18, 21, 0
3649, 22, 0, 18, 22, 0
3649, 22, 0, 18, 28, 0
3649, 22, 3, 18, 57, 0
3649, 22, 1, 19, 22, 0
3649, 22, 1, 19, 27, 0
3649, 22, 2, 19, 28, 0
3649, 22, 3, 19, 48, 0
3649, 22, 3, 20, 22, 0
3649, 22, 3, 20, 25, 0
3649, 22, 0, 20, 27, 0
3649, 22, 0, 20, 47, 0
3649, 22, 2, 20, 48, 0
3649, 22, 3, 21, 21, 0
3649, 22, 3, 21, 22, 0
3649, 22, 2, 21, 25, 0
3649, 22, 3, 21, 47, 0
3649, 22, 2, 21, 49, 0
3649, 22, 2, 22, 11, 0
3649, 22, 2, 22, 12, 0
3649, 22, 3, 22, 13, 0
3649, 22, 0, 22, 18, 0
3649, 22, 2, 22, 21, 0
3649, 22, 1, 22, 22, 0
3649, 22, 1, 22, 25, 0
3649, 22, 3, 22, 26, 0
3649, 22, 0, 22, 27, 0
3649, 22, 2, 22, 39, 0
3649, 22, 0, 22, 47, 0
3649, 22, 0, 22, 49, 0
3649, 22, 0, 23, 10, 0
3649, 22, 1, 23, 11, 0
3649, 22, 1, 23, 13, 0
3649, 22, 0, 23, 22, 0
3649, 22, 1, 23, 27, 0
3649, 22, 1, 23, 39, 0
3649, 22, 0, 23, 46, 0
3649, 22, 0, 23, 47, 0
3649, 22, 0, 23, 49, 0
3649, 22, 1, 23, 55, 0
3649, 22, 1, 24, 8, 0
3649, 22, 2, 24, 9, 0
3649, 22, 3, 24, 10, 0
3649, 22, 3, 24, 14, 0
3649, 22, 1, 24, 22, 0
3649, 22, 0, 24, 26, 0
3649, 22, 3, 24, 27, 0
3649, 22, 2, 24, 28, 0
3649, 22, 0, 24, 39, 0
3649, 22, 2, 24, 47, 0
3649, 22, 2, 24, 49, 0
3649, 22, 0, 24, 50, 0
3649, 22, 0, 25, 8, 0
3649, 22, 0, 25, 13, 0
3649, 22, 2, 25, 23, 0
3649, 22, 1, 25, 28, 0
3649, 22, 3, 25, 33, 0
3649, 22, 3, 25, 37, 0
3649, 22, 0, 25, 38, 0
3649, 22, 2, 25, 46, 0
3649, 22, 3, 25, 49, 0
3649, 22, 3, 25, 50, 0
3649, 22, 3, 26, 8, 0
3649, 22, 2, 26, 9, 0
3649, 22, 0, 26, 13, 0
3649, 22, 3, 26, 24, 0
3649, 22, 3, 26, 27, 0
3649, 22, 0, 26, 28, 0
3649, 22, 0, 26, 29, 0
3649, 22, 3, 26, 30, 0
3649, 22, 3, 26, 31, 0
3649, 22, 0, 26, 32, 0
3649, 22, 1, 26, 34, 0
3649, 22, 2, 26, 35, 0
3649, 22, 2, 26, 36, 0
3649, 22, 0, 26, 37, 0
3649, 22, 2, 26, 38, 0
3649, 22, 1, 26, 45, 0
3649, 22, 3, 26, 46, 0
3649, 22, 1, 26, 49, 0
3649, 22, 1, 26, 50, 0
3649, 22, 1, 27, 9, 0
3649, 22, 0, 27, 10, 0
3649, 22, 2, 27, 13, 0
3649, 22, 0, 27, 24, 0
3649, 22, 1, 27, 25, 0
3649, 22, 2, 27, 26, 0
3649, 22, 1, 27, 30, 0
3649, 22, 1, 27, 39, 0
3649, 22, 3, 27, 40, 0
3649, 22, 1, 27, 43, 0
3649, 22, 3, 27, 44, 0
3649, 22, 0, 27, 45, 0
3649, 22, 0, 27, 46, 0
3649, 22, 0, 27, 50, 0
3649, 22, 0, 28, 6, 0
3649, 22, 3, 28, 10, 0
3649, 22, 2, 28, 11, 0
3649, 22, 1, 28, 12, 0
3649, 22, 3, 28, 13, 0
3649, 22, 2, 28, 26, 0
3649, 22, 1, 28, 38, 0
3649, 22, 0, 28, 39, 0
3649, 22, 2, 28, 40, 0
3649, 22, 2, 28, 44, 0
3649, 22, 2, 28, 49, 0
3649, 22, 3, 28, 50, 0
3649, 22, 0, 29, 21, 0
3649, 22, 1, 29, 26, 0
3649, 22, 2, 29, 29, 0
3649, 22, 3, 29, 30, 0
3649, 22, 0, 29, 31, 0
3649, 22, 2, 29, 32, 0
3649, 22, 3, 29, 33, 0
3649, 22, 0, 29, 34, 0
3649, 22, 1, 29, 35, 0
3649, 22, 2, 29, 38, 0
3649, 22, 1, 29, 40, 0
3649, 22, 1, 29, 43, 0
3649, 22, 3, 29, 44, 0
3649, 22, 3, 29, 47, 0
3649, 22, 0, 29, 48, 0
3649, 22, 3, 29, 54, 0
3649, 22, 1, 29, 59, 0
3649, 22, 1, 30, 25, 0
3649, 22, 3, 30, 26, 0
3649, 22, 1, 30, 29, 0
3649, 22, 0, 30, 30, 0
3649, 22, 2, 30, 31, 0
3649, 22, 1, 30, 32, 0
3649, 22, 0, 30, 33, 0
3649, 22, 3, 30, 34, 0
3649, 22, 2, 30, 35, 0
3649, 22, 1, 30, 40, 0
3649, 22, 0, 30, 41, 0
3649, 22, 3, 30, 42, 0
3649, 22, 2, 30, 43, 0
3649, 22, 1, 30, 46, 0
3649, 22, 3, 30, 47, 0
3649, 22, 2, 30, 57, 0
3649, 22, 0, 30, 58, 0
3649, 22, 1, 30, 59, 0
3649, 22, 2, 31, 16, 0
3649, 22, 3, 31, 17, 0
3649, 22, 0, 31, 18, 0
3649, 22, 1, 31, 19, 0
3649, 22, 0, 31, 26, 0
3649, 22, 0, 31, 29, 0
3649, 22, 0, 31, 30, 0
3649, 22, 2, 31, 34, 0
3649, 22, 3, 31, 35, 0
3649, 22, 3, 31, 46, 0
3649, 22, 1, 31, 57, 0
3649, 22, 2, 31, 59, 0
3649, 22, 0, 32, 15, 0
3649, 22, 1, 32, 16, 0
3649, 22, 2, 32, 19, 0
3649, 22, 3, 32, 20, 0
3649, 22, 1, 32, 21, 0
3649, 22, 2, 32, 22, 0
3649, 22, 0, 32, 23, 0
3649, 22, 2, 32, 29, 0
3649, 22, 3, 32, 30, 0
3649, 22, 1, 32, 34, 0
3649, 22, 0, 32, 35, 0
3649, 22, 2, 32, 46, 0
3649, 22, 0, 32, 47, 0
3649, 22, 0, 32, 58, 0
3649, 22, 3, 32, 59, 0
3649, 22, 2, 33, 15, 0
3649, 22, 2, 33, 24, 0
3649, 22, 3, 33, 25, 0
3649, 22, 0, 33, 26, 0
3649, 22, 1, 33, 29, 0
3649, 22, 2, 33, 30, 0
3649, 22, 0, 33, 34, 0
3649, 22, 2, 33, 35, 0
3649, 22, 0, 33, 47, 0
3649, 22, 3, 34, 15, 0
3649, 22, 1, 34, 16, 0
3649, 22, 0, 34, 17, 0
3649, 22, 3, 34, 18, 0
3649, 22, 2, 34, 19, 0
3649, 22, 1, 34, 26, 0
3649, 22, 0, 34, 29, 0
3649, 22, 1, 34, 30, 0
3649, 22, 0, 34, 31, 0
3649, 22, 1, 34, 32, 0
3649, 22, 2, 34, 33, 0
3649, 22, 3, 34, 34, 0
3649, 22, 3, 34, 35, 0
3649, 22, 1, 34, 40, 0
3649, 22, 1, 34, 41, 0
3649, 22, 3, 34, 42, 0
3649, 22, 2, 34, 47, 0
3649, 22, 1, 34, 48, 0
3649, 22, 2, 34, 49, 0
3649, 22, 1, 35, 19, 0
3649, 22, 0, 35, 20, 0
3649, 22, 3, 35, 29, 0
3649, 22, 2, 35, 30, 0
3649, 22, 1, 35, 31, 0
3649, 22, 3, 35, 32, 0
3649, 22, 2, 35, 33, 0
3649, 22, 1, 35, 34, 0
3649, 22, 3, 35, 35, 0
3649, 22, 2, 35, 39, 0
3649, 22, 0, 35, 40, 0
3649, 22, 0, 35, 43, 0
3649, 22, 2, 35, 44, 0
3649, 22, 0, 35, 48, 0
3649, 22, 2, 35, 49, 0
3649, 22, 0, 35, 50, 0
3649, 22, 1, 36, 9, 0
3649, 22, 3, 36, 20, 0
3649, 22, 2, 36, 21, 0
3649, 22, 3, 36, 23, 0
3649, 22, 0, 36, 38, 0
3649, 22, 2, 36, 39, 0
3649, 22, 2, 36, 44, 0
3649, 22, 3, 36, 45, 0
3649, 22, 3, 36, 50, 0
3649, 22, 0, 36, 56, 0
3649, 22, 2, 37, 16, 0
3649, 22, 1, 37, 21, 0
3649, 22, 0, 37, 22, 0
3649, 22, 2, 37, 23, 0
3649, 22, 1, 37, 24, 0
3649, 22, 1, 37, 38, 0
3649, 22, 1, 37, 45, 0
3649, 22, 0, 37, 46, 0
3649, 22, 2, 37, 50, 0
3649, 22, 3, 37, 51, 0
3649, 22, 3, 38, 10, 0
3649, 22, 0, 38, 23, 0
3649, 22, 0, 38, 28, 0
3649, 22, 3, 38, 29, 0
3649, 22, 2, 38, 30, 0
3649, 22, 3, 38, 31, 0
3649, 22, 2, 38, 33, 0
3649, 22, 2, 38, 34, 0
3649, 22, 3, 38, 35, 0
3649, 22, 0, 38, 36, 0
3649, 22, 0, 38, 38, 0
3649, 22, 1, 38, 39, 0
3649, 22, 3, 38, 46, 0
3649, 22, 1, 38, 50, 0
3649, 22, 3, 38, 51, 0
3649, 22, 1, 38, 52, 0
3649, 22, 0, 39, 8, 0
3649, 22, 1, 39, 9, 0
3649, 22, 2, 39, 10, 0
3649, 22, 0, 39, 11, 0
3649, 22, 1, 39, 12, 0
3649, 22, 3, 39, 24, 0
3649, 22, 1, 39, 28, 0
3649, 22, 0, 39, 30, 0
3649, 22, 1, 39, 31, 0
3649, 22, 0, 39, 33, 0
3649, 22, 2, 39, 36, 0
3649, 22, 2, 39, 37, 0
3649, 22, 1, 39, 46, 0
3649, 22, 2, 39, 47, 0
3649, 22, 0, 39, 48, 0
3649, 22, 0, 39, 52, 0
3649, 22, 3, 40, 8, 0
3649, 22, 2, 40, 12, 0
3649, 22, 1, 40, 13, 0
3649, 22, 2, 40, 23, 0
3649, 22, 3, 40, 27, 0
3649, 22, 1, 40, 28, 0
3649, 22, 1, 40, 33, 0
3649, 22, 3, 40, 34, 0
3649, 22, 0, 40, 42, 0
3649, 22, 1, 40, 48, 0
3649, 22, 3, 40, 52, 0
3649, 22, 1, 40, 55, 0
3649, 22, 1, 40, 56, 0
3649, 22, 1, 41, 7, 0
3649, 22, 2, 41, 8, 0
3649, 22, 0, 41, 13, 0
3649, 22, 1, 41, 23, 0
3649, 22, 0, 41, 27, 0
3649, 22, 2, 41, 49, 0
3649, 22, 2, 41, 52, 0
3649, 22, 2, 41, 55, 0
3649, 22, 0, 42, 7, 0
3649, 22, 3, 42, 12, 0
3649, 22, 2, 42, 14, 0
3649, 22, 3, 42, 17, 0
3649, 22, 3, 42, 21, 0
3649, 22, 0, 42, 22, 0
3649, 22, 1, 42, 27, 0
3649, 22, 1, 42, 42, 0
3649, 22, 0, 42, 43, 0
3649, 22, 0, 42, 48, 0
3649, 22, 0, 42, 52, 0
3649, 22, 3, 42, 56, 0
3649, 22, 3, 42, 57, 0
3649, 22, 3, 43, 7, 0
3649, 22, 3, 43, 14, 0
3649, 22, 2, 43, 20, 0
3649, 22, 3, 43, 26, 0
3649, 22, 2, 43, 27, 0
3649, 22, 1, 43, 34, 0
3649, 22, 2, 43, 35, 0
3649, 22, 3, 43, 36, 0
3649, 22, 3, 43, 43, 0
3649, 22, 2, 43, 44, 0
3649, 22, 2, 43, 47, 0
3649, 22, 1, 43, 48, 0
3649, 22, 1, 43, 51, 0
3649, 22, 2, 43, 52, 0
3649, 22, 0, 43, 56, 0
3649, 22, 1, 43, 59, 0
3649, 22, 2, 44, 7, 0
3649, 22, 1, 44, 8, 0
3649, 22, 3, 44, 10, 0
3649, 22, 1, 44, 15, 0
3649, 22, 1, 44, 21, 0
3649, 22, 1, 44, 25, 0
3649, 22, 0, 44, 26, 0
3649, 22, 0, 44, 33, 0
3649, 22, 3, 44, 36, 0
3649, 22, 0, 44, 37, 0
3649, 22, 1, 44, 38, 0
3649, 22, 3, 44, 39, 0
3649, 22, 3, 44, 43, 0
3649, 22, 0, 44, 47, 0
3649, 22, 3, 44, 52, 0
3649, 22, 3, 44, 53, 0
3649, 22, 0, 44, 59, 0
3649, 22, 0, 45, 5, 0
3649, 22, 0, 45, 8, 0
3649, 22, 0, 45, 14, 0
3649, 22, 3, 45, 21, 0
3649, 22, 0, 45, 22, 0
3649, 22, 2, 45, 25, 0
3649, 22, 3, 45, 33, 0
3649, 22, 3, 45, 34, 0
3649, 22, 1, 45, 39, 0
3649, 22, 2, 45, 46, 0
3649, 22, 2, 45, 47, 0
3649, 22, 0, 45, 50, 0
3649, 22, 2, 45, 51, 0
3649, 22, 3, 45, 58, 0
3649, 22, 2, 45, 59, 0
3649, 22, 3, 46, 5, 0
3649, 22, 2, 46, 6, 0
3649, 22, 3, 46, 8, 0
3649, 22, 2, 46, 9, 0
3649, 22, 2, 46, 15, 0
3649, 22, 2, 46, 20, 0
3649, 22, 0, 46, 23, 0
3649, 22, 3, 46, 25, 0
3649, 22, 3, 46, 30, 0
3649, 22, 0, 46, 31, 0
3649, 22, 2, 46, 32, 0
3649, 22, 2, 46, 33, 0
3649, 22, 3, 46, 40, 0
3649, 22, 2, 46, 41, 0
3649, 22, 0, 46, 45, 0
3649, 22, 3, 46, 46, 0
3649, 22, 1, 46, 48, 0
3649, 22, 2, 46, 49, 0
3649, 22, 3, 46, 50, 0
3649, 22, 2, 46, 58, 0
3649, 22, 1, 47, 6, 0
3649, 22, 1, 47, 9, 0
3649, 22, 3, 47, 15, 0
3649, 22, 0, 47, 16, 0
3649, 22, 0, 47, 20, 0
3649, 22, 3, 47, 21, 0
3649, 22, 1, 47, 22, 0
3649, 22, 0, 47, 25, 0
3649, 22, 2, 47, 30, 0
3649, 22, 3, 47, 38, 0
3649, 22, 2, 47, 39, 0
3649, 22, 0, 47, 45, 0
3649, 22, 2, 47, 47, 0
3649, 22, 3, 47, 48, 0
3649, 22, 0, 47, 49, 0
3649, 22, 1, 47, 58, 0
3649, 22, 0, 48, 6, 0
3649, 22, 0, 48, 9, 0
3649, 22, 3, 48, 10, 0
3649, 22, 2, 48, 11, 0
3649, 22, 1, 48, 12, 0
3649, 22, 0, 48, 16, 0
3649, 22, 2, 48, 22, 0
3649, 22, 2, 48, 23, 0
3649, 22, 2, 48, 24, 0
3649, 22, 1, 48, 25, 0
3649, 22, 1, 48, 30, 0
3649, 22, 0, 48, 31, 0
3649, 22, 1, 48, 37, 0
3649, 22, 0, 48, 45, 0
3649, 22, 3, 48, 46, 0
3649, 22, 1, 48, 47, 0
3649, 22, 0, 48, 58, 0
3649, 22, 3, 48, 59, 0
3649, 22, 2, 49, 6, 0
3649, 22, 0, 49, 12, 0
3649, 22, 3, 49, 13, 0
3649, 22, 2, 49, 14, 0
3649, 22, 1, 49, 15, 0
3649, 22, 1, 49, 29, 0
3649, 22, 2, 49, 30, 0
3649, 22, 3, 49, 31, 0
3649, 22, 1, 49, 36, 0
3649, 22, 1, 49, 58, 0
3649, 22, 0, 50, 6, 0
3649, 22, 0, 50, 7, 0
3649, 22, 0, 50, 28, 0
3649, 22, 0, 50, 35, 0
3649, 22, 3, 50, 36, 0
3649, 22, 3, 50, 37, 0
3649, 22, 3, 50, 45, 0
3649, 22, 3, 50, 53, 0
3649, 22, 2, 50, 56, 0
3649, 22, 3, 50, 57, 0
3649, 22, 0, 50, 58, 0
3649, 22, 3, 51, 7, 0
3649, 22, 1, 51, 19, 0
3649, 22, 3, 51, 24, 0
3649, 22, 3, 51, 29, 0
3649, 22, 2, 51, 30, 0
3649, 22, 2, 51, 34, 0
3649, 22, 3, 51, 35, 0
3649, 22, 0, 51, 53, 0
3649, 22, 0, 51, 54, 0
3649, 22, 1, 51, 55, 0
3649, 22, 1, 51, 56, 0
3649, 22, 1, 51, 57, 0
3649, 22, 0, 52, 7, 0
3649, 22, 3, 52, 8, 0
3649, 22, 0, 52, 21, 0
3649, 22, 1, 52, 27, 0
3649, 22, 3, 52, 29, 0
3649, 22, 1, 52, 30, 0
3649, 22, 3, 52, 35, 0
3649, 22, 0, 52, 36, 0
3649, 22, 1, 52, 37, 0
3649, 22, 2, 52, 53, 0
3649, 22, 1, 52, 55, 0
3649, 22, 2, 52, 56, 0
3649, 22, 0, 52, 59, 0
3649, 22, 1, 53, 8, 0
3649, 22, 2, 53, 9, 0
3649, 22, 2, 53, 28, 0
3649, 22, 3, 53, 37, 0
3649, 22, 2, 53, 38, 0
3649, 22, 1, 53, 53, 0
3649, 22, 3, 53, 58, 0
3649, 22, 1, 54, 8, 0
3649, 22, 3, 54, 10, 0
3649, 22, 1, 54, 21, 0
3649, 22, 0, 54, 27, 0
3649, 22, 1, 54, 37, 0
3649, 22, 0, 54, 47, 0
3649, 22, 2, 54, 51, 0
3649, 22, 0, 54, 52, 0
3649, 22, 3, 55, 8, 0
3649, 22, 2, 55, 9, 0
3649, 22, 0, 55, 10, 0
3649, 22, 0, 55, 28, 0
3649, 22, 1, 55, 29, 0
3649, 22, 2, 55, 31, 0
3649, 22, 2, 55, 36, 0
3649, 22, 3, 55, 37, 0
3649, 22, 0, 55, 45, 0
3649, 22, 1, 55, 51, 0
3649, 22, 1, 55, 53, 0
3649, 22, 0, 55, 54, 0
3649, 22, 3, 55, 55, 0
3649, 22, 2, 55, 56, 0
3649, 22, 0, 56, 9, 0
3649, 22, 0, 56, 10, 0
3649, 22, 2, 56, 22, 0
3649, 22, 1, 56, 29, 0
3649, 22, 3, 56, 30, 0
3649, 22, 1, 56, 31, 0
3649, 22, 0, 56, 38, 0
3649, 22, 1, 56, 39, 0
3649, 22, 1, 56, 43, 0
3649, 22, 3, 56, 45, 0
3649, 22, 2, 56, 46, 0
3649, 22, 1, 56, 47, 0
3649, 22, 0, 56, 51, 0
3649, 22, 3, 56, 52, 0
3649, 22, 2, 56, 53, 0
3649, 22, 0, 56, 57, 0
3649, 22, 2, 57, 10, 0
3649, 22, 1, 57, 11, 0
3649, 22, 0, 57, 12, 0
3649, 22, 1, 57, 13, 0
3649, 22, 0, 57, 14, 0
3649, 22, 0, 57, 30, 0
3649, 22, 3, 57, 31, 0
3649, 22, 2, 57, 32, 0
3649, 22, 2, 57, 36, 0
3649, 22, 2, 57, 40, 0
3649, 22, 1, 57, 55, 0
3649, 22, 3, 57, 56, 0
3649, 22, 3, 58, 12, 0
3649, 22, 3, 58, 14, 0
3649, 22, 1, 58, 15, 0
3649, 22, 0, 58, 16, 0
3649, 22, 3, 58, 17, 0
3649, 22, 1, 58, 32, 0
3649, 22, 0, 58, 33, 0
3649, 22, 1, 58, 34, 0
3649, 22, 3, 58, 35, 0
3649, 22, 3, 58, 36, 0
3649, 22, 2, 58, 37, 0
3649, 22, 0, 58, 38, 0
3649, 22, 0, 58, 39, 0
3649, 22, 3, 58, 40, 0
3649, 22, 0, 58, 54, 0
3649, 22, 3, 58, 55, 0
3649, 22, 2, 59, 17, 0
3649, 22, 3, 59, 34, 0
3649, 22, 3, 59, 35, 0
3649, 22, 2, 59, 55, 0
