184, 22, 3, 38, 56, 0
184, 22, 0, 38, 58, 0
184, 22, 2, 41, 55, 0
184, 22, 0, 41, 59, 0
184, 22, 2, 43, 55, 0
184, 22, 2, 45, 54, 0
184, 22, 0, 47, 51, 0
184, 22, 0, 47, 60, 0
184, 22, 2, 48, 57, 0
185, 22, 3, 35, 56, 0
185, 22, 0, 36, 55, 0
185, 22, 2, 36, 57, 0
185, 22, 0, 37, 53, 0
185, 22, 3, 37, 54, 0
185, 22, 1, 37, 56, 0
185, 22, 3, 37, 58, 0
185, 22, 2, 38, 52, 0
185, 22, 2, 38, 55, 0
185, 22, 0, 38, 57, 0
185, 22, 2, 38, 59, 0
185, 22, 0, 39, 50, 0
185, 22, 2, 39, 52, 0
185, 22, 0, 39, 54, 0
185, 22, 2, 39, 57, 0
185, 22, 1, 39, 60, 0
185, 22, 1, 40, 51, 0
185, 22, 1, 40, 53, 0
185, 22, 0, 40, 59, 0
185, 22, 2, 41, 51, 0
185, 22, 2, 41, 52, 0
185, 22, 2, 41, 57, 0
185, 22, 2, 42, 49, 0
185, 22, 3, 42, 51, 0
185, 22, 3, 42, 57, 0
185, 22, 0, 42, 59, 0
185, 22, 1, 43, 53, 0
185, 22, 0, 43, 56, 0
185, 22, 3, 43, 57, 0
185, 22, 1, 44, 49, 0
185, 22, 3, 44, 52, 0
185, 22, 3, 45, 53, 0
185, 22, 0, 45, 55, 0
185, 22, 3, 45, 57, 0
185, 22, 2, 46, 51, 0
185, 22, 1, 46, 60, 0
185, 22, 0, 47, 50, 0
185, 22, 1, 47, 52, 0
185, 22, 1, 47, 54, 0
185, 22, 3, 47, 57, 0
185, 22, 2, 47, 59, 0
185, 22, 0, 48, 51, 0
185, 22, 2, 48, 56, 0
185, 22, 3, 48, 58, 0
185, 22, 0, 48, 60, 0
185, 22, 1, 49, 56, 0
185, 22, 0, 49, 57, 0
186, 22, 1, 36, 56, 0
186, 22, 1, 39, 58, 0
186, 22, 1, 39, 59, 0
186, 22, 1, 43, 50, 0
186, 22, 0, 44, 51, 0
186, 22, 3, 44, 53, 0
186, 22, 3, 45, 50, 0
186, 22, 1, 45, 56, 0
319, 22, 1, 4, 46, 0
319, 22, 3, 5, 59, 0
319, 22, 1, 6, 56, 0
319, 22, 0, 7, 62, 0
319, 22, 2, 15, 60, 0
319, 22, 2, 17, 58, 0
319, 22, 0, 23, 38, 0
319, 22, 1, 23, 41, 0
319, 22, 3, 24, 46, 0
319, 22, 3, 25, 41, 0
319, 22, 0, 42, 20, 0
319, 22, 2, 44, 17, 0
319, 22, 1, 44, 21, 0
319, 22, 1, 47, 19, 0
320, 22, 2, 1, 57, 0
320, 22, 0, 3, 49, 0
320, 22, 2, 3, 51, 0
320, 22, 0, 3, 59, 0
320, 22, 0, 4, 48, 0
320, 22, 3, 4, 52, 0
320, 22, 0, 4, 58, 0
320, 22, 3, 4, 59, 0
320, 22, 1, 4, 62, 0
320, 22, 3, 5, 46, 0
320, 22, 2, 5, 48, 0
320, 22, 3, 5, 53, 0
320, 22, 1, 5, 54, 0
320, 22, 2, 5, 55, 0
320, 22, 2, 5, 56, 0
320, 22, 2, 5, 58, 0
320, 22, 2, 6, 44, 0
320, 22, 1, 6, 49, 0
320, 22, 1, 6, 51, 0
320, 22, 3, 6, 55, 0
320, 22, 2, 6, 57, 0
320, 22, 3, 6, 58, 0
320, 22, 0, 6, 60, 0
320, 22, 0, 6, 61, 0
320, 22, 0, 6, 62, 0
320, 22, 3, 6, 63, 0
320, 22, 3, 7, 45, 0
320, 22, 0, 7, 55, 0
320, 22, 0, 7, 56, 0
320, 22, 3, 7, 61, 0
320, 22, 0, 8, 46, 0
320, 22, 1, 8, 63, 0
320, 22, 2, 9, 62, 0
320, 22, 3, 10, 57, 0
320, 22, 1, 13, 56, 0
320, 22, 2, 13, 57, 0
320, 22, 0, 13, 59, 0
320, 22, 3, 14, 57, 0
320, 22, 3, 14, 58, 0
320, 22, 0, 16, 57, 0
320, 22, 0, 16, 58, 0
320, 22, 3, 17, 57, 0
320, 22, 1, 17, 59, 0
320, 22, 2, 18, 57, 0
320, 22, 1, 18, 58, 0
320, 22, 2, 20, 57, 0
320, 22, 2, 20, 59, 0
320, 22, 3, 22, 38, 0
320, 22, 0, 22, 41, 0
320, 22, 1, 22, 42, 0
320, 22, 1, 22, 48, 0
320, 22, 1, 22, 58, 0
320, 22, 1, 23, 35, 0
320, 22, 0, 23, 42, 0
320, 22, 3, 23, 47, 0
320, 22, 3, 23, 59, 0
320, 22, 3, 24, 36, 0
320, 22, 2, 24, 38, 0
320, 22, 2, 24, 40, 0
320, 22, 3, 24, 41, 0
320, 22, 3, 24, 44, 0
320, 22, 0, 24, 47, 0
320, 22, 0, 24, 48, 0
320, 22, 1, 25, 39, 0
320, 22, 0, 25, 43, 0
320, 22, 2, 25, 46, 0
320, 22, 2, 25, 60, 0
320, 22, 3, 26, 45, 0
320, 22, 1, 26, 47, 0
320, 22, 1, 43, 17, 0
320, 22, 3, 43, 19, 0
320, 22, 0, 44, 20, 0
320, 22, 0, 45, 16, 0
320, 22, 3, 46, 2, 0
320, 22, 1, 46, 3, 0
320, 22, 0, 46, 16, 0
320, 22, 3, 46, 18, 0
320, 22, 3, 46, 21, 0
320, 22, 0, 47, 3, 0
320, 22, 0, 47, 7, 0
320, 22, 3, 47, 8, 0
320, 22, 3, 47, 9, 0
320, 22, 2, 47, 18, 0
320, 22, 0, 47, 21, 0
320, 22, 2, 48, 3, 0
320, 22, 2, 48, 8, 0
320, 22, 1, 48, 19, 0
321, 22, 2, 5, 61, 0
321, 22, 1, 7, 51, 0
321, 22, 3, 8, 58, 0
321, 22, 2, 21, 39, 0
321, 22, 0, 21, 59, 0
321, 22, 0, 22, 45, 0
321, 22, 1, 23, 36, 0
321, 22, 3, 46, 7, 0
321, 22, 2, 47, 2, 0
321, 22, 0, 48, 21, 0
321, 22, 3, 49, 16, 0
338, 22, 1, 2, 52, 0
338, 22, 0, 11, 61, 0
338, 22, 3, 21, 54, 0
339, 22, 1, 1, 52, 0
339, 22, 2, 1, 53, 0
339, 22, 0, 2, 51, 0
339, 22, 3, 2, 54, 0
339, 22, 1, 2, 55, 0
339, 22, 3, 3, 52, 0
339, 22, 2, 3, 53, 0
339, 22, 0, 3, 54, 0
339, 22, 2, 3, 56, 0
339, 22, 1, 4, 50, 0
339, 22, 3, 4, 55, 0
339, 22, 2, 5, 49, 0
339, 22, 0, 5, 51, 0
339, 22, 3, 9, 59, 0
339, 22, 0, 10, 58, 0
339, 22, 3, 10, 60, 0
339, 22, 0, 10, 61, 0
339, 22, 1, 11, 58, 0
339, 22, 1, 11, 59, 0
339, 22, 2, 11, 60, 0
339, 22, 3, 12, 57, 0
339, 22, 1, 12, 61, 0
339, 22, 0, 13, 58, 0
339, 22, 2, 20, 54, 0
339, 22, 0, 21, 53, 0
339, 22, 1, 21, 55, 0
339, 22, 2, 22, 52, 0
339, 22, 0, 22, 54, 0
339, 22, 3, 23, 50, 0
339, 22, 1, 23, 53, 0
339, 22, 2, 24, 49, 0
339, 22, 1, 24, 51, 0
339, 22, 0, 24, 52, 0
339, 22, 0, 24, 57, 0
339, 22, 0, 25, 50, 0
339, 22, 3, 25, 55, 0
339, 22, 2, 25, 58, 0
339, 22, 3, 26, 49, 0
339, 22, 2, 26, 51, 0
339, 22, 0, 26, 54, 0
339, 22, 2, 26, 56, 0
339, 22, 1, 27, 50, 0
339, 22, 1, 27, 55, 0
340, 22, 3, 2, 53, 0
340, 22, 2, 3, 55, 0
340, 22, 0, 5, 50, 0
340, 22, 2, 10, 59, 0
340, 22, 1, 12, 58, 0
340, 22, 3, 23, 52, 0
340, 22, 3, 24, 50, 0
340, 22, 1, 24, 58, 0
340, 22, 0, 26, 50, 0
340, 22, 2, 26, 55, 0
440, 10, 3, 60, 5, 0
444, 10, 0, 41, 58, 0
444, 10, 2, 44, 54, 0
445, 10, 1, 43, 58, 0
446, 10, 2, 44, 55, 0
450, 10, 2, 40, 58, 0
452, 10, 2, 48, 5, 0
462, 10, 3, 39, 57, 0
462, 10, 2, 44, 57, 0
462, 10, 3, 61, 3, 0
463, 10, 1, 40, 56, 0
463, 10, 0, 42, 58, 0
463, 10, 0, 62, 2, 0
552, 22, 2, 40, 55, 0
552, 22, 3, 40, 57, 0
552, 22, 0, 41, 53, 0
552, 22, 1, 41, 54, 0
552, 22, 0, 41, 58, 0
552, 22, 3, 42, 53, 0
552, 22, 0, 43, 54, 0
552, 22, 3, 43, 58, 0
552, 22, 3, 44, 55, 0
552, 22, 2, 44, 57, 0
553, 22, 1, 39, 55, 0
553, 22, 2, 39, 56, 0
553, 22, 2, 40, 54, 0
553, 22, 3, 40, 56, 0
553, 22, 0, 40, 58, 0
553, 22, 1, 42, 54, 0
553, 22, 1, 42, 58, 0
553, 22, 0, 44, 54, 0
553, 22, 3, 44, 56, 0
553, 22, 2, 44, 58, 0
753, 22, 3, 46, 4, 0
753, 22, 3, 46, 5, 0
753, 22, 3, 46, 6, 0
754, 22, 3, 47, 4, 0
754, 22, 3, 47, 5, 0
754, 22, 3, 47, 6, 0
1184, 10, 1, 2, 22, 0
1184, 10, 1, 5, 5, 0
1184, 10, 3, 8, 7, 0
1184, 10, 1, 8, 19, 0
1184, 10, 0, 8, 44, 0
1184, 10, 2, 13, 39, 0
1184, 10, 2, 14, 9, 0
1184, 10, 2, 15, 19, 0
1184, 10, 0, 16, 3, 0
1184, 10, 0, 16, 41, 0
1184, 10, 1, 16, 43, 0
1184, 10, 3, 17, 9, 0
1184, 10, 1, 17, 14, 0
1184, 10, 0, 17, 18, 0
1184, 10, 2, 17, 33, 0
1184, 10, 3, 17, 39, 0
1184, 10, 3, 18, 5, 0
1184, 10, 0, 18, 7, 0
1184, 10, 2, 18, 20, 0
1184, 10, 3, 18, 21, 0
1184, 10, 0, 19, 19, 0
1184, 10, 2, 19, 42, 0
1184, 10, 2, 20, 12, 0
1184, 10, 0, 21, 47, 0
1184, 10, 3, 22, 11, 0
1184, 10, 3, 27, 42, 0
1184, 10, 3, 27, 55, 0
1184, 10, 1, 28, 24, 0
1184, 10, 2, 30, 36, 0
1184, 10, 2, 40, 36, 0
1184, 10, 1, 42, 32, 0
1184, 10, 0, 42, 34, 0
1184, 10, 0, 42, 37, 0
1184, 10, 1, 42, 40, 0
1184, 10, 2, 44, 21, 0
1184, 10, 3, 44, 38, 0
1184, 10, 0, 45, 28, 0
1184, 10, 0, 45, 44, 0
1184, 10, 3, 46, 25, 0
1184, 10, 3, 46, 30, 0
1184, 10, 1, 49, 34, 0
1184, 10, 3, 49, 39, 0
1184, 10, 1, 49, 46, 0
1184, 10, 2, 50, 30, 0
1184, 10, 0, 50, 35, 0
1184, 10, 2, 51, 42, 0
1184, 10, 0, 52, 34, 0
1184, 10, 2, 52, 59, 0
1184, 10, 3, 53, 22, 0
1184, 10, 3, 53, 43, 0
1184, 10, 3, 54, 32, 0
1184, 10, 2, 54, 40, 0
1184, 10, 0, 55, 21, 0
1184, 10, 0, 55, 31, 0
1184, 10, 0, 56, 20, 0
1184, 10, 2, 60, 45, 0
1184, 10, 2, 60, 49, 0
1184, 10, 0, 60, 54, 0
1184, 10, 3, 60, 60, 0
1184, 10, 1, 61, 51, 0
1186, 10, 1, 3, 17, 0
1186, 10, 3, 4, 15, 0
1186, 10, 1, 6, 8, 0
1186, 10, 0, 6, 35, 0
1186, 10, 1, 6, 44, 0
1186, 10, 2, 7, 36, 0
1186, 10, 3, 7, 47, 0
1186, 10, 0, 8, 15, 0
1186, 10, 1, 11, 17, 0
1186, 10, 2, 13, 7, 0
1186, 10, 3, 14, 46, 0
1186, 10, 1, 16, 36, 0
1186, 10, 0, 20, 22, 0
1186, 10, 0, 20, 45, 0
1186, 10, 0, 25, 23, 0
1186, 10, 3, 27, 50, 0
1186, 10, 3, 28, 7, 0
1186, 10, 1, 29, 27, 0
1186, 10, 3, 43, 26, 0
1186, 10, 0, 50, 10, 0
1186, 10, 1, 51, 14, 0
1186, 10, 2, 56, 14, 0
1186, 10, 3, 57, 18, 0
1186, 10, 0, 58, 27, 0
1222, 22, 0, 0, 36, 0
1222, 22, 0, 1, 36, 0
1222, 22, 0, 1, 38, 0
1222, 22, 3, 1, 42, 0
1222, 22, 3, 1, 63, 0
1222, 22, 0, 2, 36, 0
1222, 22, 0, 5, 21, 0
1222, 22, 1, 5, 36, 0
1222, 22, 3, 7, 19, 0
1222, 22, 2, 8, 37, 0
1222, 22, 2, 9, 23, 0
1222, 22, 2, 9, 24, 0
1222, 22, 1, 10, 20, 0
1222, 22, 1, 10, 25, 0
1222, 22, 0, 11, 15, 0
1222, 22, 2, 11, 36, 0
1222, 22, 0, 12, 3, 0
1222, 22, 0, 12, 9, 0
1222, 22, 2, 12, 33, 0
1222, 22, 0, 13, 6, 0
1222, 22, 3, 13, 14, 0
1222, 22, 2, 14, 15, 0
1222, 22, 2, 15, 12, 0
1222, 22, 0, 15, 18, 0
1222, 22, 3, 15, 23, 0
1222, 22, 0, 15, 52, 0
1222, 22, 2, 17, 6, 0
1222, 22, 3, 17, 20, 0
1222, 22, 2, 18, 13, 0
1222, 22, 2, 19, 13, 0
1222, 22, 1, 20, 14, 0
1222, 22, 2, 21, 7, 0
1222, 22, 2, 21, 20, 0
1222, 22, 3, 24, 63, 0
1222, 22, 3, 25, 6, 0
1222, 22, 3, 28, 33, 0
1222, 22, 3, 39, 38, 0
1222, 22, 3, 41, 28, 0
1222, 22, 3, 43, 35, 0
1222, 22, 1, 44, 27, 0
1222, 22, 3, 44, 31, 0
1222, 22, 2, 47, 27, 0
1222, 22, 1, 47, 30, 0
1222, 22, 3, 49, 37, 0
1222, 22, 3, 50, 26, 0
1222, 22, 1, 50, 33, 0
1222, 22, 0, 52, 29, 0
1222, 22, 3, 52, 36, 0
1222, 22, 2, 52, 38, 0
1222, 22, 0, 53, 26, 0
1222, 22, 0, 53, 32, 0
1222, 22, 3, 53, 63, 0
1222, 22, 3, 54, 27, 0
1222, 22, 0, 54, 30, 0
1222, 22, 2, 55, 30, 0
1222, 22, 1, 55, 33, 0
1222, 22, 3, 55, 37, 0
1222, 22, 0, 56, 23, 0
1222, 22, 3, 57, 17, 0
1222, 22, 2, 58, 26, 0
1222, 22, 1, 58, 40, 0
1222, 22, 0, 58, 43, 0
1222, 22, 0, 59, 39, 0
1222, 22, 2, 59, 46, 0
1222, 22, 3, 60, 18, 0
1222, 22, 3, 60, 63, 0
1222, 22, 3, 61, 22, 0
1222, 22, 3, 63, 17, 0
1223, 22, 3, 4, 21, 0
1223, 22, 3, 4, 35, 0
1223, 22, 1, 4, 39, 0
1223, 22, 2, 5, 34, 0
1223, 22, 0, 5, 37, 0
1223, 22, 2, 6, 20, 0
1223, 22, 0, 6, 21, 0
1223, 22, 1, 6, 34, 0
1223, 22, 3, 7, 37, 0
1223, 22, 2, 8, 23, 0
1223, 22, 3, 8, 24, 0
1223, 22, 3, 8, 35, 0
1223, 22, 0, 10, 21, 0
1223, 22, 1, 10, 39, 0
1223, 22, 3, 11, 3, 0
1223, 22, 3, 11, 9, 0
1223, 22, 2, 12, 21, 0
1223, 22, 3, 13, 15, 0
1223, 22, 1, 13, 33, 0
1223, 22, 0, 14, 6, 0
1223, 22, 1, 14, 51, 0
1223, 22, 2, 15, 22, 0
1223, 22, 2, 15, 34, 0
1223, 22, 2, 16, 44, 0
1223, 22, 2, 17, 31, 0
1223, 22, 1, 17, 40, 0
1223, 22, 2, 17, 43, 0
1223, 22, 0, 17, 44, 0
1223, 22, 2, 17, 49, 0
1223, 22, 3, 18, 18, 0
1223, 22, 1, 18, 31, 0
1223, 22, 1, 18, 46, 0
1223, 22, 3, 19, 34, 0
1223, 22, 1, 20, 13, 0
1223, 22, 0, 20, 15, 0
1223, 22, 3, 20, 21, 0
1223, 22, 3, 21, 13, 0
1223, 22, 2, 22, 28, 0
1223, 22, 0, 24, 10, 0
1223, 22, 3, 26, 4, 0
1223, 22, 0, 26, 7, 0
1223, 22, 1, 27, 35, 0
1223, 22, 2, 28, 32, 0
1223, 22, 3, 29, 4, 0
1223, 22, 2, 37, 32, 0
1223, 22, 0, 37, 33, 0
1223, 22, 1, 38, 34, 0
1223, 22, 2, 38, 37, 0
1223, 22, 2, 40, 32, 0
1223, 22, 1, 41, 27, 0
1223, 22, 3, 41, 29, 0
1223, 22, 1, 44, 26, 0
1223, 22, 1, 44, 36, 0
1223, 22, 2, 45, 38, 0
1223, 22, 3, 46, 27, 0
1223, 22, 2, 46, 34, 0
1223, 22, 1, 47, 29, 0
1223, 22, 2, 51, 29, 0
1223, 22, 2, 51, 38, 0
1223, 22, 2, 52, 35, 0
1223, 22, 1, 53, 23, 0
1223, 22, 0, 53, 29, 0
1223, 22, 1, 54, 26, 0
1223, 22, 1, 54, 32, 0
1223, 22, 0, 55, 34, 0
1223, 22, 1, 55, 36, 0
1223, 22, 2, 57, 16, 0
1223, 22, 2, 57, 43, 0
1223, 22, 2, 60, 21, 0
1223, 22, 1, 60, 39, 0
1223, 22, 1, 60, 46, 0
1223, 22, 3, 60, 47, 0
1223, 22, 0, 63, 18, 0
1224, 22, 3, 0, 46, 0
1224, 22, 2, 1, 41, 0
1224, 22, 3, 1, 43, 0
1224, 22, 0, 4, 40, 0
1224, 22, 1, 5, 35, 0
1224, 22, 2, 7, 18, 0
1224, 22, 0, 7, 20, 0
1224, 22, 2, 7, 41, 0
1224, 22, 2, 10, 19, 0
1224, 22, 2, 10, 24, 0
1224, 22, 0, 10, 40, 0
1224, 22, 0, 11, 53, 0
1224, 22, 3, 12, 6, 0
1224, 22, 1, 12, 15, 0
1224, 22, 0, 12, 22, 0
1224, 22, 0, 12, 36, 0
1224, 22, 1, 13, 3, 0
1224, 22, 1, 13, 9, 0
1224, 22, 1, 13, 18, 0
1224, 22, 2, 13, 41, 0
1224, 22, 3, 14, 12, 0
1224, 22, 3, 14, 18, 0
1224, 22, 0, 14, 52, 0
1224, 22, 1, 15, 15, 0
1224, 22, 1, 16, 22, 0
1224, 22, 1, 16, 34, 0
1224, 22, 0, 16, 40, 0
1224, 22, 1, 16, 52, 0
1224, 22, 2, 17, 19, 0
1224, 22, 3, 17, 37, 0
1224, 22, 3, 17, 46, 0
1224, 22, 2, 18, 6, 0
1224, 22, 2, 18, 17, 0
1224, 22, 3, 18, 23, 0
1224, 22, 1, 18, 43, 0
1224, 22, 1, 18, 49, 0
1224, 22, 1, 20, 10, 0
1224, 22, 2, 20, 20, 0
1224, 22, 0, 21, 16, 0
1224, 22, 1, 22, 7, 0
1224, 22, 1, 22, 13, 0
1224, 22, 0, 22, 29, 0
1224, 22, 3, 23, 10, 0
1224, 22, 3, 25, 7, 0
1224, 22, 1, 25, 32, 0
1224, 22, 3, 26, 35, 0
1224, 22, 1, 27, 4, 0
1224, 22, 3, 28, 1, 0
1224, 22, 1, 30, 4, 0
1224, 22, 1, 39, 37, 0
1224, 22, 0, 39, 39, 0
1224, 22, 0, 40, 33, 0
1224, 22, 2, 42, 38, 0
1224, 22, 2, 43, 34, 0
1224, 22, 0, 43, 36, 0
1224, 22, 0, 44, 28, 0
1224, 22, 2, 44, 30, 0
1224, 22, 0, 45, 39, 0
1224, 22, 0, 46, 35, 0
1224, 22, 0, 47, 31, 0
1224, 22, 1, 48, 27, 0
1224, 22, 2, 48, 40, 0
1224, 22, 2, 49, 36, 0
1224, 22, 1, 50, 32, 0
1224, 22, 0, 51, 39, 0
1224, 22, 3, 52, 26, 0
1224, 22, 3, 52, 32, 0
1224, 22, 0, 52, 37, 0
1224, 22, 3, 55, 23, 0
1224, 22, 3, 55, 38, 0
1224, 22, 1, 56, 30, 0
1224, 22, 3, 57, 1, 0
1224, 22, 0, 57, 18, 0
1224, 22, 2, 58, 39, 0
1224, 22, 3, 58, 46, 0
1224, 22, 1, 59, 43, 0
1224, 22, 2, 60, 17, 0
1224, 22, 1, 61, 21, 0
1225, 22, 2, 2, 41, 0
1225, 22, 0, 3, 40, 0
1225, 22, 0, 6, 18, 0
1225, 22, 1, 6, 35, 0
1225, 22, 3, 7, 36, 0
1225, 22, 2, 8, 18, 0
1225, 22, 2, 8, 20, 0
1225, 22, 2, 8, 41, 0
1225, 22, 0, 9, 17, 0
1225, 22, 0, 9, 19, 0
1225, 22, 0, 9, 33, 0
1225, 22, 2, 9, 35, 0
1225, 22, 2, 9, 37, 0
1225, 22, 0, 9, 40, 0
1225, 22, 1, 10, 1, 0
1225, 22, 2, 10, 23, 0
1225, 22, 2, 10, 33, 0
1225, 22, 0, 10, 34, 0
1225, 22, 0, 10, 36, 0
1225, 22, 0, 10, 53, 0
1225, 22, 3, 11, 2, 0
1225, 22, 3, 11, 8, 0
1225, 22, 2, 11, 19, 0
1225, 22, 0, 11, 22, 0
1225, 22, 3, 11, 52, 0
1225, 22, 1, 12, 7, 0
1225, 22, 3, 12, 14, 0
1225, 22, 1, 12, 16, 0
1225, 22, 0, 12, 18, 0
1225, 22, 2, 12, 53, 0
1225, 22, 3, 13, 8, 0
1225, 22, 1, 13, 10, 0
1225, 22, 3, 13, 17, 0
1225, 22, 2, 13, 21, 0
1225, 22, 2, 13, 22, 0
1225, 22, 0, 13, 52, 0
1225, 22, 3, 14, 11, 0
1225, 22, 1, 14, 13, 0
1225, 22, 1, 14, 19, 0
1225, 22, 2, 14, 41, 0
1225, 22, 2, 15, 7, 0
1225, 22, 3, 15, 14, 0
1225, 22, 0, 15, 40, 0
1225, 22, 0, 16, 6, 0
1225, 22, 2, 16, 18, 0
1225, 22, 0, 16, 19, 0
1225, 22, 3, 16, 21, 0
1225, 22, 1, 16, 23, 0
1225, 22, 1, 16, 35, 0
1225, 22, 3, 16, 63, 0
1225, 22, 0, 17, 17, 0
1225, 22, 1, 17, 21, 0
1225, 22, 3, 17, 24, 0
1225, 22, 3, 17, 36, 0
1225, 22, 1, 17, 41, 0
1225, 22, 1, 17, 47, 0
1225, 22, 3, 18, 22, 0
1225, 22, 1, 18, 32, 0
1225, 22, 3, 18, 42, 0
1225, 22, 3, 18, 48, 0
1225, 22, 1, 18, 50, 0
1225, 22, 2, 19, 17, 0
1225, 22, 3, 19, 33, 0
1225, 22, 1, 20, 11, 0
1225, 22, 0, 20, 16, 0
1225, 22, 3, 21, 12, 0
1225, 22, 3, 21, 63, 0
1225, 22, 3, 22, 6, 0
1225, 22, 1, 22, 8, 0
1225, 22, 3, 23, 9, 0
1225, 22, 2, 23, 28, 0
1225, 22, 0, 24, 27, 0
1225, 22, 3, 25, 5, 0
1225, 22, 2, 25, 27, 0
1225, 22, 3, 25, 31, 0
1225, 22, 1, 25, 33, 0
1225, 22, 3, 26, 3, 0
1225, 22, 3, 26, 34, 0
1225, 22, 1, 27, 36, 0
1225, 22, 1, 28, 34, 0
1225, 22, 3, 28, 37, 0
1225, 22, 2, 29, 1, 0
1225, 22, 3, 29, 35, 0
1225, 22, 0, 30, 0, 0
1225, 22, 1, 38, 35, 0
1225, 22, 3, 39, 36, 0
1225, 22, 2, 40, 39, 0
1225, 22, 2, 41, 32, 0
1225, 22, 0, 41, 38, 0
1225, 22, 0, 42, 31, 0
1225, 22, 1, 44, 32, 0
1225, 22, 2, 46, 38, 0
1225, 22, 2, 47, 34, 0
1225, 22, 1, 48, 28, 0
1225, 22, 0, 48, 33, 0
1225, 22, 3, 49, 29, 0
1225, 22, 2, 49, 40, 0
1225, 22, 1, 50, 27, 0
1225, 22, 0, 50, 39, 0
1225, 22, 1, 52, 27, 0
1225, 22, 3, 53, 28, 0
1225, 22, 0, 53, 30, 0
1225, 22, 2, 53, 35, 0
1225, 22, 2, 53, 37, 0
1225, 22, 0, 54, 34, 0
1225, 22, 0, 54, 36, 0
1225, 22, 3, 55, 22, 0
1225, 22, 1, 55, 24, 0
1225, 22, 3, 56, 29, 0
1225, 22, 3, 56, 63, 0
1225, 22, 3, 57, 0, 0
1225, 22, 1, 57, 12, 0
1225, 22, 3, 58, 13, 0
1225, 22, 2, 58, 16, 0
1225, 22, 2, 58, 18, 0
1225, 22, 1, 58, 41, 0
1225, 22, 1, 58, 47, 0
1225, 22, 1, 59, 10, 0
1225, 22, 0, 59, 15, 0
1225, 22, 0, 59, 17, 0
1225, 22, 2, 59, 26, 0
1225, 22, 3, 59, 42, 0
1225, 22, 3, 60, 11, 0
1225, 22, 1, 60, 19, 0
1225, 22, 0, 60, 25, 0
1225, 22, 1, 60, 40, 0
1225, 22, 3, 61, 20, 0
1226, 22, 0, 0, 38, 0
1226, 22, 0, 0, 41, 0
1226, 22, 3, 0, 45, 0
1226, 22, 1, 1, 44, 0
1226, 22, 2, 2, 38, 0
1226, 22, 2, 3, 36, 0
1226, 22, 0, 3, 39, 0
1226, 22, 3, 4, 20, 0
1226, 22, 0, 4, 37, 0
1226, 22, 2, 5, 40, 0
1226, 22, 0, 6, 41, 0
1226, 22, 3, 8, 34, 0
1226, 22, 2, 8, 38, 0
1226, 22, 2, 9, 14, 0
1226, 22, 0, 9, 39, 0
1226, 22, 0, 10, 15, 0
1226, 22, 1, 10, 26, 0
1226, 22, 2, 11, 24, 0
1226, 22, 0, 11, 33, 0
1226, 22, 2, 11, 40, 0
1226, 22, 3, 12, 5, 0
1226, 22, 3, 12, 35, 0
1226, 22, 0, 12, 41, 0
1226, 22, 3, 13, 2, 0
1226, 22, 1, 13, 4, 0
1226, 22, 1, 13, 34, 0
1226, 22, 1, 13, 42, 0
1226, 22, 0, 13, 51, 0
1226, 22, 3, 14, 5, 0
1226, 22, 3, 14, 17, 0
1226, 22, 1, 15, 4, 0
1226, 22, 1, 15, 16, 0
1226, 22, 1, 15, 24, 0
1226, 22, 1, 15, 35, 0
1226, 22, 2, 16, 12, 0
1226, 22, 3, 16, 33, 0
1226, 22, 3, 16, 39, 0
1226, 22, 1, 16, 45, 0
1226, 22, 3, 16, 51, 0
1226, 22, 0, 17, 13, 0
1226, 22, 1, 17, 32, 0
1226, 22, 1, 17, 38, 0
1226, 22, 3, 17, 45, 0
1226, 22, 1, 17, 50, 0
1226, 22, 1, 18, 7, 0
1226, 22, 2, 18, 9, 0
1226, 22, 2, 18, 14, 0
1226, 22, 2, 18, 19, 0
1226, 22, 2, 18, 37, 0
1226, 22, 1, 18, 44, 0
1226, 22, 2, 19, 6, 0
1226, 22, 0, 19, 10, 0
1226, 22, 0, 19, 15, 0
1226, 22, 0, 19, 20, 0
1226, 22, 0, 20, 7, 0
1226, 22, 3, 20, 9, 0
1226, 22, 3, 21, 15, 0
1226, 22, 2, 21, 21, 0
1226, 22, 3, 22, 12, 0
1226, 22, 1, 22, 14, 0
1226, 22, 1, 23, 11, 0
1226, 22, 2, 23, 29, 0
1226, 22, 3, 24, 9, 0
1226, 22, 0, 24, 30, 0
1226, 22, 1, 25, 8, 0
1226, 22, 3, 26, 6, 0
1226, 22, 1, 26, 36, 0
1226, 22, 3, 27, 3, 0
1226, 22, 1, 27, 5, 0
1226, 22, 1, 28, 2, 0
1226, 22, 3, 29, 6, 0
1226, 22, 3, 30, 3, 0
1226, 22, 1, 30, 5, 0
1226, 22, 1, 31, 2, 0
1226, 22, 2, 38, 32, 0
1226, 22, 0, 39, 33, 0
1226, 22, 2, 41, 33, 0
1226, 22, 2, 41, 35, 0
1226, 22, 2, 42, 29, 0
1226, 22, 0, 42, 34, 0
1226, 22, 0, 42, 36, 0
1226, 22, 0, 43, 28, 0
1226, 22, 0, 43, 30, 0
1226, 22, 2, 43, 38, 0
1226, 22, 2, 44, 34, 0
1226, 22, 0, 44, 39, 0
1226, 22, 2, 45, 28, 0
1226, 22, 2, 45, 30, 0
1226, 22, 0, 45, 35, 0
1226, 22, 0, 46, 29, 0
1226, 22, 0, 46, 31, 0
1226, 22, 2, 46, 39, 0
1226, 22, 2, 47, 35, 0
1226, 22, 0, 47, 40, 0
1226, 22, 2, 48, 31, 0
1226, 22, 0, 48, 36, 0
1226, 22, 1, 48, 41, 0
1226, 22, 0, 49, 32, 0
1226, 22, 3, 50, 31, 0
1226, 22, 1, 50, 34, 0
1226, 22, 2, 50, 36, 0
1226, 22, 1, 51, 30, 0
1226, 22, 3, 51, 34, 0
1226, 22, 0, 51, 37, 0
1226, 22, 3, 52, 25, 0
1226, 22, 3, 52, 31, 0
1226, 22, 1, 52, 33, 0
1226, 22, 2, 52, 39, 0
1226, 22, 1, 53, 24, 0
1226, 22, 2, 53, 38, 0
1226, 22, 3, 55, 32, 0
1226, 22, 1, 56, 31, 0
1226, 22, 2, 56, 38, 0
1226, 22, 3, 56, 45, 0
1226, 22, 3, 56, 62, 0
1226, 22, 3, 57, 11, 0
1226, 22, 2, 57, 23, 0
1226, 22, 0, 57, 26, 0
1226, 22, 0, 57, 39, 0
1226, 22, 1, 57, 44, 0
1226, 22, 1, 57, 61, 0
1226, 22, 2, 58, 1, 0
1226, 22, 1, 58, 10, 0
1226, 22, 0, 58, 24, 0
1226, 22, 3, 58, 45, 0
1226, 22, 0, 59, 2, 0
1226, 22, 1, 59, 44, 0
1226, 22, 1, 60, 22, 0
1226, 22, 3, 60, 62, 0
1226, 22, 2, 61, 17, 0
1226, 22, 0, 62, 18, 0
1227, 22, 2, 5, 19, 0
1227, 22, 3, 12, 25, 0
1227, 22, 0, 14, 21, 0
1227, 22, 1, 20, 62, 0
1227, 22, 1, 56, 25, 0
1227, 22, 3, 59, 48, 0
1228, 22, 3, 0, 37, 0
1228, 22, 0, 0, 44, 0
1228, 22, 2, 1, 45, 0
1228, 22, 1, 2, 39, 0
1228, 22, 0, 2, 40, 0
1228, 22, 1, 3, 37, 0
1228, 22, 3, 3, 38, 0
1228, 22, 2, 3, 41, 0
1228, 22, 0, 4, 19, 0
1228, 22, 3, 4, 36, 0
1228, 22, 0, 5, 18, 0
1228, 22, 2, 5, 20, 0
1228, 22, 1, 5, 41, 0
1228, 22, 2, 6, 19, 0
1228, 22, 1, 6, 36, 0
1228, 22, 3, 6, 40, 0
1228, 22, 3, 7, 35, 0
1228, 22, 0, 8, 17, 0
1228, 22, 0, 8, 19, 0
1228, 22, 0, 8, 33, 0
1228, 22, 0, 8, 40, 0
1228, 22, 1, 9, 15, 0
1228, 22, 2, 9, 18, 0
1228, 22, 2, 9, 20, 0
1228, 22, 0, 9, 26, 0
1228, 22, 2, 9, 34, 0
1228, 22, 0, 9, 36, 0
1228, 22, 3, 9, 38, 0
1228, 22, 2, 9, 41, 0
1228, 22, 0, 9, 53, 0
1228, 22, 1, 10, 2, 0
1228, 22, 1, 10, 8, 0
1228, 22, 3, 10, 14, 0
1228, 22, 0, 10, 22, 0
1228, 22, 2, 10, 27, 0
1228, 22, 2, 10, 35, 0
1228, 22, 2, 10, 37, 0
1228, 22, 1, 10, 52, 0
1228, 22, 2, 10, 54, 0
1228, 22, 3, 11, 1, 0
1228, 22, 3, 11, 7, 0
1228, 22, 1, 11, 14, 0
1228, 22, 0, 11, 18, 0
1228, 22, 2, 11, 23, 0
1228, 22, 1, 11, 25, 0
1228, 22, 1, 11, 41, 0
1228, 22, 3, 11, 51, 0
1228, 22, 0, 12, 4, 0
1228, 22, 1, 12, 8, 0
1228, 22, 3, 12, 13, 0
1228, 22, 1, 12, 17, 0
1228, 22, 2, 12, 19, 0
1228, 22, 3, 12, 24, 0
1228, 22, 1, 12, 26, 0
1228, 22, 0, 12, 34, 0
1228, 22, 3, 12, 40, 0
1228, 22, 0, 12, 42, 0
1228, 22, 1, 12, 51, 0
1228, 22, 0, 12, 52, 0
1228, 22, 0, 13, 1, 0
1228, 22, 2, 13, 5, 0
1228, 22, 3, 13, 7, 0
1228, 22, 1, 13, 11, 0
1228, 22, 3, 13, 16, 0
1228, 22, 0, 13, 20, 0
1228, 22, 3, 13, 25, 0
1228, 22, 2, 13, 35, 0
1228, 22, 2, 13, 43, 0
1228, 22, 3, 13, 50, 0
1228, 22, 2, 13, 53, 0
1228, 22, 2, 14, 2, 0
1228, 22, 0, 14, 4, 0
1228, 22, 3, 14, 10, 0
1228, 22, 1, 14, 14, 0
1228, 22, 0, 14, 16, 0
1228, 22, 2, 14, 22, 0
1228, 22, 0, 14, 24, 0
1228, 22, 0, 14, 35, 0
1228, 22, 0, 14, 40, 0
1228, 22, 2, 15, 5, 0
1228, 22, 0, 15, 6, 0
1228, 22, 3, 15, 13, 0
1228, 22, 2, 15, 17, 0
1228, 22, 0, 15, 19, 0
1228, 22, 2, 15, 21, 0
1228, 22, 2, 15, 25, 0
1228, 22, 2, 15, 36, 0
1228, 22, 2, 15, 41, 0
1228, 22, 0, 15, 45, 0
1228, 22, 1, 15, 63, 0
1228, 22, 1, 16, 13, 0
1228, 22, 0, 16, 17, 0
1228, 22, 3, 16, 20, 0
1228, 22, 1, 16, 24, 0
1228, 22, 0, 16, 32, 0
1228, 22, 1, 16, 36, 0
1228, 22, 0, 16, 38, 0
1228, 22, 2, 16, 46, 0
1228, 22, 0, 16, 50, 0
1228, 22, 3, 16, 62, 0
1228, 22, 0, 17, 7, 0
1228, 22, 3, 17, 12, 0
1228, 22, 2, 17, 18, 0
1228, 22, 1, 17, 22, 0
1228, 22, 3, 17, 23, 0
1228, 22, 2, 17, 33, 0
1228, 22, 3, 17, 35, 0
1228, 22, 2, 17, 39, 0
1228, 22, 1, 17, 42, 0
1228, 22, 1, 17, 48, 0
1228, 22, 2, 18, 8, 0
1228, 22, 1, 18, 10, 0
1228, 22, 1, 18, 15, 0
1228, 22, 1, 18, 20, 0
1228, 22, 3, 18, 21, 0
1228, 22, 1, 18, 33, 0
1228, 22, 1, 18, 38, 0
1228, 22, 3, 18, 41, 0
1228, 22, 2, 18, 45, 0
1228, 22, 1, 18, 51, 0
1228, 22, 1, 19, 7, 0
1228, 22, 3, 19, 9, 0
1228, 22, 3, 19, 14, 0
1228, 22, 0, 19, 16, 0
1228, 22, 3, 19, 19, 0
1228, 22, 3, 19, 32, 0
1228, 22, 3, 19, 37, 0
1228, 22, 3, 19, 50, 0
1228, 22, 1, 19, 62, 0
1228, 22, 3, 20, 6, 0
1228, 22, 0, 20, 8, 0
1228, 22, 1, 20, 12, 0
1228, 22, 2, 20, 17, 0
1228, 22, 3, 20, 61, 0
1228, 22, 1, 20, 63, 0
1228, 22, 1, 21, 6, 0
1228, 22, 2, 21, 9, 0
1228, 22, 3, 21, 11, 0
1228, 22, 0, 21, 14, 0
1228, 22, 1, 21, 22, 0
1228, 22, 3, 21, 62, 0
1228, 22, 3, 22, 5, 0
1228, 22, 1, 22, 9, 0
1228, 22, 0, 22, 11, 0
1228, 22, 2, 22, 15, 0
1228, 22, 3, 22, 21, 0
1228, 22, 3, 23, 8, 0
1228, 22, 2, 23, 12, 0
1228, 22, 0, 23, 27, 0
1228, 22, 1, 23, 30, 0
1228, 22, 1, 24, 5, 0
1228, 22, 0, 24, 8, 0
1228, 22, 2, 24, 28, 0
1228, 22, 3, 24, 29, 0
1228, 22, 1, 25, 3, 0
1228, 22, 3, 25, 4, 0
1228, 22, 2, 25, 9, 0
1228, 22, 0, 25, 26, 0
1228, 22, 3, 25, 30, 0
1228, 22, 0, 25, 36, 0
1228, 22, 3, 26, 2, 0
1228, 22, 0, 26, 5, 0
1228, 22, 2, 26, 27, 0
1228, 22, 2, 26, 37, 0
1228, 22, 0, 27, 2, 0
1228, 22, 2, 27, 6, 0
1228, 22, 1, 27, 37, 0
1228, 22, 2, 28, 3, 0
1228, 22, 1, 28, 35, 0
1228, 22, 3, 28, 36, 0
1228, 22, 0, 29, 0, 0
1228, 22, 0, 29, 5, 0
1228, 22, 3, 29, 34, 0
1228, 22, 2, 30, 1, 0
1228, 22, 0, 30, 2, 0
1228, 22, 2, 30, 6, 0
1228, 22, 1, 38, 33, 0
1228, 22, 1, 38, 36, 0
1228, 22, 3, 39, 32, 0
1228, 22, 3, 39, 35, 0
1228, 22, 0, 40, 38, 0
1228, 22, 0, 41, 31, 0
1228, 22, 1, 41, 34, 0
1228, 22, 1, 41, 36, 0
1228, 22, 2, 41, 39, 0
1228, 22, 1, 42, 28, 0
1228, 22, 1, 42, 30, 0
1228, 22, 2, 42, 32, 0
1228, 22, 3, 42, 33, 0
1228, 22, 3, 42, 35, 0
1228, 22, 3, 43, 27, 0
1228, 22, 3, 43, 29, 0
1228, 22, 1, 43, 39, 0
1228, 22, 1, 44, 33, 0
1228, 22, 1, 44, 35, 0
1228, 22, 3, 44, 38, 0
1228, 22, 1, 45, 29, 0
1228, 22, 1, 45, 31, 0
1228, 22, 3, 45, 32, 0
1228, 22, 3, 45, 34, 0
1228, 22, 3, 46, 28, 0
1228, 22, 3, 46, 30, 0
1228, 22, 0, 46, 37, 0
1228, 22, 1, 46, 40, 0
1228, 22, 0, 47, 33, 0
1228, 22, 1, 47, 36, 0
1228, 22, 2, 47, 38, 0
1228, 22, 3, 47, 39, 0
1228, 22, 0, 47, 41, 0
1228, 22, 1, 48, 29, 0
1228, 22, 1, 48, 32, 0
1228, 22, 2, 48, 34, 0
1228, 22, 3, 48, 35, 0
1228, 22, 2, 48, 42, 0
1228, 22, 3, 49, 28, 0
1228, 22, 3, 49, 31, 0
1228, 22, 0, 49, 34, 0
1228, 22, 0, 49, 39, 0
1228, 22, 2, 50, 35, 0
1228, 22, 2, 50, 40, 0
1228, 22, 3, 51, 27, 0
1228, 22, 2, 51, 31, 0
1228, 22, 0, 51, 33, 0
1228, 22, 3, 51, 36, 0
1228, 22, 0, 52, 24, 0
1228, 22, 1, 52, 28, 0
1228, 22, 0, 52, 30, 0
1228, 22, 2, 52, 34, 0
1228, 22, 1, 52, 40, 0
1228, 22, 2, 53, 25, 0
1228, 22, 3, 53, 27, 0
1228, 22, 2, 53, 31, 0
1228, 22, 0, 53, 34, 0
1228, 22, 0, 53, 36, 0
1228, 22, 3, 53, 39, 0
1228, 22, 1, 54, 22, 0
1228, 22, 2, 54, 35, 0
1228, 22, 2, 54, 37, 0
1228, 22, 3, 54, 38, 0
1228, 22, 3, 55, 21, 0
1228, 22, 1, 55, 25, 0
1228, 22, 1, 55, 29, 0
1228, 22, 1, 56, 0, 0
1228, 22, 3, 56, 24, 0
1228, 22, 1, 56, 26, 0
1228, 22, 3, 56, 28, 0
1228, 22, 2, 56, 32, 0
1228, 22, 1, 56, 39, 0
1228, 22, 0, 56, 44, 0
1228, 22, 0, 56, 61, 0
1228, 22, 0, 57, 10, 0
1228, 22, 1, 57, 13, 0
1228, 22, 1, 57, 24, 0
1228, 22, 3, 57, 25, 0
1228, 22, 3, 57, 38, 0
1228, 22, 2, 57, 45, 0
1228, 22, 2, 57, 62, 0
1228, 22, 1, 58, 2, 0
1228, 22, 2, 58, 11, 0
1228, 22, 3, 58, 12, 0
1228, 22, 0, 58, 15, 0
1228, 22, 0, 58, 17, 0
1228, 22, 3, 58, 23, 0
1228, 22, 1, 58, 42, 0
1228, 22, 0, 58, 44, 0
1228, 22, 1, 58, 48, 0
1228, 22, 3, 59, 1, 0
1228, 22, 1, 59, 11, 0
1228, 22, 2, 59, 16, 0
1228, 22, 2, 59, 18, 0
1228, 22, 0, 59, 22, 0
1228, 22, 0, 59, 25, 0
1228, 22, 3, 59, 41, 0
1228, 22, 2, 59, 45, 0
1228, 22, 3, 59, 47, 0
1228, 22, 3, 60, 10, 0
1228, 22, 1, 60, 20, 0
1228, 22, 2, 60, 23, 0
1228, 22, 2, 60, 26, 0
1228, 22, 1, 60, 41, 0
1228, 22, 3, 60, 48, 0
1228, 22, 2, 60, 49, 0
1228, 22, 0, 60, 61, 0
1228, 22, 1, 61, 18, 0
1228, 22, 3, 61, 19, 0
1228, 22, 3, 61, 40, 0
1228, 22, 2, 61, 62, 0
1228, 22, 3, 62, 17, 0
1229, 22, 3, 0, 47, 0
1229, 22, 0, 1, 46, 0
1229, 22, 1, 1, 62, 0
1229, 22, 0, 2, 43, 0
1229, 22, 1, 4, 34, 0
1229, 22, 2, 7, 38, 0
1229, 22, 3, 7, 42, 0
1229, 22, 2, 8, 14, 0
1229, 22, 2, 9, 21, 0
1229, 22, 1, 10, 0, 0
1229, 22, 0, 10, 17, 0
1229, 22, 0, 11, 34, 0
1229, 22, 1, 13, 13, 0
1229, 22, 3, 13, 19, 0
1229, 22, 0, 13, 36, 0
1229, 22, 2, 14, 7, 0
1229, 22, 1, 14, 63, 0
1229, 22, 1, 15, 3, 0
1229, 22, 3, 16, 53, 0
1229, 22, 2, 17, 9, 0
1229, 22, 2, 17, 14, 0
1229, 22, 3, 17, 25, 0
1229, 22, 3, 18, 24, 0
1229, 22, 3, 18, 47, 0
1229, 22, 0, 19, 18, 0
1229, 22, 0, 19, 23, 0
1229, 22, 0, 20, 34, 0
1229, 22, 2, 21, 29, 0
1229, 22, 0, 22, 16, 0
1229, 22, 0, 22, 20, 0
1229, 22, 2, 24, 32, 0
1229, 22, 1, 24, 62, 0
1229, 22, 1, 28, 0, 0
1229, 22, 3, 28, 38, 0
1229, 22, 1, 29, 3, 0
1229, 22, 3, 29, 7, 0
1229, 22, 0, 29, 32, 0
1229, 22, 3, 29, 36, 0
1229, 22, 0, 31, 0, 0
1229, 22, 1, 31, 1, 0
1229, 22, 2, 36, 33, 0
1229, 22, 2, 37, 34, 0
1229, 22, 3, 38, 38, 0
1229, 22, 2, 38, 39, 0
1229, 22, 2, 40, 27, 0
1229, 22, 2, 40, 35, 0
1229, 22, 3, 42, 39, 0
1229, 22, 2, 43, 26, 0
1229, 22, 0, 43, 31, 0
1229, 22, 3, 44, 37, 0
1229, 22, 1, 46, 26, 0
1229, 22, 1, 48, 26, 0
1229, 22, 3, 49, 30, 0
1229, 22, 0, 49, 33, 0
1229, 22, 3, 49, 38, 0
1229, 22, 1, 50, 25, 0
1229, 22, 3, 51, 35, 0
1229, 22, 1, 51, 63, 0
1229, 22, 2, 52, 23, 0
1229, 22, 1, 53, 62, 0
1229, 22, 3, 54, 28, 0
1229, 22, 3, 54, 33, 0
1229, 22, 3, 55, 39, 0
1229, 22, 2, 56, 18, 0
1229, 22, 3, 56, 46, 0
1229, 22, 3, 57, 2, 0
1229, 22, 1, 57, 60, 0
1229, 22, 3, 58, 0, 0
1229, 22, 1, 58, 9, 0
1229, 22, 3, 58, 14, 0
1229, 22, 1, 59, 9, 0
1229, 22, 0, 59, 24, 0
1229, 22, 0, 60, 2, 0
1229, 22, 3, 60, 12, 0
1229, 22, 0, 60, 15, 0
1229, 22, 3, 61, 23, 0
1229, 22, 0, 61, 25, 0
1229, 22, 0, 61, 47, 0
1229, 22, 1, 63, 16, 0
1230, 22, 2, 9, 27, 0
1230, 22, 2, 9, 54, 0
1230, 22, 1, 10, 7, 0
1230, 22, 1, 10, 51, 0
1230, 22, 1, 11, 13, 0
1230, 22, 2, 12, 43, 0
1230, 22, 1, 12, 50, 0
1230, 22, 3, 13, 26, 0
1230, 22, 0, 14, 1, 0
1230, 22, 0, 14, 20, 0
1230, 22, 2, 14, 25, 0
1230, 22, 2, 14, 36, 0
1230, 22, 2, 15, 46, 0
1230, 22, 1, 15, 62, 0
1230, 22, 2, 17, 8, 0
1230, 22, 3, 19, 38, 0
1230, 22, 3, 19, 51, 0
1230, 22, 1, 19, 61, 0
1230, 22, 1, 21, 5, 0
1230, 22, 0, 21, 8, 0
1230, 22, 3, 22, 22, 0
1230, 22, 1, 24, 4, 0
1230, 22, 1, 25, 2, 0
1230, 22, 2, 25, 37, 0
1230, 22, 0, 26, 26, 0
1230, 22, 1, 42, 27, 0
1230, 22, 3, 45, 33, 0
1230, 22, 0, 47, 37, 0
1230, 22, 2, 47, 42, 0
1230, 22, 2, 49, 35, 0
1230, 22, 3, 51, 28, 0
1230, 22, 3, 53, 40, 0
1230, 22, 1, 54, 21, 0
1230, 22, 3, 54, 39, 0
1230, 22, 1, 55, 28, 0
1230, 22, 2, 59, 23, 0
1230, 22, 2, 59, 49, 0
1230, 22, 3, 61, 41, 0
1230, 22, 0, 61, 61, 0
1241, 22, 1, 0, 39, 0
1241, 22, 1, 0, 40, 0
1241, 22, 1, 0, 42, 0
1241, 22, 1, 0, 43, 0
1241, 22, 1, 1, 40, 0
1241, 22, 1, 4, 38, 0
1241, 22, 1, 5, 38, 0
1241, 22, 3, 5, 39, 0
1241, 22, 1, 6, 37, 0
1241, 22, 1, 6, 38, 0
1241, 22, 1, 6, 39, 0
1241, 22, 1, 7, 21, 0
1241, 22, 1, 7, 22, 0
1241, 22, 1, 7, 34, 0
1241, 22, 1, 7, 39, 0
1241, 22, 1, 7, 40, 0
1241, 22, 1, 8, 21, 0
1241, 22, 1, 8, 22, 0
1241, 22, 1, 8, 36, 0
1241, 22, 1, 8, 39, 0
1241, 22, 1, 9, 22, 0
1241, 22, 1, 9, 25, 0
1241, 22, 1, 10, 16, 0
1241, 22, 1, 10, 18, 0
1241, 22, 1, 10, 38, 0
1241, 22, 1, 11, 16, 0
1241, 22, 1, 11, 17, 0
1241, 22, 1, 11, 20, 0
1241, 22, 1, 11, 21, 0
1241, 22, 1, 11, 26, 0
1241, 22, 1, 11, 35, 0
1241, 22, 1, 11, 37, 0
1241, 22, 1, 11, 38, 0
1241, 22, 1, 11, 39, 0
1241, 22, 1, 12, 20, 0
1241, 22, 1, 12, 23, 0
1241, 22, 1, 12, 37, 0
1241, 22, 1, 12, 38, 0
1241, 22, 1, 12, 39, 0
1241, 22, 1, 13, 23, 0
1241, 22, 1, 13, 24, 0
1241, 22, 1, 13, 37, 0
1241, 22, 1, 13, 38, 0
1241, 22, 1, 13, 39, 0
1241, 22, 1, 13, 40, 0
1241, 22, 1, 13, 44, 0
1241, 22, 1, 13, 49, 0
1241, 22, 1, 14, 3, 0
1241, 22, 1, 14, 8, 0
1241, 22, 1, 14, 9, 0
1241, 22, 1, 14, 23, 0
1241, 22, 1, 14, 33, 0
1241, 22, 1, 14, 34, 0
1241, 22, 1, 14, 37, 0
1241, 22, 1, 14, 38, 0
1241, 22, 1, 14, 39, 0
1241, 22, 1, 14, 42, 0
1241, 22, 1, 14, 43, 0
1241, 22, 1, 14, 44, 0
1241, 22, 1, 14, 45, 0
1241, 22, 1, 14, 46, 0
1241, 22, 1, 14, 47, 0
1241, 22, 1, 14, 50, 0
1241, 22, 1, 15, 8, 0
1241, 22, 1, 15, 9, 0
1241, 22, 1, 15, 10, 0
1241, 22, 1, 15, 11, 0
1241, 22, 3, 15, 20, 0
1241, 22, 1, 15, 32, 0
1241, 22, 1, 15, 33, 0
1241, 22, 1, 15, 37, 0
1241, 22, 1, 15, 38, 0
1241, 22, 1, 15, 39, 0
1241, 22, 1, 15, 42, 0
1241, 22, 1, 15, 43, 0
1241, 22, 1, 15, 44, 0
1241, 22, 1, 15, 47, 0
1241, 22, 1, 15, 50, 0
1241, 22, 1, 15, 51, 0
1241, 22, 1, 16, 7, 0
1241, 22, 1, 16, 8, 0
1241, 22, 1, 16, 9, 0
1241, 22, 1, 16, 10, 0
1241, 22, 1, 16, 11, 0
1241, 22, 1, 16, 14, 0
1241, 22, 1, 16, 15, 0
1241, 22, 1, 16, 16, 0
1241, 22, 1, 16, 37, 0
1241, 22, 1, 16, 42, 0
1241, 22, 1, 16, 43, 0
1241, 22, 1, 16, 47, 0
1241, 22, 1, 16, 48, 0
1241, 22, 1, 16, 49, 0
1241, 22, 1, 17, 10, 0
1241, 22, 1, 17, 11, 0
1241, 22, 1, 17, 15, 0
1241, 22, 1, 17, 16, 0
1241, 22, 1, 17, 34, 0
1241, 22, 1, 18, 11, 0
1241, 22, 1, 18, 12, 0
1241, 22, 1, 18, 16, 0
1241, 22, 1, 18, 34, 0
1241, 22, 1, 19, 8, 0
1241, 22, 1, 19, 11, 0
1241, 22, 1, 19, 12, 0
1241, 22, 1, 19, 21, 0
1241, 22, 1, 19, 22, 0
1241, 22, 1, 20, 18, 0
1241, 22, 1, 20, 19, 0
1241, 22, 1, 21, 10, 0
1241, 22, 1, 21, 17, 0
1241, 22, 1, 22, 10, 0
1241, 22, 1, 23, 7, 0
1241, 22, 1, 24, 6, 0
1241, 22, 1, 24, 7, 0
1241, 22, 1, 26, 8, 0
1241, 22, 1, 27, 7, 0
1241, 22, 1, 27, 34, 0
1241, 22, 1, 28, 4, 0
1241, 22, 1, 28, 5, 0
1241, 22, 1, 28, 6, 0
1241, 22, 1, 28, 7, 0
1241, 22, 3, 36, 32, 0
1241, 22, 3, 38, 31, 0
1241, 22, 3, 39, 31, 0
1241, 22, 3, 39, 34, 0
1241, 22, 3, 40, 31, 0
1241, 22, 3, 40, 34, 0
1241, 22, 3, 40, 36, 0
1241, 22, 3, 40, 37, 0
1241, 22, 3, 41, 37, 0
1241, 22, 3, 42, 37, 0
1241, 22, 3, 43, 32, 0
1241, 22, 3, 43, 33, 0
1241, 22, 3, 43, 37, 0
1241, 22, 3, 45, 26, 0
1241, 22, 3, 45, 27, 0
1241, 22, 3, 45, 36, 0
1241, 22, 3, 45, 37, 0
1241, 22, 3, 46, 32, 0
1241, 22, 3, 46, 33, 0
1241, 22, 3, 46, 36, 0
1241, 22, 3, 47, 26, 0
1241, 22, 0, 47, 28, 0
1241, 22, 3, 47, 32, 0
1241, 22, 3, 47, 43, 0
1241, 22, 3, 48, 25, 0
1241, 22, 3, 48, 30, 0
1241, 22, 3, 48, 37, 0
1241, 22, 3, 48, 38, 0
1241, 22, 3, 48, 39, 0
1241, 22, 3, 48, 43, 0
1241, 22, 3, 49, 25, 0
1241, 22, 3, 49, 26, 0
1241, 22, 3, 49, 27, 0
1241, 22, 3, 49, 41, 0
1241, 22, 3, 49, 42, 0
1241, 22, 3, 50, 24, 0
1241, 22, 3, 50, 28, 0
1241, 22, 3, 50, 29, 0
1241, 22, 3, 50, 30, 0
1241, 22, 3, 50, 37, 0
1241, 22, 3, 50, 38, 0
1241, 22, 3, 50, 41, 0
1241, 22, 3, 51, 22, 0
1241, 22, 3, 51, 23, 0
1241, 22, 3, 51, 24, 0
1241, 22, 3, 51, 25, 0
1241, 22, 3, 51, 26, 0
1241, 22, 3, 51, 32, 0
1241, 22, 3, 51, 40, 0
1241, 22, 3, 51, 41, 0
1241, 22, 3, 51, 62, 0
1241, 22, 3, 52, 22, 0
1241, 22, 3, 52, 41, 0
1241, 22, 3, 52, 62, 0
1241, 22, 3, 52, 63, 0
1241, 22, 3, 53, 22, 0
1241, 22, 3, 53, 41, 0
1241, 22, 3, 53, 61, 0
1241, 22, 3, 54, 23, 0
1241, 22, 3, 54, 24, 0
1241, 22, 3, 54, 25, 0
1241, 22, 3, 54, 29, 0
1241, 22, 3, 54, 31, 0
1241, 22, 3, 54, 40, 0
1241, 22, 3, 54, 41, 0
1241, 22, 3, 54, 42, 0
1241, 22, 3, 54, 61, 0
1241, 22, 3, 54, 62, 0
1241, 22, 3, 54, 63, 0
1241, 22, 3, 55, 26, 0
1241, 22, 3, 55, 27, 0
1241, 22, 3, 55, 31, 0
1241, 22, 3, 55, 35, 0
1241, 22, 3, 55, 40, 0
1241, 22, 3, 55, 41, 0
1241, 22, 3, 55, 42, 0
1241, 22, 3, 55, 43, 0
1241, 22, 3, 55, 44, 0
1241, 22, 3, 55, 45, 0
1241, 22, 3, 55, 61, 0
1241, 22, 3, 55, 62, 0
1241, 22, 3, 55, 63, 0
1241, 22, 3, 56, 10, 0
1241, 22, 3, 56, 11, 0
1241, 22, 3, 56, 16, 0
1241, 22, 3, 56, 17, 0
1241, 22, 3, 56, 19, 0
1241, 22, 3, 56, 20, 0
1241, 22, 3, 56, 21, 0
1241, 22, 3, 56, 22, 0
1241, 22, 3, 56, 27, 0
1241, 22, 3, 56, 40, 0
1241, 22, 3, 56, 41, 0
1241, 22, 3, 56, 42, 0
1241, 22, 3, 56, 43, 0
1241, 22, 3, 56, 59, 0
1241, 22, 3, 56, 60, 0
1241, 22, 3, 57, 9, 0
1241, 22, 3, 57, 19, 0
1241, 22, 3, 57, 20, 0
1241, 22, 3, 57, 21, 0
1241, 22, 3, 57, 22, 0
1241, 22, 3, 57, 40, 0
1241, 22, 3, 57, 41, 0
1241, 22, 3, 57, 42, 0
1241, 22, 3, 57, 59, 0
1241, 22, 3, 57, 63, 0
1241, 22, 3, 58, 19, 0
1241, 22, 3, 58, 20, 0
1241, 22, 3, 58, 21, 0
1241, 22, 3, 58, 22, 0
1241, 22, 3, 58, 25, 0
1241, 22, 3, 58, 59, 0
1241, 22, 3, 58, 60, 0
1241, 22, 3, 58, 61, 0
1241, 22, 3, 58, 62, 0
1241, 22, 3, 58, 63, 0
1241, 22, 2, 59, 0, 0
1241, 22, 3, 59, 12, 0
1241, 22, 3, 59, 13, 0
1241, 22, 3, 59, 14, 0
1241, 22, 3, 59, 19, 0
1241, 22, 3, 59, 20, 0
1241, 22, 3, 59, 21, 0
1241, 22, 3, 59, 40, 0
1241, 22, 3, 59, 61, 0
1241, 22, 3, 59, 62, 0
1241, 22, 3, 59, 63, 0
1241, 22, 2, 60, 0, 0
1241, 22, 2, 60, 1, 0
1241, 22, 3, 60, 9, 0
1241, 22, 3, 60, 13, 0
1241, 22, 3, 60, 14, 0
1241, 22, 3, 60, 16, 0
1241, 22, 3, 60, 60, 0
1241, 22, 2, 61, 0, 0
1241, 22, 2, 61, 1, 0
1241, 22, 3, 61, 10, 0
1241, 22, 3, 61, 11, 0
1241, 22, 3, 61, 12, 0
1241, 22, 3, 61, 13, 0
1241, 22, 3, 61, 14, 0
1241, 22, 3, 61, 15, 0
1241, 22, 3, 61, 16, 0
1241, 22, 3, 61, 60, 0
1241, 22, 3, 61, 63, 0
1241, 22, 2, 62, 0, 0
1241, 22, 2, 62, 1, 0
1241, 22, 3, 62, 15, 0
1241, 22, 3, 62, 16, 0
1241, 22, 3, 62, 19, 0
1241, 22, 3, 62, 20, 0
1241, 22, 3, 62, 21, 0
1241, 22, 3, 62, 60, 0
1241, 22, 3, 62, 61, 0
1241, 22, 3, 62, 62, 0
1241, 22, 2, 63, 0, 0
1241, 22, 2, 63, 1, 0
1241, 22, 3, 63, 15, 0
1241, 22, 3, 63, 19, 0
1241, 22, 3, 63, 20, 0
1241, 22, 3, 63, 21, 0
1242, 22, 1, 0, 35, 0
1242, 22, 3, 0, 48, 0
1242, 22, 2, 0, 62, 0
1242, 22, 2, 0, 63, 0
1242, 22, 1, 1, 35, 0
1242, 22, 1, 1, 37, 0
1242, 22, 3, 1, 39, 0
1242, 22, 3, 1, 47, 0
1242, 22, 1, 1, 61, 0
1242, 22, 1, 2, 35, 0
1242, 22, 2, 2, 37, 0
1242, 22, 0, 2, 42, 0
1242, 22, 0, 2, 44, 0
1242, 22, 0, 2, 46, 0
1242, 22, 0, 2, 62, 0
1242, 22, 0, 2, 63, 0
1242, 22, 2, 3, 21, 0
1242, 22, 2, 3, 34, 0
1242, 22, 2, 3, 35, 0
1242, 22, 0, 3, 43, 0
1242, 22, 3, 4, 22, 0
1242, 22, 1, 4, 33, 0
1242, 22, 3, 4, 41, 0
1242, 22, 1, 5, 33, 0
1242, 22, 1, 6, 17, 0
1242, 22, 3, 6, 22, 0
1242, 22, 1, 6, 33, 0
1242, 22, 2, 6, 42, 0
1242, 22, 2, 7, 14, 0
1242, 22, 1, 7, 17, 0
1242, 22, 2, 7, 23, 0
1242, 22, 2, 7, 24, 0
1242, 22, 1, 7, 33, 0
1242, 22, 3, 7, 43, 0
1242, 22, 1, 8, 13, 0
1242, 22, 3, 8, 15, 0
1242, 22, 3, 8, 25, 0
1242, 22, 2, 8, 27, 0
1242, 22, 3, 8, 42, 0
1242, 22, 2, 8, 54, 0
1242, 22, 2, 9, 0, 0
1242, 22, 2, 9, 1, 0
1242, 22, 2, 9, 7, 0
1242, 22, 1, 9, 13, 0
1242, 22, 2, 9, 16, 0
1242, 22, 3, 9, 28, 0
1242, 22, 1, 9, 32, 0
1242, 22, 2, 9, 51, 0
1242, 22, 2, 9, 52, 0
1242, 22, 3, 9, 55, 0
1242, 22, 2, 10, 3, 0
1242, 22, 1, 10, 6, 0
1242, 22, 2, 10, 9, 0
1242, 22, 2, 10, 13, 0
1242, 22, 1, 10, 32, 0
1242, 22, 3, 10, 41, 0
1242, 22, 1, 10, 50, 0
1242, 22, 0, 11, 0, 0
1242, 22, 3, 11, 4, 0
1242, 22, 3, 11, 10, 0
1242, 22, 1, 11, 12, 0
1242, 22, 1, 11, 32, 0
1242, 22, 2, 11, 43, 0
1242, 22, 3, 11, 45, 0
1242, 22, 2, 11, 50, 0
1242, 22, 3, 11, 54, 0
1242, 22, 1, 12, 2, 0
1242, 22, 2, 12, 10, 0
1242, 22, 1, 12, 32, 0
1242, 22, 3, 12, 44, 0
1242, 22, 3, 12, 45, 0
1242, 22, 1, 12, 48, 0
1242, 22, 1, 12, 49, 0
1242, 22, 2, 13, 12, 0
1242, 22, 3, 13, 27, 0
1242, 22, 1, 13, 32, 0
1242, 22, 2, 13, 45, 0
1242, 22, 2, 13, 46, 0
1242, 22, 2, 13, 47, 0
1242, 22, 1, 13, 48, 0
1242, 22, 1, 13, 63, 0
1242, 22, 1, 14, 0, 0
1242, 22, 3, 14, 26, 0
1242, 22, 1, 14, 32, 0
1242, 22, 2, 14, 48, 0
1242, 22, 1, 14, 49, 0
1242, 22, 3, 14, 53, 0
1242, 22, 1, 14, 62, 0
1242, 22, 0, 15, 1, 0
1242, 22, 1, 15, 2, 0
1242, 22, 1, 15, 31, 0
1242, 22, 2, 15, 48, 0
1242, 22, 1, 15, 49, 0
1242, 22, 3, 15, 53, 0
1242, 22, 1, 15, 61, 0
1242, 22, 0, 16, 3, 0
1242, 22, 3, 16, 25, 0
1242, 22, 1, 16, 31, 0
1242, 22, 3, 16, 54, 0
1242, 22, 0, 17, 52, 0
1242, 22, 0, 17, 62, 0
1242, 22, 0, 17, 63, 0
1242, 22, 1, 18, 5, 0
1242, 22, 1, 18, 30, 0
1242, 22, 0, 18, 35, 0
1242, 22, 0, 18, 36, 0
1242, 22, 0, 18, 40, 0
1242, 22, 2, 18, 61, 0
1242, 22, 2, 18, 62, 0
1242, 22, 0, 19, 31, 0
1242, 22, 3, 19, 35, 0
1242, 22, 3, 19, 39, 0
1242, 22, 0, 19, 42, 0
1242, 22, 0, 19, 43, 0
1242, 22, 0, 19, 44, 0
1242, 22, 0, 19, 46, 0
1242, 22, 0, 19, 47, 0
1242, 22, 0, 19, 48, 0
1242, 22, 0, 19, 49, 0
1242, 22, 3, 19, 52, 0
1242, 22, 1, 19, 60, 0
1242, 22, 2, 19, 63, 0
1242, 22, 2, 20, 5, 0
1242, 22, 0, 20, 22, 0
1242, 22, 2, 20, 29, 0
1242, 22, 1, 20, 33, 0
1242, 22, 3, 20, 35, 0
1242, 22, 0, 20, 38, 0
1242, 22, 0, 20, 51, 0
1242, 22, 1, 21, 4, 0
1242, 22, 0, 21, 18, 0
1242, 22, 0, 21, 19, 0
1242, 22, 2, 21, 28, 0
1242, 22, 3, 21, 30, 0
1242, 22, 0, 21, 34, 0
1242, 22, 1, 21, 61, 0
1242, 22, 3, 22, 17, 0
1242, 22, 1, 22, 27, 0
1242, 22, 3, 22, 30, 0
1242, 22, 0, 22, 62, 0
1242, 22, 1, 22, 63, 0
1242, 22, 2, 23, 4, 0
1242, 22, 0, 23, 13, 0
1242, 22, 0, 23, 14, 0
1242, 22, 0, 23, 15, 0
1242, 22, 0, 23, 16, 0
1242, 22, 2, 23, 32, 0
1242, 22, 2, 23, 62, 0
1242, 22, 2, 23, 63, 0
1242, 22, 2, 24, 2, 0
1242, 22, 1, 24, 3, 0
1242, 22, 0, 24, 11, 0
1242, 22, 0, 24, 12, 0
1242, 22, 1, 24, 26, 0
1242, 22, 3, 24, 33, 0
1242, 22, 2, 24, 37, 0
1242, 22, 1, 24, 61, 0
1242, 22, 1, 25, 1, 0
1242, 22, 0, 25, 10, 0
1242, 22, 3, 25, 28, 0
1242, 22, 2, 25, 35, 0
1242, 22, 3, 25, 38, 0
1242, 22, 0, 25, 62, 0
1242, 22, 0, 25, 63, 0
1242, 22, 3, 26, 9, 0
1242, 22, 1, 26, 25, 0
1242, 22, 0, 26, 31, 0
1242, 22, 0, 26, 32, 0
1242, 22, 2, 27, 0, 0
1242, 22, 2, 27, 1, 0
1242, 22, 3, 27, 8, 0
1242, 22, 0, 27, 26, 0
1242, 22, 0, 27, 27, 0
1242, 22, 2, 27, 38, 0
1242, 22, 3, 28, 8, 0
1242, 22, 1, 28, 31, 0
1242, 22, 3, 28, 39, 0
1242, 22, 3, 29, 8, 0
1242, 22, 0, 29, 33, 0
1242, 22, 0, 29, 37, 0
1242, 22, 0, 29, 38, 0
1242, 22, 0, 30, 7, 0
1242, 22, 0, 30, 35, 0
1242, 22, 0, 30, 36, 0
1242, 22, 0, 31, 4, 0
1242, 22, 0, 31, 5, 0
1242, 22, 0, 32, 0, 0
1242, 22, 0, 32, 1, 0
1242, 22, 0, 32, 2, 0
1242, 22, 2, 37, 31, 0
1242, 22, 2, 37, 35, 0
1242, 22, 2, 37, 36, 0
1242, 22, 2, 37, 37, 0
1242, 22, 2, 37, 38, 0
1242, 22, 2, 37, 39, 0
1242, 22, 2, 37, 40, 0
1242, 22, 3, 38, 40, 0
1242, 22, 3, 39, 40, 0
1242, 22, 3, 40, 40, 0
1242, 22, 3, 41, 40, 0
1242, 22, 3, 42, 40, 0
1242, 22, 3, 43, 40, 0
1242, 22, 3, 44, 40, 0
1242, 22, 3, 45, 40, 0
1242, 22, 2, 46, 41, 0
1242, 22, 2, 46, 42, 0
1242, 22, 2, 46, 43, 0
1242, 22, 1, 48, 24, 0
1242, 22, 2, 49, 24, 0
1242, 22, 3, 49, 43, 0
1242, 22, 2, 50, 22, 0
1242, 22, 2, 50, 23, 0
1242, 22, 3, 50, 42, 0
1242, 22, 1, 50, 61, 0
1242, 22, 2, 50, 62, 0
1242, 22, 1, 50, 63, 0
1242, 22, 3, 51, 42, 0
1242, 22, 1, 51, 61, 0
1242, 22, 1, 52, 21, 0
1242, 22, 3, 52, 42, 0
1242, 22, 1, 52, 60, 0
1242, 22, 1, 52, 61, 0
1242, 22, 3, 53, 42, 0
1242, 22, 3, 54, 0, 0
1242, 22, 2, 54, 43, 0
1242, 22, 2, 54, 44, 0
1242, 22, 2, 54, 45, 0
1242, 22, 1, 54, 60, 0
1242, 22, 3, 55, 0, 0
1242, 22, 2, 55, 46, 0
1242, 22, 1, 55, 60, 0
1242, 22, 2, 56, 9, 0
1242, 22, 2, 56, 12, 0
1242, 22, 0, 56, 33, 0
1242, 22, 0, 56, 34, 0
1242, 22, 0, 56, 35, 0
1242, 22, 0, 56, 36, 0
1242, 22, 0, 56, 37, 0
1242, 22, 3, 56, 47, 0
1242, 22, 1, 57, 8, 0
1242, 22, 2, 57, 14, 0
1242, 22, 3, 57, 27, 0
1242, 22, 0, 57, 29, 0
1242, 22, 0, 57, 30, 0
1242, 22, 0, 57, 31, 0
1242, 22, 2, 57, 48, 0
1242, 22, 1, 58, 8, 0
1242, 22, 3, 58, 27, 0
1242, 22, 1, 58, 38, 0
1242, 22, 2, 58, 49, 0
1242, 22, 1, 59, 8, 0
1242, 22, 3, 59, 27, 0
1242, 22, 1, 59, 38, 0
1242, 22, 3, 59, 50, 0
1242, 22, 1, 59, 59, 0
1242, 22, 1, 59, 60, 0
1242, 22, 1, 60, 8, 0
1242, 22, 1, 60, 38, 0
1242, 22, 0, 60, 42, 0
1242, 22, 0, 60, 43, 0
1242, 22, 0, 60, 44, 0
1242, 22, 1, 60, 45, 0
1242, 22, 1, 60, 59, 0
1242, 22, 1, 61, 9, 0
1242, 22, 3, 61, 24, 0
1242, 22, 3, 61, 26, 0
1242, 22, 0, 61, 39, 0
1242, 22, 3, 61, 42, 0
1242, 22, 0, 61, 44, 0
1242, 22, 0, 61, 46, 0
1242, 22, 3, 61, 48, 0
1242, 22, 1, 61, 59, 0
1242, 22, 0, 62, 10, 0
1242, 22, 0, 62, 11, 0
1242, 22, 0, 62, 12, 0
1242, 22, 0, 62, 13, 0
1242, 22, 0, 62, 14, 0
1242, 22, 0, 62, 22, 0
1242, 22, 0, 62, 23, 0
1242, 22, 0, 62, 25, 0
1242, 22, 0, 62, 41, 0
1242, 22, 0, 62, 47, 0
1242, 22, 1, 62, 59, 0
1242, 22, 0, 62, 63, 0
1242, 22, 1, 63, 14, 0
1242, 22, 0, 63, 59, 0
1242, 22, 0, 63, 60, 0
1242, 22, 0, 63, 61, 0
1242, 22, 0, 63, 62, 0
1242, 22, 0, 63, 63, 0
1243, 22, 1, 0, 34, 0
1243, 22, 2, 0, 61, 0
1243, 22, 3, 1, 48, 0
1243, 22, 1, 1, 58, 0
1243, 22, 1, 2, 34, 0
1243, 22, 0, 2, 45, 0
1243, 22, 3, 2, 47, 0
1243, 22, 0, 2, 61, 0
1243, 22, 2, 3, 19, 0
1243, 22, 2, 3, 20, 0
1243, 22, 3, 3, 22, 0
1243, 22, 1, 3, 33, 0
1243, 22, 0, 3, 42, 0
1243, 22, 0, 3, 44, 0
1243, 22, 2, 4, 18, 0
1243, 22, 1, 4, 32, 0
1243, 22, 1, 5, 17, 0
1243, 22, 3, 5, 22, 0
1243, 22, 1, 5, 32, 0
1243, 22, 3, 5, 42, 0
1243, 22, 1, 6, 32, 0
1243, 22, 3, 6, 43, 0
1243, 22, 2, 7, 13, 0
1243, 22, 2, 7, 15, 0
1243, 22, 2, 7, 25, 0
1243, 22, 1, 7, 32, 0
1243, 22, 2, 8, 26, 0
1243, 22, 3, 8, 28, 0
1243, 22, 1, 8, 32, 0
1243, 22, 3, 8, 43, 0
1243, 22, 2, 8, 53, 0
1243, 22, 2, 8, 55, 0
1243, 22, 2, 9, 2, 0
1243, 22, 2, 9, 6, 0
1243, 22, 2, 9, 8, 0
1243, 22, 3, 9, 42, 0
1243, 22, 2, 10, 4, 0
1243, 22, 2, 10, 10, 0
1243, 22, 1, 10, 12, 0
1243, 22, 3, 10, 28, 0
1243, 22, 3, 10, 42, 0
1243, 22, 3, 10, 55, 0
1243, 22, 2, 11, 5, 0
1243, 22, 1, 11, 6, 0
1243, 22, 3, 11, 42, 0
1243, 22, 2, 11, 44, 0
1243, 22, 3, 11, 46, 0
1243, 22, 2, 11, 47, 0
1243, 22, 0, 12, 1, 0
1243, 22, 1, 12, 12, 0
1243, 22, 3, 12, 27, 0
1243, 22, 3, 12, 46, 0
1243, 22, 2, 12, 47, 0
1243, 22, 3, 12, 54, 0
1243, 22, 1, 13, 0, 0
1243, 22, 3, 13, 54, 0
1243, 22, 1, 13, 62, 0
1243, 22, 3, 14, 27, 0
1243, 22, 1, 14, 61, 0
1243, 22, 1, 15, 0, 0
1243, 22, 3, 15, 26, 0
1243, 22, 3, 15, 54, 0
1243, 22, 1, 16, 2, 0
1243, 22, 0, 16, 4, 0
1243, 22, 1, 16, 5, 0
1243, 22, 1, 16, 61, 0
1243, 22, 1, 17, 5, 0
1243, 22, 3, 17, 26, 0
1243, 22, 0, 17, 51, 0
1243, 22, 0, 17, 53, 0
1243, 22, 3, 17, 54, 0
1243, 22, 3, 18, 25, 0
1243, 22, 3, 18, 52, 0
1243, 22, 1, 18, 60, 0
1243, 22, 1, 19, 5, 0
1243, 22, 3, 19, 24, 0
1243, 22, 1, 19, 30, 0
1243, 22, 0, 19, 36, 0
1243, 22, 0, 19, 40, 0
1243, 22, 0, 19, 41, 0
1243, 22, 0, 19, 45, 0
1243, 22, 1, 20, 4, 0
1243, 22, 3, 20, 23, 0
1243, 22, 2, 20, 28, 0
1243, 22, 0, 20, 32, 0
1243, 22, 0, 20, 37, 0
1243, 22, 0, 20, 39, 0
1243, 22, 0, 20, 46, 0
1243, 22, 0, 20, 50, 0
1243, 22, 0, 20, 52, 0
1243, 22, 1, 20, 60, 0
1243, 22, 3, 21, 23, 0
1243, 22, 0, 21, 33, 0
1243, 22, 0, 21, 35, 0
1243, 22, 1, 22, 4, 0
1243, 22, 0, 22, 18, 0
1243, 22, 0, 22, 19, 0
1243, 22, 2, 23, 3, 0
1243, 22, 0, 23, 17, 0
1243, 22, 1, 23, 26, 0
1243, 22, 1, 23, 61, 0
1243, 22, 2, 24, 1, 0
1243, 22, 0, 24, 13, 0
1243, 22, 0, 24, 14, 0
1243, 22, 0, 24, 15, 0
1243, 22, 0, 24, 16, 0
1243, 22, 1, 24, 25, 0
1243, 22, 0, 25, 11, 0
1243, 22, 0, 25, 12, 0
1243, 22, 1, 25, 25, 0
1243, 22, 0, 25, 29, 0
1243, 22, 1, 25, 61, 0
1243, 22, 1, 26, 1, 0
1243, 22, 0, 26, 10, 0
1243, 22, 3, 26, 28, 0
1243, 22, 0, 26, 30, 0
1243, 22, 3, 26, 38, 0
1243, 22, 3, 27, 9, 0
1243, 22, 1, 27, 25, 0
1243, 22, 3, 27, 39, 0
1243, 22, 1, 29, 2, 0
1243, 22, 0, 29, 31, 0
1243, 22, 3, 29, 39, 0
1243, 22, 0, 30, 32, 0
1243, 22, 0, 30, 34, 0
1243, 22, 0, 30, 37, 0
1243, 22, 0, 31, 6, 0
1243, 22, 0, 32, 3, 0
1243, 22, 2, 35, 31, 0
1243, 22, 1, 36, 31, 0
1243, 22, 2, 36, 36, 0
1243, 22, 2, 36, 37, 0
1243, 22, 2, 36, 38, 0
1243, 22, 1, 37, 30, 0
1243, 22, 1, 38, 30, 0
1243, 22, 3, 45, 41, 0
1243, 22, 2, 45, 42, 0
1243, 22, 3, 46, 45, 0
1243, 22, 2, 49, 61, 0
1243, 22, 2, 49, 62, 0
1243, 22, 2, 49, 63, 0
1243, 22, 3, 50, 43, 0
1243, 22, 1, 50, 60, 0
1243, 22, 3, 51, 43, 0
1243, 22, 1, 51, 60, 0
1243, 22, 3, 52, 0, 0
1243, 22, 3, 52, 43, 0
1243, 22, 3, 52, 45, 0
1243, 22, 1, 52, 59, 0
1243, 22, 3, 53, 0, 0
1243, 22, 2, 53, 43, 0
1243, 22, 2, 53, 44, 0
1243, 22, 3, 53, 45, 0
1243, 22, 3, 54, 46, 0
1243, 22, 2, 55, 47, 0
1243, 22, 3, 56, 1, 0
1243, 22, 2, 56, 2, 0
1243, 22, 3, 56, 3, 0
1243, 22, 2, 56, 8, 0
1243, 22, 2, 56, 13, 0
1243, 22, 2, 56, 48, 0
1243, 22, 3, 57, 3, 0
1243, 22, 0, 57, 28, 0
1243, 22, 0, 57, 32, 0
1243, 22, 0, 57, 37, 0
1243, 22, 0, 57, 46, 0
1243, 22, 2, 57, 47, 0
1243, 22, 2, 57, 49, 0
1243, 22, 3, 58, 3, 0
1243, 22, 2, 58, 4, 0
1243, 22, 2, 58, 5, 0
1243, 22, 3, 58, 50, 0
1243, 22, 3, 59, 3, 0
1243, 22, 3, 59, 4, 0
1243, 22, 3, 59, 5, 0
1243, 22, 3, 60, 3, 0
1243, 22, 3, 60, 4, 0
1243, 22, 3, 60, 5, 0
1243, 22, 3, 60, 27, 0
1243, 22, 3, 60, 50, 0
1243, 22, 0, 61, 2, 0
1243, 22, 0, 61, 3, 0
1243, 22, 0, 61, 4, 0
1243, 22, 3, 61, 5, 0
1243, 22, 0, 61, 8, 0
1243, 22, 1, 61, 38, 0
1243, 22, 3, 61, 45, 0
1243, 22, 0, 61, 49, 0
1243, 22, 3, 62, 2, 0
1243, 22, 0, 62, 9, 0
1243, 22, 0, 62, 24, 0
1243, 22, 0, 62, 26, 0
1243, 22, 0, 62, 39, 0
1243, 22, 0, 62, 40, 0
1243, 22, 3, 62, 42, 0
1243, 22, 0, 62, 46, 0
1243, 22, 0, 62, 48, 0
1243, 22, 3, 62, 49, 0
1243, 22, 3, 63, 2, 0
1243, 22, 0, 63, 10, 0
1243, 22, 0, 63, 11, 0
1243, 22, 0, 63, 12, 0
1243, 22, 1, 63, 13, 0
1249, 22, 0, 43, 52, 0
1250, 22, 2, 36, 52, 0
1250, 22, 1, 37, 57, 0
1250, 22, 3, 37, 59, 0
1250, 22, 0, 42, 52, 0
1250, 22, 3, 46, 55, 0
1286, 10, 3, 34, 54, 0
1286, 10, 0, 39, 58, 0
1286, 10, 2, 43, 59, 0
1303, 10, 3, 0, 50, 0
1304, 10, 1, 0, 60, 0
1304, 10, 0, 1, 54, 0
1304, 10, 2, 1, 58, 0
1304, 10, 0, 3, 26, 0
1304, 10, 0, 7, 25, 0
1304, 10, 0, 9, 20, 0
1304, 10, 0, 9, 50, 0
1304, 10, 0, 11, 46, 0
1304, 10, 0, 14, 13, 0
1304, 10, 0, 14, 48, 0
1304, 10, 0, 17, 11, 0
1304, 10, 0, 17, 35, 0
1304, 10, 0, 17, 41, 0
1304, 10, 0, 18, 3, 0
1304, 10, 0, 18, 16, 0
1304, 10, 0, 18, 53, 0
1304, 10, 0, 20, 20, 0
1304, 10, 0, 20, 32, 0
1304, 10, 0, 21, 6, 0
1304, 10, 0, 21, 50, 0
1304, 10, 0, 21, 56, 0
1304, 10, 0, 24, 4, 0
1304, 10, 0, 24, 53, 0
1304, 10, 0, 27, 17, 0
1304, 10, 0, 27, 22, 0
1304, 10, 0, 27, 34, 0
1304, 10, 0, 28, 43, 0
1304, 10, 0, 37, 32, 0
1304, 10, 0, 41, 24, 0
1304, 10, 0, 42, 18, 0
1304, 10, 0, 44, 39, 0
1304, 10, 0, 45, 23, 0
1304, 10, 0, 46, 33, 0
1304, 10, 0, 47, 28, 0
1304, 10, 0, 48, 16, 0
1304, 10, 0, 48, 24, 0
1304, 10, 0, 49, 20, 0
1304, 10, 0, 49, 36, 0
1304, 10, 0, 51, 11, 0
1304, 10, 0, 52, 45, 0
1304, 10, 0, 52, 52, 0
1304, 10, 0, 54, 42, 0
1304, 10, 0, 55, 27, 0
1304, 10, 0, 55, 47, 0
1304, 10, 0, 56, 10, 0
1304, 10, 0, 56, 58, 0
1304, 10, 0, 58, 22, 0
1304, 10, 2, 59, 3, 0
1305, 10, 0, 5, 39, 0
1305, 10, 0, 6, 18, 0
1305, 10, 0, 6, 22, 0
1305, 10, 0, 8, 16, 0
1305, 10, 0, 10, 5, 0
1305, 10, 0, 10, 13, 0
1305, 10, 0, 11, 22, 0
1305, 10, 0, 11, 43, 0
1305, 10, 0, 11, 48, 0
1305, 10, 0, 13, 37, 0
1305, 10, 0, 14, 16, 0
1305, 10, 0, 15, 20, 0
1305, 10, 0, 15, 44, 0
1305, 10, 0, 16, 6, 0
1305, 10, 0, 16, 48, 0
1305, 10, 0, 17, 23, 0
1305, 10, 0, 19, 29, 0
1305, 10, 0, 20, 13, 0
1305, 10, 0, 20, 52, 0
1305, 10, 0, 22, 27, 0
1305, 10, 0, 23, 30, 0
1305, 10, 0, 24, 7, 0
1305, 10, 0, 25, 29, 0
1305, 10, 0, 26, 25, 0
1305, 10, 0, 31, 26, 0
1305, 10, 0, 41, 28, 0
1305, 10, 0, 45, 19, 0
1305, 10, 0, 45, 36, 0
1305, 10, 0, 48, 31, 0
1305, 10, 0, 48, 42, 0
1305, 10, 0, 50, 22, 0
1305, 10, 0, 52, 38, 0
1305, 10, 0, 53, 17, 0
1305, 10, 0, 54, 44, 0
1305, 10, 0, 54, 54, 0
1305, 10, 0, 55, 33, 0
1305, 10, 1, 61, 0, 0
1305, 10, 0, 61, 55, 0
1305, 10, 0, 62, 10, 0
1305, 10, 0, 62, 46, 0
1305, 10, 0, 63, 20, 0
1326, 10, 0, 1, 35, 0
1326, 10, 0, 2, 14, 0
1326, 10, 0, 3, 20, 0
1326, 10, 0, 3, 24, 0
1326, 10, 0, 4, 38, 0
1326, 10, 0, 4, 43, 0
1326, 10, 0, 5, 16, 0
1326, 10, 0, 6, 26, 0
1326, 10, 0, 6, 37, 0
1326, 10, 0, 6, 53, 0
1326, 10, 0, 7, 15, 0
1326, 10, 0, 7, 39, 0
1326, 10, 0, 8, 13, 0
1326, 10, 0, 8, 21, 0
1326, 10, 0, 9, 18, 0
1326, 10, 0, 9, 42, 0
1326, 10, 0, 9, 46, 0
1326, 10, 0, 9, 56, 0
1326, 10, 0, 10, 10, 0
1326, 10, 0, 10, 35, 0
1326, 10, 0, 11, 16, 0
1326, 10, 0, 11, 27, 0
1326, 10, 0, 11, 38, 0
1326, 10, 0, 12, 11, 0
1326, 10, 0, 12, 51, 0
1326, 10, 0, 13, 20, 0
1326, 10, 0, 13, 24, 0
1326, 10, 0, 13, 40, 0
1326, 10, 0, 13, 46, 0
1326, 10, 0, 14, 34, 0
1326, 10, 0, 14, 56, 0
1326, 10, 0, 15, 8, 0
1326, 10, 0, 15, 26, 0
1326, 10, 0, 15, 32, 0
1326, 10, 0, 15, 38, 0
1326, 10, 0, 15, 42, 0
1326, 10, 0, 15, 50, 0
1326, 10, 0, 16, 10, 0
1326, 10, 0, 17, 15, 0
1326, 10, 0, 18, 34, 0
1326, 10, 0, 19, 8, 0
1326, 10, 0, 19, 11, 0
1326, 10, 0, 19, 46, 0
1326, 10, 0, 20, 18, 0
1326, 10, 0, 20, 31, 0
1326, 10, 0, 20, 36, 0
1326, 10, 0, 20, 49, 0
1326, 10, 0, 22, 10, 0
1326, 10, 0, 22, 32, 0
1326, 10, 0, 22, 43, 0
1326, 10, 0, 23, 57, 0
1326, 10, 0, 25, 25, 0
1326, 10, 0, 25, 28, 0
1326, 10, 0, 26, 44, 0
1326, 10, 0, 27, 32, 0
1326, 10, 0, 27, 38, 0
1326, 10, 0, 28, 14, 0
1326, 10, 0, 28, 40, 0
1326, 10, 0, 29, 17, 0
1326, 10, 0, 29, 22, 0
1326, 10, 0, 29, 29, 0
1326, 10, 0, 29, 37, 0
1326, 10, 0, 30, 33, 0
1326, 10, 0, 31, 39, 0
1326, 10, 0, 38, 23, 0
1326, 10, 0, 38, 55, 0
1326, 10, 0, 39, 30, 0
1326, 10, 0, 40, 34, 0
1326, 10, 0, 40, 44, 0
1326, 10, 0, 41, 37, 0
1326, 10, 0, 44, 29, 0
1326, 10, 0, 44, 56, 0
1326, 10, 0, 45, 26, 0
1326, 10, 0, 46, 32, 0
1326, 10, 0, 47, 22, 0
1326, 10, 0, 48, 38, 0
1326, 10, 0, 50, 18, 0
1326, 10, 0, 50, 28, 0
1326, 10, 0, 51, 25, 0
1326, 10, 0, 51, 32, 0
1326, 10, 0, 51, 41, 0
1326, 10, 0, 53, 33, 0
1326, 10, 0, 53, 48, 0
1326, 10, 0, 54, 9, 0
1326, 10, 0, 54, 14, 0
1326, 10, 0, 54, 20, 0
1326, 10, 0, 54, 29, 0
1326, 10, 0, 55, 12, 0
1326, 10, 0, 55, 25, 0
1326, 10, 0, 55, 35, 0
1326, 10, 0, 55, 40, 0
1326, 10, 0, 57, 21, 0
1326, 10, 0, 57, 31, 0
1326, 10, 0, 58, 19, 0
1326, 10, 0, 58, 25, 0
1326, 10, 0, 58, 35, 0
1326, 10, 0, 58, 44, 0
1326, 10, 0, 59, 13, 0
1326, 10, 0, 60, 27, 0
1326, 10, 0, 60, 41, 0
1326, 10, 0, 61, 15, 0
1326, 10, 0, 61, 44, 0
1326, 10, 0, 62, 12, 0
1326, 10, 0, 62, 21, 0
1326, 10, 0, 62, 40, 0
1327, 10, 0, 1, 35, 1
1327, 10, 0, 2, 14, 1
1327, 10, 0, 3, 20, 1
1327, 10, 0, 3, 24, 1
1327, 10, 0, 4, 38, 1
1327, 10, 0, 4, 43, 1
1327, 10, 0, 5, 16, 1
1327, 10, 0, 6, 26, 1
1327, 10, 0, 6, 37, 1
1327, 10, 0, 6, 53, 1
1327, 10, 0, 7, 15, 1
1327, 10, 0, 7, 39, 1
1327, 10, 0, 8, 13, 1
1327, 10, 0, 8, 21, 1
1327, 10, 0, 9, 18, 1
1327, 10, 0, 9, 42, 1
1327, 10, 0, 9, 46, 1
1327, 10, 0, 9, 56, 1
1327, 10, 0, 10, 10, 1
1327, 10, 0, 10, 35, 1
1327, 10, 0, 11, 16, 1
1327, 10, 0, 11, 27, 1
1327, 10, 0, 11, 38, 1
1327, 10, 0, 12, 11, 1
1327, 10, 0, 12, 51, 1
1327, 10, 0, 13, 20, 1
1327, 10, 0, 13, 24, 1
1327, 10, 0, 13, 40, 1
1327, 10, 0, 13, 46, 1
1327, 10, 0, 14, 34, 1
1327, 10, 0, 14, 56, 1
1327, 10, 0, 15, 8, 1
1327, 10, 0, 15, 26, 1
1327, 10, 0, 15, 32, 1
1327, 10, 0, 15, 38, 1
1327, 10, 0, 15, 42, 1
1327, 10, 0, 15, 50, 1
1327, 10, 0, 16, 10, 1
1327, 10, 0, 17, 15, 1
1327, 10, 0, 18, 34, 1
1327, 10, 0, 19, 8, 1
1327, 10, 0, 19, 11, 1
1327, 10, 0, 19, 46, 1
1327, 10, 0, 20, 18, 1
1327, 10, 0, 20, 31, 1
1327, 10, 0, 20, 36, 1
1327, 10, 0, 20, 49, 1
1327, 10, 0, 22, 10, 1
1327, 10, 0, 22, 32, 1
1327, 10, 0, 22, 43, 1
1327, 10, 0, 23, 57, 1
1327, 10, 0, 25, 25, 1
1327, 10, 0, 25, 28, 1
1327, 10, 0, 26, 44, 1
1327, 10, 0, 27, 32, 1
1327, 10, 0, 27, 38, 1
1327, 10, 0, 28, 14, 1
1327, 10, 0, 28, 40, 1
1327, 10, 0, 29, 17, 1
1327, 10, 0, 29, 22, 1
1327, 10, 0, 29, 29, 1
1327, 10, 0, 29, 37, 1
1327, 10, 0, 30, 33, 1
1327, 10, 0, 31, 39, 1
1327, 10, 0, 38, 23, 1
1327, 10, 0, 38, 55, 1
1327, 10, 0, 39, 30, 1
1327, 10, 0, 40, 34, 1
1327, 10, 0, 40, 44, 1
1327, 10, 0, 41, 37, 1
1327, 10, 0, 44, 29, 1
1327, 10, 0, 44, 56, 1
1327, 10, 0, 45, 26, 1
1327, 10, 0, 46, 32, 1
1327, 10, 0, 47, 22, 1
1327, 10, 0, 48, 38, 1
1327, 10, 0, 50, 18, 1
1327, 10, 0, 50, 28, 1
1327, 10, 0, 51, 25, 1
1327, 10, 0, 51, 32, 1
1327, 10, 0, 51, 41, 1
1327, 10, 0, 53, 33, 1
1327, 10, 0, 53, 48, 1
1327, 10, 0, 54, 9, 1
1327, 10, 0, 54, 14, 1
1327, 10, 0, 54, 20, 1
1327, 10, 0, 54, 29, 1
1327, 10, 0, 55, 12, 1
1327, 10, 0, 55, 25, 1
1327, 10, 0, 55, 35, 1
1327, 10, 0, 55, 40, 1
1327, 10, 0, 57, 21, 1
1327, 10, 0, 57, 31, 1
1327, 10, 0, 58, 19, 1
1327, 10, 0, 58, 25, 1
1327, 10, 0, 58, 35, 1
1327, 10, 0, 58, 44, 1
1327, 10, 0, 59, 13, 1
1327, 10, 0, 60, 27, 1
1327, 10, 0, 60, 41, 1
1327, 10, 0, 61, 15, 1
1327, 10, 0, 61, 44, 1
1327, 10, 0, 62, 12, 1
1327, 10, 0, 62, 21, 1
1327, 10, 0, 62, 40, 1
1328, 10, 0, 2, 14, 2
1328, 10, 0, 3, 24, 2
1328, 10, 0, 4, 38, 2
1328, 10, 0, 5, 16, 2
1328, 10, 0, 6, 53, 2
1328, 10, 0, 7, 39, 2
1328, 10, 0, 8, 13, 2
1328, 10, 0, 8, 21, 2
1328, 10, 0, 9, 18, 2
1328, 10, 0, 9, 42, 2
1328, 10, 0, 10, 10, 2
1328, 10, 0, 10, 35, 2
1328, 10, 0, 11, 16, 2
1328, 10, 0, 11, 27, 2
1328, 10, 0, 11, 38, 2
1328, 10, 0, 12, 51, 2
1328, 10, 0, 13, 24, 2
1328, 10, 0, 13, 46, 2
1328, 10, 0, 14, 56, 2
1328, 10, 0, 15, 32, 2
1328, 10, 0, 15, 38, 2
1328, 10, 0, 15, 42, 2
1328, 10, 0, 16, 10, 2
1328, 10, 0, 18, 34, 2
1328, 10, 0, 19, 8, 2
1328, 10, 0, 19, 11, 2
1328, 10, 0, 20, 49, 2
1328, 10, 0, 25, 28, 2
1328, 10, 0, 26, 44, 2
1328, 10, 0, 27, 32, 2
1328, 10, 0, 28, 40, 2
1328, 10, 0, 29, 17, 2
1328, 10, 0, 29, 37, 2
1328, 10, 0, 30, 33, 2
1328, 10, 0, 31, 39, 2
1328, 10, 0, 38, 55, 2
1328, 10, 0, 40, 34, 2
1328, 10, 0, 46, 32, 2
1328, 10, 0, 48, 38, 2
1328, 10, 0, 50, 18, 2
1328, 10, 0, 50, 28, 2
1328, 10, 0, 51, 25, 2
1328, 10, 0, 53, 33, 2
1328, 10, 0, 54, 9, 2
1328, 10, 0, 54, 14, 2
1328, 10, 0, 54, 20, 2
1328, 10, 0, 54, 29, 2
1328, 10, 0, 55, 25, 2
1328, 10, 0, 55, 40, 2
1328, 10, 0, 58, 19, 2
1328, 10, 0, 58, 35, 2
1328, 10, 0, 58, 44, 2
1328, 10, 0, 59, 13, 2
1328, 10, 0, 60, 27, 2
1328, 10, 0, 62, 40, 2
1329, 10, 0, 0, 34, 2
1329, 10, 0, 2, 19, 2
1329, 10, 0, 3, 42, 2
1329, 10, 0, 5, 25, 2
1329, 10, 0, 5, 36, 2
1329, 10, 0, 6, 14, 2
1329, 10, 0, 8, 45, 2
1329, 10, 0, 8, 55, 2
1329, 10, 0, 11, 10, 2
1329, 10, 0, 12, 19, 2
1329, 10, 0, 12, 39, 2
1329, 10, 0, 13, 33, 2
1329, 10, 0, 14, 7, 2
1329, 10, 0, 14, 25, 2
1329, 10, 0, 14, 49, 2
1329, 10, 0, 16, 14, 2
1329, 10, 0, 18, 45, 2
1329, 10, 0, 19, 17, 2
1329, 10, 0, 19, 30, 2
1329, 10, 0, 19, 35, 2
1329, 10, 0, 21, 9, 2
1329, 10, 0, 21, 31, 2
1329, 10, 0, 21, 42, 2
1329, 10, 0, 22, 56, 2
1329, 10, 0, 24, 24, 2
1329, 10, 0, 26, 37, 2
1329, 10, 0, 27, 13, 2
1329, 10, 0, 28, 21, 2
1329, 10, 0, 28, 28, 2
1329, 10, 0, 37, 22, 2
1329, 10, 0, 38, 29, 2
1329, 10, 0, 39, 43, 2
1329, 10, 0, 40, 36, 2
1329, 10, 0, 43, 28, 2
1329, 10, 0, 43, 55, 2
1329, 10, 0, 44, 25, 2
1329, 10, 0, 46, 21, 2
1329, 10, 0, 50, 31, 2
1329, 10, 0, 50, 40, 2
1329, 10, 0, 52, 47, 2
1329, 10, 0, 54, 11, 2
1329, 10, 0, 54, 34, 2
1329, 10, 0, 56, 20, 2
1329, 10, 0, 56, 30, 2
1329, 10, 0, 57, 24, 2
1329, 10, 0, 59, 40, 2
1329, 10, 0, 60, 14, 2
1329, 10, 0, 60, 43, 2
1329, 10, 0, 61, 11, 2
1329, 10, 0, 61, 20, 2
1329, 10, 0, 1, 13, 3
1329, 10, 0, 2, 23, 3
1329, 10, 0, 3, 37, 3
1329, 10, 0, 3, 63, 3
1329, 10, 0, 4, 15, 3
1329, 10, 0, 5, 52, 3
1329, 10, 0, 6, 38, 3
1329, 10, 0, 7, 12, 3
1329, 10, 0, 7, 20, 3
1329, 10, 0, 8, 17, 3
1329, 10, 0, 8, 41, 3
1329, 10, 0, 9, 9, 3
1329, 10, 0, 9, 34, 3
1329, 10, 0, 10, 15, 3
1329, 10, 0, 10, 26, 3
1329, 10, 0, 10, 37, 3
1329, 10, 0, 11, 50, 3
1329, 10, 0, 12, 23, 3
1329, 10, 0, 12, 45, 3
1329, 10, 0, 13, 55, 3
1329, 10, 0, 14, 31, 3
1329, 10, 0, 14, 37, 3
1329, 10, 0, 14, 41, 3
1329, 10, 0, 15, 9, 3
1329, 10, 0, 17, 33, 3
1329, 10, 0, 18, 7, 3
1329, 10, 0, 18, 10, 3
1329, 10, 0, 19, 48, 3
1329, 10, 0, 24, 27, 3
1329, 10, 0, 25, 43, 3
1329, 10, 0, 26, 31, 3
1329, 10, 0, 27, 39, 3
1329, 10, 0, 28, 16, 3
1329, 10, 0, 28, 36, 3
1329, 10, 0, 29, 32, 3
1329, 10, 0, 30, 38, 3
1329, 10, 0, 37, 54, 3
1329, 10, 0, 39, 33, 3
1329, 10, 0, 45, 31, 3
1329, 10, 0, 47, 37, 3
1329, 10, 0, 49, 17, 3
1329, 10, 0, 49, 27, 3
1329, 10, 0, 50, 24, 3
1329, 10, 0, 52, 32, 3
1329, 10, 0, 53, 8, 3
1329, 10, 0, 53, 13, 3
1329, 10, 0, 53, 19, 3
1329, 10, 0, 53, 28, 3
1329, 10, 0, 54, 24, 3
1329, 10, 0, 54, 39, 3
1329, 10, 0, 57, 18, 3
1329, 10, 0, 57, 34, 3
1329, 10, 0, 57, 43, 3
1329, 10, 0, 58, 12, 3
1329, 10, 0, 59, 26, 3
1329, 10, 0, 61, 39, 3
1390, 10, 0, 7, 43, 0
1390, 10, 0, 11, 37, 0
1390, 10, 3, 11, 55, 0
1390, 10, 0, 13, 27, 0
1390, 10, 0, 13, 54, 0
1390, 10, 3, 15, 40, 0
1390, 10, 3, 16, 53, 0
1390, 10, 2, 18, 56, 0
1390, 10, 1, 19, 44, 0
1390, 10, 3, 19, 50, 0
1390, 10, 0, 20, 17, 0
1390, 10, 3, 27, 53, 0
1390, 10, 0, 41, 20, 0
1390, 10, 3, 41, 41, 0
1390, 10, 3, 43, 27, 0
1390, 10, 0, 44, 34, 0
1390, 10, 2, 47, 40, 0
1390, 10, 2, 49, 33, 0
1390, 10, 3, 50, 24, 0
1390, 10, 1, 51, 34, 0
1390, 10, 1, 57, 36, 0
1390, 10, 3, 57, 46, 0
1390, 10, 1, 59, 27, 0
1390, 10, 1, 59, 42, 0
1390, 10, 0, 60, 1, 0
1390, 10, 1, 60, 3, 0
1390, 10, 2, 62, 1, 0
1398, 10, 2, 8, 24, 0
1398, 10, 3, 13, 22, 0
1398, 10, 1, 14, 44, 0
1398, 10, 3, 16, 37, 0
1398, 10, 0, 17, 31, 0
1398, 10, 2, 19, 48, 0
1398, 10, 0, 20, 43, 0
1398, 10, 3, 26, 19, 0
1398, 10, 1, 27, 40, 0
1398, 10, 0, 45, 29, 0
1398, 10, 2, 48, 18, 0
1398, 10, 1, 49, 28, 0
1398, 10, 2, 51, 40, 0
1398, 10, 3, 52, 21, 0
1398, 10, 2, 52, 24, 0
1398, 10, 1, 52, 31, 0
1398, 10, 3, 54, 33, 0
1398, 10, 0, 60, 0, 0
1398, 10, 2, 60, 2, 0
1398, 10, 2, 60, 4, 0
1398, 10, 0, 61, 2, 0
1398, 10, 3, 61, 53, 0
1400, 10, 2, 32, 50, 0
1400, 10, 3, 33, 48, 0
1400, 10, 1, 36, 45, 0
1400, 10, 0, 36, 50, 0
1400, 10, 0, 41, 44, 0
1400, 10, 2, 42, 46, 0
1400, 10, 3, 45, 48, 0
1400, 10, 2, 45, 58, 0
1400, 10, 3, 46, 56, 0
1400, 10, 0, 47, 47, 0
1400, 10, 1, 47, 56, 0
1400, 10, 3, 48, 53, 0
1400, 10, 0, 48, 57, 0
1400, 10, 3, 50, 48, 0
1400, 10, 0, 51, 57, 0
1400, 10, 1, 61, 1, 0
1402, 10, 0, 2, 41, 0
1402, 10, 0, 4, 11, 0
1402, 10, 0, 5, 20, 0
1402, 10, 0, 5, 24, 0
1402, 10, 0, 6, 41, 0
1402, 10, 0, 7, 48, 0
1402, 10, 0, 8, 11, 0
1402, 10, 0, 8, 39, 0
1402, 10, 0, 9, 22, 0
1402, 10, 0, 9, 44, 0
1402, 10, 0, 9, 47, 0
1402, 10, 0, 10, 18, 0
1402, 10, 0, 10, 24, 0
1402, 10, 0, 11, 20, 0
1402, 10, 0, 11, 34, 0
1402, 10, 0, 11, 40, 0
1402, 10, 0, 13, 11, 0
1402, 10, 0, 13, 19, 0
1402, 10, 0, 13, 42, 0
1402, 10, 0, 14, 24, 0
1402, 10, 0, 19, 9, 0
1402, 10, 0, 20, 60, 0
1402, 10, 0, 22, 54, 0
1402, 10, 0, 24, 26, 0
1402, 10, 0, 24, 51, 0
1402, 10, 0, 25, 32, 0
1402, 10, 0, 25, 57, 0
1402, 10, 0, 28, 38, 0
1402, 10, 0, 29, 20, 0
1402, 10, 0, 30, 23, 0
1402, 10, 0, 31, 41, 0
1402, 10, 0, 42, 22, 0
1402, 10, 0, 45, 16, 0
1402, 10, 0, 48, 13, 0
1402, 10, 0, 51, 15, 0
1402, 10, 0, 51, 19, 0
1402, 10, 0, 51, 29, 0
1402, 10, 0, 56, 40, 0
1402, 10, 0, 57, 52, 0
1402, 10, 0, 59, 20, 0
1402, 10, 0, 60, 13, 0
1402, 10, 0, 61, 42, 0
1402, 10, 0, 62, 49, 0
1797, 10, 2, 46, 4, 0
1797, 10, 0, 47, 6, 0
2016, 10, 2, 48, 4, 0
2016, 10, 2, 48, 6, 0
2016, 10, 2, 49, 5, 0
2217, 10, 0, 41, 55, 0
2333, 22, 2, 45, 6, 0
2334, 22, 1, 45, 5, 0
2335, 22, 3, 45, 4, 0
2739, 22, 1, 3, 7, 0
