319, 22, 3, 9, 51, 0
319, 22, 0, 13, 53, 0
319, 22, 2, 13, 63, 0
319, 22, 2, 14, 56, 0
319, 22, 0, 15, 43, 0
319, 22, 3, 15, 48, 0
319, 22, 0, 16, 60, 0
319, 22, 2, 17, 40, 0
319, 22, 3, 18, 39, 0
319, 22, 1, 21, 45, 0
319, 22, 2, 25, 38, 0
319, 22, 2, 29, 42, 0
319, 22, 0, 32, 40, 0
319, 22, 2, 35, 37, 0
319, 22, 1, 38, 34, 0
319, 22, 0, 41, 62, 0
319, 22, 3, 42, 32, 0
319, 22, 1, 44, 59, 0
319, 22, 3, 46, 53, 0
319, 22, 2, 47, 56, 0
319, 22, 1, 48, 32, 0
319, 22, 0, 50, 50, 0
319, 22, 1, 52, 47, 0
319, 22, 0, 56, 35, 0
319, 22, 2, 57, 48, 0
319, 22, 1, 60, 35, 0
319, 22, 3, 61, 46, 0
320, 22, 0, 10, 50, 0
320, 22, 0, 12, 63, 0
320, 22, 3, 13, 51, 0
320, 22, 2, 13, 52, 0
320, 22, 0, 13, 54, 0
320, 22, 3, 13, 55, 0
320, 22, 2, 13, 56, 0
320, 22, 0, 14, 51, 0
320, 22, 1, 14, 53, 0
320, 22, 3, 14, 55, 0
320, 22, 1, 14, 57, 0
320, 22, 2, 14, 62, 0
320, 22, 1, 14, 63, 0
320, 22, 2, 15, 47, 0
320, 22, 2, 15, 49, 0
320, 22, 1, 15, 50, 0
320, 22, 0, 15, 57, 0
320, 22, 3, 15, 59, 0
320, 22, 1, 15, 60, 0
320, 22, 3, 15, 62, 0
320, 22, 0, 16, 39, 0
320, 22, 1, 16, 47, 0
320, 22, 0, 16, 48, 0
320, 22, 3, 16, 49, 0
320, 22, 2, 16, 59, 0
320, 22, 0, 16, 61, 0
320, 22, 1, 17, 47, 0
320, 22, 2, 18, 46, 0
320, 22, 3, 19, 46, 0
320, 22, 0, 19, 47, 0
320, 22, 1, 20, 45, 0
320, 22, 2, 20, 46, 0
320, 22, 3, 21, 46, 0
320, 22, 2, 22, 45, 0
320, 22, 1, 22, 46, 0
320, 22, 3, 25, 43, 0
320, 22, 0, 25, 44, 0
320, 22, 2, 27, 42, 0
320, 22, 1, 27, 43, 0
320, 22, 3, 28, 42, 0
320, 22, 0, 29, 41, 0
320, 22, 0, 30, 41, 0
320, 22, 2, 30, 42, 0
320, 22, 2, 31, 40, 0
320, 22, 0, 32, 39, 0
320, 22, 1, 32, 41, 0
320, 22, 2, 33, 38, 0
320, 22, 1, 33, 40, 0
320, 22, 0, 34, 38, 0
320, 22, 3, 34, 39, 0
320, 22, 1, 35, 38, 0
320, 22, 3, 36, 36, 0
320, 22, 2, 37, 34, 0
320, 22, 0, 37, 36, 0
320, 22, 3, 38, 33, 0
320, 22, 0, 39, 33, 0
320, 22, 1, 39, 34, 0
320, 22, 3, 40, 63, 0
320, 22, 0, 41, 32, 0
320, 22, 3, 41, 33, 0
320, 22, 2, 41, 61, 0
320, 22, 3, 41, 63, 0
320, 22, 2, 42, 59, 0
320, 22, 1, 42, 61, 0
320, 22, 0, 42, 62, 0
320, 22, 3, 43, 58, 0
320, 22, 0, 43, 59, 0
320, 22, 3, 43, 60, 0
320, 22, 1, 43, 62, 0
320, 22, 2, 43, 63, 0
320, 22, 2, 44, 55, 0
320, 22, 0, 44, 56, 0
320, 22, 3, 44, 57, 0
320, 22, 3, 44, 58, 0
320, 22, 0, 44, 60, 0
320, 22, 2, 45, 31, 0
320, 22, 3, 45, 32, 0
320, 22, 0, 45, 52, 0
320, 22, 1, 45, 53, 0
320, 22, 3, 45, 54, 0
320, 22, 1, 45, 56, 0
320, 22, 1, 45, 58, 0
320, 22, 1, 45, 59, 0
320, 22, 3, 45, 60, 0
320, 22, 1, 46, 50, 0
320, 22, 1, 46, 51, 0
320, 22, 3, 46, 52, 0
320, 22, 0, 46, 54, 0
320, 22, 1, 46, 55, 0
320, 22, 3, 46, 56, 0
320, 22, 0, 46, 57, 0
320, 22, 0, 46, 58, 0
320, 22, 0, 47, 32, 0
320, 22, 3, 47, 48, 0
320, 22, 1, 47, 49, 0
320, 22, 3, 47, 50, 0
320, 22, 3, 47, 52, 0
320, 22, 1, 47, 53, 0
320, 22, 1, 47, 54, 0
320, 22, 2, 47, 55, 0
320, 22, 2, 47, 57, 0
320, 22, 2, 48, 33, 0
320, 22, 0, 48, 49, 0
320, 22, 0, 48, 50, 0
320, 22, 1, 48, 51, 0
320, 22, 2, 48, 52, 0
320, 22, 3, 48, 55, 0
320, 22, 0, 48, 56, 0
320, 22, 1, 49, 32, 0
320, 22, 2, 49, 47, 0
320, 22, 2, 49, 48, 0
320, 22, 3, 49, 49, 0
320, 22, 3, 49, 50, 0
320, 22, 3, 49, 51, 0
320, 22, 0, 50, 33, 0
320, 22, 1, 50, 49, 0
320, 22, 0, 50, 51, 0
320, 22, 0, 51, 33, 0
320, 22, 0, 51, 46, 0
320, 22, 2, 51, 47, 0
320, 22, 0, 51, 48, 0
320, 22, 1, 51, 49, 0
320, 22, 3, 51, 50, 0
320, 22, 3, 52, 34, 0
320, 22, 0, 52, 46, 0
320, 22, 3, 52, 48, 0
320, 22, 1, 53, 46, 0
320, 22, 2, 53, 47, 0
320, 22, 3, 53, 48, 0
320, 22, 3, 54, 34, 0
320, 22, 1, 54, 35, 0
320, 22, 2, 54, 45, 0
320, 22, 0, 54, 46, 0
320, 22, 1, 54, 47, 0
320, 22, 1, 55, 34, 0
320, 22, 1, 55, 35, 0
320, 22, 2, 55, 45, 0
320, 22, 1, 55, 47, 0
320, 22, 3, 55, 48, 0
320, 22, 0, 56, 34, 0
320, 22, 0, 56, 45, 0
320, 22, 3, 56, 46, 0
320, 22, 3, 56, 47, 0
320, 22, 0, 56, 48, 0
320, 22, 1, 56, 49, 0
320, 22, 3, 57, 34, 0
320, 22, 2, 57, 35, 0
320, 22, 1, 57, 45, 0
320, 22, 2, 57, 46, 0
320, 22, 2, 57, 47, 0
320, 22, 2, 57, 49, 0
320, 22, 1, 58, 34, 0
320, 22, 0, 58, 45, 0
320, 22, 1, 58, 47, 0
320, 22, 0, 58, 48, 0
320, 22, 3, 58, 49, 0
320, 22, 2, 59, 34, 0
320, 22, 3, 59, 35, 0
320, 22, 0, 59, 45, 0
320, 22, 3, 59, 46, 0
320, 22, 2, 59, 47, 0
320, 22, 1, 60, 34, 0
320, 22, 2, 60, 45, 0
320, 22, 3, 60, 46, 0
320, 22, 1, 60, 47, 0
320, 22, 2, 61, 34, 0
320, 22, 3, 61, 35, 0
320, 22, 3, 61, 36, 0
320, 22, 2, 61, 45, 0
320, 22, 1, 61, 47, 0
320, 22, 3, 62, 35, 0
320, 22, 3, 62, 45, 0
320, 22, 2, 62, 47, 0
320, 22, 0, 63, 34, 0
320, 22, 1, 63, 35, 0
320, 22, 3, 63, 45, 0
320, 22, 0, 63, 46, 0
320, 22, 1, 63, 47, 0
321, 22, 2, 14, 50, 0
321, 22, 3, 14, 54, 0
321, 22, 0, 15, 58, 0
321, 22, 1, 15, 61, 0
321, 22, 1, 18, 47, 0
321, 22, 3, 24, 37, 0
321, 22, 0, 26, 43, 0
321, 22, 3, 31, 41, 0
321, 22, 0, 33, 39, 0
321, 22, 3, 37, 35, 0
321, 22, 2, 40, 33, 0
321, 22, 1, 42, 60, 0
321, 22, 0, 42, 63, 0
321, 22, 2, 44, 54, 0
321, 22, 1, 45, 55, 0
321, 22, 3, 45, 57, 0
321, 22, 3, 46, 32, 0
321, 22, 0, 47, 51, 0
321, 22, 1, 48, 48, 0
321, 22, 0, 49, 33, 0
321, 22, 1, 53, 34, 0
321, 22, 3, 54, 48, 0
321, 22, 3, 55, 46, 0
321, 22, 3, 58, 35, 0
321, 22, 2, 58, 46, 0
321, 22, 2, 62, 34, 0
321, 22, 0, 62, 46, 0
335, 22, 1, 1, 59, 0
335, 22, 2, 2, 55, 0
335, 22, 1, 3, 45, 0
335, 22, 1, 4, 33, 0
335, 22, 3, 4, 37, 0
335, 22, 1, 4, 41, 0
335, 22, 3, 4, 50, 0
335, 22, 3, 5, 58, 0
335, 22, 3, 10, 27, 0
335, 22, 1, 14, 25, 0
335, 22, 2, 20, 22, 0
335, 22, 3, 23, 17, 0
335, 22, 0, 23, 25, 0
335, 22, 0, 24, 22, 0
335, 22, 1, 25, 19, 0
335, 22, 2, 27, 22, 0
336, 22, 3, 0, 59, 0
336, 22, 0, 0, 60, 0
336, 22, 3, 1, 60, 0
336, 22, 2, 2, 53, 0
336, 22, 0, 2, 54, 0
336, 22, 1, 2, 56, 0
336, 22, 2, 2, 57, 0
336, 22, 1, 2, 58, 0
336, 22, 2, 2, 59, 0
336, 22, 0, 3, 33, 0
336, 22, 1, 3, 34, 0
336, 22, 2, 3, 36, 0
336, 22, 3, 3, 43, 0
336, 22, 0, 3, 44, 0
336, 22, 1, 3, 46, 0
336, 22, 2, 3, 47, 0
336, 22, 3, 3, 57, 0
336, 22, 3, 4, 32, 0
336, 22, 2, 4, 34, 0
336, 22, 3, 4, 35, 0
336, 22, 0, 4, 36, 0
336, 22, 0, 4, 38, 0
336, 22, 1, 4, 39, 0
336, 22, 2, 4, 40, 0
336, 22, 0, 4, 42, 0
336, 22, 2, 4, 43, 0
336, 22, 3, 4, 48, 0
336, 22, 0, 4, 49, 0
336, 22, 1, 4, 51, 0
336, 22, 0, 4, 58, 0
336, 22, 2, 5, 31, 0
336, 22, 2, 5, 32, 0
336, 22, 3, 5, 38, 0
336, 22, 3, 5, 40, 0
336, 22, 3, 6, 30, 0
336, 22, 0, 6, 31, 0
336, 22, 1, 7, 29, 0
336, 22, 0, 8, 29, 0
336, 22, 2, 9, 28, 0
336, 22, 3, 10, 28, 0
336, 22, 1, 11, 27, 0
336, 22, 3, 13, 25, 0
336, 22, 0, 13, 26, 0
336, 22, 2, 14, 26, 0
336, 22, 0, 15, 24, 0
336, 22, 1, 15, 25, 0
336, 22, 2, 16, 23, 0
336, 22, 2, 17, 22, 0
336, 22, 2, 17, 23, 0
336, 22, 3, 17, 24, 0
336, 22, 3, 18, 21, 0
336, 22, 0, 18, 22, 0
336, 22, 0, 18, 23, 0
336, 22, 3, 19, 20, 0
336, 22, 0, 19, 22, 0
336, 22, 0, 19, 23, 0
336, 22, 2, 20, 21, 0
336, 22, 1, 20, 23, 0
336, 22, 0, 21, 19, 0
336, 22, 1, 21, 20, 0
336, 22, 0, 21, 22, 0
336, 22, 2, 22, 15, 0
336, 22, 1, 22, 17, 0
336, 22, 3, 22, 18, 0
336, 22, 1, 22, 20, 0
336, 22, 3, 22, 21, 0
336, 22, 2, 22, 23, 0
336, 22, 0, 22, 25, 0
336, 22, 0, 23, 16, 0
336, 22, 2, 23, 18, 0
336, 22, 2, 23, 19, 0
336, 22, 2, 23, 22, 0
336, 22, 2, 24, 17, 0
336, 22, 0, 24, 19, 0
336, 22, 1, 24, 21, 0
336, 22, 3, 24, 23, 0
336, 22, 1, 24, 25, 0
336, 22, 3, 25, 18, 0
336, 22, 1, 25, 20, 0
336, 22, 3, 25, 21, 0
336, 22, 0, 25, 22, 0
336, 22, 2, 26, 20, 0
336, 22, 0, 26, 23, 0
336, 22, 0, 27, 21, 0
336, 22, 1, 27, 23, 0
336, 22, 3, 28, 22, 0
336, 22, 3, 29, 21, 0
337, 22, 0, 0, 61, 0
337, 22, 0, 3, 35, 0
337, 22, 0, 3, 48, 0
337, 22, 3, 3, 52, 0
337, 22, 0, 3, 58, 0
337, 22, 3, 5, 39, 0
337, 22, 1, 7, 30, 0
337, 22, 2, 12, 26, 0
337, 22, 3, 16, 24, 0
337, 22, 2, 19, 21, 0
337, 22, 1, 22, 19, 0
337, 22, 3, 22, 22, 0
337, 22, 0, 25, 23, 0
337, 22, 1, 26, 21, 0
444, 10, 2, 30, 26, 0
444, 10, 3, 31, 15, 0
444, 10, 2, 36, 14, 0
445, 10, 3, 33, 13, 0
445, 10, 2, 34, 17, 0
536, 22, 3, 30, 13, 0
536, 22, 2, 38, 12, 0
865, 10, 2, 18, 4, 0
865, 10, 2, 25, 4, 0
979, 1, 1, 32, 41, 0
979, 9, 1, 32, 42, 0
979, 1, 1, 33, 40, 0
979, 9, 1, 33, 41, 0
979, 1, 1, 34, 39, 0
979, 9, 1, 34, 40, 0
979, 1, 1, 35, 38, 0
979, 9, 1, 35, 39, 0
979, 9, 1, 36, 38, 0
979, 1, 1, 39, 34, 0
979, 9, 1, 39, 35, 0
979, 1, 1, 41, 33, 0
979, 9, 1, 41, 34, 0
979, 0, 1, 46, 33, 0
979, 0, 1, 47, 33, 0
979, 1, 0, 48, 33, 0
979, 9, 0, 48, 34, 0
979, 0, 1, 50, 34, 0
979, 1, 0, 51, 34, 0
979, 9, 0, 51, 35, 0
979, 0, 1, 52, 35, 0
979, 1, 0, 53, 35, 0
979, 9, 0, 53, 36, 0
979, 0, 1, 54, 36, 0
979, 0, 1, 59, 36, 0
979, 0, 1, 63, 36, 0
1246, 22, 3, 3, 14, 0
1246, 22, 0, 4, 6, 0
1246, 22, 0, 5, 17, 0
1246, 22, 1, 5, 25, 0
1246, 22, 0, 12, 10, 0
1246, 22, 0, 15, 26, 0
1246, 22, 1, 22, 61, 0
1246, 22, 0, 27, 60, 0
1246, 22, 1, 28, 53, 0
1246, 22, 0, 29, 62, 0
1246, 22, 0, 32, 50, 0
1246, 22, 1, 39, 50, 0
1246, 22, 2, 39, 55, 0
1246, 22, 2, 42, 16, 0
1246, 22, 2, 42, 46, 0
1247, 22, 1, 0, 11, 0
1247, 22, 1, 3, 8, 0
1247, 22, 2, 5, 8, 0
1247, 22, 0, 6, 13, 0
1247, 22, 2, 6, 14, 0
1247, 22, 1, 8, 19, 0
1247, 22, 1, 9, 16, 0
1247, 22, 1, 9, 34, 0
1247, 22, 1, 10, 15, 0
1247, 22, 0, 11, 39, 0
1247, 22, 1, 11, 45, 0
1247, 22, 1, 12, 19, 0
1247, 22, 0, 16, 35, 0
1247, 22, 1, 20, 60, 0
1247, 22, 2, 24, 60, 0
1247, 22, 1, 26, 31, 0
1247, 22, 1, 27, 58, 0
1247, 22, 3, 28, 29, 0
1247, 22, 3, 28, 58, 0
1247, 22, 0, 31, 27, 0
1247, 22, 2, 32, 52, 0
1247, 22, 2, 32, 62, 0
1247, 22, 1, 33, 34, 0
1247, 22, 2, 34, 56, 0
1247, 22, 0, 38, 45, 0
1247, 22, 2, 39, 7, 0
1247, 22, 3, 39, 21, 0
1247, 22, 0, 43, 16, 0
1247, 22, 3, 43, 47, 0
1247, 22, 1, 52, 57, 0
1247, 22, 2, 52, 62, 0
1247, 22, 3, 53, 28, 0
1247, 22, 1, 53, 60, 0
1247, 22, 2, 54, 55, 0
1247, 22, 3, 56, 53, 0
1247, 22, 1, 57, 62, 0
1247, 22, 0, 62, 53, 0
1247, 22, 3, 62, 59, 0
1247, 22, 1, 63, 38, 0
1247, 22, 3, 63, 56, 0
1247, 22, 0, 63, 62, 0
1264, 22, 2, 2, 39, 0
1264, 22, 1, 4, 26, 0
1264, 22, 2, 5, 20, 0
1264, 22, 1, 10, 22, 0
1264, 22, 2, 10, 33, 0
1264, 22, 2, 15, 14, 0
1264, 22, 1, 16, 29, 0
1264, 22, 0, 20, 56, 0
1264, 22, 1, 21, 55, 0
1264, 22, 0, 24, 57, 0
1264, 22, 1, 24, 62, 0
1264, 22, 1, 25, 58, 0
1264, 22, 2, 27, 29, 0
1264, 22, 2, 27, 51, 0
1264, 22, 1, 30, 59, 0
1264, 22, 2, 31, 34, 0
1264, 22, 1, 31, 51, 0
1264, 22, 3, 33, 32, 0
1264, 22, 2, 33, 46, 0
1264, 22, 2, 35, 60, 0
1264, 22, 2, 38, 47, 0
1264, 22, 3, 40, 51, 0
1264, 22, 1, 41, 40, 0
1264, 22, 0, 42, 50, 0
1264, 22, 1, 44, 45, 0
1265, 22, 0, 2, 40, 0
1265, 22, 2, 13, 19, 0
1265, 22, 0, 14, 34, 0
1265, 22, 3, 21, 36, 0
1265, 22, 0, 21, 62, 0
1265, 22, 0, 27, 35, 0
1265, 22, 1, 35, 54, 0
1265, 22, 0, 39, 43, 0
1265, 22, 3, 45, 47, 0
1276, 10, 3, 2, 12, 0
1276, 10, 1, 2, 39, 0
1276, 10, 0, 3, 15, 0
1276, 10, 1, 3, 29, 0
1276, 10, 2, 4, 20, 0
1276, 10, 3, 7, 23, 0
1276, 10, 0, 8, 13, 0
1276, 10, 1, 9, 9, 0
1276, 10, 2, 10, 17, 0
1276, 10, 3, 10, 21, 0
1276, 10, 1, 12, 13, 0
1276, 10, 3, 14, 14, 0
1276, 10, 3, 20, 32, 0
1276, 10, 0, 23, 30, 0
1278, 10, 3, 4, 25, 0
1278, 10, 0, 5, 11, 0
1278, 10, 1, 9, 33, 0
1278, 10, 3, 13, 18, 0
1278, 10, 3, 14, 10, 0
1278, 10, 0, 15, 28, 0
1278, 10, 1, 46, 23, 0
1278, 10, 0, 46, 27, 0
1278, 10, 3, 50, 24, 0
1278, 10, 0, 58, 30, 0
1278, 10, 3, 59, 27, 0
1281, 10, 1, 3, 7, 0
1281, 10, 1, 6, 16, 0
1281, 10, 0, 52, 28, 0
1315, 10, 1, 10, 39, 0
1315, 10, 0, 10, 44, 0
1315, 10, 1, 20, 41, 0
1315, 10, 0, 20, 55, 0
1315, 10, 1, 24, 61, 0
1315, 10, 0, 26, 34, 0
1315, 10, 0, 29, 59, 0
1315, 10, 0, 31, 50, 0
1315, 10, 1, 33, 45, 0
1315, 10, 1, 35, 50, 0
1315, 10, 0, 35, 59, 0
1315, 10, 1, 38, 42, 0
1315, 10, 3, 38, 46, 0
1315, 10, 1, 38, 56, 0
1315, 10, 2, 41, 39, 0
1315, 10, 2, 41, 44, 0
1315, 10, 2, 46, 62, 0
1315, 10, 2, 50, 61, 0
1315, 10, 2, 52, 56, 0
1315, 10, 1, 52, 60, 0
1315, 10, 3, 57, 51, 0
1315, 10, 0, 61, 31, 0
1315, 10, 2, 62, 52, 0
1315, 10, 1, 63, 24, 0
1316, 10, 3, 9, 54, 0
1316, 10, 1, 14, 33, 0
1316, 10, 3, 19, 36, 0
1316, 10, 1, 19, 60, 0
1316, 10, 0, 25, 51, 0
1316, 10, 2, 25, 56, 0
1316, 10, 2, 26, 29, 0
1316, 10, 0, 30, 62, 0
1316, 10, 0, 31, 32, 0
1316, 10, 1, 33, 54, 0
1316, 10, 1, 40, 49, 0
1316, 10, 3, 43, 45, 0
1316, 10, 1, 54, 54, 0
1316, 10, 2, 57, 60, 0
1530, 0, 2, 5, 58, 0
1530, 0, 1, 8, 60, 0
1793, 21, 3, 10, 63, 1
1793, 19, 1, 63, 56, 1
1793, 18, 2, 63, 57, 1
1793, 18, 2, 63, 58, 1
1793, 18, 2, 63, 59, 1
1793, 18, 2, 63, 60, 1
1793, 18, 2, 63, 61, 1
1793, 18, 2, 63, 62, 1
1793, 19, 2, 63, 63, 1
1911, 0, 3, 0, 23, 0
1911, 1, 1, 0, 52, 0
1911, 9, 1, 0, 53, 0
1911, 2, 2, 1, 23, 0
1911, 0, 2, 1, 24, 0
1911, 0, 2, 1, 25, 0
1911, 0, 2, 1, 26, 0
1911, 0, 2, 1, 27, 0
1911, 0, 2, 1, 28, 0
1911, 0, 2, 1, 29, 0
1911, 0, 2, 1, 30, 0
1911, 0, 2, 1, 31, 0
1911, 0, 2, 1, 32, 0
1911, 0, 2, 1, 33, 0
1911, 0, 2, 1, 34, 0
1911, 0, 2, 1, 35, 0
1911, 0, 2, 1, 36, 0
1911, 0, 2, 1, 37, 0
1911, 0, 2, 1, 38, 0
1911, 0, 2, 1, 39, 0
1911, 0, 2, 1, 40, 0
1911, 0, 2, 1, 41, 0
1911, 0, 2, 1, 42, 0
1911, 0, 2, 1, 43, 0
1911, 0, 2, 1, 44, 0
1911, 0, 2, 1, 45, 0
1911, 0, 2, 1, 46, 0
1911, 0, 2, 1, 47, 0
1911, 0, 2, 1, 48, 0
1911, 0, 2, 1, 49, 0
1911, 0, 2, 1, 50, 0
1911, 0, 2, 1, 51, 0
1911, 9, 1, 1, 52, 0
1913, 0, 3, 0, 23, 1
1913, 1, 1, 0, 52, 1
1913, 9, 1, 0, 53, 1
1913, 2, 2, 1, 23, 1
1913, 0, 2, 1, 24, 1
1913, 0, 2, 1, 25, 1
1913, 0, 2, 1, 26, 1
1913, 0, 2, 1, 27, 1
1913, 0, 2, 1, 28, 1
1913, 0, 2, 1, 29, 1
1913, 0, 2, 1, 30, 1
1913, 0, 2, 1, 31, 1
1913, 0, 2, 1, 32, 1
1913, 0, 2, 1, 33, 1
1913, 0, 2, 1, 34, 1
1913, 0, 2, 1, 35, 1
1913, 0, 2, 1, 36, 1
1913, 0, 2, 1, 37, 1
1913, 0, 2, 1, 38, 1
1913, 0, 2, 1, 39, 1
1913, 0, 2, 1, 40, 1
1913, 0, 2, 1, 41, 1
1913, 0, 2, 1, 42, 1
1913, 0, 2, 1, 43, 1
1913, 0, 2, 1, 44, 1
1913, 0, 2, 1, 45, 1
1913, 0, 2, 1, 46, 1
1913, 0, 2, 1, 47, 1
1913, 0, 2, 1, 48, 1
1913, 0, 2, 1, 49, 1
1913, 0, 2, 1, 50, 1
1913, 0, 2, 1, 51, 1
1913, 9, 1, 1, 52, 1
2739, 22, 0, 9, 58, 0
2743, 22, 0, 6, 59, 0
2782, 10, 1, 6, 59, 0
2782, 10, 1, 6, 60, 0
3948, 22, 3, 31, 22, 0
3948, 22, 1, 36, 25, 0
3948, 22, 0, 43, 30, 0
3948, 22, 2, 46, 37, 0
3948, 22, 0, 51, 41, 0
3948, 22, 2, 56, 41, 0
3948, 22, 0, 61, 40, 0
3949, 22, 3, 32, 22, 0
3949, 22, 0, 32, 23, 0
3949, 22, 1, 33, 24, 0
3949, 22, 2, 34, 23, 0
3949, 22, 2, 34, 24, 0
3949, 22, 1, 35, 24, 0
3949, 22, 2, 35, 25, 0
3949, 22, 0, 36, 24, 0
3949, 22, 0, 37, 25, 0
3949, 22, 1, 37, 26, 0
3949, 22, 3, 38, 25, 0
3949, 22, 3, 39, 26, 0
3949, 22, 2, 39, 27, 0
3949, 22, 0, 40, 27, 0
3949, 22, 1, 41, 27, 0
3949, 22, 2, 42, 28, 0
3949, 22, 3, 43, 29, 0
3949, 22, 2, 43, 34, 0
3949, 22, 0, 43, 35, 0
3949, 22, 0, 44, 30, 0
3949, 22, 2, 44, 34, 0
3949, 22, 3, 44, 35, 0
3949, 22, 1, 45, 37, 0
3949, 22, 2, 47, 38, 0
3949, 22, 3, 49, 39, 0
3949, 22, 0, 50, 40, 0
3949, 22, 1, 50, 41, 0
3949, 22, 2, 52, 41, 0
3949, 22, 3, 52, 42, 0
3949, 22, 2, 53, 41, 0
3949, 22, 1, 53, 42, 0
3949, 22, 0, 54, 42, 0
3949, 22, 3, 55, 41, 0
3949, 22, 0, 57, 40, 0
3949, 22, 2, 58, 40, 0
3949, 22, 0, 59, 39, 0
3949, 22, 3, 59, 40, 0
3949, 22, 1, 60, 40, 0
3949, 22, 2, 62, 40, 0
3949, 22, 2, 63, 39, 0
3950, 22, 2, 33, 23, 0
3950, 22, 1, 38, 26, 0
3950, 22, 0, 41, 28, 0
3950, 22, 3, 44, 36, 0
3950, 22, 2, 48, 39, 0
3950, 22, 1, 54, 41, 0
3950, 22, 0, 58, 39, 0
3950, 22, 3, 63, 40, 0
4342, 22, 3, 9, 57, 0
4343, 22, 3, 6, 60, 0
4343, 22, 1, 6, 62, 0
4343, 22, 0, 7, 61, 0
4343, 22, 1, 8, 57, 0
4343, 22, 2, 8, 58, 0
4344, 22, 1, 6, 61, 0
4735, 22, 1, 2, 37, 0
4735, 22, 2, 2, 38, 0
4735, 22, 3, 2, 41, 0
4735, 22, 3, 2, 42, 0
4735, 22, 0, 6, 41, 0
4735, 22, 1, 6, 42, 0
4735, 22, 3, 7, 41, 0
4735, 22, 1, 17, 28, 0
4735, 22, 3, 18, 28, 0
4735, 22, 2, 18, 29, 0
4735, 22, 3, 19, 31, 0
4735, 22, 2, 19, 32, 0
4735, 22, 0, 20, 27, 0
4735, 22, 0, 20, 31, 0
4735, 22, 3, 22, 30, 0
4735, 22, 1, 22, 33, 0
4735, 22, 1, 23, 27, 0
4735, 22, 2, 23, 32, 0
4735, 22, 0, 25, 30, 0
4735, 22, 3, 25, 36, 0
4735, 22, 1, 25, 39, 0
4735, 22, 2, 25, 40, 0
4735, 22, 0, 26, 6, 0
4735, 22, 2, 26, 36, 0
4735, 22, 1, 26, 37, 0
4735, 22, 0, 27, 38, 0
4735, 22, 1, 28, 9, 0
4735, 22, 0, 28, 14, 0
4735, 22, 0, 28, 34, 0
4735, 22, 3, 28, 39, 0
4735, 22, 1, 29, 5, 0
4735, 22, 2, 29, 9, 0
4735, 22, 1, 29, 14, 0
4735, 22, 3, 29, 16, 0
4735, 22, 0, 30, 6, 0
4735, 22, 3, 30, 7, 0
4735, 22, 3, 30, 12, 0
4735, 22, 2, 31, 12, 0
4735, 22, 2, 31, 14, 0
4735, 22, 3, 31, 31, 0
4735, 22, 1, 32, 28, 0
4735, 22, 2, 32, 31, 0
4735, 22, 2, 34, 5, 0
4735, 22, 3, 35, 6, 0
4735, 22, 0, 35, 7, 0
4735, 22, 1, 35, 15, 0
4735, 22, 2, 35, 16, 0
4735, 22, 3, 36, 16, 0
4735, 22, 0, 36, 18, 0
4735, 22, 0, 36, 32, 0
4735, 22, 1, 36, 39, 0
4735, 22, 3, 37, 31, 0
4735, 22, 2, 37, 32, 0
4735, 22, 0, 37, 40, 0
4735, 22, 0, 38, 22, 0
4735, 22, 3, 38, 44, 0
4735, 22, 3, 39, 6, 0
4735, 22, 0, 39, 8, 0
4735, 22, 3, 39, 13, 0
4735, 22, 1, 39, 22, 0
4735, 22, 3, 39, 36, 0
4735, 22, 2, 40, 5, 0
4735, 22, 0, 40, 13, 0
4735, 22, 0, 40, 38, 0
4735, 22, 1, 40, 39, 0
4735, 22, 2, 41, 22, 0
4735, 22, 3, 41, 38, 0
4735, 22, 2, 41, 41, 0
4735, 22, 1, 42, 12, 0
4735, 22, 3, 42, 13, 0
4735, 22, 2, 42, 14, 0
4735, 22, 1, 42, 15, 0
4735, 22, 1, 42, 23, 0
4735, 22, 1, 43, 15, 0
4735, 22, 0, 44, 9, 0
4735, 22, 3, 44, 23, 0
4735, 22, 3, 45, 19, 0
4735, 22, 3, 46, 19, 0
4735, 22, 2, 46, 21, 0
4735, 22, 1, 46, 25, 0
4735, 22, 2, 46, 26, 0
4735, 22, 1, 47, 4, 0
4735, 22, 2, 47, 18, 0
4735, 22, 0, 47, 36, 0
4735, 22, 2, 48, 4, 0
4735, 22, 1, 48, 18, 0
4735, 22, 1, 48, 36, 0
4735, 22, 2, 49, 4, 0
4735, 22, 0, 49, 5, 0
4735, 22, 1, 49, 6, 0
4735, 22, 0, 49, 16, 0
4735, 22, 3, 50, 4, 0
4735, 22, 3, 50, 15, 0
4735, 22, 1, 50, 20, 0
4735, 22, 2, 51, 22, 0
4735, 22, 3, 51, 23, 0
4735, 22, 0, 51, 28, 0
4735, 22, 3, 52, 25, 0
4735, 22, 2, 53, 4, 0
4735, 22, 1, 53, 10, 0
4735, 22, 0, 53, 11, 0
4735, 22, 3, 54, 5, 0
4735, 22, 3, 54, 8, 0
4735, 22, 0, 54, 24, 0
4735, 22, 0, 55, 8, 0
4735, 22, 1, 56, 23, 0
4735, 22, 2, 56, 25, 0
4735, 22, 1, 56, 26, 0
4735, 22, 2, 56, 27, 0
4735, 22, 3, 57, 5, 0
4735, 22, 0, 57, 9, 0
4735, 22, 2, 57, 12, 0
4735, 22, 1, 57, 13, 0
4735, 22, 0, 57, 27, 0
4735, 22, 2, 58, 4, 0
4735, 22, 2, 58, 5, 0
4735, 22, 0, 58, 13, 0
4735, 22, 1, 58, 27, 0
4735, 22, 1, 58, 28, 0
4735, 22, 3, 58, 38, 0
4735, 22, 0, 59, 29, 0
4735, 22, 2, 60, 16, 0
4735, 22, 3, 60, 25, 0
4735, 22, 2, 61, 7, 0
4735, 22, 3, 61, 8, 0
4735, 22, 2, 61, 24, 0
4735, 22, 2, 61, 30, 0
4735, 22, 1, 62, 6, 0
4735, 22, 0, 62, 9, 0
4735, 22, 0, 62, 16, 0
4735, 22, 2, 62, 20, 0
4735, 22, 1, 62, 24, 0
4735, 22, 3, 62, 30, 0
4735, 22, 0, 63, 9, 0
4735, 22, 2, 63, 11, 0
4735, 22, 1, 63, 16, 0
4735, 22, 0, 63, 20, 0
4736, 22, 0, 0, 3, 0
4736, 22, 3, 0, 6, 0
4736, 22, 0, 0, 8, 0
4736, 22, 2, 0, 54, 0
4736, 22, 1, 0, 55, 0
4736, 22, 0, 1, 4, 0
4736, 22, 3, 1, 10, 0
4736, 22, 0, 1, 11, 0
4736, 22, 2, 1, 56, 0
4736, 22, 1, 1, 58, 0
4736, 22, 3, 1, 62, 0
4736, 22, 2, 2, 0, 0
4736, 22, 0, 2, 5, 0
4736, 22, 2, 2, 6, 0
4736, 22, 1, 2, 8, 0
4736, 22, 2, 2, 10, 0
4736, 22, 1, 2, 11, 0
4736, 22, 3, 2, 17, 0
4736, 22, 0, 2, 19, 0
4736, 22, 3, 2, 21, 0
4736, 22, 0, 2, 23, 0
4736, 22, 2, 2, 24, 0
4736, 22, 1, 2, 30, 0
4736, 22, 3, 2, 31, 0
4736, 22, 0, 2, 32, 0
4736, 22, 2, 2, 48, 0
4736, 22, 1, 2, 51, 0
4736, 22, 3, 2, 61, 0
4736, 22, 3, 3, 0, 0
4736, 22, 1, 3, 5, 0
4736, 22, 3, 3, 10, 0
4736, 22, 0, 3, 11, 0
4736, 22, 3, 3, 24, 0
4736, 22, 0, 3, 25, 0
4736, 22, 2, 3, 31, 0
4736, 22, 3, 3, 39, 0
4736, 22, 0, 3, 40, 0
4736, 22, 3, 3, 60, 0
4736, 22, 1, 4, 4, 0
4736, 22, 2, 4, 10, 0
4736, 22, 1, 4, 11, 0
4736, 22, 3, 4, 13, 0
4736, 22, 0, 4, 14, 0
4736, 22, 2, 4, 17, 0
4736, 22, 1, 4, 19, 0
4736, 22, 2, 4, 21, 0
4736, 22, 1, 4, 23, 0
4736, 22, 2, 4, 24, 0
4736, 22, 1, 4, 25, 0
4736, 22, 3, 4, 53, 0
4736, 22, 0, 4, 55, 0
4736, 22, 3, 4, 59, 0
4736, 22, 0, 4, 63, 0
4736, 22, 1, 5, 3, 0
4736, 22, 3, 5, 5, 0
4736, 22, 0, 5, 6, 0
4736, 22, 2, 5, 13, 0
4736, 22, 1, 5, 14, 0
4736, 22, 2, 5, 27, 0
4736, 22, 1, 5, 28, 0
4736, 22, 2, 5, 34, 0
4736, 22, 1, 5, 35, 0
4736, 22, 3, 5, 44, 0
4736, 22, 0, 5, 45, 0
4736, 22, 3, 5, 47, 0
4736, 22, 0, 5, 48, 0
4736, 22, 3, 5, 51, 0
4736, 22, 0, 5, 52, 0
4736, 22, 2, 5, 53, 0
4736, 22, 1, 5, 55, 0
4736, 22, 0, 5, 63, 0
4736, 22, 0, 6, 3, 0
4736, 22, 2, 6, 5, 0
4736, 22, 1, 6, 6, 0
4736, 22, 3, 6, 20, 0
4736, 22, 0, 6, 22, 0
4736, 22, 3, 6, 25, 0
4736, 22, 0, 6, 27, 0
4736, 22, 3, 6, 36, 0
4736, 22, 0, 6, 37, 0
4736, 22, 2, 6, 38, 0
4736, 22, 1, 6, 40, 0
4736, 22, 3, 6, 43, 0
4736, 22, 0, 6, 46, 0
4736, 22, 2, 6, 47, 0
4736, 22, 1, 6, 48, 0
4736, 22, 3, 6, 49, 0
4736, 22, 0, 6, 50, 0
4736, 22, 2, 6, 51, 0
4736, 22, 1, 6, 52, 0
4736, 22, 0, 6, 53, 0
4736, 22, 3, 6, 54, 0
4736, 22, 0, 7, 4, 0
4736, 22, 3, 7, 7, 0
4736, 22, 0, 7, 9, 0
4736, 22, 3, 7, 11, 0
4736, 22, 0, 7, 12, 0
4736, 22, 3, 7, 14, 0
4736, 22, 0, 7, 15, 0
4736, 22, 3, 7, 32, 0
4736, 22, 0, 7, 35, 0
4736, 22, 3, 7, 38, 0
4736, 22, 0, 7, 40, 0
4736, 22, 3, 7, 42, 0
4736, 22, 0, 7, 47, 0
4736, 22, 2, 7, 48, 0
4736, 22, 2, 7, 49, 0
4736, 22, 1, 7, 50, 0
4736, 22, 1, 7, 53, 0
4736, 22, 0, 8, 5, 0
4736, 22, 2, 8, 11, 0
4736, 22, 1, 8, 12, 0
4736, 22, 2, 8, 14, 0
4736, 22, 1, 8, 15, 0
4736, 22, 2, 8, 20, 0
4736, 22, 1, 8, 22, 0
4736, 22, 2, 8, 25, 0
4736, 22, 1, 8, 27, 0
4736, 22, 2, 8, 32, 0
4736, 22, 1, 8, 35, 0
4736, 22, 2, 8, 36, 0
4736, 22, 1, 8, 37, 0
4736, 22, 2, 8, 42, 0
4736, 22, 1, 8, 47, 0
4736, 22, 1, 8, 52, 0
4736, 22, 2, 8, 54, 0
4736, 22, 1, 9, 5, 0
4736, 22, 2, 9, 7, 0
4736, 22, 1, 9, 9, 0
4736, 22, 3, 9, 23, 0
4736, 22, 0, 9, 25, 0
4736, 22, 3, 9, 31, 0
4736, 22, 0, 9, 32, 0
4736, 22, 3, 9, 36, 0
4736, 22, 0, 9, 37, 0
4736, 22, 2, 9, 38, 0
4736, 22, 1, 9, 40, 0
4736, 22, 3, 9, 41, 0
4736, 22, 0, 9, 42, 0
4736, 22, 2, 9, 43, 0
4736, 22, 1, 9, 46, 0
4736, 22, 2, 9, 49, 0
4736, 22, 3, 9, 52, 0
4736, 22, 0, 9, 53, 0
4736, 22, 1, 10, 4, 0
4736, 22, 3, 10, 11, 0
4736, 22, 0, 10, 13, 0
4736, 22, 3, 10, 19, 0
4736, 22, 0, 10, 20, 0
4736, 22, 2, 10, 31, 0
4736, 22, 1, 10, 32, 0
4736, 22, 3, 10, 35, 0
4736, 22, 0, 10, 38, 0
4736, 22, 2, 10, 41, 0
4736, 22, 1, 10, 42, 0
4736, 22, 3, 10, 46, 0
4736, 22, 0, 10, 47, 0
4736, 22, 3, 10, 48, 0
4736, 22, 0, 10, 49, 0
4736, 22, 2, 10, 52, 0
4736, 22, 1, 10, 53, 0
4736, 22, 2, 10, 56, 0
4736, 22, 1, 10, 63, 0
4736, 22, 1, 11, 3, 0
4736, 22, 3, 11, 4, 0
4736, 22, 0, 11, 6, 0
4736, 22, 3, 11, 7, 0
4736, 22, 0, 11, 9, 0
4736, 22, 3, 11, 15, 0
4736, 22, 0, 11, 17, 0
4736, 22, 2, 11, 19, 0
4736, 22, 1, 11, 20, 0
4736, 22, 2, 11, 23, 0
4736, 22, 1, 11, 25, 0
4736, 22, 3, 11, 28, 0
4736, 22, 0, 11, 29, 0
4736, 22, 3, 11, 30, 0
4736, 22, 0, 11, 32, 0
4736, 22, 3, 11, 34, 0
4736, 22, 3, 11, 41, 0
4736, 22, 0, 11, 42, 0
4736, 22, 2, 11, 46, 0
4736, 22, 1, 11, 47, 0
4736, 22, 2, 11, 48, 0
4736, 22, 1, 11, 49, 0
4736, 22, 3, 11, 50, 0
4736, 22, 0, 11, 51, 0
4736, 22, 3, 11, 52, 0
4736, 22, 0, 11, 54, 0
4736, 22, 2, 11, 59, 0
4736, 22, 1, 11, 62, 0
4736, 22, 2, 12, 11, 0
4736, 22, 1, 12, 13, 0
4736, 22, 3, 12, 20, 0
4736, 22, 0, 12, 22, 0
4736, 22, 2, 12, 28, 0
4736, 22, 1, 12, 29, 0
4736, 22, 2, 12, 34, 0
4736, 22, 3, 12, 40, 0
4736, 22, 0, 12, 43, 0
4736, 22, 3, 12, 45, 0
4736, 22, 0, 12, 46, 0
4736, 22, 3, 12, 47, 0
4736, 22, 0, 12, 48, 0
4736, 22, 2, 12, 50, 0
4736, 22, 1, 12, 51, 0
4736, 22, 3, 12, 55, 0
4736, 22, 0, 12, 57, 0
4736, 22, 3, 12, 58, 0
4736, 22, 0, 12, 59, 0
4736, 22, 2, 12, 60, 0
4736, 22, 1, 12, 61, 0
4736, 22, 2, 13, 4, 0
4736, 22, 1, 13, 6, 0
4736, 22, 2, 13, 7, 0
4736, 22, 1, 13, 9, 0
4736, 22, 2, 13, 15, 0
4736, 22, 1, 13, 17, 0
4736, 22, 3, 13, 28, 0
4736, 22, 0, 13, 29, 0
4736, 22, 2, 13, 30, 0
4736, 22, 1, 13, 32, 0
4736, 22, 2, 13, 35, 0
4736, 22, 1, 13, 38, 0
4736, 22, 3, 13, 39, 0
4736, 22, 0, 13, 44, 0
4736, 22, 2, 13, 45, 0
4736, 22, 1, 13, 46, 0
4736, 22, 2, 13, 47, 0
4736, 22, 1, 13, 48, 0
4736, 22, 2, 13, 58, 0
4736, 22, 1, 13, 59, 0
4736, 22, 3, 14, 0, 0
4736, 22, 0, 14, 4, 0
4736, 22, 3, 14, 12, 0
4736, 22, 0, 14, 13, 0
4736, 22, 3, 14, 16, 0
4736, 22, 0, 14, 18, 0
4736, 22, 2, 14, 20, 0
4736, 22, 1, 14, 22, 0
4736, 22, 2, 14, 28, 0
4736, 22, 1, 14, 29, 0
4736, 22, 3, 14, 30, 0
4736, 22, 0, 14, 31, 0
4736, 22, 2, 14, 36, 0
4736, 22, 1, 14, 37, 0
4736, 22, 2, 14, 39, 0
4736, 22, 1, 14, 44, 0
4736, 22, 3, 14, 45, 0
4736, 22, 0, 14, 46, 0
4736, 22, 2, 14, 59, 0
4736, 22, 1, 14, 61, 0
4736, 22, 0, 15, 5, 0
4736, 22, 3, 15, 6, 0
4736, 22, 0, 15, 7, 0
4736, 22, 2, 15, 12, 0
4736, 22, 1, 15, 13, 0
4736, 22, 3, 15, 27, 0
4736, 22, 2, 15, 30, 0
4736, 22, 1, 15, 31, 0
4736, 22, 3, 15, 36, 0
4736, 22, 0, 15, 38, 0
4736, 22, 2, 15, 40, 0
4736, 22, 2, 15, 45, 0
4736, 22, 1, 15, 46, 0
4736, 22, 2, 16, 6, 0
4736, 22, 1, 16, 7, 0
4736, 22, 3, 16, 9, 0
4736, 22, 0, 16, 10, 0
4736, 22, 3, 16, 11, 0
4736, 22, 0, 16, 13, 0
4736, 22, 3, 16, 14, 0
4736, 22, 0, 16, 15, 0
4736, 22, 2, 16, 16, 0
4736, 22, 1, 16, 18, 0
4736, 22, 3, 16, 19, 0
4736, 22, 3, 16, 26, 0
4736, 22, 3, 16, 30, 0
4736, 22, 0, 16, 32, 0
4736, 22, 2, 16, 41, 0
4736, 22, 1, 16, 42, 0
4736, 22, 3, 16, 51, 0
4736, 22, 0, 16, 53, 0
4736, 22, 3, 16, 54, 0
4736, 22, 0, 16, 56, 0
4736, 22, 3, 17, 5, 0
4736, 22, 0, 17, 8, 0
4736, 22, 3, 17, 17, 0
4736, 22, 1, 17, 21, 0
4736, 22, 3, 17, 25, 0
4736, 22, 0, 17, 27, 0
4736, 22, 3, 17, 33, 0
4736, 22, 0, 17, 34, 0
4736, 22, 2, 17, 36, 0
4736, 22, 1, 17, 38, 0
4736, 22, 3, 17, 44, 0
4736, 22, 0, 17, 45, 0
4736, 22, 2, 17, 51, 0
4736, 22, 1, 17, 53, 0
4736, 22, 3, 17, 60, 0
4736, 22, 0, 17, 63, 0
4736, 22, 2, 18, 0, 0
4736, 22, 1, 18, 4, 0
4736, 22, 2, 18, 9, 0
4736, 22, 1, 18, 10, 0
4736, 22, 2, 18, 11, 0
4736, 22, 1, 18, 13, 0
4736, 22, 2, 18, 14, 0
4736, 22, 1, 18, 15, 0
4736, 22, 3, 18, 16, 0
4736, 22, 1, 18, 20, 0
4736, 22, 3, 18, 24, 0
4736, 22, 2, 18, 30, 0
4736, 22, 1, 18, 32, 0
4736, 22, 2, 18, 33, 0
4736, 22, 1, 18, 34, 0
4736, 22, 3, 18, 41, 0
4736, 22, 0, 18, 42, 0
4736, 22, 2, 18, 44, 0
4736, 22, 1, 18, 45, 0
4736, 22, 3, 18, 48, 0
4736, 22, 0, 18, 49, 0
4736, 22, 3, 18, 51, 0
4736, 22, 0, 18, 52, 0
4736, 22, 2, 18, 54, 0
4736, 22, 1, 18, 56, 0
4736, 22, 3, 18, 57, 0
4736, 22, 0, 18, 59, 0
4736, 22, 2, 18, 60, 0
4736, 22, 1, 18, 63, 0
4736, 22, 3, 19, 15, 0
4736, 22, 1, 19, 19, 0
4736, 22, 1, 19, 27, 0
4736, 22, 3, 19, 28, 0
4736, 22, 0, 19, 30, 0
4736, 22, 3, 19, 34, 0
4736, 22, 0, 19, 35, 0
4736, 22, 2, 19, 41, 0
4736, 22, 1, 19, 42, 0
4736, 22, 2, 19, 48, 0
4736, 22, 1, 19, 49, 0
4736, 22, 3, 19, 50, 0
4736, 22, 0, 19, 53, 0
4736, 22, 3, 20, 0, 0
4736, 22, 0, 20, 2, 0
4736, 22, 3, 20, 3, 0
4736, 22, 0, 20, 4, 0
4736, 22, 2, 20, 5, 0
4736, 22, 1, 20, 8, 0
4736, 22, 2, 20, 15, 0
4736, 22, 1, 20, 18, 0
4736, 22, 2, 20, 24, 0
4736, 22, 3, 20, 39, 0
4736, 22, 0, 20, 40, 0
4736, 22, 3, 20, 43, 0
4736, 22, 0, 20, 44, 0
4736, 22, 3, 20, 49, 0
4736, 22, 0, 20, 54, 0
4736, 22, 2, 20, 57, 0
4736, 22, 1, 20, 59, 0
4736, 22, 2, 21, 16, 0
4736, 22, 1, 21, 17, 0
4736, 22, 2, 21, 25, 0
4736, 22, 0, 21, 27, 0
4736, 22, 2, 21, 28, 0
4736, 22, 1, 21, 30, 0
4736, 22, 3, 21, 31, 0
4736, 22, 0, 21, 32, 0
4736, 22, 2, 21, 39, 0
4736, 22, 1, 21, 40, 0
4736, 22, 2, 21, 43, 0
4736, 22, 1, 21, 44, 0
4736, 22, 2, 21, 49, 0
4736, 22, 1, 21, 54, 0
4736, 22, 3, 21, 57, 0
4736, 22, 0, 21, 59, 0
4736, 22, 0, 22, 13, 0
4736, 22, 1, 22, 27, 0
4736, 22, 3, 22, 28, 0
4736, 22, 0, 22, 29, 0
4736, 22, 2, 22, 31, 0
4736, 22, 1, 22, 32, 0
4736, 22, 2, 22, 34, 0
4736, 22, 1, 22, 35, 0
4736, 22, 3, 22, 36, 0
4736, 22, 0, 22, 37, 0
4736, 22, 3, 22, 39, 0
4736, 22, 0, 22, 41, 0
4736, 22, 3, 22, 42, 0
4736, 22, 0, 22, 43, 0
4736, 22, 3, 22, 47, 0
4736, 22, 0, 22, 49, 0
4736, 22, 2, 22, 50, 0
4736, 22, 1, 22, 53, 0
4736, 22, 3, 22, 54, 0
4736, 22, 0, 22, 56, 0
4736, 22, 3, 22, 62, 0
4736, 22, 0, 22, 63, 0
4736, 22, 2, 23, 0, 0
4736, 22, 1, 23, 2, 0
4736, 22, 2, 23, 3, 0
4736, 22, 1, 23, 4, 0
4736, 22, 0, 23, 14, 0
4736, 22, 2, 23, 28, 0
4736, 22, 1, 23, 29, 0
4736, 22, 3, 23, 33, 0
4736, 22, 0, 23, 35, 0
4736, 22, 2, 23, 36, 0
4736, 22, 1, 23, 37, 0
4736, 22, 2, 23, 42, 0
4736, 22, 1, 23, 43, 0
4736, 22, 2, 23, 47, 0
4736, 22, 1, 23, 49, 0
4736, 22, 2, 23, 51, 0
4736, 22, 1, 23, 52, 0
4736, 22, 2, 23, 57, 0
4736, 22, 1, 23, 59, 0
4736, 22, 2, 23, 62, 0
4736, 22, 1, 23, 63, 0
4736, 22, 3, 24, 6, 0
4736, 22, 0, 24, 8, 0
4736, 22, 1, 24, 14, 0
4736, 22, 3, 24, 15, 0
4736, 22, 0, 24, 16, 0
4736, 22, 0, 24, 27, 0
4736, 22, 3, 24, 28, 0
4736, 22, 0, 24, 29, 0
4736, 22, 3, 24, 31, 0
4736, 22, 0, 24, 32, 0
4736, 22, 2, 24, 39, 0
4736, 22, 1, 24, 41, 0
4736, 22, 3, 24, 47, 0
4736, 22, 0, 24, 49, 0
4736, 22, 3, 24, 50, 0
4736, 22, 0, 24, 51, 0
4736, 22, 2, 24, 54, 0
4736, 22, 1, 24, 56, 0
4736, 22, 3, 25, 0, 0
4736, 22, 3, 25, 7, 0
4736, 22, 0, 25, 8, 0
4736, 22, 2, 25, 10, 0
4736, 22, 1, 25, 13, 0
4736, 22, 2, 25, 15, 0
4736, 22, 1, 25, 16, 0
4736, 22, 3, 25, 25, 0
4736, 22, 1, 25, 27, 0
4736, 22, 2, 25, 28, 0
4736, 22, 1, 25, 29, 0
4736, 22, 2, 25, 31, 0
4736, 22, 1, 25, 32, 0
4736, 22, 2, 25, 33, 0
4736, 22, 1, 25, 35, 0
4736, 22, 3, 25, 41, 0
4736, 22, 0, 25, 42, 0
4736, 22, 3, 25, 46, 0
4736, 22, 2, 25, 50, 0
4736, 22, 1, 25, 51, 0
4736, 22, 3, 25, 54, 0
4736, 22, 0, 25, 55, 0
4736, 22, 3, 25, 59, 0
4736, 22, 0, 25, 60, 0
4736, 22, 0, 26, 5, 0
4736, 22, 2, 26, 7, 0
4736, 22, 1, 26, 8, 0
4736, 22, 3, 26, 9, 0
4736, 22, 0, 26, 10, 0
4736, 22, 3, 26, 15, 0
4736, 22, 0, 26, 18, 0
4736, 22, 3, 26, 24, 0
4736, 22, 3, 26, 32, 0
4736, 22, 0, 26, 33, 0
4736, 22, 3, 26, 39, 0
4736, 22, 0, 26, 40, 0
4736, 22, 2, 26, 41, 0
4736, 22, 1, 26, 42, 0
4736, 22, 3, 26, 45, 0
4736, 22, 1, 26, 49, 0
4736, 22, 2, 26, 54, 0
4736, 22, 1, 26, 55, 0
4736, 22, 2, 26, 59, 0
4736, 22, 1, 26, 60, 0
4736, 22, 3, 26, 61, 0
4736, 22, 0, 26, 63, 0
4736, 22, 1, 27, 5, 0
4736, 22, 3, 27, 6, 0
4736, 22, 0, 27, 8, 0
4736, 22, 2, 27, 9, 0
4736, 22, 1, 27, 10, 0
4736, 22, 3, 27, 11, 0
4736, 22, 0, 27, 13, 0
4736, 22, 0, 27, 19, 0
4736, 22, 0, 27, 28, 0
4736, 22, 2, 27, 32, 0
4736, 22, 1, 27, 33, 0
4736, 22, 3, 27, 36, 0
4736, 22, 0, 27, 37, 0
4736, 22, 2, 27, 39, 0
4736, 22, 1, 27, 40, 0
4736, 22, 1, 27, 48, 0
4736, 22, 3, 27, 54, 0
4736, 22, 0, 27, 56, 0
4736, 22, 2, 28, 0, 0
4736, 22, 1, 28, 4, 0
4736, 22, 2, 28, 15, 0
4736, 22, 1, 28, 17, 0
4736, 22, 0, 28, 20, 0
4736, 22, 3, 28, 23, 0
4736, 22, 3, 28, 31, 0
4736, 22, 0, 28, 33, 0
4736, 22, 3, 28, 35, 0
4736, 22, 0, 28, 38, 0
4736, 22, 2, 28, 45, 0
4736, 22, 1, 28, 47, 0
4736, 22, 3, 28, 50, 0
4736, 22, 0, 28, 52, 0
4736, 22, 2, 28, 61, 0
4736, 22, 1, 28, 63, 0
4736, 22, 3, 29, 1, 0
4736, 22, 2, 29, 6, 0
4736, 22, 1, 29, 8, 0
4736, 22, 2, 29, 11, 0
4736, 22, 0, 29, 13, 0
4736, 22, 2, 29, 17, 0
4736, 22, 1, 29, 19, 0
4736, 22, 2, 29, 26, 0
4736, 22, 0, 29, 30, 0
4736, 22, 3, 29, 34, 0
4736, 22, 0, 29, 39, 0
4736, 22, 3, 29, 46, 0
4736, 22, 0, 29, 49, 0
4736, 22, 2, 29, 54, 0
4736, 22, 1, 29, 56, 0
4736, 22, 2, 30, 1, 0
4736, 22, 0, 30, 4, 0
4736, 22, 3, 30, 9, 0
4736, 22, 0, 30, 10, 0
4736, 22, 3, 30, 17, 0
4736, 22, 0, 30, 18, 0
4736, 22, 2, 30, 20, 0
4736, 22, 2, 30, 23, 0
4736, 22, 1, 30, 25, 0
4736, 22, 2, 30, 31, 0
4736, 22, 1, 30, 33, 0
4736, 22, 2, 30, 34, 0
4736, 22, 1, 30, 39, 0
4736, 22, 3, 30, 43, 0
4736, 22, 0, 30, 45, 0
4736, 22, 2, 30, 50, 0
4736, 22, 1, 30, 52, 0
4736, 22, 3, 30, 53, 0
4736, 22, 0, 30, 55, 0
4736, 22, 3, 30, 56, 0
4736, 22, 0, 30, 57, 0
4736, 22, 0, 31, 1, 0
4736, 22, 2, 31, 2, 0
4736, 22, 0, 31, 5, 0
4736, 22, 3, 31, 8, 0
4736, 22, 0, 31, 11, 0
4736, 22, 0, 31, 19, 0
4736, 22, 3, 31, 24, 0
4736, 22, 0, 31, 25, 0
4736, 22, 2, 31, 28, 0
4736, 22, 1, 31, 30, 0
4736, 22, 2, 31, 35, 0
4736, 22, 1, 31, 38, 0
4736, 22, 2, 31, 56, 0
4736, 22, 1, 31, 57, 0
4736, 22, 3, 31, 58, 0
4736, 22, 0, 31, 61, 0
4736, 22, 3, 32, 7, 0
4736, 22, 0, 32, 12, 0
4736, 22, 3, 32, 16, 0
4736, 22, 0, 32, 20, 0
4736, 22, 2, 32, 24, 0
4736, 22, 1, 32, 25, 0
4736, 22, 3, 32, 26, 0
4736, 22, 0, 32, 27, 0
4736, 22, 3, 32, 29, 0
4736, 22, 0, 32, 30, 0
4736, 22, 2, 32, 36, 0
4736, 22, 1, 32, 37, 0
4736, 22, 2, 32, 43, 0
4736, 22, 1, 32, 45, 0
4736, 22, 2, 32, 46, 0
4736, 22, 1, 32, 49, 0
4736, 22, 2, 32, 53, 0
4736, 22, 1, 32, 55, 0
4736, 22, 3, 32, 57, 0
4736, 22, 1, 33, 1, 0
4736, 22, 3, 33, 2, 0
4736, 22, 1, 33, 5, 0
4736, 22, 2, 33, 7, 0
4736, 22, 1, 33, 12, 0
4736, 22, 2, 33, 15, 0
4736, 22, 1, 33, 20, 0
4736, 22, 2, 33, 26, 0
4736, 22, 1, 33, 27, 0
4736, 22, 3, 33, 28, 0
4736, 22, 0, 33, 31, 0
4736, 22, 3, 33, 35, 0
4736, 22, 0, 33, 36, 0
4736, 22, 3, 33, 42, 0
4736, 22, 0, 33, 43, 0
4736, 22, 3, 33, 50, 0
4736, 22, 0, 33, 53, 0
4736, 22, 2, 33, 57, 0
4736, 22, 3, 34, 1, 0
4736, 22, 2, 34, 8, 0
4736, 22, 1, 34, 11, 0
4736, 22, 2, 34, 16, 0
4736, 22, 1, 34, 19, 0
4736, 22, 3, 34, 27, 0
4736, 22, 0, 34, 32, 0
4736, 22, 3, 34, 33, 0
4736, 22, 0, 34, 34, 0
4736, 22, 3, 34, 41, 0
4736, 22, 0, 34, 44, 0
4736, 22, 3, 34, 46, 0
4736, 22, 0, 34, 49, 0
4736, 22, 2, 34, 50, 0
4736, 22, 1, 34, 53, 0
4736, 22, 2, 34, 58, 0
4736, 22, 1, 34, 61, 0
4736, 22, 3, 34, 62, 0
4736, 22, 0, 34, 63, 0
4736, 22, 3, 35, 0, 0
4736, 22, 1, 35, 4, 0
4736, 22, 2, 35, 9, 0
4736, 22, 1, 35, 10, 0
4736, 22, 3, 35, 11, 0
4736, 22, 0, 35, 13, 0
4736, 22, 2, 35, 17, 0
4736, 22, 1, 35, 18, 0
4736, 22, 3, 35, 20, 0
4736, 22, 0, 35, 22, 0
4736, 22, 2, 35, 27, 0
4736, 22, 1, 35, 32, 0
4736, 22, 1, 35, 36, 0
4736, 22, 3, 35, 40, 0
4736, 22, 0, 35, 45, 0
4736, 22, 3, 35, 52, 0
4736, 22, 0, 35, 53, 0
4736, 22, 2, 35, 62, 0
4736, 22, 1, 35, 63, 0
4736, 22, 2, 36, 0, 0
4736, 22, 3, 36, 5, 0
4736, 22, 0, 36, 7, 0
4736, 22, 3, 36, 8, 0
4736, 22, 0, 36, 10, 0
4736, 22, 2, 36, 28, 0
4736, 22, 1, 36, 31, 0
4736, 22, 2, 36, 33, 0
4736, 22, 1, 36, 34, 0
4736, 22, 2, 36, 40, 0
4736, 22, 1, 36, 45, 0
4736, 22, 3, 36, 51, 0
4736, 22, 0, 36, 54, 0
4736, 22, 3, 36, 56, 0
4736, 22, 0, 36, 57, 0
4736, 22, 3, 36, 61, 0
4736, 22, 0, 36, 63, 0
4736, 22, 2, 37, 1, 0
4736, 22, 0, 37, 4, 0
4736, 22, 2, 37, 11, 0
4736, 22, 1, 37, 13, 0
4736, 22, 3, 37, 16, 0
4736, 22, 0, 37, 17, 0
4736, 22, 2, 37, 20, 0
4736, 22, 1, 37, 22, 0
4736, 22, 1, 37, 23, 0
4736, 22, 2, 37, 29, 0
4736, 22, 1, 37, 30, 0
4736, 22, 3, 37, 37, 0
4736, 22, 0, 37, 39, 0
4736, 22, 2, 37, 41, 0
4736, 22, 1, 37, 44, 0
4736, 22, 2, 37, 46, 0
4736, 22, 1, 37, 49, 0
4736, 22, 3, 37, 50, 0
4736, 22, 0, 37, 55, 0
4736, 22, 2, 37, 56, 0
4736, 22, 1, 37, 57, 0
4736, 22, 3, 37, 58, 0
4736, 22, 0, 37, 60, 0
4736, 22, 2, 38, 2, 0
4736, 22, 2, 38, 5, 0
4736, 22, 1, 38, 7, 0
4736, 22, 2, 38, 8, 0
4736, 22, 1, 38, 10, 0
4736, 22, 3, 38, 14, 0
4736, 22, 0, 38, 15, 0
4736, 22, 2, 38, 16, 0
4736, 22, 1, 38, 17, 0
4736, 22, 3, 38, 18, 0
4736, 22, 0, 38, 19, 0
4736, 22, 3, 38, 23, 0
4736, 22, 0, 38, 24, 0
4736, 22, 3, 38, 30, 0
4736, 22, 3, 38, 40, 0
4736, 22, 0, 38, 41, 0
4736, 22, 3, 38, 48, 0
4736, 22, 0, 38, 49, 0
4736, 22, 2, 38, 50, 0
4736, 22, 1, 38, 55, 0
4736, 22, 2, 38, 61, 0
4736, 22, 1, 38, 63, 0
4736, 22, 3, 39, 0, 0
4736, 22, 0, 39, 1, 0
4736, 22, 3, 39, 2, 0
4736, 22, 1, 39, 4, 0
4736, 22, 3, 39, 10, 0
4736, 22, 0, 39, 12, 0
4736, 22, 3, 39, 17, 0
4736, 22, 0, 39, 20, 0
4736, 22, 0, 39, 25, 0
4736, 22, 3, 39, 29, 0
4736, 22, 1, 39, 32, 0
4736, 22, 2, 39, 37, 0
4736, 22, 1, 39, 39, 0
4736, 22, 3, 39, 44, 0
4736, 22, 0, 39, 45, 0
4736, 22, 2, 39, 48, 0
4736, 22, 1, 39, 49, 0
4736, 22, 2, 39, 51, 0
4736, 22, 1, 39, 54, 0
4736, 22, 2, 39, 58, 0
4736, 22, 1, 39, 60, 0
4736, 22, 2, 40, 2, 0
4736, 22, 3, 40, 6, 0
4736, 22, 0, 40, 9, 0
4736, 22, 3, 40, 16, 0
4736, 22, 0, 40, 21, 0
4736, 22, 3, 40, 35, 0
4736, 22, 0, 40, 37, 0
4736, 22, 2, 40, 40, 0
4736, 22, 1, 40, 41, 0
4736, 22, 3, 40, 42, 0
4736, 22, 0, 40, 43, 0
4736, 22, 2, 40, 44, 0
4736, 22, 1, 40, 45, 0
4736, 22, 3, 40, 46, 0
4736, 22, 0, 40, 47, 0
4736, 22, 2, 40, 52, 0
4736, 22, 1, 40, 53, 0
4736, 22, 3, 40, 56, 0
4736, 22, 0, 40, 58, 0
4736, 22, 2, 41, 0, 0
4736, 22, 1, 41, 1, 0
4736, 22, 3, 41, 3, 0
4736, 22, 0, 41, 5, 0
4736, 22, 2, 41, 10, 0
4736, 22, 1, 41, 12, 0
4736, 22, 2, 41, 14, 0
4736, 22, 1, 41, 15, 0
4736, 22, 2, 41, 16, 0
4736, 22, 1, 41, 21, 0
4736, 22, 2, 41, 23, 0
4736, 22, 1, 41, 25, 0
4736, 22, 2, 41, 29, 0
4736, 22, 1, 41, 31, 0
4736, 22, 2, 41, 42, 0
4736, 22, 1, 41, 43, 0
4736, 22, 2, 41, 46, 0
4736, 22, 1, 41, 47, 0
4736, 22, 3, 41, 52, 0
4736, 22, 0, 41, 54, 0
4736, 22, 2, 41, 56, 0
4736, 22, 1, 41, 58, 0
4736, 22, 3, 42, 10, 0
4736, 22, 0, 42, 11, 0
4736, 22, 2, 42, 17, 0
4736, 22, 1, 42, 20, 0
4736, 22, 3, 42, 24, 0
4736, 22, 0, 42, 26, 0
4736, 22, 2, 42, 30, 0
4736, 22, 2, 42, 35, 0
4736, 22, 1, 42, 37, 0
4736, 22, 3, 42, 41, 0
4736, 22, 0, 42, 44, 0
4736, 22, 3, 42, 48, 0
4736, 22, 0, 42, 49, 0
4736, 22, 0, 43, 2, 0
4736, 22, 2, 43, 3, 0
4736, 22, 1, 43, 5, 0
4736, 22, 2, 43, 6, 0
4736, 22, 1, 43, 9, 0
4736, 22, 3, 43, 12, 0
4736, 22, 0, 43, 14, 0
4736, 22, 2, 43, 18, 0
4736, 22, 1, 43, 19, 0
4736, 22, 3, 43, 20, 0
4736, 22, 0, 43, 22, 0
4736, 22, 3, 43, 38, 0
4736, 22, 0, 43, 39, 0
4736, 22, 3, 43, 40, 0
4736, 22, 2, 43, 48, 0
4736, 22, 1, 43, 49, 0
4736, 22, 3, 43, 50, 0
4736, 22, 0, 43, 51, 0
4736, 22, 2, 43, 52, 0
4736, 22, 1, 43, 54, 0
4736, 22, 0, 44, 3, 0
4736, 22, 3, 44, 4, 0
4736, 22, 0, 44, 5, 0
4736, 22, 3, 44, 6, 0
4736, 22, 0, 44, 7, 0
4736, 22, 2, 44, 10, 0
4736, 22, 1, 44, 11, 0
4736, 22, 3, 44, 15, 0
4736, 22, 0, 44, 18, 0
4736, 22, 0, 44, 28, 0
4736, 22, 2, 44, 38, 0
4736, 22, 1, 44, 39, 0
4736, 22, 2, 44, 40, 0
4736, 22, 3, 44, 48, 0
4736, 22, 0, 44, 49, 0
4736, 22, 2, 44, 50, 0
4736, 22, 1, 44, 51, 0
4736, 22, 3, 44, 62, 0
4736, 22, 0, 44, 63, 0
4736, 22, 2, 45, 4, 0
4736, 22, 1, 45, 5, 0
4736, 22, 2, 45, 6, 0
4736, 22, 1, 45, 7, 0
4736, 22, 3, 45, 8, 0
4736, 22, 0, 45, 10, 0
4736, 22, 2, 45, 12, 0
4736, 22, 1, 45, 14, 0
4736, 22, 2, 45, 20, 0
4736, 22, 1, 45, 22, 0
4736, 22, 2, 45, 24, 0
4736, 22, 1, 45, 26, 0
4736, 22, 2, 45, 29, 0
4736, 22, 0, 45, 35, 0
4736, 22, 3, 45, 39, 0
4736, 22, 0, 45, 40, 0
4736, 22, 2, 45, 41, 0
4736, 22, 1, 45, 44, 0
4736, 22, 2, 45, 48, 0
4736, 22, 1, 45, 49, 0
4736, 22, 2, 45, 62, 0
4736, 22, 1, 45, 63, 0
4736, 22, 1, 46, 3, 0
4736, 22, 3, 46, 5, 0
4736, 22, 0, 46, 7, 0
4736, 22, 3, 46, 11, 0
4736, 22, 0, 46, 15, 0
4736, 22, 1, 46, 18, 0
4736, 22, 3, 46, 29, 0
4736, 22, 0, 46, 30, 0
4736, 22, 2, 46, 39, 0
4736, 22, 1, 46, 40, 0
4736, 22, 3, 46, 41, 0
4736, 22, 0, 46, 43, 0
4736, 22, 3, 46, 44, 0
4736, 22, 0, 46, 47, 0
4736, 22, 3, 46, 60, 0
4736, 22, 0, 46, 61, 0
4736, 22, 2, 47, 8, 0
4736, 22, 1, 47, 10, 0
4736, 22, 3, 47, 16, 0
4736, 22, 0, 47, 17, 0
4736, 22, 3, 47, 19, 0
4736, 22, 0, 47, 21, 0
4736, 22, 3, 47, 25, 0
4736, 22, 0, 47, 26, 0
4736, 22, 3, 47, 28, 0
4736, 22, 0, 47, 31, 0
4736, 22, 1, 47, 35, 0
4736, 22, 1, 47, 47, 0
4736, 22, 2, 47, 60, 0
4736, 22, 1, 47, 61, 0
4736, 22, 0, 48, 3, 0
4736, 22, 2, 48, 5, 0
4736, 22, 1, 48, 7, 0
4736, 22, 3, 48, 8, 0
4736, 22, 0, 48, 10, 0
4736, 22, 1, 48, 15, 0
4736, 22, 2, 48, 16, 0
4736, 22, 1, 48, 17, 0
4736, 22, 3, 48, 22, 0
4736, 22, 0, 48, 24, 0
4736, 22, 3, 48, 27, 0
4736, 22, 2, 48, 41, 0
4736, 22, 1, 48, 43, 0
4736, 22, 2, 48, 44, 0
4736, 22, 1, 48, 46, 0
4736, 22, 3, 48, 59, 0
4736, 22, 0, 48, 61, 0
4736, 22, 3, 48, 62, 0
4736, 22, 0, 48, 63, 0
4736, 22, 2, 49, 8, 0
4736, 22, 1, 49, 10, 0
4736, 22, 1, 49, 14, 0
4736, 22, 3, 49, 17, 0
4736, 22, 0, 49, 18, 0
4736, 22, 2, 49, 19, 0
4736, 22, 1, 49, 21, 0
4736, 22, 2, 49, 22, 0
4736, 22, 1, 49, 24, 0
4736, 22, 2, 49, 25, 0
4736, 22, 1, 49, 26, 0
4736, 22, 2, 49, 27, 0
4736, 22, 0, 49, 36, 0
4736, 22, 3, 49, 37, 0
4736, 22, 0, 49, 38, 0
4736, 22, 3, 49, 42, 0
4736, 22, 0, 49, 44, 0
4736, 22, 3, 49, 53, 0
4736, 22, 0, 49, 57, 0
4736, 22, 2, 49, 62, 0
4736, 22, 1, 49, 63, 0
4736, 22, 1, 50, 3, 0
4736, 22, 3, 50, 5, 0
4736, 22, 0, 50, 8, 0
4736, 22, 3, 50, 9, 0
4736, 22, 2, 50, 11, 0
4736, 22, 1, 50, 13, 0
4736, 22, 3, 50, 16, 0
4736, 22, 0, 50, 19, 0
4736, 22, 3, 50, 26, 0
4736, 22, 0, 50, 27, 0
4736, 22, 2, 50, 28, 0
4736, 22, 1, 50, 31, 0
4736, 22, 1, 50, 36, 0
4736, 22, 2, 50, 37, 0
4736, 22, 1, 50, 38, 0
4736, 22, 2, 50, 42, 0
4736, 22, 1, 50, 44, 0
4736, 22, 2, 50, 59, 0
4736, 22, 1, 50, 61, 0
4736, 22, 1, 51, 2, 0
4736, 22, 3, 51, 3, 0
4736, 22, 0, 51, 4, 0
4736, 22, 3, 51, 12, 0
4736, 22, 0, 51, 13, 0
4736, 22, 0, 51, 20, 0
4736, 22, 2, 51, 29, 0
4736, 22, 1, 51, 30, 0
4736, 22, 0, 51, 37, 0
4736, 22, 3, 51, 38, 0
4736, 22, 0, 51, 39, 0
4736, 22, 2, 51, 53, 0
4736, 22, 1, 51, 57, 0
4736, 22, 3, 51, 58, 0
4736, 22, 0, 51, 59, 0
4736, 22, 0, 52, 2, 0
4736, 22, 2, 52, 3, 0
4736, 22, 1, 52, 4, 0
4736, 22, 2, 52, 9, 0
4736, 22, 1, 52, 11, 0
4736, 22, 2, 52, 12, 0
4736, 22, 1, 52, 13, 0
4736, 22, 3, 52, 14, 0
4736, 22, 0, 52, 21, 0
4736, 22, 3, 52, 23, 0
4736, 22, 0, 52, 24, 0
4736, 22, 2, 52, 26, 0
4736, 22, 1, 52, 27, 0
4736, 22, 3, 52, 31, 0
4736, 22, 0, 52, 32, 0
4736, 22, 0, 52, 43, 0
4736, 22, 3, 52, 51, 0
4736, 22, 0, 52, 53, 0
4736, 22, 2, 52, 54, 0
4736, 22, 1, 52, 55, 0
4736, 22, 2, 52, 58, 0
4736, 22, 1, 52, 59, 0
4736, 22, 0, 53, 3, 0
4736, 22, 2, 53, 5, 0
4736, 22, 1, 53, 8, 0
4736, 22, 3, 53, 13, 0
4736, 22, 0, 53, 22, 0
4736, 22, 2, 53, 23, 0
4736, 22, 1, 53, 24, 0
4736, 22, 3, 53, 25, 0
4736, 22, 0, 53, 27, 0
4736, 22, 2, 53, 31, 0
4736, 22, 1, 53, 32, 0
4736, 22, 3, 53, 33, 0
4736, 22, 0, 53, 37, 0
4736, 22, 3, 53, 40, 0
4736, 22, 3, 53, 50, 0
4736, 22, 3, 53, 62, 0
4736, 22, 0, 53, 63, 0
4736, 22, 0, 54, 4, 0
4736, 22, 3, 54, 6, 0
4736, 22, 0, 54, 7, 0
4736, 22, 3, 54, 9, 0
4736, 22, 0, 54, 11, 0
4736, 22, 3, 54, 12, 0
4736, 22, 0, 54, 23, 0
4736, 22, 3, 54, 31, 0
4736, 22, 0, 54, 32, 0
4736, 22, 2, 54, 40, 0
4736, 22, 1, 54, 43, 0
4736, 22, 3, 54, 57, 0
4736, 22, 0, 54, 59, 0
4736, 22, 2, 54, 62, 0
4736, 22, 1, 54, 63, 0
4736, 22, 0, 55, 5, 0
4736, 22, 2, 55, 6, 0
4736, 22, 1, 55, 7, 0
4736, 22, 2, 55, 12, 0
4736, 22, 1, 55, 23, 0
4736, 22, 2, 55, 25, 0
4736, 22, 1, 55, 27, 0
4736, 22, 3, 55, 28, 0
4736, 22, 0, 55, 30, 0
4736, 22, 2, 55, 33, 0
4736, 22, 1, 55, 37, 0
4736, 22, 2, 55, 38, 0
4736, 22, 1, 55, 39, 0
4736, 22, 3, 55, 43, 0
4736, 22, 0, 55, 44, 0
4736, 22, 2, 55, 50, 0
4736, 22, 1, 55, 53, 0
4736, 22, 3, 55, 60, 0
4736, 22, 0, 55, 61, 0
4736, 22, 1, 56, 5, 0
4736, 22, 3, 56, 6, 0
4736, 22, 0, 56, 8, 0
4736, 22, 2, 56, 9, 0
4736, 22, 1, 56, 11, 0
4736, 22, 2, 56, 13, 0
4736, 22, 1, 56, 22, 0
4736, 22, 2, 56, 31, 0
4736, 22, 1, 56, 32, 0
4736, 22, 3, 56, 33, 0
4736, 22, 3, 56, 36, 0
4736, 22, 0, 56, 38, 0
4736, 22, 2, 56, 43, 0
4736, 22, 1, 56, 44, 0
4736, 22, 0, 56, 50, 0
4736, 22, 2, 56, 57, 0
4736, 22, 1, 56, 59, 0
4736, 22, 2, 56, 60, 0
4736, 22, 1, 56, 61, 0
4736, 22, 1, 57, 4, 0
4736, 22, 3, 57, 10, 0
4736, 22, 0, 57, 11, 0
4736, 22, 2, 57, 14, 0
4736, 22, 1, 57, 21, 0
4736, 22, 3, 57, 24, 0
4736, 22, 0, 57, 26, 0
4736, 22, 2, 57, 28, 0
4736, 22, 1, 57, 30, 0
4736, 22, 3, 57, 32, 0
4736, 22, 2, 57, 36, 0
4736, 22, 1, 57, 38, 0
4736, 22, 3, 57, 41, 0
4736, 22, 0, 57, 43, 0
4736, 22, 3, 57, 53, 0
4736, 22, 0, 57, 54, 0
4736, 22, 3, 57, 57, 0
4736, 22, 0, 57, 58, 0
4736, 22, 1, 58, 3, 0
4736, 22, 2, 58, 6, 0
4736, 22, 1, 58, 8, 0
4736, 22, 3, 58, 9, 0
4736, 22, 0, 58, 12, 0
4736, 22, 2, 58, 15, 0
4736, 22, 1, 58, 20, 0
4736, 22, 3, 58, 21, 0
4736, 22, 0, 58, 22, 0
4736, 22, 0, 58, 37, 0
4736, 22, 1, 58, 50, 0
4736, 22, 2, 58, 53, 0
4736, 22, 1, 58, 54, 0
4736, 22, 3, 58, 56, 0
4736, 22, 0, 58, 59, 0
4736, 22, 0, 59, 0, 0
4736, 22, 0, 59, 4, 0
4736, 22, 3, 59, 6, 0
4736, 22, 0, 59, 7, 0
4736, 22, 3, 59, 8, 0
4736, 22, 0, 59, 13, 0
4736, 22, 3, 59, 14, 0
4736, 22, 0, 59, 15, 0
4736, 22, 2, 59, 16, 0
4736, 22, 1, 59, 19, 0
4736, 22, 2, 59, 21, 0
4736, 22, 1, 59, 22, 0
4736, 22, 2, 59, 24, 0
4736, 22, 1, 59, 26, 0
4736, 22, 0, 59, 38, 0
4736, 22, 0, 59, 50, 0
4736, 22, 3, 59, 51, 0
4736, 22, 0, 59, 53, 0
4736, 22, 3, 59, 55, 0
4736, 22, 0, 59, 60, 0
4736, 22, 0, 60, 1, 0
4736, 22, 0, 60, 5, 0
4736, 22, 2, 60, 6, 0
4736, 22, 1, 60, 7, 0
4736, 22, 2, 60, 8, 0
4736, 22, 1, 60, 13, 0
4736, 22, 2, 60, 14, 0
4736, 22, 1, 60, 15, 0
4736, 22, 2, 60, 17, 0
4736, 22, 1, 60, 18, 0
4736, 22, 3, 60, 21, 0
4736, 22, 0, 60, 23, 0
4736, 22, 3, 60, 26, 0
4736, 22, 0, 60, 27, 0
4736, 22, 3, 60, 28, 0
4736, 22, 0, 60, 29, 0
4736, 22, 2, 60, 32, 0
4736, 22, 2, 60, 41, 0
4736, 22, 1, 60, 43, 0
4736, 22, 2, 60, 49, 0
4736, 22, 1, 60, 50, 0
4736, 22, 2, 60, 55, 0
4736, 22, 1, 60, 60, 0
4736, 22, 3, 60, 61, 0
4736, 22, 0, 60, 63, 0
4736, 22, 2, 61, 9, 0
4736, 22, 1, 61, 12, 0
4736, 22, 3, 61, 13, 0
4736, 22, 0, 61, 15, 0
4736, 22, 3, 61, 17, 0
4736, 22, 0, 61, 19, 0
4736, 22, 3, 61, 25, 0
4736, 22, 2, 61, 33, 0
4736, 22, 3, 61, 42, 0
4736, 22, 0, 61, 44, 0
4736, 22, 3, 61, 48, 0
4736, 22, 0, 61, 49, 0
4736, 22, 2, 61, 51, 0
4736, 22, 1, 61, 53, 0
4736, 22, 3, 61, 54, 0
4736, 22, 0, 61, 55, 0
4736, 22, 2, 61, 56, 0
4736, 22, 1, 61, 59, 0
4736, 22, 1, 62, 1, 0
4736, 22, 1, 62, 5, 0
4736, 22, 3, 62, 7, 0
4736, 22, 0, 62, 8, 0
4736, 22, 2, 62, 10, 0
4736, 22, 1, 62, 11, 0
4736, 22, 2, 62, 25, 0
4736, 22, 3, 62, 33, 0
4736, 22, 1, 62, 38, 0
4736, 22, 3, 62, 50, 0
4736, 22, 0, 62, 51, 0
4736, 22, 2, 62, 54, 0
4736, 22, 1, 62, 55, 0
4736, 22, 2, 62, 57, 0
4736, 22, 1, 62, 58, 0
4736, 22, 2, 62, 61, 0
4736, 22, 1, 62, 63, 0
4736, 22, 1, 63, 0, 0
4736, 22, 1, 63, 4, 0
4736, 22, 2, 63, 7, 0
4736, 22, 1, 63, 8, 0
4736, 22, 2, 63, 13, 0
4736, 22, 1, 63, 15, 0
4736, 22, 2, 63, 17, 0
4736, 22, 1, 63, 19, 0
4736, 22, 2, 63, 21, 0
4736, 22, 1, 63, 23, 0
4736, 22, 2, 63, 26, 0
4736, 22, 1, 63, 29, 0
4736, 22, 2, 63, 33, 0
4736, 22, 1, 63, 37, 0
4736, 22, 2, 63, 42, 0
4736, 22, 1, 63, 44, 0
4736, 22, 1, 63, 49, 0
4736, 22, 2, 63, 50, 0
4736, 22, 1, 63, 51, 0
4737, 22, 3, 0, 7, 0
4737, 22, 2, 0, 56, 0
4737, 22, 0, 0, 58, 0
4737, 22, 2, 1, 6, 0
4737, 22, 0, 1, 8, 0
4737, 22, 1, 1, 57, 0
4737, 22, 3, 1, 63, 0
4737, 22, 0, 2, 4, 0
4737, 22, 1, 2, 7, 0
4737, 22, 3, 2, 18, 0
4737, 22, 3, 2, 22, 0
4737, 22, 1, 2, 25, 0
4737, 22, 1, 2, 29, 0
4737, 22, 3, 2, 33, 0
4737, 22, 3, 2, 36, 0
4737, 22, 1, 2, 50, 0
4737, 22, 2, 2, 62, 0
4737, 22, 0, 3, 4, 0
4737, 22, 2, 3, 17, 0
4737, 22, 0, 3, 19, 0
4737, 22, 2, 3, 21, 0
4737, 22, 0, 3, 23, 0
4737, 22, 2, 3, 27, 0
4737, 22, 0, 3, 28, 0
4737, 22, 3, 3, 61, 0
4737, 22, 2, 3, 62, 0
4737, 22, 2, 4, 0, 0
4737, 22, 1, 4, 18, 0
4737, 22, 1, 4, 22, 0
4737, 22, 2, 4, 27, 0
4737, 22, 0, 4, 28, 0
4737, 22, 3, 4, 54, 0
4737, 22, 3, 4, 60, 0
4737, 22, 3, 4, 61, 0
4737, 22, 3, 4, 62, 0
4737, 22, 1, 5, 54, 0
4737, 22, 3, 5, 56, 0
4737, 22, 3, 6, 21, 0
4737, 22, 3, 6, 26, 0
4737, 22, 1, 6, 39, 0
4737, 22, 3, 6, 44, 0
4737, 22, 3, 6, 45, 0
4737, 22, 2, 6, 55, 0
4737, 22, 0, 7, 3, 0
4737, 22, 3, 7, 8, 0
4737, 22, 2, 7, 20, 0
4737, 22, 0, 7, 22, 0
4737, 22, 2, 7, 25, 0
4737, 22, 0, 7, 27, 0
4737, 22, 3, 7, 33, 0
4737, 22, 3, 7, 34, 0
4737, 22, 2, 7, 36, 0
4737, 22, 0, 7, 37, 0
4737, 22, 3, 7, 39, 0
4737, 22, 2, 7, 43, 0
4737, 22, 0, 7, 46, 0
4737, 22, 0, 7, 52, 0
4737, 22, 2, 7, 54, 0
4737, 22, 0, 8, 4, 0
4737, 22, 2, 8, 7, 0
4737, 22, 0, 8, 9, 0
4737, 22, 1, 8, 21, 0
4737, 22, 1, 8, 26, 0
4737, 22, 1, 8, 33, 0
4737, 22, 1, 8, 34, 0
4737, 22, 2, 8, 38, 0
4737, 22, 0, 8, 40, 0
4737, 22, 2, 8, 43, 0
4737, 22, 0, 8, 46, 0
4737, 22, 2, 8, 49, 0
4737, 22, 1, 8, 50, 0
4737, 22, 1, 8, 51, 0
4737, 22, 2, 8, 55, 0
4737, 22, 0, 9, 4, 0
4737, 22, 1, 9, 8, 0
4737, 22, 3, 9, 24, 0
4737, 22, 1, 9, 39, 0
4737, 22, 1, 9, 44, 0
4737, 22, 1, 9, 45, 0
4737, 22, 1, 9, 50, 0
4737, 22, 0, 10, 3, 0
4737, 22, 3, 10, 12, 0
4737, 22, 2, 10, 23, 0
4737, 22, 0, 10, 25, 0
4737, 22, 3, 10, 36, 0
4737, 22, 3, 10, 37, 0
4737, 22, 3, 11, 5, 0
4737, 22, 3, 11, 8, 0
4737, 22, 2, 11, 11, 0
4737, 22, 0, 11, 13, 0
4737, 22, 3, 11, 16, 0
4737, 22, 1, 11, 24, 0
4737, 22, 3, 11, 31, 0
4737, 22, 2, 11, 35, 0
4737, 22, 0, 11, 38, 0
4737, 22, 3, 11, 53, 0
4737, 22, 1, 11, 60, 0
4737, 22, 1, 11, 61, 0
4737, 22, 2, 12, 4, 0
4737, 22, 0, 12, 6, 0
4737, 22, 2, 12, 7, 0
4737, 22, 0, 12, 9, 0
4737, 22, 1, 12, 12, 0
4737, 22, 2, 12, 15, 0
4737, 22, 0, 12, 17, 0
4737, 22, 3, 12, 21, 0
4737, 22, 2, 12, 30, 0
4737, 22, 0, 12, 32, 0
4737, 22, 2, 12, 35, 0
4737, 22, 0, 12, 38, 0
4737, 22, 3, 12, 41, 0
4737, 22, 3, 12, 42, 0
4737, 22, 2, 12, 52, 0
4737, 22, 0, 12, 54, 0
4737, 22, 3, 12, 56, 0
4737, 22, 2, 13, 0, 0
4737, 22, 1, 13, 5, 0
4737, 22, 1, 13, 8, 0
4737, 22, 1, 13, 16, 0
4737, 22, 2, 13, 20, 0
4737, 22, 0, 13, 22, 0
4737, 22, 1, 13, 31, 0
4737, 22, 1, 13, 36, 0
4737, 22, 1, 13, 37, 0
4737, 22, 2, 13, 40, 0
4737, 22, 0, 13, 43, 0
4737, 22, 3, 14, 17, 0
4737, 22, 1, 14, 21, 0
4737, 22, 2, 14, 40, 0
4737, 22, 0, 14, 43, 0
4737, 22, 3, 14, 60, 0
4737, 22, 2, 15, 0, 0
4737, 22, 0, 15, 4, 0
4737, 22, 2, 15, 16, 0
4737, 22, 0, 15, 18, 0
4737, 22, 3, 15, 37, 0
4737, 22, 1, 15, 41, 0
4737, 22, 1, 15, 42, 0
4737, 22, 0, 16, 5, 0
4737, 22, 3, 16, 12, 0
4737, 22, 1, 16, 17, 0
4737, 22, 3, 16, 20, 0
4737, 22, 3, 16, 21, 0
4737, 22, 3, 16, 27, 0
4737, 22, 3, 16, 31, 0
4737, 22, 2, 16, 36, 0
4737, 22, 0, 16, 38, 0
4737, 22, 3, 16, 52, 0
4737, 22, 3, 16, 55, 0
4737, 22, 2, 17, 0, 0
4737, 22, 0, 17, 4, 0
4737, 22, 3, 17, 6, 0
4737, 22, 3, 17, 7, 0
4737, 22, 2, 17, 9, 0
4737, 22, 0, 17, 10, 0
4737, 22, 2, 17, 11, 0
4737, 22, 0, 17, 13, 0
4737, 22, 2, 17, 14, 0
4737, 22, 0, 17, 15, 0
4737, 22, 3, 17, 18, 0
4737, 22, 3, 17, 19, 0
4737, 22, 3, 17, 26, 0
4737, 22, 2, 17, 30, 0
4737, 22, 0, 17, 32, 0
4737, 22, 1, 17, 37, 0
4737, 22, 1, 17, 52, 0
4737, 22, 2, 17, 54, 0
4737, 22, 0, 17, 56, 0
4737, 22, 3, 17, 61, 0
4737, 22, 3, 17, 62, 0
4737, 22, 2, 18, 5, 0
4737, 22, 0, 18, 8, 0
4737, 22, 1, 18, 12, 0
4737, 22, 3, 18, 17, 0
4737, 22, 0, 18, 27, 0
4737, 22, 1, 18, 31, 0
4737, 22, 1, 18, 55, 0
4737, 22, 3, 18, 58, 0
4737, 22, 1, 18, 61, 0
4737, 22, 1, 18, 62, 0
4737, 22, 2, 19, 5, 0
4737, 22, 0, 19, 8, 0
4737, 22, 2, 19, 16, 0
4737, 22, 0, 19, 26, 0
4737, 22, 3, 19, 29, 0
4737, 22, 3, 19, 51, 0
4737, 22, 3, 19, 52, 0
4737, 22, 2, 19, 57, 0
4737, 22, 0, 19, 59, 0
4737, 22, 3, 20, 1, 0
4737, 22, 1, 20, 6, 0
4737, 22, 1, 20, 7, 0
4737, 22, 0, 20, 26, 0
4737, 22, 2, 20, 28, 0
4737, 22, 0, 20, 30, 0
4737, 22, 2, 20, 34, 0
4737, 22, 0, 20, 35, 0
4737, 22, 2, 20, 50, 0
4737, 22, 0, 20, 53, 0
4737, 22, 1, 20, 58, 0
4737, 22, 1, 21, 29, 0
4737, 22, 2, 21, 34, 0
4737, 22, 0, 21, 35, 0
4737, 22, 2, 21, 50, 0
4737, 22, 0, 21, 53, 0
4737, 22, 3, 21, 58, 0
4737, 22, 3, 22, 11, 0
4737, 22, 3, 22, 12, 0
4737, 22, 3, 22, 40, 0
4737, 22, 3, 22, 48, 0
4737, 22, 1, 22, 51, 0
4737, 22, 1, 22, 52, 0
4737, 22, 3, 22, 55, 0
4737, 22, 2, 22, 57, 0
4737, 22, 0, 22, 59, 0
4737, 22, 1, 23, 1, 0
4737, 22, 2, 23, 10, 0
4737, 22, 0, 23, 13, 0
4737, 22, 0, 23, 26, 0
4737, 22, 3, 23, 34, 0
4737, 22, 2, 23, 39, 0
4737, 22, 0, 23, 41, 0
4737, 22, 1, 23, 48, 0
4737, 22, 2, 23, 54, 0
4737, 22, 0, 23, 56, 0
4737, 22, 1, 23, 58, 0
4737, 22, 1, 24, 7, 0
4737, 22, 2, 24, 10, 0
4737, 22, 0, 24, 13, 0
4737, 22, 2, 24, 33, 0
4737, 22, 0, 24, 35, 0
4737, 22, 1, 24, 40, 0
4737, 22, 3, 24, 48, 0
4737, 22, 1, 24, 55, 0
4737, 22, 2, 25, 1, 0
4737, 22, 1, 25, 11, 0
4737, 22, 1, 25, 12, 0
4737, 22, 1, 25, 34, 0
4737, 22, 2, 25, 47, 0
4737, 22, 0, 25, 49, 0
4737, 22, 2, 26, 0, 0
4737, 22, 0, 26, 4, 0
4737, 22, 3, 26, 16, 0
4737, 22, 3, 26, 17, 0
4737, 22, 0, 26, 26, 0
4737, 22, 0, 26, 28, 0
4737, 22, 3, 26, 46, 0
4737, 22, 1, 26, 48, 0
4737, 22, 3, 26, 62, 0
4737, 22, 2, 27, 0, 0
4737, 22, 0, 27, 4, 0
4737, 22, 3, 27, 7, 0
4737, 22, 3, 27, 12, 0
4737, 22, 2, 27, 15, 0
4737, 22, 0, 27, 17, 0
4737, 22, 1, 27, 25, 0
4737, 22, 3, 27, 27, 0
4737, 22, 2, 27, 45, 0
4737, 22, 0, 27, 47, 0
4737, 22, 3, 27, 55, 0
4737, 22, 2, 27, 61, 0
4737, 22, 0, 27, 63, 0
4737, 22, 2, 28, 1, 0
4737, 22, 2, 28, 6, 0
4737, 22, 0, 28, 8, 0
4737, 22, 2, 28, 11, 0
4737, 22, 0, 28, 13, 0
4737, 22, 1, 28, 16, 0
4737, 22, 0, 28, 28, 0
4737, 22, 3, 28, 32, 0
4737, 22, 3, 28, 36, 0
4737, 22, 3, 28, 37, 0
4737, 22, 1, 28, 46, 0
4737, 22, 3, 28, 51, 0
4737, 22, 2, 28, 54, 0
4737, 22, 0, 28, 56, 0
4737, 22, 1, 28, 62, 0
4737, 22, 2, 29, 2, 0
4737, 22, 1, 29, 7, 0
4737, 22, 1, 29, 12, 0
4737, 22, 1, 29, 18, 0
4737, 22, 2, 29, 20, 0
4737, 22, 1, 29, 27, 0
4737, 22, 3, 29, 29, 0
4737, 22, 2, 29, 31, 0
4737, 22, 0, 29, 33, 0
4737, 22, 2, 29, 35, 0
4737, 22, 0, 29, 38, 0
4737, 22, 3, 29, 47, 0
4737, 22, 3, 29, 48, 0
4737, 22, 2, 29, 50, 0
4737, 22, 0, 29, 52, 0
4737, 22, 1, 29, 55, 0
4737, 22, 2, 30, 2, 0
4737, 22, 1, 30, 24, 0
4737, 22, 2, 30, 28, 0
4737, 22, 0, 30, 30, 0
4737, 22, 1, 30, 32, 0
4737, 22, 2, 30, 35, 0
4737, 22, 0, 30, 38, 0
4737, 22, 3, 30, 44, 0
4737, 22, 2, 30, 46, 0
4737, 22, 0, 30, 49, 0
4737, 22, 1, 30, 51, 0
4737, 22, 3, 30, 54, 0
4737, 22, 3, 31, 0, 0
4737, 22, 0, 31, 4, 0
4737, 22, 3, 31, 9, 0
4737, 22, 3, 31, 10, 0
4737, 22, 3, 31, 17, 0
4737, 22, 3, 31, 18, 0
4737, 22, 1, 31, 29, 0
4737, 22, 1, 31, 36, 0
4737, 22, 1, 31, 37, 0
4737, 22, 2, 31, 43, 0
4737, 22, 0, 31, 45, 0
4737, 22, 2, 31, 46, 0
4737, 22, 0, 31, 49, 0
4737, 22, 2, 31, 53, 0
4737, 22, 0, 31, 55, 0
4737, 22, 3, 31, 59, 0
4737, 22, 3, 31, 60, 0
4737, 22, 0, 32, 1, 0
4737, 22, 0, 32, 4, 0
4737, 22, 0, 32, 5, 0
4737, 22, 2, 32, 8, 0
4737, 22, 0, 32, 11, 0
4737, 22, 0, 32, 19, 0
4737, 22, 1, 32, 44, 0
4737, 22, 1, 32, 47, 0
4737, 22, 1, 32, 48, 0
4737, 22, 1, 32, 54, 0
4737, 22, 2, 32, 58, 0
4737, 22, 0, 32, 61, 0
4737, 22, 1, 33, 0, 0
4737, 22, 0, 33, 4, 0
4737, 22, 2, 33, 8, 0
4737, 22, 0, 33, 11, 0
4737, 22, 2, 33, 16, 0
4737, 22, 0, 33, 19, 0
4737, 22, 3, 33, 29, 0
4737, 22, 3, 33, 30, 0
4737, 22, 3, 33, 51, 0
4737, 22, 3, 33, 52, 0
4737, 22, 2, 33, 58, 0
4737, 22, 0, 33, 61, 0
4737, 22, 2, 34, 2, 0
4737, 22, 0, 34, 4, 0
4737, 22, 1, 34, 9, 0
4737, 22, 1, 34, 10, 0
4737, 22, 1, 34, 17, 0
4737, 22, 1, 34, 18, 0
4737, 22, 2, 34, 28, 0
4737, 22, 0, 34, 31, 0
4737, 22, 0, 34, 36, 0
4737, 22, 3, 34, 42, 0
4737, 22, 3, 34, 43, 0
4737, 22, 3, 34, 47, 0
4737, 22, 3, 34, 48, 0
4737, 22, 1, 34, 51, 0
4737, 22, 1, 34, 52, 0
4737, 22, 1, 34, 59, 0
4737, 22, 1, 34, 60, 0
4737, 22, 2, 35, 1, 0
4737, 22, 3, 35, 12, 0
4737, 22, 3, 35, 21, 0
4737, 22, 2, 35, 28, 0
4737, 22, 0, 35, 31, 0
4737, 22, 2, 35, 33, 0
4737, 22, 0, 35, 34, 0
4737, 22, 1, 35, 35, 0
4737, 22, 2, 35, 41, 0
4737, 22, 0, 35, 44, 0
4737, 22, 2, 35, 46, 0
4737, 22, 0, 35, 49, 0
4737, 22, 2, 36, 1, 0
4737, 22, 3, 36, 6, 0
4737, 22, 3, 36, 9, 0
4737, 22, 2, 36, 11, 0
4737, 22, 0, 36, 13, 0
4737, 22, 2, 36, 20, 0
4737, 22, 0, 36, 22, 0
4737, 22, 2, 36, 23, 0
4737, 22, 1, 36, 29, 0
4737, 22, 1, 36, 30, 0
4737, 22, 2, 36, 41, 0
4737, 22, 0, 36, 44, 0
4737, 22, 2, 36, 46, 0
4737, 22, 0, 36, 49, 0
4737, 22, 3, 36, 52, 0
4737, 22, 3, 36, 53, 0
4737, 22, 3, 36, 62, 0
4737, 22, 2, 37, 2, 0
4737, 22, 2, 37, 5, 0
4737, 22, 0, 37, 7, 0
4737, 22, 2, 37, 8, 0
4737, 22, 0, 37, 10, 0
4737, 22, 1, 37, 12, 0
4737, 22, 1, 37, 21, 0
4737, 22, 0, 37, 27, 0
4737, 22, 3, 37, 38, 0
4737, 22, 1, 37, 42, 0
4737, 22, 1, 37, 43, 0
4737, 22, 1, 37, 47, 0
4737, 22, 1, 37, 48, 0
4737, 22, 2, 37, 51, 0
4737, 22, 0, 37, 54, 0
4737, 22, 3, 37, 59, 0
4737, 22, 2, 37, 61, 0
4737, 22, 0, 37, 63, 0
4737, 22, 0, 38, 4, 0
4737, 22, 1, 38, 6, 0
4737, 22, 1, 38, 9, 0
4737, 22, 3, 38, 31, 0
4737, 22, 2, 38, 32, 0
4737, 22, 2, 38, 37, 0
4737, 22, 0, 38, 39, 0
4737, 22, 2, 38, 51, 0
4737, 22, 0, 38, 54, 0
4737, 22, 2, 38, 58, 0
4737, 22, 0, 38, 60, 0
4737, 22, 1, 38, 62, 0
4737, 22, 3, 39, 11, 0
4737, 22, 2, 39, 14, 0
4737, 22, 0, 39, 15, 0
4737, 22, 3, 39, 18, 0
4737, 22, 3, 39, 19, 0
4737, 22, 2, 39, 23, 0
4737, 22, 1, 39, 38, 0
4737, 22, 2, 39, 40, 0
4737, 22, 0, 39, 41, 0
4737, 22, 1, 39, 52, 0
4737, 22, 1, 39, 53, 0
4737, 22, 1, 39, 59, 0
4737, 22, 2, 40, 0, 0
4737, 22, 0, 40, 1, 0
4737, 22, 3, 40, 7, 0
4737, 22, 3, 40, 8, 0
4737, 22, 2, 40, 10, 0
4737, 22, 0, 40, 12, 0
4737, 22, 2, 40, 14, 0
4737, 22, 0, 40, 15, 0
4737, 22, 2, 40, 17, 0
4737, 22, 0, 40, 20, 0
4737, 22, 2, 40, 23, 0
4737, 22, 0, 40, 25, 0
4737, 22, 2, 40, 29, 0
4737, 22, 3, 40, 36, 0
4737, 22, 3, 40, 57, 0
4737, 22, 3, 41, 4, 0
4737, 22, 2, 41, 6, 0
4737, 22, 0, 41, 9, 0
4737, 22, 1, 41, 11, 0
4737, 22, 2, 41, 17, 0
4737, 22, 0, 41, 20, 0
4737, 22, 1, 41, 24, 0
4737, 22, 1, 41, 30, 0
4737, 22, 2, 41, 35, 0
4737, 22, 0, 41, 37, 0
4737, 22, 3, 41, 53, 0
4737, 22, 1, 41, 57, 0
4737, 22, 2, 42, 3, 0
4737, 22, 0, 42, 5, 0
4737, 22, 2, 42, 6, 0
4737, 22, 0, 42, 9, 0
4737, 22, 1, 42, 18, 0
4737, 22, 1, 42, 19, 0
4737, 22, 3, 42, 25, 0
4737, 22, 1, 42, 36, 0
4737, 22, 3, 42, 42, 0
4737, 22, 3, 42, 43, 0
4737, 22, 2, 42, 52, 0
4737, 22, 0, 42, 54, 0
4737, 22, 1, 43, 4, 0
4737, 22, 1, 43, 7, 0
4737, 22, 1, 43, 8, 0
4737, 22, 2, 43, 10, 0
4737, 22, 0, 43, 11, 0
4737, 22, 3, 43, 13, 0
4737, 22, 3, 43, 21, 0
4737, 22, 2, 43, 24, 0
4737, 22, 0, 43, 26, 0
4737, 22, 3, 43, 27, 0
4737, 22, 2, 43, 41, 0
4737, 22, 0, 43, 44, 0
4737, 22, 1, 43, 53, 0
4737, 22, 0, 44, 2, 0
4737, 22, 2, 44, 12, 0
4737, 22, 0, 44, 14, 0
4737, 22, 3, 44, 16, 0
4737, 22, 3, 44, 17, 0
4737, 22, 2, 44, 20, 0
4737, 22, 0, 44, 22, 0
4737, 22, 2, 44, 24, 0
4737, 22, 0, 44, 26, 0
4737, 22, 2, 44, 41, 0
4737, 22, 0, 44, 44, 0
4737, 22, 0, 45, 3, 0
4737, 22, 3, 45, 9, 0
4737, 22, 1, 45, 13, 0
4737, 22, 2, 45, 15, 0
4737, 22, 0, 45, 18, 0
4737, 22, 1, 45, 21, 0
4737, 22, 1, 45, 25, 0
4737, 22, 1, 45, 27, 0
4737, 22, 0, 45, 28, 0
4737, 22, 1, 45, 30, 0
4737, 22, 0, 45, 34, 0
4737, 22, 1, 45, 42, 0
4737, 22, 1, 45, 43, 0
4737, 22, 0, 46, 2, 0
4737, 22, 3, 46, 6, 0
4737, 22, 2, 46, 8, 0
4737, 22, 0, 46, 10, 0
4737, 22, 3, 46, 12, 0
4737, 22, 3, 46, 13, 0
4737, 22, 3, 46, 14, 0
4737, 22, 1, 46, 16, 0
4737, 22, 1, 46, 17, 0
4737, 22, 0, 46, 35, 0
4737, 22, 3, 46, 42, 0
4737, 22, 3, 46, 45, 0
4737, 22, 3, 46, 46, 0
4737, 22, 0, 47, 2, 0
4737, 22, 2, 47, 5, 0
4737, 22, 0, 47, 7, 0
4737, 22, 1, 47, 9, 0
4737, 22, 2, 47, 11, 0
4737, 22, 0, 47, 15, 0
4737, 22, 3, 47, 20, 0
4737, 22, 3, 47, 29, 0
4737, 22, 3, 47, 30, 0
4737, 22, 2, 47, 41, 0
4737, 22, 0, 47, 43, 0
4737, 22, 2, 47, 44, 0
4737, 22, 0, 48, 2, 0
4737, 22, 1, 48, 6, 0
4737, 22, 3, 48, 9, 0
4737, 22, 2, 48, 11, 0
4737, 22, 2, 48, 19, 0
4737, 22, 0, 48, 21, 0
4737, 22, 3, 48, 23, 0
4737, 22, 2, 48, 25, 0
4737, 22, 0, 48, 26, 0
4737, 22, 2, 48, 28, 0
4737, 22, 0, 48, 31, 0
4737, 22, 0, 48, 35, 0
4737, 22, 1, 48, 42, 0
4737, 22, 1, 48, 45, 0
4737, 22, 3, 48, 60, 0
4737, 22, 0, 49, 3, 0
4737, 22, 1, 49, 9, 0
4737, 22, 2, 49, 11, 0
4737, 22, 1, 49, 20, 0
4737, 22, 1, 49, 23, 0
4737, 22, 2, 49, 28, 0
4737, 22, 0, 49, 31, 0
4737, 22, 3, 49, 43, 0
4737, 22, 2, 49, 59, 0
4737, 22, 0, 49, 61, 0
4737, 22, 0, 50, 2, 0
4737, 22, 3, 50, 6, 0
4737, 22, 3, 50, 7, 0
4737, 22, 3, 50, 10, 0
4737, 22, 1, 50, 12, 0
4737, 22, 3, 50, 17, 0
4737, 22, 3, 50, 18, 0
4737, 22, 1, 50, 29, 0
4737, 22, 1, 50, 30, 0
4737, 22, 1, 50, 43, 0
4737, 22, 2, 50, 53, 0
4737, 22, 1, 50, 57, 0
4737, 22, 1, 50, 60, 0
4737, 22, 2, 51, 5, 0
4737, 22, 0, 51, 8, 0
4737, 22, 2, 51, 9, 0
4737, 22, 0, 51, 11, 0
4737, 22, 3, 51, 16, 0
4737, 22, 3, 51, 17, 0
4737, 22, 3, 51, 18, 0
4737, 22, 3, 51, 19, 0
4737, 22, 2, 51, 26, 0
4737, 22, 0, 51, 27, 0
4737, 22, 0, 51, 36, 0
4737, 22, 1, 51, 54, 0
4737, 22, 1, 51, 55, 0
4737, 22, 1, 51, 56, 0
4737, 22, 2, 52, 5, 0
4737, 22, 0, 52, 8, 0
4737, 22, 1, 52, 10, 0
4737, 22, 0, 52, 37, 0
4737, 22, 2, 52, 38, 0
4737, 22, 0, 52, 39, 0
4737, 22, 3, 52, 52, 0
4737, 22, 1, 53, 6, 0
4737, 22, 1, 53, 7, 0
4737, 22, 2, 53, 14, 0
4737, 22, 0, 53, 21, 0
4737, 22, 3, 53, 26, 0
4737, 22, 2, 53, 38, 0
4737, 22, 0, 53, 39, 0
4737, 22, 0, 53, 43, 0
4737, 22, 0, 53, 53, 0
4737, 22, 0, 54, 3, 0
4737, 22, 3, 54, 10, 0
4737, 22, 2, 54, 13, 0
4737, 22, 2, 54, 14, 0
4737, 22, 0, 54, 21, 0
4737, 22, 0, 54, 22, 0
4737, 22, 2, 54, 25, 0
4737, 22, 0, 54, 27, 0
4737, 22, 2, 54, 33, 0
4737, 22, 0, 54, 37, 0
4737, 22, 2, 54, 38, 0
4737, 22, 0, 54, 39, 0
4737, 22, 2, 54, 49, 0
4737, 22, 0, 54, 53, 0
4737, 22, 3, 54, 58, 0
4737, 22, 0, 55, 4, 0
4737, 22, 2, 55, 9, 0
4737, 22, 0, 55, 11, 0
4737, 22, 2, 55, 13, 0
4737, 22, 2, 55, 14, 0
4737, 22, 0, 55, 21, 0
4737, 22, 0, 55, 22, 0
4737, 22, 1, 55, 26, 0
4737, 22, 3, 55, 29, 0
4737, 22, 2, 55, 31, 0
4737, 22, 0, 55, 32, 0
4737, 22, 1, 55, 51, 0
4737, 22, 1, 55, 52, 0
4737, 22, 2, 55, 57, 0
4737, 22, 0, 55, 59, 0
4737, 22, 0, 56, 4, 0
4737, 22, 3, 56, 7, 0
4737, 22, 1, 56, 10, 0
4737, 22, 2, 56, 14, 0
4737, 22, 0, 56, 21, 0
4737, 22, 2, 56, 28, 0
4737, 22, 0, 56, 30, 0
4737, 22, 1, 56, 58, 0
4737, 22, 0, 57, 3, 0
4737, 22, 2, 57, 6, 0
4737, 22, 0, 57, 8, 0
4737, 22, 3, 57, 25, 0
4737, 22, 1, 57, 29, 0
4737, 22, 2, 57, 33, 0
4737, 22, 3, 57, 42, 0
4737, 22, 0, 57, 50, 0
4737, 22, 1, 58, 7, 0
4737, 22, 3, 58, 10, 0
4737, 22, 3, 58, 11, 0
4737, 22, 1, 58, 16, 0
4737, 22, 1, 58, 17, 0
4737, 22, 1, 58, 18, 0
4737, 22, 1, 58, 19, 0
4737, 22, 2, 58, 24, 0
4737, 22, 0, 58, 26, 0
4737, 22, 2, 58, 32, 0
4737, 22, 2, 58, 41, 0
4737, 22, 0, 58, 43, 0
4737, 22, 3, 58, 57, 0
4737, 22, 3, 58, 58, 0
4737, 22, 2, 59, 9, 0
4737, 22, 0, 59, 12, 0
4737, 22, 1, 59, 17, 0
4737, 22, 1, 59, 18, 0
4737, 22, 1, 59, 25, 0
4737, 22, 2, 59, 32, 0
4737, 22, 0, 59, 37, 0
4737, 22, 2, 59, 41, 0
4737, 22, 0, 59, 43, 0
4737, 22, 3, 59, 52, 0
4737, 22, 2, 59, 56, 0
4737, 22, 0, 59, 59, 0
4737, 22, 0, 60, 0, 0
4737, 22, 0, 60, 4, 0
4737, 22, 2, 60, 9, 0
4737, 22, 0, 60, 12, 0
4737, 22, 3, 60, 22, 0
4737, 22, 2, 60, 33, 0
4737, 22, 0, 60, 37, 0
4737, 22, 0, 60, 38, 0
4737, 22, 1, 60, 42, 0
4737, 22, 2, 60, 51, 0
4737, 22, 0, 60, 53, 0
4737, 22, 2, 60, 56, 0
4737, 22, 0, 60, 59, 0
4737, 22, 3, 60, 62, 0
4737, 22, 0, 61, 0, 0
4737, 22, 0, 61, 1, 0
4737, 22, 0, 61, 5, 0
4737, 22, 1, 61, 10, 0
4737, 22, 1, 61, 11, 0
4737, 22, 3, 61, 14, 0
4737, 22, 3, 61, 18, 0
4737, 22, 2, 61, 21, 0
4737, 22, 0, 61, 23, 0
4737, 22, 2, 61, 26, 0
4737, 22, 0, 61, 29, 0
4737, 22, 3, 61, 43, 0
4737, 22, 1, 61, 52, 0
4737, 22, 1, 61, 57, 0
4737, 22, 1, 61, 58, 0
4737, 22, 2, 61, 61, 0
4737, 22, 0, 61, 63, 0
4737, 22, 0, 62, 0, 0
4737, 22, 0, 62, 4, 0
4737, 22, 2, 62, 13, 0
4737, 22, 0, 62, 15, 0
4737, 22, 2, 62, 17, 0
4737, 22, 0, 62, 19, 0
4737, 22, 2, 62, 21, 0
4737, 22, 0, 62, 23, 0
4737, 22, 2, 62, 26, 0
4737, 22, 0, 62, 29, 0
4737, 22, 0, 62, 37, 0
4737, 22, 2, 62, 42, 0
4737, 22, 0, 62, 44, 0
4737, 22, 0, 62, 49, 0
4737, 22, 1, 62, 62, 0
4737, 22, 1, 63, 14, 0
4737, 22, 1, 63, 18, 0
4737, 22, 1, 63, 22, 0
4737, 22, 1, 63, 27, 0
4737, 22, 1, 63, 28, 0
4737, 22, 1, 63, 43, 0
4737, 22, 0, 63, 48, 0
4738, 22, 1, 0, 57, 0
4738, 22, 3, 1, 7, 0
4738, 22, 0, 2, 26, 0
4738, 22, 1, 2, 27, 0
4738, 22, 1, 2, 28, 0
4738, 22, 1, 2, 34, 0
4738, 22, 2, 2, 35, 0
4738, 22, 1, 2, 49, 0
4738, 22, 1, 2, 63, 0
4738, 22, 2, 3, 18, 0
4738, 22, 2, 3, 22, 0
4738, 22, 0, 3, 63, 0
4738, 22, 2, 7, 21, 0
4738, 22, 3, 7, 26, 0
4738, 22, 1, 7, 44, 0
4738, 22, 3, 7, 45, 0
4738, 22, 2, 7, 51, 0
4738, 22, 2, 7, 55, 0
4738, 22, 2, 8, 3, 0
4738, 22, 3, 8, 8, 0
4738, 22, 2, 8, 39, 0
4738, 22, 2, 8, 44, 0
4738, 22, 0, 8, 45, 0
4738, 22, 1, 9, 3, 0
4738, 22, 3, 10, 24, 0
4738, 22, 0, 11, 12, 0
4738, 22, 2, 11, 36, 0
4738, 22, 3, 11, 37, 0
4738, 22, 3, 12, 5, 0
4738, 22, 0, 12, 8, 0
4738, 22, 3, 12, 16, 0
4738, 22, 2, 12, 31, 0
4738, 22, 1, 12, 36, 0
4738, 22, 0, 12, 37, 0
4738, 22, 3, 12, 53, 0
4738, 22, 3, 13, 21, 0
4738, 22, 1, 13, 41, 0
4738, 22, 0, 13, 42, 0
4738, 22, 2, 14, 41, 0
4738, 22, 3, 14, 42, 0
4738, 22, 3, 15, 17, 0
4738, 22, 2, 16, 0, 0
4738, 22, 0, 16, 4, 0
4738, 22, 3, 16, 37, 0
4738, 22, 0, 17, 12, 0
4738, 22, 3, 17, 20, 0
4738, 22, 0, 17, 31, 0
4738, 22, 3, 17, 55, 0
4738, 22, 2, 18, 6, 0
4738, 22, 0, 18, 7, 0
4738, 22, 1, 18, 18, 0
4738, 22, 2, 18, 19, 0
4738, 22, 3, 18, 25, 0
4738, 22, 0, 18, 26, 0
4738, 22, 3, 19, 6, 0
4738, 22, 3, 19, 7, 0
4738, 22, 3, 19, 17, 0
4738, 22, 0, 19, 18, 0
4738, 22, 2, 19, 24, 0
4738, 22, 2, 19, 25, 0
4738, 22, 3, 19, 58, 0
4738, 22, 1, 20, 16, 0
4738, 22, 3, 20, 17, 0
4738, 22, 1, 20, 25, 0
4738, 22, 0, 20, 29, 0
4738, 22, 0, 20, 51, 0
4738, 22, 3, 20, 52, 0
4738, 22, 2, 21, 26, 0
4738, 22, 1, 21, 51, 0
4738, 22, 1, 21, 52, 0
4738, 22, 0, 22, 26, 0
4738, 22, 3, 22, 58, 0
4738, 22, 0, 23, 11, 0
4738, 22, 3, 23, 12, 0
4738, 22, 3, 23, 40, 0
4738, 22, 3, 23, 55, 0
4738, 22, 0, 24, 11, 0
4738, 22, 2, 24, 12, 0
4738, 22, 3, 24, 26, 0
4738, 22, 3, 24, 34, 0
4738, 22, 2, 25, 2, 0
4738, 22, 1, 25, 26, 0
4738, 22, 3, 25, 48, 0
4738, 22, 1, 26, 1, 0
4738, 22, 1, 26, 2, 0
4738, 22, 2, 26, 25, 0
4738, 22, 0, 26, 27, 0
4738, 22, 3, 26, 47, 0
4738, 22, 0, 27, 1, 0
4738, 22, 0, 27, 2, 0
4738, 22, 3, 27, 16, 0
4738, 22, 0, 27, 18, 0
4738, 22, 3, 27, 24, 0
4738, 22, 1, 27, 26, 0
4738, 22, 3, 27, 46, 0
4738, 22, 1, 27, 62, 0
4738, 22, 2, 28, 2, 0
4738, 22, 3, 28, 7, 0
4738, 22, 3, 28, 12, 0
4738, 22, 3, 28, 18, 0
4738, 22, 1, 28, 19, 0
4738, 22, 1, 28, 24, 0
4738, 22, 0, 28, 25, 0
4738, 22, 2, 28, 26, 0
4738, 22, 2, 28, 27, 0
4738, 22, 3, 28, 55, 0
4738, 22, 3, 29, 23, 0
4738, 22, 0, 29, 24, 0
4738, 22, 1, 29, 25, 0
4738, 22, 1, 29, 28, 0
4738, 22, 3, 29, 32, 0
4738, 22, 1, 29, 36, 0
4738, 22, 2, 29, 37, 0
4738, 22, 3, 29, 51, 0
4738, 22, 3, 30, 29, 0
4738, 22, 0, 30, 36, 0
4738, 22, 3, 30, 37, 0
4738, 22, 0, 30, 47, 0
4738, 22, 0, 30, 48, 0
4738, 22, 3, 31, 44, 0
4738, 22, 2, 31, 47, 0
4738, 22, 3, 31, 48, 0
4738, 22, 0, 31, 54, 0
4738, 22, 2, 32, 0, 0
4738, 22, 0, 32, 9, 0
4738, 22, 1, 32, 10, 0
4738, 22, 2, 32, 17, 0
4738, 22, 3, 32, 18, 0
4738, 22, 2, 32, 59, 0
4738, 22, 1, 32, 60, 0
4738, 22, 2, 33, 9, 0
4738, 22, 3, 33, 10, 0
4738, 22, 1, 33, 17, 0
4738, 22, 0, 33, 18, 0
4738, 22, 3, 33, 59, 0
4738, 22, 0, 33, 60, 0
4738, 22, 2, 34, 29, 0
4738, 22, 1, 34, 30, 0
4738, 22, 0, 34, 35, 0
4738, 22, 1, 35, 2, 0
4738, 22, 3, 35, 29, 0
4738, 22, 0, 35, 30, 0
4738, 22, 3, 35, 42, 0
4738, 22, 2, 35, 43, 0
4738, 22, 3, 35, 47, 0
4738, 22, 0, 35, 48, 0
4738, 22, 1, 36, 2, 0
4738, 22, 2, 36, 12, 0
4738, 22, 3, 36, 21, 0
4738, 22, 0, 36, 42, 0
4738, 22, 1, 36, 43, 0
4738, 22, 2, 36, 47, 0
4738, 22, 1, 36, 48, 0
4738, 22, 3, 37, 6, 0
4738, 22, 3, 37, 9, 0
4738, 22, 1, 37, 52, 0
4738, 22, 2, 37, 53, 0
4738, 22, 3, 37, 62, 0
4738, 22, 3, 38, 38, 0
4738, 22, 0, 38, 52, 0
4738, 22, 3, 38, 53, 0
4738, 22, 3, 38, 59, 0
4738, 22, 0, 39, 24, 0
4738, 22, 3, 39, 30, 0
4738, 22, 1, 39, 31, 0
4738, 22, 3, 40, 11, 0
4738, 22, 0, 40, 18, 0
4738, 22, 1, 40, 19, 0
4738, 22, 3, 40, 24, 0
4738, 22, 3, 40, 30, 0
4738, 22, 0, 40, 31, 0
4738, 22, 3, 41, 7, 0
4738, 22, 0, 41, 8, 0
4738, 22, 3, 41, 18, 0
4738, 22, 2, 41, 19, 0
4738, 22, 1, 41, 36, 0
4738, 22, 3, 42, 4, 0
4738, 22, 2, 42, 7, 0
4738, 22, 1, 42, 8, 0
4738, 22, 0, 42, 53, 0
4738, 22, 2, 43, 25, 0
4738, 22, 3, 43, 42, 0
4738, 22, 2, 43, 43, 0
4738, 22, 2, 44, 13, 0
4738, 22, 2, 44, 21, 0
4738, 22, 3, 44, 25, 0
4738, 22, 3, 44, 27, 0
4738, 22, 0, 44, 42, 0
4738, 22, 1, 44, 43, 0
4738, 22, 2, 45, 2, 0
4738, 22, 2, 45, 16, 0
4738, 22, 3, 45, 17, 0
4738, 22, 2, 46, 9, 0
4738, 22, 0, 46, 34, 0
4738, 22, 2, 47, 6, 0
4738, 22, 3, 47, 12, 0
4738, 22, 1, 47, 13, 0
4738, 22, 0, 47, 14, 0
4738, 22, 1, 47, 34, 0
4738, 22, 3, 47, 42, 0
4738, 22, 2, 47, 45, 0
4738, 22, 3, 47, 46, 0
4738, 22, 2, 48, 12, 0
4738, 22, 2, 48, 13, 0
4738, 22, 3, 48, 14, 0
4738, 22, 3, 48, 20, 0
4738, 22, 3, 48, 29, 0
4738, 22, 0, 48, 30, 0
4738, 22, 0, 49, 2, 0
4738, 22, 1, 49, 12, 0
4738, 22, 3, 49, 13, 0
4738, 22, 2, 49, 29, 0
4738, 22, 1, 49, 30, 0
4738, 22, 2, 49, 35, 0
4738, 22, 2, 49, 54, 0
4738, 22, 3, 49, 55, 0
4738, 22, 0, 49, 56, 0
4738, 22, 1, 49, 60, 0
4738, 22, 3, 50, 35, 0
4738, 22, 2, 50, 54, 0
4738, 22, 1, 50, 55, 0
4738, 22, 3, 50, 56, 0
4738, 22, 2, 51, 6, 0
4738, 22, 1, 51, 7, 0
4738, 22, 0, 51, 10, 0
4738, 22, 0, 52, 6, 0
4738, 22, 1, 52, 7, 0
4738, 22, 1, 52, 15, 0
4738, 22, 1, 52, 16, 0
4738, 22, 2, 52, 17, 0
4738, 22, 3, 52, 18, 0
4738, 22, 1, 52, 19, 0
4738, 22, 3, 52, 20, 0
4738, 22, 0, 52, 36, 0
4738, 22, 2, 53, 15, 0
4738, 22, 3, 53, 16, 0
4738, 22, 2, 53, 17, 0
4738, 22, 2, 53, 18, 0
4738, 22, 3, 53, 19, 0
4738, 22, 0, 53, 20, 0
4738, 22, 0, 53, 51, 0
4738, 22, 1, 53, 52, 0
4738, 22, 2, 54, 15, 0
4738, 22, 3, 54, 16, 0
4738, 22, 1, 54, 17, 0
4738, 22, 2, 54, 18, 0
4738, 22, 3, 54, 19, 0
4738, 22, 1, 54, 20, 0
4738, 22, 2, 54, 26, 0
4738, 22, 2, 54, 50, 0
4738, 22, 3, 54, 51, 0
4738, 22, 3, 54, 52, 0
4738, 22, 3, 55, 3, 0
4738, 22, 3, 55, 10, 0
4738, 22, 0, 55, 15, 0
4738, 22, 2, 55, 16, 0
4738, 22, 1, 55, 17, 0
4738, 22, 3, 55, 18, 0
4738, 22, 3, 55, 19, 0
4738, 22, 2, 55, 20, 0
4738, 22, 3, 55, 58, 0
4738, 22, 3, 56, 3, 0
4738, 22, 3, 56, 15, 0
4738, 22, 2, 56, 16, 0
4738, 22, 0, 56, 17, 0
4738, 22, 1, 56, 18, 0
4738, 22, 0, 56, 19, 0
4738, 22, 2, 56, 20, 0
4738, 22, 3, 56, 29, 0
4738, 22, 2, 56, 37, 0
4738, 22, 3, 57, 7, 0
4738, 22, 2, 57, 15, 0
4738, 22, 0, 57, 16, 0
4738, 22, 0, 57, 17, 0
4738, 22, 1, 57, 18, 0
4738, 22, 1, 57, 19, 0
4738, 22, 3, 57, 20, 0
4738, 22, 1, 57, 37, 0
4738, 22, 1, 58, 25, 0
4738, 22, 3, 58, 33, 0
4738, 22, 0, 58, 42, 0
4738, 22, 0, 59, 10, 0
4738, 22, 1, 59, 11, 0
4738, 22, 2, 59, 33, 0
4738, 22, 0, 59, 42, 0
4738, 22, 3, 59, 57, 0
4738, 22, 0, 59, 58, 0
4738, 22, 1, 60, 10, 0
4738, 22, 3, 60, 11, 0
4738, 22, 3, 60, 52, 0
4738, 22, 3, 60, 57, 0
4738, 22, 1, 60, 58, 0
4738, 22, 2, 61, 4, 0
4738, 22, 1, 61, 22, 0
4738, 22, 2, 61, 27, 0
4738, 22, 2, 61, 28, 0
4738, 22, 1, 61, 37, 0
4738, 22, 2, 61, 38, 0
4738, 22, 3, 61, 62, 0
4738, 22, 3, 62, 14, 0
4738, 22, 1, 62, 18, 0
4738, 22, 1, 62, 22, 0
4738, 22, 0, 62, 27, 0
4738, 22, 0, 62, 28, 0
4738, 22, 3, 62, 43, 0
4738, 22, 0, 62, 48, 0
4739, 22, 3, 1, 3, 0
4739, 22, 3, 4, 3, 0
4739, 22, 1, 5, 0, 0
4739, 22, 1, 12, 0, 0
4739, 22, 3, 13, 3, 0
4739, 22, 1, 14, 1, 0
4739, 22, 1, 18, 1, 0
4739, 22, 3, 18, 3, 0
4739, 22, 3, 25, 3, 0
4739, 22, 3, 28, 3, 0
4739, 22, 3, 36, 3, 0
4739, 22, 3, 38, 3, 0
4739, 22, 3, 43, 1, 0
4739, 22, 3, 51, 1, 0
4739, 22, 3, 53, 2, 0
4739, 22, 3, 57, 2, 0
4739, 22, 3, 59, 3, 0
4739, 22, 3, 63, 3, 0
4740, 22, 3, 2, 3, 0
4740, 22, 1, 6, 0, 0
4740, 22, 1, 8, 0, 0
4740, 22, 1, 11, 0, 0
4740, 22, 1, 15, 1, 0
4740, 22, 3, 15, 3, 0
4740, 22, 1, 17, 1, 0
4740, 22, 3, 17, 3, 0
4740, 22, 3, 26, 3, 0
4740, 22, 3, 30, 3, 0
4740, 22, 3, 33, 3, 0
4740, 22, 3, 34, 3, 0
4740, 22, 3, 35, 3, 0
4740, 22, 3, 37, 3, 0
4740, 22, 3, 39, 3, 0
4740, 22, 3, 44, 1, 0
4740, 22, 3, 46, 1, 0
4740, 22, 3, 48, 1, 0
4740, 22, 3, 50, 1, 0
4740, 22, 3, 54, 2, 0
4740, 22, 3, 56, 2, 0
4740, 22, 3, 60, 3, 0
4740, 22, 3, 61, 3, 0
4740, 22, 3, 62, 3, 0
4741, 22, 3, 3, 3, 0
4741, 22, 1, 7, 0, 0
4741, 22, 1, 9, 0, 0
4741, 22, 1, 10, 0, 0
4741, 22, 3, 14, 3, 0
4741, 22, 1, 16, 1, 0
4741, 22, 3, 16, 3, 0
4741, 22, 3, 27, 3, 0
4741, 22, 3, 29, 3, 0
4741, 22, 3, 31, 3, 0
4741, 22, 3, 32, 3, 0
4741, 22, 3, 40, 3, 0
4741, 22, 3, 45, 1, 0
4741, 22, 3, 47, 1, 0
4741, 22, 3, 49, 1, 0
4741, 22, 3, 55, 2, 0
4742, 22, 1, 2, 1, 0
5533, 22, 2, 5, 60, 0
5533, 22, 2, 5, 62, 0
5533, 22, 3, 6, 2, 0
5533, 22, 1, 6, 56, 0
5533, 22, 3, 8, 2, 0
5533, 22, 1, 9, 56, 0
5533, 22, 3, 9, 63, 0
5533, 22, 0, 10, 58, 0
5533, 22, 0, 10, 62, 0
5533, 22, 3, 11, 2, 0
5534, 22, 1, 3, 1, 0
5534, 22, 2, 5, 57, 0
5534, 22, 2, 5, 59, 0
5534, 22, 2, 5, 61, 0
5534, 22, 3, 6, 63, 0
5534, 22, 3, 7, 2, 0
5534, 22, 1, 7, 56, 0
5534, 22, 3, 7, 63, 0
5534, 22, 1, 8, 56, 0
5534, 22, 3, 8, 63, 0
5534, 22, 3, 9, 2, 0
5534, 22, 3, 10, 2, 0
5534, 22, 0, 10, 57, 0
5534, 22, 0, 10, 59, 0
5534, 22, 0, 10, 60, 0
5534, 22, 0, 10, 61, 0
5536, 22, 3, 51, 15, 0
5566, 0, 1, 40, 34, 0
5566, 0, 1, 49, 34, 0
5567, 0, 1, 31, 42, 0
5567, 0, 1, 38, 35, 0
5567, 0, 1, 45, 33, 0
5567, 0, 1, 58, 36, 0
5567, 0, 1, 62, 36, 0
5568, 0, 2, 36, 37, 0
5568, 0, 1, 42, 33, 0
5568, 0, 1, 55, 36, 0
5568, 0, 1, 60, 36, 0
5615, 10, 0, 21, 24, 0
5615, 10, 0, 24, 24, 0
6138, 9, 3, 63, 48, 0
6138, 0, 0, 63, 49, 0
6138, 0, 0, 63, 50, 0
6138, 9, 0, 63, 51, 0
9587, 0, 2, 5, 57, 0
9587, 0, 2, 5, 59, 0
9587, 0, 2, 5, 61, 0
9587, 0, 2, 5, 62, 0
9587, 0, 1, 6, 60, 0
9587, 0, 1, 7, 56, 0
9587, 0, 1, 7, 60, 0
9587, 0, 3, 7, 63, 0
9587, 0, 1, 8, 56, 0
9587, 0, 1, 9, 60, 0
9587, 0, 3, 9, 63, 0
9587, 0, 0, 10, 58, 0
9587, 0, 0, 10, 59, 0
9587, 0, 0, 10, 61, 0
9587, 0, 0, 10, 62, 0
9587, 0, 2, 63, 57, 0
9587, 0, 2, 63, 59, 0
9587, 0, 2, 63, 60, 0
9587, 0, 2, 63, 62, 0
9588, 0, 2, 5, 60, 0
9588, 0, 1, 6, 56, 0
9588, 0, 3, 6, 63, 0
9588, 0, 3, 8, 63, 0
9588, 0, 1, 9, 56, 0
9588, 0, 0, 10, 57, 0
9588, 0, 0, 10, 60, 0
9588, 0, 2, 63, 58, 0
9588, 0, 2, 63, 61, 0
9590, 18, 2, 5, 57, 1
9590, 18, 2, 5, 58, 1
9590, 18, 2, 5, 59, 1
9590, 18, 2, 5, 60, 1
9590, 18, 2, 5, 61, 1
9590, 18, 2, 5, 62, 1
9590, 18, 0, 10, 57, 1
9590, 18, 0, 10, 58, 1
9590, 18, 0, 10, 59, 1
9590, 18, 0, 10, 60, 1
9590, 18, 0, 10, 61, 1
9590, 18, 0, 10, 62, 1
9591, 12, 2, 6, 57, 1
9591, 12, 2, 6, 58, 1
9591, 12, 2, 6, 59, 1
9591, 12, 2, 6, 60, 1
9591, 12, 2, 6, 61, 1
9591, 12, 2, 6, 62, 1
9591, 12, 0, 9, 57, 1
9591, 12, 0, 9, 58, 1
9591, 12, 0, 9, 59, 1
9591, 12, 0, 9, 60, 1
9591, 12, 0, 9, 61, 1
9591, 12, 0, 9, 62, 1
9593, 18, 3, 6, 63, 1
9593, 18, 1, 9, 56, 1
9594, 18, 1, 6, 56, 1
9594, 18, 3, 9, 63, 1
9623, 3, 1, 16, 21, 0
9623, 1, 1, 17, 20, 0
9623, 9, 1, 17, 21, 0
9623, 1, 1, 18, 18, 0
9623, 0, 2, 18, 19, 0
9623, 9, 1, 18, 20, 0
9623, 9, 3, 18, 25, 0
9623, 3, 3, 18, 26, 0
9623, 3, 2, 19, 15, 0
9623, 1, 1, 19, 17, 0
9623, 9, 1, 19, 18, 0
9623, 0, 3, 19, 25, 0
9623, 9, 2, 20, 15, 0
9623, 0, 2, 20, 16, 0
9623, 9, 1, 20, 17, 0
9623, 9, 2, 20, 25, 0
9623, 1, 2, 20, 26, 0
9623, 0, 3, 21, 26, 0
9623, 0, 3, 22, 26, 0
9623, 0, 3, 23, 26, 0
9623, 0, 3, 24, 26, 0
9623, 0, 3, 25, 26, 0
9623, 9, 3, 26, 25, 0
9623, 1, 3, 26, 26, 0
9623, 3, 0, 27, 17, 0
9623, 0, 0, 27, 18, 0
9623, 9, 0, 27, 19, 0
9623, 9, 3, 27, 24, 0
9623, 1, 3, 27, 25, 0
9623, 0, 1, 28, 19, 0
9623, 0, 3, 28, 24, 0
9623, 3, 0, 29, 19, 0
9623, 0, 3, 29, 24, 0
9623, 3, 3, 30, 24, 0
9661, 10, 3, 1, 9, 0
9661, 10, 2, 3, 11, 0
9661, 10, 3, 9, 11, 0
9661, 10, 3, 15, 8, 0
9661, 10, 1, 30, 8, 0
9661, 10, 3, 40, 9, 0
9661, 10, 2, 41, 13, 0
9661, 10, 3, 44, 8, 0
9661, 10, 2, 49, 7, 0
10627, 22, 0, 26, 22, 0
10641, 10, 1, 9, 59, 0
10943, 4, 0, 6, 59, 0
10943, 4, 1, 7, 62, 0
11603, 10, 1, 6, 57, 0
11603, 10, 2, 6, 62, 0
11630, 10, 3, 23, 20, 0
11631, 10, 0, 22, 19, 1
11632, 22, 0, 43, 31, 0
11632, 22, 0, 43, 32, 0
11633, 22, 2, 44, 31, 0
11633, 22, 2, 44, 32, 0
11634, 10, 0, 57, 22, 0
11635, 10, 0, 50, 22, 0
11635, 10, 3, 53, 12, 0
11636, 10, 0, 52, 20, 0
11637, 10, 0, 54, 18, 0
11638, 10, 0, 57, 20, 0
11639, 10, 0, 52, 16, 0
11639, 10, 2, 55, 14, 0
11640, 10, 2, 24, 2, 0
11641, 10, 2, 24, 1, 0
11642, 10, 2, 24, 0, 0
11643, 10, 2, 24, 2, 1
11644, 10, 2, 24, 1, 1
11645, 10, 2, 24, 0, 1
11646, 10, 0, 19, 2, 0
11647, 10, 0, 19, 1, 0
11648, 10, 0, 19, 0, 0
11649, 10, 0, 19, 2, 1
11650, 10, 0, 19, 1, 1
11651, 10, 0, 19, 0, 1
11679, 22, 1, 20, 12, 0
11679, 22, 2, 21, 9, 0
11679, 22, 3, 22, 2, 0
11679, 22, 1, 22, 6, 0
11680, 22, 0, 20, 11, 0
11680, 22, 3, 20, 13, 0
11680, 22, 3, 21, 0, 0
11680, 22, 0, 21, 2, 0
11680, 22, 3, 21, 3, 0
11680, 22, 0, 21, 5, 0
11680, 22, 1, 21, 10, 0
11680, 22, 2, 21, 13, 0
11680, 22, 2, 22, 0, 0
11680, 22, 1, 22, 1, 0
11680, 22, 2, 22, 3, 0
11680, 22, 1, 22, 4, 0
11680, 22, 3, 22, 5, 0
11680, 22, 0, 22, 7, 0
11680, 22, 2, 22, 9, 0
11680, 22, 1, 23, 7, 0
11681, 22, 3, 20, 10, 0
11681, 22, 0, 21, 1, 0
11681, 22, 1, 21, 4, 0
11681, 22, 2, 22, 8, 0
11683, 9, 2, 0, 2, 1
11683, 1, 2, 0, 3, 1
11683, 0, 3, 1, 3, 1
11683, 0, 3, 2, 3, 1
11683, 0, 3, 3, 3, 1
11683, 0, 3, 4, 3, 1
11683, 9, 3, 5, 2, 1
11683, 1, 3, 5, 3, 1
11683, 0, 3, 6, 2, 1
11683, 0, 3, 7, 2, 1
11683, 0, 3, 8, 2, 1
11683, 0, 3, 9, 2, 1
11683, 0, 3, 10, 2, 1
11683, 0, 3, 11, 2, 1
11683, 9, 2, 12, 2, 1
11683, 1, 2, 12, 3, 1
11683, 0, 3, 13, 3, 1
11683, 0, 3, 14, 3, 1
11683, 0, 3, 15, 3, 1
11683, 0, 3, 16, 3, 1
11683, 0, 3, 17, 3, 1
11683, 0, 3, 18, 3, 1
11683, 1, 3, 19, 3, 1
11683, 1, 2, 24, 3, 1
11683, 0, 3, 25, 3, 1
11683, 0, 3, 26, 3, 1
11683, 0, 3, 27, 3, 1
11683, 0, 3, 28, 3, 1
11683, 0, 3, 29, 3, 1
11683, 0, 3, 30, 3, 1
11683, 0, 3, 31, 3, 1
11683, 0, 3, 32, 3, 1
11683, 0, 3, 33, 3, 1
11683, 0, 3, 34, 3, 1
11683, 0, 3, 35, 3, 1
11683, 0, 3, 36, 3, 1
11683, 0, 3, 37, 3, 1
11683, 0, 3, 38, 3, 1
11683, 0, 3, 39, 3, 1
11683, 0, 3, 40, 3, 1
11683, 9, 3, 41, 2, 1
11683, 1, 3, 41, 3, 1
11683, 9, 3, 42, 1, 1
11683, 1, 3, 42, 2, 1
11683, 0, 3, 43, 1, 1
11683, 0, 3, 44, 1, 1
11683, 0, 3, 45, 1, 1
11683, 0, 3, 46, 1, 1
11683, 0, 3, 47, 1, 1
11683, 0, 3, 48, 1, 1
11683, 0, 3, 49, 1, 1
11683, 0, 3, 50, 1, 1
11683, 0, 3, 51, 1, 1
11683, 9, 2, 52, 1, 1
11683, 1, 2, 52, 2, 1
11683, 0, 3, 53, 2, 1
11683, 0, 3, 54, 2, 1
11683, 0, 3, 55, 2, 1
11683, 0, 3, 56, 2, 1
11683, 0, 3, 57, 2, 1
11683, 9, 2, 58, 2, 1
11683, 1, 2, 58, 3, 1
11683, 0, 3, 59, 3, 1
11683, 0, 3, 60, 3, 1
11683, 0, 3, 61, 3, 1
11683, 0, 3, 62, 3, 1
11683, 0, 3, 63, 3, 1
11684, 0, 0, 19, 2, 1
11685, 0, 2, 24, 2, 1
11686, 9, 2, 0, 2, 0
11686, 1, 2, 0, 3, 0
11686, 9, 0, 1, 0, 0
11686, 0, 3, 1, 3, 0
11686, 1, 0, 2, 0, 0
11686, 2, 0, 2, 1, 0
11686, 0, 3, 2, 3, 0
11686, 0, 1, 3, 1, 0
11686, 0, 3, 3, 3, 0
11686, 1, 1, 4, 0, 0
11686, 9, 1, 4, 1, 0
11686, 0, 3, 4, 3, 0
11686, 0, 1, 5, 0, 0
11686, 9, 3, 5, 2, 0
11686, 1, 3, 5, 3, 0
11686, 0, 1, 6, 0, 0
11686, 0, 3, 6, 2, 0
11686, 0, 1, 7, 0, 0
11686, 0, 3, 7, 2, 0
11686, 0, 1, 8, 0, 0
11686, 0, 3, 8, 2, 0
11686, 0, 1, 9, 0, 0
11686, 0, 3, 9, 2, 0
11686, 0, 1, 10, 0, 0
11686, 0, 3, 10, 2, 0
11686, 0, 1, 11, 0, 0
11686, 0, 3, 11, 2, 0
11686, 0, 1, 12, 0, 0
11686, 9, 2, 12, 2, 0
11686, 1, 2, 12, 3, 0
11686, 1, 0, 13, 0, 0
11686, 9, 0, 13, 1, 0
11686, 0, 3, 13, 3, 0
11686, 0, 1, 14, 1, 0
11686, 0, 3, 14, 3, 0
11686, 0, 1, 15, 1, 0
11686, 0, 3, 15, 3, 0
11686, 0, 1, 16, 1, 0
11686, 0, 3, 16, 3, 0
11686, 0, 1, 17, 1, 0
11686, 0, 3, 17, 3, 0
11686, 0, 1, 18, 1, 0
11686, 0, 3, 18, 3, 0
11686, 1, 0, 19, 1, 0
11686, 1, 3, 19, 3, 0
11686, 1, 1, 24, 1, 0
11686, 0, 2, 24, 2, 0
11686, 1, 2, 24, 3, 0
11686, 3, 0, 25, 1, 0
11686, 0, 3, 25, 3, 0
11686, 0, 3, 26, 3, 0
11686, 0, 3, 27, 3, 0
11686, 0, 3, 28, 3, 0
11686, 3, 0, 29, 1, 0
11686, 0, 3, 29, 3, 0
11686, 0, 3, 30, 3, 0
11686, 0, 3, 31, 3, 0
11686, 0, 3, 32, 3, 0
11686, 3, 0, 33, 1, 0
11686, 0, 3, 33, 3, 0
11686, 0, 3, 34, 3, 0
11686, 0, 3, 35, 3, 0
11686, 3, 0, 36, 1, 0
11686, 0, 3, 36, 3, 0
11686, 0, 3, 37, 3, 0
11686, 0, 3, 38, 3, 0
11686, 3, 0, 39, 1, 0
11686, 0, 3, 39, 3, 0
11686, 0, 3, 40, 3, 0
11686, 3, 2, 41, 0, 0
11686, 9, 3, 41, 2, 0
11686, 1, 3, 41, 3, 0
11686, 9, 3, 42, 1, 0
11686, 1, 3, 42, 2, 0
11686, 0, 3, 43, 1, 0
11686, 3, 2, 44, 0, 0
11686, 0, 3, 44, 1, 0
11686, 0, 3, 45, 1, 0
11686, 0, 3, 46, 1, 0
11686, 3, 2, 47, 0, 0
11686, 0, 3, 47, 1, 0
11686, 0, 3, 48, 1, 0
11686, 0, 3, 49, 1, 0
11686, 3, 2, 50, 0, 0
11686, 0, 3, 50, 1, 0
11686, 0, 3, 51, 1, 0
11686, 9, 2, 52, 1, 0
11686, 1, 2, 52, 2, 0
11686, 3, 2, 53, 0, 0
11686, 0, 3, 53, 2, 0
11686, 0, 3, 54, 2, 0
11686, 3, 0, 55, 0, 0
11686, 0, 3, 55, 2, 0
11686, 0, 3, 56, 2, 0
11686, 0, 3, 57, 2, 0
11686, 9, 2, 58, 2, 0
11686, 1, 2, 58, 3, 0
11686, 0, 3, 59, 3, 0
11686, 0, 3, 60, 3, 0
11686, 0, 3, 61, 3, 0
11686, 0, 3, 62, 3, 0
11686, 0, 3, 63, 3, 0
11692, 9, 0, 1, 0, 1
11692, 1, 0, 2, 0, 1
11692, 2, 0, 2, 1, 1
11692, 0, 1, 3, 1, 1
11692, 1, 1, 4, 0, 1
11692, 9, 1, 4, 1, 1
11692, 0, 1, 5, 0, 1
11692, 0, 1, 6, 0, 1
11692, 0, 1, 7, 0, 1
11692, 0, 1, 8, 0, 1
11692, 0, 1, 9, 0, 1
11692, 0, 1, 10, 0, 1
11692, 0, 1, 11, 0, 1
11692, 0, 1, 12, 0, 1
11692, 1, 0, 13, 0, 1
11692, 9, 0, 13, 1, 1
11692, 0, 1, 14, 1, 1
11692, 0, 1, 15, 1, 1
11692, 0, 1, 16, 1, 1
11692, 0, 1, 17, 1, 1
11692, 0, 1, 18, 1, 1
11692, 1, 0, 19, 1, 1
11692, 1, 1, 24, 1, 1
11692, 0, 1, 25, 1, 1
11692, 0, 1, 26, 1, 1
11692, 0, 1, 27, 1, 1
11692, 0, 1, 28, 1, 1
11692, 0, 1, 29, 1, 1
11692, 0, 1, 30, 1, 1
11692, 0, 1, 31, 1, 1
11692, 0, 1, 32, 1, 1
11692, 0, 1, 33, 1, 1
11692, 0, 1, 34, 1, 1
11692, 0, 1, 35, 1, 1
11692, 0, 1, 36, 1, 1
11692, 0, 1, 37, 1, 1
11692, 0, 1, 38, 1, 1
11692, 1, 1, 39, 0, 1
11692, 9, 1, 39, 1, 1
11692, 9, 1, 40, 0, 1
11692, 9, 0, 54, 0, 1
11692, 0, 1, 55, 0, 1
11692, 0, 1, 56, 0, 1
11692, 0, 1, 57, 0, 1
11692, 0, 1, 58, 0, 1
11692, 0, 1, 59, 0, 1
11692, 1, 0, 60, 0, 1
11692, 9, 0, 60, 1, 1
11692, 0, 1, 61, 1, 1
11692, 1, 1, 62, 0, 1
11692, 9, 1, 62, 1, 1
11692, 9, 1, 63, 0, 1
11701, 10, 0, 23, 24, 0
11814, 10, 2, 7, 57, 0
11818, 0, 0, 19, 2, 0
11818, 3, 2, 59, 1, 0
11818, 3, 2, 60, 2, 0
11818, 3, 3, 62, 2, 0
11876, 5, 1, 7, 60, 0
11876, 5, 2, 9, 58, 0
11876, 5, 2, 9, 59, 0
11877, 10, 1, 8, 62, 0
11878, 12, 2, 7, 57, 1
11878, 12, 2, 7, 58, 1
11878, 12, 2, 7, 59, 1
11878, 12, 2, 7, 60, 1
11878, 12, 2, 7, 61, 1
11878, 12, 2, 7, 62, 1
11878, 12, 0, 8, 57, 1
11878, 12, 0, 8, 58, 1
11878, 12, 0, 8, 59, 1
11878, 12, 0, 8, 60, 1
11878, 12, 0, 8, 61, 1
11878, 12, 0, 8, 62, 1
11879, 18, 3, 7, 63, 1
11879, 18, 1, 8, 56, 1
11880, 18, 1, 7, 56, 1
11880, 18, 3, 8, 63, 1
