335, 22, 3, 29, 4, 0
335, 22, 2, 33, 3, 0
335, 22, 3, 34, 4, 0
335, 22, 3, 34, 9, 0
335, 22, 2, 34, 15, 0
335, 22, 1, 36, 16, 0
335, 22, 1, 39, 2, 0
335, 22, 0, 40, 8, 0
335, 22, 3, 42, 15, 0
335, 22, 1, 42, 17, 0
335, 22, 2, 42, 42, 0
335, 22, 1, 43, 59, 0
335, 22, 0, 44, 18, 0
335, 22, 0, 44, 29, 0
335, 22, 0, 44, 31, 0
335, 22, 0, 44, 53, 0
335, 22, 0, 44, 54, 0
335, 22, 1, 44, 55, 0
335, 22, 2, 44, 60, 0
335, 22, 0, 45, 2, 0
335, 22, 0, 45, 18, 0
335, 22, 1, 46, 8, 0
335, 22, 2, 46, 26, 0
335, 22, 3, 46, 50, 0
335, 22, 0, 47, 6, 0
335, 22, 2, 47, 10, 0
335, 22, 0, 48, 26, 0
335, 22, 1, 48, 42, 0
335, 22, 3, 49, 37, 0
335, 22, 2, 49, 61, 0
335, 22, 3, 50, 42, 0
335, 22, 1, 51, 22, 0
335, 22, 0, 51, 54, 0
335, 22, 3, 51, 62, 0
335, 22, 3, 52, 36, 0
335, 22, 2, 52, 48, 0
335, 22, 3, 53, 18, 0
335, 22, 2, 53, 32, 0
335, 22, 0, 54, 25, 0
335, 22, 3, 54, 57, 0
335, 22, 1, 55, 7, 0
335, 22, 3, 55, 55, 0
335, 22, 1, 56, 25, 0
335, 22, 3, 56, 61, 0
335, 22, 3, 57, 20, 0
335, 22, 2, 57, 21, 0
335, 22, 1, 57, 23, 0
335, 22, 3, 57, 41, 0
335, 22, 1, 58, 34, 0
335, 22, 1, 59, 49, 0
335, 22, 3, 59, 59, 0
335, 22, 0, 60, 12, 0
335, 22, 1, 60, 38, 0
335, 22, 1, 60, 50, 0
335, 22, 0, 60, 55, 0
336, 22, 0, 30, 4, 0
336, 22, 0, 31, 8, 0
336, 22, 2, 32, 3, 0
336, 22, 1, 34, 10, 0
336, 22, 2, 35, 11, 0
336, 22, 2, 35, 12, 0
336, 22, 2, 35, 18, 0
336, 22, 3, 36, 21, 0
336, 22, 0, 37, 23, 0
336, 22, 1, 39, 7, 0
336, 22, 0, 40, 3, 0
336, 22, 3, 40, 35, 0
336, 22, 0, 40, 59, 0
336, 22, 2, 41, 3, 0
336, 22, 2, 41, 20, 0
336, 22, 1, 41, 21, 0
336, 22, 1, 41, 25, 0
336, 22, 0, 41, 56, 0
336, 22, 3, 41, 62, 0
336, 22, 3, 42, 3, 0
336, 22, 2, 42, 31, 0
336, 22, 2, 42, 32, 0
336, 22, 1, 42, 49, 0
336, 22, 2, 42, 51, 0
336, 22, 2, 42, 52, 0
336, 22, 3, 42, 53, 0
336, 22, 0, 42, 58, 0
336, 22, 3, 43, 2, 0
336, 22, 3, 43, 10, 0
336, 22, 2, 43, 25, 0
336, 22, 1, 43, 58, 0
336, 22, 1, 44, 22, 0
336, 22, 3, 44, 63, 0
336, 22, 0, 45, 11, 0
336, 22, 1, 46, 13, 0
336, 22, 1, 46, 17, 0
336, 22, 0, 46, 22, 0
336, 22, 3, 46, 39, 0
336, 22, 3, 46, 52, 0
336, 22, 2, 46, 58, 0
336, 22, 1, 46, 62, 0
336, 22, 1, 47, 13, 0
336, 22, 3, 47, 24, 0
336, 22, 0, 47, 32, 0
336, 22, 0, 47, 39, 0
336, 22, 0, 47, 45, 0
336, 22, 2, 48, 9, 0
336, 22, 1, 48, 47, 0
336, 22, 3, 48, 60, 0
336, 22, 3, 49, 1, 0
336, 22, 3, 49, 14, 0
336, 22, 2, 49, 17, 0
336, 22, 1, 49, 18, 0
336, 22, 0, 49, 25, 0
336, 22, 2, 49, 48, 0
336, 22, 2, 49, 51, 0
336, 22, 2, 50, 2, 0
336, 22, 0, 50, 30, 0
336, 22, 2, 51, 3, 0
336, 22, 0, 51, 6, 0
336, 22, 1, 51, 7, 0
336, 22, 2, 51, 17, 0
336, 22, 2, 51, 19, 0
336, 22, 0, 51, 21, 0
336, 22, 2, 52, 20, 0
336, 22, 2, 52, 35, 0
336, 22, 2, 52, 43, 0
336, 22, 3, 53, 2, 0
336, 22, 0, 53, 25, 0
336, 22, 1, 53, 29, 0
336, 22, 2, 53, 35, 0
336, 22, 1, 53, 38, 0
336, 22, 2, 53, 43, 0
336, 22, 3, 54, 27, 0
336, 22, 2, 54, 42, 0
336, 22, 0, 54, 47, 0
336, 22, 1, 54, 48, 0
336, 22, 0, 55, 50, 0
336, 22, 3, 55, 52, 0
336, 22, 2, 55, 62, 0
336, 22, 3, 56, 21, 0
336, 22, 3, 56, 28, 0
336, 22, 2, 57, 1, 0
336, 22, 2, 57, 25, 0
336, 22, 2, 57, 26, 0
336, 22, 1, 57, 27, 0
336, 22, 2, 57, 30, 0
336, 22, 1, 58, 2, 0
336, 22, 2, 58, 30, 0
336, 22, 1, 58, 35, 0
336, 22, 0, 58, 42, 0
336, 22, 3, 58, 51, 0
336, 22, 3, 59, 13, 0
336, 22, 1, 59, 27, 0
336, 22, 3, 59, 30, 0
336, 22, 0, 59, 46, 0
336, 22, 3, 59, 51, 0
336, 22, 2, 59, 53, 0
336, 22, 2, 59, 54, 0
336, 22, 1, 59, 57, 0
336, 22, 1, 60, 1, 0
336, 22, 1, 60, 2, 0
336, 22, 1, 60, 3, 0
336, 22, 0, 60, 5, 0
336, 22, 0, 60, 34, 0
336, 22, 1, 60, 35, 0
336, 22, 1, 60, 40, 0
336, 22, 2, 60, 42, 0
336, 22, 3, 61, 6, 0
336, 22, 0, 61, 8, 0
336, 22, 3, 61, 20, 0
336, 22, 0, 61, 23, 0
336, 22, 0, 61, 25, 0
336, 22, 0, 61, 32, 0
336, 22, 3, 61, 43, 0
336, 22, 3, 61, 60, 0
336, 22, 3, 61, 61, 0
336, 22, 0, 62, 44, 0
336, 22, 0, 62, 46, 0
336, 22, 1, 62, 47, 0
336, 22, 1, 62, 52, 0
336, 22, 0, 62, 57, 0
337, 22, 1, 28, 1, 0
337, 22, 0, 30, 8, 0
337, 22, 3, 30, 9, 0
337, 22, 3, 34, 13, 0
337, 22, 2, 35, 7, 0
337, 22, 3, 35, 15, 0
337, 22, 1, 36, 3, 0
337, 22, 1, 36, 4, 0
337, 22, 0, 37, 11, 0
337, 22, 2, 37, 19, 0
337, 22, 0, 38, 3, 0
337, 22, 3, 38, 14, 0
337, 22, 0, 38, 17, 0
337, 22, 1, 39, 20, 0
337, 22, 1, 39, 22, 0
337, 22, 2, 40, 12, 0
337, 22, 0, 41, 26, 0
337, 22, 3, 43, 6, 0
337, 22, 0, 43, 12, 0
337, 22, 1, 43, 21, 0
337, 22, 1, 43, 36, 0
337, 22, 0, 43, 41, 0
337, 22, 3, 44, 5, 0
337, 22, 3, 44, 45, 0
337, 22, 3, 44, 46, 0
337, 22, 1, 45, 15, 0
337, 22, 0, 45, 19, 0
337, 22, 2, 45, 47, 0
337, 22, 3, 46, 4, 0
337, 22, 0, 46, 28, 0
337, 22, 1, 46, 35, 0
337, 22, 0, 46, 41, 0
337, 22, 0, 47, 19, 0
337, 22, 2, 48, 21, 0
337, 22, 3, 48, 28, 0
337, 22, 2, 48, 34, 0
337, 22, 0, 48, 50, 0
337, 22, 3, 48, 53, 0
337, 22, 2, 48, 56, 0
337, 22, 1, 49, 44, 0
337, 22, 1, 49, 57, 0
337, 22, 2, 50, 45, 0
337, 22, 1, 50, 58, 0
337, 22, 3, 51, 25, 0
337, 22, 2, 52, 8, 0
337, 22, 0, 52, 18, 0
337, 22, 3, 52, 30, 0
337, 22, 0, 52, 51, 0
337, 22, 0, 52, 59, 0
337, 22, 1, 53, 4, 0
337, 22, 0, 53, 31, 0
337, 22, 0, 53, 40, 0
337, 22, 1, 54, 5, 0
337, 22, 3, 54, 10, 0
337, 22, 0, 54, 17, 0
337, 22, 0, 54, 31, 0
337, 22, 3, 54, 36, 0
337, 22, 3, 54, 40, 0
337, 22, 1, 54, 53, 0
337, 22, 0, 55, 5, 0
337, 22, 3, 55, 16, 0
337, 22, 0, 56, 11, 0
337, 22, 0, 56, 37, 0
337, 22, 1, 56, 45, 0
337, 22, 2, 56, 47, 0
337, 22, 3, 56, 48, 0
337, 22, 3, 56, 58, 0
337, 22, 3, 56, 59, 0
337, 22, 0, 57, 39, 0
337, 22, 3, 58, 4, 0
337, 22, 3, 59, 7, 0
337, 22, 3, 59, 17, 0
337, 22, 1, 59, 31, 0
337, 22, 2, 60, 8, 0
337, 22, 1, 60, 18, 0
337, 22, 2, 60, 21, 0
337, 22, 2, 60, 24, 0
337, 22, 1, 60, 61, 0
337, 22, 2, 61, 16, 0
337, 22, 1, 61, 17, 0
337, 22, 2, 61, 26, 0
337, 22, 2, 61, 47, 0
337, 22, 2, 61, 53, 0
507, 10, 0, 3, 25, 0
507, 10, 1, 4, 9, 0
507, 10, 0, 9, 25, 0
507, 10, 2, 19, 44, 0
507, 10, 3, 22, 53, 0
508, 10, 3, 0, 39, 0
508, 10, 1, 0, 43, 0
508, 10, 2, 0, 52, 0
508, 10, 0, 1, 41, 0
508, 10, 0, 7, 32, 0
508, 10, 0, 8, 13, 0
508, 10, 0, 12, 40, 0
509, 10, 0, 0, 37, 0
509, 10, 0, 2, 39, 0
509, 10, 0, 2, 43, 0
509, 10, 1, 3, 23, 0
509, 10, 3, 3, 27, 0
509, 10, 1, 4, 7, 0
509, 10, 3, 4, 11, 0
509, 10, 0, 5, 25, 0
509, 10, 0, 6, 9, 0
509, 10, 3, 8, 15, 0
509, 10, 0, 10, 5, 0
509, 10, 2, 10, 40, 0
509, 10, 1, 12, 38, 0
509, 10, 2, 17, 44, 0
509, 10, 3, 17, 55, 0
509, 10, 2, 18, 32, 0
509, 10, 0, 19, 18, 0
509, 10, 3, 19, 46, 0
509, 10, 0, 27, 23, 0
509, 10, 1, 32, 29, 0
509, 10, 2, 32, 42, 0
509, 10, 3, 34, 48, 0
510, 10, 0, 3, 41, 0
510, 10, 2, 4, 19, 0
510, 10, 1, 5, 15, 0
510, 10, 2, 5, 23, 0
510, 10, 2, 6, 11, 0
510, 10, 2, 6, 13, 0
510, 10, 2, 7, 25, 0
510, 10, 1, 8, 11, 0
510, 10, 3, 10, 8, 0
510, 10, 0, 10, 13, 0
510, 10, 1, 10, 29, 0
510, 10, 0, 11, 15, 0
510, 10, 3, 12, 42, 0
510, 10, 2, 13, 11, 0
510, 10, 1, 14, 4, 0
510, 10, 3, 14, 22, 0
510, 10, 0, 14, 40, 0
510, 10, 3, 15, 33, 0
510, 10, 2, 16, 10, 0
510, 10, 3, 18, 15, 0
510, 10, 2, 19, 38, 0
510, 10, 2, 20, 53, 0
510, 10, 3, 30, 52, 0
559, 22, 3, 6, 32, 0
559, 22, 0, 7, 31, 0
559, 22, 1, 10, 0, 0
559, 22, 1, 11, 44, 0
559, 22, 2, 12, 1, 0
559, 22, 3, 12, 11, 0
559, 22, 0, 12, 12, 0
559, 22, 0, 12, 15, 0
559, 22, 1, 12, 20, 0
559, 22, 2, 13, 11, 0
559, 22, 2, 13, 18, 0
559, 22, 3, 14, 3, 0
559, 22, 2, 15, 5, 0
559, 22, 2, 15, 6, 0
559, 22, 1, 15, 9, 0
559, 22, 0, 17, 14, 0
559, 22, 1, 17, 20, 0
559, 22, 3, 18, 16, 0
559, 22, 0, 18, 22, 0
559, 22, 3, 19, 18, 0
559, 22, 2, 19, 22, 0
559, 22, 2, 20, 19, 0
559, 22, 2, 21, 22, 0
559, 22, 0, 21, 24, 0
559, 22, 0, 21, 25, 0
559, 22, 1, 22, 20, 0
559, 22, 3, 22, 23, 0
559, 22, 3, 22, 24, 0
559, 22, 3, 23, 29, 0
559, 22, 1, 24, 22, 0
559, 22, 0, 25, 23, 0
559, 22, 0, 25, 27, 0
559, 22, 2, 25, 31, 0
559, 22, 0, 26, 28, 0
559, 22, 1, 26, 33, 0
559, 22, 3, 27, 26, 0
559, 22, 1, 27, 29, 0
559, 22, 2, 27, 31, 0
559, 22, 0, 28, 41, 0
559, 22, 3, 28, 46, 0
559, 22, 2, 28, 48, 0
559, 22, 2, 29, 31, 0
559, 22, 3, 29, 33, 0
559, 22, 3, 29, 60, 0
559, 22, 3, 30, 34, 0
559, 22, 0, 30, 35, 0
559, 22, 2, 30, 49, 0
559, 22, 3, 30, 55, 0
559, 22, 2, 30, 60, 0
559, 22, 1, 31, 33, 0
559, 22, 1, 31, 34, 0
559, 22, 1, 31, 36, 0
559, 22, 3, 31, 41, 0
559, 22, 0, 31, 43, 0
559, 22, 1, 31, 46, 0
559, 22, 0, 31, 51, 0
559, 22, 3, 31, 55, 0
559, 22, 3, 31, 56, 0
559, 22, 0, 31, 58, 0
559, 22, 1, 31, 59, 0
559, 22, 2, 31, 61, 0
559, 22, 2, 32, 38, 0
559, 22, 2, 32, 39, 0
559, 22, 3, 32, 40, 0
559, 22, 3, 32, 43, 0
559, 22, 1, 32, 47, 0
559, 22, 1, 32, 52, 0
559, 22, 2, 32, 53, 0
559, 22, 0, 33, 57, 0
559, 22, 3, 33, 60, 0
559, 22, 0, 34, 41, 0
559, 22, 3, 34, 53, 0
559, 22, 1, 35, 50, 0
559, 22, 2, 35, 51, 0
559, 22, 0, 35, 58, 0
559, 22, 1, 35, 61, 0
560, 22, 1, 4, 1, 0
560, 22, 3, 4, 18, 0
560, 22, 1, 4, 57, 0
560, 22, 0, 5, 13, 0
560, 22, 3, 5, 19, 0
560, 22, 2, 5, 56, 0
560, 22, 0, 5, 58, 0
560, 22, 2, 6, 55, 0
560, 22, 3, 6, 57, 0
560, 22, 0, 7, 1, 0
560, 22, 3, 7, 54, 0
560, 22, 1, 7, 56, 0
560, 22, 3, 8, 5, 0
560, 22, 1, 8, 8, 0
560, 22, 3, 8, 34, 0
560, 22, 0, 8, 55, 0
560, 22, 3, 9, 21, 0
560, 22, 1, 9, 30, 0
560, 22, 0, 9, 32, 0
560, 22, 2, 9, 35, 0
560, 22, 1, 9, 45, 0
560, 22, 1, 9, 46, 0
560, 22, 1, 9, 47, 0
560, 22, 1, 9, 52, 0
560, 22, 2, 9, 53, 0
560, 22, 3, 9, 54, 0
560, 22, 0, 10, 6, 0
560, 22, 0, 10, 21, 0
560, 22, 3, 10, 28, 0
560, 22, 0, 10, 45, 0
560, 22, 0, 10, 53, 0
560, 22, 3, 10, 54, 0
560, 22, 3, 11, 4, 0
560, 22, 1, 11, 9, 0
560, 22, 2, 11, 47, 0
560, 22, 3, 11, 52, 0
560, 22, 2, 11, 54, 0
560, 22, 2, 12, 2, 0
560, 22, 1, 12, 7, 0
560, 22, 0, 12, 53, 0
560, 22, 1, 12, 54, 0
560, 22, 3, 13, 0, 0
560, 22, 3, 14, 7, 0
560, 22, 1, 14, 56, 0
560, 22, 0, 14, 57, 0
560, 22, 1, 15, 3, 0
560, 22, 0, 15, 12, 0
560, 22, 0, 15, 55, 0
560, 22, 3, 15, 58, 0
560, 22, 1, 16, 10, 0
560, 22, 3, 16, 14, 0
560, 22, 1, 16, 56, 0
560, 22, 2, 16, 57, 0
560, 22, 2, 17, 1, 0
560, 22, 2, 17, 15, 0
560, 22, 3, 18, 19, 0
560, 22, 2, 19, 20, 0
560, 22, 1, 20, 18, 0
560, 22, 1, 22, 21, 0
560, 22, 1, 23, 21, 0
560, 22, 0, 24, 20, 0
560, 22, 1, 24, 21, 0
560, 22, 2, 25, 24, 0
560, 22, 0, 26, 21, 0
560, 22, 3, 27, 22, 0
560, 22, 3, 28, 24, 0
560, 22, 1, 29, 28, 0
560, 22, 0, 30, 29, 0
560, 22, 3, 31, 31, 0
560, 22, 2, 32, 32, 0
560, 22, 1, 33, 38, 0
560, 22, 1, 33, 39, 0
560, 22, 0, 33, 44, 0
560, 22, 3, 33, 46, 0
560, 22, 3, 34, 46, 0
560, 22, 3, 35, 33, 0
560, 22, 0, 35, 37, 0
560, 22, 1, 36, 42, 0
560, 22, 2, 36, 45, 0
561, 22, 2, 5, 57, 0
561, 22, 1, 7, 55, 0
561, 22, 3, 8, 1, 0
561, 22, 2, 8, 21, 0
561, 22, 1, 8, 22, 0
561, 22, 3, 8, 30, 0
561, 22, 0, 8, 31, 0
561, 22, 1, 8, 35, 0
561, 22, 3, 8, 53, 0
561, 22, 0, 8, 54, 0
561, 22, 3, 9, 4, 0
561, 22, 3, 9, 20, 0
561, 22, 0, 9, 22, 0
561, 22, 0, 9, 27, 0
561, 22, 0, 9, 28, 0
561, 22, 0, 9, 29, 0
561, 22, 2, 9, 34, 0
561, 22, 0, 9, 36, 0
561, 22, 0, 10, 20, 0
561, 22, 3, 10, 22, 0
561, 22, 1, 10, 27, 0
561, 22, 1, 10, 31, 0
561, 22, 3, 10, 32, 0
561, 22, 3, 10, 35, 0
561, 22, 1, 10, 44, 0
561, 22, 0, 11, 6, 0
561, 22, 1, 11, 20, 0
561, 22, 1, 11, 21, 0
561, 22, 2, 11, 22, 0
561, 22, 1, 11, 31, 0
561, 22, 0, 11, 45, 0
561, 22, 0, 11, 53, 0
561, 22, 1, 12, 8, 0
561, 22, 0, 12, 29, 0
561, 22, 3, 12, 46, 0
561, 22, 2, 12, 47, 0
561, 22, 2, 13, 9, 0
561, 22, 2, 13, 10, 0
561, 22, 1, 14, 1, 0
561, 22, 2, 14, 19, 0
561, 22, 2, 15, 2, 0
561, 22, 1, 15, 15, 0
561, 22, 3, 15, 23, 0
561, 22, 2, 15, 56, 0
561, 22, 3, 15, 57, 0
561, 22, 3, 17, 3, 0
561, 22, 0, 17, 4, 0
561, 22, 1, 17, 7, 0
561, 22, 2, 17, 9, 0
561, 22, 0, 17, 21, 0
561, 22, 3, 17, 24, 0
561, 22, 3, 18, 10, 0
561, 22, 3, 18, 11, 0
561, 22, 0, 18, 12, 0
561, 22, 1, 18, 14, 0
561, 22, 3, 20, 6, 0
561, 22, 3, 20, 11, 0
561, 22, 1, 20, 14, 0
561, 22, 1, 20, 16, 0
561, 22, 2, 20, 23, 0
561, 22, 0, 21, 7, 0
561, 22, 2, 21, 17, 0
561, 22, 1, 22, 10, 0
561, 22, 2, 22, 14, 0
561, 22, 0, 22, 19, 0
561, 22, 0, 22, 28, 0
561, 22, 1, 23, 12, 0
561, 22, 2, 23, 16, 0
561, 22, 3, 23, 17, 0
561, 22, 0, 23, 26, 0
561, 22, 0, 24, 30, 0
561, 22, 1, 25, 30, 0
561, 22, 2, 26, 15, 0
561, 22, 2, 27, 33, 0
561, 22, 3, 28, 18, 0
561, 22, 2, 28, 20, 0
561, 22, 2, 28, 21, 0
561, 22, 3, 28, 25, 0
561, 22, 0, 28, 43, 0
561, 22, 3, 29, 22, 0
561, 22, 2, 29, 38, 0
561, 22, 3, 29, 39, 0
561, 22, 3, 29, 41, 0
561, 22, 0, 29, 45, 0
561, 22, 0, 30, 22, 0
561, 22, 3, 30, 25, 0
561, 22, 1, 30, 47, 0
561, 22, 1, 31, 24, 0
561, 22, 0, 31, 27, 0
561, 22, 1, 31, 28, 0
561, 22, 2, 31, 32, 0
561, 22, 1, 32, 25, 0
561, 22, 2, 32, 30, 0
561, 22, 2, 32, 37, 0
561, 22, 2, 33, 27, 0
561, 22, 2, 33, 28, 0
561, 22, 3, 33, 32, 0
561, 22, 1, 33, 42, 0
561, 22, 0, 34, 35, 0
561, 22, 0, 34, 38, 0
561, 22, 1, 34, 39, 0
561, 22, 0, 34, 47, 0
561, 22, 2, 34, 55, 0
561, 22, 3, 35, 31, 0
561, 22, 2, 35, 41, 0
561, 22, 0, 35, 49, 0
561, 22, 1, 35, 54, 0
561, 22, 0, 36, 38, 0
561, 22, 2, 36, 44, 0
561, 22, 3, 36, 46, 0
561, 22, 0, 36, 47, 0
561, 22, 1, 37, 40, 0
659, 10, 0, 43, 35, 0
659, 10, 2, 52, 57, 0
659, 10, 0, 58, 33, 0
666, 10, 0, 44, 27, 0
1167, 10, 0, 52, 13, 0
1171, 10, 1, 55, 12, 0
1248, 22, 0, 4, 40, 0
1248, 22, 0, 15, 50, 0
1248, 22, 1, 52, 10, 0
1248, 22, 2, 55, 15, 0
1249, 22, 0, 1, 46, 0
1249, 22, 1, 4, 50, 0
1249, 22, 3, 6, 40, 0
1249, 22, 3, 10, 58, 0
1249, 22, 2, 14, 28, 0
1249, 22, 1, 15, 43, 0
1249, 22, 0, 51, 13, 0
1249, 22, 3, 54, 14, 0
1250, 22, 1, 3, 53, 0
1250, 22, 2, 4, 52, 0
1250, 22, 2, 6, 61, 0
1250, 22, 3, 7, 60, 0
1250, 22, 2, 7, 62, 0
1250, 22, 1, 11, 61, 0
1250, 22, 0, 12, 30, 0
1250, 22, 1, 12, 60, 0
1250, 22, 1, 13, 31, 0
1250, 22, 2, 16, 28, 0
1250, 22, 3, 16, 31, 0
1250, 22, 3, 17, 32, 0
1250, 22, 1, 20, 35, 0
1250, 22, 1, 21, 34, 0
1250, 22, 1, 21, 40, 0
1250, 22, 1, 51, 11, 0
1250, 22, 2, 53, 12, 0
1286, 10, 1, 50, 11, 0
1286, 10, 3, 53, 15, 0
1291, 10, 2, 0, 48, 0
1291, 10, 0, 0, 59, 0
1291, 10, 3, 1, 47, 0
1291, 10, 2, 1, 54, 0
1291, 10, 3, 1, 56, 0
1291, 10, 1, 2, 61, 0
1291, 10, 1, 3, 52, 0
1291, 10, 3, 4, 43, 0
1291, 10, 0, 4, 49, 0
1291, 10, 2, 6, 41, 0
1291, 10, 0, 6, 50, 0
1291, 10, 1, 7, 54, 0
1291, 10, 0, 7, 57, 0
1291, 10, 1, 7, 61, 0
1291, 10, 1, 8, 45, 0
1291, 10, 3, 10, 57, 0
1291, 10, 3, 12, 18, 0
1291, 10, 1, 12, 31, 0
1291, 10, 2, 12, 61, 0
1291, 10, 2, 13, 13, 0
1291, 10, 2, 15, 28, 0
1291, 10, 1, 15, 44, 0
1291, 10, 0, 15, 50, 0
1291, 10, 1, 16, 9, 0
1291, 10, 3, 16, 32, 0
1291, 10, 0, 19, 6, 0
1291, 10, 0, 21, 35, 0
1291, 10, 1, 21, 41, 0
1291, 10, 1, 27, 43, 0
1318, 10, 0, 1, 49, 0
1318, 10, 3, 21, 55, 0
1319, 10, 0, 3, 29, 0
1319, 10, 0, 5, 43, 0
1319, 10, 0, 20, 48, 0
1331, 10, 1, 2, 34, 0
1331, 10, 2, 3, 60, 0
1331, 10, 1, 14, 61, 0
1332, 10, 3, 8, 59, 0
1383, 10, 0, 50, 13, 0
1383, 10, 2, 56, 13, 0
