196, 4, 0, 2, 2, 0
196, 4, 0, 2, 4, 0
196, 4, 0, 2, 6, 0
196, 6, 1, 6, 8, 0
196, 6, 1, 8, 6, 0
196, 5, 1, 2, 18, 1
196, 4, 0, 19, 11, 1
196, 4, 0, 19, 14, 1
197, 4, 0, 9, 2, 0
197, 4, 0, 9, 4, 0
197, 4, 3, 15, 2, 0
202, 10, 1, 26, 10, 1
202, 10, 1, 26, 13, 1
314, 22, 0, 0, 47, 0
314, 22, 1, 1, 52, 0
314, 22, 0, 1, 53, 0
314, 22, 0, 1, 62, 0
314, 22, 0, 3, 42, 0
314, 22, 3, 3, 44, 0
314, 22, 1, 3, 50, 0
314, 22, 3, 3, 56, 0
314, 22, 0, 3, 58, 0
314, 22, 0, 4, 55, 0
314, 22, 1, 4, 59, 0
314, 22, 2, 5, 59, 0
314, 22, 2, 6, 44, 0
314, 22, 2, 7, 47, 0
314, 22, 1, 7, 49, 0
314, 22, 2, 7, 56, 0
314, 22, 3, 7, 59, 0
314, 22, 0, 9, 49, 0
314, 22, 3, 9, 53, 0
314, 22, 1, 9, 59, 0
314, 22, 3, 10, 58, 0
314, 22, 3, 11, 58, 0
314, 22, 0, 11, 60, 0
314, 22, 0, 13, 54, 0
314, 22, 1, 16, 54, 0
314, 22, 2, 17, 9, 0
314, 22, 3, 19, 50, 0
314, 22, 0, 22, 36, 0
314, 22, 3, 23, 44, 0
314, 22, 2, 24, 40, 0
314, 22, 3, 26, 36, 0
314, 22, 1, 28, 31, 0
314, 22, 0, 28, 43, 0
314, 22, 3, 28, 53, 0
314, 22, 1, 29, 50, 0
314, 22, 1, 31, 39, 0
314, 22, 3, 32, 46, 0
314, 22, 3, 32, 53, 0
314, 22, 0, 32, 57, 0
314, 22, 3, 33, 40, 0
314, 22, 2, 34, 34, 0
314, 22, 2, 34, 38, 0
314, 22, 2, 35, 29, 0
314, 22, 0, 35, 42, 0
314, 22, 2, 35, 50, 0
314, 22, 2, 35, 53, 0
314, 22, 1, 36, 55, 0
314, 22, 1, 38, 33, 0
314, 22, 1, 38, 53, 0
314, 22, 3, 39, 46, 0
314, 22, 0, 41, 37, 0
314, 22, 3, 43, 41, 0
315, 22, 1, 0, 46, 0
315, 22, 0, 0, 48, 0
315, 22, 1, 0, 49, 0
315, 22, 3, 0, 51, 0
315, 22, 0, 0, 55, 0
315, 22, 1, 0, 57, 0
315, 22, 2, 0, 58, 0
315, 22, 0, 0, 62, 0
315, 22, 0, 1, 45, 0
315, 22, 2, 1, 46, 0
315, 22, 3, 1, 47, 0
315, 22, 2, 1, 51, 0
315, 22, 3, 1, 54, 0
315, 22, 1, 1, 56, 0
315, 22, 3, 1, 60, 0
315, 22, 3, 1, 61, 0
315, 22, 1, 1, 63, 0
315, 22, 0, 2, 44, 0
315, 22, 0, 2, 47, 0
315, 22, 3, 2, 48, 0
315, 22, 3, 2, 49, 0
315, 22, 2, 2, 51, 0
315, 22, 3, 2, 52, 0
315, 22, 1, 2, 54, 0
315, 22, 0, 2, 56, 0
315, 22, 3, 2, 57, 0
315, 22, 0, 2, 58, 0
315, 22, 1, 2, 59, 0
315, 22, 1, 2, 60, 0
315, 22, 2, 2, 61, 0
315, 22, 2, 2, 62, 0
315, 22, 3, 3, 43, 0
315, 22, 1, 3, 47, 0
315, 22, 3, 3, 49, 0
315, 22, 2, 3, 52, 0
315, 22, 0, 3, 53, 0
315, 22, 3, 3, 57, 0
315, 22, 2, 3, 60, 0
315, 22, 1, 3, 62, 0
315, 22, 2, 4, 42, 0
315, 22, 3, 4, 44, 0
315, 22, 1, 5, 43, 0
315, 22, 0, 5, 44, 0
315, 22, 3, 5, 46, 0
315, 22, 1, 5, 47, 0
315, 22, 2, 5, 50, 0
315, 22, 2, 5, 51, 0
315, 22, 3, 5, 52, 0
315, 22, 0, 5, 54, 0
315, 22, 1, 5, 56, 0
315, 22, 2, 5, 60, 0
315, 22, 0, 5, 62, 0
315, 22, 3, 6, 43, 0
315, 22, 3, 6, 46, 0
315, 22, 1, 6, 47, 0
315, 22, 0, 6, 48, 0
315, 22, 0, 6, 50, 0
315, 22, 0, 6, 51, 0
315, 22, 3, 6, 53, 0
315, 22, 3, 6, 55, 0
315, 22, 2, 6, 59, 0
315, 22, 3, 6, 62, 0
315, 22, 1, 7, 44, 0
315, 22, 2, 7, 45, 0
315, 22, 3, 7, 50, 0
315, 22, 1, 7, 51, 0
315, 22, 0, 7, 54, 0
315, 22, 1, 7, 57, 0
315, 22, 1, 7, 58, 0
315, 22, 0, 7, 61, 0
315, 22, 3, 7, 62, 0
315, 22, 0, 8, 44, 0
315, 22, 3, 8, 48, 0
315, 22, 3, 8, 49, 0
315, 22, 2, 8, 50, 0
315, 22, 2, 8, 51, 0
315, 22, 2, 8, 53, 0
315, 22, 1, 8, 55, 0
315, 22, 0, 8, 56, 0
315, 22, 3, 8, 59, 0
315, 22, 3, 8, 61, 0
315, 22, 2, 9, 7, 0
315, 22, 3, 9, 45, 0
315, 22, 2, 9, 48, 0
315, 22, 1, 9, 50, 0
315, 22, 0, 9, 52, 0
315, 22, 3, 9, 54, 0
315, 22, 2, 9, 57, 0
315, 22, 1, 9, 58, 0
315, 22, 0, 9, 61, 0
315, 22, 0, 10, 6, 0
315, 22, 2, 10, 8, 0
315, 22, 2, 10, 47, 0
315, 22, 1, 10, 50, 0
315, 22, 2, 10, 52, 0
315, 22, 3, 10, 55, 0
315, 22, 0, 10, 60, 0
315, 22, 2, 10, 61, 0
315, 22, 3, 10, 62, 0
315, 22, 1, 11, 7, 0
315, 22, 1, 11, 46, 0
315, 22, 1, 11, 48, 0
315, 22, 1, 11, 49, 0
315, 22, 0, 11, 51, 0
315, 22, 3, 11, 53, 0
315, 22, 2, 11, 55, 0
315, 22, 2, 11, 56, 0
315, 22, 1, 11, 59, 0
315, 22, 2, 11, 61, 0
315, 22, 1, 11, 62, 0
315, 22, 2, 12, 54, 0
315, 22, 3, 12, 57, 0
315, 22, 0, 12, 58, 0
315, 22, 1, 12, 59, 0
315, 22, 1, 12, 60, 0
315, 22, 0, 13, 50, 0
315, 22, 0, 13, 53, 0
315, 22, 3, 13, 55, 0
315, 22, 1, 13, 56, 0
315, 22, 1, 14, 49, 0
315, 22, 1, 14, 51, 0
315, 22, 0, 14, 52, 0
315, 22, 3, 14, 54, 0
315, 22, 0, 14, 55, 0
315, 22, 1, 14, 57, 0
315, 22, 3, 15, 6, 0
315, 22, 2, 15, 50, 0
315, 22, 2, 15, 51, 0
315, 22, 2, 15, 53, 0
315, 22, 3, 15, 55, 0
315, 22, 1, 15, 56, 0
315, 22, 2, 16, 7, 0
315, 22, 1, 16, 9, 0
315, 22, 1, 16, 52, 0
315, 22, 0, 17, 6, 0
315, 22, 1, 17, 7, 0
315, 22, 2, 17, 8, 0
315, 22, 1, 17, 10, 0
315, 22, 0, 17, 11, 0
315, 22, 2, 17, 54, 0
315, 22, 0, 18, 6, 0
315, 22, 3, 18, 9, 0
315, 22, 3, 18, 10, 0
315, 22, 1, 18, 12, 0
315, 22, 2, 18, 50, 0
315, 22, 3, 19, 5, 0
315, 22, 1, 19, 7, 0
315, 22, 1, 19, 49, 0
315, 22, 3, 20, 6, 0
315, 22, 2, 20, 7, 0
315, 22, 1, 20, 39, 0
315, 22, 0, 20, 47, 0
315, 22, 0, 20, 50, 0
315, 22, 3, 21, 36, 0
315, 22, 0, 21, 38, 0
315, 22, 2, 21, 40, 0
315, 22, 3, 21, 46, 0
315, 22, 1, 21, 48, 0
315, 22, 3, 21, 49, 0
315, 22, 0, 22, 35, 0
315, 22, 3, 22, 37, 0
315, 22, 3, 22, 39, 0
315, 22, 2, 22, 41, 0
315, 22, 3, 22, 42, 0
315, 22, 1, 22, 44, 0
315, 22, 2, 22, 47, 0
315, 22, 0, 22, 48, 0
315, 22, 3, 22, 50, 0
315, 22, 1, 23, 35, 0
315, 22, 2, 23, 36, 0
315, 22, 2, 23, 40, 0
315, 22, 0, 23, 43, 0
315, 22, 2, 23, 45, 0
315, 22, 1, 23, 49, 0
315, 22, 1, 24, 33, 0
315, 22, 2, 24, 34, 0
315, 22, 0, 24, 41, 0
315, 22, 2, 24, 44, 0
315, 22, 0, 25, 34, 0
315, 22, 2, 25, 36, 0
315, 22, 3, 25, 39, 0
315, 22, 1, 25, 46, 0
315, 22, 0, 26, 33, 0
315, 22, 1, 26, 35, 0
315, 22, 3, 26, 38, 0
315, 22, 3, 26, 41, 0
315, 22, 2, 26, 42, 0
315, 22, 2, 26, 47, 0
315, 22, 1, 27, 32, 0
315, 22, 0, 27, 36, 0
315, 22, 0, 27, 39, 0
315, 22, 0, 27, 43, 0
315, 22, 0, 27, 53, 0
315, 22, 2, 28, 32, 0
315, 22, 1, 28, 38, 0
315, 22, 0, 28, 40, 0
315, 22, 3, 28, 42, 0
315, 22, 0, 28, 50, 0
315, 22, 3, 28, 52, 0
315, 22, 2, 28, 54, 0
315, 22, 0, 29, 31, 0
315, 22, 1, 29, 34, 0
315, 22, 1, 29, 36, 0
315, 22, 3, 29, 39, 0
315, 22, 1, 29, 41, 0
315, 22, 0, 29, 43, 0
315, 22, 3, 29, 49, 0
315, 22, 1, 29, 51, 0
315, 22, 2, 29, 53, 0
315, 22, 3, 30, 33, 0
315, 22, 0, 30, 35, 0
315, 22, 2, 30, 37, 0
315, 22, 0, 30, 39, 0
315, 22, 3, 30, 40, 0
315, 22, 2, 30, 42, 0
315, 22, 2, 30, 50, 0
315, 22, 3, 30, 54, 0
315, 22, 0, 31, 30, 0
315, 22, 3, 31, 31, 0
315, 22, 2, 31, 32, 0
315, 22, 3, 31, 36, 0
315, 22, 3, 31, 38, 0
315, 22, 1, 31, 40, 0
315, 22, 2, 31, 41, 0
315, 22, 3, 31, 43, 0
315, 22, 3, 31, 46, 0
315, 22, 1, 31, 48, 0
315, 22, 0, 31, 53, 0
315, 22, 2, 31, 55, 0
315, 22, 0, 31, 57, 0
315, 22, 1, 32, 29, 0
315, 22, 2, 32, 31, 0
315, 22, 0, 32, 33, 0
315, 22, 2, 32, 39, 0
315, 22, 1, 32, 40, 0
315, 22, 2, 32, 41, 0
315, 22, 0, 32, 42, 0
315, 22, 2, 32, 45, 0
315, 22, 0, 32, 49, 0
315, 22, 0, 32, 51, 0
315, 22, 1, 32, 52, 0
315, 22, 2, 32, 54, 0
315, 22, 2, 32, 55, 0
315, 22, 3, 32, 56, 0
315, 22, 1, 32, 58, 0
315, 22, 0, 32, 59, 0
315, 22, 2, 33, 30, 0
315, 22, 2, 33, 34, 0
315, 22, 1, 33, 38, 0
315, 22, 0, 33, 39, 0
315, 22, 2, 33, 42, 0
315, 22, 1, 33, 43, 0
315, 22, 0, 33, 46, 0
315, 22, 3, 33, 48, 0
315, 22, 2, 33, 50, 0
315, 22, 3, 33, 52, 0
315, 22, 2, 33, 53, 0
315, 22, 1, 33, 54, 0
315, 22, 3, 33, 56, 0
315, 22, 2, 33, 57, 0
315, 22, 3, 33, 58, 0
315, 22, 1, 33, 60, 0
315, 22, 2, 34, 29, 0
315, 22, 1, 34, 33, 0
315, 22, 3, 34, 35, 0
315, 22, 0, 34, 37, 0
315, 22, 3, 34, 42, 0
315, 22, 0, 34, 44, 0
315, 22, 1, 34, 46, 0
315, 22, 0, 34, 50, 0
315, 22, 1, 34, 51, 0
315, 22, 2, 34, 53, 0
315, 22, 0, 34, 55, 0
315, 22, 2, 34, 59, 0
315, 22, 1, 35, 28, 0
315, 22, 3, 35, 30, 0
315, 22, 0, 35, 34, 0
315, 22, 0, 35, 37, 0
315, 22, 1, 35, 38, 0
315, 22, 3, 35, 41, 0
315, 22, 3, 35, 43, 0
315, 22, 0, 35, 46, 0
315, 22, 2, 35, 47, 0
315, 22, 1, 35, 49, 0
315, 22, 1, 35, 51, 0
315, 22, 3, 35, 52, 0
315, 22, 0, 35, 54, 0
315, 22, 0, 35, 55, 0
315, 22, 0, 36, 29, 0
315, 22, 0, 36, 32, 0
315, 22, 2, 36, 34, 0
315, 22, 3, 36, 36, 0
315, 22, 2, 36, 38, 0
315, 22, 2, 36, 42, 0
315, 22, 3, 36, 45, 0
315, 22, 3, 36, 47, 0
315, 22, 2, 36, 50, 0
315, 22, 2, 36, 53, 0
315, 22, 3, 36, 54, 0
315, 22, 1, 36, 56, 0
315, 22, 0, 37, 31, 0
315, 22, 3, 37, 35, 0
315, 22, 1, 37, 37, 0
315, 22, 0, 37, 38, 0
315, 22, 2, 37, 46, 0
315, 22, 0, 37, 53, 0
315, 22, 2, 37, 55, 0
315, 22, 2, 38, 29, 0
315, 22, 3, 38, 30, 0
315, 22, 1, 38, 32, 0
315, 22, 3, 38, 46, 0
315, 22, 3, 38, 49, 0
315, 22, 3, 38, 52, 0
315, 22, 1, 38, 54, 0
315, 22, 0, 39, 33, 0
315, 22, 2, 39, 38, 0
315, 22, 2, 39, 41, 0
315, 22, 3, 39, 43, 0
315, 22, 2, 39, 45, 0
315, 22, 0, 39, 47, 0
315, 22, 2, 39, 48, 0
315, 22, 0, 39, 50, 0
315, 22, 2, 40, 31, 0
315, 22, 1, 40, 35, 0
315, 22, 3, 40, 39, 0
315, 22, 0, 40, 40, 0
315, 22, 3, 40, 42, 0
315, 22, 1, 40, 46, 0
315, 22, 1, 40, 49, 0
315, 22, 1, 41, 30, 0
315, 22, 3, 41, 32, 0
315, 22, 3, 41, 34, 0
315, 22, 1, 41, 36, 0
315, 22, 0, 41, 38, 0
315, 22, 3, 41, 40, 0
315, 22, 0, 41, 41, 0
315, 22, 2, 41, 45, 0
315, 22, 0, 42, 31, 0
315, 22, 2, 42, 36, 0
315, 22, 0, 42, 37, 0
315, 22, 0, 42, 41, 0
315, 22, 1, 42, 44, 0
315, 22, 0, 42, 46, 0
315, 22, 3, 43, 39, 0
315, 22, 1, 43, 42, 0
315, 22, 1, 43, 44, 0
315, 22, 0, 43, 45, 0
315, 22, 1, 44, 34, 0
315, 22, 0, 44, 37, 0
315, 22, 1, 44, 40, 0
315, 22, 2, 44, 41, 0
315, 22, 3, 45, 38, 0
315, 22, 3, 45, 39, 0
315, 22, 2, 45, 42, 0
316, 22, 0, 0, 50, 0
316, 22, 3, 0, 56, 0
316, 22, 2, 1, 55, 0
316, 22, 2, 3, 48, 0
316, 22, 1, 3, 51, 0
316, 22, 2, 3, 54, 0
316, 22, 0, 3, 55, 0
316, 22, 3, 3, 59, 0
316, 22, 2, 3, 61, 0
316, 22, 0, 4, 43, 0
316, 22, 2, 5, 48, 0
316, 22, 3, 5, 49, 0
316, 22, 3, 5, 53, 0
316, 22, 1, 5, 57, 0
316, 22, 0, 5, 58, 0
316, 22, 1, 5, 61, 0
316, 22, 1, 7, 48, 0
316, 22, 0, 7, 52, 0
316, 22, 0, 7, 53, 0
316, 22, 2, 7, 60, 0
316, 22, 1, 8, 45, 0
316, 22, 2, 9, 47, 0
316, 22, 3, 9, 51, 0
316, 22, 3, 9, 55, 0
316, 22, 0, 9, 56, 0
316, 22, 1, 9, 60, 0
316, 22, 1, 10, 7, 0
316, 22, 0, 10, 57, 0
316, 22, 1, 11, 52, 0
316, 22, 2, 14, 50, 0
316, 22, 3, 14, 56, 0
316, 22, 2, 15, 52, 0
316, 22, 3, 16, 6, 0
316, 22, 1, 18, 11, 0
316, 22, 3, 19, 6, 0
316, 22, 3, 21, 39, 0
316, 22, 0, 21, 47, 0
316, 22, 3, 22, 49, 0
316, 22, 0, 25, 33, 0
316, 22, 1, 25, 41, 0
316, 22, 0, 27, 38, 0
316, 22, 0, 29, 40, 0
316, 22, 2, 30, 36, 0
316, 22, 3, 31, 33, 0
316, 22, 0, 31, 42, 0
316, 22, 2, 31, 54, 0
316, 22, 1, 32, 30, 0
316, 22, 2, 32, 48, 0
316, 22, 0, 33, 41, 0
316, 22, 0, 33, 51, 0
316, 22, 0, 33, 55, 0
316, 22, 3, 33, 59, 0
316, 22, 0, 34, 39, 0
316, 22, 0, 34, 41, 0
316, 22, 3, 34, 43, 0
316, 22, 3, 34, 47, 0
316, 22, 2, 36, 37, 0
316, 22, 3, 36, 46, 0
316, 22, 2, 37, 34, 0
316, 22, 0, 39, 49, 0
316, 22, 0, 40, 38, 0
316, 22, 3, 40, 41, 0
316, 22, 2, 41, 31, 0
316, 22, 1, 41, 35, 0
316, 22, 0, 42, 40, 0
316, 22, 3, 42, 45, 0
335, 22, 2, 1, 33, 0
335, 22, 3, 2, 37, 0
335, 22, 0, 6, 41, 0
335, 22, 2, 8, 8, 0
335, 22, 3, 8, 14, 0
335, 22, 1, 11, 22, 0
335, 22, 2, 11, 39, 0
335, 22, 1, 12, 7, 0
335, 22, 2, 12, 18, 0
335, 22, 0, 12, 30, 0
335, 22, 3, 12, 34, 0
335, 22, 1, 12, 44, 0
335, 22, 3, 13, 24, 0
335, 22, 0, 14, 10, 0
335, 22, 3, 14, 16, 0
335, 22, 0, 15, 47, 0
335, 22, 2, 17, 23, 0
335, 22, 1, 21, 23, 0
335, 22, 0, 22, 25, 0
335, 22, 1, 25, 59, 0
335, 22, 0, 30, 61, 0
336, 22, 0, 0, 32, 0
336, 22, 0, 1, 32, 0
336, 22, 1, 1, 34, 0
336, 22, 3, 1, 35, 0
336, 22, 3, 2, 36, 0
336, 22, 2, 2, 38, 0
336, 22, 3, 3, 39, 0
336, 22, 1, 4, 40, 0
336, 22, 3, 5, 41, 0
336, 22, 0, 7, 7, 0
336, 22, 1, 7, 14, 0
336, 22, 0, 7, 41, 0
336, 22, 1, 8, 7, 0
336, 22, 1, 8, 9, 0
336, 22, 2, 8, 41, 0
336, 22, 2, 9, 9, 0
336, 22, 2, 9, 13, 0
336, 22, 0, 9, 14, 0
336, 22, 0, 9, 41, 0
336, 22, 1, 10, 12, 0
336, 22, 0, 10, 14, 0
336, 22, 1, 10, 40, 0
336, 22, 3, 10, 42, 0
336, 22, 1, 11, 9, 0
336, 22, 3, 11, 21, 0
336, 22, 2, 11, 30, 0
336, 22, 1, 11, 43, 0
336, 22, 3, 12, 6, 0
336, 22, 0, 12, 8, 0
336, 22, 0, 12, 10, 0
336, 22, 3, 12, 17, 0
336, 22, 1, 12, 19, 0
336, 22, 0, 12, 22, 0
336, 22, 1, 12, 23, 0
336, 22, 2, 12, 24, 0
336, 22, 0, 12, 27, 0
336, 22, 1, 12, 28, 0
336, 22, 3, 12, 29, 0
336, 22, 1, 12, 31, 0
336, 22, 0, 12, 33, 0
336, 22, 1, 12, 35, 0
336, 22, 3, 12, 37, 0
336, 22, 2, 12, 38, 0
336, 22, 1, 12, 39, 0
336, 22, 2, 12, 43, 0
336, 22, 0, 13, 9, 0
336, 22, 1, 13, 10, 0
336, 22, 3, 13, 16, 0
336, 22, 0, 13, 18, 0
336, 22, 0, 13, 23, 0
336, 22, 3, 13, 26, 0
336, 22, 3, 13, 33, 0
336, 22, 2, 13, 34, 0
336, 22, 0, 13, 36, 0
336, 22, 1, 13, 44, 0
336, 22, 2, 14, 15, 0
336, 22, 1, 14, 24, 0
336, 22, 2, 14, 44, 0
336, 22, 2, 14, 46, 0
336, 22, 0, 14, 47, 0
336, 22, 2, 15, 10, 0
336, 22, 2, 15, 11, 0
336, 22, 1, 15, 15, 0
336, 22, 3, 15, 24, 0
336, 22, 1, 15, 46, 0
336, 22, 3, 15, 48, 0
336, 22, 2, 16, 12, 0
336, 22, 3, 16, 13, 0
336, 22, 0, 16, 14, 0
336, 22, 2, 16, 23, 0
336, 22, 1, 17, 24, 0
336, 22, 1, 18, 13, 0
336, 22, 0, 18, 23, 0
336, 22, 3, 20, 23, 0
336, 22, 3, 20, 53, 0
336, 22, 2, 21, 53, 0
336, 22, 0, 21, 55, 0
336, 22, 2, 22, 24, 0
336, 22, 1, 22, 55, 0
336, 22, 2, 22, 56, 0
336, 22, 2, 23, 24, 0
336, 22, 2, 23, 25, 0
336, 22, 3, 23, 56, 0
336, 22, 1, 23, 58, 0
336, 22, 0, 24, 58, 0
336, 22, 3, 25, 58, 0
336, 22, 1, 26, 58, 0
336, 22, 2, 26, 59, 0
336, 22, 1, 28, 60, 0
336, 22, 3, 29, 60, 0
336, 22, 0, 29, 61, 0
336, 22, 2, 31, 62, 0
337, 22, 1, 3, 40, 0
337, 22, 2, 10, 13, 0
337, 22, 3, 10, 41, 0
337, 22, 0, 12, 9, 0
337, 22, 1, 12, 32, 0
337, 22, 2, 13, 27, 0
337, 22, 2, 13, 37, 0
337, 22, 0, 14, 45, 0
337, 22, 3, 15, 23, 0
337, 22, 3, 17, 13, 0
337, 22, 1, 21, 54, 0
337, 22, 0, 23, 57, 0
337, 22, 3, 27, 59, 0
337, 22, 2, 31, 63, 0
352, 10, 2, 26, 14, 1
365, 10, 1, 9, 2, 0
365, 10, 0, 10, 5, 0
374, 10, 0, 6, 15, 0
374, 10, 3, 19, 9, 0
375, 10, 0, 20, 9, 0
388, 10, 0, 21, 3, 0
388, 10, 0, 21, 8, 0
388, 10, 2, 26, 8, 0
391, 4, 3, 25, 9, 0
444, 10, 1, 19, 58, 0
444, 10, 2, 21, 60, 0
444, 10, 0, 33, 12, 0
444, 10, 0, 42, 24, 0
444, 10, 3, 44, 26, 0
445, 10, 0, 21, 58, 0
445, 10, 2, 28, 62, 0
445, 10, 3, 42, 26, 0
447, 10, 2, 18, 57, 0
447, 10, 3, 19, 60, 0
447, 10, 2, 19, 62, 0
447, 10, 0, 23, 59, 0
447, 10, 2, 23, 61, 0
447, 10, 2, 32, 12, 0
447, 10, 1, 34, 11, 0
447, 10, 2, 35, 13, 0
447, 10, 1, 42, 23, 0
447, 10, 3, 44, 25, 0
447, 10, 2, 45, 25, 0
447, 10, 1, 46, 26, 0
602, 10, 2, 19, 16, 0
604, 10, 2, 26, 14, 0
604, 10, 0, 26, 9, 1
608, 10, 0, 19, 16, 1
616, 10, 3, 26, 4, 0
681, 10, 1, 26, 12, 0
682, 10, 1, 25, 12, 0
693, 10, 2, 26, 5, 0
706, 4, 3, 13, 2, 0
706, 5, 2, 16, 2, 0
706, 5, 2, 16, 4, 0
706, 4, 0, 21, 3, 0
706, 5, 1, 22, 8, 0
816, 10, 0, 32, 17, 0
816, 10, 0, 34, 16, 0
816, 10, 0, 44, 21, 0
816, 10, 0, 46, 20, 0
884, 10, 2, 12, 12, 0
887, 4, 3, 23, 9, 1
888, 4, 1, 4, 8, 0
888, 4, 0, 19, 12, 1
907, 5, 2, 20, 5, 0
916, 22, 1, 6, 14, 0
916, 22, 0, 12, 5, 0
916, 22, 1, 19, 13, 0
917, 22, 3, 4, 12, 0
917, 22, 0, 4, 15, 0
917, 22, 2, 5, 12, 0
917, 22, 1, 5, 15, 0
917, 22, 3, 21, 9, 0
917, 22, 0, 21, 10, 0
917, 22, 3, 22, 5, 0
917, 22, 0, 22, 6, 0
917, 22, 2, 25, 5, 0
917, 22, 1, 25, 6, 0
917, 22, 2, 25, 9, 0
917, 22, 1, 25, 10, 0
917, 22, 3, 3, 14, 1
917, 22, 0, 3, 17, 1
917, 22, 2, 4, 14, 1
917, 22, 1, 4, 17, 1
918, 22, 3, 4, 13, 0
918, 22, 3, 4, 14, 0
918, 22, 1, 5, 13, 0
918, 22, 1, 5, 14, 0
918, 22, 2, 22, 9, 0
918, 22, 0, 22, 10, 0
918, 22, 2, 23, 5, 0
918, 22, 0, 23, 6, 0
918, 22, 2, 23, 9, 0
918, 22, 0, 23, 10, 0
918, 22, 2, 24, 5, 0
918, 22, 0, 24, 6, 0
918, 22, 2, 24, 9, 0
918, 22, 0, 24, 10, 0
918, 22, 3, 3, 15, 1
918, 22, 3, 3, 16, 1
918, 22, 1, 4, 15, 1
918, 22, 1, 4, 16, 1
963, 4, 3, 4, 2, 0
994, 0, 1, 21, 14, 1
994, 0, 0, 21, 15, 1
994, 0, 0, 21, 16, 1
994, 0, 1, 22, 14, 1
994, 0, 1, 23, 14, 1
1019, 4, 0, 21, 5, 0
1019, 5, 1, 24, 8, 0
1020, 5, 1, 23, 8, 0
1020, 4, 3, 24, 3, 0
1021, 5, 1, 25, 8, 0
1022, 4, 3, 24, 9, 0
1096, 10, 1, 26, 6, 0
1158, 10, 3, 19, 15, 0
1158, 10, 2, 26, 16, 0
1159, 7, 2, 6, 11, 1
1159, 7, 1, 6, 18, 1
1159, 5, 2, 18, 11, 1
1159, 5, 2, 18, 14, 1
1159, 5, 3, 21, 17, 1
1159, 5, 3, 24, 17, 1
1161, 10, 0, 2, 56, 0
1161, 10, 0, 2, 58, 0
1161, 10, 0, 2, 60, 0
1161, 10, 0, 4, 56, 0
1161, 10, 0, 4, 58, 0
1161, 10, 0, 4, 60, 0
1161, 10, 0, 6, 56, 0
1161, 10, 0, 6, 58, 0
1161, 10, 0, 6, 60, 0
1161, 10, 0, 8, 56, 0
1161, 10, 0, 8, 58, 0
1161, 10, 0, 8, 60, 0
1161, 10, 0, 10, 56, 0
1161, 10, 0, 10, 58, 0
1161, 10, 0, 10, 60, 0
1171, 10, 0, 47, 24, 0
1171, 10, 1, 49, 21, 0
1171, 10, 3, 51, 23, 0
1189, 10, 1, 9, 20, 0
1189, 10, 1, 10, 18, 0
1189, 10, 0, 15, 19, 0
1189, 10, 1, 16, 17, 0
1189, 10, 3, 17, 19, 0
1189, 10, 1, 26, 25, 0
1189, 10, 3, 28, 27, 0
1189, 10, 0, 29, 25, 0
1190, 10, 0, 7, 16, 0
1190, 10, 0, 7, 17, 0
1190, 10, 0, 7, 18, 0
1192, 10, 1, 15, 20, 0
1192, 10, 0, 16, 26, 0
1192, 10, 2, 17, 21, 0
1193, 10, 3, 16, 20, 0
1193, 10, 2, 17, 20, 0
1193, 10, 3, 17, 26, 0
1193, 10, 0, 17, 27, 0
1194, 10, 0, 14, 21, 0
1194, 10, 0, 14, 26, 0
1194, 10, 0, 15, 22, 0
1194, 10, 0, 15, 25, 0
1195, 10, 0, 16, 21, 0
1196, 10, 2, 15, 21, 0
1196, 10, 0, 15, 27, 0
1196, 10, 1, 16, 27, 0
1246, 22, 3, 0, 27, 0
1246, 22, 2, 1, 28, 0
1246, 22, 3, 2, 27, 0
1246, 22, 1, 3, 36, 0
1246, 22, 1, 4, 23, 0
1246, 22, 2, 4, 25, 0
1246, 22, 1, 5, 32, 0
1246, 22, 2, 6, 35, 0
1246, 22, 0, 7, 39, 0
1246, 22, 2, 8, 31, 0
1246, 22, 1, 8, 37, 0
1246, 22, 0, 8, 43, 0
1246, 22, 0, 9, 34, 0
1246, 22, 3, 11, 32, 0
1246, 22, 3, 13, 32, 0
1246, 22, 1, 15, 30, 0
1246, 22, 0, 16, 33, 0
1246, 22, 0, 16, 37, 0
1246, 22, 3, 18, 33, 0
1246, 22, 1, 19, 44, 0
1246, 22, 0, 19, 46, 0
1246, 22, 3, 19, 48, 0
1246, 22, 2, 21, 51, 0
1246, 22, 2, 24, 54, 0
1246, 22, 1, 31, 9, 0
1246, 22, 2, 34, 3, 0
1246, 22, 0, 36, 57, 0
1246, 22, 1, 39, 55, 0
1246, 22, 1, 40, 58, 0
1246, 22, 2, 41, 61, 0
1246, 22, 1, 42, 7, 0
1246, 22, 1, 42, 60, 0
1246, 22, 1, 43, 5, 0
1246, 22, 0, 44, 57, 0
1246, 22, 3, 45, 3, 0
1246, 22, 0, 45, 6, 0
1246, 22, 0, 45, 8, 0
1246, 22, 2, 45, 18, 0
1246, 22, 2, 45, 53, 0
1246, 22, 1, 46, 21, 0
1246, 22, 0, 48, 2, 0
1246, 22, 0, 48, 55, 0
1246, 22, 2, 49, 42, 0
1246, 22, 1, 50, 29, 0
1246, 22, 1, 51, 25, 0
1246, 22, 0, 53, 31, 0
1246, 22, 3, 54, 4, 0
1246, 22, 2, 54, 26, 0
1246, 22, 3, 54, 52, 0
1246, 22, 3, 55, 29, 0
1246, 22, 0, 55, 54, 0
1246, 22, 3, 56, 49, 0
1246, 22, 3, 57, 57, 0
1246, 22, 0, 58, 31, 0
1246, 22, 0, 59, 51, 0
1246, 22, 3, 61, 48, 0
1246, 22, 1, 61, 54, 0
1246, 22, 2, 62, 58, 0
1247, 22, 1, 0, 28, 0
1247, 22, 3, 1, 23, 0
1247, 22, 0, 1, 24, 0
1247, 22, 0, 1, 25, 0
1247, 22, 3, 1, 26, 0
1247, 22, 2, 1, 27, 0
1247, 22, 2, 2, 24, 0
1247, 22, 0, 3, 23, 0
1247, 22, 1, 3, 24, 0
1247, 22, 2, 3, 25, 0
1247, 22, 2, 3, 26, 0
1247, 22, 2, 3, 27, 0
1247, 22, 2, 3, 34, 0
1247, 22, 0, 4, 24, 0
1247, 22, 1, 4, 26, 0
1247, 22, 1, 4, 27, 0
1247, 22, 0, 4, 35, 0
1247, 22, 3, 4, 36, 0
1247, 22, 0, 5, 26, 0
1247, 22, 2, 5, 35, 0
1247, 22, 3, 6, 25, 0
1247, 22, 0, 6, 26, 0
1247, 22, 1, 6, 30, 0
1247, 22, 0, 6, 31, 0
1247, 22, 3, 6, 32, 0
1247, 22, 0, 6, 38, 0
1247, 22, 1, 6, 39, 0
1247, 22, 3, 7, 29, 0
1247, 22, 2, 7, 30, 0
1247, 22, 3, 7, 33, 0
1247, 22, 3, 7, 34, 0
1247, 22, 2, 7, 36, 0
1247, 22, 3, 7, 37, 0
1247, 22, 0, 7, 38, 0
1247, 22, 1, 8, 32, 0
1247, 22, 0, 8, 34, 0
1247, 22, 1, 8, 35, 0
1247, 22, 3, 8, 39, 0
1247, 22, 3, 9, 30, 0
1247, 22, 0, 9, 31, 0
1247, 22, 3, 9, 32, 0
1247, 22, 0, 9, 35, 0
1247, 22, 1, 9, 36, 0
1247, 22, 1, 9, 37, 0
1247, 22, 2, 9, 38, 0
1247, 22, 3, 9, 39, 0
1247, 22, 2, 10, 30, 0
1247, 22, 1, 10, 31, 0
1247, 22, 0, 10, 32, 0
1247, 22, 2, 10, 36, 0
1247, 22, 1, 13, 30, 0
1247, 22, 2, 13, 31, 0
1247, 22, 1, 14, 30, 0
1247, 22, 3, 14, 32, 0
1247, 22, 0, 15, 32, 0
1247, 22, 1, 15, 33, 0
1247, 22, 3, 15, 37, 0
1247, 22, 3, 16, 30, 0
1247, 22, 2, 16, 31, 0
1247, 22, 0, 16, 32, 0
1247, 22, 0, 16, 38, 0
1247, 22, 2, 17, 31, 0
1247, 22, 1, 17, 32, 0
1247, 22, 2, 17, 34, 0
1247, 22, 2, 17, 43, 0
1247, 22, 1, 17, 44, 0
1247, 22, 3, 18, 32, 0
1247, 22, 1, 18, 34, 0
1247, 22, 0, 18, 43, 0
1247, 22, 1, 18, 44, 0
1247, 22, 1, 18, 45, 0
1247, 22, 2, 18, 49, 0
1247, 22, 2, 19, 32, 0
1247, 22, 1, 19, 33, 0
1247, 22, 0, 19, 43, 0
1247, 22, 1, 20, 51, 0
1247, 22, 0, 20, 52, 0
1247, 22, 3, 21, 52, 0
1247, 22, 0, 24, 53, 0
1247, 22, 2, 25, 53, 0
1247, 22, 1, 25, 54, 0
1247, 22, 2, 27, 1, 0
1247, 22, 3, 28, 1, 0
1247, 22, 0, 28, 56, 0
1247, 22, 0, 28, 57, 0
1247, 22, 3, 28, 62, 0
1247, 22, 2, 28, 63, 0
1247, 22, 1, 29, 56, 0
1247, 22, 0, 30, 9, 0
1247, 22, 1, 32, 1, 0
1247, 22, 3, 33, 23, 0
1247, 22, 2, 34, 1, 0
1247, 22, 2, 35, 22, 0
1247, 22, 2, 35, 57, 0
1247, 22, 1, 35, 60, 0
1247, 22, 1, 36, 20, 0
1247, 22, 3, 36, 22, 0
1247, 22, 2, 36, 59, 0
1247, 22, 1, 36, 60, 0
1247, 22, 2, 37, 9, 0
1247, 22, 2, 37, 20, 0
1247, 22, 2, 37, 21, 0
1247, 22, 3, 37, 22, 0
1247, 22, 1, 38, 9, 0
1247, 22, 0, 39, 53, 0
1247, 22, 2, 40, 8, 0
1247, 22, 0, 40, 9, 0
1247, 22, 1, 40, 54, 0
1247, 22, 1, 40, 55, 0
1247, 22, 0, 40, 59, 0
1247, 22, 1, 41, 50, 0
1247, 22, 0, 41, 51, 0
1247, 22, 1, 41, 57, 0
1247, 22, 3, 42, 2, 0
1247, 22, 1, 42, 6, 0
1247, 22, 2, 42, 50, 0
1247, 22, 2, 42, 51, 0
1247, 22, 0, 43, 3, 0
1247, 22, 2, 43, 4, 0
1247, 22, 1, 44, 9, 0
1247, 22, 2, 44, 21, 0
1247, 22, 3, 44, 52, 0
1247, 22, 1, 45, 20, 0
1247, 22, 0, 45, 21, 0
1247, 22, 1, 45, 52, 0
1247, 22, 3, 45, 56, 0
1247, 22, 3, 46, 7, 0
1247, 22, 2, 46, 49, 0
1247, 22, 0, 47, 2, 0
1247, 22, 3, 47, 7, 0
1247, 22, 3, 47, 16, 0
1247, 22, 0, 47, 17, 0
1247, 22, 0, 47, 48, 0
1247, 22, 1, 47, 49, 0
1247, 22, 0, 47, 54, 0
1247, 22, 1, 47, 55, 0
1247, 22, 2, 48, 52, 0
1247, 22, 3, 48, 54, 0
1247, 22, 1, 49, 16, 0
1247, 22, 2, 49, 17, 0
1247, 22, 1, 49, 29, 0
1247, 22, 0, 49, 41, 0
1247, 22, 3, 49, 51, 0
1247, 22, 3, 49, 52, 0
1247, 22, 1, 50, 28, 0
1247, 22, 3, 50, 58, 0
1247, 22, 3, 51, 26, 0
1247, 22, 3, 51, 55, 0
1247, 22, 1, 51, 61, 0
1247, 22, 2, 51, 62, 0
1247, 22, 3, 52, 30, 0
1247, 22, 0, 52, 31, 0
1247, 22, 0, 52, 51, 0
1247, 22, 2, 52, 54, 0
1247, 22, 3, 52, 61, 0
1247, 22, 1, 53, 4, 0
1247, 22, 0, 53, 26, 0
1247, 22, 1, 53, 27, 0
1247, 22, 3, 53, 28, 0
1247, 22, 3, 53, 29, 0
1247, 22, 2, 53, 30, 0
1247, 22, 0, 53, 49, 0
1247, 22, 3, 53, 50, 0
1247, 22, 1, 53, 51, 0
1247, 22, 1, 53, 54, 0
1247, 22, 3, 53, 60, 0
1247, 22, 0, 53, 61, 0
1247, 22, 1, 54, 12, 0
1247, 22, 2, 54, 13, 0
1247, 22, 1, 54, 28, 0
1247, 22, 0, 54, 29, 0
1247, 22, 2, 54, 31, 0
1247, 22, 2, 54, 32, 0
1247, 22, 0, 54, 33, 0
1247, 22, 0, 54, 50, 0
1247, 22, 3, 54, 53, 0
1247, 22, 0, 54, 54, 0
1247, 22, 2, 54, 59, 0
1247, 22, 2, 55, 28, 0
1247, 22, 0, 55, 30, 0
1247, 22, 3, 55, 31, 0
1247, 22, 1, 55, 32, 0
1247, 22, 0, 55, 33, 0
1247, 22, 2, 55, 45, 0
1247, 22, 2, 55, 46, 0
1247, 22, 1, 55, 49, 0
1247, 22, 3, 55, 52, 0
1247, 22, 1, 55, 56, 0
1247, 22, 0, 55, 60, 0
1247, 22, 0, 56, 16, 0
1247, 22, 1, 56, 28, 0
1247, 22, 3, 56, 45, 0
1247, 22, 0, 56, 46, 0
1247, 22, 2, 56, 52, 0
1247, 22, 2, 56, 55, 0
1247, 22, 2, 57, 31, 0
1247, 22, 2, 57, 36, 0
1247, 22, 3, 57, 48, 0
1247, 22, 2, 57, 49, 0
1247, 22, 2, 57, 51, 0
1247, 22, 1, 57, 52, 0
1247, 22, 3, 57, 55, 0
1247, 22, 3, 57, 56, 0
1247, 22, 2, 57, 60, 0
1247, 22, 1, 58, 12, 0
1247, 22, 2, 58, 13, 0
1247, 22, 3, 58, 30, 0
1247, 22, 0, 58, 35, 0
1247, 22, 0, 58, 52, 0
1247, 22, 3, 58, 59, 0
1247, 22, 1, 59, 13, 0
1247, 22, 0, 59, 52, 0
1247, 22, 2, 59, 54, 0
1247, 22, 3, 60, 17, 0
1247, 22, 2, 60, 28, 0
1247, 22, 2, 60, 49, 0
1247, 22, 1, 60, 54, 0
1247, 22, 0, 60, 55, 0
1247, 22, 0, 61, 11, 0
1247, 22, 0, 61, 16, 0
1247, 22, 1, 61, 27, 0
1247, 22, 3, 61, 49, 0
1247, 22, 2, 62, 10, 0
1247, 22, 0, 62, 11, 0
1247, 22, 1, 62, 23, 0
1247, 22, 0, 63, 22, 0
1247, 22, 1, 63, 23, 0
1247, 22, 2, 63, 50, 0
1247, 22, 1, 63, 51, 0
1248, 22, 2, 2, 18, 0
1248, 22, 3, 4, 57, 0
1248, 22, 0, 6, 54, 0
1248, 22, 1, 7, 8, 0
1248, 22, 0, 10, 10, 0
1248, 22, 0, 11, 50, 0
1248, 22, 2, 12, 15, 0
1248, 22, 0, 13, 25, 0
1248, 22, 2, 13, 35, 0
1248, 22, 1, 13, 45, 0
1248, 22, 3, 15, 13, 0
1248, 22, 1, 18, 51, 0
1248, 22, 2, 21, 63, 0
1248, 22, 3, 22, 22, 0
1248, 22, 0, 25, 57, 0
1248, 22, 0, 26, 16, 0
1248, 22, 3, 36, 63, 0
1248, 22, 0, 50, 53, 0
1248, 22, 3, 51, 20, 0
1248, 22, 0, 2, 11, 1
1248, 22, 2, 2, 18, 1
1248, 22, 1, 5, 12, 1
1264, 22, 2, 8, 33, 0
1264, 22, 3, 10, 37, 0
1264, 22, 3, 16, 34, 0
1264, 22, 3, 18, 46, 0
1264, 22, 2, 35, 21, 0
1264, 22, 0, 41, 62, 0
1264, 22, 1, 42, 12, 0
1264, 22, 1, 46, 52, 0
1264, 22, 0, 46, 62, 0
1264, 22, 2, 48, 13, 0
1264, 22, 1, 50, 26, 0
1264, 22, 1, 50, 59, 0
1264, 22, 0, 52, 34, 0
1264, 22, 0, 53, 32, 0
1264, 22, 0, 55, 57, 0
1264, 22, 2, 56, 29, 0
1264, 22, 3, 56, 48, 0
1264, 22, 3, 56, 54, 0
1264, 22, 2, 57, 50, 0
1264, 22, 0, 58, 36, 0
1265, 22, 1, 9, 33, 0
1265, 22, 0, 15, 31, 0
1265, 22, 3, 18, 28, 0
1276, 10, 3, 0, 27, 0
1276, 10, 2, 1, 23, 0
1276, 10, 2, 2, 42, 0
1276, 10, 3, 3, 35, 0
1276, 10, 1, 5, 25, 0
1276, 10, 2, 5, 31, 0
1276, 10, 1, 6, 29, 0
1276, 10, 1, 7, 33, 0
1276, 10, 3, 7, 43, 0
1276, 10, 3, 8, 38, 0
1276, 10, 1, 9, 30, 0
1276, 10, 0, 10, 35, 0
1276, 10, 2, 14, 28, 0
1276, 10, 1, 15, 33, 0
1276, 10, 3, 16, 29, 0
1276, 10, 0, 17, 33, 0
1276, 10, 3, 18, 7, 0
1276, 10, 1, 18, 31, 0
1276, 10, 1, 18, 43, 0
1276, 10, 1, 18, 48, 0
1276, 10, 1, 21, 26, 0
1276, 10, 0, 27, 0, 0
1276, 10, 2, 28, 56, 0
1276, 10, 1, 30, 8, 0
1276, 10, 0, 35, 5, 0
1276, 10, 3, 35, 56, 0
1276, 10, 3, 39, 9, 0
1276, 10, 2, 40, 1, 0
1276, 10, 1, 40, 57, 0
1276, 10, 0, 41, 59, 0
1276, 10, 0, 44, 3, 0
1276, 10, 2, 44, 8, 0
1276, 10, 2, 44, 52, 0
1276, 10, 0, 47, 2, 0
1276, 10, 1, 47, 7, 0
1276, 10, 3, 47, 14, 0
1276, 10, 3, 48, 41, 0
1276, 10, 3, 48, 51, 0
1276, 10, 2, 49, 58, 0
1276, 10, 3, 51, 61, 0
1276, 10, 3, 52, 3, 0
1276, 10, 3, 52, 30, 0
1276, 10, 1, 52, 50, 0
1276, 10, 1, 53, 20, 0
1276, 10, 2, 53, 26, 0
1276, 10, 2, 53, 53, 0
1276, 10, 1, 54, 32, 0
1276, 10, 3, 54, 51, 0
1276, 10, 0, 55, 28, 0
1276, 10, 2, 55, 45, 0
1276, 10, 3, 56, 4, 0
1276, 10, 1, 56, 48, 0
1276, 10, 0, 56, 51, 0
1276, 10, 1, 58, 12, 0
1276, 10, 3, 60, 16, 0
1276, 10, 1, 60, 48, 0
1276, 10, 3, 60, 54, 0
1276, 10, 3, 61, 10, 0
1276, 10, 0, 61, 57, 0
1276, 10, 0, 62, 22, 0
1276, 10, 0, 62, 50, 0
1278, 10, 2, 0, 25, 0
1278, 10, 3, 3, 23, 0
1278, 10, 0, 5, 34, 0
1278, 10, 2, 6, 38, 0
1278, 10, 3, 7, 31, 0
1278, 10, 2, 15, 37, 0
1278, 10, 1, 16, 31, 0
1278, 10, 3, 16, 43, 0
1278, 10, 1, 18, 27, 0
1278, 10, 0, 18, 45, 0
1278, 10, 0, 20, 51, 0
1278, 10, 1, 24, 53, 0
1278, 10, 1, 32, 22, 0
1278, 10, 1, 35, 59, 0
1278, 10, 0, 37, 8, 0
1278, 10, 2, 39, 54, 0
1278, 10, 0, 39, 59, 0
1278, 10, 0, 40, 61, 0
1278, 10, 2, 41, 50, 0
1278, 10, 3, 42, 1, 0
1278, 10, 2, 44, 5, 0
1278, 10, 3, 44, 56, 0
1278, 10, 2, 46, 16, 0
1278, 10, 3, 46, 48, 0
1278, 10, 1, 46, 61, 0
1278, 10, 1, 47, 32, 0
1278, 10, 2, 47, 54, 0
1278, 10, 3, 49, 16, 0
1278, 10, 3, 49, 28, 0
1278, 10, 3, 50, 25, 0
1278, 10, 3, 51, 34, 0
1278, 10, 1, 51, 54, 0
1278, 10, 3, 53, 12, 0
1278, 10, 3, 53, 28, 0
1278, 10, 2, 54, 30, 0
1278, 10, 3, 54, 49, 0
1278, 10, 1, 55, 53, 0
1278, 10, 3, 56, 15, 0
1278, 10, 1, 57, 30, 0
1278, 10, 3, 57, 35, 0
1278, 10, 0, 57, 59, 0
1278, 10, 0, 58, 51, 0
1278, 10, 2, 60, 27, 0
1281, 10, 2, 2, 25, 0
1281, 10, 0, 7, 35, 0
1281, 10, 2, 9, 32, 0
1281, 10, 2, 13, 30, 0
1281, 10, 2, 32, 1, 0
1281, 10, 1, 35, 20, 0
1281, 10, 0, 37, 5, 0
1281, 10, 1, 40, 6, 0
1281, 10, 3, 41, 3, 0
1281, 10, 1, 53, 59, 0
1281, 10, 0, 55, 55, 0
1391, 10, 3, 33, 8, 0
1392, 10, 3, 28, 12, 0
1392, 10, 3, 29, 3, 0
1393, 10, 0, 29, 6, 0
1393, 10, 1, 35, 9, 0
1393, 10, 1, 36, 2, 0
1393, 10, 0, 38, 1, 0
1393, 10, 3, 40, 17, 0
1393, 10, 1, 49, 12, 0
1530, 0, 2, 20, 6, 0
1531, 0, 0, 12, 5, 0
1534, 9, 0, 6, 7, 0
1534, 0, 1, 6, 14, 0
1534, 0, 3, 19, 13, 0
1534, 0, 0, 25, 16, 0
1821, 5, 2, 1, 3, 0
1821, 5, 2, 1, 7, 0
1821, 4, 0, 2, 3, 0
1821, 4, 0, 2, 7, 0
1821, 4, 1, 3, 8, 0
1821, 5, 3, 3, 9, 0
1821, 5, 1, 3, 10, 0
1821, 4, 3, 3, 11, 0
1821, 4, 1, 3, 18, 0
1821, 5, 3, 3, 19, 0
1821, 4, 1, 5, 8, 0
1821, 5, 3, 5, 9, 0
1821, 4, 2, 6, 12, 0
1821, 4, 2, 6, 17, 0
1821, 5, 0, 7, 12, 0
1821, 5, 0, 7, 17, 0
1821, 5, 2, 20, 4, 0
1821, 5, 2, 20, 7, 0
1821, 4, 0, 21, 4, 0
1821, 4, 0, 21, 7, 0
1821, 5, 1, 22, 2, 0
1821, 4, 3, 22, 3, 0
1821, 5, 1, 25, 2, 0
1821, 4, 3, 25, 3, 0
1821, 4, 2, 26, 4, 0
1821, 4, 2, 26, 7, 0
1821, 5, 0, 27, 4, 0
1821, 5, 0, 27, 7, 0
1821, 5, 2, 1, 4, 1
1821, 5, 2, 1, 6, 1
1821, 5, 2, 1, 13, 1
1821, 5, 2, 1, 16, 1
1821, 4, 0, 2, 4, 1
1821, 4, 0, 2, 6, 1
1821, 4, 0, 2, 13, 1
1821, 4, 0, 2, 16, 1
1821, 5, 1, 3, 1, 1
1821, 4, 3, 3, 2, 1
1821, 4, 1, 3, 8, 1
1821, 5, 3, 3, 9, 1
1821, 4, 1, 4, 10, 1
1821, 5, 3, 4, 11, 1
1821, 5, 1, 4, 18, 1
1821, 4, 3, 4, 19, 1
1821, 5, 2, 6, 13, 1
1821, 5, 2, 6, 16, 1
1821, 5, 1, 7, 1, 1
1821, 4, 3, 7, 2, 1
1821, 8, 3, 7, 7, 1
1821, 4, 0, 7, 13, 1
1821, 4, 0, 7, 16, 1
1823, 5, 2, 18, 10, 1
1823, 5, 2, 18, 15, 1
1823, 5, 3, 25, 17, 1
1823, 5, 0, 27, 10, 1
1823, 5, 0, 27, 15, 1
1828, 4, 1, 10, 5, 0
1828, 5, 3, 10, 6, 0
1828, 4, 1, 14, 5, 0
1828, 5, 3, 14, 6, 0
1828, 5, 2, 18, 11, 0
1828, 5, 2, 18, 15, 0
1828, 5, 0, 27, 11, 0
1828, 5, 0, 27, 15, 0
1830, 4, 0, 19, 11, 0
1830, 4, 0, 19, 15, 0
1830, 4, 2, 26, 11, 0
1830, 4, 2, 26, 15, 0
1830, 4, 0, 19, 10, 1
1830, 4, 0, 19, 15, 1
1830, 4, 1, 25, 16, 1
1830, 4, 2, 26, 10, 1
1830, 4, 2, 26, 15, 1
1838, 5, 1, 11, 1, 0
1838, 4, 3, 11, 2, 0
1838, 5, 1, 14, 1, 0
1838, 4, 3, 14, 2, 0
2024, 10, 2, 23, 5, 0
2724, 10, 3, 23, 3, 0
2733, 22, 0, 3, 15, 0
2739, 22, 0, 24, 3, 0
2741, 22, 0, 34, 40, 0
2750, 22, 0, 12, 4, 0
2756, 22, 0, 4, 3, 0
2772, 22, 0, 26, 9, 0
3366, 10, 0, 2, 49, 0
3366, 10, 0, 2, 51, 0
3366, 10, 0, 2, 53, 0
3366, 10, 0, 4, 49, 0
3366, 10, 0, 4, 51, 0
3366, 10, 0, 4, 53, 0
3366, 10, 0, 6, 49, 0
3366, 10, 0, 6, 51, 0
3366, 10, 0, 6, 53, 0
3366, 10, 0, 8, 49, 0
3366, 10, 0, 8, 51, 0
3366, 10, 0, 8, 53, 0
3366, 10, 0, 10, 49, 0
3366, 10, 0, 10, 51, 0
3366, 10, 0, 10, 53, 0
4339, 22, 2, 2, 5, 0
4339, 22, 0, 2, 14, 0
4339, 22, 2, 3, 2, 0
4339, 22, 1, 3, 12, 0
4339, 22, 2, 3, 16, 0
4339, 22, 3, 5, 18, 0
4339, 22, 0, 6, 5, 0
4339, 22, 1, 8, 2, 0
4339, 22, 3, 11, 2, 0
4339, 22, 0, 16, 5, 0
4339, 22, 2, 20, 12, 0
4339, 22, 1, 24, 13, 0
4339, 22, 0, 26, 8, 0
4339, 22, 0, 3, 12, 1
4339, 22, 1, 5, 17, 1
4339, 22, 3, 6, 13, 1
4340, 22, 3, 2, 3, 0
4340, 22, 2, 2, 4, 0
4340, 22, 0, 2, 6, 0
4340, 22, 0, 3, 3, 0
4340, 22, 1, 3, 5, 0
4340, 22, 0, 3, 13, 0
4340, 22, 3, 3, 14, 0
4340, 22, 3, 3, 17, 0
4340, 22, 1, 4, 2, 0
4340, 22, 2, 4, 18, 0
4340, 22, 2, 5, 3, 0
4340, 22, 2, 5, 8, 0
4340, 22, 1, 5, 17, 0
4340, 22, 0, 6, 2, 0
4340, 22, 3, 6, 3, 0
4340, 22, 1, 6, 4, 0
4340, 22, 2, 6, 6, 0
4340, 22, 0, 6, 12, 0
4340, 22, 2, 6, 16, 0
4340, 22, 0, 7, 2, 0
4340, 22, 0, 7, 4, 0
4340, 22, 0, 7, 5, 0
4340, 22, 1, 7, 6, 0
4340, 22, 2, 8, 3, 0
4340, 22, 3, 8, 4, 0
4340, 22, 2, 10, 4, 0
4340, 22, 0, 11, 3, 0
4340, 22, 1, 11, 4, 0
4340, 22, 0, 13, 5, 0
4340, 22, 2, 14, 2, 0
4340, 22, 1, 14, 5, 0
4340, 22, 0, 15, 3, 0
4340, 22, 3, 15, 4, 0
4340, 22, 0, 15, 5, 0
4340, 22, 1, 19, 10, 0
4340, 22, 1, 19, 12, 0
4340, 22, 0, 19, 15, 0
4340, 22, 1, 19, 16, 0
4340, 22, 0, 20, 9, 0
4340, 22, 0, 20, 11, 0
4340, 22, 0, 20, 13, 0
4340, 22, 2, 20, 15, 0
4340, 22, 3, 21, 7, 0
4340, 22, 2, 21, 12, 0
4340, 22, 3, 22, 3, 0
4340, 22, 2, 22, 4, 0
4340, 22, 2, 22, 8, 0
4340, 22, 2, 22, 15, 0
4340, 22, 2, 23, 8, 0
4340, 22, 2, 23, 13, 0
4340, 22, 0, 24, 4, 0
4340, 22, 1, 24, 7, 0
4340, 22, 0, 24, 12, 0
4340, 22, 3, 24, 14, 0
4340, 22, 3, 24, 15, 0
4340, 22, 2, 25, 8, 0
4340, 22, 1, 25, 11, 0
4340, 22, 3, 25, 13, 0
4340, 22, 2, 25, 14, 0
4340, 22, 0, 25, 16, 0
4340, 22, 3, 26, 7, 0
4340, 22, 0, 2, 12, 1
4340, 22, 3, 2, 14, 1
4340, 22, 1, 2, 16, 1
4340, 22, 0, 3, 13, 1
4340, 22, 3, 4, 12, 1
4340, 22, 2, 5, 13, 1
4340, 22, 1, 5, 14, 1
4340, 22, 2, 5, 16, 1
4340, 22, 1, 5, 18, 1
4340, 22, 3, 6, 16, 1
4341, 22, 1, 4, 8, 0
4341, 22, 3, 5, 2, 0
4341, 22, 1, 6, 13, 0
4341, 22, 1, 7, 3, 0
4341, 22, 0, 8, 5, 0
4341, 22, 2, 9, 4, 0
4341, 22, 1, 11, 5, 0
4341, 22, 0, 15, 2, 0
4341, 22, 2, 19, 9, 0
4341, 22, 3, 20, 16, 0
4341, 22, 0, 21, 8, 0
4341, 22, 0, 23, 4, 0
4341, 22, 2, 24, 8, 0
4341, 22, 0, 24, 16, 0
4341, 22, 2, 26, 11, 0
4341, 22, 0, 2, 13, 1
4342, 22, 2, 16, 21, 0
4342, 22, 1, 16, 26, 0
4343, 22, 0, 15, 21, 0
4343, 22, 3, 15, 26, 0
4343, 22, 0, 16, 20, 0
4343, 22, 1, 17, 21, 0
4343, 22, 1, 17, 26, 0
4343, 22, 2, 17, 27, 0
4344, 22, 2, 15, 20, 0
4344, 22, 3, 15, 27, 0
4344, 22, 2, 16, 27, 0
4344, 22, 0, 17, 20, 0
4735, 22, 3, 0, 5, 0
4735, 22, 2, 0, 9, 0
4735, 22, 1, 0, 10, 0
4735, 22, 2, 0, 11, 0
4735, 22, 0, 0, 14, 0
4735, 22, 3, 0, 18, 0
4735, 22, 2, 0, 19, 0
4735, 22, 1, 0, 23, 0
4735, 22, 2, 0, 24, 0
4735, 22, 0, 0, 40, 0
4735, 22, 2, 0, 41, 0
4735, 22, 1, 1, 41, 0
4735, 22, 3, 3, 21, 0
4735, 22, 0, 3, 22, 0
4735, 22, 2, 7, 26, 0
4735, 22, 3, 8, 28, 0
4735, 22, 0, 9, 25, 0
4735, 22, 3, 9, 28, 0
4735, 22, 0, 14, 62, 0
4735, 22, 3, 15, 63, 0
4735, 22, 1, 16, 63, 0
4735, 22, 1, 17, 57, 0
4735, 22, 3, 17, 62, 0
4735, 22, 0, 17, 63, 0
4735, 22, 2, 18, 58, 0
4735, 22, 3, 19, 18, 0
4735, 22, 0, 19, 61, 0
4735, 22, 1, 20, 18, 0
4735, 22, 1, 20, 61, 0
4735, 22, 2, 22, 62, 0
4735, 22, 0, 23, 18, 0
4735, 22, 1, 23, 60, 0
4735, 22, 2, 23, 62, 0
4735, 22, 0, 23, 63, 0
4735, 22, 0, 24, 63, 0
4735, 22, 3, 26, 0, 0
4735, 22, 2, 26, 19, 0
4735, 22, 1, 26, 21, 0
4735, 22, 0, 27, 23, 0
4735, 22, 3, 29, 24, 0
4735, 22, 2, 30, 23, 0
4735, 22, 1, 31, 22, 0
4735, 22, 2, 32, 20, 0
4735, 22, 0, 33, 0, 0
4735, 22, 2, 34, 10, 0
4735, 22, 3, 34, 24, 0
4735, 22, 1, 35, 4, 0
4735, 22, 2, 35, 7, 0
4735, 22, 3, 36, 8, 0
4735, 22, 1, 36, 9, 0
4735, 22, 0, 36, 13, 0
4735, 22, 3, 36, 17, 0
4735, 22, 3, 36, 18, 0
4735, 22, 2, 37, 60, 0
4735, 22, 0, 38, 11, 0
4735, 22, 2, 38, 19, 0
4735, 22, 3, 38, 21, 0
4735, 22, 1, 39, 20, 0
4735, 22, 0, 39, 26, 0
4735, 22, 0, 41, 25, 0
4735, 22, 3, 41, 63, 0
4735, 22, 0, 43, 18, 0
4735, 22, 1, 43, 60, 0
4735, 22, 3, 44, 16, 0
4735, 22, 1, 45, 23, 0
4735, 22, 2, 45, 24, 0
4735, 22, 3, 45, 61, 0
4735, 22, 1, 45, 62, 0
4735, 22, 0, 45, 63, 0
4735, 22, 3, 46, 55, 0
4735, 22, 0, 48, 26, 0
4735, 22, 0, 48, 45, 0
4735, 22, 1, 48, 56, 0
4735, 22, 2, 49, 57, 0
4735, 22, 1, 49, 60, 0
4735, 22, 3, 50, 39, 0
4735, 22, 0, 50, 44, 0
4735, 22, 0, 51, 36, 0
4735, 22, 1, 51, 37, 0
4735, 22, 1, 51, 52, 0
4735, 22, 2, 51, 53, 0
4735, 22, 1, 53, 46, 0
4735, 22, 2, 54, 39, 0
4735, 22, 3, 54, 45, 0
4735, 22, 1, 55, 44, 0
4735, 22, 0, 55, 47, 0
4735, 22, 2, 56, 44, 0
4735, 22, 3, 57, 33, 0
4735, 22, 0, 57, 34, 0
4735, 22, 2, 57, 44, 0
4735, 22, 3, 58, 45, 0
4735, 22, 1, 60, 36, 0
4735, 22, 2, 60, 44, 0
4735, 22, 1, 60, 45, 0
4735, 22, 2, 62, 35, 0
4735, 22, 3, 62, 38, 0
4735, 22, 2, 62, 39, 0
4735, 22, 1, 63, 34, 0
4735, 22, 2, 63, 40, 0
4735, 22, 0, 63, 43, 0
4736, 22, 3, 0, 3, 0
4736, 22, 0, 0, 4, 0
4736, 22, 3, 0, 6, 0
4736, 22, 0, 0, 7, 0
4736, 22, 0, 0, 8, 0
4736, 22, 3, 0, 12, 0
4736, 22, 0, 0, 13, 0
4736, 22, 3, 0, 15, 0
4736, 22, 0, 0, 17, 0
4736, 22, 3, 0, 20, 0
4736, 22, 0, 0, 22, 0
4736, 22, 3, 0, 30, 0
4736, 22, 3, 0, 34, 0
4736, 22, 0, 0, 36, 0
4736, 22, 0, 0, 39, 0
4736, 22, 3, 0, 42, 0
4736, 22, 0, 0, 43, 0
4736, 22, 0, 1, 9, 0
4736, 22, 3, 1, 10, 0
4736, 22, 0, 1, 19, 0
4736, 22, 3, 1, 29, 0
4736, 22, 0, 1, 31, 0
4736, 22, 2, 1, 38, 0
4736, 22, 1, 1, 39, 0
4736, 22, 2, 1, 42, 0
4736, 22, 1, 1, 43, 0
4736, 22, 3, 2, 0, 0
4736, 22, 2, 2, 20, 0
4736, 22, 1, 2, 22, 0
4736, 22, 3, 2, 28, 0
4736, 22, 0, 2, 33, 0
4736, 22, 0, 2, 35, 0
4736, 22, 2, 2, 40, 0
4736, 22, 0, 2, 41, 0
4736, 22, 2, 3, 0, 0
4736, 22, 0, 3, 20, 0
4736, 22, 2, 3, 28, 0
4736, 22, 1, 3, 33, 0
4736, 22, 3, 3, 37, 0
4736, 22, 0, 3, 38, 0
4736, 22, 2, 3, 41, 0
4736, 22, 1, 4, 20, 0
4736, 22, 3, 4, 21, 0
4736, 22, 0, 4, 22, 0
4736, 22, 2, 4, 29, 0
4736, 22, 1, 4, 32, 0
4736, 22, 3, 4, 33, 0
4736, 22, 0, 4, 34, 0
4736, 22, 2, 4, 37, 0
4736, 22, 0, 4, 39, 0
4736, 22, 3, 5, 0, 0
4736, 22, 0, 5, 23, 0
4736, 22, 3, 5, 27, 0
4736, 22, 0, 5, 28, 0
4736, 22, 2, 5, 30, 0
4736, 22, 1, 5, 31, 0
4736, 22, 2, 5, 33, 0
4736, 22, 1, 5, 34, 0
4736, 22, 3, 5, 36, 0
4736, 22, 0, 5, 37, 0
4736, 22, 2, 5, 38, 0
4736, 22, 1, 5, 39, 0
4736, 22, 0, 5, 42, 0
4736, 22, 2, 6, 0, 0
4736, 22, 3, 6, 20, 0
4736, 22, 0, 6, 24, 0
4736, 22, 2, 6, 36, 0
4736, 22, 1, 6, 37, 0
4736, 22, 3, 6, 40, 0
4736, 22, 1, 6, 42, 0
4736, 22, 2, 7, 27, 0
4736, 22, 1, 7, 28, 0
4736, 22, 3, 8, 0, 0
4736, 22, 3, 8, 16, 0
4736, 22, 0, 8, 19, 0
4736, 22, 3, 8, 20, 0
4736, 22, 1, 8, 25, 0
4736, 22, 3, 8, 26, 0
4736, 22, 0, 8, 27, 0
4736, 22, 2, 8, 40, 0
4736, 22, 2, 9, 20, 0
4736, 22, 2, 9, 21, 0
4736, 22, 1, 9, 23, 0
4736, 22, 2, 9, 26, 0
4736, 22, 1, 9, 27, 0
4736, 22, 3, 10, 0, 0
4736, 22, 2, 10, 16, 0
4736, 22, 1, 10, 19, 0
4736, 22, 1, 10, 20, 0
4736, 22, 3, 10, 21, 0
4736, 22, 0, 10, 22, 0
4736, 22, 3, 10, 34, 0
4736, 22, 0, 10, 35, 0
4736, 22, 2, 11, 0, 0
4736, 22, 2, 11, 17, 0
4736, 22, 1, 11, 19, 0
4736, 22, 3, 11, 25, 0
4736, 22, 0, 11, 27, 0
4736, 22, 3, 11, 33, 0
4736, 22, 0, 11, 36, 0
4736, 22, 3, 12, 40, 0
4736, 22, 0, 12, 42, 0
4736, 22, 3, 13, 0, 0
4736, 22, 3, 13, 20, 0
4736, 22, 0, 13, 22, 0
4736, 22, 3, 13, 39, 0
4736, 22, 3, 13, 59, 0
4736, 22, 0, 13, 60, 0
4736, 22, 2, 14, 0, 0
4736, 22, 3, 14, 17, 0
4736, 22, 0, 14, 19, 0
4736, 22, 2, 14, 20, 0
4736, 22, 1, 14, 22, 0
4736, 22, 3, 14, 26, 0
4736, 22, 0, 14, 27, 0
4736, 22, 3, 14, 38, 0
4736, 22, 0, 14, 43, 0
4736, 22, 3, 14, 58, 0
4736, 22, 0, 14, 61, 0
4736, 22, 3, 15, 17, 0
4736, 22, 0, 15, 19, 0
4736, 22, 3, 15, 22, 0
4736, 22, 0, 15, 25, 0
4736, 22, 0, 15, 28, 0
4736, 22, 2, 15, 34, 0
4736, 22, 1, 15, 36, 0
4736, 22, 2, 15, 38, 0
4736, 22, 1, 15, 43, 0
4736, 22, 3, 15, 57, 0
4736, 22, 0, 15, 62, 0
4736, 22, 3, 16, 0, 0
4736, 22, 2, 16, 35, 0
4736, 22, 1, 16, 36, 0
4736, 22, 2, 16, 40, 0
4736, 22, 1, 16, 41, 0
4736, 22, 2, 16, 57, 0
4736, 22, 1, 16, 62, 0
4736, 22, 2, 17, 0, 0
4736, 22, 2, 17, 17, 0
4736, 22, 1, 17, 19, 0
4736, 22, 2, 17, 22, 0
4736, 22, 1, 17, 25, 0
4736, 22, 1, 17, 28, 0
4736, 22, 3, 17, 29, 0
4736, 22, 0, 17, 30, 0
4736, 22, 2, 17, 58, 0
4736, 22, 1, 17, 61, 0
4736, 22, 3, 18, 0, 0
4736, 22, 0, 18, 2, 0
4736, 22, 2, 18, 3, 0
4736, 22, 1, 18, 4, 0
4736, 22, 0, 18, 17, 0
4736, 22, 2, 18, 20, 0
4736, 22, 1, 18, 21, 0
4736, 22, 2, 18, 26, 0
4736, 22, 1, 18, 27, 0
4736, 22, 2, 18, 29, 0
4736, 22, 1, 18, 30, 0
4736, 22, 0, 18, 56, 0
4736, 22, 2, 18, 59, 0
4736, 22, 1, 18, 60, 0
4736, 22, 0, 19, 3, 0
4736, 22, 3, 19, 25, 0
4736, 22, 0, 19, 26, 0
4736, 22, 3, 19, 28, 0
4736, 22, 0, 19, 29, 0
4736, 22, 2, 19, 54, 0
4736, 22, 0, 19, 57, 0
4736, 22, 2, 20, 0, 0
4736, 22, 1, 20, 2, 0
4736, 22, 3, 20, 19, 0
4736, 22, 0, 20, 21, 0
4736, 22, 2, 20, 25, 0
4736, 22, 1, 20, 26, 0
4736, 22, 2, 20, 28, 0
4736, 22, 1, 20, 29, 0
4736, 22, 3, 20, 30, 0
4736, 22, 0, 20, 31, 0
4736, 22, 2, 20, 55, 0
4736, 22, 3, 20, 59, 0
4736, 22, 0, 20, 60, 0
4736, 22, 3, 21, 0, 0
4736, 22, 0, 21, 1, 0
4736, 22, 0, 21, 18, 0
4736, 22, 3, 21, 29, 0
4736, 22, 2, 21, 56, 0
4736, 22, 2, 21, 59, 0
4736, 22, 1, 21, 60, 0
4736, 22, 2, 22, 0, 0
4736, 22, 1, 22, 1, 0
4736, 22, 1, 22, 18, 0
4736, 22, 2, 22, 19, 0
4736, 22, 1, 22, 21, 0
4736, 22, 2, 22, 29, 0
4736, 22, 1, 22, 31, 0
4736, 22, 3, 23, 1, 0
4736, 22, 3, 23, 19, 0
4736, 22, 0, 23, 21, 0
4736, 22, 0, 23, 22, 0
4736, 22, 3, 24, 0, 0
4736, 22, 1, 24, 22, 0
4736, 22, 3, 24, 60, 0
4736, 22, 0, 24, 62, 0
4736, 22, 2, 25, 0, 0
4736, 22, 2, 25, 19, 0
4736, 22, 1, 25, 21, 0
4736, 22, 3, 25, 22, 0
4736, 22, 0, 25, 23, 0
4736, 22, 0, 25, 63, 0
4736, 22, 2, 26, 1, 0
4736, 22, 2, 26, 22, 0
4736, 22, 1, 26, 23, 0
4736, 22, 2, 26, 60, 0
4736, 22, 1, 27, 17, 0
4736, 22, 3, 27, 19, 0
4736, 22, 0, 27, 21, 0
4736, 22, 0, 27, 26, 0
4736, 22, 2, 27, 61, 0
4736, 22, 1, 27, 63, 0
4736, 22, 1, 28, 3, 0
4736, 22, 2, 28, 5, 0
4736, 22, 1, 28, 6, 0
4736, 22, 2, 28, 7, 0
4736, 22, 1, 28, 8, 0
4736, 22, 2, 28, 9, 0
4736, 22, 1, 28, 12, 0
4736, 22, 2, 28, 14, 0
4736, 22, 1, 28, 15, 0
4736, 22, 3, 28, 18, 0
4736, 22, 0, 28, 22, 0
4736, 22, 3, 29, 0, 0
4736, 22, 0, 29, 2, 0
4736, 22, 3, 29, 5, 0
4736, 22, 0, 29, 6, 0
4736, 22, 2, 29, 10, 0
4736, 22, 1, 29, 11, 0
4736, 22, 3, 29, 14, 0
4736, 22, 0, 29, 15, 0
4736, 22, 1, 29, 26, 0
4736, 22, 1, 29, 27, 0
4736, 22, 3, 30, 4, 0
4736, 22, 0, 30, 7, 0
4736, 22, 3, 30, 10, 0
4736, 22, 0, 30, 12, 0
4736, 22, 2, 30, 14, 0
4736, 22, 1, 30, 15, 0
4736, 22, 2, 30, 18, 0
4736, 22, 1, 30, 22, 0
4736, 22, 3, 30, 25, 0
4736, 22, 0, 30, 26, 0
4736, 22, 2, 31, 0, 0
4736, 22, 1, 31, 2, 0
4736, 22, 3, 31, 3, 0
4736, 22, 0, 31, 8, 0
4736, 22, 3, 31, 13, 0
4736, 22, 3, 31, 15, 0
4736, 22, 0, 31, 16, 0
4736, 22, 3, 31, 17, 0
4736, 22, 0, 31, 18, 0
4736, 22, 2, 31, 19, 0
4736, 22, 1, 31, 21, 0
4736, 22, 3, 31, 24, 0
4736, 22, 0, 31, 25, 0
4736, 22, 1, 31, 26, 0
4736, 22, 0, 31, 27, 0
4736, 22, 2, 32, 3, 0
4736, 22, 1, 32, 8, 0
4736, 22, 2, 32, 10, 0
4736, 22, 1, 32, 12, 0
4736, 22, 2, 32, 15, 0
4736, 22, 1, 32, 16, 0
4736, 22, 2, 32, 17, 0
4736, 22, 1, 32, 18, 0
4736, 22, 3, 32, 26, 0
4736, 22, 1, 32, 27, 0
4736, 22, 2, 33, 4, 0
4736, 22, 1, 33, 7, 0
4736, 22, 2, 33, 13, 0
4736, 22, 1, 33, 14, 0
4736, 22, 3, 33, 20, 0
4736, 22, 0, 33, 21, 0
4736, 22, 2, 33, 24, 0
4736, 22, 1, 33, 25, 0
4736, 22, 3, 33, 61, 0
4736, 22, 0, 33, 63, 0
4736, 22, 2, 34, 5, 0
4736, 22, 1, 34, 6, 0
4736, 22, 3, 34, 15, 0
4736, 22, 0, 34, 16, 0
4736, 22, 3, 34, 17, 0
4736, 22, 3, 34, 18, 0
4736, 22, 0, 34, 19, 0
4736, 22, 2, 34, 20, 0
4736, 22, 0, 34, 21, 0
4736, 22, 3, 35, 2, 0
4736, 22, 0, 35, 3, 0
4736, 22, 3, 35, 10, 0
4736, 22, 0, 35, 12, 0
4736, 22, 2, 35, 15, 0
4736, 22, 1, 35, 16, 0
4736, 22, 1, 35, 17, 0
4736, 22, 2, 35, 18, 0
4736, 22, 1, 35, 19, 0
4736, 22, 3, 35, 23, 0
4736, 22, 0, 35, 25, 0
4736, 22, 2, 35, 61, 0
4736, 22, 1, 35, 63, 0
4736, 22, 3, 36, 1, 0
4736, 22, 0, 36, 4, 0
4736, 22, 3, 36, 15, 0
4736, 22, 0, 36, 16, 0
4736, 22, 3, 37, 0, 0
4736, 22, 0, 37, 5, 0
4736, 22, 2, 37, 10, 0
4736, 22, 1, 37, 12, 0
4736, 22, 3, 37, 14, 0
4736, 22, 0, 37, 17, 0
4736, 22, 2, 37, 23, 0
4736, 22, 1, 37, 25, 0
4736, 22, 3, 37, 57, 0
4736, 22, 0, 37, 59, 0
4736, 22, 3, 37, 61, 0
4736, 22, 0, 37, 63, 0
4736, 22, 2, 38, 0, 0
4736, 22, 1, 38, 5, 0
4736, 22, 3, 38, 13, 0
4736, 22, 0, 38, 18, 0
4736, 22, 3, 38, 24, 0
4736, 22, 0, 38, 26, 0
4736, 22, 3, 38, 60, 0
4736, 22, 2, 39, 1, 0
4736, 22, 1, 39, 4, 0
4736, 22, 0, 39, 6, 0
4736, 22, 3, 39, 12, 0
4736, 22, 0, 39, 19, 0
4736, 22, 2, 39, 57, 0
4736, 22, 1, 39, 59, 0
4736, 22, 2, 39, 60, 0
4736, 22, 3, 40, 0, 0
4736, 22, 0, 40, 1, 0
4736, 22, 2, 40, 2, 0
4736, 22, 1, 40, 3, 0
4736, 22, 2, 40, 12, 0
4736, 22, 1, 40, 19, 0
4736, 22, 3, 40, 22, 0
4736, 22, 0, 40, 23, 0
4736, 22, 2, 40, 24, 0
4736, 22, 1, 40, 26, 0
4736, 22, 0, 40, 27, 0
4736, 22, 1, 40, 63, 0
4736, 22, 2, 41, 0, 0
4736, 22, 1, 41, 1, 0
4736, 22, 2, 41, 4, 0
4736, 22, 1, 41, 6, 0
4736, 22, 3, 41, 9, 0
4736, 22, 0, 41, 10, 0
4736, 22, 2, 41, 13, 0
4736, 22, 1, 41, 18, 0
4736, 22, 3, 41, 21, 0
4736, 22, 0, 41, 24, 0
4736, 22, 3, 41, 53, 0
4736, 22, 0, 41, 56, 0
4736, 22, 2, 42, 9, 0
4736, 22, 1, 42, 10, 0
4736, 22, 2, 42, 14, 0
4736, 22, 1, 42, 17, 0
4736, 22, 3, 42, 20, 0
4736, 22, 0, 42, 28, 0
4736, 22, 3, 42, 52, 0
4736, 22, 0, 42, 57, 0
4736, 22, 3, 42, 58, 0
4736, 22, 0, 42, 59, 0
4736, 22, 3, 42, 61, 0
4736, 22, 0, 42, 63, 0
4736, 22, 3, 43, 0, 0
4736, 22, 0, 43, 2, 0
4736, 22, 3, 43, 11, 0
4736, 22, 0, 43, 12, 0
4736, 22, 2, 43, 15, 0
4736, 22, 1, 43, 16, 0
4736, 22, 1, 43, 24, 0
4736, 22, 2, 43, 28, 0
4736, 22, 0, 43, 29, 0
4736, 22, 2, 43, 52, 0
4736, 22, 1, 43, 57, 0
4736, 22, 2, 43, 58, 0
4736, 22, 1, 43, 59, 0
4736, 22, 3, 44, 10, 0
4736, 22, 0, 44, 13, 0
4736, 22, 2, 44, 22, 0
4736, 22, 1, 44, 23, 0
4736, 22, 2, 44, 28, 0
4736, 22, 0, 44, 29, 0
4736, 22, 0, 44, 31, 0
4736, 22, 3, 44, 46, 0
4736, 22, 3, 44, 48, 0
4736, 22, 0, 44, 50, 0
4736, 22, 2, 44, 53, 0
4736, 22, 1, 44, 56, 0
4736, 22, 3, 44, 58, 0
4736, 22, 0, 44, 59, 0
4736, 22, 2, 44, 61, 0
4736, 22, 1, 44, 63, 0
4736, 22, 2, 45, 0, 0
4736, 22, 1, 45, 2, 0
4736, 22, 3, 45, 9, 0
4736, 22, 0, 45, 14, 0
4736, 22, 3, 45, 28, 0
4736, 22, 2, 45, 30, 0
4736, 22, 1, 45, 31, 0
4736, 22, 0, 45, 33, 0
4736, 22, 1, 45, 47, 0
4736, 22, 2, 45, 48, 0
4736, 22, 1, 45, 50, 0
4736, 22, 2, 45, 54, 0
4736, 22, 1, 45, 55, 0
4736, 22, 3, 45, 57, 0
4736, 22, 0, 45, 60, 0
4736, 22, 3, 46, 0, 0
4736, 22, 0, 46, 1, 0
4736, 22, 3, 46, 3, 0
4736, 22, 0, 46, 4, 0
4736, 22, 3, 46, 5, 0
4736, 22, 0, 46, 6, 0
4736, 22, 2, 46, 9, 0
4736, 22, 1, 46, 14, 0
4736, 22, 3, 46, 18, 0
4736, 22, 3, 46, 19, 0
4736, 22, 0, 46, 20, 0
4736, 22, 3, 46, 23, 0
4736, 22, 0, 46, 25, 0
4736, 22, 3, 46, 31, 0
4736, 22, 0, 46, 32, 0
4736, 22, 2, 46, 33, 0
4736, 22, 0, 46, 34, 0
4736, 22, 0, 46, 37, 0
4736, 22, 1, 46, 46, 0
4736, 22, 3, 46, 56, 0
4736, 22, 0, 46, 61, 0
4736, 22, 2, 47, 3, 0
4736, 22, 1, 47, 4, 0
4736, 22, 2, 47, 5, 0
4736, 22, 1, 47, 6, 0
4736, 22, 2, 47, 10, 0
4736, 22, 1, 47, 13, 0
4736, 22, 2, 47, 28, 0
4736, 22, 1, 47, 30, 0
4736, 22, 2, 47, 31, 0
4736, 22, 1, 47, 32, 0
4736, 22, 2, 47, 33, 0
4736, 22, 0, 47, 35, 0
4736, 22, 1, 47, 37, 0
4736, 22, 3, 47, 50, 0
4736, 22, 0, 47, 51, 0
4736, 22, 2, 47, 56, 0
4736, 22, 1, 47, 61, 0
4736, 22, 3, 48, 7, 0
4736, 22, 0, 48, 8, 0
4736, 22, 2, 48, 11, 0
4736, 22, 1, 48, 12, 0
4736, 22, 3, 48, 14, 0
4736, 22, 0, 48, 15, 0
4736, 22, 2, 48, 18, 0
4736, 22, 2, 48, 19, 0
4736, 22, 1, 48, 20, 0
4736, 22, 2, 48, 23, 0
4736, 22, 1, 48, 25, 0
4736, 22, 3, 48, 31, 0
4736, 22, 0, 48, 32, 0
4736, 22, 3, 48, 33, 0
4736, 22, 0, 48, 36, 0
4736, 22, 1, 48, 41, 0
4736, 22, 2, 48, 42, 0
4736, 22, 3, 48, 47, 0
4736, 22, 0, 48, 48, 0
4736, 22, 2, 48, 50, 0
4736, 22, 1, 48, 51, 0
4736, 22, 2, 48, 57, 0
4736, 22, 1, 48, 60, 0
4736, 22, 3, 48, 61, 0
4736, 22, 0, 48, 63, 0
4736, 22, 2, 49, 0, 0
4736, 22, 1, 49, 1, 0
4736, 22, 3, 49, 6, 0
4736, 22, 0, 49, 9, 0
4736, 22, 3, 49, 21, 0
4736, 22, 0, 49, 22, 0
4736, 22, 2, 49, 31, 0
4736, 22, 1, 49, 32, 0
4736, 22, 2, 49, 33, 0
4736, 22, 1, 49, 36, 0
4736, 22, 3, 49, 37, 0
4736, 22, 0, 49, 38, 0
4736, 22, 2, 49, 39, 0
4736, 22, 1, 49, 40, 0
4736, 22, 3, 49, 46, 0
4736, 22, 0, 49, 49, 0
4736, 22, 2, 49, 58, 0
4736, 22, 1, 49, 59, 0
4736, 22, 3, 50, 5, 0
4736, 22, 0, 50, 10, 0
4736, 22, 2, 50, 14, 0
4736, 22, 1, 50, 15, 0
4736, 22, 3, 50, 16, 0
4736, 22, 0, 50, 17, 0
4736, 22, 2, 50, 21, 0
4736, 22, 1, 50, 22, 0
4736, 22, 3, 50, 31, 0
4736, 22, 0, 50, 32, 0
4736, 22, 1, 50, 35, 0
4736, 22, 2, 50, 37, 0
4736, 22, 1, 50, 38, 0
4736, 22, 3, 50, 41, 0
4736, 22, 0, 50, 42, 0
4736, 22, 3, 50, 45, 0
4736, 22, 0, 50, 50, 0
4736, 22, 2, 50, 61, 0
4736, 22, 1, 50, 63, 0
4736, 22, 3, 51, 4, 0
4736, 22, 0, 51, 11, 0
4736, 22, 3, 51, 15, 0
4736, 22, 0, 51, 18, 0
4736, 22, 3, 51, 27, 0
4736, 22, 0, 51, 28, 0
4736, 22, 2, 51, 31, 0
4736, 22, 1, 51, 32, 0
4736, 22, 3, 51, 40, 0
4736, 22, 0, 51, 43, 0
4736, 22, 1, 51, 50, 0
4736, 22, 3, 51, 56, 0
4736, 22, 0, 51, 58, 0
4736, 22, 2, 52, 4, 0
4736, 22, 1, 52, 11, 0
4736, 22, 3, 52, 14, 0
4736, 22, 0, 52, 19, 0
4736, 22, 3, 52, 22, 0
4736, 22, 0, 52, 24, 0
4736, 22, 2, 52, 27, 0
4736, 22, 1, 52, 28, 0
4736, 22, 3, 52, 36, 0
4736, 22, 0, 52, 38, 0
4736, 22, 3, 52, 39, 0
4736, 22, 0, 52, 44, 0
4736, 22, 2, 52, 46, 0
4736, 22, 1, 52, 49, 0
4736, 22, 3, 52, 55, 0
4736, 22, 0, 52, 59, 0
4736, 22, 3, 52, 62, 0
4736, 22, 0, 52, 63, 0
4736, 22, 3, 53, 1, 0
4736, 22, 0, 53, 2, 0
4736, 22, 2, 53, 5, 0
4736, 22, 1, 53, 10, 0
4736, 22, 2, 53, 14, 0
4736, 22, 1, 53, 19, 0
4736, 22, 2, 53, 39, 0
4736, 22, 1, 53, 44, 0
4736, 22, 2, 53, 47, 0
4736, 22, 1, 53, 48, 0
4736, 22, 2, 53, 55, 0
4736, 22, 1, 53, 59, 0
4736, 22, 2, 53, 62, 0
4736, 22, 1, 53, 63, 0
4736, 22, 3, 54, 0, 0
4736, 22, 0, 54, 3, 0
4736, 22, 2, 54, 6, 0
4736, 22, 1, 54, 9, 0
4736, 22, 2, 54, 15, 0
4736, 22, 1, 54, 18, 0
4736, 22, 2, 54, 22, 0
4736, 22, 1, 54, 24, 0
4736, 22, 3, 54, 34, 0
4736, 22, 0, 54, 35, 0
4736, 22, 2, 54, 36, 0
4736, 22, 1, 54, 38, 0
4736, 22, 2, 54, 40, 0
4736, 22, 1, 54, 43, 0
4736, 22, 2, 54, 56, 0
4736, 22, 1, 54, 58, 0
4736, 22, 0, 55, 4, 0
4736, 22, 3, 55, 5, 0
4736, 22, 0, 55, 6, 0
4736, 22, 2, 55, 7, 0
4736, 22, 3, 55, 8, 0
4736, 22, 0, 55, 9, 0
4736, 22, 3, 55, 11, 0
4736, 22, 0, 55, 14, 0
4736, 22, 2, 55, 16, 0
4736, 22, 1, 55, 17, 0
4736, 22, 3, 55, 19, 0
4736, 22, 0, 55, 20, 0
4736, 22, 3, 55, 25, 0
4736, 22, 0, 55, 26, 0
4736, 22, 2, 55, 34, 0
4736, 22, 1, 55, 35, 0
4736, 22, 3, 55, 37, 0
4736, 22, 0, 55, 38, 0
4736, 22, 3, 55, 40, 0
4736, 22, 0, 55, 41, 0
4736, 22, 3, 55, 42, 0
4736, 22, 0, 55, 43, 0
4736, 22, 3, 55, 58, 0
4736, 22, 0, 55, 59, 0
4736, 22, 3, 55, 61, 0
4736, 22, 0, 55, 63, 0
4736, 22, 1, 56, 4, 0
4736, 22, 2, 56, 5, 0
4736, 22, 1, 56, 6, 0
4736, 22, 2, 56, 8, 0
4736, 22, 3, 56, 18, 0
4736, 22, 0, 56, 21, 0
4736, 22, 3, 56, 24, 0
4736, 22, 0, 56, 27, 0
4736, 22, 2, 56, 37, 0
4736, 22, 1, 56, 38, 0
4736, 22, 3, 56, 39, 0
4736, 22, 0, 56, 42, 0
4736, 22, 1, 56, 43, 0
4736, 22, 2, 56, 58, 0
4736, 22, 1, 56, 59, 0
4736, 22, 2, 57, 0, 0
4736, 22, 3, 57, 3, 0
4736, 22, 0, 57, 4, 0
4736, 22, 3, 57, 5, 0
4736, 22, 0, 57, 6, 0
4736, 22, 1, 57, 10, 0
4736, 22, 2, 57, 11, 0
4736, 22, 1, 57, 14, 0
4736, 22, 3, 57, 17, 0
4736, 22, 0, 57, 22, 0
4736, 22, 3, 57, 23, 0
4736, 22, 0, 57, 28, 0
4736, 22, 3, 57, 38, 0
4736, 22, 0, 57, 43, 0
4736, 22, 2, 58, 1, 0
4736, 22, 1, 58, 2, 0
4736, 22, 2, 58, 3, 0
4736, 22, 1, 58, 4, 0
4736, 22, 0, 58, 7, 0
4736, 22, 3, 58, 14, 0
4736, 22, 0, 58, 15, 0
4736, 22, 2, 58, 17, 0
4736, 22, 1, 58, 22, 0
4736, 22, 2, 58, 23, 0
4736, 22, 1, 58, 28, 0
4736, 22, 3, 58, 32, 0
4736, 22, 0, 58, 33, 0
4736, 22, 3, 58, 37, 0
4736, 22, 0, 58, 44, 0
4736, 22, 3, 58, 46, 0
4736, 22, 0, 58, 47, 0
4736, 22, 2, 58, 54, 0
4736, 22, 0, 58, 55, 0
4736, 22, 3, 58, 60, 0
4736, 22, 2, 58, 61, 0
4736, 22, 1, 58, 63, 0
4736, 22, 3, 59, 1, 0
4736, 22, 0, 59, 2, 0
4736, 22, 3, 59, 3, 0
4736, 22, 0, 59, 8, 0
4736, 22, 2, 59, 14, 0
4736, 22, 1, 59, 15, 0
4736, 22, 2, 59, 18, 0
4736, 22, 1, 59, 21, 0
4736, 22, 2, 59, 24, 0
4736, 22, 1, 59, 27, 0
4736, 22, 3, 59, 31, 0
4736, 22, 0, 59, 34, 0
4736, 22, 2, 59, 37, 0
4736, 22, 1, 59, 44, 0
4736, 22, 2, 59, 46, 0
4736, 22, 1, 59, 47, 0
4736, 22, 2, 59, 56, 0
4736, 22, 0, 59, 57, 0
4736, 22, 3, 59, 59, 0
4736, 22, 0, 59, 62, 0
4736, 22, 3, 60, 0, 0
4736, 22, 2, 60, 3, 0
4736, 22, 1, 60, 8, 0
4736, 22, 3, 60, 13, 0
4736, 22, 0, 60, 15, 0
4736, 22, 2, 60, 19, 0
4736, 22, 1, 60, 20, 0
4736, 22, 3, 60, 22, 0
4736, 22, 0, 60, 23, 0
4736, 22, 2, 60, 25, 0
4736, 22, 1, 60, 26, 0
4736, 22, 3, 60, 30, 0
4736, 22, 0, 60, 35, 0
4736, 22, 3, 60, 37, 0
4736, 22, 2, 60, 38, 0
4736, 22, 1, 60, 43, 0
4736, 22, 3, 60, 51, 0
4736, 22, 0, 60, 53, 0
4736, 22, 3, 60, 58, 0
4736, 22, 0, 60, 63, 0
4736, 22, 2, 61, 4, 0
4736, 22, 1, 61, 7, 0
4736, 22, 2, 61, 22, 0
4736, 22, 1, 61, 23, 0
4736, 22, 2, 61, 30, 0
4736, 22, 1, 61, 35, 0
4736, 22, 2, 61, 37, 0
4736, 22, 1, 61, 38, 0
4736, 22, 2, 61, 39, 0
4736, 22, 1, 61, 42, 0
4736, 22, 0, 61, 43, 0
4736, 22, 3, 61, 45, 0
4736, 22, 0, 61, 47, 0
4736, 22, 2, 61, 58, 0
4736, 22, 1, 61, 63, 0
4736, 22, 2, 62, 5, 0
4736, 22, 1, 62, 6, 0
4736, 22, 2, 62, 13, 0
4736, 22, 1, 62, 15, 0
4736, 22, 3, 62, 19, 0
4736, 22, 0, 62, 21, 0
4736, 22, 3, 62, 25, 0
4736, 22, 0, 62, 27, 0
4736, 22, 3, 62, 29, 0
4736, 22, 0, 62, 30, 0
4736, 22, 2, 62, 31, 0
4736, 22, 1, 62, 34, 0
4736, 22, 2, 62, 40, 0
4736, 22, 1, 62, 41, 0
4736, 22, 2, 62, 42, 0
4736, 22, 1, 62, 43, 0
4736, 22, 3, 62, 48, 0
4736, 22, 0, 62, 49, 0
4736, 22, 2, 62, 51, 0
4736, 22, 1, 62, 53, 0
4736, 22, 3, 62, 55, 0
4736, 22, 0, 62, 56, 0
4736, 22, 2, 62, 59, 0
4736, 22, 1, 62, 62, 0
4736, 22, 2, 63, 0, 0
4736, 22, 1, 63, 3, 0
4736, 22, 2, 63, 19, 0
4736, 22, 1, 63, 21, 0
4736, 22, 2, 63, 25, 0
4736, 22, 2, 63, 27, 0
4736, 22, 2, 63, 29, 0
4736, 22, 1, 63, 30, 0
4736, 22, 2, 63, 32, 0
4736, 22, 1, 63, 33, 0
4736, 22, 2, 63, 45, 0
4736, 22, 1, 63, 47, 0
4736, 22, 2, 63, 48, 0
4736, 22, 1, 63, 49, 0
4736, 22, 2, 63, 55, 0
4736, 22, 1, 63, 56, 0
4736, 22, 2, 63, 60, 0
4736, 22, 1, 63, 61, 0
4737, 22, 0, 0, 2, 0
4737, 22, 3, 0, 16, 0
4737, 22, 3, 0, 21, 0
4737, 22, 3, 0, 35, 0
4737, 22, 3, 0, 38, 0
4737, 22, 2, 1, 20, 0
4737, 22, 0, 1, 22, 0
4737, 22, 3, 1, 30, 0
4737, 22, 1, 2, 21, 0
4737, 22, 2, 2, 29, 0
4737, 22, 3, 2, 32, 0
4737, 22, 1, 2, 34, 0
4737, 22, 2, 3, 29, 0
4737, 22, 0, 3, 32, 0
4737, 22, 1, 4, 30, 0
4737, 22, 1, 4, 31, 0
4737, 22, 1, 4, 38, 0
4737, 22, 3, 5, 21, 0
4737, 22, 3, 5, 22, 0
4737, 22, 3, 6, 23, 0
4737, 22, 2, 6, 27, 0
4737, 22, 0, 6, 28, 0
4737, 22, 1, 7, 18, 0
4737, 22, 2, 7, 20, 0
4737, 22, 0, 7, 25, 0
4737, 22, 2, 7, 40, 0
4737, 22, 3, 8, 17, 0
4737, 22, 3, 8, 18, 0
4737, 22, 1, 8, 21, 0
4737, 22, 1, 8, 23, 0
4737, 22, 1, 8, 24, 0
4737, 22, 2, 9, 0, 0
4737, 22, 2, 9, 16, 0
4737, 22, 0, 9, 19, 0
4737, 22, 1, 9, 22, 0
4737, 22, 1, 10, 17, 0
4737, 22, 1, 10, 18, 0
4737, 22, 3, 11, 18, 0
4737, 22, 3, 11, 26, 0
4737, 22, 3, 11, 34, 0
4737, 22, 3, 11, 35, 0
4737, 22, 3, 12, 41, 0
4737, 22, 1, 13, 21, 0
4737, 22, 0, 13, 42, 0
4737, 22, 1, 14, 18, 0
4737, 22, 3, 14, 21, 0
4737, 22, 1, 14, 33, 0
4737, 22, 1, 14, 34, 0
4737, 22, 1, 14, 35, 0
4737, 22, 1, 14, 36, 0
4737, 22, 1, 14, 37, 0
4737, 22, 2, 14, 39, 0
4737, 22, 3, 14, 59, 0
4737, 22, 3, 14, 60, 0
4737, 22, 3, 15, 18, 0
4737, 22, 1, 15, 35, 0
4737, 22, 2, 15, 39, 0
4737, 22, 1, 15, 42, 0
4737, 22, 2, 15, 58, 0
4737, 22, 0, 15, 61, 0
4737, 22, 2, 16, 17, 0
4737, 22, 0, 16, 19, 0
4737, 22, 2, 16, 22, 0
4737, 22, 0, 16, 25, 0
4737, 22, 0, 16, 28, 0
4737, 22, 2, 16, 58, 0
4737, 22, 0, 16, 61, 0
4737, 22, 1, 17, 1, 0
4737, 22, 1, 17, 18, 0
4737, 22, 1, 17, 59, 0
4737, 22, 1, 17, 60, 0
4737, 22, 3, 18, 1, 0
4737, 22, 2, 18, 54, 0
4737, 22, 2, 19, 0, 0
4737, 22, 0, 19, 2, 0
4737, 22, 2, 19, 55, 0
4737, 22, 1, 20, 1, 0
4737, 22, 3, 20, 20, 0
4737, 22, 1, 20, 56, 0
4737, 22, 2, 21, 19, 0
4737, 22, 0, 21, 21, 0
4737, 22, 0, 21, 32, 0
4737, 22, 1, 21, 57, 0
4737, 22, 1, 22, 20, 0
4737, 22, 3, 23, 20, 0
4737, 22, 1, 23, 30, 0
4737, 22, 2, 24, 1, 0
4737, 22, 2, 24, 19, 0
4737, 22, 0, 24, 21, 0
4737, 22, 3, 24, 61, 0
4737, 22, 2, 25, 1, 0
4737, 22, 1, 25, 20, 0
4737, 22, 2, 25, 60, 0
4737, 22, 3, 25, 62, 0
4737, 22, 3, 26, 20, 0
4737, 22, 2, 26, 61, 0
4737, 22, 0, 26, 63, 0
4737, 22, 3, 27, 25, 0
4737, 22, 1, 27, 62, 0
4737, 22, 1, 28, 2, 0
4737, 22, 1, 28, 10, 0
4737, 22, 1, 28, 11, 0
4737, 22, 2, 28, 24, 0
4737, 22, 0, 28, 26, 0
4737, 22, 3, 29, 1, 0
4737, 22, 2, 29, 17, 0
4737, 22, 0, 29, 23, 0
4737, 22, 1, 29, 25, 0
4737, 22, 2, 30, 0, 0
4737, 22, 0, 30, 2, 0
4737, 22, 3, 30, 5, 0
4737, 22, 3, 30, 6, 0
4737, 22, 3, 30, 11, 0
4737, 22, 1, 31, 1, 0
4737, 22, 2, 31, 4, 0
4737, 22, 0, 31, 7, 0
4737, 22, 2, 31, 10, 0
4737, 22, 0, 31, 12, 0
4737, 22, 3, 31, 14, 0
4737, 22, 1, 31, 20, 0
4737, 22, 2, 32, 4, 0
4737, 22, 0, 32, 7, 0
4737, 22, 1, 32, 11, 0
4737, 22, 2, 32, 13, 0
4737, 22, 2, 32, 24, 0
4737, 22, 0, 32, 25, 0
4737, 22, 1, 33, 5, 0
4737, 22, 1, 33, 6, 0
4737, 22, 2, 33, 26, 0
4737, 22, 3, 33, 62, 0
4737, 22, 2, 34, 61, 0
4737, 22, 0, 34, 63, 0
4737, 22, 3, 35, 11, 0
4737, 22, 3, 35, 24, 0
4737, 22, 1, 35, 62, 0
4737, 22, 3, 36, 2, 0
4737, 22, 3, 36, 3, 0
4737, 22, 2, 36, 10, 0
4737, 22, 0, 36, 12, 0
4737, 22, 2, 36, 23, 0
4737, 22, 0, 36, 25, 0
4737, 22, 2, 36, 61, 0
4737, 22, 0, 36, 62, 0
4737, 22, 2, 37, 1, 0
4737, 22, 0, 37, 4, 0
4737, 22, 1, 37, 11, 0
4737, 22, 3, 37, 15, 0
4737, 22, 3, 37, 16, 0
4737, 22, 1, 37, 24, 0
4737, 22, 2, 37, 26, 0
4737, 22, 3, 37, 58, 0
4737, 22, 3, 37, 62, 0
4737, 22, 2, 38, 1, 0
4737, 22, 0, 38, 4, 0
4737, 22, 3, 38, 14, 0
4737, 22, 3, 38, 17, 0
4737, 22, 2, 38, 57, 0
4737, 22, 0, 38, 59, 0
4737, 22, 2, 38, 61, 0
4737, 22, 0, 38, 63, 0
4737, 22, 1, 39, 2, 0
4737, 22, 1, 39, 3, 0
4737, 22, 3, 39, 5, 0
4737, 22, 2, 39, 13, 0
4737, 22, 0, 39, 18, 0
4737, 22, 2, 39, 24, 0
4737, 22, 0, 39, 58, 0
4737, 22, 2, 39, 61, 0
4737, 22, 0, 39, 63, 0
4737, 22, 2, 40, 4, 0
4737, 22, 0, 40, 6, 0
4737, 22, 2, 40, 13, 0
4737, 22, 0, 40, 18, 0
4737, 22, 1, 40, 25, 0
4737, 22, 1, 40, 62, 0
4737, 22, 1, 41, 5, 0
4737, 22, 1, 41, 14, 0
4737, 22, 1, 41, 17, 0
4737, 22, 3, 41, 23, 0
4737, 22, 2, 41, 27, 0
4737, 22, 3, 41, 54, 0
4737, 22, 3, 41, 55, 0
4737, 22, 1, 42, 15, 0
4737, 22, 1, 42, 16, 0
4737, 22, 0, 42, 24, 0
4737, 22, 2, 42, 53, 0
4737, 22, 0, 42, 56, 0
4737, 22, 3, 42, 62, 0
4737, 22, 3, 43, 1, 0
4737, 22, 2, 43, 21, 0
4737, 22, 1, 43, 23, 0
4737, 22, 2, 43, 53, 0
4737, 22, 0, 43, 56, 0
4737, 22, 2, 43, 61, 0
4737, 22, 0, 43, 63, 0
4737, 22, 2, 44, 0, 0
4737, 22, 0, 44, 2, 0
4737, 22, 3, 44, 11, 0
4737, 22, 3, 44, 12, 0
4737, 22, 3, 44, 49, 0
4737, 22, 1, 44, 54, 0
4737, 22, 1, 44, 55, 0
4737, 22, 1, 44, 62, 0
4737, 22, 1, 45, 1, 0
4737, 22, 2, 45, 10, 0
4737, 22, 0, 45, 13, 0
4737, 22, 3, 45, 29, 0
4737, 22, 1, 45, 49, 0
4737, 22, 3, 45, 58, 0
4737, 22, 3, 45, 59, 0
4737, 22, 2, 46, 10, 0
4737, 22, 0, 46, 13, 0
4737, 22, 3, 46, 24, 0
4737, 22, 2, 46, 28, 0
4737, 22, 0, 46, 30, 0
4737, 22, 2, 46, 57, 0
4737, 22, 0, 46, 60, 0
4737, 22, 2, 47, 0, 0
4737, 22, 0, 47, 1, 0
4737, 22, 1, 47, 11, 0
4737, 22, 1, 47, 12, 0
4737, 22, 2, 47, 18, 0
4737, 22, 0, 47, 20, 0
4737, 22, 2, 47, 23, 0
4737, 22, 0, 47, 25, 0
4737, 22, 1, 47, 29, 0
4737, 22, 3, 47, 34, 0
4737, 22, 1, 47, 36, 0
4737, 22, 1, 47, 38, 0
4737, 22, 1, 47, 44, 0
4737, 22, 2, 47, 57, 0
4737, 22, 0, 47, 60, 0
4737, 22, 2, 48, 0, 0
4737, 22, 0, 48, 1, 0
4737, 22, 1, 48, 24, 0
4737, 22, 0, 48, 35, 0
4737, 22, 1, 48, 39, 0
4737, 22, 1, 48, 40, 0
4737, 22, 1, 48, 43, 0
4737, 22, 1, 48, 58, 0
4737, 22, 1, 48, 59, 0
4737, 22, 3, 48, 62, 0
4737, 22, 3, 49, 7, 0
4737, 22, 3, 49, 8, 0
4737, 22, 2, 49, 14, 0
4737, 22, 0, 49, 15, 0
4737, 22, 0, 49, 35, 0
4737, 22, 3, 49, 47, 0
4737, 22, 3, 49, 48, 0
4737, 22, 2, 49, 61, 0
4737, 22, 0, 49, 63, 0
4737, 22, 1, 50, 34, 0
4737, 22, 2, 50, 46, 0
4737, 22, 0, 50, 49, 0
4737, 22, 1, 50, 62, 0
4737, 22, 2, 51, 5, 0
4737, 22, 0, 51, 10, 0
4737, 22, 3, 51, 16, 0
4737, 22, 3, 51, 17, 0
4737, 22, 3, 51, 41, 0
4737, 22, 3, 51, 42, 0
4737, 22, 2, 51, 46, 0
4737, 22, 0, 51, 49, 0
4737, 22, 3, 51, 57, 0
4737, 22, 2, 52, 5, 0
4737, 22, 0, 52, 10, 0
4737, 22, 2, 52, 15, 0
4737, 22, 0, 52, 18, 0
4737, 22, 3, 52, 23, 0
4737, 22, 3, 52, 37, 0
4737, 22, 2, 52, 40, 0
4737, 22, 0, 52, 43, 0
4737, 22, 1, 52, 47, 0
4737, 22, 1, 52, 48, 0
4737, 22, 2, 52, 56, 0
4737, 22, 0, 52, 58, 0
4737, 22, 2, 53, 15, 0
4737, 22, 0, 53, 18, 0
4737, 22, 2, 53, 22, 0
4737, 22, 0, 53, 24, 0
4737, 22, 2, 53, 36, 0
4737, 22, 0, 53, 38, 0
4737, 22, 2, 53, 40, 0
4737, 22, 0, 53, 43, 0
4737, 22, 2, 53, 56, 0
4737, 22, 0, 53, 58, 0
4737, 22, 3, 54, 1, 0
4737, 22, 3, 54, 2, 0
4737, 22, 1, 54, 7, 0
4737, 22, 1, 54, 8, 0
4737, 22, 1, 54, 16, 0
4737, 22, 1, 54, 17, 0
4737, 22, 1, 54, 23, 0
4737, 22, 1, 54, 37, 0
4737, 22, 1, 54, 41, 0
4737, 22, 1, 54, 42, 0
4737, 22, 1, 54, 57, 0
4737, 22, 2, 55, 0, 0
4737, 22, 0, 55, 3, 0
4737, 22, 3, 55, 12, 0
4737, 22, 3, 55, 13, 0
4737, 22, 3, 55, 62, 0
4737, 22, 2, 56, 0, 0
4737, 22, 0, 56, 3, 0
4737, 22, 0, 56, 10, 0
4737, 22, 2, 56, 11, 0
4737, 22, 0, 56, 14, 0
4737, 22, 3, 56, 19, 0
4737, 22, 3, 56, 20, 0
4737, 22, 3, 56, 25, 0
4737, 22, 3, 56, 26, 0
4737, 22, 3, 56, 40, 0
4737, 22, 3, 56, 41, 0
4737, 22, 2, 56, 61, 0
4737, 22, 0, 56, 63, 0
4737, 22, 1, 57, 1, 0
4737, 22, 1, 57, 2, 0
4737, 22, 1, 57, 9, 0
4737, 22, 1, 57, 12, 0
4737, 22, 1, 57, 13, 0
4737, 22, 2, 57, 18, 0
4737, 22, 0, 57, 21, 0
4737, 22, 2, 57, 24, 0
4737, 22, 0, 57, 27, 0
4737, 22, 2, 57, 61, 0
4737, 22, 0, 57, 63, 0
4737, 22, 3, 58, 5, 0
4737, 22, 3, 58, 6, 0
4737, 22, 2, 58, 18, 0
4737, 22, 0, 58, 21, 0
4737, 22, 2, 58, 24, 0
4737, 22, 0, 58, 27, 0
4737, 22, 2, 58, 38, 0
4737, 22, 0, 58, 43, 0
4737, 22, 1, 58, 62, 0
4737, 22, 2, 59, 4, 0
4737, 22, 0, 59, 7, 0
4737, 22, 1, 59, 19, 0
4737, 22, 1, 59, 20, 0
4737, 22, 1, 59, 25, 0
4737, 22, 1, 59, 26, 0
4737, 22, 3, 59, 32, 0
4737, 22, 3, 59, 33, 0
4737, 22, 2, 59, 38, 0
4737, 22, 0, 59, 43, 0
4737, 22, 3, 59, 60, 0
4737, 22, 3, 59, 61, 0
4737, 22, 3, 60, 1, 0
4737, 22, 3, 60, 2, 0
4737, 22, 2, 60, 4, 0
4737, 22, 0, 60, 7, 0
4737, 22, 3, 60, 14, 0
4737, 22, 2, 60, 31, 0
4737, 22, 0, 60, 34, 0
4737, 22, 3, 60, 52, 0
4737, 22, 2, 60, 59, 0
4737, 22, 0, 60, 62, 0
4737, 22, 2, 61, 0, 0
4737, 22, 0, 61, 3, 0
4737, 22, 1, 61, 5, 0
4737, 22, 1, 61, 6, 0
4737, 22, 2, 61, 13, 0
4737, 22, 0, 61, 15, 0
4737, 22, 2, 61, 31, 0
4737, 22, 0, 61, 34, 0
4737, 22, 1, 61, 40, 0
4737, 22, 1, 61, 41, 0
4737, 22, 3, 61, 46, 0
4737, 22, 2, 61, 51, 0
4737, 22, 0, 61, 53, 0
4737, 22, 2, 61, 59, 0
4737, 22, 0, 61, 62, 0
4737, 22, 2, 62, 0, 0
4737, 22, 0, 62, 3, 0
4737, 22, 1, 62, 14, 0
4737, 22, 3, 62, 20, 0
4737, 22, 3, 62, 26, 0
4737, 22, 1, 62, 32, 0
4737, 22, 1, 62, 33, 0
4737, 22, 2, 62, 45, 0
4737, 22, 0, 62, 47, 0
4737, 22, 1, 62, 52, 0
4737, 22, 1, 62, 60, 0
4737, 22, 1, 62, 61, 0
4737, 22, 1, 63, 1, 0
4737, 22, 1, 63, 2, 0
4737, 22, 1, 63, 20, 0
4737, 22, 1, 63, 26, 0
4737, 22, 1, 63, 46, 0
4738, 22, 3, 0, 0, 0
4738, 22, 2, 0, 1, 0
4738, 22, 1, 1, 0, 0
4738, 22, 1, 1, 1, 0
4738, 22, 1, 1, 21, 0
4738, 22, 0, 2, 30, 0
4738, 22, 3, 2, 31, 0
4738, 22, 0, 3, 30, 0
4738, 22, 1, 3, 31, 0
4738, 22, 3, 6, 21, 0
4738, 22, 0, 6, 22, 0
4738, 22, 2, 7, 21, 0
4738, 22, 2, 7, 22, 0
4738, 22, 3, 7, 23, 0
4738, 22, 0, 7, 24, 0
4738, 22, 0, 8, 22, 0
4738, 22, 1, 9, 17, 0
4738, 22, 2, 9, 18, 0
4738, 22, 0, 13, 40, 0
4738, 22, 1, 13, 41, 0
4738, 22, 3, 14, 40, 0
4738, 22, 3, 14, 41, 0
4738, 22, 2, 14, 42, 0
4738, 22, 2, 15, 40, 0
4738, 22, 0, 15, 41, 0
4738, 22, 0, 15, 59, 0
4738, 22, 0, 15, 60, 0
4738, 22, 1, 16, 18, 0
4738, 22, 2, 16, 59, 0
4738, 22, 1, 16, 60, 0
4738, 22, 3, 18, 55, 0
4738, 22, 1, 19, 1, 0
4738, 22, 1, 19, 56, 0
4738, 22, 0, 20, 57, 0
4738, 22, 2, 21, 20, 0
4738, 22, 2, 21, 30, 0
4738, 22, 3, 21, 31, 0
4738, 22, 2, 22, 30, 0
4738, 22, 3, 24, 20, 0
4738, 22, 3, 25, 61, 0
4738, 22, 2, 26, 62, 0
4738, 22, 3, 27, 2, 0
4738, 22, 2, 27, 20, 0
4738, 22, 2, 28, 19, 0
4738, 22, 2, 28, 20, 0
4738, 22, 0, 28, 21, 0
4738, 22, 1, 28, 25, 0
4738, 22, 3, 29, 18, 0
4738, 22, 0, 29, 19, 0
4738, 22, 2, 29, 20, 0
4738, 22, 1, 29, 21, 0
4738, 22, 0, 29, 22, 0
4738, 22, 0, 30, 1, 0
4738, 22, 3, 30, 19, 0
4738, 22, 3, 30, 20, 0
4738, 22, 1, 30, 21, 0
4738, 22, 0, 31, 5, 0
4738, 22, 0, 31, 6, 0
4738, 22, 1, 31, 11, 0
4738, 22, 1, 32, 5, 0
4738, 22, 2, 32, 6, 0
4738, 22, 0, 32, 14, 0
4738, 22, 1, 34, 26, 0
4738, 22, 3, 34, 62, 0
4738, 22, 0, 35, 26, 0
4738, 22, 2, 36, 11, 0
4738, 22, 0, 36, 24, 0
4738, 22, 3, 36, 26, 0
4738, 22, 1, 37, 2, 0
4738, 22, 2, 37, 3, 0
4738, 22, 0, 38, 2, 0
4738, 22, 2, 38, 3, 0
4738, 22, 0, 38, 15, 0
4738, 22, 1, 38, 16, 0
4738, 22, 1, 38, 25, 0
4738, 22, 2, 38, 58, 0
4738, 22, 2, 38, 62, 0
4738, 22, 3, 39, 14, 0
4738, 22, 2, 39, 15, 0
4738, 22, 3, 39, 16, 0
4738, 22, 2, 39, 17, 0
4738, 22, 0, 39, 25, 0
4738, 22, 3, 39, 62, 0
4738, 22, 1, 40, 5, 0
4738, 22, 2, 40, 14, 0
4738, 22, 2, 40, 15, 0
4738, 22, 1, 40, 16, 0
4738, 22, 3, 40, 17, 0
4738, 22, 1, 41, 15, 0
4738, 22, 0, 41, 16, 0
4738, 22, 3, 41, 22, 0
4738, 22, 0, 42, 21, 0
4738, 22, 1, 42, 22, 0
4738, 22, 0, 42, 23, 0
4738, 22, 3, 42, 54, 0
4738, 22, 2, 42, 55, 0
4738, 22, 3, 43, 22, 0
4738, 22, 1, 43, 54, 0
4738, 22, 2, 43, 55, 0
4738, 22, 3, 43, 62, 0
4738, 22, 2, 44, 1, 0
4738, 22, 1, 44, 30, 0
4738, 22, 1, 44, 47, 0
4738, 22, 1, 45, 11, 0
4738, 22, 3, 45, 12, 0
4738, 22, 3, 45, 46, 0
4738, 22, 0, 46, 11, 0
4738, 22, 3, 46, 12, 0
4738, 22, 3, 46, 29, 0
4738, 22, 0, 46, 35, 0
4738, 22, 1, 46, 36, 0
4738, 22, 1, 46, 58, 0
4738, 22, 0, 46, 59, 0
4738, 22, 2, 47, 19, 0
4738, 22, 0, 47, 24, 0
4738, 22, 3, 47, 39, 0
4738, 22, 2, 47, 40, 0
4738, 22, 1, 47, 41, 0
4738, 22, 2, 47, 42, 0
4738, 22, 0, 47, 43, 0
4738, 22, 2, 47, 58, 0
4738, 22, 3, 47, 59, 0
4738, 22, 0, 48, 34, 0
4738, 22, 2, 49, 34, 0
4738, 22, 1, 49, 62, 0
4738, 22, 3, 50, 6, 0
4738, 22, 3, 50, 7, 0
4738, 22, 0, 50, 8, 0
4738, 22, 1, 50, 9, 0
4738, 22, 3, 50, 47, 0
4738, 22, 0, 50, 48, 0
4738, 22, 1, 51, 6, 0
4738, 22, 2, 51, 7, 0
4738, 22, 3, 51, 8, 0
4738, 22, 1, 51, 9, 0
4738, 22, 3, 51, 47, 0
4738, 22, 2, 51, 48, 0
4738, 22, 1, 52, 6, 0
4738, 22, 1, 52, 7, 0
4738, 22, 3, 52, 8, 0
4738, 22, 0, 52, 9, 0
4738, 22, 3, 52, 16, 0
4738, 22, 0, 52, 17, 0
4738, 22, 3, 52, 41, 0
4738, 22, 2, 52, 42, 0
4738, 22, 1, 52, 57, 0
4738, 22, 3, 53, 6, 0
4738, 22, 3, 53, 7, 0
4738, 22, 2, 53, 8, 0
4738, 22, 1, 53, 9, 0
4738, 22, 3, 53, 16, 0
4738, 22, 2, 53, 17, 0
4738, 22, 3, 53, 23, 0
4738, 22, 2, 53, 37, 0
4738, 22, 0, 53, 41, 0
4738, 22, 1, 53, 42, 0
4738, 22, 1, 53, 57, 0
4738, 22, 1, 55, 1, 0
4738, 22, 1, 55, 2, 0
4738, 22, 2, 56, 1, 0
4738, 22, 3, 56, 2, 0
4738, 22, 0, 56, 9, 0
4738, 22, 2, 56, 12, 0
4738, 22, 1, 56, 13, 0
4738, 22, 2, 56, 62, 0
4738, 22, 1, 57, 25, 0
4738, 22, 3, 57, 26, 0
4738, 22, 1, 57, 39, 0
4738, 22, 2, 57, 40, 0
4738, 22, 2, 57, 41, 0
4738, 22, 0, 57, 42, 0
4738, 22, 1, 57, 62, 0
4738, 22, 1, 58, 25, 0
4738, 22, 0, 58, 26, 0
4738, 22, 0, 58, 39, 0
4738, 22, 0, 58, 40, 0
4738, 22, 0, 58, 41, 0
4738, 22, 1, 58, 42, 0
4738, 22, 1, 59, 5, 0
4738, 22, 2, 59, 6, 0
4738, 22, 3, 59, 39, 0
4738, 22, 1, 59, 40, 0
4738, 22, 2, 59, 41, 0
4738, 22, 0, 59, 42, 0
4738, 22, 0, 60, 5, 0
4738, 22, 3, 60, 6, 0
4738, 22, 3, 60, 32, 0
4738, 22, 0, 60, 33, 0
4738, 22, 2, 60, 39, 0
4738, 22, 2, 60, 40, 0
4738, 22, 1, 60, 41, 0
4738, 22, 0, 60, 42, 0
4738, 22, 0, 60, 60, 0
4738, 22, 1, 60, 61, 0
4738, 22, 3, 61, 1, 0
4738, 22, 0, 61, 2, 0
4738, 22, 1, 61, 14, 0
4738, 22, 2, 61, 32, 0
4738, 22, 1, 61, 33, 0
4738, 22, 2, 61, 52, 0
4738, 22, 2, 61, 60, 0
4738, 22, 2, 61, 61, 0
4738, 22, 3, 62, 1, 0
4738, 22, 2, 62, 2, 0
4738, 22, 2, 62, 46, 0
5497, 10, 1, 25, 3, 0
5533, 22, 2, 1, 2, 0
5533, 22, 2, 1, 5, 0
5533, 22, 2, 1, 8, 0
5533, 22, 2, 1, 11, 0
5533, 22, 2, 1, 14, 0
5533, 22, 2, 1, 17, 0
5533, 22, 2, 1, 18, 0
5533, 22, 3, 2, 19, 0
5533, 22, 1, 4, 1, 0
5533, 22, 3, 4, 9, 0
5533, 22, 1, 4, 10, 0
5533, 22, 3, 5, 19, 0
5533, 22, 1, 7, 1, 0
5533, 22, 1, 9, 1, 0
5533, 22, 1, 12, 1, 0
5533, 22, 1, 15, 1, 0
5533, 22, 0, 17, 2, 0
5533, 22, 0, 17, 5, 0
5533, 22, 2, 18, 15, 0
5533, 22, 3, 19, 17, 0
5533, 22, 2, 20, 4, 0
5533, 22, 3, 20, 17, 0
5533, 22, 1, 21, 2, 0
5533, 22, 1, 23, 2, 0
5533, 22, 3, 23, 17, 0
5533, 22, 1, 26, 2, 0
5533, 22, 0, 27, 3, 0
5533, 22, 0, 27, 4, 0
5533, 22, 0, 27, 7, 0
5533, 22, 0, 27, 8, 0
5533, 22, 0, 27, 11, 0
5533, 22, 0, 27, 13, 0
5533, 22, 0, 27, 16, 0
5534, 22, 2, 1, 3, 0
5534, 22, 2, 1, 4, 0
5534, 22, 2, 1, 6, 0
5534, 22, 2, 1, 7, 0
5534, 22, 2, 1, 12, 0
5534, 22, 2, 1, 13, 0
5534, 22, 2, 1, 15, 0
5534, 22, 2, 1, 16, 0
5534, 22, 1, 2, 1, 0
5534, 22, 3, 2, 9, 0
5534, 22, 1, 2, 10, 0
5534, 22, 1, 3, 1, 0
5534, 22, 3, 3, 9, 0
5534, 22, 1, 3, 10, 0
5534, 22, 3, 3, 19, 0
5534, 22, 3, 4, 19, 0
5534, 22, 1, 5, 1, 0
5534, 22, 1, 6, 1, 0
5534, 22, 0, 7, 17, 0
5534, 22, 1, 8, 1, 0
5534, 22, 1, 10, 1, 0
5534, 22, 1, 11, 1, 0
5534, 22, 1, 13, 1, 0
5534, 22, 1, 14, 1, 0
5534, 22, 1, 16, 1, 0
5534, 22, 0, 17, 3, 0
5534, 22, 0, 17, 4, 0
5534, 22, 2, 20, 3, 0
5534, 22, 3, 21, 17, 0
5534, 22, 1, 22, 2, 0
5534, 22, 3, 22, 17, 0
5534, 22, 1, 24, 2, 0
5534, 22, 1, 25, 2, 0
5534, 22, 0, 27, 5, 0
5534, 22, 0, 27, 6, 0
5534, 22, 0, 27, 9, 0
5534, 22, 0, 27, 10, 0
5534, 22, 0, 27, 12, 0
5534, 22, 0, 27, 14, 0
5534, 22, 0, 27, 15, 0
5536, 22, 1, 5, 9, 0
5536, 22, 2, 5, 10, 0
5536, 22, 2, 7, 16, 0
5536, 22, 3, 18, 14, 0
5536, 22, 0, 18, 16, 0
5536, 22, 1, 24, 17, 0
5536, 22, 0, 26, 17, 0
5536, 22, 2, 51, 45, 0
5615, 10, 3, 8, 11, 0
5615, 10, 3, 10, 23, 0
5615, 10, 3, 10, 26, 0
5615, 10, 2, 14, 7, 0
6213, 10, 2, 9, 5, 0
7055, 1, 0, 13, 57, 0
9470, 10, 1, 21, 15, 0
9471, 10, 1, 22, 15, 1
9509, 10, 1, 24, 11, 1
9519, 10, 0, 9, 3, 0
9523, 10, 1, 26, 16, 1
9533, 10, 0, 2, 7, 0
9534, 10, 0, 3, 8, 0
9534, 10, 3, 5, 11, 0
9534, 10, 3, 16, 3, 0
9534, 10, 3, 4, 11, 1
9535, 10, 0, 2, 8, 0
9535, 10, 0, 2, 12, 0
9535, 10, 2, 16, 2, 0
9535, 10, 3, 5, 11, 1
9536, 10, 0, 3, 11, 0
9536, 10, 3, 4, 11, 0
9536, 10, 2, 16, 4, 0
9536, 10, 1, 2, 11, 1
9536, 10, 2, 3, 11, 1
9558, 10, 1, 4, 13, 0
9559, 10, 1, 4, 13, 1
9611, 10, 3, 20, 9, 1
9611, 10, 3, 24, 9, 1
9613, 10, 2, 22, 12, 0
9613, 10, 1, 4, 16, 1
9613, 10, 1, 21, 11, 1
9614, 10, 3, 13, 5, 0
9615, 10, 3, 3, 7, 0
9615, 10, 2, 21, 4, 0
9615, 10, 0, 23, 7, 0
9616, 10, 0, 3, 16, 0
9617, 10, 0, 2, 13, 0
9618, 10, 3, 2, 11, 0
9618, 10, 0, 2, 16, 0
9618, 10, 3, 12, 2, 0
9618, 10, 0, 2, 15, 1
9618, 10, 2, 6, 17, 1
9619, 10, 0, 2, 17, 0
9619, 10, 3, 13, 2, 0
9619, 10, 0, 2, 12, 1
9619, 10, 0, 2, 14, 1
9619, 10, 2, 6, 12, 1
9619, 10, 2, 6, 15, 1
9620, 10, 0, 2, 15, 0
9620, 10, 0, 2, 18, 0
9620, 10, 3, 10, 2, 0
9620, 10, 0, 2, 17, 1
9620, 10, 2, 6, 14, 1
9621, 11, 3, 3, 18, 0
9621, 11, 1, 14, 4, 0
9621, 11, 0, 24, 7, 0
9621, 11, 3, 3, 18, 1
9621, 10, 2, 4, 15, 1
9621, 11, 0, 5, 18, 1
9621, 10, 2, 19, 15, 1
9622, 10, 2, 22, 11, 0
9622, 10, 0, 22, 13, 0
9622, 10, 2, 23, 11, 0
9622, 10, 0, 23, 13, 0
9622, 10, 3, 20, 11, 1
9622, 10, 3, 20, 12, 1
9622, 11, 1, 22, 11, 1
9623, 1, 1, 0, 48, 0
9623, 0, 2, 0, 49, 0
9623, 0, 2, 0, 50, 0
9623, 0, 2, 0, 51, 0
9623, 0, 2, 0, 52, 0
9623, 0, 2, 0, 53, 0
9623, 0, 2, 0, 54, 0
9623, 0, 2, 0, 55, 0
9623, 0, 2, 0, 56, 0
9623, 0, 2, 0, 57, 0
9623, 0, 2, 0, 58, 0
9623, 0, 2, 0, 59, 0
9623, 0, 2, 0, 60, 0
9623, 1, 2, 0, 61, 0
9623, 1, 1, 1, 45, 0
9623, 0, 2, 1, 46, 0
9623, 0, 2, 1, 47, 0
9623, 9, 1, 1, 48, 0
9623, 9, 2, 1, 61, 0
9623, 1, 2, 1, 62, 0
9623, 1, 1, 2, 44, 0
9623, 9, 1, 2, 45, 0
9623, 3, 3, 2, 48, 0
9623, 9, 2, 2, 62, 0
9623, 1, 2, 2, 63, 0
9623, 0, 1, 3, 44, 0
9623, 3, 3, 3, 45, 0
9623, 3, 0, 3, 62, 0
9623, 0, 3, 3, 63, 0
9623, 0, 1, 4, 44, 0
9623, 0, 3, 4, 63, 0
9623, 0, 1, 5, 44, 0
9623, 3, 2, 5, 45, 0
9623, 0, 3, 5, 63, 0
9623, 1, 0, 6, 44, 0
9623, 9, 0, 6, 45, 0
9623, 0, 3, 6, 63, 0
9623, 0, 1, 7, 45, 0
9623, 0, 3, 7, 63, 0
9623, 0, 1, 8, 45, 0
9623, 0, 3, 8, 63, 0
9623, 0, 1, 9, 45, 0
9623, 3, 2, 9, 46, 0
9623, 3, 1, 9, 62, 0
9623, 0, 3, 9, 63, 0
9623, 1, 0, 10, 45, 0
9623, 9, 0, 10, 46, 0
9623, 3, 1, 10, 61, 0
9623, 9, 3, 10, 62, 0
9623, 1, 3, 10, 63, 0
9623, 0, 1, 11, 46, 0
9623, 3, 2, 11, 47, 0
9623, 3, 1, 11, 52, 0
9623, 3, 2, 11, 57, 0
9623, 3, 1, 11, 60, 0
9623, 9, 3, 11, 61, 0
9623, 1, 3, 11, 62, 0
9623, 1, 0, 12, 46, 0
9623, 9, 0, 12, 47, 0
9623, 3, 2, 12, 48, 0
9623, 3, 1, 12, 51, 0
9623, 9, 3, 12, 52, 0
9623, 0, 0, 12, 53, 0
9623, 3, 3, 12, 54, 0
9623, 3, 0, 12, 55, 0
9623, 0, 0, 12, 56, 0
9623, 9, 0, 12, 57, 0
9623, 3, 2, 12, 58, 0
9623, 3, 1, 12, 59, 0
9623, 9, 3, 12, 60, 0
9623, 1, 3, 12, 61, 0
9623, 1, 0, 13, 47, 0
9623, 0, 0, 13, 48, 0
9623, 0, 0, 13, 49, 0
9623, 0, 0, 13, 50, 0
9623, 0, 0, 13, 51, 0
9623, 1, 3, 13, 52, 0
9623, 0, 0, 13, 58, 0
9623, 0, 0, 13, 59, 0
9623, 1, 3, 13, 60, 0
9623, 1, 1, 19, 36, 0
9623, 0, 2, 19, 37, 0
9623, 0, 2, 19, 38, 0
9623, 0, 2, 19, 39, 0
9623, 0, 2, 19, 40, 0
9623, 0, 2, 19, 41, 0
9623, 1, 2, 19, 42, 0
9623, 1, 1, 20, 34, 0
9623, 0, 2, 20, 35, 0
9623, 9, 1, 20, 36, 0
9623, 9, 2, 20, 42, 0
9623, 0, 2, 20, 43, 0
9623, 1, 2, 20, 44, 0
9623, 1, 1, 21, 33, 0
9623, 9, 1, 21, 34, 0
9623, 9, 2, 21, 44, 0
9623, 0, 2, 21, 45, 0
9623, 1, 2, 21, 46, 0
9623, 1, 1, 22, 32, 0
9623, 9, 1, 22, 33, 0
9623, 9, 2, 22, 46, 0
9623, 1, 2, 22, 47, 0
9623, 1, 1, 23, 31, 0
9623, 9, 1, 23, 32, 0
9623, 0, 3, 23, 47, 0
9623, 0, 1, 24, 31, 0
9623, 9, 2, 24, 47, 0
9623, 1, 2, 24, 48, 0
9623, 3, 1, 25, 29, 0
9623, 0, 2, 25, 30, 0
9623, 9, 1, 25, 31, 0
9623, 9, 2, 25, 48, 0
9623, 0, 2, 25, 49, 0
9623, 1, 2, 25, 50, 0
9623, 9, 2, 26, 50, 0
9623, 1, 2, 26, 51, 0
9623, 3, 1, 27, 28, 0
9623, 0, 3, 27, 51, 0
9623, 0, 1, 28, 28, 0
9623, 9, 2, 28, 51, 0
9623, 1, 2, 28, 52, 0
9623, 0, 1, 29, 28, 0
9623, 0, 3, 29, 52, 0
9623, 1, 1, 30, 27, 0
9623, 9, 1, 30, 28, 0
9623, 3, 1, 30, 51, 0
9623, 0, 3, 30, 52, 0
9623, 0, 1, 31, 27, 0
9623, 1, 1, 32, 26, 0
9623, 9, 1, 32, 27, 0
9623, 0, 1, 33, 26, 0
9623, 0, 1, 34, 26, 0
9623, 0, 1, 35, 26, 0
9623, 3, 0, 35, 51, 0
9623, 0, 3, 35, 52, 0
9623, 0, 1, 36, 26, 0
9623, 0, 3, 36, 52, 0
9623, 0, 1, 37, 26, 0
9623, 0, 3, 37, 52, 0
9623, 0, 1, 38, 26, 0
9623, 0, 3, 38, 52, 0
9623, 3, 0, 39, 26, 0
9623, 0, 3, 39, 52, 0
9623, 3, 0, 40, 26, 0
9623, 9, 0, 40, 27, 0
9623, 9, 3, 40, 51, 0
9623, 1, 3, 40, 52, 0
9623, 0, 1, 41, 27, 0
9623, 2, 3, 41, 50, 0
9623, 1, 3, 41, 51, 0
9623, 1, 0, 42, 27, 0
9623, 9, 0, 42, 28, 0
9623, 9, 3, 42, 49, 0
9623, 1, 3, 42, 50, 0
9623, 1, 0, 43, 28, 0
9623, 9, 0, 43, 29, 0
9623, 9, 3, 43, 48, 0
9623, 1, 3, 43, 49, 0
9623, 1, 0, 44, 29, 0
9623, 0, 0, 44, 30, 0
9623, 9, 0, 44, 31, 0
9623, 3, 1, 44, 32, 0
9623, 1, 2, 44, 33, 0
9623, 9, 3, 44, 46, 0
9623, 0, 0, 44, 47, 0
9623, 1, 3, 44, 48, 0
9623, 3, 0, 45, 31, 0
9623, 9, 2, 45, 33, 0
9623, 0, 2, 45, 34, 0
9623, 0, 2, 45, 35, 0
9623, 0, 2, 45, 36, 0
9623, 1, 2, 45, 37, 0
9623, 0, 3, 45, 46, 0
9623, 9, 2, 46, 37, 0
9623, 3, 2, 46, 38, 0
9623, 9, 3, 46, 45, 0
9623, 1, 3, 46, 46, 0
9623, 0, 0, 47, 38, 0
9623, 0, 0, 47, 39, 0
9623, 0, 0, 47, 40, 0
9623, 0, 0, 47, 41, 0
9623, 0, 0, 47, 42, 0
9623, 0, 0, 47, 43, 0
9623, 0, 0, 47, 44, 0
9623, 1, 3, 47, 45, 0
9624, 10, 2, 3, 46, 0
9625, 10, 0, 34, 39, 0
9626, 3, 1, 1, 1, 0
9626, 0, 2, 1, 2, 0
9626, 0, 2, 1, 3, 0
9626, 0, 2, 1, 4, 0
9626, 0, 2, 1, 5, 0
9626, 0, 2, 1, 6, 0
9626, 0, 2, 1, 7, 0
9626, 0, 2, 1, 8, 0
9626, 3, 2, 1, 9, 0
9626, 3, 1, 1, 10, 0
9626, 0, 2, 1, 11, 0
9626, 0, 2, 1, 12, 0
9626, 0, 2, 1, 13, 0
9626, 0, 2, 1, 14, 0
9626, 0, 2, 1, 15, 0
9626, 0, 2, 1, 16, 0
9626, 0, 2, 1, 17, 0
9626, 0, 2, 1, 18, 0
9626, 3, 2, 1, 19, 0
9626, 0, 1, 2, 1, 0
9626, 0, 3, 2, 9, 0
9626, 0, 1, 2, 10, 0
9626, 0, 3, 2, 19, 0
9626, 0, 1, 3, 1, 0
9626, 0, 3, 3, 9, 0
9626, 0, 1, 3, 10, 0
9626, 0, 3, 3, 19, 0
9626, 0, 1, 4, 1, 0
9626, 0, 3, 4, 9, 0
9626, 0, 1, 4, 10, 0
9626, 0, 3, 4, 19, 0
9626, 0, 1, 5, 1, 0
9626, 0, 3, 5, 9, 0
9626, 0, 1, 5, 10, 0
9626, 0, 3, 5, 19, 0
9626, 0, 1, 6, 1, 0
9626, 9, 3, 6, 8, 0
9626, 3, 3, 6, 9, 0
9626, 3, 0, 6, 10, 0
9626, 9, 0, 6, 11, 0
9626, 9, 3, 6, 18, 0
9626, 3, 3, 6, 19, 0
9626, 0, 1, 7, 1, 0
9626, 3, 3, 7, 8, 0
9626, 3, 0, 7, 11, 0
9626, 0, 0, 7, 12, 0
9626, 0, 0, 7, 13, 0
9626, 0, 0, 7, 15, 0
9626, 0, 0, 7, 16, 0
9626, 0, 0, 7, 17, 0
9626, 3, 3, 7, 18, 0
9626, 0, 1, 8, 1, 0
9626, 9, 3, 8, 6, 0
9626, 3, 3, 8, 7, 0
9626, 0, 1, 9, 1, 0
9626, 0, 3, 9, 6, 0
9626, 0, 1, 10, 1, 0
9626, 0, 3, 10, 6, 0
9626, 0, 1, 11, 1, 0
9626, 3, 1, 11, 5, 0
9626, 0, 3, 11, 6, 0
9626, 0, 1, 12, 1, 0
9626, 0, 1, 13, 1, 0
9626, 0, 3, 13, 6, 0
9626, 0, 1, 14, 1, 0
9626, 0, 3, 14, 6, 0
9626, 0, 1, 15, 1, 0
9626, 0, 3, 15, 6, 0
9626, 0, 1, 16, 1, 0
9626, 0, 3, 16, 6, 0
9626, 3, 0, 17, 1, 0
9626, 0, 0, 17, 2, 0
9626, 0, 0, 17, 3, 0
9626, 0, 0, 17, 4, 0
9626, 0, 0, 17, 5, 0
9626, 3, 3, 17, 6, 0
9626, 3, 1, 18, 8, 0
9626, 0, 2, 18, 9, 0
9626, 0, 2, 18, 10, 0
9626, 0, 2, 18, 11, 0
9626, 0, 2, 18, 12, 0
9626, 0, 2, 18, 14, 0
9626, 0, 2, 18, 15, 0
9626, 0, 2, 18, 16, 0
9626, 3, 2, 18, 17, 0
9626, 0, 1, 19, 8, 0
9626, 3, 0, 19, 12, 0
9626, 0, 3, 19, 17, 0
9626, 3, 1, 20, 2, 0
9626, 0, 2, 20, 3, 0
9626, 0, 2, 20, 4, 0
9626, 0, 2, 20, 5, 0
9626, 0, 2, 20, 7, 0
9626, 2, 1, 20, 8, 0
9626, 0, 3, 20, 17, 0
9626, 0, 1, 21, 2, 0
9626, 0, 3, 21, 17, 0
9626, 0, 1, 22, 2, 0
9626, 0, 3, 22, 17, 0
9626, 0, 1, 23, 2, 0
9626, 0, 3, 23, 17, 0
9626, 0, 1, 24, 2, 0
9626, 0, 3, 24, 17, 0
9626, 0, 1, 25, 2, 0
9626, 0, 1, 26, 2, 0
9626, 0, 3, 26, 17, 0
9626, 3, 0, 27, 2, 0
9626, 0, 0, 27, 3, 0
9626, 0, 0, 27, 4, 0
9626, 0, 0, 27, 5, 0
9626, 0, 0, 27, 6, 0
9626, 0, 0, 27, 7, 0
9626, 0, 0, 27, 8, 0
9626, 0, 0, 27, 9, 0
9626, 0, 0, 27, 10, 0
9626, 0, 0, 27, 11, 0
9626, 0, 0, 27, 12, 0
9626, 0, 0, 27, 13, 0
9626, 0, 0, 27, 14, 0
9626, 0, 0, 27, 15, 0
9626, 0, 0, 27, 16, 0
9626, 3, 3, 27, 17, 0
9626, 3, 1, 1, 1, 1
9626, 0, 2, 1, 2, 1
9626, 0, 2, 1, 3, 1
9626, 0, 2, 1, 4, 1
9626, 0, 2, 1, 5, 1
9626, 0, 2, 1, 6, 1
9626, 0, 2, 1, 7, 1
9626, 0, 2, 1, 8, 1
9626, 3, 2, 1, 9, 1
9626, 3, 1, 1, 10, 1
9626, 0, 2, 1, 11, 1
9626, 0, 2, 1, 12, 1
9626, 0, 2, 1, 13, 1
9626, 0, 2, 1, 14, 1
9626, 0, 2, 1, 15, 1
9626, 0, 2, 1, 16, 1
9626, 0, 2, 1, 17, 1
9626, 0, 2, 1, 18, 1
9626, 3, 2, 1, 19, 1
9626, 0, 1, 2, 1, 1
9626, 0, 3, 2, 9, 1
9626, 0, 1, 2, 10, 1
9626, 0, 3, 2, 19, 1
9626, 0, 1, 3, 1, 1
9626, 0, 3, 3, 9, 1
9626, 0, 1, 3, 10, 1
9626, 0, 3, 3, 19, 1
9626, 0, 1, 4, 1, 1
9626, 0, 3, 4, 9, 1
9626, 0, 1, 4, 10, 1
9626, 0, 3, 4, 19, 1
9626, 0, 1, 5, 1, 1
9626, 0, 3, 5, 9, 1
9626, 0, 1, 5, 10, 1
9626, 0, 3, 5, 19, 1
9626, 0, 1, 6, 1, 1
9626, 9, 3, 6, 8, 1
9626, 3, 3, 6, 9, 1
9626, 3, 0, 6, 10, 1
9626, 9, 0, 6, 11, 1
9626, 9, 3, 6, 18, 1
9626, 3, 3, 6, 19, 1
9626, 0, 1, 7, 1, 1
9626, 9, 3, 7, 7, 1
9626, 3, 3, 7, 8, 1
9626, 3, 0, 7, 11, 1
9626, 0, 0, 7, 12, 1
9626, 0, 0, 7, 13, 1
9626, 0, 0, 7, 14, 1
9626, 0, 0, 7, 15, 1
9626, 0, 0, 7, 16, 1
9626, 0, 0, 7, 17, 1
9626, 3, 3, 7, 18, 1
9626, 0, 1, 8, 1, 1
9626, 9, 3, 8, 6, 1
9626, 3, 3, 8, 7, 1
9626, 3, 0, 9, 1, 1
9626, 0, 0, 9, 2, 1
9626, 0, 0, 9, 3, 1
9626, 0, 0, 9, 4, 1
9626, 0, 0, 9, 5, 1
9626, 3, 3, 9, 6, 1
9626, 3, 1, 18, 8, 1
9626, 0, 2, 18, 9, 1
9626, 0, 2, 18, 10, 1
9626, 0, 2, 18, 11, 1
9626, 0, 2, 18, 12, 1
9626, 0, 2, 18, 13, 1
9626, 0, 2, 18, 14, 1
9626, 0, 2, 18, 15, 1
9626, 0, 2, 18, 16, 1
9626, 3, 2, 18, 17, 1
9626, 0, 1, 19, 8, 1
9626, 0, 3, 19, 17, 1
9626, 0, 1, 20, 8, 1
9626, 0, 3, 20, 17, 1
9626, 0, 1, 21, 8, 1
9626, 0, 3, 21, 17, 1
9626, 0, 1, 22, 8, 1
9626, 0, 3, 22, 17, 1
9626, 0, 1, 23, 8, 1
9626, 0, 3, 23, 17, 1
9626, 0, 1, 24, 8, 1
9626, 0, 3, 24, 17, 1
9626, 0, 1, 25, 8, 1
9626, 0, 3, 25, 17, 1
9626, 0, 1, 26, 8, 1
9626, 0, 3, 26, 17, 1
9626, 3, 0, 27, 8, 1
9626, 0, 0, 27, 9, 1
9626, 0, 0, 27, 10, 1
9626, 0, 0, 27, 11, 1
9626, 0, 0, 27, 12, 1
9626, 0, 0, 27, 13, 1
9626, 0, 0, 27, 14, 1
9626, 0, 0, 27, 15, 1
9626, 0, 0, 27, 16, 1
9626, 3, 3, 27, 17, 1
9627, 0, 2, 8, 2, 0
9627, 0, 2, 8, 3, 0
9627, 0, 2, 8, 4, 0
9627, 0, 2, 8, 5, 0
9627, 0, 1, 21, 8, 0
9627, 0, 1, 22, 8, 0
9627, 0, 1, 23, 8, 0
9627, 0, 1, 24, 8, 0
9627, 0, 0, 24, 15, 0
9627, 0, 0, 24, 16, 0
9627, 0, 1, 25, 8, 0
9627, 0, 1, 26, 8, 0
9628, 18, 1, 10, 1, 1
9628, 18, 3, 10, 6, 1
9628, 18, 1, 11, 1, 1
9628, 18, 3, 11, 6, 1
9628, 18, 1, 12, 1, 1
9628, 18, 3, 12, 6, 1
9628, 18, 1, 13, 1, 1
9628, 18, 3, 13, 6, 1
9628, 18, 1, 14, 1, 1
9628, 18, 3, 14, 6, 1
9628, 18, 1, 15, 1, 1
9628, 18, 3, 15, 6, 1
9628, 18, 1, 16, 1, 1
9628, 18, 3, 16, 6, 1
9628, 18, 2, 20, 3, 1
9628, 18, 2, 20, 4, 1
9628, 18, 2, 20, 5, 1
9628, 18, 2, 20, 6, 1
9628, 18, 2, 20, 7, 1
9628, 18, 0, 27, 3, 1
9628, 18, 0, 27, 4, 1
9628, 18, 0, 27, 5, 1
9628, 18, 0, 27, 6, 1
9628, 18, 0, 27, 7, 1
9628, 18, 2, 1, 11, 2
9628, 18, 2, 1, 12, 2
9628, 18, 2, 1, 13, 2
9628, 18, 2, 1, 14, 2
9628, 18, 2, 1, 15, 2
9628, 18, 2, 1, 16, 2
9628, 18, 2, 1, 17, 2
9628, 18, 2, 1, 18, 2
9628, 18, 1, 2, 1, 2
9628, 18, 3, 2, 9, 2
9628, 18, 1, 3, 1, 2
9628, 18, 3, 3, 9, 2
9628, 18, 1, 4, 1, 2
9628, 18, 3, 4, 9, 2
9628, 18, 1, 5, 1, 2
9628, 18, 3, 5, 9, 2
9628, 18, 1, 6, 1, 2
9628, 18, 1, 7, 1, 2
9628, 18, 0, 7, 12, 2
9628, 18, 0, 7, 13, 2
9628, 18, 0, 7, 14, 2
9628, 18, 0, 7, 15, 2
9628, 18, 0, 7, 16, 2
9628, 18, 0, 7, 17, 2
9628, 18, 1, 8, 1, 2
9628, 18, 2, 18, 9, 2
9628, 18, 2, 18, 10, 2
9628, 18, 2, 18, 11, 2
9628, 18, 2, 18, 12, 2
9628, 18, 2, 18, 13, 2
9628, 18, 2, 18, 14, 2
9628, 18, 2, 18, 15, 2
9628, 18, 2, 18, 16, 2
9628, 18, 0, 27, 9, 2
9628, 18, 0, 27, 10, 2
9628, 18, 0, 27, 11, 2
9628, 18, 0, 27, 12, 2
9628, 18, 0, 27, 13, 2
9628, 18, 0, 27, 14, 2
9628, 18, 0, 27, 15, 2
9628, 18, 0, 27, 16, 2
9629, 18, 1, 9, 1, 1
9629, 18, 2, 20, 8, 1
9630, 18, 3, 9, 6, 1
9630, 18, 0, 27, 8, 1
9640, 12, 1, 10, 2, 1
9640, 12, 3, 10, 5, 1
9640, 12, 1, 11, 2, 1
9640, 12, 3, 11, 5, 1
9640, 12, 1, 12, 2, 1
9640, 12, 3, 12, 5, 1
9640, 12, 1, 13, 2, 1
9640, 12, 3, 13, 5, 1
9640, 12, 1, 14, 2, 1
9640, 12, 3, 14, 5, 1
9640, 12, 1, 15, 2, 1
9640, 12, 3, 15, 5, 1
9640, 12, 1, 16, 2, 1
9640, 12, 3, 16, 5, 1
9640, 18, 0, 17, 5, 1
9640, 12, 2, 21, 3, 1
9640, 12, 2, 21, 4, 1
9640, 12, 2, 21, 5, 1
9640, 12, 2, 21, 6, 1
9640, 12, 2, 21, 7, 1
9640, 18, 1, 26, 2, 1
9640, 12, 0, 26, 3, 1
9640, 12, 0, 26, 4, 1
9640, 12, 0, 26, 5, 1
9640, 12, 0, 26, 6, 1
9640, 12, 0, 26, 7, 1
9640, 18, 2, 1, 2, 2
9640, 12, 1, 2, 2, 2
9640, 12, 3, 2, 8, 2
9640, 12, 2, 2, 11, 2
9640, 12, 2, 2, 12, 2
9640, 12, 2, 2, 13, 2
9640, 12, 2, 2, 14, 2
9640, 12, 2, 2, 15, 2
9640, 12, 2, 2, 16, 2
9640, 12, 2, 2, 17, 2
9640, 12, 2, 2, 18, 2
9640, 18, 3, 2, 19, 2
9640, 12, 1, 3, 2, 2
9640, 12, 3, 3, 8, 2
9640, 12, 1, 4, 2, 2
9640, 12, 3, 4, 8, 2
9640, 12, 1, 5, 2, 2
9640, 12, 3, 5, 8, 2
9640, 12, 1, 6, 2, 2
9640, 12, 0, 6, 12, 2
9640, 12, 0, 6, 13, 2
9640, 12, 0, 6, 14, 2
9640, 12, 0, 6, 15, 2
9640, 12, 0, 6, 16, 2
9640, 12, 0, 6, 17, 2
9640, 12, 1, 7, 2, 2
9640, 12, 1, 8, 2, 2
9640, 12, 2, 19, 9, 2
9640, 12, 2, 19, 10, 2
9640, 12, 2, 19, 11, 2
9640, 12, 2, 19, 12, 2
9640, 12, 2, 19, 13, 2
9640, 12, 2, 19, 14, 2
9640, 12, 2, 19, 15, 2
9640, 12, 2, 19, 16, 2
9640, 18, 3, 19, 17, 2
9640, 18, 1, 26, 8, 2
9640, 12, 0, 26, 9, 2
9640, 12, 0, 26, 10, 2
9640, 12, 0, 26, 11, 2
9640, 12, 0, 26, 12, 2
9640, 12, 0, 26, 13, 2
9640, 12, 0, 26, 14, 2
9640, 12, 0, 26, 15, 2
9640, 12, 0, 26, 16, 2
9641, 12, 1, 10, 3, 1
9641, 12, 3, 10, 4, 1
9641, 12, 1, 11, 3, 1
9641, 12, 3, 11, 4, 1
9641, 12, 1, 12, 3, 1
9641, 12, 3, 12, 4, 1
9641, 12, 1, 13, 3, 1
9641, 12, 3, 13, 4, 1
9641, 12, 1, 14, 3, 1
9641, 12, 3, 14, 4, 1
9641, 12, 1, 15, 3, 1
9641, 12, 3, 15, 4, 1
9641, 12, 1, 16, 3, 1
9641, 12, 3, 16, 4, 1
9641, 18, 0, 17, 4, 1
9641, 12, 2, 22, 3, 1
9641, 12, 2, 22, 4, 1
9641, 12, 2, 22, 5, 1
9641, 12, 2, 22, 6, 1
9641, 12, 2, 22, 7, 1
9641, 18, 1, 25, 2, 1
9641, 12, 0, 25, 3, 1
9641, 12, 0, 25, 4, 1
9641, 12, 0, 25, 5, 1
9641, 12, 0, 25, 6, 1
9641, 12, 0, 25, 7, 1
9641, 18, 2, 1, 3, 2
9641, 12, 1, 2, 3, 2
9641, 12, 3, 2, 7, 2
9641, 12, 1, 3, 3, 2
9641, 12, 3, 3, 7, 2
9641, 12, 2, 3, 11, 2
9641, 12, 2, 3, 12, 2
9641, 12, 2, 3, 13, 2
9641, 12, 2, 3, 14, 2
9641, 12, 2, 3, 15, 2
9641, 12, 2, 3, 16, 2
9641, 12, 2, 3, 17, 2
9641, 12, 2, 3, 18, 2
9641, 18, 3, 3, 19, 2
9641, 12, 1, 4, 3, 2
9641, 12, 3, 4, 7, 2
9641, 17, 0, 4, 11, 2
9641, 17, 0, 4, 12, 2
9641, 17, 0, 4, 13, 2
9641, 17, 0, 4, 14, 2
9641, 17, 0, 4, 15, 2
9641, 17, 0, 4, 16, 2
9641, 17, 0, 4, 17, 2
9641, 17, 0, 4, 18, 2
9641, 12, 1, 5, 3, 2
9641, 12, 3, 5, 7, 2
9641, 18, 1, 5, 10, 2
9641, 12, 0, 5, 11, 2
9641, 12, 0, 5, 12, 2
9641, 12, 0, 5, 13, 2
9641, 12, 0, 5, 14, 2
9641, 12, 0, 5, 15, 2
9641, 12, 0, 5, 16, 2
9641, 12, 0, 5, 17, 2
9641, 12, 0, 5, 18, 2
9641, 12, 1, 6, 3, 2
9641, 12, 1, 7, 3, 2
9641, 12, 1, 8, 3, 2
9641, 12, 2, 20, 9, 2
9641, 12, 2, 20, 10, 2
9641, 12, 2, 20, 11, 2
9641, 12, 2, 20, 12, 2
9641, 12, 2, 20, 13, 2
9641, 12, 2, 20, 14, 2
9641, 12, 2, 20, 15, 2
9641, 12, 2, 20, 16, 2
9641, 18, 3, 20, 17, 2
9641, 18, 1, 25, 8, 2
9641, 12, 0, 25, 9, 2
9641, 12, 0, 25, 10, 2
9641, 12, 0, 25, 11, 2
9641, 12, 0, 25, 12, 2
9641, 12, 0, 25, 13, 2
9641, 12, 0, 25, 14, 2
9641, 12, 0, 25, 15, 2
9641, 12, 0, 25, 16, 2
9642, 18, 1, 4, 10, 2
9642, 18, 3, 4, 19, 2
9643, 12, 2, 23, 3, 1
9643, 12, 2, 23, 4, 1
9643, 12, 2, 23, 5, 1
9643, 12, 2, 23, 6, 1
9643, 12, 2, 23, 7, 1
9643, 18, 1, 24, 2, 1
9643, 12, 0, 24, 3, 1
9643, 12, 0, 24, 4, 1
9643, 12, 0, 24, 5, 1
9643, 12, 0, 24, 6, 1
9643, 12, 0, 24, 7, 1
9643, 18, 2, 1, 4, 2
9643, 12, 1, 2, 4, 2
9643, 17, 1, 2, 5, 2
9643, 12, 3, 2, 6, 2
9643, 12, 1, 3, 4, 2
9643, 17, 1, 3, 5, 2
9643, 12, 3, 3, 6, 2
9643, 12, 1, 4, 4, 2
9643, 17, 1, 4, 5, 2
9643, 12, 3, 4, 6, 2
9643, 12, 1, 5, 4, 2
9643, 17, 1, 5, 5, 2
9643, 12, 3, 5, 6, 2
9643, 12, 1, 6, 4, 2
9643, 17, 1, 6, 5, 2
9643, 12, 1, 7, 4, 2
9643, 17, 1, 7, 5, 2
9643, 12, 1, 8, 4, 2
9643, 17, 1, 8, 5, 2
9643, 12, 2, 21, 9, 2
9643, 12, 2, 21, 10, 2
9643, 12, 2, 21, 11, 2
9643, 12, 2, 21, 12, 2
9643, 12, 2, 21, 13, 2
9643, 12, 2, 21, 14, 2
9643, 12, 2, 21, 15, 2
9643, 12, 2, 21, 16, 2
9643, 18, 3, 21, 17, 2
9643, 18, 1, 24, 8, 2
9643, 12, 0, 24, 9, 2
9643, 12, 0, 24, 10, 2
9643, 12, 0, 24, 11, 2
9643, 12, 0, 24, 12, 2
9643, 12, 0, 24, 13, 2
9643, 12, 0, 24, 14, 2
9643, 12, 0, 24, 15, 2
9643, 12, 0, 24, 16, 2
9644, 18, 2, 1, 5, 2
9644, 18, 0, 9, 5, 2
9645, 12, 2, 22, 9, 2
9645, 12, 2, 22, 10, 2
9645, 12, 2, 22, 11, 2
9645, 12, 2, 22, 12, 2
9645, 12, 2, 22, 13, 2
9645, 12, 2, 22, 14, 2
9645, 12, 2, 22, 15, 2
9645, 12, 2, 22, 16, 2
9645, 18, 3, 22, 17, 2
9645, 18, 1, 23, 8, 2
9645, 12, 0, 23, 9, 2
9645, 12, 0, 23, 10, 2
9645, 12, 0, 23, 11, 2
9645, 12, 0, 23, 12, 2
9645, 12, 0, 23, 13, 2
9645, 12, 0, 23, 14, 2
9645, 12, 0, 23, 15, 2
9645, 12, 0, 23, 16, 2
9646, 18, 0, 17, 2, 1
9646, 18, 1, 21, 2, 1
9646, 18, 2, 1, 8, 2
9646, 18, 1, 2, 10, 2
9646, 18, 0, 9, 2, 2
9646, 18, 1, 19, 8, 2
9646, 18, 3, 26, 17, 2
9647, 18, 0, 17, 3, 1
9647, 18, 1, 22, 2, 1
9647, 18, 2, 1, 7, 2
9647, 18, 1, 3, 10, 2
9647, 18, 3, 5, 19, 2
9647, 18, 0, 9, 3, 2
9647, 18, 1, 20, 8, 2
9647, 18, 3, 25, 17, 2
9648, 18, 1, 23, 2, 1
9648, 18, 2, 1, 6, 2
9648, 18, 0, 9, 4, 2
9648, 18, 1, 21, 8, 2
9648, 18, 3, 24, 17, 2
9649, 18, 1, 22, 8, 2
9649, 18, 3, 23, 17, 2
9650, 12, 1, 9, 2, 1
9650, 12, 2, 21, 8, 1
9651, 12, 1, 9, 3, 1
9651, 12, 2, 22, 8, 1
9652, 12, 2, 23, 8, 1
9653, 12, 3, 9, 5, 1
9653, 12, 0, 26, 8, 1
9654, 12, 3, 9, 4, 1
9654, 12, 0, 25, 8, 1
9655, 12, 0, 24, 8, 1
9656, 21, 3, 17, 6, 1
9656, 21, 0, 27, 2, 1
9656, 21, 1, 1, 1, 2
9656, 21, 2, 1, 19, 2
9656, 21, 3, 6, 9, 2
9656, 21, 2, 18, 17, 2
9656, 21, 0, 27, 8, 2
9657, 21, 1, 17, 1, 1
9657, 21, 2, 20, 2, 1
9657, 21, 3, 1, 9, 2
9657, 21, 2, 1, 10, 2
9657, 21, 1, 9, 1, 2
9657, 21, 2, 18, 8, 2
9657, 21, 0, 27, 17, 2
9658, 10, 0, 6, 10, 2
9659, 10, 0, 6, 18, 2
9660, 10, 3, 6, 6, 2
9661, 10, 2, 30, 58, 0
9661, 10, 3, 31, 53, 0
9661, 10, 1, 32, 60, 0
9661, 10, 1, 37, 61, 0
9661, 10, 2, 42, 53, 0
9661, 10, 3, 43, 59, 0
9661, 10, 0, 44, 60, 0
9661, 10, 1, 46, 50, 0
9661, 10, 0, 47, 46, 0
9661, 10, 2, 48, 5, 0
9661, 10, 1, 50, 2, 0
9661, 10, 2, 50, 13, 0
9661, 10, 0, 50, 18, 0
9661, 10, 2, 59, 16, 0
9661, 10, 3, 62, 13, 0
9662, 10, 0, 35, 41, 0
9663, 10, 0, 32, 16, 0
9663, 10, 2, 44, 20, 0
9664, 10, 0, 28, 22, 0
9665, 10, 0, 31, 20, 0
9665, 10, 0, 56, 9, 0
9666, 10, 0, 52, 11, 0
9667, 11, 3, 5, 50, 0
9667, 11, 2, 7, 59, 0
9668, 10, 0, 57, 19, 0
9669, 10, 0, 28, 46, 0
9669, 10, 0, 36, 40, 0
9670, 10, 1, 28, 45, 0
9671, 10, 0, 29, 45, 0
9671, 10, 1, 36, 39, 0
9671, 10, 0, 37, 40, 0
9673, 22, 1, 28, 44, 0
9673, 22, 0, 30, 47, 0
9674, 22, 2, 27, 44, 0
9674, 22, 3, 27, 45, 0
9674, 22, 1, 29, 44, 0
9674, 22, 0, 29, 46, 0
9674, 22, 0, 30, 48, 0
9674, 22, 2, 35, 39, 0
9674, 22, 3, 35, 40, 0
9674, 22, 3, 36, 41, 0
9674, 22, 1, 37, 39, 0
9674, 22, 0, 37, 41, 0
9675, 22, 1, 11, 12, 0
9675, 22, 1, 11, 13, 0
9675, 22, 0, 12, 11, 0
9675, 22, 2, 12, 14, 0
9675, 22, 0, 13, 11, 0
9675, 22, 2, 13, 14, 0
9675, 22, 3, 14, 12, 0
9675, 22, 3, 14, 13, 0
9676, 22, 1, 11, 11, 0
9676, 22, 2, 11, 14, 0
9676, 22, 0, 14, 11, 0
9676, 22, 3, 14, 14, 0
9677, 22, 0, 12, 13, 0
9677, 22, 0, 13, 12, 0
9677, 22, 2, 13, 13, 0
9678, 22, 0, 12, 12, 0
9679, 22, 0, 21, 11, 1
9679, 22, 0, 21, 12, 1
9680, 22, 3, 4, 5, 0
9680, 22, 3, 4, 6, 0
9680, 22, 1, 5, 5, 0
9680, 22, 1, 5, 6, 0
9680, 22, 3, 20, 11, 1
9680, 22, 3, 20, 12, 1
9680, 22, 2, 21, 10, 1
9680, 22, 0, 21, 13, 1
9680, 22, 1, 22, 11, 1
9680, 22, 1, 22, 12, 1
9681, 22, 3, 4, 4, 0
9681, 22, 0, 4, 7, 0
9681, 22, 2, 5, 4, 0
9681, 22, 1, 5, 7, 0
9681, 22, 3, 20, 10, 1
9681, 22, 0, 20, 13, 1
9681, 22, 2, 22, 10, 1
9681, 22, 1, 22, 13, 1
9682, 10, 2, 26, 9, 0
9683, 5, 0, 27, 9, 0
9684, 10, 3, 22, 9, 0
9685, 10, 2, 3, 4, 0
9685, 10, 3, 4, 3, 0
9686, 10, 3, 2, 2, 0
9687, 10, 1, 7, 2, 0
9688, 10, 1, 7, 4, 0
9689, 10, 1, 7, 3, 0
9690, 10, 1, 7, 5, 0
9708, 10, 3, 33, 47, 0
9708, 10, 2, 34, 48, 0
9709, 10, 2, 33, 45, 0
9709, 10, 1, 35, 48, 0
9710, 10, 3, 32, 47, 0
9711, 10, 3, 43, 40, 0
9713, 10, 1, 42, 39, 0
9714, 10, 3, 40, 37, 0
9716, 10, 0, 42, 35, 0
9717, 10, 3, 25, 40, 0
9717, 10, 1, 27, 37, 0
9717, 10, 2, 38, 34, 0
9718, 10, 3, 25, 42, 0
9718, 10, 3, 37, 33, 0
9719, 10, 2, 24, 39, 0
9720, 10, 0, 33, 33, 0
9722, 10, 2, 31, 34, 0
