196, 4, 1, 12, 5, 0
196, 4, 1, 17, 5, 0
196, 4, 1, 22, 5, 0
196, 4, 2, 25, 4, 0
198, 4, 0, 18, 16, 0
198, 4, 0, 18, 19, 0
198, 4, 0, 19, 22, 0
198, 7, 1, 20, 13, 0
198, 6, 0, 20, 24, 0
198, 7, 3, 27, 24, 0
198, 4, 3, 28, 17, 0
198, 7, 3, 29, 21, 0
198, 4, 3, 31, 17, 0
198, 4, 1, 33, 19, 0
198, 7, 1, 35, 15, 0
198, 7, 2, 37, 23, 0
198, 4, 3, 38, 11, 0
198, 7, 2, 39, 25, 0
198, 4, 3, 40, 11, 0
198, 7, 0, 43, 14, 0
198, 7, 3, 44, 22, 0
198, 4, 0, 46, 52, 0
198, 4, 0, 46, 55, 0
198, 4, 1, 47, 18, 0
198, 4, 0, 47, 35, 0
198, 7, 1, 48, 16, 0
198, 7, 2, 48, 38, 0
198, 7, 1, 48, 50, 0
198, 4, 0, 49, 13, 0
198, 4, 0, 49, 20, 0
198, 7, 1, 50, 48, 0
198, 7, 2, 51, 23, 0
198, 4, 3, 51, 31, 0
198, 4, 1, 51, 39, 0
198, 4, 3, 51, 43, 0
198, 4, 1, 51, 57, 0
198, 4, 3, 53, 11, 0
198, 4, 0, 53, 25, 0
198, 4, 1, 55, 57, 0
198, 7, 1, 56, 4, 0
198, 4, 2, 56, 43, 0
198, 4, 2, 57, 13, 0
198, 7, 3, 58, 27, 0
198, 7, 3, 58, 39, 0
198, 4, 2, 59, 33, 0
198, 4, 2, 59, 37, 0
198, 4, 2, 59, 50, 0
198, 4, 2, 59, 53, 0
198, 7, 3, 59, 55, 0
198, 7, 0, 60, 3, 0
198, 4, 1, 60, 10, 0
198, 4, 3, 60, 16, 0
198, 7, 0, 62, 5, 0
198, 7, 3, 62, 24, 0
319, 22, 3, 23, 14, 0
319, 22, 3, 25, 15, 0
319, 22, 1, 29, 20, 0
319, 22, 3, 31, 19, 0
319, 22, 3, 32, 19, 0
319, 22, 1, 36, 12, 0
319, 22, 2, 36, 14, 0
319, 22, 1, 42, 13, 0
319, 22, 2, 42, 24, 0
319, 22, 0, 43, 14, 0
319, 22, 0, 44, 15, 0
319, 22, 3, 45, 19, 0
319, 22, 3, 45, 20, 0
319, 22, 1, 47, 19, 0
319, 22, 2, 47, 36, 0
319, 22, 2, 48, 16, 0
319, 22, 3, 48, 37, 0
319, 22, 3, 49, 16, 0
319, 22, 1, 49, 19, 0
319, 22, 2, 50, 15, 0
319, 22, 3, 50, 39, 0
319, 22, 2, 51, 48, 0
319, 22, 2, 52, 31, 0
319, 22, 2, 52, 40, 0
319, 22, 2, 52, 47, 0
319, 22, 3, 53, 24, 0
319, 22, 3, 53, 27, 0
319, 22, 1, 53, 31, 0
319, 22, 1, 53, 41, 0
319, 22, 3, 53, 46, 0
319, 22, 0, 54, 27, 0
319, 22, 3, 54, 29, 0
319, 22, 0, 54, 30, 0
319, 22, 3, 56, 45, 0
319, 22, 0, 57, 30, 0
319, 22, 2, 57, 41, 0
319, 22, 2, 58, 15, 0
319, 22, 3, 59, 11, 0
319, 22, 3, 59, 32, 0
319, 22, 3, 59, 38, 0
319, 22, 0, 11, 19, 2
319, 22, 1, 12, 8, 2
319, 22, 2, 28, 13, 2
320, 22, 2, 21, 13, 0
320, 22, 3, 21, 14, 0
320, 22, 1, 21, 24, 0
320, 22, 0, 22, 14, 0
320, 22, 2, 22, 24, 0
320, 22, 0, 22, 25, 0
320, 22, 2, 23, 15, 0
320, 22, 3, 23, 25, 0
320, 22, 1, 23, 26, 0
320, 22, 3, 23, 27, 0
320, 22, 0, 24, 13, 0
320, 22, 1, 24, 15, 0
320, 22, 1, 24, 16, 0
320, 22, 2, 24, 17, 0
320, 22, 0, 24, 18, 0
320, 22, 2, 24, 25, 0
320, 22, 2, 24, 26, 0
320, 22, 1, 25, 16, 0
320, 22, 3, 25, 18, 0
320, 22, 2, 25, 25, 0
320, 22, 0, 26, 17, 0
320, 22, 3, 26, 18, 0
320, 22, 3, 26, 24, 0
320, 22, 1, 26, 25, 0
320, 22, 2, 26, 26, 0
320, 22, 2, 27, 17, 0
320, 22, 1, 27, 23, 0
320, 22, 0, 27, 24, 0
320, 22, 2, 29, 17, 0
320, 22, 3, 30, 19, 0
320, 22, 1, 31, 17, 0
320, 22, 0, 32, 18, 0
320, 22, 3, 33, 17, 0
320, 22, 1, 35, 15, 0
320, 22, 3, 35, 16, 0
320, 22, 0, 36, 13, 0
320, 22, 1, 36, 15, 0
320, 22, 0, 37, 12, 0
320, 22, 3, 37, 13, 0
320, 22, 3, 37, 18, 0
320, 22, 1, 37, 22, 0
320, 22, 2, 37, 23, 0
320, 22, 1, 38, 17, 0
320, 22, 1, 38, 19, 0
320, 22, 3, 38, 23, 0
320, 22, 1, 38, 24, 0
320, 22, 2, 39, 13, 0
320, 22, 1, 39, 17, 0
320, 22, 2, 39, 18, 0
320, 22, 1, 39, 23, 0
320, 22, 0, 40, 19, 0
320, 22, 0, 40, 23, 0
320, 22, 2, 40, 24, 0
320, 22, 1, 41, 12, 0
320, 22, 0, 41, 25, 0
320, 22, 1, 42, 14, 0
320, 22, 0, 42, 15, 0
320, 22, 1, 42, 22, 0
320, 22, 3, 42, 23, 0
320, 22, 0, 43, 15, 0
320, 22, 1, 43, 19, 0
320, 22, 0, 43, 21, 0
320, 22, 2, 43, 22, 0
320, 22, 3, 44, 16, 0
320, 22, 3, 44, 20, 0
320, 22, 0, 44, 21, 0
320, 22, 1, 45, 17, 0
320, 22, 1, 46, 17, 0
320, 22, 3, 47, 17, 0
320, 22, 3, 48, 18, 0
320, 22, 3, 48, 33, 0
320, 22, 3, 49, 13, 0
320, 22, 3, 49, 14, 0
320, 22, 2, 49, 17, 0
320, 22, 0, 49, 32, 0
320, 22, 0, 50, 13, 0
320, 22, 1, 50, 14, 0
320, 22, 3, 50, 16, 0
320, 22, 2, 50, 21, 0
320, 22, 3, 50, 31, 0
320, 22, 2, 50, 32, 0
320, 22, 2, 51, 11, 0
320, 22, 0, 51, 12, 0
320, 22, 2, 51, 16, 0
320, 22, 1, 51, 22, 0
320, 22, 3, 51, 30, 0
320, 22, 1, 52, 12, 0
320, 22, 1, 52, 17, 0
320, 22, 1, 52, 23, 0
320, 22, 0, 52, 32, 0
320, 22, 2, 53, 11, 0
320, 22, 0, 53, 16, 0
320, 22, 0, 53, 26, 0
320, 22, 3, 53, 32, 0
320, 22, 0, 53, 39, 0
320, 22, 1, 53, 40, 0
320, 22, 3, 54, 11, 0
320, 22, 1, 54, 12, 0
320, 22, 0, 54, 19, 0
320, 22, 0, 54, 20, 0
320, 22, 2, 54, 21, 0
320, 22, 0, 54, 28, 0
320, 22, 2, 54, 31, 0
320, 22, 3, 54, 34, 0
320, 22, 1, 54, 38, 0
320, 22, 3, 54, 40, 0
320, 22, 2, 54, 42, 0
320, 22, 0, 55, 11, 0
320, 22, 1, 55, 19, 0
320, 22, 2, 55, 21, 0
320, 22, 3, 55, 29, 0
320, 22, 2, 55, 33, 0
320, 22, 0, 55, 35, 0
320, 22, 2, 55, 39, 0
320, 22, 0, 56, 6, 0
320, 22, 3, 56, 7, 0
320, 22, 2, 56, 10, 0
320, 22, 2, 56, 11, 0
320, 22, 1, 56, 12, 0
320, 22, 0, 56, 13, 0
320, 22, 2, 56, 19, 0
320, 22, 2, 56, 20, 0
320, 22, 0, 56, 21, 0
320, 22, 1, 56, 22, 0
320, 22, 1, 56, 34, 0
320, 22, 1, 56, 36, 0
320, 22, 3, 56, 39, 0
320, 22, 2, 56, 40, 0
320, 22, 1, 56, 41, 0
320, 22, 0, 56, 46, 0
320, 22, 1, 57, 5, 0
320, 22, 0, 57, 6, 0
320, 22, 3, 57, 8, 0
320, 22, 1, 57, 10, 0
320, 22, 2, 57, 13, 0
320, 22, 3, 57, 14, 0
320, 22, 3, 57, 17, 0
320, 22, 0, 57, 20, 0
320, 22, 0, 57, 21, 0
320, 22, 3, 57, 34, 0
320, 22, 2, 57, 35, 0
320, 22, 0, 57, 38, 0
320, 22, 0, 57, 39, 0
320, 22, 2, 57, 47, 0
320, 22, 1, 57, 48, 0
320, 22, 0, 57, 49, 0
320, 22, 1, 58, 5, 0
320, 22, 2, 58, 14, 0
320, 22, 0, 58, 16, 0
320, 22, 1, 58, 17, 0
320, 22, 2, 58, 18, 0
320, 22, 2, 58, 19, 0
320, 22, 2, 58, 26, 0
320, 22, 2, 58, 31, 0
320, 22, 3, 58, 37, 0
320, 22, 0, 58, 49, 0
320, 22, 3, 58, 50, 0
320, 22, 0, 59, 4, 0
320, 22, 1, 59, 5, 0
320, 22, 0, 59, 18, 0
320, 22, 1, 59, 19, 0
320, 22, 1, 59, 20, 0
320, 22, 2, 59, 31, 0
320, 22, 1, 59, 36, 0
320, 22, 2, 59, 37, 0
320, 22, 3, 59, 48, 0
320, 22, 2, 59, 50, 0
320, 22, 1, 59, 51, 0
320, 22, 2, 60, 4, 0
320, 22, 1, 60, 5, 0
320, 22, 0, 60, 7, 0
320, 22, 0, 60, 20, 0
320, 22, 1, 60, 24, 0
320, 22, 0, 61, 7, 0
320, 22, 3, 61, 8, 0
320, 22, 1, 61, 19, 0
320, 22, 3, 61, 20, 0
320, 22, 1, 62, 18, 0
320, 22, 2, 62, 19, 0
320, 22, 2, 14, 22, 1
320, 22, 3, 15, 19, 1
320, 22, 1, 15, 20, 1
320, 22, 3, 15, 21, 1
320, 22, 3, 15, 22, 1
320, 22, 0, 16, 20, 1
320, 22, 1, 16, 23, 1
320, 22, 1, 16, 24, 1
320, 22, 0, 16, 25, 1
320, 22, 2, 17, 23, 1
320, 22, 2, 18, 22, 1
320, 22, 3, 18, 23, 1
320, 22, 3, 18, 25, 1
320, 22, 3, 18, 26, 1
320, 22, 3, 19, 24, 1
320, 22, 2, 19, 26, 1
320, 22, 0, 19, 27, 1
320, 22, 3, 19, 28, 1
320, 22, 3, 19, 29, 1
320, 22, 0, 20, 27, 1
320, 22, 1, 20, 29, 1
320, 22, 3, 21, 27, 1
320, 22, 1, 21, 28, 1
320, 22, 1, 21, 29, 1
320, 22, 2, 22, 30, 1
320, 22, 0, 23, 29, 1
320, 22, 1, 28, 26, 1
320, 22, 2, 28, 28, 1
320, 22, 3, 29, 27, 1
320, 22, 2, 29, 28, 1
320, 22, 0, 30, 24, 1
320, 22, 3, 30, 28, 1
320, 22, 2, 31, 22, 1
320, 22, 1, 31, 23, 1
320, 22, 3, 31, 28, 1
320, 22, 0, 31, 29, 1
320, 22, 1, 32, 22, 1
320, 22, 1, 32, 23, 1
320, 22, 1, 32, 30, 1
320, 22, 2, 33, 13, 1
320, 22, 1, 33, 23, 1
320, 22, 0, 33, 24, 1
320, 22, 2, 33, 28, 1
320, 22, 1, 33, 29, 1
320, 22, 1, 34, 12, 1
320, 22, 2, 34, 23, 1
320, 22, 1, 34, 25, 1
320, 22, 3, 34, 27, 1
320, 22, 0, 35, 5, 1
320, 22, 0, 35, 24, 1
320, 22, 1, 35, 26, 1
320, 22, 2, 36, 26, 1
320, 22, 1, 38, 27, 1
320, 22, 3, 39, 7, 1
320, 22, 2, 39, 28, 1
320, 22, 0, 39, 29, 1
320, 22, 0, 39, 56, 1
320, 22, 3, 40, 9, 1
320, 22, 2, 40, 27, 1
320, 22, 1, 40, 29, 1
320, 22, 3, 40, 56, 1
320, 22, 0, 41, 10, 1
320, 22, 1, 41, 28, 1
320, 22, 3, 41, 29, 1
320, 22, 0, 41, 30, 1
320, 22, 2, 41, 54, 1
320, 22, 0, 41, 55, 1
320, 22, 1, 41, 57, 1
320, 22, 3, 42, 8, 1
320, 22, 1, 42, 9, 1
320, 22, 2, 42, 28, 1
320, 22, 0, 42, 30, 1
320, 22, 1, 42, 34, 1
320, 22, 2, 42, 35, 1
320, 22, 2, 42, 36, 1
320, 22, 3, 42, 37, 1
320, 22, 1, 42, 50, 1
320, 22, 2, 42, 51, 1
320, 22, 1, 42, 55, 1
320, 22, 0, 42, 56, 1
320, 22, 2, 43, 9, 1
320, 22, 3, 43, 29, 1
320, 22, 3, 43, 30, 1
320, 22, 2, 43, 35, 1
320, 22, 1, 43, 37, 1
320, 22, 0, 43, 38, 1
320, 22, 0, 43, 39, 1
320, 22, 1, 43, 49, 1
320, 22, 0, 43, 50, 1
320, 22, 2, 43, 57, 1
320, 22, 1, 43, 59, 1
320, 22, 2, 44, 31, 1
320, 22, 3, 44, 32, 1
320, 22, 1, 44, 35, 1
320, 22, 0, 44, 36, 1
320, 22, 0, 44, 37, 1
320, 22, 3, 44, 39, 1
320, 22, 3, 44, 40, 1
320, 22, 0, 44, 49, 1
320, 22, 3, 44, 51, 1
320, 22, 3, 44, 56, 1
320, 22, 1, 44, 58, 1
320, 22, 2, 44, 60, 1
320, 22, 2, 44, 61, 1
320, 22, 2, 45, 13, 1
320, 22, 2, 45, 30, 1
320, 22, 3, 45, 32, 1
320, 22, 1, 45, 37, 1
320, 22, 0, 45, 49, 1
320, 22, 0, 45, 59, 1
320, 22, 2, 46, 12, 1
320, 22, 3, 46, 14, 1
320, 22, 3, 46, 23, 1
320, 22, 2, 46, 24, 1
320, 22, 1, 46, 25, 1
320, 22, 1, 46, 31, 1
320, 22, 2, 46, 40, 1
320, 22, 0, 46, 45, 1
320, 22, 0, 46, 46, 1
320, 22, 3, 46, 60, 1
320, 22, 1, 47, 3, 1
320, 22, 1, 47, 5, 1
320, 22, 1, 47, 6, 1
320, 22, 1, 47, 12, 1
320, 22, 3, 47, 13, 1
320, 22, 3, 47, 22, 1
320, 22, 0, 47, 23, 1
320, 22, 2, 47, 45, 1
320, 22, 3, 47, 47, 1
320, 22, 3, 48, 7, 1
320, 22, 3, 48, 23, 1
320, 22, 0, 48, 24, 1
320, 22, 0, 48, 25, 1
320, 22, 3, 48, 27, 1
320, 22, 0, 48, 28, 1
320, 22, 1, 48, 44, 1
320, 22, 1, 48, 46, 1
320, 22, 0, 49, 5, 1
320, 22, 0, 49, 6, 1
320, 22, 3, 49, 26, 1
320, 22, 0, 49, 28, 1
320, 22, 0, 49, 61, 1
320, 22, 2, 50, 26, 1
320, 22, 1, 50, 27, 1
320, 22, 1, 50, 28, 1
320, 22, 3, 50, 61, 1
320, 22, 1, 50, 62, 1
320, 22, 0, 51, 1, 1
320, 22, 3, 51, 8, 1
320, 22, 2, 51, 28, 1
320, 22, 0, 51, 60, 1
320, 22, 1, 51, 61, 1
320, 22, 0, 52, 1, 1
320, 22, 1, 52, 2, 1
320, 22, 1, 52, 3, 1
320, 22, 2, 52, 8, 1
320, 22, 0, 52, 60, 1
320, 22, 2, 52, 63, 1
320, 22, 2, 53, 7, 1
320, 22, 0, 53, 9, 1
320, 22, 3, 53, 61, 1
320, 22, 2, 54, 1, 1
320, 22, 0, 54, 4, 1
320, 22, 1, 54, 8, 1
320, 22, 0, 55, 8, 1
320, 22, 3, 57, 59, 1
320, 22, 2, 57, 60, 1
320, 22, 1, 58, 13, 1
320, 22, 3, 58, 44, 1
320, 22, 2, 58, 45, 1
320, 22, 2, 58, 61, 1
320, 22, 0, 59, 43, 1
320, 22, 3, 59, 45, 1
320, 22, 3, 59, 59, 1
320, 22, 1, 59, 60, 1
320, 22, 0, 60, 12, 1
320, 22, 0, 60, 15, 1
320, 22, 0, 60, 29, 1
320, 22, 3, 60, 31, 1
320, 22, 2, 60, 40, 1
320, 22, 1, 60, 41, 1
320, 22, 1, 60, 43, 1
320, 22, 2, 60, 44, 1
320, 22, 3, 60, 48, 1
320, 22, 3, 60, 58, 1
320, 22, 0, 60, 59, 1
320, 22, 2, 60, 60, 1
320, 22, 3, 61, 0, 1
320, 22, 0, 61, 1, 1
320, 22, 3, 61, 12, 1
320, 22, 1, 61, 13, 1
320, 22, 3, 61, 14, 1
320, 22, 2, 61, 26, 1
320, 22, 3, 61, 27, 1
320, 22, 2, 61, 30, 1
320, 22, 1, 61, 31, 1
320, 22, 1, 61, 32, 1
320, 22, 2, 61, 39, 1
320, 22, 1, 61, 41, 1
320, 22, 3, 61, 49, 1
320, 22, 2, 61, 51, 1
320, 22, 2, 61, 57, 1
320, 22, 3, 61, 58, 1
320, 22, 1, 61, 61, 1
320, 22, 3, 62, 2, 1
320, 22, 1, 62, 24, 1
320, 22, 1, 62, 25, 1
320, 22, 2, 62, 27, 1
320, 22, 3, 62, 33, 1
320, 22, 3, 62, 35, 1
320, 22, 1, 62, 37, 1
320, 22, 1, 62, 38, 1
320, 22, 3, 62, 39, 1
320, 22, 0, 62, 41, 1
320, 22, 1, 62, 45, 1
320, 22, 3, 62, 46, 1
320, 22, 3, 62, 49, 1
320, 22, 1, 62, 51, 1
320, 22, 0, 62, 58, 1
320, 22, 1, 62, 60, 1
320, 22, 1, 63, 3, 1
320, 22, 0, 63, 24, 1
320, 22, 3, 63, 26, 1
320, 22, 0, 63, 31, 1
320, 22, 0, 63, 32, 1
320, 22, 1, 63, 33, 1
320, 22, 2, 63, 35, 1
320, 22, 1, 63, 37, 1
320, 22, 0, 63, 40, 1
320, 22, 0, 63, 43, 1
320, 22, 0, 63, 44, 1
320, 22, 2, 63, 47, 1
320, 22, 0, 63, 51, 1
320, 22, 3, 6, 8, 2
320, 22, 2, 8, 8, 2
320, 22, 1, 8, 9, 2
320, 22, 1, 9, 8, 2
320, 22, 1, 11, 8, 2
320, 22, 0, 11, 9, 2
320, 22, 1, 11, 20, 2
320, 22, 3, 12, 9, 2
320, 22, 2, 12, 19, 2
320, 22, 3, 13, 8, 2
320, 22, 3, 13, 9, 2
320, 22, 0, 13, 18, 2
320, 22, 2, 15, 9, 2
320, 22, 0, 15, 15, 2
320, 22, 3, 15, 16, 2
320, 22, 1, 16, 9, 2
320, 22, 2, 16, 10, 2
320, 22, 2, 16, 15, 2
320, 22, 1, 17, 9, 2
320, 22, 0, 18, 8, 2
320, 22, 1, 18, 10, 2
320, 22, 2, 19, 9, 2
320, 22, 1, 21, 8, 2
320, 22, 0, 21, 11, 2
320, 22, 0, 22, 8, 2
320, 22, 0, 22, 9, 2
320, 22, 0, 22, 11, 2
320, 22, 1, 23, 9, 2
320, 22, 0, 23, 10, 2
320, 22, 3, 23, 11, 2
320, 22, 2, 24, 8, 2
320, 22, 3, 24, 9, 2
320, 22, 1, 27, 12, 2
320, 22, 1, 28, 11, 2
320, 22, 0, 29, 11, 2
320, 22, 3, 29, 12, 2
320, 22, 1, 30, 11, 2
321, 22, 0, 20, 14, 0
321, 22, 0, 22, 13, 0
321, 22, 1, 23, 13, 0
321, 22, 3, 24, 14, 0
321, 22, 1, 24, 27, 0
321, 22, 2, 25, 17, 0
321, 22, 3, 25, 26, 0
321, 22, 3, 30, 17, 0
321, 22, 2, 32, 17, 0
321, 22, 1, 34, 19, 0
321, 22, 1, 38, 12, 0
321, 22, 1, 38, 18, 0
321, 22, 2, 39, 19, 0
321, 22, 3, 39, 24, 0
321, 22, 0, 40, 25, 0
321, 22, 2, 41, 24, 0
321, 22, 0, 42, 25, 0
321, 22, 0, 48, 17, 0
321, 22, 3, 49, 15, 0
321, 22, 2, 49, 21, 0
321, 22, 0, 51, 31, 0
321, 22, 1, 51, 32, 0
321, 22, 1, 52, 11, 0
321, 22, 2, 52, 16, 0
321, 22, 1, 52, 39, 0
321, 22, 2, 53, 30, 0
321, 22, 0, 54, 39, 0
321, 22, 2, 55, 10, 0
321, 22, 2, 55, 20, 0
321, 22, 1, 55, 34, 0
321, 22, 3, 56, 9, 0
321, 22, 0, 56, 30, 0
321, 22, 2, 56, 35, 0
321, 22, 2, 57, 4, 0
321, 22, 1, 57, 7, 0
321, 22, 0, 57, 9, 0
321, 22, 2, 57, 12, 0
321, 22, 3, 57, 29, 0
321, 22, 3, 58, 3, 0
321, 22, 3, 58, 4, 0
321, 22, 2, 58, 38, 0
321, 22, 1, 58, 48, 0
321, 22, 0, 59, 49, 0
321, 22, 1, 60, 3, 0
321, 22, 2, 61, 6, 0
321, 22, 1, 62, 7, 0
321, 22, 0, 62, 8, 0
321, 22, 3, 14, 21, 1
321, 22, 0, 16, 19, 1
321, 22, 1, 17, 24, 1
321, 22, 3, 20, 28, 1
321, 22, 2, 22, 29, 1
321, 22, 3, 28, 14, 1
321, 22, 3, 28, 27, 1
321, 22, 2, 30, 14, 1
321, 22, 2, 32, 29, 1
321, 22, 0, 34, 11, 1
321, 22, 1, 34, 24, 1
321, 22, 1, 40, 28, 1
321, 22, 1, 41, 9, 1
321, 22, 2, 41, 56, 1
321, 22, 0, 42, 29, 1
321, 22, 3, 43, 36, 1
321, 22, 2, 44, 38, 1
321, 22, 3, 44, 50, 1
321, 22, 1, 44, 59, 1
321, 22, 0, 45, 31, 1
321, 22, 2, 46, 13, 1
321, 22, 2, 47, 24, 1
321, 22, 2, 48, 6, 1
321, 22, 0, 48, 45, 1
321, 22, 1, 49, 27, 1
321, 22, 2, 51, 62, 1
321, 22, 0, 53, 1, 1
321, 22, 1, 53, 8, 1
321, 22, 3, 58, 43, 1
321, 22, 3, 58, 59, 1
321, 22, 2, 60, 13, 1
321, 22, 2, 61, 40, 1
321, 22, 1, 61, 50, 1
321, 22, 0, 61, 59, 1
321, 22, 3, 62, 1, 1
321, 22, 0, 63, 45, 1
321, 22, 2, 7, 8, 2
321, 22, 3, 12, 18, 2
321, 22, 2, 12, 20, 2
321, 22, 0, 16, 16, 2
321, 22, 1, 17, 14, 2
321, 22, 3, 18, 9, 2
321, 22, 1, 20, 11, 2
321, 22, 0, 23, 8, 2
321, 22, 3, 28, 12, 2
324, 22, 3, 57, 54, 0
324, 22, 2, 58, 53, 0
325, 22, 2, 1, 2, 0
325, 22, 2, 1, 3, 0
325, 22, 3, 1, 7, 0
325, 22, 2, 1, 8, 0
325, 22, 1, 1, 9, 0
325, 22, 0, 2, 3, 0
325, 22, 3, 2, 7, 0
325, 22, 1, 2, 9, 0
325, 22, 0, 3, 2, 0
325, 22, 1, 46, 52, 0
325, 22, 1, 46, 53, 0
325, 22, 0, 46, 56, 0
325, 22, 1, 47, 51, 0
325, 22, 2, 47, 53, 0
325, 22, 2, 47, 54, 0
325, 22, 3, 47, 55, 0
325, 22, 0, 47, 56, 0
325, 22, 0, 48, 52, 0
325, 22, 2, 49, 50, 0
325, 22, 2, 49, 51, 0
325, 22, 0, 50, 55, 0
325, 22, 0, 50, 57, 0
325, 22, 3, 51, 54, 0
325, 22, 1, 51, 56, 0
325, 22, 2, 52, 55, 0
325, 22, 3, 52, 57, 0
325, 22, 3, 53, 55, 0
325, 22, 2, 54, 26, 0
325, 22, 0, 54, 54, 0
325, 22, 2, 54, 56, 0
325, 22, 1, 55, 54, 0
325, 22, 1, 55, 55, 0
325, 22, 3, 56, 55, 0
325, 22, 0, 56, 56, 0
325, 22, 1, 56, 57, 0
325, 22, 2, 57, 55, 0
325, 22, 0, 58, 54, 0
326, 22, 0, 0, 2, 0
326, 22, 3, 2, 2, 0
326, 22, 1, 2, 8, 0
326, 22, 2, 46, 54, 0
326, 22, 1, 46, 55, 0
326, 22, 2, 48, 51, 0
326, 22, 0, 51, 55, 0
326, 22, 0, 51, 57, 0
326, 22, 1, 54, 55, 0
326, 22, 3, 54, 57, 0
326, 22, 2, 57, 56, 0
326, 22, 1, 58, 55, 0
326, 22, 1, 59, 53, 0
335, 22, 0, 8, 1, 0
335, 22, 1, 13, 5, 0
335, 22, 0, 14, 2, 0
335, 22, 3, 17, 1, 0
335, 22, 1, 22, 2, 0
336, 22, 0, 7, 1, 0
336, 22, 1, 8, 0, 0
336, 22, 2, 8, 2, 0
336, 22, 3, 9, 1, 0
336, 22, 1, 12, 4, 0
336, 22, 2, 12, 5, 0
336, 22, 3, 13, 2, 0
336, 22, 3, 13, 4, 0
336, 22, 2, 14, 1, 0
336, 22, 0, 14, 5, 0
336, 22, 1, 16, 1, 0
336, 22, 2, 17, 0, 0
336, 22, 0, 17, 2, 0
336, 22, 3, 18, 1, 0
336, 22, 1, 21, 2, 0
336, 22, 0, 22, 1, 0
336, 22, 1, 22, 3, 0
336, 22, 3, 23, 2, 0
336, 22, 2, 23, 3, 0
354, 10, 1, 22, 13, 0
355, 10, 1, 23, 13, 0
356, 10, 3, 48, 36, 0
357, 10, 2, 24, 5, 0
357, 10, 1, 25, 4, 0
357, 10, 0, 47, 36, 0
357, 10, 3, 48, 37, 0
358, 10, 2, 25, 5, 0
361, 10, 0, 18, 17, 0
361, 10, 3, 19, 15, 0
362, 10, 1, 21, 13, 0
362, 10, 3, 23, 5, 0
362, 10, 2, 24, 4, 0
366, 10, 1, 23, 14, 0
375, 10, 1, 56, 6, 0
375, 10, 0, 58, 3, 0
375, 10, 0, 59, 3, 0
454, 10, 1, 47, 52, 0
454, 10, 2, 53, 56, 0
454, 10, 3, 58, 51, 0
454, 10, 2, 61, 5, 0
454, 10, 3, 62, 7, 0
455, 10, 0, 46, 53, 0
455, 10, 1, 48, 56, 0
455, 10, 2, 56, 5, 0
455, 10, 3, 57, 50, 0
455, 10, 2, 61, 9, 0
464, 10, 0, 38, 16, 0
464, 10, 1, 49, 37, 0
464, 10, 1, 56, 55, 0
465, 10, 0, 19, 20, 0
465, 10, 2, 51, 48, 0
465, 10, 0, 52, 14, 0
465, 10, 1, 58, 24, 0
466, 10, 2, 39, 21, 0
469, 10, 2, 48, 35, 0
471, 10, 0, 39, 11, 0
471, 10, 1, 49, 32, 0
471, 10, 1, 58, 52, 0
471, 10, 1, 60, 17, 0
473, 10, 2, 58, 17, 0
473, 10, 3, 60, 19, 0
541, 10, 1, 38, 13, 0
541, 10, 0, 43, 19, 0
541, 10, 3, 47, 34, 0
541, 10, 2, 51, 22, 0
541, 10, 2, 54, 24, 0
541, 10, 2, 56, 44, 0
541, 10, 1, 57, 39, 0
541, 10, 1, 58, 32, 0
541, 10, 0, 60, 16, 0
541, 10, 1, 60, 25, 0
542, 10, 1, 27, 23, 0
542, 10, 3, 37, 14, 0
542, 10, 2, 39, 14, 0
542, 10, 2, 48, 34, 0
542, 10, 2, 52, 38, 0
542, 10, 0, 54, 43, 0
542, 10, 1, 55, 11, 0
542, 10, 0, 57, 14, 0
542, 10, 0, 57, 31, 0
542, 10, 3, 57, 32, 0
542, 10, 3, 57, 40, 0
542, 10, 3, 58, 16, 0
542, 10, 2, 58, 38, 0
542, 10, 3, 59, 23, 0
542, 10, 0, 60, 24, 0
543, 10, 2, 19, 16, 0
543, 10, 3, 38, 19, 0
543, 10, 2, 41, 18, 0
543, 10, 0, 43, 16, 0
543, 10, 1, 47, 55, 0
543, 10, 1, 51, 10, 0
543, 10, 3, 51, 36, 0
543, 10, 1, 51, 56, 0
543, 10, 2, 53, 16, 0
543, 10, 2, 54, 36, 0
543, 10, 0, 55, 20, 0
543, 10, 1, 55, 39, 0
543, 10, 0, 57, 18, 0
543, 10, 3, 60, 22, 0
543, 10, 2, 62, 22, 0
609, 10, 3, 21, 14, 0
706, 4, 0, 18, 20, 0
706, 7, 2, 23, 27, 0
706, 4, 2, 24, 14, 0
706, 4, 1, 34, 19, 0
706, 7, 2, 36, 22, 0
706, 4, 2, 42, 24, 0
706, 4, 3, 47, 17, 0
706, 4, 0, 47, 36, 0
706, 4, 0, 49, 14, 0
706, 4, 1, 49, 56, 0
706, 7, 1, 52, 47, 0
706, 4, 0, 53, 26, 0
706, 4, 0, 57, 8, 0
706, 7, 3, 57, 41, 0
706, 7, 0, 57, 47, 0
706, 7, 3, 57, 57, 0
706, 7, 3, 58, 56, 0
706, 4, 1, 59, 10, 0
706, 7, 0, 59, 15, 0
706, 7, 0, 59, 31, 0
706, 7, 3, 59, 38, 0
706, 4, 2, 59, 49, 0
706, 4, 1, 60, 25, 0
714, 10, 3, 54, 19, 0
714, 10, 0, 55, 21, 0
724, 10, 3, 0, 2, 0
724, 10, 2, 0, 10, 0
724, 10, 0, 2, 7, 0
724, 10, 0, 4, 2, 0
724, 10, 2, 4, 5, 0
724, 10, 1, 50, 52, 0
827, 22, 1, 11, 1, 2
827, 22, 0, 19, 0, 2
1020, 4, 3, 21, 13, 0
1021, 4, 3, 22, 13, 0
1102, 10, 2, 53, 19, 0
1102, 10, 0, 55, 18, 0
1102, 10, 3, 56, 21, 0
1102, 10, 3, 58, 6, 0
1102, 10, 0, 60, 4, 0
1102, 10, 1, 60, 8, 0
1248, 22, 2, 20, 18, 0
1248, 22, 2, 25, 5, 0
1248, 22, 3, 25, 22, 0
1248, 22, 1, 42, 21, 0
1248, 22, 3, 52, 34, 0
1248, 22, 0, 54, 22, 0
1248, 22, 2, 54, 48, 0
1417, 0, 1, 0, 1, 0
1417, 9, 3, 0, 11, 0
1417, 1, 3, 0, 12, 0
1417, 0, 1, 1, 1, 0
1417, 9, 3, 1, 10, 0
1417, 1, 3, 1, 11, 0
1417, 0, 1, 2, 1, 0
1417, 9, 3, 2, 9, 0
1417, 1, 3, 2, 10, 0
1417, 0, 1, 3, 1, 0
1417, 9, 3, 3, 7, 0
1417, 0, 0, 3, 8, 0
1417, 1, 3, 3, 9, 0
1417, 0, 1, 4, 1, 0
1417, 9, 3, 4, 6, 0
1417, 1, 3, 4, 7, 0
1417, 1, 1, 17, 15, 0
1417, 0, 2, 17, 16, 0
1417, 0, 2, 17, 17, 0
1417, 0, 2, 17, 18, 0
1417, 0, 2, 17, 19, 0
1417, 0, 2, 17, 20, 0
1417, 1, 2, 17, 21, 0
1417, 1, 1, 18, 14, 0
1417, 9, 1, 18, 15, 0
1417, 9, 2, 18, 21, 0
1417, 0, 2, 18, 22, 0
1417, 1, 2, 18, 23, 0
1417, 1, 1, 19, 13, 0
1417, 9, 1, 19, 14, 0
1417, 9, 2, 19, 23, 0
1417, 1, 2, 19, 24, 0
1417, 1, 1, 20, 12, 0
1417, 9, 1, 20, 13, 0
1417, 9, 2, 20, 24, 0
1417, 1, 2, 20, 25, 0
1417, 0, 1, 21, 12, 0
1417, 0, 3, 21, 25, 0
1417, 0, 1, 22, 12, 0
1417, 9, 2, 22, 25, 0
1417, 0, 2, 22, 26, 0
1417, 1, 2, 22, 27, 0
1417, 0, 1, 23, 12, 0
1417, 9, 2, 23, 27, 0
1417, 1, 2, 23, 28, 0
1417, 1, 0, 24, 12, 0
1417, 9, 0, 24, 13, 0
1417, 0, 3, 24, 28, 0
1417, 1, 0, 25, 13, 0
1417, 0, 0, 25, 14, 0
1417, 9, 0, 25, 15, 0
1417, 9, 3, 25, 27, 0
1417, 1, 3, 25, 28, 0
1417, 1, 0, 26, 15, 0
1417, 9, 0, 26, 16, 0
1417, 9, 3, 26, 26, 0
1417, 1, 3, 26, 27, 0
1417, 0, 1, 27, 16, 0
1417, 9, 3, 27, 24, 0
1417, 0, 0, 27, 25, 0
1417, 1, 3, 27, 26, 0
1417, 0, 1, 28, 16, 0
1417, 9, 3, 28, 23, 0
1417, 1, 3, 28, 24, 0
1417, 0, 1, 29, 16, 0
1417, 9, 3, 29, 21, 0
1417, 0, 0, 29, 22, 0
1417, 1, 3, 29, 23, 0
1417, 0, 1, 30, 16, 0
1417, 9, 3, 30, 20, 0
1417, 1, 3, 30, 21, 0
1417, 0, 1, 31, 16, 0
1417, 0, 3, 31, 20, 0
1417, 0, 1, 32, 16, 0
1417, 0, 3, 32, 20, 0
1417, 0, 1, 33, 16, 0
1417, 0, 3, 33, 20, 0
1417, 1, 1, 34, 15, 0
1417, 9, 1, 34, 16, 0
1417, 0, 3, 34, 20, 0
1417, 1, 1, 35, 12, 0
1417, 0, 2, 35, 13, 0
1417, 0, 2, 35, 14, 0
1417, 9, 1, 35, 15, 0
1417, 9, 2, 35, 20, 0
1417, 0, 2, 35, 21, 0
1417, 1, 2, 35, 22, 0
1417, 1, 1, 36, 11, 0
1417, 9, 1, 36, 12, 0
1417, 9, 2, 36, 22, 0
1417, 1, 2, 36, 23, 0
1417, 1, 1, 37, 10, 0
1417, 9, 1, 37, 11, 0
1417, 9, 2, 37, 23, 0
1417, 1, 2, 37, 24, 0
1417, 0, 1, 38, 10, 0
1417, 9, 2, 38, 24, 0
1417, 1, 2, 38, 25, 0
1417, 0, 1, 39, 10, 0
1417, 9, 2, 39, 25, 0
1417, 1, 2, 39, 26, 0
1417, 0, 1, 40, 10, 0
1417, 0, 3, 40, 26, 0
1417, 1, 0, 41, 10, 0
1417, 9, 0, 41, 11, 0
1417, 0, 3, 41, 26, 0
1417, 1, 0, 42, 11, 0
1417, 0, 0, 42, 12, 0
1417, 9, 0, 42, 13, 0
1417, 9, 3, 42, 25, 0
1417, 1, 3, 42, 26, 0
1417, 1, 0, 43, 13, 0
1417, 9, 0, 43, 14, 0
1417, 9, 3, 43, 23, 0
1417, 0, 0, 43, 24, 0
1417, 1, 3, 43, 25, 0
1417, 1, 0, 44, 14, 0
1417, 9, 0, 44, 15, 0
1417, 9, 3, 44, 22, 0
1417, 1, 3, 44, 23, 0
1417, 1, 0, 45, 15, 0
1417, 9, 0, 45, 16, 0
1417, 9, 3, 45, 20, 0
1417, 0, 0, 45, 21, 0
1417, 1, 3, 45, 22, 0
1417, 1, 1, 45, 51, 0
1417, 0, 2, 45, 52, 0
1417, 0, 2, 45, 53, 0
1417, 0, 2, 45, 54, 0
1417, 0, 2, 45, 55, 0
1417, 1, 2, 45, 56, 0
1417, 0, 1, 46, 16, 0
1417, 9, 3, 46, 19, 0
1417, 1, 3, 46, 20, 0
1417, 1, 1, 46, 33, 0
1417, 0, 2, 46, 34, 0
1417, 0, 2, 46, 35, 0
1417, 0, 2, 46, 36, 0
1417, 1, 2, 46, 37, 0
1417, 1, 1, 46, 50, 0
1417, 9, 1, 46, 51, 0
1417, 9, 2, 46, 56, 0
1417, 1, 2, 46, 57, 0
1417, 0, 1, 47, 16, 0
1417, 0, 3, 47, 19, 0
1417, 1, 1, 47, 32, 0
1417, 9, 1, 47, 33, 0
1417, 9, 2, 47, 37, 0
1417, 1, 2, 47, 38, 0
1417, 0, 1, 47, 50, 0
1417, 0, 3, 47, 57, 0
1417, 1, 1, 48, 12, 0
1417, 0, 2, 48, 13, 0
1417, 0, 2, 48, 14, 0
1417, 0, 2, 48, 15, 0
1417, 9, 1, 48, 16, 0
1417, 9, 2, 48, 19, 0
1417, 0, 2, 48, 20, 0
1417, 1, 2, 48, 21, 0
1417, 1, 1, 48, 31, 0
1417, 9, 1, 48, 32, 0
1417, 9, 2, 48, 38, 0
1417, 1, 2, 48, 39, 0
1417, 1, 1, 48, 49, 0
1417, 9, 1, 48, 50, 0
1417, 0, 3, 48, 57, 0
1417, 1, 1, 49, 11, 0
1417, 9, 1, 49, 12, 0
1417, 9, 2, 49, 21, 0
1417, 1, 2, 49, 22, 0
1417, 1, 1, 49, 30, 0
1417, 9, 1, 49, 31, 0
1417, 9, 2, 49, 39, 0
1417, 1, 2, 49, 40, 0
1417, 1, 1, 49, 43, 0
1417, 1, 2, 49, 45, 0
1417, 1, 1, 49, 48, 0
1417, 9, 1, 49, 49, 0
1417, 0, 3, 49, 57, 0
1417, 0, 1, 50, 11, 0
1417, 9, 2, 50, 22, 0
1417, 1, 2, 50, 23, 0
1417, 0, 1, 50, 30, 0
1417, 0, 3, 50, 40, 0
1417, 1, 1, 50, 42, 0
1417, 9, 1, 50, 43, 0
1417, 9, 2, 50, 45, 0
1417, 1, 2, 50, 46, 0
1417, 1, 1, 50, 47, 0
1417, 9, 1, 50, 48, 0
1417, 9, 2, 50, 57, 0
1417, 1, 2, 50, 58, 0
1417, 1, 1, 51, 10, 0
1417, 9, 1, 51, 11, 0
1417, 9, 2, 51, 23, 0
1417, 1, 2, 51, 24, 0
1417, 0, 1, 51, 30, 0
1417, 0, 3, 51, 40, 0
1417, 0, 1, 51, 42, 0
1417, 0, 3, 51, 46, 0
1417, 0, 1, 51, 47, 0
1417, 0, 3, 51, 58, 0
1417, 0, 1, 52, 10, 0
1417, 9, 2, 52, 24, 0
1417, 0, 2, 52, 25, 0
1417, 0, 2, 52, 26, 0
1417, 1, 2, 52, 27, 0
1417, 0, 1, 52, 30, 0
1417, 9, 2, 52, 40, 0
1417, 1, 2, 52, 41, 0
1417, 0, 1, 52, 42, 0
1417, 9, 2, 52, 46, 0
1417, 9, 1, 52, 47, 0
1417, 0, 3, 52, 58, 0
1417, 0, 1, 53, 10, 0
1417, 9, 2, 53, 27, 0
1417, 0, 2, 53, 28, 0
1417, 0, 2, 53, 29, 0
1417, 9, 1, 53, 30, 0
1417, 9, 2, 53, 41, 0
1417, 9, 1, 53, 42, 0
1417, 0, 3, 53, 58, 0
1417, 0, 1, 54, 10, 0
1417, 0, 3, 54, 58, 0
1417, 1, 1, 55, 4, 0
1417, 0, 2, 55, 5, 0
1417, 0, 2, 55, 6, 0
1417, 1, 2, 55, 7, 0
1417, 1, 1, 55, 9, 0
1417, 9, 1, 55, 10, 0
1417, 0, 3, 55, 58, 0
1417, 1, 1, 56, 3, 0
1417, 9, 1, 56, 4, 0
1417, 9, 2, 56, 7, 0
1417, 0, 2, 56, 8, 0
1417, 9, 1, 56, 9, 0
1417, 0, 3, 56, 58, 0
1417, 1, 1, 57, 2, 0
1417, 9, 1, 57, 3, 0
1417, 9, 3, 57, 28, 0
1417, 0, 0, 57, 29, 0
1417, 9, 0, 57, 30, 0
1417, 9, 3, 57, 41, 0
1417, 0, 0, 57, 42, 0
1417, 0, 0, 57, 43, 0
1417, 0, 0, 57, 44, 0
1417, 0, 0, 57, 45, 0
1417, 0, 0, 57, 46, 0
1417, 9, 0, 57, 47, 0
1417, 9, 3, 57, 57, 0
1417, 1, 3, 57, 58, 0
1417, 0, 1, 58, 2, 0
1417, 9, 3, 58, 11, 0
1417, 0, 0, 58, 12, 0
1417, 0, 0, 58, 13, 0
1417, 9, 0, 58, 14, 0
1417, 9, 3, 58, 27, 0
1417, 1, 3, 58, 28, 0
1417, 0, 1, 58, 30, 0
1417, 9, 3, 58, 39, 0
1417, 0, 0, 58, 40, 0
1417, 1, 3, 58, 41, 0
1417, 0, 1, 58, 47, 0
1417, 9, 3, 58, 56, 0
1417, 1, 3, 58, 57, 0
1417, 0, 1, 59, 2, 0
1417, 0, 3, 59, 11, 0
1417, 1, 0, 59, 14, 0
1417, 9, 0, 59, 15, 0
1417, 9, 3, 59, 26, 0
1417, 1, 3, 59, 27, 0
1417, 1, 0, 59, 30, 0
1417, 9, 0, 59, 31, 0
1417, 9, 3, 59, 38, 0
1417, 1, 3, 59, 39, 0
1417, 1, 0, 59, 47, 0
1417, 9, 0, 59, 48, 0
1417, 9, 3, 59, 55, 0
1417, 1, 3, 59, 56, 0
1417, 1, 0, 60, 2, 0
1417, 9, 0, 60, 3, 0
1417, 0, 3, 60, 11, 0
1417, 0, 1, 60, 15, 0
1417, 0, 3, 60, 26, 0
1417, 1, 0, 60, 31, 0
1417, 0, 0, 60, 32, 0
1417, 0, 0, 60, 33, 0
1417, 0, 0, 60, 34, 0
1417, 0, 0, 60, 35, 0
1417, 0, 0, 60, 36, 0
1417, 0, 0, 60, 37, 0
1417, 1, 3, 60, 38, 0
1417, 1, 0, 60, 48, 0
1417, 0, 0, 60, 49, 0
1417, 0, 0, 60, 50, 0
1417, 0, 0, 60, 51, 0
1417, 0, 0, 60, 52, 0
1417, 0, 0, 60, 53, 0
1417, 0, 0, 60, 54, 0
1417, 1, 3, 60, 55, 0
1417, 1, 0, 61, 3, 0
1417, 9, 0, 61, 4, 0
1417, 9, 3, 61, 10, 0
1417, 1, 3, 61, 11, 0
1417, 0, 1, 61, 15, 0
1417, 9, 3, 61, 25, 0
1417, 1, 3, 61, 26, 0
1417, 1, 0, 62, 4, 0
1417, 9, 0, 62, 5, 0
1417, 9, 3, 62, 9, 0
1417, 1, 3, 62, 10, 0
1417, 1, 0, 62, 15, 0
1417, 9, 0, 62, 16, 0
1417, 9, 3, 62, 24, 0
1417, 1, 3, 62, 25, 0
1417, 1, 0, 63, 5, 0
1417, 0, 0, 63, 6, 0
1417, 0, 0, 63, 7, 0
1417, 0, 0, 63, 8, 0
1417, 1, 3, 63, 9, 0
1417, 1, 0, 63, 16, 0
1417, 9, 0, 63, 17, 0
1417, 0, 3, 63, 24, 0
1417, 9, 0, 0, 0, 1
1417, 1, 0, 1, 0, 1
1417, 9, 0, 1, 1, 1
1417, 9, 3, 1, 10, 1
1417, 0, 0, 1, 11, 1
1417, 0, 0, 1, 12, 1
1417, 9, 0, 1, 13, 1
1417, 0, 1, 2, 1, 1
1417, 9, 3, 2, 9, 1
1417, 1, 3, 2, 10, 1
1417, 0, 1, 2, 13, 1
1417, 0, 1, 3, 1, 1
1417, 9, 3, 3, 7, 1
1417, 0, 0, 3, 8, 1
1417, 1, 3, 3, 9, 1
1417, 1, 0, 3, 13, 1
1417, 9, 0, 3, 14, 1
1417, 0, 1, 4, 1, 1
1417, 9, 3, 4, 6, 1
1417, 1, 3, 4, 7, 1
1417, 1, 0, 4, 14, 1
1417, 9, 0, 4, 15, 1
1417, 1, 0, 5, 15, 1
1417, 0, 0, 5, 16, 1
1417, 9, 0, 5, 17, 1
1417, 0, 1, 6, 17, 1
1417, 1, 0, 7, 17, 1
1417, 9, 0, 7, 18, 1
1417, 1, 0, 8, 18, 1
1417, 9, 0, 8, 19, 1
1417, 1, 0, 9, 19, 1
1417, 0, 0, 9, 20, 1
1417, 9, 0, 9, 21, 1
1417, 0, 1, 10, 21, 1
1417, 0, 1, 11, 21, 1
1417, 1, 1, 12, 20, 1
1417, 9, 1, 12, 21, 1
1417, 1, 1, 13, 19, 1
1417, 9, 1, 13, 20, 1
1417, 1, 1, 14, 17, 1
1417, 0, 2, 14, 18, 1
1417, 9, 1, 14, 19, 1
1417, 1, 1, 15, 16, 1
1417, 9, 1, 15, 17, 1
1417, 0, 1, 16, 16, 1
1417, 1, 1, 17, 15, 1
1417, 9, 1, 17, 16, 1
1417, 1, 1, 18, 13, 1
1417, 0, 2, 18, 14, 1
1417, 9, 1, 18, 15, 1
1417, 1, 1, 19, 12, 1
1417, 9, 1, 19, 13, 1
1417, 0, 1, 20, 12, 1
1417, 0, 1, 21, 12, 1
1417, 0, 1, 22, 12, 1
1417, 0, 1, 23, 12, 1
1417, 0, 1, 24, 12, 1
1417, 0, 1, 25, 12, 1
1417, 1, 0, 26, 12, 1
1417, 9, 0, 26, 13, 1
1417, 0, 1, 27, 13, 1
1417, 1, 1, 28, 0, 1
1417, 0, 2, 28, 1, 1
1417, 0, 2, 28, 2, 1
1417, 0, 2, 28, 3, 1
1417, 1, 2, 28, 4, 1
1417, 0, 1, 28, 13, 1
1417, 9, 1, 29, 0, 1
1417, 9, 2, 29, 4, 1
1417, 1, 2, 29, 5, 1
1417, 0, 1, 29, 13, 1
1417, 9, 2, 30, 5, 1
1417, 1, 2, 30, 6, 1
1417, 1, 1, 30, 12, 1
1417, 9, 1, 30, 13, 1
1417, 9, 2, 31, 6, 1
1417, 1, 2, 31, 7, 1
1417, 1, 1, 31, 11, 1
1417, 9, 1, 31, 12, 1
1417, 9, 2, 32, 7, 1
1417, 0, 2, 32, 8, 1
1417, 0, 2, 32, 9, 1
1417, 0, 2, 32, 10, 1
1417, 9, 1, 32, 11, 1
1434, 10, 0, 0, 13, 0
1434, 10, 0, 0, 14, 0
1434, 10, 0, 0, 15, 0
1434, 10, 0, 0, 16, 0
1434, 10, 0, 0, 17, 0
1434, 10, 0, 0, 18, 0
1434, 10, 0, 0, 19, 0
1434, 10, 0, 0, 20, 0
1434, 10, 0, 0, 21, 0
1434, 10, 0, 0, 22, 0
1434, 10, 0, 0, 23, 0
1434, 10, 0, 0, 24, 0
1434, 10, 0, 0, 25, 0
1434, 10, 0, 0, 26, 0
1434, 10, 0, 0, 27, 0
1434, 10, 0, 0, 28, 0
1434, 10, 0, 0, 29, 0
1434, 10, 0, 0, 30, 0
1434, 10, 0, 0, 31, 0
1434, 10, 0, 0, 32, 0
1434, 10, 0, 0, 33, 0
1434, 10, 0, 0, 34, 0
1434, 10, 0, 0, 35, 0
1434, 10, 0, 0, 36, 0
1434, 10, 0, 0, 37, 0
1434, 10, 0, 0, 38, 0
1434, 10, 0, 0, 39, 0
1434, 10, 0, 0, 40, 0
1434, 10, 0, 0, 41, 0
1434, 10, 0, 0, 42, 0
1434, 10, 0, 0, 43, 0
1434, 10, 0, 0, 44, 0
1434, 10, 0, 0, 45, 0
1434, 10, 0, 0, 46, 0
1434, 10, 0, 0, 47, 0
1434, 10, 0, 0, 48, 0
1434, 10, 0, 0, 49, 0
1434, 10, 0, 0, 50, 0
1434, 10, 0, 0, 51, 0
1434, 10, 0, 0, 52, 0
1434, 10, 0, 0, 53, 0
1434, 10, 0, 0, 54, 0
1434, 10, 0, 0, 55, 0
1434, 10, 0, 0, 56, 0
1434, 10, 0, 0, 57, 0
1434, 10, 0, 0, 58, 0
1434, 10, 0, 0, 59, 0
1434, 10, 0, 0, 60, 0
1434, 10, 0, 0, 61, 0
1434, 10, 0, 0, 62, 0
1434, 10, 0, 0, 63, 0
1434, 10, 0, 1, 13, 0
1434, 10, 0, 1, 14, 0
1434, 10, 0, 1, 15, 0
1434, 10, 0, 1, 16, 0
1434, 10, 0, 1, 17, 0
1434, 10, 0, 1, 18, 0
1434, 10, 0, 1, 19, 0
1434, 10, 0, 1, 20, 0
1434, 10, 0, 1, 21, 0
1434, 10, 0, 1, 22, 0
1434, 10, 0, 1, 23, 0
1434, 10, 0, 1, 24, 0
1434, 10, 0, 1, 25, 0
1434, 10, 0, 1, 26, 0
1434, 10, 0, 1, 27, 0
1434, 10, 0, 1, 28, 0
1434, 10, 0, 1, 29, 0
1434, 10, 0, 1, 30, 0
1434, 10, 0, 1, 31, 0
1434, 10, 0, 1, 32, 0
1434, 10, 0, 1, 33, 0
1434, 10, 0, 1, 34, 0
1434, 10, 0, 1, 35, 0
1434, 10, 0, 1, 36, 0
1434, 10, 0, 1, 37, 0
1434, 10, 0, 1, 38, 0
1434, 10, 0, 1, 39, 0
1434, 10, 0, 1, 40, 0
1434, 10, 0, 1, 41, 0
1434, 10, 0, 1, 42, 0
1434, 10, 0, 1, 43, 0
1434, 10, 0, 1, 44, 0
1434, 10, 0, 1, 45, 0
1434, 10, 0, 1, 46, 0
1434, 10, 0, 1, 47, 0
1434, 10, 0, 1, 48, 0
1434, 10, 0, 1, 49, 0
1434, 10, 0, 1, 50, 0
1434, 10, 0, 1, 51, 0
1434, 10, 0, 1, 52, 0
1434, 10, 0, 1, 53, 0
1434, 10, 0, 1, 54, 0
1434, 10, 0, 1, 55, 0
1434, 10, 0, 1, 56, 0
1434, 10, 0, 1, 57, 0
1434, 10, 0, 1, 58, 0
1434, 10, 0, 1, 59, 0
1434, 10, 0, 1, 60, 0
1434, 10, 0, 1, 61, 0
1434, 10, 0, 1, 62, 0
1434, 10, 0, 1, 63, 0
1434, 10, 0, 2, 12, 0
1434, 10, 0, 2, 13, 0
1434, 10, 0, 2, 14, 0
1434, 10, 0, 2, 15, 0
1434, 10, 0, 2, 16, 0
1434, 10, 0, 2, 17, 0
1434, 10, 0, 2, 18, 0
1434, 10, 0, 2, 19, 0
1434, 10, 0, 2, 20, 0
1434, 10, 0, 2, 21, 0
1434, 10, 0, 2, 22, 0
1434, 10, 0, 2, 23, 0
1434, 10, 0, 2, 24, 0
1434, 10, 0, 2, 25, 0
1434, 10, 0, 2, 26, 0
1434, 10, 0, 2, 27, 0
1434, 10, 0, 2, 28, 0
1434, 10, 0, 2, 29, 0
1434, 10, 0, 2, 30, 0
1434, 10, 0, 2, 31, 0
1434, 10, 0, 2, 32, 0
1434, 10, 0, 2, 33, 0
1434, 10, 0, 2, 34, 0
1434, 10, 0, 2, 35, 0
1434, 10, 0, 2, 36, 0
1434, 10, 0, 2, 37, 0
1434, 10, 0, 2, 38, 0
1434, 10, 0, 2, 39, 0
1434, 10, 0, 2, 40, 0
1434, 10, 0, 2, 41, 0
1434, 10, 0, 2, 42, 0
1434, 10, 0, 2, 43, 0
1434, 10, 0, 2, 44, 0
1434, 10, 0, 2, 45, 0
1434, 10, 0, 2, 46, 0
1434, 10, 0, 3, 11, 0
1434, 10, 0, 3, 12, 0
1434, 10, 0, 3, 13, 0
1434, 10, 0, 3, 14, 0
1434, 10, 0, 3, 15, 0
1434, 10, 0, 3, 16, 0
1434, 10, 0, 3, 17, 0
1434, 10, 0, 3, 18, 0
1434, 10, 0, 3, 19, 0
1434, 10, 0, 3, 20, 0
1434, 10, 0, 3, 21, 0
1434, 10, 0, 3, 22, 0
1434, 10, 0, 3, 23, 0
1434, 10, 0, 3, 24, 0
1434, 10, 0, 3, 25, 0
1434, 10, 0, 3, 26, 0
1434, 10, 0, 3, 27, 0
1434, 10, 0, 3, 28, 0
1434, 10, 0, 3, 29, 0
1434, 10, 0, 3, 30, 0
1434, 10, 0, 3, 31, 0
1434, 10, 0, 3, 32, 0
1434, 10, 0, 3, 33, 0
1434, 10, 0, 3, 34, 0
1434, 10, 0, 3, 35, 0
1434, 10, 0, 3, 36, 0
1434, 10, 0, 3, 37, 0
1434, 10, 0, 3, 38, 0
1434, 10, 0, 3, 39, 0
1434, 10, 0, 3, 40, 0
1434, 10, 0, 3, 41, 0
1434, 10, 0, 3, 42, 0
1434, 10, 0, 3, 43, 0
1434, 10, 0, 3, 44, 0
1434, 10, 0, 3, 45, 0
1434, 10, 0, 3, 46, 0
1434, 10, 0, 4, 9, 0
1434, 10, 0, 4, 10, 0
1434, 10, 0, 4, 11, 0
1434, 10, 0, 4, 12, 0
1434, 10, 0, 4, 13, 0
1434, 10, 0, 4, 14, 0
1434, 10, 0, 4, 15, 0
1434, 10, 0, 4, 16, 0
1434, 10, 0, 4, 17, 0
1434, 10, 0, 4, 18, 0
1434, 10, 0, 4, 19, 0
1434, 10, 0, 4, 20, 0
1434, 10, 0, 4, 21, 0
1434, 10, 0, 4, 22, 0
1434, 10, 0, 4, 23, 0
1434, 10, 0, 4, 24, 0
1434, 10, 0, 4, 25, 0
1434, 10, 0, 4, 26, 0
1434, 10, 0, 4, 27, 0
1434, 10, 0, 4, 28, 0
1434, 10, 0, 4, 29, 0
1434, 10, 0, 4, 30, 0
1434, 10, 0, 4, 31, 0
1434, 10, 0, 4, 32, 0
1434, 10, 0, 4, 33, 0
1434, 10, 0, 4, 34, 0
1434, 10, 0, 4, 35, 0
1434, 10, 0, 4, 36, 0
1434, 10, 0, 4, 37, 0
1434, 10, 0, 4, 38, 0
1434, 10, 0, 4, 39, 0
1434, 10, 0, 4, 40, 0
1434, 10, 0, 4, 41, 0
1434, 10, 0, 4, 42, 0
1434, 10, 0, 4, 43, 0
1434, 10, 0, 4, 44, 0
1434, 10, 1, 4, 45, 0
1434, 10, 1, 4, 46, 0
1434, 10, 0, 5, 7, 0
1434, 10, 0, 5, 8, 0
1434, 10, 0, 5, 9, 0
1434, 10, 0, 5, 10, 0
1434, 10, 0, 5, 11, 0
1434, 10, 0, 5, 12, 0
1434, 10, 0, 5, 13, 0
1434, 10, 0, 5, 14, 0
1434, 10, 0, 5, 15, 0
1434, 10, 0, 5, 16, 0
1434, 10, 0, 5, 17, 0
1434, 10, 0, 5, 18, 0
1434, 10, 0, 5, 19, 0
1434, 10, 0, 5, 20, 0
1434, 10, 0, 5, 21, 0
1434, 10, 0, 5, 22, 0
1434, 10, 0, 5, 23, 0
1434, 10, 0, 5, 24, 0
1434, 10, 0, 5, 25, 0
1434, 10, 0, 5, 26, 0
1434, 10, 0, 5, 27, 0
1434, 10, 0, 5, 28, 0
1434, 10, 0, 5, 29, 0
1434, 10, 0, 5, 30, 0
1434, 10, 0, 5, 31, 0
1434, 10, 0, 5, 32, 0
1434, 10, 0, 5, 33, 0
1434, 10, 0, 5, 34, 0
1434, 10, 0, 5, 35, 0
1434, 10, 0, 5, 36, 0
1434, 10, 0, 5, 37, 0
1434, 10, 0, 5, 38, 0
1434, 10, 0, 5, 39, 0
1434, 10, 0, 5, 40, 0
1434, 10, 0, 5, 41, 0
1434, 10, 0, 5, 42, 0
1434, 10, 0, 5, 43, 0
1434, 10, 0, 5, 44, 0
1434, 10, 1, 5, 45, 0
1434, 10, 1, 5, 46, 0
1434, 10, 0, 6, 7, 0
1434, 10, 0, 6, 8, 0
1434, 10, 0, 6, 9, 0
1434, 10, 0, 6, 10, 0
1434, 10, 0, 6, 11, 0
1434, 10, 0, 6, 12, 0
1434, 10, 0, 6, 13, 0
1434, 10, 0, 6, 14, 0
1434, 10, 0, 6, 15, 0
1434, 10, 0, 6, 16, 0
1434, 10, 0, 6, 17, 0
1434, 10, 0, 6, 18, 0
1434, 10, 0, 6, 19, 0
1434, 10, 0, 6, 20, 0
1434, 10, 0, 6, 21, 0
1434, 10, 0, 6, 22, 0
1434, 10, 0, 6, 23, 0
1434, 10, 0, 6, 24, 0
1434, 10, 0, 6, 25, 0
1434, 10, 0, 6, 26, 0
1434, 10, 0, 6, 27, 0
1434, 10, 0, 6, 28, 0
1434, 10, 0, 6, 29, 0
1434, 10, 0, 6, 30, 0
1434, 10, 0, 6, 31, 0
1434, 10, 0, 6, 32, 0
1434, 10, 0, 6, 33, 0
1434, 10, 0, 6, 34, 0
1434, 10, 0, 6, 35, 0
1434, 10, 0, 6, 36, 0
1434, 10, 0, 6, 37, 0
1434, 10, 0, 6, 38, 0
1434, 10, 0, 6, 39, 0
1434, 10, 0, 6, 40, 0
1434, 10, 0, 6, 41, 0
1434, 10, 0, 6, 42, 0
1434, 10, 0, 6, 43, 0
1434, 10, 0, 6, 44, 0
1434, 10, 1, 6, 45, 0
1434, 10, 1, 6, 46, 0
1434, 10, 0, 7, 7, 0
1434, 10, 0, 7, 8, 0
1434, 10, 0, 7, 9, 0
1434, 10, 0, 7, 10, 0
1434, 10, 0, 7, 11, 0
1434, 10, 0, 7, 12, 0
1434, 10, 0, 7, 13, 0
1434, 10, 0, 7, 14, 0
1434, 10, 0, 7, 15, 0
1434, 10, 0, 7, 16, 0
1434, 10, 0, 7, 17, 0
1434, 10, 0, 7, 18, 0
1434, 10, 0, 7, 19, 0
1434, 10, 0, 7, 20, 0
1434, 10, 0, 7, 21, 0
1434, 10, 0, 7, 22, 0
1434, 10, 0, 7, 23, 0
1434, 10, 0, 7, 24, 0
1434, 10, 0, 7, 25, 0
1434, 10, 0, 7, 26, 0
1434, 10, 0, 7, 27, 0
1434, 10, 0, 7, 28, 0
1434, 10, 0, 7, 29, 0
1434, 10, 0, 7, 30, 0
1434, 10, 0, 7, 31, 0
1434, 10, 0, 7, 32, 0
1434, 10, 0, 7, 33, 0
1434, 10, 0, 7, 34, 0
1434, 10, 0, 7, 35, 0
1434, 10, 0, 7, 36, 0
1434, 10, 0, 7, 37, 0
1434, 10, 0, 7, 38, 0
1434, 10, 0, 7, 39, 0
1434, 10, 0, 7, 40, 0
1434, 10, 0, 7, 41, 0
1434, 10, 1, 7, 42, 0
1434, 10, 0, 7, 43, 0
1434, 10, 0, 7, 44, 0
1434, 10, 1, 7, 45, 0
1434, 10, 1, 7, 46, 0
1434, 10, 0, 8, 7, 0
1434, 10, 0, 8, 8, 0
1434, 10, 0, 8, 9, 0
1434, 10, 0, 8, 10, 0
1434, 10, 0, 8, 11, 0
1434, 10, 0, 8, 12, 0
1434, 10, 0, 8, 13, 0
1434, 10, 0, 8, 14, 0
1434, 10, 0, 8, 15, 0
1434, 10, 0, 8, 16, 0
1434, 10, 0, 8, 17, 0
1434, 10, 0, 8, 18, 0
1434, 10, 0, 8, 19, 0
1434, 10, 0, 8, 20, 0
1434, 10, 0, 8, 21, 0
1434, 10, 0, 8, 22, 0
1434, 10, 0, 8, 23, 0
1434, 10, 0, 8, 24, 0
1434, 10, 0, 8, 25, 0
1434, 10, 0, 8, 26, 0
1434, 10, 0, 8, 27, 0
1434, 10, 0, 8, 28, 0
1434, 10, 0, 8, 29, 0
1434, 10, 0, 8, 30, 0
1434, 10, 0, 8, 31, 0
1434, 10, 0, 8, 32, 0
1434, 10, 0, 8, 33, 0
1434, 10, 0, 8, 34, 0
1434, 10, 0, 8, 35, 0
1434, 10, 0, 8, 36, 0
1434, 10, 0, 8, 37, 0
1434, 10, 0, 8, 38, 0
1434, 10, 0, 8, 39, 0
1434, 10, 0, 8, 40, 0
1434, 10, 0, 8, 41, 0
1434, 10, 1, 8, 42, 0
1434, 10, 0, 8, 43, 0
1434, 10, 0, 8, 44, 0
1434, 10, 1, 8, 45, 0
1434, 10, 1, 8, 46, 0
1434, 10, 0, 9, 8, 0
1434, 10, 0, 9, 9, 0
1434, 10, 0, 9, 10, 0
1434, 10, 0, 9, 11, 0
1434, 10, 0, 9, 12, 0
1434, 10, 0, 9, 13, 0
1434, 10, 0, 9, 14, 0
1434, 10, 0, 9, 15, 0
1434, 10, 0, 9, 16, 0
1434, 10, 0, 9, 17, 0
1434, 10, 0, 9, 18, 0
1434, 10, 0, 9, 19, 0
1434, 10, 0, 9, 20, 0
1434, 10, 0, 9, 21, 0
1434, 10, 0, 9, 22, 0
1434, 10, 0, 9, 23, 0
1434, 10, 0, 9, 24, 0
1434, 10, 0, 9, 25, 0
1434, 10, 0, 9, 26, 0
1434, 10, 0, 9, 27, 0
1434, 10, 0, 9, 28, 0
1434, 10, 0, 9, 29, 0
1434, 10, 0, 9, 30, 0
1434, 10, 0, 9, 31, 0
1434, 10, 0, 9, 32, 0
1434, 10, 0, 9, 33, 0
1434, 10, 0, 9, 34, 0
1434, 10, 0, 9, 35, 0
1434, 10, 0, 9, 36, 0
1434, 10, 0, 9, 37, 0
1434, 10, 0, 9, 38, 0
1434, 10, 0, 9, 39, 0
1434, 10, 0, 9, 40, 0
1434, 10, 0, 9, 41, 0
1434, 10, 1, 9, 42, 0
1434, 10, 0, 9, 43, 0
1434, 10, 0, 9, 44, 0
1434, 10, 1, 9, 45, 0
1434, 10, 1, 9, 46, 0
1434, 10, 0, 10, 8, 0
1434, 10, 0, 10, 9, 0
1434, 10, 0, 10, 10, 0
1434, 10, 0, 10, 11, 0
1434, 10, 0, 10, 12, 0
1434, 10, 0, 10, 13, 0
1434, 10, 0, 10, 14, 0
1434, 10, 0, 10, 15, 0
1434, 10, 0, 10, 16, 0
1434, 10, 0, 10, 17, 0
1434, 10, 0, 10, 18, 0
1434, 10, 0, 10, 19, 0
1434, 10, 0, 10, 20, 0
1434, 10, 0, 10, 21, 0
1434, 10, 0, 10, 22, 0
1434, 10, 0, 10, 23, 0
1434, 10, 0, 10, 24, 0
1434, 10, 0, 10, 25, 0
1434, 10, 0, 10, 26, 0
1434, 10, 0, 10, 27, 0
1434, 10, 0, 10, 28, 0
1434, 10, 0, 10, 29, 0
1434, 10, 0, 10, 30, 0
1434, 10, 0, 10, 31, 0
1434, 10, 0, 10, 32, 0
1434, 10, 0, 10, 33, 0
1434, 10, 0, 10, 34, 0
1434, 10, 0, 10, 35, 0
1434, 10, 0, 10, 36, 0
1434, 10, 0, 10, 37, 0
1434, 10, 0, 10, 38, 0
1434, 10, 0, 10, 39, 0
1434, 10, 0, 10, 40, 0
1434, 10, 0, 10, 41, 0
1434, 10, 1, 10, 42, 0
1434, 10, 1, 10, 43, 0
1434, 10, 1, 10, 44, 0
1434, 10, 1, 10, 45, 0
1434, 10, 1, 10, 46, 0
1434, 10, 0, 11, 7, 0
1434, 10, 0, 11, 8, 0
1434, 10, 0, 11, 9, 0
1434, 10, 0, 11, 10, 0
1434, 10, 0, 11, 11, 0
1434, 10, 0, 11, 12, 0
1434, 10, 0, 11, 13, 0
1434, 10, 0, 11, 14, 0
1434, 10, 0, 11, 15, 0
1434, 10, 0, 11, 16, 0
1434, 10, 0, 11, 17, 0
1434, 10, 0, 11, 18, 0
1434, 10, 0, 11, 19, 0
1434, 10, 0, 11, 20, 0
1434, 10, 0, 11, 21, 0
1434, 10, 0, 11, 22, 0
1434, 10, 0, 11, 23, 0
1434, 10, 0, 11, 24, 0
1434, 10, 0, 11, 25, 0
1434, 10, 0, 11, 26, 0
1434, 10, 0, 11, 27, 0
1434, 10, 0, 11, 28, 0
1434, 10, 0, 11, 29, 0
1434, 10, 0, 11, 30, 0
1434, 10, 0, 11, 31, 0
1434, 10, 0, 11, 32, 0
1434, 10, 0, 11, 33, 0
1434, 10, 0, 11, 34, 0
1434, 10, 0, 11, 35, 0
1434, 10, 0, 11, 36, 0
1434, 10, 0, 11, 37, 0
1434, 10, 0, 11, 38, 0
1434, 10, 0, 11, 39, 0
1434, 10, 0, 11, 40, 0
1434, 10, 0, 11, 41, 0
1434, 10, 1, 11, 42, 0
1434, 10, 1, 11, 43, 0
1434, 10, 1, 11, 44, 0
1434, 10, 1, 11, 45, 0
1434, 10, 1, 11, 46, 0
1434, 10, 0, 12, 7, 0
1434, 10, 1, 12, 8, 0
1434, 10, 0, 12, 9, 0
1434, 10, 0, 12, 10, 0
1434, 10, 0, 12, 11, 0
1434, 10, 0, 12, 12, 0
1434, 10, 0, 12, 13, 0
1434, 10, 0, 12, 14, 0
1434, 10, 0, 12, 15, 0
1434, 10, 0, 12, 16, 0
1434, 10, 0, 12, 17, 0
1434, 10, 0, 12, 18, 0
1434, 10, 0, 12, 19, 0
1434, 10, 0, 12, 20, 0
1434, 10, 0, 12, 21, 0
1434, 10, 0, 12, 22, 0
1434, 10, 0, 12, 23, 0
1434, 10, 0, 12, 24, 0
1434, 10, 0, 12, 25, 0
1434, 10, 0, 12, 26, 0
1434, 10, 0, 12, 27, 0
1434, 10, 0, 12, 28, 0
1434, 10, 0, 12, 29, 0
1434, 10, 0, 12, 30, 0
1434, 10, 0, 12, 31, 0
1434, 10, 0, 12, 32, 0
1434, 10, 0, 12, 33, 0
1434, 10, 0, 12, 34, 0
1434, 10, 0, 12, 35, 0
1434, 10, 0, 12, 36, 0
1434, 10, 0, 12, 37, 0
1434, 10, 0, 12, 38, 0
1434, 10, 0, 12, 39, 0
1434, 10, 0, 12, 40, 0
1434, 10, 1, 12, 41, 0
1434, 10, 1, 12, 42, 0
1434, 10, 1, 12, 43, 0
1434, 10, 1, 12, 44, 0
1434, 10, 1, 12, 45, 0
1434, 10, 1, 12, 46, 0
1434, 10, 0, 13, 7, 0
1434, 10, 0, 13, 8, 0
1434, 10, 0, 13, 9, 0
1434, 10, 0, 13, 10, 0
1434, 10, 0, 13, 11, 0
1434, 10, 0, 13, 12, 0
1434, 10, 0, 13, 13, 0
1434, 10, 0, 13, 14, 0
1434, 10, 0, 13, 15, 0
1434, 10, 0, 13, 16, 0
1434, 10, 0, 13, 17, 0
1434, 10, 0, 13, 18, 0
1434, 10, 0, 13, 19, 0
1434, 10, 0, 13, 20, 0
1434, 10, 0, 13, 21, 0
1434, 10, 0, 13, 22, 0
1434, 10, 0, 13, 23, 0
1434, 10, 0, 13, 24, 0
1434, 10, 0, 13, 25, 0
1434, 10, 0, 13, 26, 0
1434, 10, 0, 13, 27, 0
1434, 10, 0, 13, 28, 0
1434, 10, 0, 13, 29, 0
1434, 10, 0, 13, 30, 0
1434, 10, 0, 13, 31, 0
1434, 10, 0, 13, 32, 0
1434, 10, 0, 13, 33, 0
1434, 10, 0, 13, 34, 0
1434, 10, 0, 13, 35, 0
1434, 10, 0, 13, 36, 0
1434, 10, 0, 13, 37, 0
1434, 10, 0, 13, 38, 0
1434, 10, 0, 13, 39, 0
1434, 10, 0, 13, 40, 0
1434, 10, 0, 13, 41, 0
1434, 10, 1, 13, 42, 0
1434, 10, 1, 13, 43, 0
1434, 10, 1, 13, 44, 0
1434, 10, 1, 13, 45, 0
1434, 10, 1, 13, 46, 0
1434, 10, 0, 14, 8, 0
1434, 10, 0, 14, 9, 0
1434, 10, 0, 14, 10, 0
1434, 10, 0, 14, 11, 0
1434, 10, 0, 14, 12, 0
1434, 10, 0, 14, 13, 0
1434, 10, 0, 14, 14, 0
1434, 10, 0, 14, 15, 0
1434, 10, 0, 14, 16, 0
1434, 10, 0, 14, 17, 0
1434, 10, 0, 14, 18, 0
1434, 10, 0, 14, 19, 0
1434, 10, 0, 14, 20, 0
1434, 10, 0, 14, 21, 0
1434, 10, 0, 14, 22, 0
1434, 10, 0, 14, 23, 0
1434, 10, 0, 14, 24, 0
1434, 10, 0, 14, 25, 0
1434, 10, 0, 14, 26, 0
1434, 10, 0, 14, 27, 0
1434, 10, 0, 14, 28, 0
1434, 10, 0, 14, 29, 0
1434, 10, 0, 14, 30, 0
1434, 10, 0, 14, 31, 0
1434, 10, 0, 14, 32, 0
1434, 10, 0, 14, 33, 0
1434, 10, 0, 14, 34, 0
1434, 10, 0, 14, 35, 0
1434, 10, 0, 14, 36, 0
1434, 10, 0, 14, 37, 0
1434, 10, 0, 14, 38, 0
1434, 10, 0, 14, 39, 0
1434, 10, 0, 14, 40, 0
1434, 10, 0, 14, 41, 0
1434, 10, 1, 14, 42, 0
1434, 10, 1, 14, 43, 0
1434, 10, 1, 14, 44, 0
1434, 10, 1, 14, 45, 0
1434, 10, 1, 14, 46, 0
1434, 10, 0, 15, 8, 0
1434, 10, 0, 15, 9, 0
1434, 10, 0, 15, 10, 0
1434, 10, 0, 15, 11, 0
1434, 10, 0, 15, 12, 0
1434, 10, 0, 15, 13, 0
1434, 10, 0, 15, 14, 0
1434, 10, 0, 15, 15, 0
1434, 10, 0, 15, 16, 0
1434, 10, 0, 15, 17, 0
1434, 10, 0, 15, 18, 0
1434, 10, 0, 15, 19, 0
1434, 10, 0, 15, 20, 0
1434, 10, 0, 15, 21, 0
1434, 10, 0, 15, 22, 0
1434, 10, 0, 15, 23, 0
1434, 10, 0, 15, 24, 0
1434, 10, 0, 15, 25, 0
1434, 10, 0, 15, 26, 0
1434, 10, 0, 15, 27, 0
1434, 10, 0, 15, 28, 0
1434, 10, 0, 15, 29, 0
1434, 10, 0, 15, 30, 0
1434, 10, 0, 15, 31, 0
1434, 10, 0, 15, 32, 0
1434, 10, 0, 15, 33, 0
1434, 10, 0, 15, 34, 0
1434, 10, 0, 15, 35, 0
1434, 10, 0, 15, 36, 0
1434, 10, 0, 15, 37, 0
1434, 10, 0, 15, 38, 0
1434, 10, 0, 15, 39, 0
1434, 10, 0, 15, 40, 0
1434, 10, 0, 15, 41, 0
1434, 10, 1, 15, 42, 0
1434, 10, 1, 15, 43, 0
1434, 10, 1, 15, 44, 0
1434, 10, 1, 15, 45, 0
1434, 10, 1, 15, 46, 0
1434, 10, 0, 16, 7, 0
1434, 10, 0, 16, 8, 0
1434, 10, 0, 16, 9, 0
1434, 10, 0, 16, 10, 0
1434, 10, 0, 16, 11, 0
1434, 10, 0, 16, 12, 0
1434, 10, 0, 16, 13, 0
1434, 10, 0, 16, 14, 0
1434, 10, 0, 16, 15, 0
1434, 10, 0, 16, 16, 0
1434, 10, 0, 16, 17, 0
1434, 10, 0, 16, 18, 0
1434, 10, 0, 16, 19, 0
1434, 10, 0, 16, 20, 0
1434, 10, 0, 16, 21, 0
1434, 10, 0, 16, 22, 0
1434, 10, 0, 16, 23, 0
1434, 10, 0, 16, 24, 0
1434, 10, 0, 16, 25, 0
1434, 10, 0, 16, 26, 0
1434, 10, 0, 16, 27, 0
1434, 10, 0, 16, 28, 0
1434, 10, 0, 16, 29, 0
1434, 10, 0, 16, 30, 0
1434, 10, 0, 16, 31, 0
1434, 10, 0, 16, 32, 0
1434, 10, 0, 16, 33, 0
1434, 10, 0, 16, 34, 0
1434, 10, 0, 16, 35, 0
1434, 10, 0, 16, 36, 0
1434, 10, 0, 16, 37, 0
1434, 10, 0, 16, 38, 0
1434, 10, 0, 16, 39, 0
1434, 10, 0, 16, 40, 0
1434, 10, 1, 16, 41, 0
1434, 10, 1, 16, 42, 0
1434, 10, 1, 16, 43, 0
1434, 10, 1, 16, 44, 0
1434, 10, 1, 16, 45, 0
1434, 10, 1, 16, 46, 0
1434, 10, 0, 17, 7, 0
1434, 10, 0, 17, 8, 0
1434, 10, 0, 17, 9, 0
1434, 10, 0, 17, 10, 0
1434, 10, 0, 17, 11, 0
1434, 10, 0, 17, 12, 0
1434, 10, 0, 17, 13, 0
1434, 10, 0, 17, 22, 0
1434, 10, 0, 17, 23, 0
1434, 10, 0, 17, 24, 0
1434, 10, 0, 17, 25, 0
1434, 10, 0, 17, 26, 0
1434, 10, 0, 17, 27, 0
1434, 10, 0, 17, 28, 0
1434, 10, 0, 17, 29, 0
1434, 10, 0, 17, 30, 0
1434, 10, 0, 17, 31, 0
1434, 10, 0, 17, 32, 0
1434, 10, 0, 17, 33, 0
1434, 10, 0, 17, 34, 0
1434, 10, 0, 17, 35, 0
1434, 10, 0, 17, 36, 0
1434, 10, 0, 17, 37, 0
1434, 10, 0, 17, 38, 0
1434, 10, 0, 17, 39, 0
1434, 10, 0, 17, 40, 0
1434, 10, 0, 17, 41, 0
1434, 10, 1, 17, 42, 0
1434, 10, 1, 17, 43, 0
1434, 10, 1, 17, 44, 0
1434, 10, 1, 17, 45, 0
1434, 10, 1, 17, 46, 0
1434, 10, 0, 18, 7, 0
1434, 10, 0, 18, 8, 0
1434, 10, 0, 18, 9, 0
1434, 10, 0, 18, 10, 0
1434, 10, 0, 18, 11, 0
1434, 10, 0, 18, 12, 0
1434, 10, 0, 18, 24, 0
1434, 10, 0, 18, 25, 0
1434, 10, 0, 18, 26, 0
1434, 10, 0, 18, 27, 0
1434, 10, 0, 18, 28, 0
1434, 10, 0, 18, 29, 0
1434, 10, 0, 18, 30, 0
1434, 10, 0, 18, 31, 0
1434, 10, 0, 18, 32, 0
1434, 10, 0, 18, 33, 0
1434, 10, 0, 18, 34, 0
1434, 10, 0, 18, 35, 0
1434, 10, 0, 18, 36, 0
1434, 10, 0, 18, 37, 0
1434, 10, 0, 18, 38, 0
1434, 10, 0, 18, 39, 0
1434, 10, 0, 18, 40, 0
1434, 10, 1, 18, 41, 0
1434, 10, 1, 18, 42, 0
1434, 10, 1, 18, 43, 0
1434, 10, 1, 18, 44, 0
1434, 10, 1, 18, 45, 0
1434, 10, 1, 18, 46, 0
1434, 10, 0, 19, 8, 0
1434, 10, 0, 19, 9, 0
1434, 10, 0, 19, 10, 0
1434, 10, 0, 19, 11, 0
1434, 10, 0, 19, 25, 0
1434, 10, 0, 19, 26, 0
1434, 10, 0, 19, 27, 0
1434, 10, 0, 19, 28, 0
1434, 10, 0, 19, 29, 0
1434, 10, 0, 19, 30, 0
1434, 10, 0, 19, 31, 0
1434, 10, 0, 19, 32, 0
1434, 10, 0, 19, 33, 0
1434, 10, 0, 19, 34, 0
1434, 10, 0, 19, 35, 0
1434, 10, 0, 19, 36, 0
1434, 10, 0, 19, 37, 0
1434, 10, 0, 19, 38, 0
1434, 10, 0, 19, 39, 0
1434, 10, 0, 19, 40, 0
1434, 10, 1, 19, 41, 0
1434, 10, 1, 19, 42, 0
1434, 10, 1, 19, 43, 0
1434, 10, 1, 19, 44, 0
1434, 10, 1, 19, 45, 0
1434, 10, 1, 19, 46, 0
1434, 10, 0, 20, 8, 0
1434, 10, 0, 20, 9, 0
1434, 10, 0, 20, 10, 0
1434, 10, 0, 20, 11, 0
1434, 10, 0, 20, 26, 0
1434, 10, 0, 20, 27, 0
1434, 10, 0, 20, 28, 0
1434, 10, 0, 20, 29, 0
1434, 10, 0, 20, 30, 0
1434, 10, 0, 20, 31, 0
1434, 10, 0, 20, 32, 0
1434, 10, 0, 20, 33, 0
1434, 10, 0, 20, 34, 0
1434, 10, 0, 20, 35, 0
1434, 10, 0, 20, 36, 0
1434, 10, 0, 20, 37, 0
1434, 10, 0, 20, 38, 0
1434, 10, 0, 20, 39, 0
1434, 10, 1, 20, 40, 0
1434, 10, 1, 20, 41, 0
1434, 10, 1, 20, 42, 0
1434, 10, 1, 20, 43, 0
1434, 10, 1, 20, 44, 0
1434, 10, 1, 20, 45, 0
1434, 10, 1, 20, 46, 0
1434, 10, 0, 21, 7, 0
1434, 10, 0, 21, 8, 0
1434, 10, 0, 21, 9, 0
1434, 10, 0, 21, 10, 0
1434, 10, 0, 21, 11, 0
1434, 10, 0, 21, 26, 0
1434, 10, 0, 21, 27, 0
1434, 10, 0, 21, 28, 0
1434, 10, 0, 21, 29, 0
1434, 10, 0, 21, 30, 0
1434, 10, 0, 21, 31, 0
1434, 10, 0, 21, 32, 0
1434, 10, 0, 21, 33, 0
1434, 10, 0, 21, 34, 0
1434, 10, 0, 21, 35, 0
1434, 10, 0, 21, 36, 0
1434, 10, 0, 21, 37, 0
1434, 10, 0, 21, 38, 0
1434, 10, 1, 21, 39, 0
1434, 10, 1, 21, 40, 0
1434, 10, 1, 21, 41, 0
1434, 10, 1, 21, 42, 0
1434, 10, 1, 21, 43, 0
1434, 10, 1, 21, 44, 0
1434, 10, 1, 21, 45, 0
1434, 10, 1, 21, 46, 0
1434, 10, 0, 22, 7, 0
1434, 10, 0, 22, 8, 0
1434, 10, 0, 22, 9, 0
1434, 10, 0, 22, 10, 0
1434, 10, 0, 22, 11, 0
1434, 10, 0, 22, 28, 0
1434, 10, 0, 22, 29, 0
1434, 10, 0, 22, 30, 0
1434, 10, 0, 22, 31, 0
1434, 10, 0, 22, 32, 0
1434, 10, 0, 22, 33, 0
1434, 10, 0, 22, 34, 0
1434, 10, 0, 22, 35, 0
1434, 10, 0, 22, 36, 0
1434, 10, 0, 22, 37, 0
1434, 10, 0, 22, 38, 0
1434, 10, 1, 22, 39, 0
1434, 10, 1, 22, 40, 0
1434, 10, 1, 22, 41, 0
1434, 10, 1, 22, 42, 0
1434, 10, 1, 22, 43, 0
1434, 10, 1, 22, 44, 0
1434, 10, 1, 22, 45, 0
1434, 10, 1, 22, 46, 0
1434, 10, 0, 23, 7, 0
1434, 10, 0, 23, 8, 0
1434, 10, 0, 23, 9, 0
1434, 10, 0, 23, 10, 0
1434, 10, 0, 23, 11, 0
1434, 10, 0, 23, 29, 0
1434, 10, 0, 23, 30, 0
1434, 10, 0, 23, 31, 0
1434, 10, 0, 23, 32, 0
1434, 10, 0, 23, 33, 0
1434, 10, 0, 23, 34, 0
1434, 10, 0, 23, 35, 0
1434, 10, 0, 23, 36, 0
1434, 10, 0, 23, 37, 0
1434, 10, 0, 23, 38, 0
1434, 10, 1, 23, 39, 0
1434, 10, 1, 23, 40, 0
1434, 10, 1, 23, 41, 0
1434, 10, 1, 23, 42, 0
1434, 10, 1, 23, 43, 0
1434, 10, 1, 23, 44, 0
1434, 10, 1, 23, 45, 0
1434, 10, 1, 23, 46, 0
1434, 10, 0, 24, 7, 0
1434, 10, 0, 24, 8, 0
1434, 10, 0, 24, 9, 0
1434, 10, 0, 24, 10, 0
1434, 10, 0, 24, 11, 0
1434, 10, 0, 24, 29, 0
1434, 10, 0, 24, 30, 0
1434, 10, 0, 24, 31, 0
1434, 10, 0, 24, 32, 0
1434, 10, 0, 24, 33, 0
1434, 10, 0, 24, 34, 0
1434, 10, 0, 24, 35, 0
1434, 10, 0, 24, 36, 0
1434, 10, 0, 24, 37, 0
1434, 10, 1, 24, 38, 0
1434, 10, 1, 24, 39, 0
1434, 10, 1, 24, 40, 0
1434, 10, 1, 24, 41, 0
1434, 10, 1, 24, 42, 0
1434, 10, 1, 24, 43, 0
1434, 10, 1, 24, 44, 0
1434, 10, 1, 24, 45, 0
1434, 10, 1, 24, 46, 0
1434, 10, 0, 25, 7, 0
1434, 10, 0, 25, 8, 0
1434, 10, 0, 25, 9, 0
1434, 10, 0, 25, 10, 0
1434, 10, 0, 25, 11, 0
1434, 10, 0, 25, 29, 0
1434, 10, 0, 25, 30, 0
1434, 10, 0, 25, 31, 0
1434, 10, 0, 25, 32, 0
1434, 10, 0, 25, 33, 0
1434, 10, 0, 25, 34, 0
1434, 10, 0, 25, 35, 0
1434, 10, 0, 25, 36, 0
1434, 10, 0, 25, 37, 0
1434, 10, 1, 25, 38, 0
1434, 10, 1, 25, 39, 0
1434, 10, 1, 25, 40, 0
1434, 10, 1, 25, 41, 0
1434, 10, 1, 25, 42, 0
1434, 10, 1, 25, 43, 0
1434, 10, 1, 25, 44, 0
1434, 10, 1, 25, 45, 0
1434, 10, 1, 25, 46, 0
1434, 10, 0, 26, 7, 0
1434, 10, 0, 26, 8, 0
1434, 10, 0, 26, 9, 0
1434, 10, 0, 26, 10, 0
1434, 10, 0, 26, 11, 0
1434, 10, 0, 26, 12, 0
1434, 10, 0, 26, 13, 0
1434, 10, 0, 26, 14, 0
1434, 10, 0, 26, 28, 0
1434, 10, 0, 26, 29, 0
1434, 10, 0, 26, 30, 0
1434, 10, 0, 26, 31, 0
1434, 10, 0, 26, 32, 0
1434, 10, 0, 26, 33, 0
1434, 10, 0, 26, 34, 0
1434, 10, 0, 26, 35, 0
1434, 10, 0, 26, 36, 0
1434, 10, 0, 26, 37, 0
1434, 10, 1, 26, 38, 0
1434, 10, 1, 26, 39, 0
1434, 10, 1, 26, 40, 0
1434, 10, 1, 26, 41, 0
1434, 10, 1, 26, 42, 0
1434, 10, 1, 26, 43, 0
1434, 10, 1, 26, 44, 0
1434, 10, 1, 26, 45, 0
1434, 10, 1, 26, 46, 0
1434, 10, 0, 27, 7, 0
1434, 10, 0, 27, 8, 0
1434, 10, 0, 27, 9, 0
1434, 10, 0, 27, 10, 0
1434, 10, 0, 27, 11, 0
1434, 10, 0, 27, 12, 0
1434, 10, 0, 27, 13, 0
1434, 10, 0, 27, 14, 0
1434, 10, 0, 27, 15, 0
1434, 10, 0, 27, 27, 0
1434, 10, 0, 27, 28, 0
1434, 10, 0, 27, 29, 0
1434, 10, 0, 27, 30, 0
1434, 10, 0, 27, 31, 0
1434, 10, 0, 27, 32, 0
1434, 10, 0, 27, 33, 0
1434, 10, 0, 27, 34, 0
1434, 10, 0, 27, 35, 0
1434, 10, 0, 27, 36, 0
1434, 10, 0, 27, 37, 0
1434, 10, 1, 27, 38, 0
1434, 10, 1, 27, 39, 0
1434, 10, 1, 27, 40, 0
1434, 10, 1, 27, 41, 0
1434, 10, 1, 27, 42, 0
1434, 10, 1, 27, 43, 0
1434, 10, 1, 27, 44, 0
1434, 10, 1, 27, 45, 0
1434, 10, 1, 27, 46, 0
1434, 10, 0, 28, 7, 0
1434, 10, 0, 28, 8, 0
1434, 10, 0, 28, 9, 0
1434, 10, 0, 28, 10, 0
1434, 10, 0, 28, 11, 0
1434, 10, 0, 28, 12, 0
1434, 10, 0, 28, 13, 0
1434, 10, 0, 28, 14, 0
1434, 10, 0, 28, 15, 0
1434, 10, 0, 28, 25, 0
1434, 10, 0, 28, 26, 0
1434, 10, 0, 28, 27, 0
1434, 10, 0, 28, 28, 0
1434, 10, 0, 28, 29, 0
1434, 10, 0, 28, 30, 0
1434, 10, 0, 28, 31, 0
1434, 10, 0, 28, 32, 0
1434, 10, 0, 28, 33, 0
1434, 10, 0, 28, 34, 0
1434, 10, 0, 28, 35, 0
1434, 10, 0, 28, 36, 0
1434, 10, 0, 28, 37, 0
1434, 10, 1, 28, 38, 0
1434, 10, 1, 28, 39, 0
1434, 10, 1, 28, 40, 0
1434, 10, 1, 28, 41, 0
1434, 10, 1, 28, 42, 0
1434, 10, 1, 28, 43, 0
1434, 10, 1, 28, 44, 0
1434, 10, 1, 28, 45, 0
1434, 10, 1, 28, 46, 0
1434, 10, 0, 29, 0, 0
1434, 10, 0, 29, 1, 0
1434, 10, 0, 29, 2, 0
1434, 10, 0, 29, 3, 0
1434, 10, 0, 29, 4, 0
1434, 10, 0, 29, 5, 0
1434, 10, 0, 29, 6, 0
1434, 10, 0, 29, 7, 0
1434, 10, 0, 29, 8, 0
1434, 10, 0, 29, 9, 0
1434, 10, 0, 29, 10, 0
1434, 10, 0, 29, 11, 0
1434, 10, 0, 29, 12, 0
1434, 10, 0, 29, 13, 0
1434, 10, 0, 29, 14, 0
1434, 10, 0, 29, 15, 0
1434, 10, 0, 29, 24, 0
1434, 10, 0, 29, 25, 0
1434, 10, 0, 29, 26, 0
1434, 10, 0, 29, 27, 0
1434, 10, 0, 29, 28, 0
1434, 10, 0, 29, 29, 0
1434, 10, 0, 29, 30, 0
1434, 10, 0, 29, 31, 0
1434, 10, 0, 29, 32, 0
1434, 10, 0, 29, 33, 0
1434, 10, 0, 29, 34, 0
1434, 10, 0, 29, 35, 0
1434, 10, 0, 29, 36, 0
1434, 10, 0, 29, 37, 0
1434, 10, 1, 29, 38, 0
1434, 10, 1, 29, 39, 0
1434, 10, 1, 29, 40, 0
1434, 10, 1, 29, 41, 0
1434, 10, 1, 29, 42, 0
1434, 10, 1, 29, 43, 0
1434, 10, 1, 29, 44, 0
1434, 10, 1, 29, 45, 0
1434, 10, 1, 29, 46, 0
1434, 10, 0, 30, 0, 0
1434, 10, 0, 30, 1, 0
1434, 10, 0, 30, 2, 0
1434, 10, 0, 30, 3, 0
1434, 10, 0, 30, 4, 0
1434, 10, 0, 30, 5, 0
1434, 10, 0, 30, 6, 0
1434, 10, 0, 30, 7, 0
1434, 10, 0, 30, 8, 0
1434, 10, 0, 30, 9, 0
1434, 10, 0, 30, 10, 0
1434, 10, 0, 30, 11, 0
1434, 10, 0, 30, 12, 0
1434, 10, 0, 30, 13, 0
1434, 10, 0, 30, 14, 0
1434, 10, 0, 30, 15, 0
1434, 10, 0, 30, 22, 0
1434, 10, 0, 30, 23, 0
1434, 10, 0, 30, 24, 0
1434, 10, 0, 30, 25, 0
1434, 10, 0, 30, 26, 0
1434, 10, 0, 30, 27, 0
1434, 10, 0, 30, 28, 0
1434, 10, 0, 30, 29, 0
1434, 10, 0, 30, 30, 0
1434, 10, 0, 30, 31, 0
1434, 10, 0, 30, 32, 0
1434, 10, 0, 30, 33, 0
1434, 10, 0, 30, 34, 0
1434, 10, 0, 30, 35, 0
1434, 10, 0, 30, 36, 0
1434, 10, 0, 30, 37, 0
1434, 10, 1, 30, 38, 0
1434, 10, 1, 30, 39, 0
1434, 10, 1, 30, 40, 0
1434, 10, 1, 30, 41, 0
1434, 10, 1, 30, 42, 0
1434, 10, 1, 30, 43, 0
1434, 10, 1, 30, 44, 0
1434, 10, 1, 30, 45, 0
1434, 10, 1, 30, 46, 0
1434, 10, 0, 31, 0, 0
1434, 10, 0, 31, 1, 0
1434, 10, 0, 31, 2, 0
1434, 10, 0, 31, 3, 0
1434, 10, 0, 31, 4, 0
1434, 10, 0, 31, 5, 0
1434, 10, 0, 31, 6, 0
1434, 10, 0, 31, 7, 0
1434, 10, 0, 31, 8, 0
1434, 10, 0, 31, 9, 0
1434, 10, 0, 31, 10, 0
1434, 10, 0, 31, 11, 0
1434, 10, 0, 31, 12, 0
1434, 10, 0, 31, 13, 0
1434, 10, 0, 31, 14, 0
1434, 10, 0, 31, 15, 0
1434, 10, 0, 31, 21, 0
1434, 10, 0, 31, 22, 0
1434, 10, 0, 31, 23, 0
1434, 10, 0, 31, 24, 0
1434, 10, 0, 31, 25, 0
1434, 10, 0, 31, 26, 0
1434, 10, 0, 31, 27, 0
1434, 10, 0, 31, 28, 0
1434, 10, 0, 31, 29, 0
1434, 10, 0, 31, 30, 0
1434, 10, 0, 31, 31, 0
1434, 10, 0, 31, 32, 0
1434, 10, 0, 31, 33, 0
1434, 10, 0, 31, 34, 0
1434, 10, 0, 31, 35, 0
1434, 10, 0, 31, 36, 0
1434, 10, 0, 31, 37, 0
1434, 10, 1, 31, 38, 0
1434, 10, 1, 31, 39, 0
1434, 10, 1, 31, 40, 0
1434, 10, 1, 31, 41, 0
1434, 10, 1, 31, 42, 0
1434, 10, 1, 31, 43, 0
1434, 10, 1, 31, 44, 0
1434, 10, 1, 31, 45, 0
1434, 10, 1, 31, 46, 0
1434, 10, 0, 32, 0, 0
1434, 10, 0, 32, 1, 0
1434, 10, 0, 32, 2, 0
1434, 10, 0, 32, 3, 0
1434, 10, 0, 32, 4, 0
1434, 10, 0, 32, 5, 0
1434, 10, 0, 32, 6, 0
1434, 10, 0, 32, 7, 0
1434, 10, 0, 32, 8, 0
1434, 10, 0, 32, 9, 0
1434, 10, 0, 32, 10, 0
1434, 10, 0, 32, 11, 0
1434, 10, 0, 32, 12, 0
1434, 10, 0, 32, 13, 0
1434, 10, 0, 32, 14, 0
1434, 10, 0, 32, 15, 0
1434, 10, 0, 32, 21, 0
1434, 10, 0, 32, 22, 0
1434, 10, 0, 32, 23, 0
1434, 10, 0, 32, 24, 0
1434, 10, 0, 32, 25, 0
1434, 10, 0, 32, 26, 0
1434, 10, 0, 32, 27, 0
1434, 10, 0, 32, 28, 0
1434, 10, 0, 32, 29, 0
1434, 10, 0, 32, 30, 0
1434, 10, 0, 32, 31, 0
1434, 10, 0, 32, 32, 0
1434, 10, 0, 32, 33, 0
1434, 10, 0, 32, 34, 0
1434, 10, 0, 32, 35, 0
1434, 10, 0, 32, 36, 0
1434, 10, 0, 32, 37, 0
1434, 10, 1, 32, 38, 0
1434, 10, 1, 32, 39, 0
1434, 10, 1, 32, 40, 0
1434, 10, 1, 32, 41, 0
1434, 10, 1, 32, 42, 0
1434, 10, 1, 32, 43, 0
1434, 10, 1, 32, 44, 0
1434, 10, 1, 32, 45, 0
1434, 10, 1, 32, 46, 0
1434, 10, 0, 33, 0, 0
1434, 10, 0, 33, 1, 0
1434, 10, 0, 33, 2, 0
1434, 10, 0, 33, 3, 0
1434, 10, 0, 33, 4, 0
1434, 10, 0, 33, 5, 0
1434, 10, 0, 33, 6, 0
1434, 10, 0, 33, 7, 0
1434, 10, 0, 33, 8, 0
1434, 10, 0, 33, 9, 0
1434, 10, 0, 33, 10, 0
1434, 10, 0, 33, 11, 0
1434, 10, 0, 33, 12, 0
1434, 10, 0, 33, 13, 0
1434, 10, 0, 33, 14, 0
1434, 10, 0, 33, 15, 0
1434, 10, 0, 33, 21, 0
1434, 10, 0, 33, 22, 0
1434, 10, 0, 33, 23, 0
1434, 10, 0, 33, 24, 0
1434, 10, 0, 33, 25, 0
1434, 10, 0, 33, 26, 0
1434, 10, 0, 33, 27, 0
1434, 10, 0, 33, 28, 0
1434, 10, 0, 33, 29, 0
1434, 10, 0, 33, 30, 0
1434, 10, 0, 33, 31, 0
1434, 10, 0, 33, 32, 0
1434, 10, 0, 33, 33, 0
1434, 10, 0, 33, 34, 0
1434, 10, 0, 33, 35, 0
1434, 10, 0, 33, 36, 0
1434, 10, 0, 33, 37, 0
1434, 10, 1, 33, 38, 0
1434, 10, 1, 33, 39, 0
1434, 10, 1, 33, 40, 0
1434, 10, 1, 33, 41, 0
1434, 10, 1, 33, 42, 0
1434, 10, 1, 33, 43, 0
1434, 10, 1, 33, 44, 0
1434, 10, 1, 33, 45, 0
1434, 10, 1, 33, 46, 0
1434, 10, 0, 34, 0, 0
1434, 10, 0, 34, 1, 0
1434, 10, 0, 34, 2, 0
1434, 10, 0, 34, 3, 0
1434, 10, 0, 34, 4, 0
1434, 10, 0, 34, 5, 0
1434, 10, 0, 34, 6, 0
1434, 10, 0, 34, 7, 0
1434, 10, 0, 34, 8, 0
1434, 10, 0, 34, 9, 0
1434, 10, 0, 34, 10, 0
1434, 10, 0, 34, 11, 0
1434, 10, 0, 34, 12, 0
1434, 10, 0, 34, 13, 0
1434, 10, 0, 34, 14, 0
1434, 10, 0, 34, 21, 0
1434, 10, 0, 34, 22, 0
1434, 10, 0, 34, 23, 0
1434, 10, 0, 34, 24, 0
1434, 10, 0, 34, 25, 0
1434, 10, 0, 34, 26, 0
1434, 10, 0, 34, 27, 0
1434, 10, 0, 34, 28, 0
1434, 10, 0, 34, 29, 0
1434, 10, 0, 34, 30, 0
1434, 10, 0, 34, 31, 0
1434, 10, 0, 34, 32, 0
1434, 10, 0, 34, 33, 0
1434, 10, 0, 34, 34, 0
1434, 10, 0, 34, 35, 0
1434, 10, 0, 34, 36, 0
1434, 10, 0, 34, 37, 0
1434, 10, 0, 34, 38, 0
1434, 10, 0, 34, 39, 0
1434, 10, 1, 34, 40, 0
1434, 10, 0, 34, 41, 0
1434, 10, 1, 34, 42, 0
1434, 10, 1, 34, 43, 0
1434, 10, 0, 34, 44, 0
1434, 10, 1, 34, 45, 0
1434, 10, 1, 34, 46, 0
1434, 10, 0, 35, 0, 0
1434, 10, 0, 35, 1, 0
1434, 10, 0, 35, 2, 0
1434, 10, 0, 35, 3, 0
1434, 10, 0, 35, 4, 0
1434, 10, 0, 35, 5, 0
1434, 10, 0, 35, 6, 0
1434, 10, 0, 35, 7, 0
1434, 10, 0, 35, 8, 0
1434, 10, 0, 35, 9, 0
1434, 10, 0, 35, 10, 0
1434, 10, 0, 35, 11, 0
1434, 10, 0, 35, 23, 0
1434, 10, 0, 35, 24, 0
1434, 10, 0, 35, 25, 0
1434, 10, 0, 35, 26, 0
1434, 10, 0, 35, 27, 0
1434, 10, 0, 35, 28, 0
1434, 10, 0, 35, 29, 0
1434, 10, 0, 35, 30, 0
1434, 10, 0, 35, 31, 0
1434, 10, 0, 35, 32, 0
1434, 10, 0, 35, 33, 0
1434, 10, 0, 35, 34, 0
1434, 10, 0, 35, 35, 0
1434, 10, 0, 35, 36, 0
1434, 10, 0, 35, 37, 0
1434, 10, 0, 35, 38, 0
1434, 10, 0, 35, 39, 0
1434, 10, 0, 35, 40, 0
1434, 10, 0, 35, 41, 0
1434, 10, 1, 35, 42, 0
1434, 10, 1, 35, 43, 0
1434, 10, 1, 35, 44, 0
1434, 10, 0, 35, 45, 0
1434, 10, 0, 35, 46, 0
1434, 10, 0, 36, 0, 0
1434, 10, 0, 36, 1, 0
1434, 10, 0, 36, 2, 0
1434, 10, 0, 36, 3, 0
1434, 10, 0, 36, 4, 0
1434, 10, 0, 36, 5, 0
1434, 10, 0, 36, 6, 0
1434, 10, 0, 36, 7, 0
1434, 10, 0, 36, 8, 0
1434, 10, 0, 36, 9, 0
1434, 10, 0, 36, 10, 0
1434, 10, 0, 36, 24, 0
1434, 10, 0, 36, 25, 0
1434, 10, 0, 36, 26, 0
1434, 10, 0, 36, 27, 0
1434, 10, 0, 36, 28, 0
1434, 10, 0, 36, 29, 0
1434, 10, 0, 36, 30, 0
1434, 10, 0, 36, 31, 0
1434, 10, 0, 36, 32, 0
1434, 10, 0, 36, 33, 0
1434, 10, 0, 36, 34, 0
1434, 10, 0, 36, 35, 0
1434, 10, 0, 36, 36, 0
1434, 10, 0, 36, 37, 0
1434, 10, 0, 36, 38, 0
1434, 10, 0, 36, 39, 0
1434, 10, 0, 36, 40, 0
1434, 10, 0, 36, 41, 0
1434, 10, 0, 36, 42, 0
1434, 10, 0, 36, 43, 0
1434, 10, 0, 36, 44, 0
1434, 10, 0, 36, 45, 0
1434, 10, 0, 36, 46, 0
1434, 10, 0, 37, 0, 0
1434, 10, 0, 37, 1, 0
1434, 10, 0, 37, 2, 0
1434, 10, 0, 37, 3, 0
1434, 10, 0, 37, 4, 0
1434, 10, 0, 37, 5, 0
1434, 10, 0, 37, 6, 0
1434, 10, 0, 37, 7, 0
1434, 10, 0, 37, 8, 0
1434, 10, 0, 37, 9, 0
1434, 10, 0, 37, 25, 0
1434, 10, 0, 37, 26, 0
1434, 10, 0, 37, 27, 0
1434, 10, 0, 37, 28, 0
1434, 10, 0, 37, 29, 0
1434, 10, 0, 37, 30, 0
1434, 10, 0, 37, 31, 0
1434, 10, 0, 37, 32, 0
1434, 10, 0, 37, 33, 0
1434, 10, 0, 37, 34, 0
1434, 10, 0, 37, 35, 0
1434, 10, 0, 37, 36, 0
1434, 10, 0, 37, 37, 0
1434, 10, 0, 37, 38, 0
1434, 10, 0, 37, 39, 0
1434, 10, 0, 37, 40, 0
1434, 10, 0, 37, 41, 0
1434, 10, 0, 37, 42, 0
1434, 10, 0, 37, 43, 0
1434, 10, 0, 37, 44, 0
1434, 10, 0, 37, 45, 0
1434, 10, 0, 37, 46, 0
1434, 10, 0, 38, 0, 0
1434, 10, 0, 38, 1, 0
1434, 10, 0, 38, 2, 0
1434, 10, 0, 38, 3, 0
1434, 10, 0, 38, 4, 0
1434, 10, 0, 38, 5, 0
1434, 10, 0, 38, 6, 0
1434, 10, 0, 38, 7, 0
1434, 10, 0, 38, 8, 0
1434, 10, 0, 38, 9, 0
1434, 10, 0, 38, 26, 0
1434, 10, 0, 38, 27, 0
1434, 10, 0, 38, 28, 0
1434, 10, 0, 38, 29, 0
1434, 10, 0, 38, 30, 0
1434, 10, 0, 38, 31, 0
1434, 10, 0, 38, 32, 0
1434, 10, 0, 38, 33, 0
1434, 10, 0, 38, 34, 0
1434, 10, 0, 38, 35, 0
1434, 10, 0, 38, 36, 0
1434, 10, 0, 38, 37, 0
1434, 10, 0, 38, 38, 0
1434, 10, 0, 38, 39, 0
1434, 10, 0, 38, 40, 0
1434, 10, 0, 38, 41, 0
1434, 10, 0, 38, 42, 0
1434, 10, 0, 38, 43, 0
1434, 10, 0, 38, 44, 0
1434, 10, 0, 38, 45, 0
1434, 10, 0, 38, 46, 0
1434, 10, 0, 39, 0, 0
1434, 10, 0, 39, 1, 0
1434, 10, 0, 39, 2, 0
1434, 10, 0, 39, 3, 0
1434, 10, 0, 39, 4, 0
1434, 10, 0, 39, 5, 0
1434, 10, 0, 39, 6, 0
1434, 10, 0, 39, 7, 0
1434, 10, 0, 39, 8, 0
1434, 10, 0, 39, 9, 0
1434, 10, 0, 39, 27, 0
1434, 10, 0, 39, 28, 0
1434, 10, 0, 39, 29, 0
1434, 10, 0, 39, 30, 0
1434, 10, 0, 39, 31, 0
1434, 10, 0, 39, 32, 0
1434, 10, 0, 39, 33, 0
1434, 10, 0, 39, 34, 0
1434, 10, 0, 39, 35, 0
1434, 10, 0, 39, 36, 0
1434, 10, 0, 39, 37, 0
1434, 10, 0, 39, 38, 0
1434, 10, 0, 39, 39, 0
1434, 10, 0, 39, 40, 0
1434, 10, 0, 39, 41, 0
1434, 10, 0, 39, 42, 0
1434, 10, 0, 39, 43, 0
1434, 10, 0, 39, 44, 0
1434, 10, 0, 39, 45, 0
1434, 10, 0, 39, 46, 0
1434, 10, 0, 39, 47, 0
1434, 10, 0, 39, 48, 0
1434, 10, 0, 39, 49, 0
1434, 10, 0, 39, 50, 0
1434, 10, 0, 39, 51, 0
1434, 10, 0, 39, 52, 0
1434, 10, 0, 39, 53, 0
1434, 10, 0, 39, 54, 0
1434, 10, 0, 39, 55, 0
1434, 10, 0, 39, 56, 0
1434, 10, 0, 39, 57, 0
1434, 10, 0, 39, 58, 0
1434, 10, 0, 39, 59, 0
1434, 10, 0, 39, 60, 0
1434, 10, 0, 39, 61, 0
1434, 10, 1, 39, 62, 0
1434, 10, 1, 39, 63, 0
1434, 10, 0, 40, 0, 0
1434, 10, 0, 40, 1, 0
1434, 10, 0, 40, 2, 0
1434, 10, 0, 40, 3, 0
1434, 10, 0, 40, 4, 0
1434, 10, 0, 40, 5, 0
1434, 10, 0, 40, 6, 0
1434, 10, 0, 40, 7, 0
1434, 10, 0, 40, 8, 0
1434, 10, 0, 40, 9, 0
1434, 10, 0, 40, 27, 0
1434, 10, 0, 40, 28, 0
1434, 10, 0, 40, 29, 0
1434, 10, 0, 40, 30, 0
1434, 10, 0, 40, 31, 0
1434, 10, 0, 40, 32, 0
1434, 10, 0, 40, 33, 0
1434, 10, 0, 40, 34, 0
1434, 10, 0, 40, 35, 0
1434, 10, 0, 40, 36, 0
1434, 10, 0, 40, 37, 0
1434, 10, 0, 40, 38, 0
1434, 10, 0, 40, 39, 0
1434, 10, 0, 40, 40, 0
1434, 10, 0, 40, 41, 0
1434, 10, 0, 40, 42, 0
1434, 10, 0, 40, 43, 0
1434, 10, 0, 40, 44, 0
1434, 10, 0, 40, 45, 0
1434, 10, 0, 40, 46, 0
1434, 10, 0, 40, 47, 0
1434, 10, 0, 40, 48, 0
1434, 10, 0, 40, 49, 0
1434, 10, 0, 40, 50, 0
1434, 10, 0, 40, 51, 0
1434, 10, 0, 40, 52, 0
1434, 10, 0, 40, 53, 0
1434, 10, 0, 40, 54, 0
1434, 10, 0, 40, 55, 0
1434, 10, 0, 40, 56, 0
1434, 10, 0, 40, 57, 0
1434, 10, 0, 40, 58, 0
1434, 10, 0, 40, 59, 0
1434, 10, 0, 40, 60, 0
1434, 10, 0, 40, 61, 0
1434, 10, 1, 40, 62, 0
1434, 10, 1, 40, 63, 0
1434, 10, 0, 41, 0, 0
1434, 10, 0, 41, 1, 0
1434, 10, 0, 41, 2, 0
1434, 10, 0, 41, 3, 0
1434, 10, 0, 41, 4, 0
1434, 10, 0, 41, 5, 0
1434, 10, 0, 41, 6, 0
1434, 10, 0, 41, 7, 0
1434, 10, 0, 41, 8, 0
1434, 10, 0, 41, 9, 0
1434, 10, 0, 41, 27, 0
1434, 10, 0, 41, 28, 0
1434, 10, 0, 41, 29, 0
1434, 10, 0, 41, 30, 0
1434, 10, 0, 41, 31, 0
1434, 10, 0, 41, 32, 0
1434, 10, 0, 41, 33, 0
1434, 10, 0, 41, 34, 0
1434, 10, 0, 41, 35, 0
1434, 10, 0, 41, 36, 0
1434, 10, 0, 41, 37, 0
1434, 10, 0, 41, 38, 0
1434, 10, 0, 41, 39, 0
1434, 10, 0, 41, 40, 0
1434, 10, 0, 41, 41, 0
1434, 10, 0, 41, 42, 0
1434, 10, 0, 41, 43, 0
1434, 10, 0, 41, 44, 0
1434, 10, 0, 41, 45, 0
1434, 10, 0, 41, 46, 0
1434, 10, 0, 41, 47, 0
1434, 10, 0, 41, 48, 0
1434, 10, 0, 41, 49, 0
1434, 10, 0, 41, 50, 0
1434, 10, 0, 41, 51, 0
1434, 10, 0, 41, 52, 0
1434, 10, 0, 41, 53, 0
1434, 10, 0, 41, 54, 0
1434, 10, 0, 41, 55, 0
1434, 10, 0, 41, 56, 0
1434, 10, 0, 41, 57, 0
1434, 10, 0, 41, 58, 0
1434, 10, 0, 41, 59, 0
1434, 10, 0, 41, 60, 0
1434, 10, 0, 41, 61, 0
1434, 10, 1, 41, 62, 0
1434, 10, 1, 41, 63, 0
1434, 10, 0, 42, 0, 0
1434, 10, 0, 42, 1, 0
1434, 10, 0, 42, 2, 0
1434, 10, 0, 42, 3, 0
1434, 10, 0, 42, 4, 0
1434, 10, 0, 42, 5, 0
1434, 10, 0, 42, 6, 0
1434, 10, 0, 42, 7, 0
1434, 10, 0, 42, 8, 0
1434, 10, 0, 42, 9, 0
1434, 10, 0, 42, 10, 0
1434, 10, 0, 42, 27, 0
1434, 10, 0, 42, 28, 0
1434, 10, 0, 42, 29, 0
1434, 10, 0, 42, 30, 0
1434, 10, 0, 42, 31, 0
1434, 10, 0, 42, 32, 0
1434, 10, 0, 42, 33, 0
1434, 10, 0, 42, 34, 0
1434, 10, 0, 42, 35, 0
1434, 10, 0, 42, 36, 0
1434, 10, 0, 42, 37, 0
1434, 10, 0, 42, 38, 0
1434, 10, 0, 42, 39, 0
1434, 10, 0, 42, 40, 0
1434, 10, 0, 42, 41, 0
1434, 10, 0, 42, 42, 0
1434, 10, 0, 42, 43, 0
1434, 10, 0, 42, 44, 0
1434, 10, 0, 42, 45, 0
1434, 10, 0, 42, 46, 0
1434, 10, 0, 42, 47, 0
1434, 10, 0, 42, 48, 0
1434, 10, 0, 42, 49, 0
1434, 10, 0, 42, 50, 0
1434, 10, 0, 42, 51, 0
1434, 10, 0, 42, 52, 0
1434, 10, 0, 42, 53, 0
1434, 10, 0, 42, 54, 0
1434, 10, 0, 42, 55, 0
1434, 10, 0, 42, 56, 0
1434, 10, 0, 42, 57, 0
1434, 10, 0, 42, 58, 0
1434, 10, 0, 42, 59, 0
1434, 10, 0, 42, 60, 0
1434, 10, 0, 42, 61, 0
1434, 10, 1, 42, 62, 0
1434, 10, 1, 42, 63, 0
1434, 10, 0, 43, 0, 0
1434, 10, 0, 43, 1, 0
1434, 10, 0, 43, 2, 0
1434, 10, 0, 43, 3, 0
1434, 10, 0, 43, 4, 0
1434, 10, 0, 43, 5, 0
1434, 10, 0, 43, 6, 0
1434, 10, 0, 43, 7, 0
1434, 10, 0, 43, 8, 0
1434, 10, 0, 43, 9, 0
1434, 10, 0, 43, 10, 0
1434, 10, 0, 43, 11, 0
1434, 10, 1, 43, 12, 0
1434, 10, 0, 43, 26, 0
1434, 10, 0, 43, 27, 0
1434, 10, 0, 43, 28, 0
1434, 10, 0, 43, 29, 0
1434, 10, 0, 43, 30, 0
1434, 10, 0, 43, 31, 0
1434, 10, 0, 43, 32, 0
1434, 10, 0, 43, 33, 0
1434, 10, 0, 43, 34, 0
1434, 10, 0, 43, 35, 0
1434, 10, 0, 43, 36, 0
1434, 10, 0, 43, 37, 0
1434, 10, 0, 43, 38, 0
1434, 10, 0, 43, 39, 0
1434, 10, 0, 43, 40, 0
1434, 10, 0, 43, 41, 0
1434, 10, 0, 43, 42, 0
1434, 10, 0, 43, 43, 0
1434, 10, 0, 43, 44, 0
1434, 10, 0, 43, 45, 0
1434, 10, 0, 43, 46, 0
1434, 10, 0, 43, 47, 0
1434, 10, 0, 43, 48, 0
1434, 10, 0, 43, 49, 0
1434, 10, 0, 43, 50, 0
1434, 10, 0, 43, 51, 0
1434, 10, 0, 43, 52, 0
1434, 10, 0, 43, 53, 0
1434, 10, 0, 43, 54, 0
1434, 10, 0, 43, 55, 0
1434, 10, 0, 43, 56, 0
1434, 10, 0, 43, 57, 0
1434, 10, 0, 43, 58, 0
1434, 10, 0, 43, 59, 0
1434, 10, 0, 43, 60, 0
1434, 10, 0, 43, 61, 0
1434, 10, 1, 43, 62, 0
1434, 10, 1, 43, 63, 0
1434, 10, 0, 44, 0, 0
1434, 10, 0, 44, 1, 0
1434, 10, 0, 44, 2, 0
1434, 10, 0, 44, 3, 0
1434, 10, 0, 44, 4, 0
1434, 10, 0, 44, 5, 0
1434, 10, 0, 44, 6, 0
1434, 10, 0, 44, 7, 0
1434, 10, 0, 44, 8, 0
1434, 10, 0, 44, 9, 0
1434, 10, 0, 44, 10, 0
1434, 10, 0, 44, 11, 0
1434, 10, 0, 44, 12, 0
1434, 10, 0, 44, 13, 0
1434, 10, 0, 44, 24, 0
1434, 10, 0, 44, 25, 0
1434, 10, 0, 44, 26, 0
1434, 10, 0, 44, 27, 0
1434, 10, 0, 44, 28, 0
1434, 10, 0, 44, 29, 0
1434, 10, 0, 44, 30, 0
1434, 10, 0, 44, 31, 0
1434, 10, 0, 44, 32, 0
1434, 10, 0, 44, 33, 0
1434, 10, 0, 44, 34, 0
1434, 10, 0, 44, 35, 0
1434, 10, 0, 44, 36, 0
1434, 10, 0, 44, 37, 0
1434, 10, 0, 44, 38, 0
1434, 10, 0, 44, 39, 0
1434, 10, 0, 44, 40, 0
1434, 10, 0, 44, 41, 0
1434, 10, 0, 44, 42, 0
1434, 10, 0, 44, 43, 0
1434, 10, 0, 44, 44, 0
1434, 10, 0, 44, 45, 0
1434, 10, 0, 44, 46, 0
1434, 10, 0, 44, 47, 0
1434, 10, 0, 44, 48, 0
1434, 10, 0, 44, 49, 0
1434, 10, 0, 44, 50, 0
1434, 10, 0, 44, 51, 0
1434, 10, 0, 44, 52, 0
1434, 10, 0, 44, 53, 0
1434, 10, 0, 44, 54, 0
1434, 10, 0, 44, 55, 0
1434, 10, 0, 44, 56, 0
1434, 10, 0, 44, 57, 0
1434, 10, 0, 44, 58, 0
1434, 10, 0, 44, 59, 0
1434, 10, 0, 44, 60, 0
1434, 10, 0, 44, 61, 0
1434, 10, 0, 44, 62, 0
1434, 10, 1, 44, 63, 0
1434, 10, 0, 45, 0, 0
1434, 10, 0, 45, 1, 0
1434, 10, 0, 45, 2, 0
1434, 10, 0, 45, 3, 0
1434, 10, 0, 45, 4, 0
1434, 10, 0, 45, 5, 0
1434, 10, 0, 45, 6, 0
1434, 10, 0, 45, 7, 0
1434, 10, 0, 45, 8, 0
1434, 10, 0, 45, 9, 0
1434, 10, 0, 45, 10, 0
1434, 10, 0, 45, 11, 0
1434, 10, 0, 45, 12, 0
1434, 10, 0, 45, 13, 0
1434, 10, 1, 45, 14, 0
1434, 10, 0, 45, 23, 0
1434, 10, 0, 45, 24, 0
1434, 10, 0, 45, 25, 0
1434, 10, 0, 45, 26, 0
1434, 10, 0, 45, 27, 0
1434, 10, 0, 45, 28, 0
1434, 10, 0, 45, 29, 0
1434, 10, 0, 45, 30, 0
1434, 10, 0, 45, 31, 0
1434, 10, 0, 45, 32, 0
1434, 10, 0, 45, 33, 0
1434, 10, 0, 45, 34, 0
1434, 10, 0, 45, 35, 0
1434, 10, 0, 45, 36, 0
1434, 10, 0, 45, 37, 0
1434, 10, 0, 45, 38, 0
1434, 10, 0, 45, 39, 0
1434, 10, 0, 45, 40, 0
1434, 10, 0, 45, 41, 0
1434, 10, 0, 45, 42, 0
1434, 10, 0, 45, 43, 0
1434, 10, 0, 45, 44, 0
1434, 10, 0, 45, 45, 0
1434, 10, 0, 45, 46, 0
1434, 10, 0, 45, 47, 0
1434, 10, 0, 45, 48, 0
1434, 10, 0, 45, 49, 0
1434, 10, 0, 45, 50, 0
1434, 10, 0, 45, 57, 0
1434, 10, 0, 45, 58, 0
1434, 10, 0, 45, 59, 0
1434, 10, 0, 45, 60, 0
1434, 10, 0, 45, 61, 0
1434, 10, 0, 45, 62, 0
1434, 10, 0, 45, 63, 0
1434, 10, 0, 46, 0, 0
1434, 10, 0, 46, 1, 0
1434, 10, 0, 46, 2, 0
1434, 10, 0, 46, 3, 0
1434, 10, 0, 46, 4, 0
1434, 10, 0, 46, 5, 0
1434, 10, 0, 46, 6, 0
1434, 10, 0, 46, 7, 0
1434, 10, 0, 46, 8, 0
1434, 10, 0, 46, 9, 0
1434, 10, 0, 46, 10, 0
1434, 10, 0, 46, 11, 0
1434, 10, 0, 46, 12, 0
1434, 10, 0, 46, 13, 0
1434, 10, 0, 46, 14, 0
1434, 10, 0, 46, 15, 0
1434, 10, 0, 46, 21, 0
1434, 10, 0, 46, 22, 0
1434, 10, 0, 46, 23, 0
1434, 10, 0, 46, 24, 0
1434, 10, 0, 46, 25, 0
1434, 10, 0, 46, 26, 0
1434, 10, 0, 46, 27, 0
1434, 10, 0, 46, 28, 0
1434, 10, 0, 46, 29, 0
1434, 10, 0, 46, 30, 0
1434, 10, 0, 46, 31, 0
1434, 10, 0, 46, 32, 0
1434, 10, 0, 46, 38, 0
1434, 10, 0, 46, 39, 0
1434, 10, 0, 46, 40, 0
1434, 10, 0, 46, 41, 0
1434, 10, 0, 46, 42, 0
1434, 10, 0, 46, 43, 0
1434, 10, 0, 46, 44, 0
1434, 10, 0, 46, 45, 0
1434, 10, 0, 46, 46, 0
1434, 10, 0, 46, 47, 0
1434, 10, 0, 46, 48, 0
1434, 10, 0, 46, 49, 0
1434, 10, 0, 46, 58, 0
1434, 10, 0, 46, 59, 0
1434, 10, 0, 46, 60, 0
1434, 10, 0, 46, 61, 0
1434, 10, 0, 46, 62, 0
1434, 10, 0, 46, 63, 0
1434, 10, 0, 47, 0, 0
1434, 10, 0, 47, 1, 0
1434, 10, 0, 47, 2, 0
1434, 10, 0, 47, 3, 0
1434, 10, 0, 47, 4, 0
1434, 10, 0, 47, 5, 0
1434, 10, 0, 47, 6, 0
1434, 10, 0, 47, 7, 0
1434, 10, 0, 47, 8, 0
1434, 10, 0, 47, 9, 0
1434, 10, 0, 47, 10, 0
1434, 10, 0, 47, 11, 0
1434, 10, 0, 47, 12, 0
1434, 10, 0, 47, 13, 0
1434, 10, 0, 47, 14, 0
1434, 10, 0, 47, 15, 0
1434, 10, 0, 47, 20, 0
1434, 10, 0, 47, 21, 0
1434, 10, 0, 47, 22, 0
1434, 10, 0, 47, 23, 0
1434, 10, 0, 47, 24, 0
1434, 10, 0, 47, 25, 0
1434, 10, 0, 47, 26, 0
1434, 10, 0, 47, 27, 0
1434, 10, 0, 47, 28, 0
1434, 10, 0, 47, 29, 0
1434, 10, 0, 47, 30, 0
1434, 10, 0, 47, 31, 0
1434, 10, 0, 47, 39, 0
1434, 10, 0, 47, 40, 0
1434, 10, 0, 47, 41, 0
1434, 10, 0, 47, 42, 0
1434, 10, 0, 47, 43, 0
1434, 10, 0, 47, 44, 0
1434, 10, 0, 47, 45, 0
1434, 10, 0, 47, 46, 0
1434, 10, 0, 47, 47, 0
1434, 10, 0, 47, 48, 0
1434, 10, 0, 47, 49, 0
1434, 10, 0, 47, 58, 0
1434, 10, 0, 47, 59, 0
1434, 10, 0, 47, 60, 0
1434, 10, 0, 47, 61, 0
1434, 10, 0, 47, 62, 0
1434, 10, 0, 47, 63, 0
1434, 10, 0, 48, 0, 0
1434, 10, 0, 48, 1, 0
1434, 10, 0, 48, 2, 0
1434, 10, 0, 48, 3, 0
1434, 10, 0, 48, 4, 0
1434, 10, 0, 48, 5, 0
1434, 10, 0, 48, 6, 0
1434, 10, 0, 48, 7, 0
1434, 10, 0, 48, 8, 0
1434, 10, 0, 48, 9, 0
1434, 10, 0, 48, 10, 0
1434, 10, 0, 48, 11, 0
1434, 10, 0, 48, 22, 0
1434, 10, 0, 48, 23, 0
1434, 10, 0, 48, 24, 0
1434, 10, 0, 48, 25, 0
1434, 10, 0, 48, 26, 0
1434, 10, 0, 48, 27, 0
1434, 10, 0, 48, 28, 0
1434, 10, 0, 48, 29, 0
1434, 10, 0, 48, 30, 0
1434, 10, 0, 48, 40, 0
1434, 10, 0, 48, 41, 0
1434, 10, 0, 48, 42, 0
1434, 10, 0, 48, 43, 0
1434, 10, 0, 48, 44, 0
1434, 10, 0, 48, 45, 0
1434, 10, 0, 48, 46, 0
1434, 10, 0, 48, 47, 0
1434, 10, 0, 48, 48, 0
1434, 10, 0, 48, 58, 0
1434, 10, 0, 48, 59, 0
1434, 10, 0, 48, 60, 0
1434, 10, 0, 48, 61, 0
1434, 10, 0, 48, 62, 0
1434, 10, 0, 48, 63, 0
1434, 10, 0, 49, 0, 0
1434, 10, 0, 49, 1, 0
1434, 10, 0, 49, 2, 0
1434, 10, 0, 49, 3, 0
1434, 10, 0, 49, 4, 0
1434, 10, 0, 49, 5, 0
1434, 10, 0, 49, 6, 0
1434, 10, 0, 49, 7, 0
1434, 10, 0, 49, 8, 0
1434, 10, 0, 49, 9, 0
1434, 10, 0, 49, 10, 0
1434, 10, 0, 49, 23, 0
1434, 10, 0, 49, 24, 0
1434, 10, 0, 49, 25, 0
1434, 10, 0, 49, 26, 0
1434, 10, 0, 49, 27, 0
1434, 10, 0, 49, 28, 0
1434, 10, 0, 49, 29, 0
1434, 10, 0, 49, 41, 0
1434, 10, 0, 49, 42, 0
1434, 10, 0, 49, 46, 0
1434, 10, 0, 49, 47, 0
1434, 10, 0, 49, 58, 0
1434, 10, 0, 49, 59, 0
1434, 10, 0, 49, 60, 0
1434, 10, 0, 49, 61, 0
1434, 10, 0, 49, 62, 0
1434, 10, 0, 49, 63, 0
1434, 10, 0, 50, 0, 0
1434, 10, 0, 50, 1, 0
1434, 10, 0, 50, 2, 0
1434, 10, 0, 50, 3, 0
1434, 10, 0, 50, 4, 0
1434, 10, 0, 50, 5, 0
1434, 10, 0, 50, 6, 0
1434, 10, 0, 50, 7, 0
1434, 10, 0, 50, 8, 0
1434, 10, 0, 50, 9, 0
1434, 10, 0, 50, 10, 0
1434, 10, 0, 50, 24, 0
1434, 10, 0, 50, 25, 0
1434, 10, 0, 50, 26, 0
1434, 10, 0, 50, 27, 0
1434, 10, 0, 50, 28, 0
1434, 10, 0, 50, 29, 0
1434, 10, 0, 50, 41, 0
1434, 10, 0, 50, 59, 0
1434, 10, 0, 50, 60, 0
1434, 10, 0, 50, 61, 0
1434, 10, 0, 50, 62, 0
1434, 10, 0, 50, 63, 0
1434, 10, 0, 51, 0, 0
1434, 10, 0, 51, 1, 0
1434, 10, 0, 51, 2, 0
1434, 10, 0, 51, 3, 0
1434, 10, 0, 51, 4, 0
1434, 10, 0, 51, 5, 0
1434, 10, 0, 51, 6, 0
1434, 10, 0, 51, 7, 0
1434, 10, 0, 51, 8, 0
1434, 10, 0, 51, 9, 0
1434, 10, 0, 51, 25, 0
1434, 10, 0, 51, 26, 0
1434, 10, 0, 51, 27, 0
1434, 10, 0, 51, 28, 0
1434, 10, 0, 51, 29, 0
1434, 10, 0, 51, 41, 0
1434, 10, 0, 51, 59, 0
1434, 10, 0, 51, 60, 0
1434, 10, 0, 51, 61, 0
1434, 10, 0, 51, 62, 0
1434, 10, 0, 51, 63, 0
1434, 10, 0, 52, 0, 0
1434, 10, 0, 52, 1, 0
1434, 10, 0, 52, 2, 0
1434, 10, 0, 52, 3, 0
1434, 10, 0, 52, 4, 0
1434, 10, 0, 52, 5, 0
1434, 10, 0, 52, 6, 0
1434, 10, 0, 52, 7, 0
1434, 10, 0, 52, 8, 0
1434, 10, 0, 52, 9, 0
1434, 10, 0, 52, 28, 0
1434, 10, 0, 52, 29, 0
1434, 10, 0, 52, 59, 0
1434, 10, 0, 52, 60, 0
1434, 10, 0, 52, 61, 0
1434, 10, 0, 52, 62, 0
1434, 10, 0, 52, 63, 0
1434, 10, 0, 53, 0, 0
1434, 10, 0, 53, 1, 0
1434, 10, 0, 53, 2, 0
1434, 10, 0, 53, 3, 0
1434, 10, 0, 53, 4, 0
1434, 10, 0, 53, 5, 0
1434, 10, 0, 53, 6, 0
1434, 10, 0, 53, 7, 0
1434, 10, 0, 53, 8, 0
1434, 10, 0, 53, 9, 0
1434, 10, 0, 53, 59, 0
1434, 10, 0, 53, 60, 0
1434, 10, 0, 53, 61, 0
1434, 10, 0, 53, 62, 0
1434, 10, 0, 53, 63, 0
1434, 10, 0, 54, 0, 0
1434, 10, 0, 54, 1, 0
1434, 10, 0, 54, 2, 0
1434, 10, 0, 54, 3, 0
1434, 10, 0, 54, 4, 0
1434, 10, 0, 54, 5, 0
1434, 10, 0, 54, 6, 0
1434, 10, 0, 54, 7, 0
1434, 10, 0, 54, 8, 0
1434, 10, 0, 54, 9, 0
1434, 10, 0, 54, 59, 0
1434, 10, 0, 54, 60, 0
1434, 10, 0, 54, 61, 0
1434, 10, 0, 54, 62, 0
1434, 10, 0, 54, 63, 0
1434, 10, 0, 55, 0, 0
1434, 10, 0, 55, 1, 0
1434, 10, 0, 55, 2, 0
1434, 10, 0, 55, 3, 0
1434, 10, 0, 55, 8, 0
1434, 10, 0, 55, 59, 0
1434, 10, 0, 55, 60, 0
1434, 10, 0, 55, 61, 0
1434, 10, 0, 55, 62, 0
1434, 10, 0, 55, 63, 0
1434, 10, 0, 56, 0, 0
1434, 10, 0, 56, 1, 0
1434, 10, 0, 56, 2, 0
1434, 10, 0, 56, 59, 0
1434, 10, 0, 56, 60, 0
1434, 10, 0, 56, 61, 0
1434, 10, 0, 56, 62, 0
1434, 10, 0, 56, 63, 0
1434, 10, 0, 57, 0, 0
1434, 10, 0, 57, 1, 0
1434, 10, 0, 57, 59, 0
1434, 10, 0, 57, 60, 0
1434, 10, 0, 57, 61, 0
1434, 10, 0, 57, 62, 0
1434, 10, 0, 57, 63, 0
1434, 10, 0, 58, 0, 0
1434, 10, 0, 58, 1, 0
1434, 10, 0, 58, 29, 0
1434, 10, 0, 58, 42, 0
1434, 10, 0, 58, 43, 0
1434, 10, 0, 58, 44, 0
1434, 10, 0, 58, 45, 0
1434, 10, 0, 58, 46, 0
1434, 10, 0, 58, 58, 0
1434, 10, 0, 58, 59, 0
1434, 10, 0, 58, 60, 0
1434, 10, 0, 58, 61, 0
1434, 10, 0, 58, 62, 0
1434, 10, 0, 58, 63, 0
1434, 10, 0, 59, 0, 0
1434, 10, 0, 59, 1, 0
1434, 10, 0, 59, 12, 0
1434, 10, 0, 59, 13, 0
1434, 10, 0, 59, 28, 0
1434, 10, 0, 59, 29, 0
1434, 10, 0, 59, 40, 0
1434, 10, 0, 59, 41, 0
1434, 10, 0, 59, 42, 0
1434, 10, 0, 59, 43, 0
1434, 10, 0, 59, 44, 0
1434, 10, 0, 59, 45, 0
1434, 10, 0, 59, 46, 0
1434, 10, 0, 59, 57, 0
1434, 10, 0, 59, 58, 0
1434, 10, 0, 59, 59, 0
1434, 10, 0, 59, 60, 0
1434, 10, 0, 59, 61, 0
1434, 10, 0, 59, 62, 0
1434, 10, 0, 59, 63, 0
1434, 10, 0, 60, 0, 0
1434, 10, 0, 60, 1, 0
1434, 10, 0, 60, 12, 0
1434, 10, 0, 60, 13, 0
1434, 10, 0, 60, 14, 0
1434, 10, 0, 60, 27, 0
1434, 10, 0, 60, 28, 0
1434, 10, 0, 60, 29, 0
1434, 10, 0, 60, 30, 0
1434, 10, 0, 60, 39, 0
1434, 10, 0, 60, 40, 0
1434, 10, 0, 60, 41, 0
1434, 10, 0, 60, 42, 0
1434, 10, 0, 60, 43, 0
1434, 10, 0, 60, 44, 0
1434, 10, 0, 60, 45, 0
1434, 10, 0, 60, 46, 0
1434, 10, 0, 60, 47, 0
1434, 10, 0, 60, 56, 0
1434, 10, 0, 60, 57, 0
1434, 10, 0, 60, 58, 0
1434, 10, 0, 60, 59, 0
1434, 10, 0, 60, 60, 0
1434, 10, 0, 60, 61, 0
1434, 10, 0, 60, 62, 0
1434, 10, 0, 60, 63, 0
1434, 10, 0, 61, 0, 0
1434, 10, 0, 61, 1, 0
1434, 10, 0, 61, 2, 0
1434, 10, 0, 61, 12, 0
1434, 10, 0, 61, 13, 0
1434, 10, 0, 61, 14, 0
1434, 10, 0, 61, 27, 0
1434, 10, 0, 61, 28, 0
1434, 10, 0, 61, 29, 0
1434, 10, 0, 61, 30, 0
1434, 10, 0, 61, 31, 0
1434, 10, 0, 61, 32, 0
1434, 10, 0, 61, 33, 0
1434, 10, 0, 61, 34, 0
1434, 10, 0, 61, 35, 0
1434, 10, 0, 61, 36, 0
1434, 10, 0, 61, 37, 0
1434, 10, 0, 61, 38, 0
1434, 10, 0, 61, 39, 0
1434, 10, 0, 61, 40, 0
1434, 10, 0, 61, 41, 0
1434, 10, 0, 61, 42, 0
1434, 10, 0, 61, 43, 0
1434, 10, 0, 61, 44, 0
1434, 10, 0, 61, 45, 0
1434, 10, 0, 61, 46, 0
1434, 10, 0, 61, 47, 0
1434, 10, 0, 61, 48, 0
1434, 10, 0, 61, 49, 0
1434, 10, 0, 61, 50, 0
1434, 10, 0, 61, 51, 0
1434, 10, 0, 61, 52, 0
1434, 10, 0, 61, 53, 0
1434, 10, 0, 61, 54, 0
1434, 10, 0, 61, 55, 0
1434, 10, 0, 61, 56, 0
1434, 10, 0, 61, 57, 0
1434, 10, 0, 61, 58, 0
1434, 10, 0, 61, 59, 0
1434, 10, 0, 61, 60, 0
1434, 10, 0, 61, 61, 0
1434, 10, 0, 61, 62, 0
1434, 10, 0, 61, 63, 0
1434, 10, 0, 62, 0, 0
1434, 10, 0, 62, 1, 0
1434, 10, 0, 62, 2, 0
1434, 10, 0, 62, 3, 0
1434, 10, 0, 62, 11, 0
1434, 10, 0, 62, 12, 0
1434, 10, 0, 62, 13, 0
1434, 10, 0, 62, 14, 0
1434, 10, 0, 62, 26, 0
1434, 10, 0, 62, 27, 0
1434, 10, 0, 62, 28, 0
1434, 10, 0, 62, 29, 0
1434, 10, 0, 62, 30, 0
1434, 10, 0, 62, 31, 0
1434, 10, 0, 62, 32, 0
1434, 10, 0, 62, 33, 0
1434, 10, 0, 62, 34, 0
1434, 10, 0, 62, 35, 0
1434, 10, 0, 62, 36, 0
1434, 10, 0, 62, 37, 0
1434, 10, 0, 62, 38, 0
1434, 10, 0, 62, 39, 0
1434, 10, 0, 62, 40, 0
1434, 10, 0, 62, 41, 0
1434, 10, 0, 62, 42, 0
1434, 10, 0, 62, 43, 0
1434, 10, 0, 62, 44, 0
1434, 10, 0, 62, 45, 0
1434, 10, 0, 62, 46, 0
1434, 10, 0, 62, 47, 0
1434, 10, 0, 62, 48, 0
1434, 10, 0, 62, 49, 0
1434, 10, 0, 62, 50, 0
1434, 10, 0, 62, 51, 0
1434, 10, 0, 62, 52, 0
1434, 10, 0, 62, 53, 0
1434, 10, 0, 62, 54, 0
1434, 10, 0, 62, 55, 0
1434, 10, 0, 62, 56, 0
1434, 10, 0, 62, 57, 0
1434, 10, 0, 62, 58, 0
1434, 10, 0, 62, 59, 0
1434, 10, 0, 62, 60, 0
1434, 10, 0, 62, 61, 0
1434, 10, 0, 62, 62, 0
1434, 10, 0, 62, 63, 0
1434, 10, 0, 63, 0, 0
1434, 10, 0, 63, 1, 0
1434, 10, 0, 63, 2, 0
1434, 10, 0, 63, 3, 0
1434, 10, 0, 63, 4, 0
1434, 10, 0, 63, 10, 0
1434, 10, 0, 63, 11, 0
1434, 10, 0, 63, 12, 0
1434, 10, 0, 63, 13, 0
1434, 10, 0, 63, 14, 0
1434, 10, 0, 63, 15, 0
1434, 10, 0, 63, 25, 0
1434, 10, 0, 63, 26, 0
1434, 10, 0, 63, 27, 0
1434, 10, 0, 63, 28, 0
1434, 10, 0, 63, 29, 0
1434, 10, 0, 63, 30, 0
1434, 10, 0, 63, 31, 0
1434, 10, 0, 63, 32, 0
1434, 10, 0, 63, 33, 0
1434, 10, 0, 63, 34, 0
1434, 10, 0, 63, 35, 0
1434, 10, 0, 63, 36, 0
1434, 10, 0, 63, 37, 0
1434, 10, 0, 63, 38, 0
1434, 10, 0, 63, 39, 0
1434, 10, 0, 63, 40, 0
1434, 10, 0, 63, 41, 0
1434, 10, 0, 63, 42, 0
1434, 10, 0, 63, 43, 0
1434, 10, 0, 63, 44, 0
1434, 10, 0, 63, 45, 0
1434, 10, 0, 63, 46, 0
1434, 10, 0, 63, 47, 0
1434, 10, 0, 63, 48, 0
1434, 10, 0, 63, 49, 0
1434, 10, 0, 63, 50, 0
1434, 10, 0, 63, 51, 0
1434, 10, 0, 63, 52, 0
1434, 10, 0, 63, 53, 0
1434, 10, 0, 63, 54, 0
1434, 10, 0, 63, 55, 0
1434, 10, 0, 63, 56, 0
1434, 10, 0, 63, 57, 0
1434, 10, 0, 63, 58, 0
1434, 10, 0, 63, 59, 0
1434, 10, 0, 63, 60, 0
1434, 10, 0, 63, 61, 0
1434, 10, 0, 63, 62, 0
1434, 10, 0, 63, 63, 0
1434, 10, 0, 2, 0, 1
1434, 10, 0, 2, 11, 1
1434, 10, 0, 2, 12, 1
1434, 10, 0, 3, 0, 1
1434, 10, 0, 3, 10, 1
1434, 10, 0, 3, 11, 1
1434, 10, 0, 3, 12, 1
1434, 10, 0, 4, 0, 1
1434, 10, 0, 4, 8, 1
1434, 10, 0, 4, 9, 1
1434, 10, 0, 4, 10, 1
1434, 10, 0, 4, 11, 1
1434, 10, 0, 4, 12, 1
1434, 10, 0, 4, 13, 1
1434, 10, 0, 5, 8, 1
1434, 10, 0, 5, 9, 1
1434, 10, 0, 5, 10, 1
1434, 10, 0, 5, 11, 1
1434, 10, 0, 5, 12, 1
1434, 10, 0, 5, 13, 1
1434, 10, 0, 5, 14, 1
1434, 10, 0, 6, 8, 1
1434, 10, 0, 6, 9, 1
1434, 10, 0, 6, 10, 1
1434, 10, 0, 6, 11, 1
1434, 10, 0, 6, 12, 1
1434, 10, 0, 6, 13, 1
1434, 10, 0, 6, 14, 1
1434, 10, 0, 6, 15, 1
1434, 10, 0, 6, 16, 1
1434, 10, 0, 7, 8, 1
1434, 10, 0, 7, 9, 1
1434, 10, 0, 7, 10, 1
1434, 10, 0, 7, 11, 1
1434, 10, 0, 7, 12, 1
1434, 10, 0, 7, 13, 1
1434, 10, 0, 7, 14, 1
1434, 10, 0, 7, 15, 1
1434, 10, 0, 7, 16, 1
1434, 10, 0, 8, 8, 1
1434, 10, 0, 8, 9, 1
1434, 10, 0, 8, 10, 1
1434, 10, 0, 8, 11, 1
1434, 10, 0, 8, 12, 1
1434, 10, 0, 8, 13, 1
1434, 10, 0, 8, 14, 1
1434, 10, 0, 8, 15, 1
1434, 10, 0, 8, 16, 1
1434, 10, 0, 8, 17, 1
1434, 10, 0, 9, 8, 1
1434, 10, 0, 9, 9, 1
1434, 10, 0, 9, 10, 1
1434, 10, 0, 9, 11, 1
1434, 10, 0, 9, 12, 1
1434, 10, 0, 9, 13, 1
1434, 10, 0, 9, 14, 1
1434, 10, 0, 9, 15, 1
1434, 10, 0, 9, 16, 1
1434, 10, 0, 9, 17, 1
1434, 10, 0, 9, 18, 1
1434, 10, 0, 10, 8, 1
1434, 10, 0, 10, 9, 1
1434, 10, 0, 10, 10, 1
1434, 10, 0, 10, 11, 1
1434, 10, 0, 10, 12, 1
1434, 10, 0, 10, 13, 1
1434, 10, 0, 10, 14, 1
1434, 10, 0, 10, 15, 1
1434, 10, 0, 10, 16, 1
1434, 10, 0, 10, 17, 1
1434, 10, 0, 10, 18, 1
1434, 10, 0, 10, 19, 1
1434, 10, 0, 10, 20, 1
1434, 10, 0, 11, 8, 1
1434, 10, 0, 11, 9, 1
1434, 10, 0, 11, 10, 1
1434, 10, 0, 11, 11, 1
1434, 10, 0, 11, 12, 1
1434, 10, 0, 11, 13, 1
1434, 10, 0, 11, 14, 1
1434, 10, 0, 11, 15, 1
1434, 10, 0, 11, 16, 1
1434, 10, 0, 11, 17, 1
1434, 10, 0, 11, 18, 1
1434, 10, 0, 11, 19, 1
1434, 10, 0, 11, 20, 1
1434, 10, 0, 12, 8, 1
1434, 10, 0, 12, 9, 1
1434, 10, 0, 12, 10, 1
1434, 10, 0, 12, 11, 1
1434, 10, 0, 12, 12, 1
1434, 10, 0, 12, 13, 1
1434, 10, 0, 12, 14, 1
1434, 10, 0, 12, 15, 1
1434, 10, 0, 12, 16, 1
1434, 10, 0, 12, 17, 1
1434, 10, 0, 12, 18, 1
1434, 10, 0, 12, 19, 1
1434, 10, 0, 13, 8, 1
1434, 10, 0, 13, 9, 1
1434, 10, 0, 13, 10, 1
1434, 10, 0, 13, 11, 1
1434, 10, 0, 13, 12, 1
1434, 10, 0, 13, 13, 1
1434, 10, 0, 13, 14, 1
1434, 10, 0, 13, 15, 1
1434, 10, 0, 13, 16, 1
1434, 10, 0, 13, 17, 1
1434, 10, 0, 13, 18, 1
1434, 10, 0, 14, 8, 1
1434, 10, 0, 14, 9, 1
1434, 10, 0, 14, 10, 1
1434, 10, 0, 14, 11, 1
1434, 10, 0, 14, 12, 1
1434, 10, 0, 14, 13, 1
1434, 10, 0, 14, 14, 1
1434, 10, 0, 14, 15, 1
1434, 10, 0, 14, 16, 1
1434, 10, 0, 15, 8, 1
1434, 10, 0, 15, 9, 1
1434, 10, 0, 15, 10, 1
1434, 10, 0, 15, 11, 1
1434, 10, 0, 15, 12, 1
1434, 10, 0, 15, 13, 1
1434, 10, 0, 15, 14, 1
1434, 10, 0, 15, 15, 1
1434, 10, 0, 16, 8, 1
1434, 10, 0, 16, 9, 1
1434, 10, 0, 16, 10, 1
1434, 10, 0, 16, 11, 1
1434, 10, 0, 16, 12, 1
1434, 10, 0, 16, 13, 1
1434, 10, 0, 16, 14, 1
1434, 10, 0, 16, 15, 1
1434, 10, 0, 17, 8, 1
1434, 10, 0, 17, 9, 1
1434, 10, 0, 17, 10, 1
1434, 10, 0, 17, 11, 1
1434, 10, 0, 17, 12, 1
1434, 10, 0, 17, 13, 1
1434, 10, 0, 17, 14, 1
1434, 10, 0, 18, 8, 1
1434, 10, 0, 18, 9, 1
1434, 10, 0, 18, 10, 1
1434, 10, 0, 18, 11, 1
1434, 10, 0, 18, 12, 1
1434, 10, 0, 19, 8, 1
1434, 10, 0, 19, 9, 1
1434, 10, 0, 19, 10, 1
1434, 10, 0, 19, 11, 1
1434, 10, 0, 20, 8, 1
1434, 10, 0, 20, 9, 1
1434, 10, 0, 20, 10, 1
1434, 10, 0, 20, 11, 1
1434, 10, 0, 21, 8, 1
1434, 10, 0, 21, 9, 1
1434, 10, 0, 21, 10, 1
1434, 10, 0, 21, 11, 1
1434, 10, 0, 22, 8, 1
1434, 10, 0, 22, 9, 1
1434, 10, 0, 22, 10, 1
1434, 10, 0, 22, 11, 1
1434, 10, 0, 23, 8, 1
1434, 10, 0, 23, 9, 1
1434, 10, 0, 23, 10, 1
1434, 10, 0, 23, 11, 1
1434, 10, 0, 24, 8, 1
1434, 10, 0, 24, 9, 1
1434, 10, 0, 24, 10, 1
1434, 10, 0, 24, 11, 1
1434, 10, 0, 25, 8, 1
1434, 10, 0, 25, 9, 1
1434, 10, 0, 25, 10, 1
1434, 10, 0, 25, 11, 1
1434, 10, 0, 26, 8, 1
1434, 10, 0, 26, 9, 1
1434, 10, 0, 26, 10, 1
1434, 10, 0, 26, 11, 1
1434, 10, 0, 27, 8, 1
1434, 10, 0, 27, 9, 1
1434, 10, 0, 27, 10, 1
1434, 10, 0, 27, 11, 1
1434, 10, 0, 27, 12, 1
1434, 10, 0, 28, 5, 1
1434, 10, 0, 28, 6, 1
1434, 10, 0, 28, 7, 1
1434, 10, 0, 28, 8, 1
1434, 10, 0, 28, 9, 1
1434, 10, 0, 28, 10, 1
1434, 10, 0, 28, 11, 1
1434, 10, 0, 28, 12, 1
1434, 10, 0, 29, 6, 1
1434, 10, 0, 29, 7, 1
1434, 10, 0, 29, 8, 1
1434, 10, 0, 29, 9, 1
1434, 10, 0, 29, 10, 1
1434, 10, 0, 29, 11, 1
1434, 10, 0, 29, 12, 1
1434, 10, 0, 30, 7, 1
1434, 10, 0, 30, 8, 1
1434, 10, 0, 30, 9, 1
1434, 10, 0, 30, 10, 1
1434, 10, 0, 30, 11, 1
1434, 10, 0, 31, 8, 1
1434, 10, 0, 31, 9, 1
1434, 10, 0, 31, 10, 1
1435, 10, 0, 0, 13, 1
1435, 10, 3, 17, 22, 1
1435, 10, 3, 18, 24, 1
1435, 10, 3, 19, 25, 1
1435, 10, 3, 21, 26, 1
1435, 10, 3, 22, 28, 1
1435, 10, 1, 26, 14, 1
1435, 10, 0, 26, 28, 1
1435, 10, 1, 27, 15, 1
1435, 10, 0, 27, 27, 1
1435, 10, 0, 28, 25, 1
1435, 10, 0, 29, 24, 1
1435, 10, 0, 30, 22, 1
1435, 10, 0, 31, 21, 1
1435, 10, 2, 33, 15, 1
1435, 10, 2, 34, 14, 1
1435, 10, 3, 34, 21, 1
1435, 10, 2, 35, 11, 1
1435, 10, 3, 35, 23, 1
1435, 10, 2, 36, 10, 1
1435, 10, 3, 36, 24, 1
1435, 10, 3, 37, 25, 1
1435, 10, 3, 38, 26, 1
1435, 10, 1, 42, 10, 1
1435, 10, 1, 43, 12, 1
1435, 10, 0, 43, 26, 1
1435, 10, 1, 44, 13, 1
1435, 10, 0, 44, 24, 1
1435, 10, 1, 45, 14, 1
1435, 10, 0, 45, 23, 1
1435, 10, 2, 45, 50, 1
1435, 10, 3, 45, 57, 1
1435, 10, 1, 46, 15, 1
1435, 10, 0, 46, 21, 1
1435, 10, 2, 46, 32, 1
1435, 10, 3, 46, 38, 1
1435, 10, 2, 47, 15, 1
1435, 10, 3, 47, 21, 1
1435, 10, 2, 47, 31, 1
1435, 10, 3, 47, 39, 1
1435, 10, 2, 47, 49, 1
1435, 10, 2, 48, 11, 1
1435, 10, 3, 48, 22, 1
1435, 10, 2, 48, 30, 1
1435, 10, 3, 48, 40, 1
1435, 10, 2, 48, 48, 1
1435, 10, 3, 49, 23, 1
1435, 10, 2, 49, 47, 1
1435, 10, 3, 49, 58, 1
1435, 10, 2, 50, 10, 1
1435, 10, 3, 50, 24, 1
1435, 10, 3, 51, 25, 1
1435, 10, 3, 51, 41, 1
1435, 10, 3, 52, 28, 1
1435, 10, 2, 52, 29, 1
1435, 10, 2, 54, 9, 1
1435, 10, 2, 55, 3, 1
1435, 10, 2, 56, 2, 1
1435, 10, 0, 58, 42, 1
1435, 10, 1, 58, 46, 1
1435, 10, 0, 58, 58, 1
1435, 10, 0, 59, 12, 1
1435, 10, 1, 59, 13, 1
1435, 10, 0, 59, 28, 1
1435, 10, 1, 59, 29, 1
1435, 10, 0, 59, 40, 1
1435, 10, 0, 59, 57, 1
1435, 10, 1, 60, 14, 1
1435, 10, 0, 60, 27, 1
1435, 10, 1, 60, 30, 1
1435, 10, 0, 60, 39, 1
1435, 10, 1, 60, 47, 1
1435, 10, 0, 60, 56, 1
1435, 10, 1, 61, 2, 1
1435, 10, 1, 62, 3, 1
1435, 10, 0, 62, 11, 1
1435, 10, 0, 62, 26, 1
1435, 10, 1, 63, 4, 1
1435, 10, 0, 63, 10, 1
1435, 10, 1, 63, 15, 1
1435, 10, 0, 63, 25, 1
1436, 10, 0, 1, 12, 0
1436, 10, 0, 2, 11, 0
1436, 10, 0, 3, 10, 0
1436, 10, 0, 4, 8, 0
1436, 10, 2, 17, 14, 0
1436, 10, 2, 18, 13, 0
1436, 10, 2, 19, 12, 0
1436, 10, 1, 25, 12, 0
1452, 7, 3, 1, 10, 0
1452, 7, 3, 4, 6, 0
1452, 4, 1, 24, 27, 0
1452, 7, 3, 30, 20, 0
1452, 4, 1, 41, 25, 0
1452, 7, 3, 42, 25, 0
1452, 4, 2, 44, 21, 0
1452, 4, 1, 48, 56, 0
1452, 4, 1, 52, 57, 0
1452, 4, 1, 54, 57, 0
1452, 4, 2, 56, 45, 0
1452, 4, 2, 59, 36, 0
1452, 4, 2, 59, 52, 0
1452, 4, 2, 62, 6, 0
1452, 4, 2, 62, 8, 0
1453, 4, 2, 28, 22, 0
1453, 4, 1, 32, 19, 0
1453, 4, 1, 40, 25, 0
1453, 4, 1, 53, 57, 0
1453, 4, 2, 56, 29, 0
1453, 4, 2, 56, 44, 0
1453, 4, 2, 57, 12, 0
1453, 4, 2, 57, 40, 0
1454, 7, 3, 2, 9, 0
1454, 7, 3, 3, 7, 0
1454, 7, 3, 25, 27, 0
1454, 7, 3, 26, 26, 0
1454, 7, 3, 27, 26, 0
1454, 4, 1, 31, 19, 0
1454, 4, 1, 47, 56, 0
1454, 4, 2, 56, 46, 0
1454, 7, 3, 57, 28, 0
1454, 7, 3, 58, 11, 0
1454, 4, 2, 59, 35, 0
1454, 4, 2, 59, 51, 0
1454, 7, 3, 61, 10, 0
1454, 4, 2, 62, 7, 0
1454, 7, 3, 2, 9, 1
1455, 7, 3, 0, 11, 0
1455, 7, 3, 28, 23, 0
1455, 7, 3, 43, 23, 0
1455, 7, 3, 45, 20, 0
1455, 7, 3, 46, 19, 0
1455, 4, 2, 56, 42, 0
1455, 7, 3, 59, 26, 0
1455, 4, 2, 59, 32, 0
1455, 4, 2, 59, 34, 0
1455, 4, 2, 59, 54, 0
1455, 7, 3, 62, 9, 0
1455, 4, 1, 63, 23, 0
1455, 7, 3, 1, 10, 1
1455, 7, 3, 4, 6, 1
1458, 7, 3, 3, 7, 1
1868, 10, 2, 9, 5, 0
1868, 10, 2, 14, 5, 0
1868, 10, 2, 19, 5, 0
1868, 10, 3, 25, 1, 0
1869, 10, 0, 9, 1, 0
1869, 10, 0, 14, 1, 0
1869, 10, 0, 19, 1, 0
1869, 10, 0, 9, 1, 1
1869, 10, 0, 14, 1, 1
1869, 10, 0, 19, 1, 1
1902, 1, 1, 5, 0, 1
1902, 9, 1, 5, 1, 1
1902, 0, 3, 5, 6, 1
1902, 9, 1, 6, 0, 1
1902, 0, 3, 6, 6, 1
1902, 0, 3, 7, 6, 1
1902, 0, 3, 8, 6, 1
1902, 0, 3, 9, 6, 1
1902, 0, 3, 10, 6, 1
1902, 0, 3, 11, 6, 1
1902, 0, 3, 12, 6, 1
1902, 0, 3, 13, 6, 1
1902, 0, 3, 14, 6, 1
1902, 0, 3, 15, 6, 1
1902, 0, 3, 16, 6, 1
1902, 0, 3, 17, 6, 1
1902, 0, 3, 18, 6, 1
1902, 0, 3, 19, 6, 1
1902, 0, 3, 20, 6, 1
1902, 0, 3, 21, 6, 1
1902, 0, 3, 22, 6, 1
1902, 0, 3, 23, 6, 1
1902, 0, 3, 24, 6, 1
1902, 0, 3, 25, 6, 1
1902, 0, 0, 26, 0, 1
1902, 0, 0, 26, 1, 1
1902, 0, 0, 26, 2, 1
1902, 0, 0, 26, 3, 1
1902, 0, 0, 26, 4, 1
1902, 0, 0, 26, 5, 1
1913, 0, 2, 8, 0, 2
1913, 0, 2, 8, 1, 2
1913, 1, 2, 8, 2, 2
1913, 0, 3, 9, 2, 2
1913, 2, 0, 10, 0, 2
1913, 0, 3, 10, 2, 2
1913, 0, 1, 11, 0, 2
1913, 0, 3, 11, 2, 2
1913, 0, 1, 12, 0, 2
1913, 0, 3, 12, 2, 2
1913, 2, 1, 13, 0, 2
1913, 0, 3, 13, 2, 2
1913, 0, 3, 14, 2, 2
1913, 2, 0, 15, 0, 2
1913, 0, 3, 15, 2, 2
1913, 0, 1, 16, 0, 2
1913, 0, 3, 16, 2, 2
1913, 0, 1, 17, 0, 2
1913, 0, 3, 17, 2, 2
1913, 2, 1, 18, 0, 2
1913, 0, 3, 18, 2, 2
1913, 0, 3, 19, 2, 2
1913, 0, 0, 20, 0, 2
1913, 0, 0, 20, 1, 2
1913, 1, 3, 20, 2, 2
1938, 4, 1, 7, 5, 1
1938, 4, 1, 11, 5, 1
1938, 4, 1, 15, 5, 1
1938, 4, 1, 19, 5, 1
1938, 4, 1, 23, 5, 1
1938, 4, 2, 25, 3, 1
1955, 1, 1, 5, 0, 0
1955, 9, 1, 5, 1, 0
1955, 0, 3, 5, 6, 0
1955, 9, 1, 6, 0, 0
1955, 0, 3, 6, 6, 0
1955, 0, 3, 7, 6, 0
1955, 0, 3, 8, 6, 0
1955, 9, 2, 9, 6, 0
1955, 1, 2, 9, 7, 0
1955, 9, 3, 10, 6, 0
1955, 1, 3, 10, 7, 0
1955, 0, 3, 11, 6, 0
1955, 0, 3, 12, 6, 0
1955, 0, 3, 13, 6, 0
1955, 9, 2, 14, 6, 0
1955, 1, 2, 14, 7, 0
1955, 9, 3, 15, 6, 0
1955, 1, 3, 15, 7, 0
1955, 0, 3, 16, 6, 0
1955, 0, 3, 17, 6, 0
1955, 0, 3, 18, 6, 0
1955, 9, 2, 19, 6, 0
1955, 1, 2, 19, 7, 0
1955, 9, 3, 20, 6, 0
1955, 1, 3, 20, 7, 0
1955, 0, 3, 21, 6, 0
1955, 0, 3, 22, 6, 0
1955, 0, 3, 23, 6, 0
1955, 0, 3, 24, 6, 0
1955, 0, 3, 25, 6, 0
1955, 0, 0, 26, 0, 0
1955, 9, 0, 26, 1, 0
1955, 9, 3, 26, 2, 0
1955, 0, 0, 26, 3, 0
1955, 0, 0, 26, 4, 0
1955, 0, 0, 26, 5, 0
1955, 1, 3, 26, 6, 0
1955, 1, 0, 27, 1, 0
1955, 1, 3, 27, 2, 0
2732, 10, 3, 54, 20, 0
2732, 10, 2, 56, 19, 0
2732, 10, 1, 56, 20, 0
2733, 22, 0, 50, 36, 0
2776, 22, 0, 54, 52, 0
2791, 10, 3, 49, 54, 0
6971, 10, 2, 49, 44, 0
7022, 22, 2, 50, 44, 0
7022, 22, 2, 51, 44, 0
7029, 10, 0, 51, 44, 0
7044, 10, 2, 52, 44, 0
7389, 22, 2, 52, 44, 0
