324, 22, 3, 2, 29, 0
324, 22, 3, 5, 31, 0
324, 22, 2, 7, 15, 0
324, 22, 3, 7, 17, 0
324, 22, 3, 9, 36, 0
324, 22, 0, 12, 11, 0
324, 22, 1, 14, 2, 0
324, 22, 0, 14, 10, 0
324, 22, 2, 15, 7, 0
324, 22, 3, 15, 41, 0
324, 22, 2, 19, 6, 0
324, 22, 2, 19, 17, 0
324, 22, 0, 20, 1, 0
324, 22, 3, 20, 14, 0
324, 22, 3, 21, 3, 0
324, 22, 0, 21, 10, 0
324, 22, 1, 21, 21, 0
324, 22, 3, 23, 15, 0
324, 22, 3, 25, 4, 0
324, 22, 0, 25, 25, 0
324, 22, 2, 26, 0, 0
324, 22, 2, 26, 16, 0
324, 22, 2, 26, 22, 0
324, 22, 1, 27, 14, 0
324, 22, 3, 27, 59, 0
324, 22, 2, 27, 62, 0
324, 22, 0, 29, 15, 0
324, 22, 0, 29, 23, 0
324, 22, 2, 30, 27, 0
324, 22, 0, 31, 12, 0
324, 22, 3, 31, 24, 0
324, 22, 0, 31, 55, 0
324, 22, 0, 32, 6, 0
324, 22, 3, 32, 11, 0
324, 22, 1, 33, 51, 0
324, 22, 0, 33, 58, 0
324, 22, 1, 33, 60, 0
324, 22, 3, 34, 29, 0
324, 22, 1, 36, 9, 0
324, 22, 0, 38, 7, 0
324, 22, 3, 38, 10, 0
324, 22, 2, 38, 15, 0
324, 22, 1, 39, 18, 0
324, 22, 3, 39, 63, 0
324, 22, 2, 41, 62, 0
324, 22, 1, 43, 55, 0
324, 22, 0, 44, 54, 0
324, 22, 3, 48, 51, 0
324, 22, 1, 50, 18, 0
324, 22, 0, 52, 44, 0
324, 22, 2, 54, 18, 0
324, 22, 3, 57, 2, 0
324, 22, 2, 57, 17, 0
324, 22, 1, 58, 60, 0
324, 22, 1, 59, 3, 0
324, 22, 0, 59, 52, 0
324, 22, 3, 60, 12, 0
324, 22, 2, 60, 37, 0
324, 22, 3, 60, 45, 0
324, 22, 2, 61, 7, 0
325, 22, 2, 1, 22, 0
325, 22, 0, 1, 27, 0
325, 22, 1, 1, 32, 0
325, 22, 3, 2, 23, 0
325, 22, 0, 2, 24, 0
325, 22, 1, 2, 27, 0
325, 22, 3, 2, 31, 0
325, 22, 0, 2, 37, 0
325, 22, 3, 3, 19, 0
325, 22, 2, 3, 28, 0
325, 22, 2, 3, 29, 0
325, 22, 2, 3, 30, 0
325, 22, 2, 4, 17, 0
325, 22, 1, 4, 21, 0
325, 22, 2, 4, 34, 0
325, 22, 1, 4, 36, 0
325, 22, 2, 5, 16, 0
325, 22, 0, 5, 20, 0
325, 22, 3, 5, 33, 0
325, 22, 2, 6, 35, 0
325, 22, 3, 6, 37, 0
325, 22, 3, 7, 18, 0
325, 22, 0, 7, 33, 0
325, 22, 3, 7, 34, 0
325, 22, 1, 7, 36, 0
325, 22, 2, 7, 38, 0
325, 22, 3, 8, 12, 0
325, 22, 3, 8, 13, 0
325, 22, 0, 8, 15, 0
325, 22, 0, 8, 16, 0
325, 22, 0, 8, 34, 0
325, 22, 1, 8, 38, 0
325, 22, 0, 8, 39, 0
325, 22, 2, 9, 11, 0
325, 22, 2, 9, 18, 0
325, 22, 2, 9, 39, 0
325, 22, 1, 9, 41, 0
325, 22, 2, 10, 10, 0
325, 22, 1, 10, 13, 0
325, 22, 1, 10, 17, 0
325, 22, 0, 10, 35, 0
325, 22, 1, 11, 1, 0
325, 22, 1, 11, 9, 0
325, 22, 1, 11, 37, 0
325, 22, 2, 11, 40, 0
325, 22, 2, 12, 1, 0
325, 22, 1, 12, 8, 0
325, 22, 2, 12, 14, 0
325, 22, 0, 12, 18, 0
325, 22, 3, 13, 0, 0
325, 22, 0, 13, 6, 0
325, 22, 0, 13, 7, 0
325, 22, 3, 13, 14, 0
325, 22, 2, 13, 15, 0
325, 22, 3, 13, 16, 0
325, 22, 3, 13, 36, 0
325, 22, 0, 13, 37, 0
325, 22, 3, 14, 5, 0
325, 22, 2, 14, 12, 0
325, 22, 0, 14, 39, 0
325, 22, 3, 15, 0, 0
325, 22, 0, 15, 1, 0
325, 22, 2, 15, 11, 0
325, 22, 2, 15, 12, 0
325, 22, 0, 15, 17, 0
325, 22, 1, 15, 38, 0
325, 22, 0, 16, 0, 0
325, 22, 2, 16, 4, 0
325, 22, 1, 16, 10, 0
325, 22, 0, 16, 19, 0
325, 22, 2, 16, 40, 0
325, 22, 0, 17, 1, 0
325, 22, 1, 17, 2, 0
325, 22, 3, 17, 6, 0
325, 22, 1, 17, 9, 0
325, 22, 1, 17, 10, 0
325, 22, 3, 17, 20, 0
325, 22, 2, 18, 4, 0
325, 22, 0, 18, 8, 0
325, 22, 1, 19, 0, 0
325, 22, 2, 19, 12, 0
325, 22, 1, 19, 13, 0
325, 22, 2, 19, 20, 0
325, 22, 1, 20, 4, 0
325, 22, 0, 20, 7, 0
325, 22, 0, 20, 11, 0
325, 22, 1, 20, 15, 0
325, 22, 2, 20, 19, 0
325, 22, 2, 21, 1, 0
325, 22, 3, 21, 14, 0
325, 22, 1, 21, 19, 0
325, 22, 0, 21, 62, 0
325, 22, 3, 22, 5, 0
325, 22, 0, 22, 11, 0
325, 22, 3, 22, 12, 0
325, 22, 3, 22, 14, 0
325, 22, 0, 22, 18, 0
325, 22, 0, 22, 20, 0
325, 22, 3, 22, 21, 0
325, 22, 3, 22, 22, 0
325, 22, 1, 22, 23, 0
325, 22, 1, 23, 1, 0
325, 22, 1, 23, 8, 0
325, 22, 3, 23, 19, 0
325, 22, 0, 24, 1, 0
325, 22, 3, 24, 6, 0
325, 22, 2, 24, 7, 0
325, 22, 1, 24, 12, 0
325, 22, 2, 24, 20, 0
325, 22, 1, 24, 22, 0
325, 22, 3, 24, 62, 0
325, 22, 0, 25, 2, 0
325, 22, 3, 25, 3, 0
325, 22, 2, 25, 13, 0
325, 22, 3, 25, 16, 0
325, 22, 3, 25, 23, 0
325, 22, 0, 25, 58, 0
325, 22, 2, 25, 61, 0
325, 22, 3, 26, 2, 0
325, 22, 2, 26, 25, 0
325, 22, 0, 26, 52, 0
325, 22, 0, 26, 53, 0
325, 22, 0, 26, 54, 0
325, 22, 0, 26, 56, 0
325, 22, 1, 26, 59, 0
325, 22, 1, 26, 60, 0
325, 22, 2, 27, 1, 0
325, 22, 2, 27, 2, 0
325, 22, 1, 27, 4, 0
325, 22, 3, 27, 9, 0
325, 22, 0, 27, 10, 0
325, 22, 1, 27, 18, 0
325, 22, 0, 27, 22, 0
325, 22, 2, 27, 24, 0
325, 22, 0, 27, 28, 0
325, 22, 1, 27, 47, 0
325, 22, 2, 27, 49, 0
325, 22, 1, 27, 51, 0
325, 22, 3, 27, 55, 0
325, 22, 1, 28, 1, 0
325, 22, 2, 28, 11, 0
325, 22, 1, 28, 17, 0
325, 22, 2, 28, 21, 0
325, 22, 3, 28, 22, 0
325, 22, 2, 28, 25, 0
325, 22, 3, 28, 26, 0
325, 22, 3, 28, 49, 0
325, 22, 2, 28, 57, 0
325, 22, 3, 28, 60, 0
325, 22, 1, 29, 1, 0
325, 22, 1, 29, 4, 0
325, 22, 2, 29, 7, 0
325, 22, 1, 29, 21, 0
325, 22, 0, 29, 51, 0
325, 22, 2, 29, 58, 0
325, 22, 2, 29, 62, 0
325, 22, 3, 30, 7, 0
325, 22, 1, 30, 10, 0
325, 22, 3, 30, 14, 0
325, 22, 3, 30, 17, 0
325, 22, 0, 30, 49, 0
325, 22, 1, 30, 50, 0
325, 22, 0, 30, 52, 0
325, 22, 1, 30, 53, 0
325, 22, 3, 30, 59, 0
325, 22, 0, 31, 8, 0
325, 22, 1, 31, 9, 0
325, 22, 3, 31, 17, 0
325, 22, 3, 31, 21, 0
325, 22, 0, 31, 26, 0
325, 22, 2, 31, 29, 0
325, 22, 2, 31, 53, 0
325, 22, 0, 31, 58, 0
325, 22, 1, 31, 59, 0
325, 22, 2, 31, 60, 0
325, 22, 3, 32, 3, 0
325, 22, 2, 32, 14, 0
325, 22, 0, 32, 18, 0
325, 22, 2, 32, 20, 0
325, 22, 3, 32, 26, 0
325, 22, 1, 32, 50, 0
325, 22, 2, 32, 53, 0
325, 22, 0, 33, 2, 0
325, 22, 3, 33, 9, 0
325, 22, 2, 33, 13, 0
325, 22, 0, 33, 24, 0
325, 22, 1, 33, 27, 0
325, 22, 2, 33, 62, 0
325, 22, 3, 34, 1, 0
325, 22, 1, 34, 7, 0
325, 22, 0, 34, 17, 0
325, 22, 2, 34, 21, 0
325, 22, 0, 34, 26, 0
325, 22, 2, 34, 50, 0
325, 22, 1, 34, 51, 0
325, 22, 0, 34, 54, 0
325, 22, 3, 34, 55, 0
325, 22, 2, 34, 56, 0
325, 22, 0, 34, 62, 0
325, 22, 2, 35, 0, 0
325, 22, 1, 35, 8, 0
325, 22, 0, 35, 17, 0
325, 22, 1, 35, 22, 0
325, 22, 3, 35, 28, 0
325, 22, 3, 35, 29, 0
325, 22, 0, 35, 53, 0
325, 22, 0, 35, 59, 0
325, 22, 1, 36, 0, 0
325, 22, 0, 36, 12, 0
325, 22, 1, 36, 23, 0
325, 22, 2, 36, 24, 0
325, 22, 3, 36, 25, 0
325, 22, 1, 36, 58, 0
325, 22, 3, 37, 13, 0
325, 22, 1, 37, 18, 0
325, 22, 1, 37, 21, 0
325, 22, 2, 37, 23, 0
325, 22, 0, 37, 24, 0
325, 22, 2, 37, 28, 0
325, 22, 0, 37, 52, 0
325, 22, 2, 37, 58, 0
325, 22, 2, 38, 20, 0
325, 22, 0, 38, 23, 0
325, 22, 1, 38, 28, 0
325, 22, 3, 38, 50, 0
325, 22, 2, 38, 56, 0
325, 22, 2, 38, 58, 0
325, 22, 2, 38, 59, 0
325, 22, 2, 39, 10, 0
325, 22, 3, 39, 21, 0
325, 22, 1, 39, 23, 0
325, 22, 1, 39, 51, 0
325, 22, 1, 39, 55, 0
325, 22, 3, 39, 60, 0
325, 22, 0, 40, 8, 0
325, 22, 2, 40, 9, 0
325, 22, 3, 40, 15, 0
325, 22, 0, 40, 16, 0
325, 22, 0, 40, 28, 0
325, 22, 1, 40, 51, 0
325, 22, 3, 41, 5, 0
325, 22, 2, 41, 25, 0
325, 22, 3, 41, 27, 0
325, 22, 0, 41, 49, 0
325, 22, 2, 41, 52, 0
325, 22, 0, 41, 60, 0
325, 22, 0, 42, 0, 0
325, 22, 1, 42, 3, 0
325, 22, 1, 42, 4, 0
325, 22, 0, 42, 5, 0
325, 22, 2, 42, 14, 0
325, 22, 0, 42, 18, 0
325, 22, 2, 42, 51, 0
325, 22, 0, 42, 55, 0
325, 22, 0, 42, 56, 0
325, 22, 0, 43, 13, 0
325, 22, 1, 43, 19, 0
325, 22, 1, 43, 22, 0
325, 22, 2, 43, 23, 0
325, 22, 1, 43, 25, 0
325, 22, 0, 43, 48, 0
325, 22, 2, 43, 52, 0
325, 22, 3, 43, 53, 0
325, 22, 3, 43, 57, 0
325, 22, 0, 43, 61, 0
325, 22, 1, 43, 62, 0
325, 22, 2, 43, 63, 0
325, 22, 2, 44, 7, 0
325, 22, 1, 44, 25, 0
325, 22, 3, 44, 59, 0
325, 22, 3, 45, 0, 0
325, 22, 1, 45, 7, 0
325, 22, 2, 45, 18, 0
325, 22, 0, 45, 25, 0
325, 22, 2, 45, 56, 0
325, 22, 3, 45, 59, 0
325, 22, 0, 45, 61, 0
325, 22, 3, 46, 1, 0
325, 22, 0, 46, 5, 0
325, 22, 3, 46, 24, 0
325, 22, 1, 46, 47, 0
325, 22, 0, 46, 50, 0
325, 22, 0, 46, 51, 0
325, 22, 1, 46, 52, 0
325, 22, 1, 46, 53, 0
325, 22, 3, 47, 3, 0
325, 22, 1, 47, 7, 0
325, 22, 0, 47, 11, 0
325, 22, 3, 47, 12, 0
325, 22, 2, 47, 16, 0
325, 22, 1, 47, 19, 0
325, 22, 3, 47, 46, 0
325, 22, 2, 47, 47, 0
325, 22, 2, 47, 54, 0
325, 22, 1, 47, 58, 0
325, 22, 2, 48, 1, 0
325, 22, 3, 48, 2, 0
325, 22, 1, 48, 4, 0
325, 22, 3, 48, 13, 0
325, 22, 0, 48, 21, 0
325, 22, 0, 49, 14, 0
325, 22, 3, 49, 22, 0
325, 22, 3, 49, 46, 0
325, 22, 3, 49, 47, 0
325, 22, 3, 49, 52, 0
325, 22, 1, 49, 60, 0
325, 22, 2, 49, 62, 0
325, 22, 2, 50, 1, 0
325, 22, 3, 50, 7, 0
325, 22, 2, 50, 11, 0
325, 22, 1, 50, 15, 0
325, 22, 3, 50, 45, 0
325, 22, 0, 50, 48, 0
325, 22, 0, 50, 50, 0
325, 22, 0, 50, 59, 0
325, 22, 0, 50, 60, 0
325, 22, 3, 50, 61, 0
325, 22, 0, 51, 8, 0
325, 22, 3, 51, 9, 0
325, 22, 2, 51, 16, 0
325, 22, 1, 51, 48, 0
325, 22, 0, 51, 51, 0
325, 22, 1, 51, 52, 0
325, 22, 1, 51, 53, 0
325, 22, 3, 51, 61, 0
325, 22, 0, 52, 6, 0
325, 22, 3, 52, 9, 0
325, 22, 1, 52, 18, 0
325, 22, 1, 52, 19, 0
325, 22, 2, 52, 47, 0
325, 22, 2, 52, 48, 0
325, 22, 1, 52, 54, 0
325, 22, 3, 52, 62, 0
325, 22, 1, 53, 11, 0
325, 22, 3, 53, 14, 0
325, 22, 3, 53, 56, 0
325, 22, 2, 53, 59, 0
325, 22, 3, 53, 61, 0
325, 22, 0, 53, 62, 0
325, 22, 3, 54, 1, 0
325, 22, 1, 54, 4, 0
325, 22, 1, 54, 7, 0
325, 22, 0, 54, 10, 0
325, 22, 0, 54, 20, 0
325, 22, 3, 54, 42, 0
325, 22, 1, 54, 57, 0
325, 22, 2, 55, 6, 0
325, 22, 0, 55, 40, 0
325, 22, 1, 55, 48, 0
325, 22, 0, 55, 56, 0
325, 22, 3, 55, 57, 0
325, 22, 0, 55, 61, 0
325, 22, 3, 56, 42, 0
325, 22, 0, 56, 44, 0
325, 22, 1, 56, 49, 0
325, 22, 1, 56, 55, 0
325, 22, 3, 56, 62, 0
325, 22, 3, 57, 7, 0
325, 22, 0, 57, 13, 0
325, 22, 3, 57, 39, 0
325, 22, 2, 57, 42, 0
325, 22, 1, 57, 45, 0
325, 22, 2, 57, 46, 0
325, 22, 0, 57, 52, 0
325, 22, 0, 58, 1, 0
325, 22, 1, 58, 13, 0
325, 22, 2, 58, 36, 0
325, 22, 1, 58, 37, 0
325, 22, 2, 58, 43, 0
325, 22, 2, 58, 47, 0
325, 22, 1, 58, 52, 0
325, 22, 2, 58, 53, 0
325, 22, 3, 58, 57, 0
325, 22, 3, 59, 8, 0
325, 22, 2, 59, 20, 0
325, 22, 3, 59, 47, 0
325, 22, 1, 59, 49, 0
325, 22, 3, 59, 55, 0
325, 22, 3, 59, 58, 0
325, 22, 1, 59, 62, 0
325, 22, 1, 60, 1, 0
325, 22, 0, 60, 4, 0
325, 22, 0, 60, 9, 0
325, 22, 1, 60, 14, 0
325, 22, 2, 60, 15, 0
325, 22, 1, 60, 41, 0
325, 22, 3, 60, 46, 0
325, 22, 0, 60, 49, 0
325, 22, 3, 61, 2, 0
325, 22, 1, 61, 10, 0
325, 22, 1, 61, 11, 0
325, 22, 3, 61, 15, 0
325, 22, 1, 61, 21, 0
325, 22, 2, 61, 34, 0
325, 22, 0, 61, 38, 0
325, 22, 1, 61, 43, 0
325, 22, 0, 61, 46, 0
325, 22, 2, 61, 50, 0
325, 22, 0, 61, 51, 0
325, 22, 1, 61, 54, 0
325, 22, 0, 61, 55, 0
325, 22, 3, 62, 16, 0
325, 22, 0, 62, 20, 0
325, 22, 3, 62, 33, 0
325, 22, 0, 62, 39, 0
325, 22, 0, 62, 45, 0
325, 22, 1, 62, 51, 0
325, 22, 0, 62, 57, 0
325, 22, 3, 62, 59, 0
325, 22, 1, 62, 62, 0
325, 22, 2, 63, 12, 0
326, 22, 1, 2, 20, 0
326, 22, 0, 3, 32, 0
326, 22, 2, 12, 16, 0
326, 22, 3, 13, 38, 0
326, 22, 3, 15, 14, 0
326, 22, 0, 16, 8, 0
326, 22, 2, 23, 3, 0
326, 22, 3, 23, 7, 0
326, 22, 2, 24, 14, 0
326, 22, 2, 24, 18, 0
326, 22, 3, 25, 19, 0
326, 22, 1, 30, 61, 0
326, 22, 1, 35, 24, 0
326, 22, 1, 36, 19, 0
326, 22, 3, 40, 53, 0
326, 22, 0, 41, 58, 0
326, 22, 2, 42, 7, 0
326, 22, 1, 42, 11, 0
326, 22, 3, 43, 2, 0
326, 22, 2, 43, 26, 0
326, 22, 1, 44, 50, 0
326, 22, 1, 45, 14, 0
326, 22, 3, 45, 20, 0
326, 22, 1, 46, 61, 0
326, 22, 0, 47, 59, 0
326, 22, 0, 48, 48, 0
326, 22, 2, 51, 60, 0
326, 22, 0, 54, 46, 0
326, 22, 1, 56, 14, 0
326, 22, 3, 56, 58, 0
326, 22, 2, 57, 59, 0
326, 22, 3, 58, 8, 0
326, 22, 3, 58, 10, 0
326, 22, 2, 58, 15, 0
326, 22, 3, 61, 18, 0
326, 22, 0, 61, 49, 0
326, 22, 1, 61, 60, 0
326, 22, 1, 63, 3, 0
335, 22, 3, 6, 24, 0
335, 22, 3, 8, 27, 0
335, 22, 2, 9, 22, 0
335, 22, 3, 9, 24, 0
335, 22, 2, 12, 30, 0
335, 22, 1, 13, 24, 0
335, 22, 0, 15, 32, 0
335, 22, 1, 19, 36, 0
335, 22, 0, 22, 28, 0
335, 22, 2, 22, 31, 0
335, 22, 0, 22, 41, 0
335, 22, 3, 25, 34, 0
335, 22, 3, 26, 42, 0
335, 22, 1, 30, 35, 0
335, 22, 0, 31, 44, 0
335, 22, 1, 33, 46, 0
335, 22, 2, 34, 41, 0
335, 22, 2, 39, 46, 0
335, 22, 0, 40, 41, 0
335, 22, 0, 41, 35, 0
335, 22, 3, 42, 37, 0
335, 22, 3, 45, 44, 0
335, 22, 3, 46, 33, 0
335, 22, 0, 49, 41, 0
335, 22, 1, 50, 38, 0
335, 22, 2, 51, 27, 0
335, 22, 1, 54, 25, 0
335, 22, 0, 59, 27, 0
335, 22, 3, 59, 30, 0
336, 22, 0, 5, 25, 0
336, 22, 0, 6, 22, 0
336, 22, 2, 6, 28, 0
336, 22, 1, 7, 23, 0
336, 22, 0, 8, 20, 0
336, 22, 1, 8, 21, 0
336, 22, 1, 8, 22, 0
336, 22, 2, 8, 24, 0
336, 22, 0, 8, 29, 0
336, 22, 3, 9, 26, 0
336, 22, 0, 9, 27, 0
336, 22, 1, 9, 30, 0
336, 22, 0, 10, 20, 0
336, 22, 1, 10, 26, 0
336, 22, 1, 10, 27, 0
336, 22, 0, 11, 22, 0
336, 22, 1, 11, 25, 0
336, 22, 3, 11, 31, 0
336, 22, 0, 11, 32, 0
336, 22, 2, 12, 20, 0
336, 22, 3, 12, 21, 0
336, 22, 2, 12, 23, 0
336, 22, 0, 12, 26, 0
336, 22, 2, 12, 27, 0
336, 22, 3, 13, 29, 0
336, 22, 2, 13, 31, 0
336, 22, 3, 13, 34, 0
336, 22, 2, 14, 23, 0
336, 22, 0, 14, 27, 0
336, 22, 0, 15, 25, 0
336, 22, 1, 15, 34, 0
336, 22, 2, 16, 28, 0
336, 22, 0, 16, 30, 0
336, 22, 1, 16, 32, 0
336, 22, 2, 16, 34, 0
336, 22, 3, 16, 35, 0
336, 22, 2, 16, 36, 0
336, 22, 0, 17, 27, 0
336, 22, 1, 17, 33, 0
336, 22, 3, 17, 36, 0
336, 22, 3, 18, 29, 0
336, 22, 1, 18, 33, 0
336, 22, 0, 18, 38, 0
336, 22, 1, 19, 28, 0
336, 22, 3, 19, 30, 0
336, 22, 0, 19, 34, 0
336, 22, 1, 20, 27, 0
336, 22, 2, 20, 31, 0
336, 22, 1, 20, 33, 0
336, 22, 2, 20, 34, 0
336, 22, 1, 20, 38, 0
336, 22, 3, 21, 26, 0
336, 22, 0, 21, 33, 0
336, 22, 3, 21, 36, 0
336, 22, 1, 21, 39, 0
336, 22, 0, 22, 35, 0
336, 22, 2, 22, 37, 0
336, 22, 1, 22, 40, 0
336, 22, 3, 23, 28, 0
336, 22, 3, 23, 29, 0
336, 22, 0, 23, 30, 0
336, 22, 1, 23, 32, 0
336, 22, 1, 23, 34, 0
336, 22, 2, 23, 36, 0
336, 22, 2, 24, 28, 0
336, 22, 0, 24, 33, 0
336, 22, 3, 24, 39, 0
336, 22, 0, 24, 40, 0
336, 22, 3, 24, 42, 0
336, 22, 2, 25, 29, 0
336, 22, 1, 25, 37, 0
336, 22, 2, 25, 38, 0
336, 22, 3, 25, 39, 0
336, 22, 0, 25, 41, 0
336, 22, 3, 25, 43, 0
336, 22, 1, 26, 31, 0
336, 22, 0, 26, 35, 0
336, 22, 2, 26, 37, 0
336, 22, 2, 26, 40, 0
336, 22, 2, 27, 31, 0
336, 22, 3, 27, 32, 0
336, 22, 3, 27, 34, 0
336, 22, 2, 27, 45, 0
336, 22, 0, 28, 32, 0
336, 22, 3, 28, 39, 0
336, 22, 3, 28, 40, 0
336, 22, 0, 28, 42, 0
336, 22, 3, 28, 45, 0
336, 22, 0, 29, 33, 0
336, 22, 0, 29, 34, 0
336, 22, 1, 29, 38, 0
336, 22, 1, 29, 43, 0
336, 22, 2, 29, 44, 0
336, 22, 2, 29, 45, 0
336, 22, 3, 30, 34, 0
336, 22, 1, 30, 37, 0
336, 22, 3, 30, 41, 0
336, 22, 1, 30, 46, 0
336, 22, 2, 31, 33, 0
336, 22, 3, 31, 35, 0
336, 22, 2, 31, 36, 0
336, 22, 2, 31, 37, 0
336, 22, 2, 31, 40, 0
336, 22, 2, 32, 33, 0
336, 22, 1, 32, 40, 0
336, 22, 3, 32, 42, 0
336, 22, 2, 32, 43, 0
336, 22, 0, 32, 44, 0
336, 22, 1, 32, 45, 0
336, 22, 1, 33, 32, 0
336, 22, 3, 33, 34, 0
336, 22, 0, 33, 38, 0
336, 22, 3, 33, 41, 0
336, 22, 3, 33, 44, 0
336, 22, 0, 34, 33, 0
336, 22, 3, 34, 35, 0
336, 22, 3, 34, 37, 0
336, 22, 1, 34, 40, 0
336, 22, 0, 34, 43, 0
336, 22, 3, 34, 46, 0
336, 22, 2, 35, 34, 0
336, 22, 2, 35, 35, 0
336, 22, 1, 35, 38, 0
336, 22, 3, 35, 42, 0
336, 22, 0, 35, 45, 0
336, 22, 2, 35, 47, 0
336, 22, 2, 36, 37, 0
336, 22, 2, 36, 38, 0
336, 22, 2, 36, 40, 0
336, 22, 1, 36, 44, 0
336, 22, 1, 37, 33, 0
336, 22, 3, 37, 36, 0
336, 22, 1, 37, 39, 0
336, 22, 2, 37, 42, 0
336, 22, 2, 37, 47, 0
336, 22, 0, 38, 33, 0
336, 22, 3, 38, 36, 0
336, 22, 0, 38, 37, 0
336, 22, 1, 38, 38, 0
336, 22, 0, 38, 44, 0
336, 22, 0, 38, 45, 0
336, 22, 2, 39, 34, 0
336, 22, 0, 39, 37, 0
336, 22, 3, 39, 39, 0
336, 22, 2, 39, 41, 0
336, 22, 1, 39, 43, 0
336, 22, 1, 39, 44, 0
336, 22, 0, 39, 48, 0
336, 22, 2, 40, 32, 0
336, 22, 1, 40, 34, 0
336, 22, 1, 40, 35, 0
336, 22, 0, 40, 36, 0
336, 22, 0, 40, 46, 0
336, 22, 3, 41, 31, 0
336, 22, 1, 41, 39, 0
336, 22, 2, 41, 44, 0
336, 22, 3, 42, 32, 0
336, 22, 2, 42, 33, 0
336, 22, 2, 42, 38, 0
336, 22, 0, 42, 40, 0
336, 22, 3, 42, 42, 0
336, 22, 2, 42, 45, 0
336, 22, 1, 43, 35, 0
336, 22, 0, 43, 38, 0
336, 22, 3, 43, 39, 0
336, 22, 1, 43, 44, 0
336, 22, 3, 44, 30, 0
336, 22, 3, 44, 32, 0
336, 22, 2, 44, 36, 0
336, 22, 0, 44, 40, 0
336, 22, 1, 44, 41, 0
336, 22, 1, 45, 32, 0
336, 22, 1, 45, 34, 0
336, 22, 3, 45, 37, 0
336, 22, 2, 46, 29, 0
336, 22, 1, 46, 30, 0
336, 22, 0, 46, 36, 0
336, 22, 1, 47, 27, 0
336, 22, 2, 47, 33, 0
336, 22, 3, 47, 41, 0
336, 22, 0, 48, 26, 0
336, 22, 2, 48, 31, 0
336, 22, 3, 48, 34, 0
336, 22, 0, 48, 36, 0
336, 22, 2, 49, 28, 0
336, 22, 3, 49, 31, 0
336, 22, 1, 49, 38, 0
336, 22, 3, 50, 25, 0
336, 22, 0, 50, 26, 0
336, 22, 0, 50, 32, 0
336, 22, 1, 50, 33, 0
336, 22, 1, 50, 40, 0
336, 22, 2, 50, 41, 0
336, 22, 2, 51, 31, 0
336, 22, 1, 51, 34, 0
336, 22, 1, 51, 35, 0
336, 22, 0, 51, 40, 0
336, 22, 3, 52, 24, 0
336, 22, 1, 52, 25, 0
336, 22, 3, 52, 27, 0
336, 22, 2, 52, 28, 0
336, 22, 1, 52, 29, 0
336, 22, 3, 52, 31, 0
336, 22, 1, 52, 32, 0
336, 22, 3, 52, 37, 0
336, 22, 2, 53, 26, 0
336, 22, 1, 53, 31, 0
336, 22, 2, 53, 35, 0
336, 22, 2, 53, 36, 0
336, 22, 1, 54, 24, 0
336, 22, 3, 54, 27, 0
336, 22, 2, 54, 30, 0
336, 22, 0, 54, 32, 0
336, 22, 2, 55, 23, 0
336, 22, 0, 55, 26, 0
336, 22, 0, 55, 28, 0
336, 22, 0, 55, 29, 0
336, 22, 2, 55, 31, 0
336, 22, 2, 55, 34, 0
336, 22, 1, 55, 35, 0
336, 22, 1, 55, 36, 0
336, 22, 1, 56, 23, 0
336, 22, 1, 56, 25, 0
336, 22, 1, 56, 27, 0
336, 22, 1, 56, 29, 0
336, 22, 1, 56, 32, 0
336, 22, 2, 56, 34, 0
336, 22, 1, 57, 23, 0
336, 22, 0, 57, 26, 0
336, 22, 2, 57, 28, 0
336, 22, 3, 57, 31, 0
336, 22, 3, 57, 32, 0
336, 22, 3, 58, 28, 0
336, 22, 3, 58, 33, 0
336, 22, 2, 58, 34, 0
336, 22, 0, 59, 23, 0
336, 22, 2, 59, 29, 0
336, 22, 3, 60, 26, 0
336, 22, 2, 60, 28, 0
336, 22, 3, 61, 27, 0
337, 22, 1, 5, 26, 0
337, 22, 2, 7, 26, 0
337, 22, 3, 10, 29, 0
337, 22, 3, 11, 24, 0
337, 22, 2, 13, 33, 0
337, 22, 0, 14, 21, 0
337, 22, 1, 15, 23, 0
337, 22, 1, 15, 26, 0
337, 22, 2, 17, 25, 0
337, 22, 0, 18, 31, 0
337, 22, 1, 18, 35, 0
337, 22, 3, 19, 26, 0
337, 22, 0, 22, 30, 0
337, 22, 3, 23, 38, 0
337, 22, 0, 25, 31, 0
337, 22, 0, 27, 39, 0
337, 22, 1, 27, 43, 0
337, 22, 3, 29, 36, 0
337, 22, 2, 31, 32, 0
337, 22, 1, 32, 38, 0
337, 22, 0, 35, 39, 0
337, 22, 0, 36, 36, 0
337, 22, 1, 36, 45, 0
337, 22, 2, 38, 40, 0
337, 22, 3, 41, 41, 0
337, 22, 3, 43, 31, 0
337, 22, 0, 46, 39, 0
337, 22, 3, 46, 42, 0
337, 22, 3, 48, 29, 0
337, 22, 2, 50, 30, 0
337, 22, 1, 51, 30, 0
337, 22, 2, 56, 33, 0
337, 22, 3, 57, 24, 0
1164, 10, 2, 10, 6, 0
1164, 10, 0, 12, 47, 0
1167, 10, 3, 10, 3, 0
1167, 10, 1, 13, 46, 0
1168, 10, 0, 11, 4, 0
1168, 10, 2, 13, 47, 0
1248, 22, 3, 0, 49, 0
1248, 22, 1, 1, 2, 0
1248, 22, 2, 1, 4, 0
1248, 22, 3, 1, 7, 0
1248, 22, 2, 1, 47, 0
1248, 22, 1, 1, 51, 0
1248, 22, 0, 1, 53, 0
1248, 22, 2, 2, 44, 0
1248, 22, 3, 3, 7, 0
1248, 22, 1, 3, 11, 0
1248, 22, 1, 3, 42, 0
1248, 22, 2, 4, 2, 0
1248, 22, 0, 4, 6, 0
1248, 22, 0, 4, 11, 0
1248, 22, 3, 5, 10, 0
1248, 22, 2, 6, 50, 0
1248, 22, 3, 7, 1, 0
1248, 22, 2, 7, 3, 0
1248, 22, 2, 7, 8, 0
1248, 22, 3, 7, 52, 0
1248, 22, 2, 8, 45, 0
1248, 22, 0, 9, 4, 0
1248, 22, 1, 9, 5, 0
1248, 22, 0, 9, 53, 0
1248, 22, 0, 11, 43, 0
1248, 22, 1, 17, 44, 0
1248, 22, 0, 17, 50, 0
1248, 22, 1, 19, 46, 0
1248, 22, 1, 19, 52, 0
1248, 22, 0, 20, 47, 0
1248, 22, 2, 20, 56, 0
1248, 22, 3, 21, 48, 0
1248, 22, 0, 21, 58, 0
1248, 22, 2, 23, 50, 0
1248, 22, 1, 23, 54, 0
1248, 22, 0, 23, 59, 0
1249, 22, 2, 0, 2, 0
1249, 22, 0, 0, 50, 0
1249, 22, 3, 1, 3, 0
1249, 22, 1, 2, 1, 0
1249, 22, 0, 2, 7, 0
1249, 22, 2, 2, 46, 0
1249, 22, 3, 4, 5, 0
1249, 22, 1, 4, 7, 0
1249, 22, 1, 4, 42, 0
1249, 22, 2, 9, 50, 0
1249, 22, 1, 11, 44, 0
1249, 22, 3, 12, 51, 0
1249, 22, 1, 14, 54, 0
1249, 22, 0, 17, 55, 0
1249, 22, 2, 21, 56, 0
1250, 22, 1, 0, 5, 0
1250, 22, 0, 0, 6, 0
1250, 22, 1, 0, 9, 0
1250, 22, 3, 0, 10, 0
1250, 22, 2, 1, 5, 0
1250, 22, 3, 1, 6, 0
1250, 22, 1, 1, 8, 0
1250, 22, 3, 1, 11, 0
1250, 22, 1, 1, 13, 0
1250, 22, 2, 1, 39, 0
1250, 22, 1, 1, 44, 0
1250, 22, 2, 1, 45, 0
1250, 22, 3, 1, 50, 0
1250, 22, 2, 2, 3, 0
1250, 22, 1, 2, 4, 0
1250, 22, 1, 2, 9, 0
1250, 22, 0, 2, 12, 0
1250, 22, 2, 2, 14, 0
1250, 22, 3, 2, 40, 0
1250, 22, 0, 2, 42, 0
1250, 22, 3, 3, 2, 0
1250, 22, 3, 3, 14, 0
1250, 22, 1, 3, 39, 0
1250, 22, 3, 4, 1, 0
1250, 22, 1, 4, 3, 0
1250, 22, 0, 4, 12, 0
1250, 22, 2, 4, 44, 0
1250, 22, 2, 4, 49, 0
1250, 22, 3, 5, 3, 0
1250, 22, 2, 5, 5, 0
1250, 22, 2, 5, 6, 0
1250, 22, 1, 5, 7, 0
1250, 22, 3, 5, 9, 0
1250, 22, 0, 5, 40, 0
1250, 22, 3, 5, 43, 0
1250, 22, 3, 5, 48, 0
1250, 22, 1, 5, 51, 0
1250, 22, 1, 6, 1, 0
1250, 22, 2, 6, 3, 0
1250, 22, 3, 6, 6, 0
1250, 22, 1, 6, 8, 0
1250, 22, 1, 6, 10, 0
1250, 22, 1, 6, 45, 0
1250, 22, 0, 6, 47, 0
1250, 22, 3, 6, 53, 0
1250, 22, 0, 7, 2, 0
1250, 22, 0, 7, 7, 0
1250, 22, 1, 7, 49, 0
1250, 22, 2, 7, 54, 0
1250, 22, 1, 8, 4, 0
1250, 22, 0, 8, 6, 0
1250, 22, 1, 8, 46, 0
1250, 22, 1, 8, 56, 0
1250, 22, 3, 9, 3, 0
1250, 22, 2, 9, 47, 0
1250, 22, 0, 9, 48, 0
1250, 22, 2, 9, 51, 0
1250, 22, 0, 9, 57, 0
1250, 22, 3, 10, 55, 0
1250, 22, 3, 10, 58, 0
1250, 22, 0, 11, 46, 0
1250, 22, 3, 11, 47, 0
1250, 22, 2, 11, 56, 0
1250, 22, 3, 12, 46, 0
1250, 22, 0, 12, 49, 0
1250, 22, 1, 12, 55, 0
1250, 22, 2, 13, 45, 0
1250, 22, 3, 13, 48, 0
1250, 22, 1, 13, 49, 0
1250, 22, 2, 13, 54, 0
1250, 22, 0, 13, 55, 0
1250, 22, 0, 13, 57, 0
1250, 22, 1, 14, 46, 0
1250, 22, 2, 14, 47, 0
1250, 22, 2, 14, 48, 0
1250, 22, 2, 14, 49, 0
1250, 22, 0, 14, 56, 0
1250, 22, 3, 14, 57, 0
1250, 22, 1, 15, 15, 0
1250, 22, 0, 15, 44, 0
1250, 22, 0, 15, 47, 0
1250, 22, 0, 15, 51, 0
1250, 22, 0, 15, 54, 0
1250, 22, 2, 15, 57, 0
1250, 22, 0, 16, 13, 0
1250, 22, 1, 16, 45, 0
1250, 22, 2, 16, 47, 0
1250, 22, 0, 16, 49, 0
1250, 22, 3, 16, 53, 0
1250, 22, 1, 16, 58, 0
1250, 22, 2, 17, 14, 0
1250, 22, 1, 17, 49, 0
1250, 22, 2, 17, 56, 0
1250, 22, 1, 17, 58, 0
1250, 22, 3, 18, 11, 0
1250, 22, 0, 18, 16, 0
1250, 22, 1, 18, 45, 0
1250, 22, 1, 18, 46, 0
1250, 22, 3, 19, 57, 0
1250, 22, 3, 19, 58, 0
1250, 22, 3, 20, 44, 0
1250, 22, 2, 20, 49, 0
1250, 22, 2, 20, 51, 0
1250, 22, 2, 21, 45, 0
1250, 22, 3, 21, 51, 0
1250, 22, 3, 21, 53, 0
1250, 22, 3, 21, 54, 0
1250, 22, 2, 21, 57, 0
1250, 22, 1, 22, 47, 0
1250, 22, 0, 22, 51, 0
1250, 22, 2, 22, 52, 0
1250, 22, 2, 22, 57, 0
1250, 22, 0, 23, 49, 0
1250, 22, 2, 24, 9, 0
1250, 22, 0, 25, 50, 0
1250, 22, 1, 27, 7, 0
1250, 22, 0, 28, 6, 0
1250, 22, 2, 29, 19, 0
1250, 22, 3, 31, 4, 0
1250, 22, 3, 34, 15, 0
1250, 22, 2, 35, 3, 0
1250, 22, 1, 36, 10, 0
1250, 22, 1, 37, 4, 0
1250, 22, 0, 38, 2, 0
1250, 22, 1, 38, 5, 0
1250, 22, 1, 39, 24, 0
1250, 22, 3, 40, 1, 0
1250, 22, 2, 40, 4, 0
1250, 22, 0, 41, 20, 0
1250, 22, 0, 43, 17, 0
1250, 22, 2, 44, 15, 0
1250, 22, 1, 45, 12, 0
1250, 22, 3, 46, 3, 0
1250, 22, 0, 46, 10, 0
1250, 22, 3, 50, 4, 0
1250, 22, 1, 52, 2, 0
1282, 10, 3, 2, 5, 0
1282, 10, 3, 7, 50, 0
1282, 10, 1, 14, 52, 0
1282, 10, 0, 18, 55, 0
1283, 10, 3, 11, 52, 0
1286, 10, 2, 2, 2, 0
1286, 10, 3, 2, 13, 0
1286, 10, 0, 2, 44, 0
1286, 10, 1, 2, 48, 0
1286, 10, 2, 5, 52, 0
1286, 10, 0, 6, 4, 0
1286, 10, 0, 6, 12, 0
1286, 10, 1, 7, 46, 0
1286, 10, 1, 9, 2, 0
1286, 10, 1, 12, 56, 0
1286, 10, 2, 13, 49, 0
1286, 10, 2, 14, 59, 0
1286, 10, 2, 16, 14, 0
1286, 10, 2, 17, 46, 0
1286, 10, 1, 19, 10, 0
1286, 10, 1, 19, 50, 0
1286, 10, 3, 21, 60, 0
1286, 10, 0, 22, 55, 0
1286, 10, 0, 26, 6, 0
1286, 10, 0, 28, 19, 0
1286, 10, 3, 33, 15, 0
1286, 10, 2, 34, 4, 0
1286, 10, 2, 34, 11, 0
1286, 10, 1, 36, 6, 0
1286, 10, 1, 37, 2, 0
1286, 10, 0, 38, 4, 0
1286, 10, 3, 38, 26, 0
1286, 10, 1, 42, 15, 0
1286, 10, 2, 42, 20, 0
1286, 10, 3, 45, 3, 0
1286, 10, 2, 54, 2, 0
1297, 10, 3, 3, 8, 0
1297, 10, 1, 9, 43, 0
1297, 10, 1, 23, 56, 0
1339, 10, 2, 48, 55, 0
1340, 10, 2, 53, 51, 0
1341, 10, 1, 0, 25, 0
1341, 10, 2, 1, 19, 0
1341, 10, 0, 1, 35, 0
1341, 10, 2, 1, 56, 0
1341, 10, 3, 5, 18, 0
1341, 10, 1, 5, 58, 0
1341, 10, 3, 8, 37, 0
1341, 10, 0, 8, 59, 0
1341, 10, 0, 10, 8, 0
1341, 10, 0, 10, 15, 0
1341, 10, 0, 13, 9, 0
1341, 10, 0, 22, 16, 0
1341, 10, 3, 24, 61, 0
1341, 10, 3, 27, 13, 0
1341, 10, 2, 27, 59, 0
1341, 10, 1, 28, 54, 0
1341, 10, 0, 29, 49, 0
1341, 10, 2, 30, 9, 0
1341, 10, 1, 32, 23, 0
1341, 10, 3, 32, 57, 0
1341, 10, 0, 34, 18, 0
1341, 10, 2, 36, 55, 0
1341, 10, 2, 37, 16, 0
1341, 10, 0, 37, 61, 0
1341, 10, 1, 40, 12, 0
1341, 10, 1, 41, 53, 0
1341, 10, 1, 44, 5, 0
1341, 10, 0, 46, 21, 0
1341, 10, 1, 48, 8, 0
1341, 10, 3, 49, 17, 0
1383, 10, 2, 0, 3, 0
1383, 10, 2, 0, 52, 0
1383, 10, 3, 1, 10, 0
1383, 10, 3, 1, 46, 0
1383, 10, 2, 1, 49, 0
1383, 10, 3, 1, 52, 0
1383, 10, 1, 2, 39, 0
1383, 10, 2, 3, 45, 0
1383, 10, 0, 4, 41, 0
1383, 10, 3, 5, 1, 0
1383, 10, 1, 5, 43, 0
1383, 10, 1, 5, 49, 0
1383, 10, 0, 6, 2, 0
1383, 10, 2, 6, 9, 0
1383, 10, 1, 7, 5, 0
1383, 10, 3, 7, 53, 0
1383, 10, 0, 8, 47, 0
1383, 10, 2, 9, 54, 0
1383, 10, 3, 10, 46, 0
1383, 10, 0, 10, 50, 0
1383, 10, 2, 10, 57, 0
1383, 10, 0, 11, 51, 0
1383, 10, 1, 11, 58, 0
1383, 10, 2, 12, 45, 0
1383, 10, 1, 12, 60, 0
1383, 10, 1, 13, 52, 0
1383, 10, 2, 14, 47, 0
1383, 10, 0, 15, 49, 0
1383, 10, 1, 15, 55, 0
1383, 10, 0, 15, 57, 0
1383, 10, 1, 16, 44, 0
1383, 10, 3, 16, 59, 0
1383, 10, 2, 17, 16, 0
1383, 10, 0, 18, 48, 0
1383, 10, 3, 18, 52, 0
1383, 10, 3, 18, 54, 0
1383, 10, 0, 19, 45, 0
1383, 10, 2, 19, 53, 0
1383, 10, 0, 19, 58, 0
1383, 10, 3, 19, 61, 0
1383, 10, 1, 20, 48, 0
1383, 10, 0, 21, 46, 0
1383, 10, 2, 21, 50, 0
1383, 10, 2, 21, 52, 0
1383, 10, 3, 22, 49, 0
1383, 10, 1, 22, 58, 0
1383, 10, 3, 23, 52, 0
1383, 10, 0, 24, 10, 0
1383, 10, 3, 24, 49, 0
1383, 10, 0, 26, 9, 0
1383, 10, 3, 27, 6, 0
1383, 10, 2, 28, 5, 0
1383, 10, 2, 30, 2, 0
1383, 10, 1, 31, 1, 0
1383, 10, 3, 31, 19, 0
1383, 10, 2, 36, 15, 0
1383, 10, 1, 37, 10, 0
1383, 10, 0, 39, 2, 0
1383, 10, 1, 39, 3, 0
1383, 10, 3, 40, 0, 0
1383, 10, 1, 40, 23, 0
1383, 10, 2, 44, 9, 0
1383, 10, 0, 44, 16, 0
1383, 10, 3, 46, 12, 0
1383, 10, 1, 50, 5, 0
1383, 10, 1, 52, 3, 0
