196, 4, 0, 2, 47, 0
196, 4, 0, 2, 51, 0
196, 4, 0, 2, 55, 0
196, 4, 0, 2, 59, 0
196, 4, 1, 4, 60, 0
196, 4, 2, 12, 47, 0
196, 4, 0, 2, 56, 1
196, 4, 3, 4, 43, 1
196, 4, 1, 4, 60, 1
196, 4, 3, 6, 43, 1
196, 4, 1, 6, 60, 1
196, 4, 3, 8, 43, 1
196, 4, 2, 8, 54, 1
196, 4, 3, 10, 43, 1
335, 22, 1, 2, 45, 0
335, 22, 0, 2, 49, 0
335, 22, 2, 2, 55, 0
335, 22, 1, 2, 60, 0
335, 22, 1, 4, 52, 0
335, 22, 3, 4, 57, 0
335, 22, 3, 5, 44, 0
335, 22, 1, 5, 54, 0
335, 22, 0, 5, 59, 0
335, 22, 2, 6, 51, 0
335, 22, 2, 9, 52, 0
335, 22, 1, 10, 50, 0
335, 22, 0, 12, 47, 0
335, 22, 3, 2, 45, 1
335, 22, 1, 2, 51, 1
335, 22, 3, 2, 54, 1
335, 22, 1, 2, 58, 1
335, 22, 2, 2, 60, 1
335, 22, 2, 3, 52, 1
335, 22, 2, 5, 44, 1
335, 22, 0, 5, 55, 1
335, 22, 3, 8, 58, 1
335, 22, 2, 8, 60, 1
335, 22, 3, 9, 50, 1
335, 22, 0, 10, 43, 1
335, 22, 0, 10, 53, 1
335, 22, 1, 12, 45, 1
335, 22, 3, 2, 43, 2
335, 22, 0, 9, 44, 2
335, 22, 3, 9, 51, 2
335, 22, 2, 10, 48, 2
335, 22, 0, 12, 43, 2
336, 22, 3, 2, 47, 0
336, 22, 3, 2, 48, 0
336, 22, 1, 2, 50, 0
336, 22, 3, 2, 51, 0
336, 22, 0, 2, 52, 0
336, 22, 3, 2, 54, 0
336, 22, 1, 2, 56, 0
336, 22, 1, 2, 59, 0
336, 22, 1, 3, 44, 0
336, 22, 2, 3, 46, 0
336, 22, 2, 3, 48, 0
336, 22, 0, 3, 49, 0
336, 22, 2, 3, 50, 0
336, 22, 1, 3, 52, 0
336, 22, 0, 3, 55, 0
336, 22, 1, 3, 57, 0
336, 22, 2, 3, 60, 0
336, 22, 2, 4, 44, 0
336, 22, 3, 4, 49, 0
336, 22, 0, 4, 51, 0
336, 22, 2, 4, 53, 0
336, 22, 2, 4, 56, 0
336, 22, 0, 4, 58, 0
336, 22, 2, 4, 60, 0
336, 22, 0, 5, 43, 0
336, 22, 0, 5, 50, 0
336, 22, 3, 5, 51, 0
336, 22, 0, 5, 53, 0
336, 22, 3, 5, 55, 0
336, 22, 2, 5, 58, 0
336, 22, 0, 5, 60, 0
336, 22, 3, 6, 43, 0
336, 22, 2, 6, 44, 0
336, 22, 2, 6, 50, 0
336, 22, 3, 6, 52, 0
336, 22, 3, 6, 54, 0
336, 22, 2, 6, 56, 0
336, 22, 3, 6, 59, 0
336, 22, 1, 7, 46, 0
336, 22, 1, 7, 51, 0
336, 22, 1, 7, 55, 0
336, 22, 0, 8, 47, 0
336, 22, 1, 9, 43, 0
336, 22, 3, 9, 46, 0
336, 22, 2, 9, 50, 0
336, 22, 3, 9, 53, 0
336, 22, 0, 10, 43, 0
336, 22, 3, 10, 44, 0
336, 22, 1, 10, 51, 0
336, 22, 2, 10, 52, 0
336, 22, 1, 10, 53, 0
336, 22, 1, 11, 47, 0
336, 22, 0, 11, 50, 0
336, 22, 0, 11, 51, 0
336, 22, 0, 12, 46, 0
336, 22, 3, 12, 48, 0
336, 22, 3, 12, 50, 0
336, 22, 2, 2, 44, 1
336, 22, 1, 2, 46, 1
336, 22, 2, 2, 50, 1
336, 22, 1, 2, 52, 1
336, 22, 3, 3, 43, 1
336, 22, 0, 3, 45, 1
336, 22, 0, 3, 47, 1
336, 22, 3, 3, 51, 1
336, 22, 2, 3, 54, 1
336, 22, 1, 3, 56, 1
336, 22, 3, 3, 58, 1
336, 22, 1, 3, 60, 1
336, 22, 0, 4, 43, 1
336, 22, 1, 4, 44, 1
336, 22, 1, 4, 46, 1
336, 22, 2, 4, 48, 1
336, 22, 3, 4, 52, 1
336, 22, 0, 4, 53, 1
336, 22, 1, 4, 55, 1
336, 22, 2, 4, 57, 1
336, 22, 1, 5, 45, 1
336, 22, 3, 5, 47, 1
336, 22, 0, 5, 54, 1
336, 22, 2, 5, 56, 1
336, 22, 2, 5, 58, 1
336, 22, 3, 5, 59, 1
336, 22, 3, 6, 43, 1
336, 22, 2, 6, 44, 1
336, 22, 3, 6, 51, 1
336, 22, 3, 6, 52, 1
336, 22, 2, 6, 54, 1
336, 22, 3, 6, 55, 1
336, 22, 0, 6, 59, 1
336, 22, 0, 7, 56, 1
336, 22, 1, 7, 58, 1
336, 22, 2, 7, 60, 1
336, 22, 0, 8, 47, 1
336, 22, 0, 8, 52, 1
336, 22, 1, 8, 54, 1
336, 22, 0, 9, 43, 1
336, 22, 1, 9, 49, 1
336, 22, 3, 9, 51, 1
336, 22, 1, 10, 44, 1
336, 22, 2, 10, 50, 1
336, 22, 1, 10, 52, 1
336, 22, 2, 11, 43, 1
336, 22, 0, 11, 45, 1
336, 22, 3, 11, 50, 1
336, 22, 3, 11, 52, 1
336, 22, 2, 11, 53, 1
336, 22, 3, 12, 44, 1
336, 22, 1, 12, 46, 1
336, 22, 2, 12, 49, 1
336, 22, 0, 12, 51, 1
336, 22, 3, 2, 44, 2
336, 22, 2, 3, 43, 2
336, 22, 0, 6, 44, 2
336, 22, 3, 7, 43, 2
336, 22, 2, 8, 43, 2
336, 22, 1, 8, 44, 2
336, 22, 0, 9, 45, 2
336, 22, 2, 9, 47, 2
336, 22, 2, 9, 50, 2
336, 22, 1, 9, 52, 2
336, 22, 1, 10, 43, 2
336, 22, 3, 10, 44, 2
336, 22, 1, 10, 46, 2
336, 22, 3, 10, 47, 2
336, 22, 2, 10, 49, 2
336, 22, 0, 10, 51, 2
336, 22, 3, 10, 54, 2
336, 22, 3, 11, 43, 2
336, 22, 0, 12, 44, 2
337, 22, 3, 2, 46, 0
337, 22, 2, 4, 43, 0
337, 22, 3, 4, 50, 0
337, 22, 3, 5, 52, 0
337, 22, 0, 6, 55, 0
337, 22, 2, 8, 46, 0
337, 22, 0, 9, 44, 0
337, 22, 1, 12, 51, 0
337, 22, 1, 2, 43, 1
337, 22, 0, 2, 56, 1
337, 22, 0, 4, 47, 1
337, 22, 0, 4, 58, 1
337, 22, 3, 6, 58, 1
337, 22, 1, 7, 52, 1
337, 22, 0, 7, 54, 1
337, 22, 2, 12, 43, 1
337, 22, 1, 12, 50, 1
337, 22, 3, 12, 52, 1
337, 22, 2, 6, 43, 2
337, 22, 1, 9, 43, 2
337, 22, 0, 9, 46, 2
356, 10, 1, 9, 54, 1
356, 10, 2, 10, 54, 1
356, 10, 1, 12, 53, 1
357, 10, 3, 11, 54, 1
358, 10, 0, 12, 54, 1
362, 10, 3, 9, 52, 1
362, 10, 0, 9, 53, 1
440, 10, 1, 10, 7, 0
442, 10, 0, 2, 3, 0
444, 10, 1, 1, 28, 0
444, 10, 3, 13, 19, 0
444, 10, 1, 14, 27, 0
444, 10, 0, 16, 28, 0
444, 10, 0, 16, 42, 0
444, 10, 2, 24, 23, 0
445, 10, 0, 4, 26, 0
445, 10, 0, 20, 20, 0
535, 22, 3, 1, 26, 0
535, 22, 0, 4, 29, 0
535, 22, 1, 13, 28, 0
535, 22, 3, 14, 29, 0
535, 22, 0, 15, 29, 0
535, 22, 0, 15, 41, 0
535, 22, 2, 17, 30, 0
535, 22, 2, 18, 41, 0
535, 22, 1, 19, 43, 0
595, 10, 3, 6, 48, 0
595, 10, 1, 10, 48, 0
595, 10, 2, 7, 45, 1
595, 10, 2, 7, 49, 1
650, 4, 0, 2, 44, 0
650, 4, 3, 7, 43, 0
650, 4, 1, 7, 60, 0
650, 4, 1, 10, 54, 0
650, 4, 2, 12, 44, 0
714, 10, 0, 19, 20, 0
729, 22, 1, 15, 19, 0
729, 22, 1, 15, 22, 0
729, 22, 3, 16, 19, 0
729, 22, 0, 16, 20, 0
729, 22, 2, 16, 21, 0
729, 22, 3, 17, 21, 0
729, 22, 1, 21, 27, 0
729, 22, 3, 23, 32, 0
729, 22, 2, 24, 32, 0
729, 22, 0, 24, 40, 0
729, 22, 1, 25, 35, 0
729, 22, 0, 25, 36, 0
729, 22, 3, 26, 34, 0
729, 22, 2, 27, 30, 0
730, 22, 2, 16, 22, 0
976, 22, 3, 10, 46, 1
976, 22, 0, 10, 48, 1
976, 22, 2, 11, 46, 1
976, 22, 1, 11, 48, 1
977, 22, 3, 10, 47, 1
977, 22, 1, 11, 47, 1
1088, 11, 2, 5, 48, 0
1088, 10, 1, 7, 49, 0
1088, 11, 2, 9, 48, 0
1088, 10, 3, 9, 49, 0
1088, 11, 1, 11, 48, 0
1088, 11, 3, 4, 59, 1
1088, 11, 2, 6, 48, 1
1088, 10, 2, 7, 44, 1
1088, 11, 3, 7, 46, 1
1088, 10, 2, 7, 48, 1
1088, 11, 3, 7, 50, 1
1088, 10, 2, 8, 44, 1
1088, 10, 0, 8, 50, 1
1088, 10, 1, 8, 56, 1
1088, 11, 1, 9, 45, 1
1122, 10, 2, 11, 55, 0
1189, 10, 2, 7, 38, 0
1189, 10, 0, 8, 35, 0
1189, 10, 1, 8, 38, 0
1246, 22, 2, 10, 34, 0
1246, 22, 1, 12, 30, 0
1246, 22, 1, 12, 36, 0
1246, 22, 0, 15, 39, 0
1246, 22, 3, 15, 47, 0
1246, 22, 3, 16, 41, 0
1246, 22, 1, 18, 33, 0
1246, 22, 2, 18, 37, 0
1247, 22, 0, 5, 36, 0
1247, 22, 0, 6, 35, 0
1247, 22, 1, 8, 32, 0
1247, 22, 3, 8, 33, 0
1247, 22, 0, 9, 31, 0
1247, 22, 2, 9, 32, 0
1247, 22, 3, 9, 36, 0
1247, 22, 1, 11, 36, 0
1247, 22, 2, 12, 35, 0
1247, 22, 3, 13, 35, 0
1247, 22, 1, 13, 36, 0
1247, 22, 2, 14, 39, 0
1247, 22, 0, 15, 38, 0
1247, 22, 0, 16, 35, 0
1247, 22, 3, 16, 36, 0
1247, 22, 1, 16, 37, 0
1247, 22, 1, 16, 38, 0
1247, 22, 0, 17, 33, 0
1247, 22, 1, 17, 34, 0
1247, 22, 2, 17, 37, 0
1247, 22, 0, 17, 39, 0
1247, 22, 2, 17, 41, 0
1247, 22, 3, 18, 35, 0
1257, 22, 3, 4, 26, 0
1257, 22, 2, 5, 22, 0
1257, 22, 2, 14, 30, 0
1257, 22, 0, 16, 28, 0
1258, 22, 2, 7, 15, 0
1276, 10, 0, 15, 46, 0
1276, 10, 1, 16, 38, 0
1276, 10, 2, 16, 40, 0
1278, 10, 3, 11, 58, 0
1278, 10, 2, 12, 35, 0
1278, 10, 3, 15, 49, 0
1281, 10, 1, 9, 34, 0
1281, 10, 2, 16, 35, 0
1298, 10, 0, 2, 31, 0
1299, 10, 0, 3, 34, 0
1300, 10, 1, 20, 43, 0
1302, 11, 1, 0, 8, 0
1302, 11, 2, 0, 16, 0
1302, 11, 0, 4, 10, 0
1302, 11, 3, 7, 13, 0
1302, 10, 0, 7, 19, 0
1302, 10, 2, 8, 18, 0
1302, 10, 1, 8, 19, 0
1302, 10, 0, 9, 17, 0
1302, 10, 2, 12, 14, 0
1302, 10, 0, 14, 16, 0
1302, 10, 1, 17, 23, 0
1302, 10, 2, 20, 27, 0
1302, 10, 2, 21, 22, 0
1308, 10, 1, 0, 24, 0
1308, 10, 1, 0, 36, 0
1308, 10, 2, 5, 35, 0
1308, 10, 2, 8, 31, 0
1308, 10, 1, 12, 38, 0
1308, 10, 3, 14, 30, 0
1308, 10, 2, 19, 32, 0
1308, 10, 0, 19, 40, 0
1308, 10, 1, 20, 37, 0
1394, 11, 0, 0, 11, 0
1394, 10, 3, 2, 20, 0
1394, 10, 3, 4, 13, 0
1394, 10, 3, 5, 23, 0
1530, 0, 3, 3, 61, 0
1530, 0, 1, 11, 51, 1
1531, 0, 2, 5, 52, 1
1791, 18, 2, 1, 45, 2
1791, 18, 2, 1, 46, 2
1791, 18, 2, 1, 47, 2
1791, 18, 2, 1, 48, 2
1791, 18, 2, 1, 49, 2
1791, 18, 2, 1, 50, 2
1791, 18, 2, 1, 51, 2
1791, 18, 2, 1, 52, 2
1791, 18, 2, 1, 53, 2
1791, 18, 2, 1, 54, 2
1791, 18, 2, 1, 55, 2
1791, 18, 2, 1, 56, 2
1791, 18, 2, 1, 57, 2
1791, 18, 2, 1, 58, 2
1791, 18, 2, 1, 59, 2
1791, 18, 2, 1, 60, 2
1791, 20, 3, 9, 55, 2
1791, 18, 0, 9, 56, 2
1791, 18, 0, 9, 57, 2
1791, 18, 0, 9, 58, 2
1791, 18, 0, 9, 59, 2
1791, 18, 0, 9, 60, 2
1791, 18, 3, 10, 55, 2
1791, 18, 3, 11, 55, 2
1791, 18, 3, 12, 55, 2
1791, 18, 0, 13, 45, 2
1791, 18, 0, 13, 46, 2
1791, 18, 0, 13, 47, 2
1791, 18, 0, 13, 48, 2
1791, 18, 0, 13, 49, 2
1791, 18, 0, 13, 50, 2
1791, 18, 0, 13, 51, 2
1791, 18, 0, 13, 52, 2
1791, 18, 0, 13, 53, 2
1791, 18, 0, 13, 54, 2
1791, 21, 3, 13, 55, 2
1872, 4, 0, 2, 46, 0
1872, 4, 0, 2, 48, 0
1872, 4, 0, 2, 50, 0
1872, 4, 0, 2, 52, 0
1872, 4, 0, 2, 54, 0
1872, 4, 0, 2, 56, 0
1872, 4, 0, 2, 58, 0
1872, 4, 0, 2, 60, 0
1872, 4, 2, 12, 48, 0
1872, 4, 2, 12, 50, 0
1872, 4, 0, 2, 43, 1
1872, 4, 0, 2, 45, 1
1872, 4, 0, 2, 47, 1
1872, 4, 0, 2, 49, 1
1872, 4, 0, 2, 51, 1
1872, 4, 3, 3, 52, 1
1872, 4, 1, 3, 60, 1
1872, 4, 3, 7, 52, 1
1872, 4, 1, 7, 60, 1
1872, 4, 2, 12, 44, 1
1872, 4, 2, 12, 46, 1
1872, 4, 2, 12, 48, 1
1872, 4, 2, 12, 50, 1
1872, 4, 2, 12, 52, 1
1902, 1, 1, 1, 42, 0
1902, 0, 2, 1, 43, 0
1902, 0, 2, 1, 44, 0
1902, 0, 2, 1, 45, 0
1902, 0, 2, 1, 46, 0
1902, 0, 2, 1, 47, 0
1902, 0, 2, 1, 48, 0
1902, 0, 2, 1, 50, 0
1902, 0, 2, 1, 51, 0
1902, 0, 2, 1, 52, 0
1902, 0, 2, 1, 54, 0
1902, 0, 2, 1, 55, 0
1902, 0, 2, 1, 56, 0
1902, 0, 2, 1, 58, 0
1902, 0, 2, 1, 59, 0
1902, 0, 2, 1, 60, 0
1902, 1, 2, 1, 61, 0
1902, 0, 1, 2, 42, 0
1902, 0, 3, 2, 61, 0
1902, 0, 1, 4, 42, 0
1902, 0, 3, 4, 61, 0
1902, 0, 1, 5, 42, 0
1902, 0, 3, 5, 61, 0
1902, 0, 3, 6, 61, 0
1902, 0, 1, 7, 42, 0
1902, 0, 3, 7, 61, 0
1902, 0, 1, 8, 42, 0
1902, 0, 3, 8, 61, 0
1902, 0, 1, 9, 42, 0
1902, 2, 3, 9, 55, 0
1902, 0, 0, 9, 57, 0
1902, 0, 0, 9, 58, 0
1902, 0, 0, 9, 60, 0
1902, 1, 3, 9, 61, 0
1902, 0, 3, 10, 55, 0
1902, 0, 1, 11, 42, 0
1902, 0, 3, 11, 55, 0
1902, 0, 1, 12, 42, 0
1902, 0, 3, 12, 55, 0
1902, 1, 0, 13, 42, 0
1902, 0, 0, 13, 43, 0
1902, 0, 0, 13, 44, 0
1902, 0, 0, 13, 45, 0
1902, 0, 0, 13, 46, 0
1902, 0, 0, 13, 47, 0
1902, 0, 0, 13, 48, 0
1902, 0, 0, 13, 50, 0
1902, 0, 0, 13, 51, 0
1902, 0, 0, 13, 52, 0
1902, 0, 0, 13, 54, 0
1902, 1, 3, 13, 55, 0
1902, 1, 1, 1, 42, 1
1902, 0, 2, 1, 43, 1
1902, 0, 2, 1, 44, 1
1902, 0, 2, 1, 45, 1
1902, 0, 2, 1, 47, 1
1902, 0, 2, 1, 48, 1
1902, 0, 2, 1, 49, 1
1902, 0, 2, 1, 51, 1
1902, 0, 2, 1, 52, 1
1902, 0, 2, 1, 53, 1
1902, 0, 2, 1, 55, 1
1902, 0, 2, 1, 56, 1
1902, 0, 2, 1, 57, 1
1902, 0, 2, 1, 59, 1
1902, 0, 2, 1, 60, 1
1902, 1, 2, 1, 61, 1
1902, 0, 1, 2, 42, 1
1902, 0, 1, 2, 51, 1
1902, 0, 3, 2, 61, 1
1902, 0, 1, 3, 51, 1
1902, 0, 3, 3, 61, 1
1902, 0, 1, 4, 42, 1
1902, 0, 1, 4, 51, 1
1902, 0, 3, 4, 61, 1
1902, 0, 1, 5, 42, 1
1902, 0, 1, 6, 42, 1
1902, 0, 1, 6, 51, 1
1902, 0, 3, 6, 61, 1
1902, 0, 1, 7, 51, 1
1902, 0, 3, 7, 61, 1
1902, 0, 1, 8, 42, 1
1902, 0, 1, 8, 51, 1
1902, 0, 3, 8, 61, 1
1902, 0, 1, 9, 42, 1
1902, 0, 1, 9, 51, 1
1902, 0, 0, 9, 52, 1
1902, 0, 0, 9, 53, 1
1902, 0, 0, 9, 54, 1
1902, 2, 3, 9, 55, 1
1902, 0, 0, 9, 57, 1
1902, 0, 0, 9, 59, 1
1902, 0, 0, 9, 60, 1
1902, 1, 3, 9, 61, 1
1902, 0, 1, 10, 42, 1
1902, 0, 1, 10, 51, 1
1902, 0, 3, 10, 55, 1
1902, 1, 1, 11, 46, 1
1902, 0, 2, 11, 47, 1
1902, 1, 2, 11, 48, 1
1902, 0, 1, 12, 42, 1
1902, 0, 1, 12, 46, 1
1902, 0, 3, 12, 48, 1
1902, 0, 1, 12, 51, 1
1902, 0, 3, 12, 55, 1
1902, 1, 0, 13, 42, 1
1902, 0, 0, 13, 43, 1
1902, 0, 0, 13, 44, 1
1902, 0, 0, 13, 46, 1
1902, 0, 0, 13, 47, 1
1902, 0, 0, 13, 48, 1
1902, 0, 0, 13, 50, 1
1902, 0, 0, 13, 51, 1
1902, 0, 0, 13, 52, 1
1902, 0, 0, 13, 53, 1
1902, 0, 0, 13, 54, 1
1902, 1, 3, 13, 55, 1
1925, 12, 2, 2, 45, 2
1925, 12, 2, 2, 46, 2
1925, 12, 2, 2, 47, 2
1925, 12, 2, 2, 48, 2
1925, 12, 2, 2, 49, 2
1925, 12, 2, 2, 50, 2
1925, 12, 2, 2, 51, 2
1925, 12, 2, 2, 52, 2
1925, 12, 2, 2, 53, 2
1925, 12, 2, 2, 54, 2
1925, 12, 2, 2, 55, 2
1925, 12, 2, 2, 56, 2
1925, 12, 2, 2, 57, 2
1925, 12, 2, 2, 58, 2
1925, 12, 2, 2, 59, 2
1925, 12, 2, 2, 60, 2
1925, 12, 0, 8, 45, 2
1925, 12, 0, 8, 46, 2
1925, 12, 0, 8, 47, 2
1925, 12, 0, 8, 48, 2
1925, 12, 0, 8, 49, 2
1925, 12, 0, 8, 50, 2
1925, 12, 0, 8, 51, 2
1925, 12, 0, 8, 52, 2
1925, 12, 0, 8, 53, 2
1925, 12, 0, 8, 54, 2
1925, 12, 0, 8, 55, 2
1925, 12, 0, 8, 56, 2
1925, 12, 0, 8, 57, 2
1925, 12, 0, 8, 58, 2
1925, 12, 0, 8, 59, 2
1925, 12, 0, 8, 60, 2
1925, 12, 2, 11, 45, 2
1925, 12, 2, 11, 46, 2
1925, 12, 2, 11, 47, 2
1925, 12, 2, 11, 48, 2
1925, 12, 2, 11, 49, 2
1925, 12, 2, 11, 50, 2
1925, 12, 2, 11, 51, 2
1925, 12, 2, 11, 52, 2
1925, 12, 2, 11, 53, 2
1925, 12, 2, 11, 54, 2
1925, 12, 0, 12, 45, 2
1925, 12, 0, 12, 46, 2
1925, 12, 0, 12, 48, 2
1925, 12, 0, 12, 49, 2
1925, 12, 0, 12, 50, 2
1925, 12, 0, 12, 51, 2
1925, 12, 0, 12, 52, 2
1925, 12, 0, 12, 53, 2
1925, 12, 0, 12, 54, 2
1928, 12, 0, 12, 47, 2
2724, 10, 2, 11, 47, 1
2745, 22, 2, 1, 14, 0
3684, 22, 2, 3, 62, 0
3798, 10, 2, 6, 43, 0
4735, 22, 0, 0, 8, 0
4735, 22, 1, 0, 11, 0
4735, 22, 0, 0, 20, 0
4735, 22, 3, 0, 24, 0
4735, 22, 0, 0, 33, 0
4735, 22, 3, 0, 37, 0
4735, 22, 0, 0, 41, 0
4735, 22, 3, 0, 42, 0
4735, 22, 1, 0, 45, 0
4735, 22, 0, 0, 48, 0
4735, 22, 0, 0, 49, 0
4735, 22, 3, 0, 55, 0
4735, 22, 2, 0, 57, 0
4735, 22, 3, 0, 62, 0
4735, 22, 2, 1, 9, 0
4735, 22, 2, 1, 19, 0
4735, 22, 2, 1, 30, 0
4735, 22, 3, 1, 31, 0
4735, 22, 1, 1, 35, 0
4735, 22, 1, 1, 39, 0
4735, 22, 2, 1, 43, 0
4735, 22, 1, 1, 51, 0
4735, 22, 2, 1, 54, 0
4735, 22, 1, 1, 58, 0
4735, 22, 3, 2, 9, 0
4735, 22, 2, 2, 19, 0
4735, 22, 0, 2, 24, 0
4735, 22, 2, 2, 36, 0
4735, 22, 2, 3, 13, 0
4735, 22, 0, 3, 16, 0
4735, 22, 3, 3, 17, 0
4735, 22, 1, 3, 28, 0
4735, 22, 0, 3, 29, 0
4735, 22, 3, 3, 33, 0
4735, 22, 0, 3, 42, 0
4735, 22, 2, 4, 10, 0
4735, 22, 0, 4, 12, 0
4735, 22, 1, 4, 13, 0
4735, 22, 3, 4, 17, 0
4735, 22, 1, 4, 21, 0
4735, 22, 0, 4, 33, 0
4735, 22, 2, 4, 35, 0
4735, 22, 0, 4, 62, 0
4735, 22, 3, 5, 10, 0
4735, 22, 2, 5, 17, 0
4735, 22, 0, 5, 42, 0
4735, 22, 0, 5, 62, 0
4735, 22, 3, 6, 11, 0
4735, 22, 0, 7, 12, 0
4735, 22, 0, 7, 13, 0
4735, 22, 1, 8, 12, 0
4735, 22, 1, 8, 13, 0
4735, 22, 3, 8, 14, 0
4735, 22, 3, 8, 42, 0
4735, 22, 2, 8, 62, 0
4735, 22, 0, 9, 37, 0
4735, 22, 2, 9, 39, 0
4735, 22, 0, 9, 40, 0
4735, 22, 3, 9, 41, 0
4735, 22, 1, 10, 31, 0
4735, 22, 3, 10, 32, 0
4735, 22, 2, 10, 33, 0
4735, 22, 3, 10, 38, 0
4735, 22, 2, 10, 42, 0
4735, 22, 0, 10, 57, 0
4735, 22, 3, 11, 35, 0
4735, 22, 0, 11, 37, 0
4735, 22, 1, 11, 38, 0
4735, 22, 1, 11, 42, 0
4735, 22, 2, 11, 56, 0
4735, 22, 0, 12, 31, 0
4735, 22, 2, 12, 38, 0
4735, 22, 0, 12, 42, 0
4735, 22, 1, 13, 31, 0
4735, 22, 1, 13, 37, 0
4735, 22, 2, 13, 39, 0
4735, 22, 2, 13, 40, 0
4735, 22, 1, 13, 43, 0
4735, 22, 2, 13, 44, 0
4735, 22, 3, 13, 46, 0
4735, 22, 3, 13, 53, 0
4735, 22, 2, 14, 32, 0
4735, 22, 3, 14, 33, 0
4735, 22, 1, 14, 34, 0
4735, 22, 2, 14, 35, 0
4735, 22, 1, 14, 42, 0
4735, 22, 0, 14, 45, 0
4735, 22, 1, 14, 46, 0
4735, 22, 0, 15, 33, 0
4735, 22, 0, 15, 40, 0
4735, 22, 1, 15, 43, 0
4735, 22, 0, 16, 33, 0
4735, 22, 2, 16, 43, 0
4735, 22, 0, 16, 47, 0
4735, 22, 2, 16, 48, 0
4735, 22, 3, 17, 42, 0
4735, 22, 1, 17, 47, 0
4735, 22, 3, 17, 49, 0
4735, 22, 3, 18, 39, 0
4735, 22, 0, 18, 43, 0
4735, 22, 3, 18, 45, 0
4735, 22, 2, 18, 46, 0
4735, 22, 2, 19, 40, 0
4735, 22, 0, 19, 45, 0
4735, 22, 2, 20, 44, 0
4736, 22, 0, 1, 61, 0
4736, 22, 3, 2, 30, 0
4736, 22, 0, 2, 32, 0
4736, 22, 3, 2, 39, 0
4736, 22, 2, 2, 40, 0
4736, 22, 1, 2, 42, 0
4736, 22, 3, 3, 38, 0
4736, 22, 0, 3, 41, 0
4736, 22, 2, 4, 30, 0
4736, 22, 1, 4, 32, 0
4736, 22, 3, 4, 37, 0
4736, 22, 2, 5, 37, 0
4736, 22, 2, 6, 38, 0
4736, 22, 1, 6, 41, 0
4736, 22, 1, 7, 39, 0
4736, 22, 0, 7, 40, 0
4736, 22, 1, 9, 61, 0
4736, 22, 3, 10, 39, 0
4736, 22, 0, 10, 41, 0
4736, 22, 1, 10, 56, 0
4736, 22, 1, 11, 32, 0
4736, 22, 0, 11, 34, 0
4736, 22, 2, 12, 39, 0
4736, 22, 1, 12, 41, 0
4736, 22, 2, 13, 32, 0
4736, 22, 1, 13, 34, 0
4736, 22, 1, 13, 55, 0
4736, 22, 2, 14, 48, 0
4736, 22, 1, 14, 52, 0
4736, 22, 3, 15, 44, 0
4736, 22, 0, 15, 46, 0
4736, 22, 2, 15, 50, 0
4736, 22, 1, 15, 51, 0
4736, 22, 2, 17, 44, 0
4736, 22, 1, 17, 46, 0
4737, 22, 2, 1, 40, 0
4737, 22, 0, 1, 42, 0
4737, 22, 3, 2, 31, 0
4737, 22, 1, 2, 41, 0
4737, 22, 2, 3, 30, 0
4737, 22, 0, 3, 32, 0
4737, 22, 3, 3, 39, 0
4737, 22, 3, 3, 40, 0
4737, 22, 1, 4, 31, 0
4737, 22, 2, 4, 38, 0
4737, 22, 0, 4, 41, 0
4737, 22, 2, 5, 38, 0
4737, 22, 0, 5, 41, 0
4737, 22, 1, 6, 39, 0
4737, 22, 1, 6, 40, 0
4737, 22, 3, 10, 40, 0
4737, 22, 3, 11, 33, 0
4737, 22, 2, 11, 39, 0
4737, 22, 0, 11, 41, 0
4737, 22, 2, 12, 32, 0
4737, 22, 0, 12, 34, 0
4737, 22, 1, 12, 40, 0
4737, 22, 1, 13, 33, 0
4737, 22, 2, 14, 49, 0
4737, 22, 0, 14, 51, 0
4737, 22, 3, 15, 45, 0
4737, 22, 2, 16, 44, 0
4737, 22, 0, 16, 46, 0
4737, 22, 1, 17, 45, 0
4738, 22, 1, 1, 41, 0
4738, 22, 2, 3, 31, 0
4738, 22, 3, 4, 39, 0
4738, 22, 0, 4, 40, 0
4738, 22, 2, 5, 39, 0
4738, 22, 1, 5, 40, 0
4738, 22, 2, 11, 40, 0
4738, 22, 3, 12, 33, 0
4738, 22, 2, 14, 50, 0
4738, 22, 3, 16, 45, 0
5495, 10, 1, 6, 56, 0
5495, 10, 2, 7, 43, 0
5495, 10, 0, 7, 52, 0
5495, 10, 0, 7, 58, 0
5495, 10, 2, 11, 43, 0
5495, 10, 0, 11, 52, 0
5498, 10, 3, 2, 53, 1
5498, 10, 3, 2, 55, 1
5498, 10, 3, 2, 57, 1
5498, 10, 3, 2, 59, 1
5498, 10, 1, 7, 53, 1
5498, 10, 1, 7, 55, 1
5498, 10, 1, 7, 57, 1
5498, 10, 1, 7, 59, 1
5533, 22, 3, 5, 61, 0
5533, 22, 0, 9, 57, 0
5533, 22, 3, 11, 55, 0
5533, 22, 3, 12, 55, 0
5533, 22, 0, 13, 49, 0
5533, 22, 0, 13, 51, 0
5533, 22, 0, 13, 54, 0
5534, 22, 0, 9, 56, 0
5534, 22, 3, 10, 55, 0
5534, 22, 0, 13, 50, 0
5535, 22, 0, 9, 55, 0
5536, 22, 3, 1, 56, 0
5536, 22, 0, 1, 57, 0
5536, 22, 3, 1, 60, 0
5536, 22, 1, 2, 61, 0
5536, 22, 0, 4, 61, 0
5536, 22, 3, 6, 42, 0
5536, 22, 1, 6, 61, 0
5536, 22, 2, 7, 42, 0
5536, 22, 0, 7, 61, 0
5536, 22, 1, 8, 61, 0
5536, 22, 1, 9, 58, 0
5536, 22, 2, 9, 60, 0
5536, 22, 2, 13, 48, 0
5536, 22, 1, 13, 52, 0
5615, 10, 0, 17, 22, 0
5671, 21, 2, 1, 61, 2
5672, 21, 3, 9, 61, 2
5675, 0, 3, 2, 61, 2
5675, 0, 1, 8, 44, 2
5675, 0, 1, 12, 44, 2
5677, 0, 1, 2, 44, 2
5677, 0, 3, 8, 61, 2
5677, 0, 1, 11, 44, 2
8725, 10, 2, 17, 11, 0
8725, 10, 0, 24, 18, 0
8726, 10, 1, 15, 11, 0
8726, 10, 0, 18, 9, 0
8726, 10, 3, 23, 20, 0
8726, 10, 1, 25, 17, 0
8727, 10, 1, 16, 14, 0
8727, 10, 2, 22, 18, 0
9472, 10, 1, 0, 14, 0
9476, 10, 2, 3, 45, 2
9476, 10, 2, 3, 46, 2
9476, 10, 2, 3, 47, 2
9476, 10, 2, 3, 48, 2
9476, 10, 2, 3, 49, 2
9476, 10, 2, 3, 50, 2
9476, 10, 2, 3, 51, 2
9476, 10, 2, 3, 52, 2
9476, 10, 2, 3, 53, 2
9476, 10, 2, 3, 54, 2
9476, 10, 2, 3, 55, 2
9476, 10, 2, 3, 56, 2
9476, 10, 2, 3, 57, 2
9476, 10, 2, 3, 58, 2
9476, 10, 2, 3, 59, 2
9476, 10, 2, 3, 60, 2
9476, 10, 0, 6, 45, 2
9476, 10, 0, 6, 46, 2
9476, 10, 0, 6, 47, 2
9476, 10, 0, 6, 48, 2
9476, 10, 0, 6, 49, 2
9476, 10, 0, 6, 50, 2
9476, 10, 0, 6, 51, 2
9476, 10, 0, 6, 52, 2
9476, 10, 0, 6, 53, 2
9476, 10, 0, 6, 54, 2
9476, 10, 0, 6, 55, 2
9476, 10, 0, 6, 56, 2
9476, 10, 0, 6, 57, 2
9476, 10, 0, 6, 58, 2
9476, 10, 0, 6, 59, 2
9476, 10, 0, 6, 60, 2
9478, 10, 0, 5, 45, 2
9478, 10, 0, 5, 46, 2
9478, 10, 0, 5, 47, 2
9478, 10, 0, 5, 48, 2
9478, 10, 0, 5, 49, 2
9478, 10, 0, 5, 50, 2
9478, 10, 0, 5, 51, 2
9478, 10, 0, 5, 52, 2
9478, 10, 0, 5, 53, 2
9478, 10, 0, 5, 54, 2
9478, 10, 0, 5, 55, 2
9478, 10, 0, 5, 56, 2
9478, 10, 0, 5, 57, 2
9478, 10, 0, 5, 58, 2
9478, 10, 0, 5, 59, 2
9478, 10, 0, 5, 60, 2
9479, 0, 1, 5, 44, 2
9479, 0, 3, 5, 61, 2
9480, 0, 3, 4, 61, 2
9480, 0, 1, 6, 44, 2
9481, 0, 3, 3, 61, 2
9481, 0, 1, 7, 44, 2
9482, 0, 1, 4, 44, 2
9482, 0, 3, 6, 61, 2
9483, 0, 1, 3, 44, 2
9483, 0, 3, 7, 61, 2
9498, 10, 3, 3, 9, 0
9498, 10, 0, 3, 13, 0
9499, 10, 3, 0, 7, 0
9499, 10, 3, 5, 15, 0
9500, 10, 0, 0, 21, 0
9500, 11, 0, 1, 10, 0
9500, 10, 3, 2, 17, 0
9500, 10, 2, 7, 12, 0
9501, 10, 1, 1, 19, 0
9501, 10, 0, 2, 8, 0
9501, 10, 0, 2, 26, 0
9501, 10, 3, 3, 12, 0
9501, 10, 1, 6, 11, 0
9502, 22, 0, 1, 17, 0
9502, 22, 1, 1, 22, 0
9502, 22, 1, 2, 27, 0
9502, 22, 3, 6, 33, 0
9503, 22, 0, 0, 17, 0
9503, 22, 0, 0, 22, 0
9503, 22, 3, 1, 16, 0
9503, 22, 1, 1, 18, 0
9503, 22, 3, 1, 21, 0
9503, 22, 1, 1, 23, 0
9503, 22, 0, 1, 27, 0
9503, 22, 2, 2, 17, 0
9503, 22, 2, 2, 22, 0
9503, 22, 3, 2, 26, 0
9503, 22, 1, 2, 28, 0
9503, 22, 2, 3, 27, 0
9503, 22, 0, 5, 33, 0
9503, 22, 1, 6, 32, 0
9503, 22, 3, 6, 34, 0
9503, 22, 2, 7, 33, 0
9503, 22, 1, 17, 35, 0
9503, 22, 0, 18, 36, 0
9504, 22, 3, 0, 15, 0
9504, 22, 3, 0, 16, 0
9504, 22, 0, 0, 18, 0
9504, 22, 3, 0, 21, 0
9504, 22, 2, 0, 23, 0
9504, 22, 2, 0, 27, 0
9504, 22, 1, 1, 20, 0
9504, 22, 2, 1, 24, 0
9504, 22, 2, 1, 29, 0
9504, 22, 0, 2, 14, 0
9504, 22, 2, 2, 15, 0
9504, 22, 2, 2, 16, 0
9504, 22, 1, 2, 18, 0
9504, 22, 0, 2, 21, 0
9504, 22, 1, 2, 23, 0
9504, 22, 1, 2, 25, 0
9504, 22, 3, 2, 29, 0
9504, 22, 1, 3, 18, 0
9504, 22, 3, 3, 22, 0
9504, 22, 3, 3, 25, 0
9504, 22, 0, 4, 18, 0
9504, 22, 0, 4, 19, 0
9504, 22, 0, 4, 28, 0
9504, 22, 2, 4, 34, 0
9504, 22, 3, 5, 30, 0
9504, 22, 0, 5, 31, 0
9504, 22, 1, 5, 32, 0
9504, 22, 3, 5, 34, 0
9504, 22, 0, 7, 34, 0
9504, 22, 1, 8, 34, 0
9504, 22, 2, 9, 33, 0
9504, 22, 1, 15, 36, 0
9504, 22, 0, 16, 34, 0
9504, 22, 3, 18, 34, 0
9504, 22, 2, 19, 36, 0
9505, 22, 3, 0, 9, 0
9505, 22, 0, 2, 11, 0
9505, 22, 1, 3, 19, 0
9505, 22, 0, 5, 15, 0
9505, 22, 2, 6, 12, 0
9505, 22, 0, 7, 30, 0
9505, 22, 3, 12, 26, 0
9505, 22, 0, 14, 25, 0
9505, 22, 3, 14, 26, 0
9505, 22, 1, 16, 26, 0
9505, 22, 2, 18, 26, 0
9505, 22, 3, 20, 34, 0
9505, 22, 2, 20, 38, 0
9506, 22, 2, 0, 10, 0
9506, 22, 1, 1, 8, 0
9506, 22, 1, 2, 10, 0
9506, 22, 3, 2, 12, 0
9506, 22, 2, 3, 11, 0
9506, 22, 0, 4, 15, 0
9506, 22, 3, 5, 12, 0
9506, 22, 1, 5, 14, 0
9506, 22, 3, 5, 16, 0
9506, 22, 0, 6, 13, 0
9506, 22, 2, 6, 15, 0
9506, 22, 3, 6, 30, 0
9506, 22, 1, 7, 11, 0
9506, 22, 0, 7, 20, 0
9506, 22, 2, 7, 29, 0
9506, 22, 0, 7, 31, 0
9506, 22, 1, 8, 30, 0
9506, 22, 1, 9, 18, 0
9506, 22, 2, 9, 19, 0
9506, 22, 1, 10, 16, 0
9506, 22, 3, 10, 17, 0
9506, 22, 0, 10, 18, 0
9506, 22, 2, 11, 12, 0
9506, 22, 0, 13, 17, 0
9506, 22, 2, 13, 25, 0
9506, 22, 0, 13, 26, 0
9506, 22, 1, 13, 27, 0
9506, 22, 3, 15, 26, 0
9506, 22, 3, 16, 25, 0
9506, 22, 0, 16, 27, 0
9506, 22, 1, 17, 25, 0
9506, 22, 2, 17, 26, 0
9506, 22, 3, 17, 27, 0
9506, 22, 2, 18, 27, 0
9506, 22, 1, 19, 26, 0
9506, 22, 3, 19, 34, 0
9506, 22, 1, 19, 38, 0
9506, 22, 1, 20, 26, 0
9506, 22, 2, 20, 33, 0
9506, 22, 0, 20, 35, 0
9506, 22, 2, 20, 37, 0
9506, 22, 0, 20, 39, 0
9506, 22, 1, 21, 34, 0
9506, 22, 3, 21, 38, 0
9507, 22, 2, 0, 7, 0
9507, 22, 0, 0, 12, 0
9507, 22, 3, 0, 13, 0
9507, 22, 0, 1, 10, 0
9507, 22, 3, 1, 11, 0
9507, 22, 3, 1, 12, 0
9507, 22, 0, 1, 13, 0
9507, 22, 2, 1, 15, 0
9507, 22, 1, 2, 8, 0
9507, 22, 1, 2, 13, 0
9507, 22, 3, 3, 8, 0
9507, 22, 3, 3, 9, 0
9507, 22, 1, 3, 10, 0
9507, 22, 2, 3, 12, 0
9507, 22, 2, 3, 14, 0
9507, 22, 1, 3, 15, 0
9507, 22, 3, 3, 23, 0
9507, 22, 2, 3, 26, 0
9507, 22, 0, 4, 9, 0
9507, 22, 2, 4, 11, 0
9507, 22, 1, 4, 14, 0
9507, 22, 0, 4, 16, 0
9507, 22, 2, 4, 22, 0
9507, 22, 2, 5, 11, 0
9507, 22, 3, 5, 13, 0
9507, 22, 3, 5, 18, 0
9507, 22, 1, 5, 20, 0
9507, 22, 1, 5, 28, 0
9507, 22, 2, 6, 14, 0
9507, 22, 3, 6, 16, 0
9507, 22, 2, 6, 29, 0
9507, 22, 1, 6, 31, 0
9507, 22, 0, 7, 14, 0
9507, 22, 2, 7, 27, 0
9507, 22, 3, 7, 28, 0
9507, 22, 0, 7, 32, 0
9507, 22, 1, 8, 29, 0
9507, 22, 0, 9, 28, 0
9507, 22, 2, 9, 30, 0
9507, 22, 0, 10, 29, 0
9507, 22, 0, 12, 17, 0
9507, 22, 2, 12, 25, 0
9507, 22, 3, 13, 16, 0
9507, 22, 1, 13, 18, 0
9507, 22, 2, 14, 17, 0
9507, 22, 2, 15, 25, 0
9507, 22, 3, 17, 23, 0
9507, 22, 3, 18, 24, 0
9507, 22, 0, 18, 28, 0
9507, 22, 0, 19, 27, 0
9507, 22, 0, 19, 28, 0
9507, 22, 3, 19, 31, 0
9507, 22, 1, 19, 33, 0
9507, 22, 0, 19, 35, 0
9507, 22, 1, 19, 37, 0
9507, 22, 0, 19, 41, 0
9507, 22, 3, 20, 21, 0
9507, 22, 1, 20, 27, 0
9507, 22, 2, 20, 28, 0
9507, 22, 2, 20, 30, 0
9507, 22, 0, 20, 32, 0
9507, 22, 3, 20, 36, 0
9507, 22, 3, 21, 26, 0
9507, 22, 3, 21, 28, 0
9507, 22, 3, 21, 31, 0
9507, 22, 2, 21, 33, 0
9507, 22, 1, 21, 35, 0
9507, 22, 2, 21, 36, 0
9507, 22, 3, 21, 39, 0
9507, 22, 3, 22, 32, 0
9507, 22, 0, 22, 34, 0
9507, 22, 2, 22, 37, 0
9507, 22, 0, 22, 40, 0
9508, 10, 0, 15, 19, 0
9544, 0, 3, 2, 46, 0
9544, 0, 2, 4, 43, 0
9544, 0, 2, 4, 44, 0
9544, 0, 2, 4, 45, 0
9544, 0, 3, 4, 46, 0
9544, 3, 1, 4, 51, 0
9544, 0, 2, 4, 52, 0
9544, 0, 2, 4, 54, 0
9544, 0, 2, 4, 55, 0
9544, 0, 2, 4, 57, 0
9544, 0, 2, 4, 58, 0
9544, 0, 2, 4, 60, 0
9544, 3, 1, 5, 45, 0
9544, 0, 3, 5, 46, 0
9544, 0, 1, 5, 51, 0
9544, 3, 0, 5, 52, 0
9544, 0, 1, 5, 54, 0
9544, 3, 0, 5, 55, 0
9544, 0, 1, 5, 57, 0
9544, 3, 0, 5, 58, 0
9544, 0, 1, 6, 51, 0
9544, 0, 1, 6, 54, 0
9544, 0, 1, 6, 57, 0
9544, 0, 3, 7, 46, 0
9544, 0, 1, 7, 51, 0
9544, 0, 1, 7, 54, 0
9544, 0, 1, 7, 57, 0
9544, 0, 2, 8, 43, 0
9544, 0, 2, 8, 44, 0
9544, 0, 2, 8, 45, 0
9544, 0, 3, 8, 46, 0
9544, 0, 1, 8, 51, 0
9544, 0, 1, 8, 54, 0
9544, 0, 1, 8, 57, 0
9544, 3, 1, 9, 45, 0
9544, 0, 3, 9, 46, 0
9544, 0, 1, 9, 51, 0
9544, 0, 0, 9, 52, 0
9544, 0, 0, 9, 53, 0
9544, 0, 0, 9, 54, 0
9544, 0, 3, 11, 46, 0
9544, 0, 1, 11, 51, 0
9544, 3, 3, 11, 52, 0
9544, 0, 3, 12, 46, 0
9544, 0, 1, 12, 51, 0
9547, 0, 2, 1, 49, 0
9547, 0, 2, 1, 53, 0
9547, 0, 2, 1, 57, 0
9547, 0, 1, 3, 42, 0
9547, 0, 1, 6, 42, 0
9547, 0, 0, 9, 56, 0
9547, 0, 0, 9, 59, 0
9547, 0, 1, 10, 42, 0
9547, 0, 0, 13, 49, 0
9547, 0, 0, 13, 53, 0
9547, 0, 2, 1, 46, 1
9547, 0, 2, 1, 50, 1
9547, 0, 2, 1, 54, 1
9547, 0, 2, 1, 58, 1
9547, 0, 1, 3, 42, 1
9547, 0, 3, 5, 61, 1
9547, 0, 1, 7, 42, 1
9547, 0, 0, 9, 56, 1
9547, 0, 0, 9, 58, 1
9547, 0, 1, 11, 42, 1
9547, 0, 3, 11, 55, 1
9547, 0, 0, 13, 45, 1
9547, 0, 0, 13, 49, 1
9549, 10, 2, 2, 43, 0
9550, 22, 2, 2, 44, 0
9551, 22, 2, 3, 43, 0
9552, 5, 2, 1, 43, 1
9552, 5, 2, 1, 45, 1
9552, 5, 2, 1, 50, 1
9552, 5, 2, 1, 53, 1
9552, 5, 2, 1, 56, 1
9552, 5, 2, 1, 60, 1
9552, 5, 1, 2, 42, 1
9552, 5, 3, 4, 61, 1
9552, 5, 1, 5, 42, 1
9552, 5, 1, 7, 42, 1
9552, 5, 3, 7, 61, 1
9552, 5, 0, 9, 60, 1
9552, 5, 3, 10, 55, 1
9552, 5, 0, 13, 46, 1
9552, 5, 0, 13, 49, 1
9553, 5, 2, 1, 46, 1
9553, 5, 2, 1, 49, 1
9553, 5, 2, 1, 54, 1
9553, 5, 2, 1, 58, 1
9553, 5, 1, 3, 42, 1
9553, 5, 3, 3, 61, 1
9553, 5, 3, 5, 61, 1
9553, 5, 1, 6, 42, 1
9553, 5, 1, 8, 42, 1
9553, 5, 0, 9, 56, 1
9553, 5, 0, 9, 58, 1
9553, 5, 1, 11, 42, 1
9553, 5, 3, 11, 55, 1
9553, 5, 0, 13, 44, 1
9553, 5, 0, 13, 50, 1
9553, 5, 0, 13, 52, 1
9553, 5, 0, 13, 54, 1
9554, 5, 2, 1, 44, 1
9554, 5, 2, 1, 48, 1
9554, 5, 2, 1, 51, 1
9554, 5, 2, 1, 55, 1
9554, 5, 2, 1, 57, 1
9554, 5, 3, 2, 61, 1
9554, 5, 3, 6, 61, 1
9554, 5, 3, 8, 61, 1
9554, 5, 0, 9, 57, 1
9554, 5, 1, 10, 42, 1
9554, 5, 1, 12, 42, 1
9554, 5, 3, 12, 55, 1
9554, 5, 0, 13, 43, 1
9554, 5, 0, 13, 48, 1
9554, 5, 0, 13, 51, 1
9554, 5, 0, 13, 53, 1
9555, 22, 3, 1, 47, 0
9555, 22, 2, 1, 52, 0
9555, 22, 3, 1, 59, 0
9555, 22, 1, 4, 42, 0
9555, 22, 2, 9, 42, 0
9555, 22, 0, 9, 59, 0
9555, 22, 0, 13, 45, 0
9555, 22, 1, 13, 47, 0
9555, 5, 2, 1, 47, 1
9555, 5, 2, 1, 52, 1
9555, 5, 2, 1, 59, 1
9555, 5, 1, 4, 42, 1
9555, 5, 1, 9, 42, 1
9555, 5, 0, 9, 59, 1
9555, 5, 0, 13, 45, 1
9555, 5, 0, 13, 47, 1
9556, 10, 1, 1, 42, 1
9556, 10, 2, 1, 61, 1
9556, 10, 3, 9, 61, 1
9556, 10, 0, 13, 42, 1
9556, 10, 3, 13, 55, 1
9557, 10, 0, 9, 55, 1
9558, 10, 1, 2, 48, 0
9558, 10, 1, 5, 43, 1
9559, 10, 1, 2, 48, 1
9560, 10, 3, 5, 43, 2
9563, 0, 2, 4, 53, 0
9563, 0, 2, 4, 56, 0
9563, 0, 2, 4, 59, 0
9564, 0, 0, 3, 45, 0
9565, 0, 3, 6, 46, 0
9565, 0, 3, 10, 46, 0
9565, 0, 1, 10, 51, 0
9567, 10, 1, 8, 55, 0
9568, 10, 1, 5, 43, 0
9568, 10, 1, 6, 54, 0
9568, 10, 1, 6, 60, 0
9568, 10, 1, 10, 43, 0
9568, 10, 1, 10, 54, 0
9569, 1, 1, 1, 42, 2
9569, 0, 2, 1, 43, 2
9569, 0, 1, 2, 42, 2
9569, 0, 1, 3, 42, 2
9569, 0, 1, 4, 42, 2
9569, 0, 1, 5, 42, 2
9569, 0, 1, 6, 42, 2
9569, 0, 1, 7, 42, 2
9569, 0, 1, 8, 42, 2
9569, 0, 1, 9, 42, 2
9569, 0, 1, 9, 54, 2
9569, 0, 1, 10, 42, 2
9569, 0, 1, 10, 54, 2
9569, 0, 1, 11, 42, 2
9569, 0, 1, 12, 42, 2
9569, 1, 0, 13, 42, 2
9569, 0, 0, 13, 43, 2
9570, 0, 2, 1, 44, 2
9571, 0, 0, 13, 44, 2
9573, 22, 0, 0, 6, 0
9573, 22, 3, 3, 7, 0
9573, 22, 1, 7, 9, 0
9574, 22, 0, 1, 6, 0
9574, 22, 1, 3, 6, 0
9574, 22, 1, 4, 7, 0
9574, 22, 1, 6, 8, 0
9574, 22, 0, 7, 10, 0
9574, 22, 1, 8, 9, 0
9574, 22, 2, 8, 10, 0
9575, 22, 0, 2, 6, 0
9575, 22, 0, 5, 8, 0
9575, 22, 3, 6, 9, 0
9576, 22, 0, 9, 11, 0
9576, 22, 1, 10, 13, 0
9577, 22, 1, 9, 12, 0
9577, 22, 0, 10, 12, 0
9578, 22, 1, 9, 13, 0
9579, 22, 2, 9, 15, 0
9580, 22, 1, 8, 16, 0
9581, 22, 0, 7, 17, 0
9581, 22, 0, 9, 14, 0
