185, 22, 1, 11, 59, 0
185, 22, 1, 12, 56, 0
185, 22, 2, 12, 58, 0
185, 22, 3, 12, 59, 0
185, 22, 2, 12, 60, 0
185, 22, 3, 14, 49, 0
185, 22, 0, 14, 50, 0
185, 22, 0, 14, 52, 0
185, 22, 2, 14, 55, 0
185, 22, 1, 14, 57, 0
185, 22, 2, 14, 60, 0
185, 22, 1, 15, 51, 0
185, 22, 0, 15, 58, 0
185, 22, 3, 15, 59, 0
185, 22, 0, 16, 52, 0
185, 22, 0, 16, 53, 0
185, 22, 3, 16, 55, 0
185, 22, 1, 17, 51, 0
185, 22, 2, 17, 56, 0
185, 22, 2, 18, 51, 0
185, 22, 2, 18, 56, 0
185, 22, 3, 19, 52, 0
185, 22, 0, 19, 53, 0
185, 22, 1, 19, 55, 0
185, 22, 1, 20, 41, 0
185, 22, 1, 20, 43, 0
185, 22, 0, 20, 46, 0
185, 22, 2, 21, 41, 0
185, 22, 2, 21, 42, 0
185, 22, 3, 21, 43, 0
185, 22, 3, 21, 47, 0
185, 22, 1, 24, 41, 0
185, 22, 0, 25, 40, 0
185, 22, 2, 27, 13, 0
185, 22, 1, 27, 15, 0
185, 22, 3, 27, 17, 0
185, 22, 1, 27, 20, 0
185, 22, 0, 27, 21, 0
185, 22, 1, 27, 58, 0
185, 22, 2, 27, 59, 0
185, 22, 2, 27, 60, 0
185, 22, 1, 28, 11, 0
185, 22, 0, 28, 16, 0
185, 22, 2, 28, 19, 0
185, 22, 2, 28, 44, 0
185, 22, 0, 28, 57, 0
185, 22, 3, 28, 60, 0
185, 22, 1, 29, 42, 0
185, 22, 3, 29, 57, 0
185, 22, 2, 31, 14, 0
185, 22, 0, 31, 21, 0
185, 22, 3, 32, 13, 0
185, 22, 1, 32, 15, 0
185, 22, 2, 32, 60, 0
185, 22, 1, 33, 59, 0
185, 22, 0, 47, 37, 0
185, 22, 3, 48, 32, 0
185, 22, 3, 48, 33, 0
185, 22, 1, 48, 34, 0
185, 22, 3, 48, 37, 0
185, 22, 1, 48, 38, 0
185, 22, 0, 48, 41, 0
185, 22, 1, 48, 42, 0
185, 22, 3, 48, 43, 0
185, 22, 2, 49, 31, 0
185, 22, 3, 49, 32, 0
185, 22, 0, 49, 35, 0
185, 22, 2, 49, 39, 0
185, 22, 3, 49, 40, 0
185, 22, 1, 49, 42, 0
185, 22, 3, 49, 44, 0
185, 22, 2, 49, 45, 0
185, 22, 2, 50, 32, 0
185, 22, 2, 50, 33, 0
185, 22, 1, 50, 34, 0
185, 22, 0, 50, 43, 0
186, 22, 2, 14, 51, 0
186, 22, 0, 14, 56, 0
186, 22, 1, 14, 58, 0
186, 22, 1, 16, 51, 0
186, 22, 0, 16, 56, 0
186, 22, 2, 19, 51, 0
186, 22, 3, 19, 56, 0
186, 22, 1, 20, 42, 0
186, 22, 3, 20, 44, 0
186, 22, 1, 20, 47, 0
186, 22, 2, 25, 41, 0
186, 22, 1, 27, 16, 0
186, 22, 0, 27, 19, 0
186, 22, 0, 27, 57, 0
186, 22, 0, 28, 42, 0
186, 22, 3, 31, 19, 0
186, 22, 1, 32, 14, 0
186, 22, 2, 32, 16, 0
186, 22, 3, 33, 60, 0
186, 22, 3, 48, 39, 0
186, 22, 2, 48, 40, 0
186, 22, 0, 48, 44, 0
186, 22, 3, 48, 45, 0
186, 22, 1, 49, 33, 0
186, 22, 2, 49, 34, 0
186, 22, 1, 49, 43, 0
197, 5, 0, 16, 52, 0
197, 5, 0, 16, 55, 0
197, 5, 3, 17, 51, 0
197, 5, 1, 18, 56, 0
197, 5, 0, 27, 58, 0
197, 5, 0, 27, 60, 0
197, 5, 3, 29, 57, 0
197, 5, 3, 31, 57, 0
197, 5, 2, 33, 57, 0
197, 5, 2, 33, 60, 0
324, 22, 0, 1, 1, 0
324, 22, 3, 1, 24, 0
324, 22, 3, 2, 27, 0
324, 22, 3, 4, 13, 0
324, 22, 1, 4, 22, 0
324, 22, 3, 4, 34, 0
324, 22, 0, 5, 15, 0
324, 22, 2, 6, 32, 0
324, 22, 1, 7, 9, 0
324, 22, 2, 7, 11, 0
324, 22, 0, 7, 22, 0
324, 22, 3, 7, 34, 0
324, 22, 3, 8, 19, 0
324, 22, 1, 8, 27, 0
324, 22, 1, 9, 11, 0
324, 22, 2, 9, 13, 0
324, 22, 0, 9, 21, 0
324, 22, 1, 10, 2, 0
324, 22, 2, 10, 3, 0
324, 22, 0, 10, 9, 0
324, 22, 3, 11, 6, 0
324, 22, 0, 11, 40, 0
324, 22, 0, 11, 62, 0
324, 22, 1, 12, 41, 0
324, 22, 0, 12, 43, 0
324, 22, 1, 12, 54, 0
324, 22, 3, 12, 57, 0
324, 22, 2, 13, 51, 0
324, 22, 2, 14, 43, 0
324, 22, 1, 14, 46, 0
324, 22, 2, 14, 59, 0
324, 22, 1, 17, 45, 0
324, 22, 0, 17, 50, 0
324, 22, 2, 19, 46, 0
324, 22, 3, 19, 48, 0
324, 22, 1, 19, 60, 0
324, 22, 0, 19, 63, 0
324, 22, 2, 21, 51, 0
324, 22, 3, 21, 57, 0
324, 22, 0, 23, 43, 0
324, 22, 1, 23, 50, 0
324, 22, 2, 23, 57, 0
324, 22, 0, 23, 60, 0
324, 22, 0, 24, 54, 0
324, 22, 3, 24, 62, 0
324, 22, 3, 26, 58, 0
324, 22, 1, 27, 56, 0
324, 22, 1, 28, 46, 0
324, 22, 3, 28, 53, 0
324, 22, 0, 29, 49, 0
324, 22, 0, 30, 55, 0
324, 22, 3, 31, 44, 0
324, 22, 2, 33, 46, 0
324, 22, 1, 34, 47, 0
324, 22, 0, 34, 60, 0
324, 22, 3, 50, 24, 0
324, 22, 2, 51, 15, 0
324, 22, 1, 51, 19, 0
324, 22, 3, 51, 25, 0
324, 22, 2, 51, 35, 0
324, 22, 3, 52, 9, 0
324, 22, 3, 52, 14, 0
324, 22, 2, 52, 36, 0
324, 22, 1, 54, 48, 0
324, 22, 1, 55, 26, 0
324, 22, 0, 56, 43, 0
324, 22, 1, 56, 49, 0
324, 22, 0, 58, 35, 0
324, 22, 1, 58, 42, 0
324, 22, 1, 59, 17, 0
324, 22, 2, 59, 41, 0
324, 22, 1, 60, 26, 0
324, 22, 3, 60, 52, 0
324, 22, 1, 61, 12, 0
324, 22, 0, 61, 16, 0
324, 22, 2, 62, 10, 0
324, 22, 3, 62, 35, 0
324, 22, 2, 62, 40, 0
324, 22, 2, 62, 53, 0
325, 22, 0, 0, 8, 0
325, 22, 1, 0, 10, 0
325, 22, 2, 0, 11, 0
325, 22, 2, 0, 12, 0
325, 22, 3, 0, 15, 0
325, 22, 0, 0, 17, 0
325, 22, 1, 0, 20, 0
325, 22, 0, 0, 22, 0
325, 22, 2, 0, 25, 0
325, 22, 3, 0, 26, 0
325, 22, 3, 0, 28, 0
325, 22, 0, 1, 23, 0
325, 22, 1, 2, 2, 0
325, 22, 2, 2, 4, 0
325, 22, 2, 2, 18, 0
325, 22, 0, 2, 30, 0
325, 22, 1, 3, 1, 0
325, 22, 0, 3, 7, 0
325, 22, 1, 3, 9, 0
325, 22, 3, 3, 14, 0
325, 22, 3, 3, 28, 0
325, 22, 1, 3, 32, 0
325, 22, 3, 3, 63, 0
325, 22, 0, 4, 1, 0
325, 22, 2, 4, 17, 0
325, 22, 2, 4, 32, 0
325, 22, 2, 4, 62, 0
325, 22, 1, 5, 11, 0
325, 22, 3, 5, 13, 0
325, 22, 3, 5, 16, 0
325, 22, 3, 5, 22, 0
325, 22, 2, 5, 26, 0
325, 22, 0, 5, 29, 0
325, 22, 2, 5, 60, 0
325, 22, 1, 5, 63, 0
325, 22, 0, 6, 2, 0
325, 22, 0, 6, 8, 0
325, 22, 0, 6, 12, 0
325, 22, 0, 6, 13, 0
325, 22, 0, 6, 21, 0
325, 22, 2, 6, 23, 0
325, 22, 2, 6, 26, 0
325, 22, 1, 6, 30, 0
325, 22, 1, 6, 60, 0
325, 22, 1, 6, 62, 0
325, 22, 1, 7, 4, 0
325, 22, 2, 7, 6, 0
325, 22, 3, 7, 59, 0
325, 22, 3, 7, 60, 0
325, 22, 2, 7, 61, 0
325, 22, 3, 8, 1, 0
325, 22, 2, 8, 2, 0
325, 22, 3, 8, 23, 0
325, 22, 3, 8, 33, 0
325, 22, 0, 8, 58, 0
325, 22, 3, 8, 61, 0
325, 22, 3, 9, 1, 0
325, 22, 2, 9, 3, 0
325, 22, 2, 9, 25, 0
325, 22, 2, 9, 55, 0
325, 22, 2, 9, 56, 0
325, 22, 1, 9, 57, 0
325, 22, 1, 9, 60, 0
325, 22, 0, 9, 62, 0
325, 22, 2, 10, 26, 0
325, 22, 3, 10, 53, 0
325, 22, 1, 10, 60, 0
325, 22, 0, 11, 4, 0
325, 22, 0, 11, 10, 0
325, 22, 3, 11, 13, 0
325, 22, 0, 11, 16, 0
325, 22, 1, 11, 55, 0
325, 22, 2, 11, 57, 0
325, 22, 3, 11, 58, 0
325, 22, 1, 11, 63, 0
325, 22, 2, 12, 2, 0
325, 22, 0, 12, 9, 0
325, 22, 1, 12, 48, 0
325, 22, 0, 12, 51, 0
325, 22, 3, 12, 61, 0
325, 22, 2, 12, 62, 0
325, 22, 1, 13, 1, 0
325, 22, 1, 13, 53, 0
325, 22, 0, 13, 55, 0
325, 22, 0, 13, 58, 0
325, 22, 3, 13, 60, 0
325, 22, 0, 14, 48, 0
325, 22, 2, 14, 53, 0
325, 22, 3, 14, 54, 0
325, 22, 2, 15, 62, 0
325, 22, 1, 15, 63, 0
325, 22, 3, 17, 46, 0
325, 22, 1, 17, 49, 0
325, 22, 1, 17, 59, 0
325, 22, 0, 17, 62, 0
325, 22, 1, 18, 45, 0
325, 22, 0, 18, 47, 0
325, 22, 2, 18, 49, 0
325, 22, 3, 18, 62, 0
325, 22, 0, 19, 43, 0
325, 22, 0, 19, 59, 0
325, 22, 3, 19, 62, 0
325, 22, 3, 20, 49, 0
325, 22, 3, 20, 58, 0
325, 22, 1, 20, 62, 0
325, 22, 3, 21, 54, 0
325, 22, 0, 21, 55, 0
325, 22, 2, 21, 58, 0
325, 22, 1, 21, 59, 0
325, 22, 0, 21, 62, 0
325, 22, 2, 21, 63, 0
325, 22, 3, 22, 44, 0
325, 22, 0, 22, 46, 0
325, 22, 1, 22, 47, 0
325, 22, 2, 22, 49, 0
325, 22, 3, 22, 50, 0
325, 22, 0, 22, 52, 0
325, 22, 3, 22, 56, 0
325, 22, 1, 22, 58, 0
325, 22, 2, 22, 59, 0
325, 22, 0, 22, 62, 0
325, 22, 0, 23, 41, 0
325, 22, 2, 23, 42, 0
325, 22, 3, 23, 45, 0
325, 22, 2, 23, 48, 0
325, 22, 1, 23, 52, 0
325, 22, 2, 23, 53, 0
325, 22, 0, 23, 56, 0
325, 22, 2, 23, 63, 0
325, 22, 1, 24, 50, 0
325, 22, 0, 24, 58, 0
325, 22, 3, 24, 59, 0
325, 22, 0, 24, 60, 0
325, 22, 1, 25, 42, 0
325, 22, 1, 25, 45, 0
325, 22, 0, 25, 47, 0
325, 22, 3, 25, 48, 0
325, 22, 3, 25, 51, 0
325, 22, 0, 25, 53, 0
325, 22, 3, 25, 55, 0
325, 22, 2, 25, 56, 0
325, 22, 3, 25, 59, 0
325, 22, 0, 25, 62, 0
325, 22, 1, 26, 41, 0
325, 22, 2, 26, 44, 0
325, 22, 2, 26, 52, 0
325, 22, 1, 26, 53, 0
325, 22, 2, 26, 55, 0
325, 22, 1, 26, 60, 0
325, 22, 2, 26, 63, 0
325, 22, 3, 27, 43, 0
325, 22, 0, 27, 44, 0
325, 22, 1, 27, 54, 0
325, 22, 1, 27, 55, 0
325, 22, 2, 27, 62, 0
325, 22, 1, 28, 45, 0
325, 22, 3, 28, 47, 0
325, 22, 0, 28, 48, 0
325, 22, 1, 28, 50, 0
325, 22, 1, 28, 63, 0
325, 22, 2, 29, 46, 0
325, 22, 2, 29, 47, 0
325, 22, 1, 29, 51, 0
325, 22, 0, 29, 54, 0
325, 22, 0, 29, 63, 0
325, 22, 3, 30, 43, 0
325, 22, 1, 30, 46, 0
325, 22, 3, 30, 54, 0
325, 22, 3, 30, 62, 0
325, 22, 3, 30, 63, 0
325, 22, 2, 31, 42, 0
325, 22, 0, 31, 46, 0
325, 22, 3, 32, 43, 0
325, 22, 0, 32, 47, 0
325, 22, 3, 32, 62, 0
325, 22, 0, 33, 44, 0
325, 22, 2, 33, 62, 0
325, 22, 1, 34, 45, 0
325, 22, 2, 34, 48, 0
325, 22, 2, 34, 59, 0
325, 22, 1, 36, 62, 0
325, 22, 0, 39, 63, 0
325, 22, 1, 45, 2, 0
325, 22, 1, 47, 4, 0
325, 22, 1, 48, 19, 0
325, 22, 0, 48, 21, 0
325, 22, 1, 48, 28, 0
325, 22, 0, 49, 6, 0
325, 22, 3, 49, 7, 0
325, 22, 3, 49, 12, 0
325, 22, 2, 49, 16, 0
325, 22, 0, 49, 23, 0
325, 22, 0, 49, 24, 0
325, 22, 1, 49, 26, 0
325, 22, 0, 50, 8, 0
325, 22, 3, 50, 22, 0
325, 22, 2, 50, 29, 0
325, 22, 3, 50, 38, 0
325, 22, 0, 51, 10, 0
325, 22, 3, 51, 16, 0
325, 22, 3, 51, 17, 0
325, 22, 2, 51, 21, 0
325, 22, 0, 51, 23, 0
325, 22, 3, 51, 28, 0
325, 22, 1, 51, 37, 0
325, 22, 3, 52, 10, 0
325, 22, 3, 52, 16, 0
325, 22, 2, 52, 22, 0
325, 22, 1, 52, 24, 0
325, 22, 0, 52, 26, 0
325, 22, 3, 52, 29, 0
325, 22, 1, 52, 39, 0
325, 22, 0, 52, 44, 0
325, 22, 3, 52, 45, 0
325, 22, 0, 53, 12, 0
325, 22, 2, 53, 15, 0
325, 22, 1, 53, 19, 0
325, 22, 1, 53, 27, 0
325, 22, 2, 53, 28, 0
325, 22, 2, 53, 32, 0
325, 22, 2, 53, 34, 0
325, 22, 3, 53, 35, 0
325, 22, 0, 53, 37, 0
325, 22, 2, 53, 39, 0
325, 22, 1, 53, 40, 0
325, 22, 0, 53, 41, 0
325, 22, 3, 53, 42, 0
325, 22, 3, 53, 46, 0
325, 22, 0, 54, 13, 0
325, 22, 1, 54, 14, 0
325, 22, 0, 54, 19, 0
325, 22, 1, 54, 26, 0
325, 22, 3, 54, 30, 0
325, 22, 3, 54, 44, 0
325, 22, 1, 55, 15, 0
325, 22, 3, 55, 21, 0
325, 22, 3, 55, 28, 0
325, 22, 0, 55, 30, 0
325, 22, 2, 55, 33, 0
325, 22, 2, 55, 42, 0
325, 22, 2, 56, 10, 0
325, 22, 0, 56, 13, 0
325, 22, 2, 56, 16, 0
325, 22, 3, 56, 29, 0
325, 22, 1, 56, 35, 0
325, 22, 3, 56, 38, 0
325, 22, 1, 56, 41, 0
325, 22, 2, 56, 46, 0
325, 22, 1, 57, 14, 0
325, 22, 1, 57, 19, 0
325, 22, 1, 57, 26, 0
325, 22, 2, 57, 28, 0
325, 22, 1, 57, 33, 0
325, 22, 0, 57, 44, 0
325, 22, 2, 57, 46, 0
325, 22, 2, 58, 12, 0
325, 22, 3, 58, 13, 0
325, 22, 3, 58, 16, 0
325, 22, 0, 58, 17, 0
325, 22, 1, 58, 18, 0
325, 22, 2, 58, 19, 0
325, 22, 3, 58, 20, 0
325, 22, 1, 58, 24, 0
325, 22, 3, 58, 34, 0
325, 22, 2, 58, 36, 0
325, 22, 0, 58, 40, 0
325, 22, 3, 58, 44, 0
325, 22, 0, 58, 45, 0
325, 22, 3, 58, 48, 0
325, 22, 2, 59, 12, 0
325, 22, 3, 59, 13, 0
325, 22, 2, 59, 14, 0
325, 22, 3, 59, 15, 0
325, 22, 3, 59, 16, 0
325, 22, 1, 59, 29, 0
325, 22, 3, 59, 34, 0
325, 22, 2, 59, 37, 0
325, 22, 0, 59, 40, 0
325, 22, 0, 59, 48, 0
325, 22, 0, 59, 49, 0
325, 22, 3, 60, 10, 0
325, 22, 3, 60, 13, 0
325, 22, 0, 60, 15, 0
325, 22, 0, 60, 16, 0
325, 22, 1, 60, 17, 0
325, 22, 0, 60, 24, 0
325, 22, 2, 60, 34, 0
325, 22, 1, 60, 40, 0
325, 22, 1, 60, 41, 0
325, 22, 2, 60, 43, 0
325, 22, 3, 61, 18, 0
325, 22, 0, 61, 23, 0
325, 22, 3, 61, 26, 0
325, 22, 1, 61, 29, 0
325, 22, 1, 61, 32, 0
325, 22, 2, 61, 33, 0
325, 22, 2, 61, 36, 0
325, 22, 1, 61, 38, 0
325, 22, 1, 61, 41, 0
325, 22, 2, 62, 0, 0
325, 22, 2, 62, 14, 0
325, 22, 1, 62, 16, 0
325, 22, 0, 62, 19, 0
325, 22, 3, 62, 20, 0
325, 22, 0, 62, 24, 0
325, 22, 2, 62, 28, 0
325, 22, 1, 62, 32, 0
325, 22, 2, 62, 44, 0
325, 22, 3, 62, 46, 0
325, 22, 3, 62, 47, 0
325, 22, 3, 63, 25, 0
325, 22, 2, 63, 26, 0
325, 22, 3, 63, 37, 0
325, 22, 1, 63, 39, 0
325, 22, 2, 63, 44, 0
325, 22, 0, 63, 48, 0
326, 22, 3, 0, 4, 0
326, 22, 0, 0, 29, 0
326, 22, 1, 3, 11, 0
326, 22, 2, 3, 23, 0
326, 22, 3, 4, 12, 0
326, 22, 1, 4, 28, 0
326, 22, 2, 5, 1, 0
326, 22, 1, 5, 24, 0
326, 22, 2, 6, 6, 0
326, 22, 2, 6, 18, 0
326, 22, 2, 6, 28, 0
326, 22, 3, 7, 13, 0
326, 22, 2, 7, 16, 0
326, 22, 2, 8, 7, 0
326, 22, 1, 8, 16, 0
326, 22, 0, 8, 24, 0
326, 22, 0, 8, 25, 0
326, 22, 3, 8, 29, 0
326, 22, 2, 8, 30, 0
326, 22, 1, 9, 0, 0
326, 22, 0, 9, 7, 0
326, 22, 0, 9, 16, 0
326, 22, 0, 9, 27, 0
326, 22, 0, 10, 13, 0
326, 22, 3, 10, 18, 0
326, 22, 2, 10, 20, 0
326, 22, 1, 10, 23, 0
326, 22, 1, 11, 0, 0
326, 22, 3, 13, 8, 0
326, 22, 3, 16, 59, 0
326, 22, 3, 17, 48, 0
326, 22, 3, 20, 59, 0
326, 22, 1, 21, 49, 0
326, 22, 1, 22, 55, 0
326, 22, 2, 23, 59, 0
326, 22, 0, 24, 55, 0
326, 22, 1, 25, 43, 0
326, 22, 2, 25, 49, 0
326, 22, 2, 25, 52, 0
326, 22, 3, 26, 46, 0
326, 22, 0, 26, 54, 0
326, 22, 2, 28, 52, 0
326, 22, 3, 28, 55, 0
326, 22, 0, 30, 52, 0
326, 22, 3, 31, 48, 0
326, 22, 1, 31, 51, 0
326, 22, 0, 31, 54, 0
326, 22, 0, 47, 7, 0
326, 22, 3, 48, 13, 0
326, 22, 2, 49, 9, 0
326, 22, 3, 49, 11, 0
326, 22, 3, 49, 18, 0
326, 22, 0, 50, 15, 0
326, 22, 0, 50, 20, 0
326, 22, 1, 50, 21, 0
326, 22, 1, 51, 13, 0
326, 22, 3, 51, 18, 0
326, 22, 3, 51, 39, 0
326, 22, 2, 53, 17, 0
326, 22, 2, 53, 24, 0
326, 22, 1, 53, 43, 0
326, 22, 2, 53, 49, 0
326, 22, 1, 54, 16, 0
326, 22, 2, 54, 22, 0
326, 22, 1, 55, 18, 0
326, 22, 2, 55, 37, 0
326, 22, 0, 56, 52, 0
326, 22, 0, 57, 16, 0
326, 22, 3, 57, 21, 0
326, 22, 0, 57, 22, 0
326, 22, 1, 57, 48, 0
326, 22, 3, 58, 15, 0
326, 22, 3, 58, 25, 0
326, 22, 2, 59, 25, 0
326, 22, 3, 59, 27, 0
326, 22, 0, 59, 46, 0
326, 22, 1, 61, 27, 0
326, 22, 3, 61, 47, 0
326, 22, 0, 62, 22, 0
326, 22, 1, 62, 30, 0
326, 22, 2, 62, 42, 0
326, 22, 2, 63, 24, 0
334, 22, 2, 30, 17, 0
335, 22, 2, 11, 34, 0
335, 22, 2, 14, 13, 0
335, 22, 3, 14, 19, 0
335, 22, 1, 14, 29, 0
335, 22, 0, 15, 3, 0
335, 22, 1, 15, 9, 0
335, 22, 0, 16, 27, 0
335, 22, 3, 18, 2, 0
335, 22, 3, 18, 24, 0
335, 22, 0, 19, 16, 0
335, 22, 2, 20, 1, 0
335, 22, 2, 20, 10, 0
335, 22, 2, 21, 11, 0
335, 22, 0, 21, 13, 0
335, 22, 2, 21, 22, 0
335, 22, 2, 21, 39, 0
335, 22, 3, 22, 6, 0
335, 22, 1, 22, 15, 0
335, 22, 1, 22, 21, 0
335, 22, 0, 25, 3, 0
335, 22, 3, 25, 29, 0
335, 22, 3, 26, 38, 0
335, 22, 1, 27, 1, 0
335, 22, 1, 28, 2, 0
335, 22, 2, 29, 4, 0
335, 22, 0, 30, 36, 0
335, 22, 0, 32, 2, 0
335, 22, 2, 34, 38, 0
335, 22, 3, 37, 0, 0
335, 22, 3, 39, 3, 0
335, 22, 3, 39, 17, 0
335, 22, 2, 40, 13, 0
335, 22, 0, 40, 21, 0
335, 22, 2, 41, 1, 0
335, 22, 0, 41, 6, 0
335, 22, 2, 41, 25, 0
335, 22, 1, 42, 3, 0
335, 22, 1, 42, 17, 0
335, 22, 2, 42, 27, 0
335, 22, 0, 43, 11, 0
335, 22, 3, 44, 20, 0
335, 22, 3, 44, 29, 0
335, 22, 2, 45, 27, 0
336, 22, 0, 10, 34, 0
336, 22, 1, 11, 36, 0
336, 22, 3, 12, 25, 0
336, 22, 3, 12, 32, 0
336, 22, 3, 13, 12, 0
336, 22, 0, 13, 14, 0
336, 22, 2, 13, 20, 0
336, 22, 2, 13, 26, 0
336, 22, 1, 13, 30, 0
336, 22, 2, 14, 10, 0
336, 22, 0, 14, 21, 0
336, 22, 2, 14, 25, 0
336, 22, 3, 14, 27, 0
336, 22, 0, 14, 33, 0
336, 22, 2, 14, 39, 0
336, 22, 0, 15, 6, 0
336, 22, 2, 15, 14, 0
336, 22, 0, 15, 20, 0
336, 22, 0, 15, 21, 0
336, 22, 3, 15, 26, 0
336, 22, 1, 16, 3, 0
336, 22, 2, 16, 4, 0
336, 22, 2, 16, 11, 0
336, 22, 3, 16, 15, 0
336, 22, 1, 16, 18, 0
336, 22, 1, 16, 20, 0
336, 22, 1, 16, 22, 0
336, 22, 2, 16, 24, 0
336, 22, 2, 16, 29, 0
336, 22, 2, 17, 1, 0
336, 22, 3, 17, 6, 0
336, 22, 1, 17, 9, 0
336, 22, 0, 17, 16, 0
336, 22, 2, 17, 26, 0
336, 22, 1, 17, 27, 0
336, 22, 2, 17, 40, 0
336, 22, 2, 18, 0, 0
336, 22, 3, 18, 14, 0
336, 22, 2, 18, 18, 0
336, 22, 3, 18, 19, 0
336, 22, 0, 18, 20, 0
336, 22, 0, 18, 21, 0
336, 22, 1, 18, 22, 0
336, 22, 3, 18, 39, 0
336, 22, 2, 18, 41, 0
336, 22, 2, 19, 3, 0
336, 22, 0, 19, 8, 0
336, 22, 3, 19, 11, 0
336, 22, 2, 19, 12, 0
336, 22, 2, 19, 14, 0
336, 22, 0, 19, 22, 0
336, 22, 1, 19, 25, 0
336, 22, 1, 19, 40, 0
336, 22, 0, 20, 5, 0
336, 22, 1, 20, 8, 0
336, 22, 2, 20, 15, 0
336, 22, 2, 20, 17, 0
336, 22, 0, 20, 21, 0
336, 22, 1, 20, 24, 0
336, 22, 2, 20, 37, 0
336, 22, 3, 20, 38, 0
336, 22, 1, 20, 40, 0
336, 22, 3, 21, 0, 0
336, 22, 3, 21, 2, 0
336, 22, 1, 21, 7, 0
336, 22, 3, 21, 10, 0
336, 22, 2, 21, 19, 0
336, 22, 3, 21, 25, 0
336, 22, 1, 21, 35, 0
336, 22, 3, 22, 4, 0
336, 22, 3, 22, 11, 0
336, 22, 0, 22, 12, 0
336, 22, 1, 22, 22, 0
336, 22, 2, 22, 23, 0
336, 22, 0, 22, 33, 0
336, 22, 3, 22, 39, 0
336, 22, 0, 22, 40, 0
336, 22, 1, 23, 14, 0
336, 22, 2, 23, 15, 0
336, 22, 2, 23, 17, 0
336, 22, 3, 23, 18, 0
336, 22, 0, 23, 19, 0
336, 22, 1, 23, 21, 0
336, 22, 3, 23, 33, 0
336, 22, 2, 23, 36, 0
336, 22, 3, 24, 3, 0
336, 22, 2, 24, 27, 0
336, 22, 0, 24, 30, 0
336, 22, 2, 24, 36, 0
336, 22, 1, 24, 38, 0
336, 22, 1, 25, 1, 0
336, 22, 0, 25, 4, 0
336, 22, 0, 25, 30, 0
336, 22, 1, 25, 33, 0
336, 22, 0, 25, 39, 0
336, 22, 1, 26, 0, 0
336, 22, 2, 26, 3, 0
336, 22, 3, 26, 28, 0
336, 22, 2, 26, 33, 0
336, 22, 1, 26, 36, 0
336, 22, 2, 27, 5, 0
336, 22, 1, 27, 6, 0
336, 22, 0, 27, 28, 0
336, 22, 2, 27, 29, 0
336, 22, 3, 27, 30, 0
336, 22, 3, 27, 31, 0
336, 22, 0, 27, 35, 0
336, 22, 0, 27, 39, 0
336, 22, 0, 28, 27, 0
336, 22, 1, 28, 28, 0
336, 22, 3, 28, 32, 0
336, 22, 0, 28, 33, 0
336, 22, 2, 28, 37, 0
336, 22, 3, 28, 38, 0
336, 22, 2, 29, 0, 0
336, 22, 0, 29, 2, 0
336, 22, 0, 29, 26, 0
336, 22, 1, 29, 28, 0
336, 22, 1, 29, 29, 0
336, 22, 3, 29, 32, 0
336, 22, 1, 30, 0, 0
336, 22, 3, 30, 1, 0
336, 22, 2, 30, 26, 0
336, 22, 1, 30, 28, 0
336, 22, 0, 30, 33, 0
336, 22, 0, 30, 34, 0
336, 22, 1, 30, 40, 0
336, 22, 1, 31, 1, 0
336, 22, 1, 31, 3, 0
336, 22, 0, 31, 4, 0
336, 22, 3, 31, 5, 0
336, 22, 0, 31, 30, 0
336, 22, 3, 31, 31, 0
336, 22, 0, 31, 35, 0
336, 22, 3, 31, 39, 0
336, 22, 1, 32, 3, 0
336, 22, 0, 32, 5, 0
336, 22, 2, 32, 31, 0
336, 22, 1, 32, 34, 0
336, 22, 0, 32, 37, 0
336, 22, 0, 32, 41, 0
336, 22, 0, 33, 1, 0
336, 22, 2, 33, 32, 0
336, 22, 1, 33, 35, 0
336, 22, 1, 33, 36, 0
336, 22, 0, 33, 37, 0
336, 22, 1, 33, 40, 0
336, 22, 2, 33, 41, 0
336, 22, 2, 33, 43, 0
336, 22, 3, 34, 0, 0
336, 22, 3, 34, 4, 0
336, 22, 3, 34, 30, 0
336, 22, 1, 34, 31, 0
336, 22, 2, 34, 34, 0
336, 22, 1, 34, 39, 0
336, 22, 3, 34, 40, 0
336, 22, 0, 35, 0, 0
336, 22, 1, 35, 1, 0
336, 22, 0, 35, 30, 0
336, 22, 2, 35, 32, 0
336, 22, 3, 35, 36, 0
336, 22, 0, 36, 0, 0
336, 22, 1, 36, 16, 0
336, 22, 2, 36, 17, 0
336, 22, 2, 36, 36, 0
336, 22, 0, 36, 41, 0
336, 22, 3, 36, 43, 0
336, 22, 2, 37, 3, 0
336, 22, 2, 37, 4, 0
336, 22, 2, 37, 5, 0
336, 22, 0, 37, 15, 0
336, 22, 0, 37, 16, 0
336, 22, 3, 37, 17, 0
336, 22, 1, 37, 37, 0
336, 22, 3, 37, 40, 0
336, 22, 1, 37, 41, 0
336, 22, 1, 38, 4, 0
336, 22, 1, 38, 5, 0
336, 22, 3, 38, 7, 0
336, 22, 3, 38, 13, 0
336, 22, 3, 38, 14, 0
336, 22, 1, 38, 20, 0
336, 22, 1, 38, 21, 0
336, 22, 0, 38, 23, 0
336, 22, 0, 38, 39, 0
336, 22, 2, 38, 40, 0
336, 22, 1, 39, 7, 0
336, 22, 0, 39, 9, 0
336, 22, 1, 39, 10, 0
336, 22, 2, 39, 12, 0
336, 22, 0, 39, 15, 0
336, 22, 3, 39, 23, 0
336, 22, 3, 39, 24, 0
336, 22, 0, 39, 25, 0
336, 22, 2, 39, 26, 0
336, 22, 2, 40, 1, 0
336, 22, 2, 40, 5, 0
336, 22, 3, 40, 9, 0
336, 22, 2, 40, 11, 0
336, 22, 0, 40, 19, 0
336, 22, 0, 40, 23, 0
336, 22, 1, 40, 26, 0
336, 22, 0, 40, 39, 0
336, 22, 3, 41, 3, 0
336, 22, 0, 41, 4, 0
336, 22, 1, 41, 15, 0
336, 22, 3, 41, 18, 0
336, 22, 3, 41, 19, 0
336, 22, 1, 41, 22, 0
336, 22, 1, 41, 28, 0
336, 22, 2, 41, 40, 0
336, 22, 1, 41, 42, 0
336, 22, 0, 42, 1, 0
336, 22, 1, 42, 10, 0
336, 22, 2, 42, 13, 0
336, 22, 2, 42, 20, 0
336, 22, 2, 42, 21, 0
336, 22, 3, 42, 29, 0
336, 22, 0, 42, 40, 0
336, 22, 1, 42, 41, 0
336, 22, 3, 43, 5, 0
336, 22, 2, 43, 25, 0
336, 22, 3, 43, 26, 0
336, 22, 0, 43, 31, 0
336, 22, 1, 43, 32, 0
336, 22, 0, 44, 9, 0
336, 22, 3, 44, 13, 0
336, 22, 0, 44, 15, 0
336, 22, 0, 44, 18, 0
336, 22, 1, 44, 25, 0
336, 22, 2, 44, 33, 0
336, 22, 3, 45, 8, 0
336, 22, 3, 45, 17, 0
336, 22, 2, 45, 19, 0
336, 22, 2, 45, 22, 0
336, 22, 0, 45, 23, 0
336, 22, 1, 45, 25, 0
336, 22, 2, 45, 34, 0
336, 22, 3, 45, 35, 0
336, 22, 0, 45, 37, 0
336, 22, 2, 46, 12, 0
336, 22, 1, 46, 14, 0
336, 22, 0, 46, 26, 0
336, 22, 3, 46, 28, 0
336, 22, 0, 47, 42, 0
337, 22, 1, 12, 28, 0
337, 22, 3, 13, 17, 0
337, 22, 0, 13, 22, 0
337, 22, 2, 13, 37, 0
337, 22, 0, 15, 8, 0
337, 22, 3, 15, 16, 0
337, 22, 1, 17, 11, 0
337, 22, 3, 18, 4, 0
337, 22, 1, 23, 1, 0
337, 22, 2, 24, 5, 0
337, 22, 0, 26, 31, 0
337, 22, 3, 26, 34, 0
337, 22, 0, 30, 29, 0
337, 22, 3, 33, 4, 0
337, 22, 3, 34, 35, 0
337, 22, 1, 36, 40, 0
337, 22, 2, 37, 38, 0
337, 22, 2, 38, 1, 0
337, 22, 0, 38, 19, 0
337, 22, 1, 41, 29, 0
337, 22, 3, 42, 16, 0
337, 22, 1, 43, 7, 0
337, 22, 0, 45, 10, 0
337, 22, 3, 46, 17, 0
337, 22, 2, 46, 23, 0
356, 10, 0, 16, 51, 0
357, 10, 2, 19, 52, 0
358, 10, 2, 19, 51, 0
391, 5, 1, 28, 60, 0
391, 5, 1, 31, 60, 0
595, 10, 2, 17, 54, 0
595, 10, 1, 31, 58, 0
659, 10, 2, 18, 16, 0
659, 10, 1, 20, 6, 0
659, 10, 1, 43, 30, 0
714, 10, 2, 32, 49, 0
714, 10, 2, 34, 43, 0
724, 10, 0, 26, 25, 0
724, 10, 0, 27, 13, 0
724, 10, 0, 27, 21, 0
724, 10, 0, 28, 7, 0
724, 10, 0, 31, 21, 0
724, 10, 0, 32, 7, 0
724, 10, 0, 32, 13, 0
724, 10, 0, 32, 25, 0
731, 10, 3, 15, 32, 0
731, 10, 3, 15, 37, 0
731, 10, 1, 16, 35, 0
731, 11, 1, 17, 32, 0
731, 10, 0, 17, 37, 0
731, 11, 2, 18, 33, 0
731, 10, 1, 19, 30, 0
731, 10, 2, 19, 32, 0
731, 11, 0, 24, 8, 0
731, 11, 1, 25, 9, 0
731, 11, 3, 25, 12, 0
731, 11, 3, 25, 22, 0
731, 11, 2, 34, 9, 0
731, 11, 0, 34, 20, 0
731, 11, 3, 35, 12, 0
731, 11, 1, 35, 23, 0
731, 11, 1, 36, 7, 0
731, 11, 0, 37, 10, 0
731, 11, 2, 37, 28, 0
731, 10, 0, 37, 32, 0
731, 11, 3, 38, 31, 0
731, 11, 0, 40, 34, 0
731, 11, 1, 40, 36, 0
732, 10, 0, 16, 31, 0
732, 10, 0, 16, 33, 0
732, 10, 1, 16, 36, 0
732, 10, 2, 16, 38, 0
732, 10, 0, 18, 31, 0
732, 10, 3, 18, 35, 0
732, 10, 3, 20, 30, 0
732, 10, 2, 21, 28, 0
732, 10, 1, 23, 8, 0
732, 10, 1, 23, 10, 0
732, 10, 1, 23, 26, 0
732, 10, 2, 24, 11, 0
732, 10, 2, 24, 15, 0
732, 10, 2, 24, 21, 0
732, 10, 0, 24, 23, 0
732, 10, 0, 25, 7, 0
732, 10, 3, 25, 15, 0
732, 10, 3, 25, 17, 0
732, 10, 3, 25, 19, 0
732, 10, 0, 26, 8, 0
732, 10, 1, 26, 10, 0
732, 10, 2, 27, 9, 0
732, 10, 3, 32, 20, 0
732, 10, 0, 33, 8, 0
732, 10, 1, 33, 18, 0
732, 10, 3, 33, 22, 0
732, 10, 3, 34, 7, 0
732, 10, 1, 34, 11, 0
732, 10, 2, 34, 14, 0
732, 10, 0, 34, 17, 0
732, 10, 1, 34, 24, 0
732, 10, 1, 35, 6, 0
732, 10, 0, 35, 10, 0
732, 10, 1, 35, 15, 0
732, 10, 1, 35, 21, 0
732, 10, 2, 35, 22, 0
732, 10, 3, 35, 27, 0
732, 10, 1, 36, 8, 0
732, 10, 2, 36, 10, 0
732, 10, 3, 36, 13, 0
732, 10, 0, 37, 25, 0
732, 10, 1, 37, 30, 0
732, 10, 3, 38, 29, 0
732, 10, 0, 38, 33, 0
732, 10, 0, 38, 34, 0
732, 10, 2, 39, 29, 0
732, 10, 3, 39, 35, 0
732, 10, 3, 40, 32, 0
732, 10, 2, 41, 35, 0
732, 10, 2, 42, 34, 0
732, 10, 1, 42, 37, 0
848, 10, 0, 20, 35, 0
848, 10, 0, 24, 29, 0
848, 10, 0, 30, 26, 0
848, 10, 0, 35, 36, 0
848, 10, 0, 44, 36, 0
849, 10, 1, 12, 36, 0
849, 10, 2, 12, 37, 0
849, 10, 2, 12, 38, 0
849, 10, 2, 12, 40, 0
849, 10, 2, 12, 41, 0
849, 10, 2, 12, 42, 0
849, 10, 2, 12, 46, 0
849, 10, 2, 12, 47, 0
849, 10, 2, 12, 48, 0
849, 10, 2, 12, 50, 0
849, 10, 2, 12, 55, 0
849, 10, 1, 13, 36, 0
849, 10, 1, 14, 36, 0
849, 11, 2, 15, 61, 0
849, 10, 3, 20, 61, 0
849, 10, 3, 21, 61, 0
849, 10, 3, 23, 61, 0
849, 10, 3, 25, 61, 0
849, 10, 3, 28, 61, 0
849, 10, 3, 29, 61, 0
849, 10, 3, 30, 61, 0
849, 10, 3, 31, 61, 0
849, 10, 3, 32, 61, 0
849, 10, 3, 33, 61, 0
849, 10, 3, 36, 61, 0
849, 10, 3, 37, 61, 0
849, 10, 3, 39, 61, 0
849, 10, 3, 44, 61, 0
849, 10, 3, 47, 61, 0
849, 10, 0, 47, 62, 0
849, 10, 0, 48, 40, 0
849, 10, 0, 48, 42, 0
849, 10, 0, 48, 44, 0
849, 10, 0, 48, 45, 0
849, 10, 0, 48, 46, 0
849, 10, 0, 48, 48, 0
849, 10, 3, 48, 61, 0
849, 10, 3, 49, 61, 0
1013, 10, 1, 32, 60, 0
1022, 5, 1, 30, 60, 0
1089, 10, 1, 38, 45, 0
1089, 10, 0, 40, 42, 0
1102, 10, 3, 16, 54, 0
1102, 10, 1, 17, 55, 0
1102, 10, 0, 18, 55, 0
1102, 10, 2, 32, 58, 0
1102, 10, 2, 32, 59, 0
1164, 10, 0, 2, 41, 0
1167, 10, 1, 3, 40, 0
1168, 10, 3, 4, 39, 0
1175, 10, 2, 38, 53, 0
1175, 10, 0, 39, 54, 0
1175, 10, 1, 40, 53, 0
1175, 10, 3, 41, 51, 0
1175, 10, 3, 46, 53, 0
1175, 10, 0, 49, 50, 0
1175, 10, 1, 51, 51, 0
1175, 10, 3, 57, 57, 0
1175, 10, 2, 58, 61, 0
1175, 10, 0, 59, 56, 0
1176, 10, 3, 39, 52, 0
1176, 10, 3, 39, 53, 0
1176, 10, 3, 48, 53, 0
1176, 10, 2, 50, 51, 0
1176, 10, 0, 58, 59, 0
1176, 10, 0, 59, 57, 0
1176, 10, 1, 60, 59, 0
1177, 10, 0, 50, 54, 0
1177, 10, 2, 60, 61, 0
1177, 10, 3, 61, 58, 0
1248, 22, 3, 0, 49, 0
1248, 22, 0, 0, 51, 0
1248, 22, 1, 0, 53, 0
1248, 22, 3, 1, 7, 0
1248, 22, 1, 1, 13, 0
1248, 22, 0, 1, 38, 0
1248, 22, 3, 1, 39, 0
1248, 22, 2, 1, 44, 0
1248, 22, 2, 1, 60, 0
1248, 22, 2, 2, 17, 0
1248, 22, 2, 2, 35, 0
1248, 22, 2, 3, 4, 0
1248, 22, 3, 3, 20, 0
1248, 22, 3, 3, 47, 0
1248, 22, 2, 3, 53, 0
1248, 22, 3, 3, 58, 0
1248, 22, 3, 4, 36, 0
1248, 22, 0, 4, 48, 0
1248, 22, 1, 4, 49, 0
1248, 22, 0, 4, 57, 0
1248, 22, 0, 5, 10, 0
1248, 22, 0, 5, 25, 0
1248, 22, 2, 5, 31, 0
1248, 22, 0, 5, 38, 0
1248, 22, 2, 6, 49, 0
1248, 22, 1, 7, 40, 0
1248, 22, 1, 8, 3, 0
1248, 22, 2, 8, 42, 0
1248, 22, 3, 9, 44, 0
1248, 22, 0, 9, 46, 0
1248, 22, 1, 9, 49, 0
1248, 22, 0, 60, 22, 0
1248, 22, 2, 60, 38, 0
1248, 22, 3, 61, 30, 0
1249, 22, 1, 0, 56, 0
1249, 22, 2, 2, 37, 0
1249, 22, 0, 2, 47, 0
1249, 22, 3, 3, 45, 0
1249, 22, 3, 3, 57, 0
1249, 22, 1, 4, 38, 0
1249, 22, 0, 6, 55, 0
1249, 22, 0, 7, 41, 0
1249, 22, 3, 7, 44, 0
1249, 22, 2, 8, 47, 0
1249, 22, 1, 8, 50, 0
1250, 22, 0, 0, 38, 0
1250, 22, 2, 0, 43, 0
1250, 22, 3, 1, 40, 0
1250, 22, 1, 1, 43, 0
1250, 22, 0, 1, 53, 0
1250, 22, 2, 1, 55, 0
1250, 22, 1, 1, 56, 0
1250, 22, 0, 1, 58, 0
1250, 22, 1, 2, 9, 0
1250, 22, 2, 2, 13, 0
1250, 22, 1, 2, 21, 0
1250, 22, 1, 2, 51, 0
1250, 22, 3, 2, 54, 0
1250, 22, 0, 3, 6, 0
1250, 22, 3, 3, 16, 0
1250, 22, 2, 3, 26, 0
1250, 22, 3, 3, 31, 0
1250, 22, 1, 3, 42, 0
1250, 22, 2, 3, 44, 0
1250, 22, 3, 3, 49, 0
1250, 22, 3, 4, 2, 0
1250, 22, 0, 4, 19, 0
1250, 22, 0, 4, 44, 0
1250, 22, 3, 4, 50, 0
1250, 22, 3, 4, 56, 0
1250, 22, 0, 5, 39, 0
1250, 22, 1, 5, 42, 0
1250, 22, 3, 5, 46, 0
1250, 22, 2, 5, 52, 0
1250, 22, 2, 5, 54, 0
1250, 22, 2, 6, 4, 0
1250, 22, 3, 6, 40, 0
1250, 22, 0, 6, 50, 0
1250, 22, 0, 7, 35, 0
1250, 22, 2, 7, 46, 0
1250, 22, 1, 8, 48, 0
1250, 22, 1, 8, 52, 0
1250, 22, 1, 9, 6, 0
1250, 22, 3, 50, 27, 0
1250, 22, 2, 52, 31, 0
1250, 22, 0, 52, 40, 0
1250, 22, 2, 53, 20, 0
1250, 22, 3, 54, 11, 0
1250, 22, 1, 55, 24, 0
1250, 22, 3, 55, 45, 0
1250, 22, 3, 56, 34, 0
1250, 22, 1, 56, 40, 0
1250, 22, 1, 57, 30, 0
1250, 22, 2, 58, 38, 0
1250, 22, 0, 59, 21, 0
1250, 22, 0, 59, 32, 0
1250, 22, 3, 61, 19, 0
1250, 22, 2, 61, 44, 0
1250, 22, 2, 61, 49, 0
1256, 22, 1, 36, 63, 0
1258, 22, 0, 34, 52, 0
1258, 22, 0, 34, 53, 0
1258, 22, 1, 35, 51, 0
1258, 22, 0, 36, 51, 0
1258, 22, 0, 37, 50, 0
1258, 22, 3, 37, 56, 0
1258, 22, 1, 38, 55, 0
1258, 22, 1, 38, 57, 0
1258, 22, 1, 39, 50, 0
1258, 22, 2, 39, 58, 0
1258, 22, 1, 40, 50, 0
1258, 22, 3, 40, 58, 0
1258, 22, 1, 42, 60, 0
1258, 22, 2, 44, 60, 0
1258, 22, 3, 47, 60, 0
1258, 22, 1, 48, 59, 0
1258, 22, 1, 53, 52, 0
1258, 22, 3, 54, 53, 0
1258, 22, 0, 55, 53, 0
1258, 22, 3, 55, 54, 0
1258, 22, 2, 56, 54, 0
1258, 22, 0, 57, 53, 0
1258, 22, 2, 57, 54, 0
1258, 22, 1, 58, 54, 0
1259, 22, 3, 55, 52, 0
1259, 22, 3, 56, 53, 0
1260, 22, 0, 35, 54, 0
1260, 22, 1, 36, 55, 0
1260, 22, 2, 37, 55, 0
1260, 22, 1, 39, 57, 0
1260, 22, 2, 40, 57, 0
1260, 22, 2, 41, 57, 0
1260, 22, 1, 41, 58, 0
1260, 22, 1, 42, 57, 0
1260, 22, 1, 42, 58, 0
1260, 22, 1, 42, 59, 0
1260, 22, 3, 43, 58, 0
1260, 22, 0, 43, 59, 0
1260, 22, 1, 44, 59, 0
1260, 22, 1, 45, 59, 0
1260, 22, 3, 45, 60, 0
1260, 22, 1, 46, 59, 0
1260, 22, 0, 46, 60, 0
1260, 22, 2, 47, 59, 0
1260, 22, 1, 48, 60, 0
1286, 10, 0, 1, 54, 0
1286, 10, 2, 2, 39, 0
1286, 10, 3, 2, 45, 0
1286, 10, 1, 3, 25, 0
1286, 10, 2, 5, 4, 0
1286, 10, 0, 5, 19, 0
1286, 10, 1, 5, 44, 0
1286, 10, 3, 7, 14, 0
1286, 10, 1, 49, 28, 0
1286, 10, 0, 52, 20, 0
1286, 10, 0, 55, 12, 0
1286, 10, 1, 55, 34, 0
1286, 10, 3, 55, 46, 0
1286, 10, 0, 59, 38, 0
1297, 10, 3, 6, 52, 0
1341, 10, 0, 0, 47, 0
1341, 10, 2, 1, 11, 0
1341, 10, 3, 1, 20, 0
1341, 10, 3, 1, 31, 0
1341, 10, 3, 1, 36, 0
1341, 10, 3, 1, 42, 0
1341, 10, 0, 1, 57, 0
1341, 10, 1, 4, 6, 0
1341, 10, 2, 6, 43, 0
1341, 10, 1, 7, 50, 0
1341, 10, 1, 7, 57, 0
1341, 10, 0, 9, 59, 0
1341, 10, 3, 11, 52, 0
1341, 10, 0, 51, 40, 0
1341, 10, 0, 57, 4, 0
1341, 10, 3, 58, 30, 0
1341, 10, 1, 59, 7, 0
1341, 10, 2, 60, 20, 0
1383, 10, 3, 1, 16, 0
1383, 10, 2, 2, 49, 0
1383, 10, 2, 2, 57, 0
1383, 10, 2, 4, 8, 0
1383, 10, 1, 4, 30, 0
1383, 10, 1, 4, 51, 0
1383, 10, 3, 4, 55, 0
1383, 10, 0, 5, 40, 0
1383, 10, 1, 5, 48, 0
1383, 10, 1, 6, 25, 0
1383, 10, 2, 7, 36, 0
1383, 10, 0, 7, 47, 0
1383, 10, 1, 9, 5, 0
1383, 10, 0, 48, 2, 0
1383, 10, 1, 52, 30, 0
1383, 10, 2, 55, 7, 0
1383, 10, 0, 55, 40, 0
1383, 10, 0, 56, 23, 0
1383, 10, 3, 59, 1, 0
1383, 10, 3, 60, 31, 0
1383, 10, 3, 62, 49, 0
1384, 10, 1, 11, 30, 0
1384, 10, 2, 15, 23, 0
1384, 10, 3, 16, 6, 0
1384, 10, 2, 16, 13, 0
1384, 10, 0, 19, 6, 0
1384, 10, 3, 19, 19, 0
1384, 10, 0, 19, 38, 0
1384, 10, 1, 22, 3, 0
1384, 10, 1, 23, 31, 0
1384, 10, 2, 30, 17, 0
1384, 10, 0, 31, 32, 0
1384, 10, 1, 32, 28, 0
1384, 10, 0, 35, 2, 0
1384, 10, 2, 43, 23, 0
1384, 10, 1, 45, 31, 0
1530, 0, 1, 17, 56, 0
1531, 0, 0, 18, 50, 0
1531, 0, 3, 20, 54, 0
1531, 0, 1, 26, 59, 0
1531, 0, 0, 30, 56, 0
1622, 0, 2, 12, 40, 1
1622, 0, 2, 12, 41, 1
1622, 0, 2, 12, 42, 1
1622, 0, 2, 12, 46, 1
1622, 0, 2, 12, 47, 1
1622, 0, 2, 12, 48, 1
1622, 0, 2, 12, 51, 1
1622, 0, 2, 12, 52, 1
1622, 0, 2, 12, 53, 1
1622, 0, 2, 12, 54, 1
1622, 0, 2, 12, 57, 1
1622, 0, 2, 12, 58, 1
1622, 0, 2, 12, 59, 1
1622, 0, 2, 12, 60, 1
1622, 1, 2, 12, 61, 1
1622, 0, 2, 13, 40, 1
1622, 0, 2, 13, 41, 1
1622, 0, 2, 13, 42, 1
1622, 0, 2, 13, 46, 1
1622, 0, 2, 13, 47, 1
1622, 0, 2, 13, 48, 1
1622, 0, 2, 13, 51, 1
1622, 0, 2, 13, 52, 1
1622, 0, 2, 13, 53, 1
1622, 0, 2, 13, 54, 1
1622, 0, 2, 13, 57, 1
1622, 0, 2, 13, 58, 1
1622, 0, 2, 13, 59, 1
1622, 0, 2, 13, 60, 1
1622, 9, 2, 13, 61, 1
1622, 1, 2, 13, 62, 1
1622, 9, 2, 14, 61, 1
1622, 9, 2, 14, 62, 1
1622, 1, 2, 14, 63, 1
1622, 1, 1, 15, 62, 1
1622, 9, 2, 15, 62, 1
1622, 9, 2, 15, 63, 1
1622, 0, 1, 16, 62, 1
1622, 0, 1, 16, 63, 1
1622, 0, 1, 17, 62, 1
1622, 0, 1, 17, 63, 1
1622, 0, 1, 18, 62, 1
1622, 0, 1, 18, 63, 1
1622, 0, 1, 19, 62, 1
1622, 0, 1, 19, 63, 1
1622, 0, 1, 20, 62, 1
1622, 0, 1, 20, 63, 1
1622, 0, 1, 21, 62, 1
1622, 0, 1, 21, 63, 1
1622, 0, 1, 25, 62, 1
1622, 0, 1, 25, 63, 1
1622, 0, 1, 26, 62, 1
1622, 0, 1, 26, 63, 1
1622, 0, 1, 27, 62, 1
1622, 0, 1, 27, 63, 1
1622, 0, 1, 32, 62, 1
1622, 0, 1, 32, 63, 1
1622, 0, 1, 33, 62, 1
1622, 0, 1, 33, 63, 1
1622, 0, 1, 34, 62, 1
1622, 0, 1, 34, 63, 1
1622, 0, 1, 37, 62, 1
1622, 0, 1, 37, 63, 1
1622, 0, 1, 38, 62, 1
1622, 0, 1, 38, 63, 1
1622, 0, 1, 39, 62, 1
1622, 0, 1, 39, 63, 1
1622, 0, 1, 43, 62, 1
1622, 0, 1, 43, 63, 1
1622, 0, 1, 44, 62, 1
1622, 0, 1, 44, 63, 1
1622, 9, 2, 45, 38, 1
1622, 1, 2, 45, 39, 1
1622, 0, 1, 45, 62, 1
1622, 0, 1, 45, 63, 1
1622, 9, 0, 46, 37, 1
1622, 9, 2, 46, 39, 1
1622, 0, 2, 46, 40, 1
1622, 0, 1, 46, 62, 1
1622, 0, 1, 46, 63, 1
1622, 1, 0, 47, 37, 1
1622, 9, 0, 47, 38, 1
1622, 0, 0, 47, 43, 1
1622, 0, 0, 47, 44, 1
1622, 0, 0, 47, 45, 1
1622, 0, 1, 47, 62, 1
1622, 0, 1, 47, 63, 1
1622, 1, 0, 48, 38, 1
1622, 0, 0, 48, 39, 1
1622, 0, 0, 48, 40, 1
1622, 0, 0, 48, 43, 1
1622, 0, 0, 48, 44, 1
1622, 0, 0, 48, 45, 1
1624, 0, 2, 12, 43, 0
1624, 0, 2, 12, 49, 0
1624, 0, 2, 12, 55, 0
1624, 0, 2, 13, 43, 0
1624, 0, 2, 13, 49, 0
1624, 0, 2, 13, 55, 0
1624, 2, 0, 16, 60, 0
1624, 0, 2, 19, 57, 0
1624, 2, 1, 19, 60, 0
1624, 2, 3, 20, 42, 0
1624, 3, 0, 20, 44, 0
1624, 2, 0, 20, 47, 0
1624, 3, 2, 22, 42, 0
1624, 3, 1, 22, 47, 0
1624, 2, 3, 23, 45, 0
1624, 3, 3, 24, 42, 0
1624, 0, 1, 24, 62, 0
1624, 0, 1, 24, 63, 0
1624, 2, 2, 25, 42, 0
1624, 3, 2, 25, 43, 0
1624, 2, 2, 25, 45, 0
1624, 2, 1, 25, 47, 0
1624, 3, 2, 26, 43, 0
1624, 3, 1, 28, 44, 0
1624, 0, 1, 29, 44, 0
1624, 2, 1, 29, 47, 0
1624, 3, 0, 30, 44, 0
1624, 0, 0, 30, 45, 0
1624, 0, 1, 31, 62, 0
1624, 0, 1, 31, 63, 0
1624, 2, 3, 33, 40, 0
1624, 3, 0, 33, 41, 0
1624, 2, 0, 33, 43, 0
1624, 0, 3, 34, 57, 0
1624, 3, 0, 36, 44, 0
1624, 0, 0, 36, 45, 0
1624, 2, 2, 36, 57, 0
1624, 2, 1, 36, 60, 0
1624, 0, 1, 36, 62, 0
1624, 0, 1, 36, 63, 0
1624, 0, 3, 37, 40, 0
1624, 3, 0, 37, 43, 0
1624, 3, 0, 38, 43, 0
1624, 3, 3, 39, 40, 0
1624, 3, 1, 39, 42, 0
1624, 0, 1, 42, 62, 0
1624, 0, 1, 42, 63, 0
1624, 0, 0, 47, 42, 0
1624, 0, 0, 48, 42, 0
1624, 2, 3, 36, 40, 1
1624, 2, 0, 36, 46, 1
1624, 2, 1, 39, 46, 1
1625, 0, 2, 12, 39, 0
1625, 0, 2, 12, 45, 0
1625, 0, 2, 12, 50, 0
1625, 0, 2, 12, 56, 0
1625, 0, 2, 13, 39, 0
1625, 0, 2, 13, 45, 0
1625, 0, 2, 13, 50, 0
1625, 0, 2, 13, 56, 0
1625, 0, 0, 16, 57, 0
1625, 0, 1, 22, 62, 0
1625, 0, 1, 22, 63, 0
1625, 0, 2, 25, 44, 0
1625, 0, 1, 26, 44, 0
1625, 0, 1, 26, 47, 0
1625, 0, 1, 28, 62, 0
1625, 0, 1, 28, 63, 0
1625, 0, 1, 34, 60, 0
1625, 0, 3, 35, 40, 0
1625, 0, 1, 35, 62, 0
1625, 0, 1, 35, 63, 0
1625, 2, 0, 36, 43, 0
1625, 0, 0, 37, 44, 0
1625, 0, 2, 39, 45, 0
1625, 0, 1, 40, 62, 0
1625, 0, 1, 40, 63, 0
1625, 0, 0, 47, 41, 0
1625, 0, 0, 47, 46, 0
1625, 0, 0, 48, 41, 0
1625, 0, 0, 48, 46, 0
1626, 0, 2, 12, 38, 0
1626, 0, 2, 12, 44, 0
1626, 0, 2, 13, 44, 0
1626, 0, 0, 16, 59, 0
1626, 0, 1, 17, 60, 0
1626, 0, 2, 19, 59, 0
1626, 0, 0, 20, 43, 0
1626, 0, 0, 20, 45, 0
1626, 0, 0, 20, 46, 0
1626, 0, 3, 21, 42, 0
1626, 0, 1, 21, 47, 0
1626, 0, 3, 23, 42, 0
1626, 0, 0, 23, 46, 0
1626, 0, 1, 23, 47, 0
1626, 0, 1, 23, 62, 0
1626, 0, 1, 23, 63, 0
1626, 0, 3, 24, 45, 0
1626, 0, 1, 24, 47, 0
1626, 0, 3, 27, 43, 0
1626, 0, 1, 27, 44, 0
1626, 3, 1, 27, 46, 0
1626, 0, 1, 27, 47, 0
1626, 3, 3, 28, 43, 0
1626, 3, 1, 28, 46, 0
1626, 3, 1, 29, 46, 0
1626, 0, 1, 29, 62, 0
1626, 0, 1, 29, 63, 0
1626, 0, 1, 30, 62, 0
1626, 0, 1, 30, 63, 0
1626, 0, 0, 33, 42, 0
1626, 3, 0, 33, 44, 0
1626, 0, 3, 34, 40, 0
1626, 0, 1, 34, 43, 0
1626, 3, 0, 34, 44, 0
1626, 0, 3, 35, 57, 0
1626, 0, 1, 35, 60, 0
1626, 0, 2, 36, 59, 0
1626, 3, 0, 37, 45, 0
1626, 0, 3, 38, 40, 0
1626, 3, 0, 38, 45, 0
1626, 0, 2, 39, 43, 0
1626, 0, 2, 39, 44, 0
1626, 0, 3, 40, 40, 0
1626, 0, 1, 40, 45, 0
1626, 2, 2, 41, 40, 0
1626, 0, 2, 41, 42, 0
1626, 2, 1, 41, 45, 0
1626, 0, 1, 41, 62, 0
1626, 0, 1, 41, 63, 0
1626, 3, 3, 43, 40, 0
1626, 0, 0, 47, 47, 0
1626, 0, 0, 48, 47, 0
1626, 0, 0, 36, 41, 1
1626, 0, 1, 37, 46, 1
1626, 0, 1, 38, 46, 1
1629, 22, 0, 18, 57, 0
1629, 22, 3, 20, 45, 0
1629, 22, 3, 21, 60, 0
1629, 22, 3, 22, 42, 0
1629, 22, 2, 22, 43, 0
1629, 22, 3, 22, 45, 0
1629, 22, 3, 24, 42, 0
1629, 22, 3, 29, 43, 0
1629, 22, 0, 30, 44, 0
1629, 22, 3, 35, 44, 0
1629, 22, 1, 35, 46, 0
1629, 22, 0, 35, 59, 0
1629, 22, 0, 35, 60, 0
1629, 22, 1, 36, 42, 0
1629, 22, 0, 38, 43, 0
1629, 22, 0, 38, 45, 0
1629, 22, 2, 38, 59, 0
1629, 22, 3, 38, 60, 0
1629, 22, 2, 39, 41, 0
1629, 22, 2, 39, 42, 0
1629, 22, 1, 40, 41, 0
1629, 22, 1, 42, 45, 0
1630, 22, 0, 18, 58, 0
1630, 22, 0, 18, 59, 0
1630, 22, 3, 20, 60, 0
1630, 22, 3, 21, 45, 0
1630, 22, 3, 26, 43, 0
1630, 22, 3, 28, 43, 0
1630, 22, 2, 32, 45, 0
1630, 22, 2, 33, 45, 0
1630, 22, 1, 34, 46, 0
1630, 22, 0, 35, 57, 0
1630, 22, 0, 35, 58, 0
1630, 22, 1, 37, 42, 0
1630, 22, 1, 38, 42, 0
1630, 22, 0, 38, 44, 0
1630, 22, 2, 39, 40, 0
1631, 0, 2, 12, 40, 0
1631, 0, 2, 12, 41, 0
1631, 0, 2, 12, 42, 0
1631, 0, 2, 12, 46, 0
1631, 0, 2, 12, 47, 0
1631, 0, 2, 12, 48, 0
1631, 0, 2, 12, 51, 0
1631, 0, 2, 12, 52, 0
1631, 0, 2, 12, 53, 0
1631, 0, 2, 12, 54, 0
1631, 0, 2, 12, 57, 0
1631, 0, 2, 12, 58, 0
1631, 0, 2, 12, 59, 0
1631, 0, 2, 12, 60, 0
1631, 1, 2, 12, 61, 0
1631, 2, 2, 13, 40, 0
1631, 0, 2, 13, 41, 0
1631, 2, 1, 13, 42, 0
1631, 2, 2, 13, 46, 0
1631, 0, 2, 13, 47, 0
1631, 2, 1, 13, 48, 0
1631, 2, 2, 13, 51, 0
1631, 0, 2, 13, 52, 0
1631, 0, 2, 13, 53, 0
1631, 2, 1, 13, 54, 0
1631, 2, 2, 13, 57, 0
1631, 0, 2, 13, 58, 0
1631, 0, 2, 13, 59, 0
1631, 0, 2, 13, 60, 0
1631, 9, 2, 13, 61, 0
1631, 1, 2, 13, 62, 0
1631, 1, 0, 14, 60, 0
1631, 9, 0, 14, 61, 0
1631, 9, 2, 14, 62, 0
1631, 1, 2, 14, 63, 0
1631, 1, 0, 15, 61, 0
1631, 9, 0, 15, 62, 0
1631, 9, 2, 15, 63, 0
1631, 2, 3, 16, 51, 0
1631, 0, 0, 16, 52, 0
1631, 0, 0, 16, 53, 0
1631, 0, 0, 16, 54, 0
1631, 0, 0, 16, 55, 0
1631, 2, 0, 16, 56, 0
1631, 0, 1, 16, 62, 0
1631, 2, 0, 16, 63, 0
1631, 0, 3, 17, 51, 0
1631, 0, 1, 17, 62, 0
1631, 0, 1, 17, 63, 0
1631, 0, 1, 18, 56, 0
1631, 0, 1, 18, 62, 0
1631, 0, 1, 18, 63, 0
1631, 2, 2, 19, 51, 0
1631, 0, 2, 19, 52, 0
1631, 0, 2, 19, 53, 0
1631, 0, 2, 19, 55, 0
1631, 2, 1, 19, 56, 0
1631, 0, 1, 19, 62, 0
1631, 0, 1, 19, 63, 0
1631, 0, 1, 20, 62, 0
1631, 0, 1, 20, 63, 0
1631, 0, 1, 21, 62, 0
1631, 2, 1, 21, 63, 0
1631, 0, 1, 25, 62, 0
1631, 2, 0, 25, 63, 0
1631, 0, 1, 26, 62, 0
1631, 0, 1, 26, 63, 0
1631, 2, 3, 27, 57, 0
1631, 0, 0, 27, 58, 0
1631, 2, 0, 27, 60, 0
1631, 0, 1, 27, 62, 0
1631, 2, 1, 27, 63, 0
1631, 0, 3, 28, 57, 0
1631, 0, 1, 28, 60, 0
1631, 0, 3, 29, 57, 0
1631, 0, 1, 29, 60, 0
1631, 0, 1, 30, 60, 0
1631, 0, 3, 31, 57, 0
1631, 0, 1, 31, 60, 0
1631, 0, 3, 32, 57, 0
1631, 0, 1, 32, 60, 0
1631, 0, 1, 32, 62, 0
1631, 2, 0, 32, 63, 0
1631, 2, 2, 33, 57, 0
1631, 0, 2, 33, 58, 0
1631, 0, 2, 33, 59, 0
1631, 2, 1, 33, 60, 0
1631, 0, 1, 33, 62, 0
1631, 0, 1, 33, 63, 0
1631, 0, 1, 34, 62, 0
1631, 2, 1, 34, 63, 0
1631, 2, 3, 36, 40, 0
1631, 0, 0, 36, 41, 0
1631, 0, 0, 36, 42, 0
1631, 2, 0, 36, 46, 0
1631, 0, 1, 37, 46, 0
1631, 0, 1, 37, 62, 0
1631, 2, 0, 37, 63, 0
1631, 0, 1, 38, 46, 0
1631, 0, 1, 38, 62, 0
1631, 0, 1, 38, 63, 0
1631, 2, 1, 39, 46, 0
1631, 0, 1, 39, 62, 0
1631, 2, 1, 39, 63, 0
1631, 0, 1, 43, 62, 0
1631, 2, 0, 43, 63, 0
1631, 0, 1, 44, 62, 0
1631, 0, 1, 44, 63, 0
1631, 9, 3, 45, 37, 0
1631, 9, 0, 45, 38, 0
1631, 0, 1, 45, 62, 0
1631, 0, 1, 45, 63, 0
1631, 9, 0, 46, 37, 0
1631, 1, 0, 46, 38, 0
1631, 9, 0, 46, 39, 0
1631, 0, 1, 46, 62, 0
1631, 0, 1, 46, 63, 0
1631, 1, 0, 47, 37, 0
1631, 9, 0, 47, 38, 0
1631, 1, 0, 47, 39, 0
1631, 2, 0, 47, 40, 0
1631, 2, 3, 47, 43, 0
1631, 0, 0, 47, 44, 0
1631, 2, 0, 47, 45, 0
1631, 0, 1, 47, 62, 0
1631, 2, 1, 47, 63, 0
1631, 1, 0, 48, 38, 0
1631, 0, 0, 48, 39, 0
1631, 0, 0, 48, 40, 0
1631, 0, 0, 48, 43, 0
1631, 0, 0, 48, 44, 0
1631, 0, 0, 48, 45, 0
1640, 12, 2, 16, 51, 1
1640, 12, 2, 16, 52, 1
1640, 12, 2, 16, 53, 1
1640, 12, 2, 16, 54, 1
1640, 12, 2, 16, 55, 1
1640, 12, 2, 16, 56, 1
1640, 17, 2, 17, 51, 1
1640, 17, 2, 17, 52, 1
1640, 17, 2, 17, 53, 1
1640, 17, 2, 17, 54, 1
1640, 17, 2, 17, 55, 1
1640, 17, 2, 17, 56, 1
1640, 17, 2, 18, 51, 1
1640, 17, 2, 18, 52, 1
1640, 17, 2, 18, 53, 1
1640, 17, 2, 18, 54, 1
1640, 17, 2, 18, 55, 1
1640, 17, 2, 18, 56, 1
1640, 12, 0, 19, 51, 1
1640, 12, 0, 19, 52, 1
1640, 12, 0, 19, 53, 1
1640, 12, 0, 19, 54, 1
1640, 12, 0, 19, 55, 1
1640, 12, 0, 19, 56, 1
1640, 12, 1, 27, 57, 1
1640, 17, 1, 27, 58, 1
1640, 17, 1, 27, 59, 1
1640, 12, 3, 27, 60, 1
1640, 12, 1, 28, 57, 1
1640, 17, 1, 28, 58, 1
1640, 17, 1, 28, 59, 1
1640, 12, 3, 28, 60, 1
1640, 12, 1, 29, 57, 1
1640, 17, 1, 29, 58, 1
1640, 17, 1, 29, 59, 1
1640, 12, 3, 29, 60, 1
1640, 12, 1, 30, 57, 1
1640, 17, 1, 30, 58, 1
1640, 17, 1, 30, 59, 1
1640, 12, 3, 30, 60, 1
1640, 12, 1, 31, 57, 1
1640, 17, 1, 31, 58, 1
1640, 17, 1, 31, 59, 1
1640, 12, 3, 31, 60, 1
1640, 12, 1, 32, 57, 1
1640, 17, 1, 32, 58, 1
1640, 17, 1, 32, 59, 1
1640, 12, 3, 32, 60, 1
1640, 12, 1, 33, 57, 1
1640, 17, 1, 33, 58, 1
1640, 17, 1, 33, 59, 1
1640, 12, 3, 33, 60, 1
1793, 18, 2, 15, 51, 1
1793, 18, 2, 15, 52, 1
1793, 18, 2, 15, 53, 1
1793, 18, 2, 15, 54, 1
1793, 18, 2, 15, 55, 1
1793, 18, 2, 15, 56, 1
1793, 18, 0, 20, 51, 1
1793, 18, 0, 20, 52, 1
1793, 18, 0, 20, 53, 1
1793, 18, 0, 20, 54, 1
1793, 18, 0, 20, 55, 1
1793, 18, 0, 20, 56, 1
1793, 18, 1, 27, 56, 1
1793, 18, 1, 28, 56, 1
1793, 18, 1, 29, 56, 1
1793, 18, 1, 30, 56, 1
1793, 18, 1, 31, 56, 1
1793, 18, 1, 32, 56, 1
1793, 18, 1, 33, 56, 1
1838, 4, 2, 15, 53, 0
1838, 5, 0, 16, 53, 0
1844, 5, 2, 19, 52, 0
1844, 5, 2, 19, 55, 0
1844, 4, 0, 20, 52, 0
1844, 4, 0, 20, 55, 0
1844, 4, 1, 28, 56, 0
1844, 5, 3, 28, 57, 0
1844, 5, 3, 32, 57, 0
1845, 4, 1, 32, 56, 0
2728, 10, 1, 28, 60, 0
2732, 10, 2, 27, 40, 0
2732, 10, 2, 27, 50, 0
2732, 10, 2, 30, 39, 0
2732, 10, 2, 33, 40, 0
2733, 22, 2, 18, 53, 0
2759, 22, 0, 42, 56, 0
2769, 22, 2, 30, 58, 0
