198, 7, 1, 56, 14, 0
198, 4, 2, 62, 15, 0
198, 4, 2, 62, 19, 0
320, 22, 3, 6, 9, 0
320, 22, 1, 7, 7, 0
320, 22, 2, 7, 8, 0
320, 22, 1, 7, 9, 0
320, 22, 0, 8, 7, 0
320, 22, 0, 8, 10, 0
320, 22, 3, 9, 6, 0
320, 22, 2, 9, 11, 0
320, 22, 0, 20, 19, 0
320, 22, 1, 20, 21, 0
320, 22, 1, 21, 14, 0
320, 22, 0, 21, 16, 0
320, 22, 2, 21, 17, 0
320, 22, 1, 21, 18, 0
320, 22, 3, 21, 19, 0
320, 22, 3, 21, 20, 0
320, 22, 0, 21, 21, 0
320, 22, 1, 22, 15, 0
320, 22, 0, 22, 16, 0
320, 22, 3, 23, 17, 0
320, 22, 3, 23, 22, 0
320, 22, 2, 24, 16, 0
320, 22, 0, 24, 18, 0
320, 22, 2, 24, 21, 0
320, 22, 2, 25, 16, 0
320, 22, 1, 25, 17, 0
320, 22, 3, 25, 21, 0
320, 22, 0, 25, 22, 0
320, 22, 1, 26, 15, 0
320, 22, 0, 26, 17, 0
320, 22, 0, 26, 20, 0
320, 22, 2, 26, 22, 0
320, 22, 3, 27, 18, 0
320, 22, 1, 27, 19, 0
320, 22, 1, 27, 21, 0
320, 22, 1, 27, 22, 0
320, 22, 2, 28, 18, 0
320, 22, 3, 28, 20, 0
320, 22, 0, 28, 22, 0
320, 22, 1, 29, 17, 0
320, 22, 2, 29, 19, 0
320, 22, 0, 29, 20, 0
320, 22, 3, 29, 23, 0
320, 22, 2, 29, 24, 0
320, 22, 2, 31, 15, 0
320, 22, 1, 31, 16, 0
320, 22, 0, 32, 13, 0
320, 22, 3, 32, 14, 0
320, 22, 1, 43, 43, 0
320, 22, 2, 44, 44, 0
320, 22, 0, 44, 45, 0
320, 22, 3, 45, 44, 0
320, 22, 1, 45, 46, 0
320, 22, 2, 46, 45, 0
320, 22, 0, 46, 46, 0
320, 22, 0, 46, 49, 0
320, 22, 1, 47, 45, 0
320, 22, 2, 47, 47, 0
320, 22, 3, 47, 48, 0
320, 22, 0, 47, 49, 0
320, 22, 2, 47, 50, 0
320, 22, 0, 48, 47, 0
320, 22, 2, 48, 49, 0
320, 22, 2, 49, 48, 0
320, 22, 3, 58, 13, 0
320, 22, 0, 59, 14, 0
320, 22, 1, 60, 14, 0
320, 22, 2, 60, 20, 0
320, 22, 1, 60, 21, 0
320, 22, 2, 61, 15, 0
320, 22, 1, 61, 16, 0
320, 22, 2, 61, 18, 0
320, 22, 1, 61, 19, 0
320, 22, 0, 62, 16, 0
320, 22, 3, 62, 17, 0
320, 22, 0, 62, 20, 0
321, 22, 3, 6, 8, 0
321, 22, 0, 7, 10, 0
321, 22, 2, 8, 6, 0
321, 22, 1, 8, 11, 0
321, 22, 3, 9, 9, 0
321, 22, 1, 19, 19, 0
321, 22, 1, 20, 18, 0
321, 22, 2, 20, 20, 0
321, 22, 2, 21, 15, 0
321, 22, 3, 22, 17, 0
321, 22, 0, 24, 17, 0
321, 22, 0, 24, 22, 0
321, 22, 2, 25, 12, 0
321, 22, 1, 26, 16, 0
321, 22, 2, 26, 21, 0
321, 22, 1, 27, 17, 0
321, 22, 0, 28, 17, 0
321, 22, 0, 28, 19, 0
321, 22, 3, 28, 23, 0
321, 22, 3, 31, 14, 0
321, 22, 3, 43, 44, 0
321, 22, 2, 45, 45, 0
321, 22, 1, 46, 50, 0
321, 22, 0, 47, 46, 0
321, 22, 1, 48, 48, 0
321, 22, 1, 59, 13, 0
321, 22, 2, 60, 13, 0
321, 22, 0, 61, 20, 0
321, 22, 3, 62, 15, 0
321, 22, 1, 62, 18, 0
324, 22, 0, 1, 15, 1
324, 22, 2, 5, 0, 1
324, 22, 2, 13, 25, 1
324, 22, 3, 14, 1, 1
324, 22, 1, 18, 27, 1
324, 22, 0, 24, 29, 1
324, 22, 2, 30, 34, 1
324, 22, 1, 33, 35, 1
324, 22, 0, 34, 41, 1
324, 22, 0, 40, 0, 1
324, 22, 3, 41, 51, 1
324, 22, 1, 50, 1, 1
324, 22, 1, 50, 53, 1
324, 22, 2, 57, 10, 1
324, 22, 1, 57, 43, 1
324, 22, 3, 58, 33, 1
324, 22, 0, 58, 36, 1
325, 22, 3, 12, 8, 0
325, 22, 3, 12, 10, 0
325, 22, 0, 13, 9, 0
325, 22, 2, 13, 11, 0
325, 22, 1, 14, 8, 0
325, 22, 1, 14, 10, 0
325, 22, 0, 15, 9, 0
325, 22, 2, 16, 8, 0
325, 22, 3, 16, 10, 0
325, 22, 3, 17, 8, 0
325, 22, 1, 17, 9, 0
325, 22, 1, 17, 10, 0
325, 22, 0, 18, 10, 0
325, 22, 2, 19, 8, 0
325, 22, 1, 19, 9, 0
325, 22, 0, 20, 8, 0
325, 22, 3, 20, 9, 0
325, 22, 2, 21, 9, 0
325, 22, 3, 22, 6, 0
325, 22, 0, 22, 7, 0
325, 22, 1, 22, 8, 0
325, 22, 3, 23, 5, 0
325, 22, 1, 24, 4, 0
325, 22, 0, 24, 5, 0
325, 22, 3, 25, 3, 0
325, 22, 2, 26, 4, 0
325, 22, 2, 28, 4, 0
325, 22, 3, 29, 4, 0
325, 22, 0, 29, 5, 0
325, 22, 3, 31, 5, 0
325, 22, 1, 31, 6, 0
325, 22, 3, 31, 24, 0
325, 22, 2, 32, 6, 0
325, 22, 2, 32, 21, 0
325, 22, 1, 32, 23, 0
325, 22, 2, 32, 25, 0
325, 22, 1, 33, 5, 0
325, 22, 1, 33, 20, 0
325, 22, 3, 33, 22, 0
325, 22, 1, 33, 24, 0
325, 22, 1, 34, 20, 0
325, 22, 0, 34, 21, 0
325, 22, 2, 34, 22, 0
325, 22, 0, 34, 23, 0
325, 22, 0, 35, 6, 0
325, 22, 2, 35, 8, 0
325, 22, 0, 35, 14, 0
325, 22, 1, 35, 21, 0
325, 22, 3, 35, 23, 0
325, 22, 3, 35, 24, 0
325, 22, 3, 36, 8, 0
325, 22, 3, 36, 13, 0
325, 22, 1, 36, 15, 0
325, 22, 0, 36, 22, 0
325, 22, 2, 36, 23, 0
325, 22, 0, 36, 25, 0
325, 22, 2, 37, 9, 0
325, 22, 2, 37, 10, 0
325, 22, 0, 37, 11, 0
325, 22, 2, 37, 13, 0
325, 22, 2, 37, 14, 0
325, 22, 2, 37, 22, 0
325, 22, 1, 37, 23, 0
325, 22, 1, 37, 24, 0
325, 22, 3, 37, 25, 0
325, 22, 1, 38, 12, 0
325, 22, 1, 38, 15, 0
325, 22, 3, 38, 22, 0
325, 22, 1, 38, 24, 0
325, 22, 3, 39, 10, 0
325, 22, 0, 39, 12, 0
325, 22, 2, 39, 14, 0
325, 22, 0, 39, 16, 0
325, 22, 3, 40, 15, 0
325, 22, 0, 40, 16, 0
325, 22, 1, 42, 37, 0
325, 22, 1, 42, 39, 0
325, 22, 0, 42, 40, 0
325, 22, 1, 43, 37, 0
325, 22, 2, 43, 38, 0
325, 22, 3, 43, 39, 0
325, 22, 3, 44, 38, 0
325, 22, 1, 44, 39, 0
325, 22, 2, 45, 37, 0
325, 22, 3, 45, 38, 0
325, 22, 0, 45, 40, 0
325, 22, 2, 46, 36, 0
325, 22, 2, 0, 6, 1
325, 22, 1, 0, 7, 1
325, 22, 2, 1, 5, 1
325, 22, 0, 1, 7, 1
325, 22, 3, 1, 8, 1
325, 22, 3, 1, 16, 1
325, 22, 0, 2, 2, 1
325, 22, 3, 2, 16, 1
325, 22, 1, 2, 17, 1
325, 22, 0, 2, 18, 1
325, 22, 3, 3, 1, 1
325, 22, 2, 3, 2, 1
325, 22, 1, 3, 16, 1
325, 22, 0, 4, 0, 1
325, 22, 3, 4, 20, 1
325, 22, 2, 5, 1, 1
325, 22, 2, 5, 17, 1
325, 22, 2, 5, 21, 1
325, 22, 2, 6, 0, 1
325, 22, 3, 6, 17, 1
325, 22, 1, 6, 18, 1
325, 22, 1, 7, 17, 1
325, 22, 0, 7, 19, 1
325, 22, 1, 7, 23, 1
325, 22, 2, 8, 18, 1
325, 22, 2, 8, 22, 1
325, 22, 0, 10, 19, 1
325, 22, 0, 10, 20, 1
325, 22, 3, 11, 20, 1
325, 22, 1, 12, 25, 1
325, 22, 0, 12, 26, 1
325, 22, 2, 13, 24, 1
325, 22, 3, 14, 2, 1
325, 22, 0, 15, 1, 1
325, 22, 1, 15, 2, 1
325, 22, 1, 15, 29, 1
325, 22, 3, 16, 3, 1
325, 22, 3, 16, 28, 1
325, 22, 2, 16, 29, 1
325, 22, 0, 17, 27, 1
325, 22, 3, 18, 26, 1
325, 22, 0, 19, 1, 1
325, 22, 2, 19, 27, 1
325, 22, 1, 20, 31, 1
325, 22, 0, 21, 31, 1
325, 22, 3, 22, 29, 1
325, 22, 1, 23, 28, 1
325, 22, 2, 23, 29, 1
325, 22, 0, 23, 30, 1
325, 22, 0, 24, 28, 1
325, 22, 3, 24, 30, 1
325, 22, 3, 25, 29, 1
325, 22, 2, 26, 29, 1
325, 22, 2, 27, 31, 1
325, 22, 1, 28, 31, 1
325, 22, 1, 28, 32, 1
325, 22, 0, 28, 35, 1
325, 22, 0, 29, 32, 1
325, 22, 1, 29, 35, 1
325, 22, 0, 30, 31, 1
325, 22, 2, 30, 32, 1
325, 22, 2, 30, 35, 1
325, 22, 0, 31, 34, 1
325, 22, 1, 33, 33, 1
325, 22, 2, 33, 34, 1
325, 22, 1, 33, 39, 1
325, 22, 2, 33, 40, 1
325, 22, 0, 34, 33, 1
325, 22, 1, 34, 40, 1
325, 22, 0, 34, 42, 1
325, 22, 3, 36, 44, 1
325, 22, 1, 36, 45, 1
325, 22, 2, 36, 50, 1
325, 22, 0, 37, 44, 1
325, 22, 3, 37, 45, 1
325, 22, 1, 37, 51, 1
325, 22, 0, 38, 0, 1
325, 22, 0, 38, 51, 1
325, 22, 3, 38, 54, 1
325, 22, 1, 39, 0, 1
325, 22, 1, 40, 50, 1
325, 22, 2, 40, 51, 1
325, 22, 1, 41, 53, 1
325, 22, 2, 42, 0, 1
325, 22, 0, 42, 51, 1
325, 22, 3, 42, 52, 1
325, 22, 2, 42, 53, 1
325, 22, 3, 43, 0, 1
325, 22, 0, 43, 52, 1
325, 22, 0, 47, 0, 1
325, 22, 2, 47, 52, 1
325, 22, 1, 47, 53, 1
325, 22, 3, 48, 52, 1
325, 22, 0, 48, 53, 1
325, 22, 0, 49, 0, 1
325, 22, 0, 49, 53, 1
325, 22, 1, 50, 0, 1
325, 22, 0, 50, 52, 1
325, 22, 2, 51, 0, 1
325, 22, 3, 51, 1, 1
325, 22, 1, 51, 52, 1
325, 22, 3, 51, 53, 1
325, 22, 1, 52, 51, 1
325, 22, 3, 52, 52, 1
325, 22, 1, 53, 50, 1
325, 22, 2, 53, 51, 1
325, 22, 0, 54, 2, 1
325, 22, 0, 54, 47, 1
325, 22, 1, 54, 48, 1
325, 22, 3, 54, 49, 1
325, 22, 0, 54, 50, 1
325, 22, 2, 54, 52, 1
325, 22, 2, 55, 2, 1
325, 22, 0, 55, 12, 1
325, 22, 2, 55, 47, 1
325, 22, 3, 55, 48, 1
325, 22, 0, 56, 3, 1
325, 22, 1, 56, 4, 1
325, 22, 0, 56, 11, 1
325, 22, 3, 56, 42, 1
325, 22, 0, 56, 43, 1
325, 22, 2, 57, 32, 1
325, 22, 2, 57, 34, 1
325, 22, 0, 57, 36, 1
325, 22, 3, 57, 41, 1
325, 22, 3, 57, 42, 1
325, 22, 3, 58, 8, 1
325, 22, 0, 58, 9, 1
325, 22, 1, 58, 10, 1
325, 22, 3, 58, 11, 1
325, 22, 3, 58, 32, 1
325, 22, 0, 58, 34, 1
325, 22, 2, 58, 37, 1
325, 22, 0, 58, 38, 1
325, 22, 1, 58, 39, 1
325, 22, 1, 58, 46, 1
325, 22, 1, 58, 48, 1
325, 22, 2, 59, 6, 1
325, 22, 3, 59, 25, 1
325, 22, 2, 59, 27, 1
325, 22, 3, 59, 28, 1
325, 22, 0, 59, 29, 1
325, 22, 1, 59, 37, 1
325, 22, 0, 59, 46, 1
325, 22, 3, 59, 47, 1
325, 22, 3, 59, 48, 1
325, 22, 1, 60, 5, 1
325, 22, 1, 60, 6, 1
325, 22, 0, 60, 7, 1
325, 22, 0, 60, 25, 1
325, 22, 2, 60, 27, 1
325, 22, 0, 60, 28, 1
325, 22, 1, 60, 32, 1
325, 22, 0, 61, 10, 1
325, 22, 3, 61, 11, 1
325, 22, 1, 61, 23, 1
325, 22, 2, 61, 31, 1
325, 22, 3, 61, 32, 1
325, 22, 2, 62, 11, 1
325, 22, 0, 62, 23, 1
325, 22, 1, 63, 11, 1
325, 22, 3, 63, 12, 1
326, 22, 2, 10, 9, 0
326, 22, 3, 11, 10, 0
326, 22, 0, 12, 11, 0
326, 22, 2, 13, 8, 0
326, 22, 1, 14, 9, 0
326, 22, 3, 15, 8, 0
326, 22, 0, 15, 10, 0
326, 22, 1, 16, 9, 0
326, 22, 1, 18, 8, 0
326, 22, 0, 18, 9, 0
326, 22, 0, 19, 10, 0
326, 22, 2, 21, 8, 0
326, 22, 1, 23, 6, 0
326, 22, 3, 25, 4, 0
326, 22, 0, 30, 5, 0
326, 22, 1, 32, 5, 0
326, 22, 2, 32, 18, 0
326, 22, 1, 32, 24, 0
326, 22, 2, 33, 21, 0
326, 22, 0, 34, 24, 0
326, 22, 1, 35, 22, 0
326, 22, 3, 36, 7, 0
326, 22, 1, 36, 14, 0
326, 22, 2, 36, 21, 0
326, 22, 0, 36, 24, 0
326, 22, 2, 37, 15, 0
326, 22, 0, 38, 10, 0
326, 22, 0, 38, 11, 0
326, 22, 3, 38, 23, 0
326, 22, 3, 39, 11, 0
326, 22, 3, 39, 15, 0
326, 22, 1, 42, 38, 0
326, 22, 0, 44, 37, 0
326, 22, 2, 45, 39, 0
326, 22, 3, 46, 37, 0
326, 22, 0, 0, 5, 1
326, 22, 1, 1, 6, 1
326, 22, 2, 1, 9, 1
326, 22, 3, 1, 17, 1
326, 22, 3, 2, 3, 1
326, 22, 3, 4, 1, 1
326, 22, 1, 4, 21, 1
326, 22, 2, 7, 0, 1
326, 22, 1, 7, 18, 1
326, 22, 0, 7, 22, 1
326, 22, 2, 8, 23, 1
326, 22, 1, 13, 26, 1
326, 22, 0, 15, 3, 1
326, 22, 0, 15, 28, 1
326, 22, 3, 16, 4, 1
326, 22, 2, 17, 2, 1
326, 22, 3, 17, 26, 1
326, 22, 3, 18, 28, 1
326, 22, 0, 20, 30, 1
326, 22, 1, 22, 28, 1
326, 22, 1, 22, 32, 1
326, 22, 1, 23, 0, 1
326, 22, 2, 25, 28, 1
326, 22, 3, 29, 31, 1
326, 22, 2, 31, 35, 1
326, 22, 0, 33, 41, 1
326, 22, 1, 34, 38, 1
326, 22, 0, 34, 39, 1
326, 22, 3, 36, 43, 1
326, 22, 2, 37, 46, 1
326, 22, 1, 37, 48, 1
326, 22, 3, 38, 50, 1
326, 22, 0, 38, 52, 1
326, 22, 0, 39, 1, 1
326, 22, 3, 41, 0, 1
326, 22, 1, 41, 52, 1
326, 22, 2, 43, 51, 1
326, 22, 3, 46, 0, 1
326, 22, 0, 46, 52, 1
326, 22, 1, 48, 0, 1
326, 22, 2, 49, 52, 1
326, 22, 2, 51, 51, 1
326, 22, 3, 52, 1, 1
326, 22, 2, 53, 52, 1
326, 22, 0, 54, 12, 1
326, 22, 0, 54, 46, 1
326, 22, 1, 55, 3, 1
326, 22, 0, 57, 3, 1
326, 22, 1, 57, 11, 1
326, 22, 0, 57, 33, 1
326, 22, 1, 57, 37, 1
326, 22, 2, 58, 7, 1
326, 22, 3, 58, 40, 1
326, 22, 3, 58, 47, 1
326, 22, 3, 59, 5, 1
326, 22, 3, 59, 26, 1
326, 22, 0, 60, 26, 1
326, 22, 0, 60, 31, 1
326, 22, 2, 62, 10, 1
333, 22, 0, 42, 23, 0
333, 22, 1, 43, 19, 0
333, 22, 1, 43, 22, 0
333, 22, 3, 43, 24, 0
333, 22, 0, 43, 25, 0
333, 22, 1, 43, 28, 0
333, 22, 3, 43, 29, 0
333, 22, 2, 43, 30, 0
333, 22, 3, 44, 12, 0
333, 22, 2, 44, 14, 0
333, 22, 1, 44, 15, 0
333, 22, 1, 44, 17, 0
333, 22, 0, 44, 18, 0
333, 22, 2, 44, 20, 0
333, 22, 2, 44, 23, 0
333, 22, 1, 44, 24, 0
333, 22, 3, 44, 26, 0
333, 22, 1, 44, 28, 0
333, 22, 3, 44, 30, 0
333, 22, 0, 44, 32, 0
333, 22, 0, 45, 12, 0
333, 22, 3, 45, 13, 0
333, 22, 0, 45, 14, 0
333, 22, 1, 45, 15, 0
333, 22, 3, 45, 16, 0
333, 22, 2, 45, 25, 0
333, 22, 3, 45, 28, 0
333, 22, 2, 45, 30, 0
333, 22, 3, 45, 31, 0
333, 22, 3, 45, 32, 0
333, 22, 1, 46, 10, 0
333, 22, 1, 46, 11, 0
333, 22, 0, 46, 14, 0
333, 22, 0, 46, 15, 0
333, 22, 2, 46, 17, 0
333, 22, 1, 46, 27, 0
333, 22, 3, 46, 30, 0
333, 22, 3, 46, 31, 0
333, 22, 2, 46, 32, 0
333, 22, 2, 46, 34, 0
333, 22, 2, 47, 11, 0
333, 22, 0, 47, 14, 0
333, 22, 1, 47, 15, 0
333, 22, 0, 47, 27, 0
333, 22, 0, 47, 28, 0
333, 22, 0, 47, 29, 0
333, 22, 1, 47, 30, 0
333, 22, 1, 47, 32, 0
333, 22, 3, 48, 11, 0
333, 22, 3, 48, 13, 0
333, 22, 0, 48, 15, 0
333, 22, 1, 48, 26, 0
333, 22, 3, 48, 28, 0
333, 22, 2, 48, 30, 0
333, 22, 1, 48, 33, 0
333, 22, 3, 49, 27, 0
333, 22, 3, 49, 28, 0
333, 22, 0, 50, 29, 0
333, 22, 2, 50, 31, 0
333, 22, 2, 51, 20, 0
333, 22, 0, 51, 22, 0
333, 22, 3, 51, 30, 0
333, 22, 3, 51, 31, 0
333, 22, 3, 52, 21, 0
333, 22, 0, 54, 21, 0
333, 22, 1, 54, 22, 0
333, 22, 3, 55, 20, 0
334, 22, 3, 43, 20, 0
334, 22, 0, 43, 23, 0
334, 22, 1, 44, 19, 0
334, 22, 2, 44, 25, 0
334, 22, 1, 44, 29, 0
334, 22, 2, 44, 31, 0
334, 22, 1, 45, 11, 0
334, 22, 3, 46, 16, 0
334, 22, 2, 46, 26, 0
334, 22, 0, 46, 28, 0
334, 22, 2, 47, 10, 0
334, 22, 1, 47, 12, 0
334, 22, 2, 47, 16, 0
334, 22, 0, 47, 26, 0
334, 22, 0, 47, 31, 0
334, 22, 0, 48, 14, 0
334, 22, 3, 48, 27, 0
334, 22, 0, 48, 29, 0
334, 22, 2, 50, 28, 0
334, 22, 1, 51, 21, 0
334, 22, 1, 51, 29, 0
541, 11, 2, 23, 7, 0
541, 10, 3, 26, 13, 0
541, 10, 2, 31, 23, 0
541, 10, 0, 33, 6, 0
541, 10, 0, 33, 14, 0
541, 10, 2, 38, 14, 0
541, 10, 1, 44, 14, 0
541, 10, 2, 47, 50, 0
541, 10, 2, 60, 20, 0
542, 11, 3, 22, 9, 0
542, 10, 3, 25, 12, 0
542, 11, 2, 25, 14, 0
542, 10, 2, 26, 14, 0
542, 10, 2, 30, 6, 0
542, 10, 0, 30, 23, 0
542, 10, 1, 31, 24, 0
542, 10, 3, 32, 14, 0
542, 10, 2, 32, 23, 0
542, 10, 1, 33, 5, 0
542, 10, 0, 33, 13, 0
542, 10, 2, 33, 15, 0
542, 10, 3, 34, 5, 0
542, 10, 3, 34, 23, 0
542, 10, 0, 35, 7, 0
542, 10, 2, 35, 12, 0
542, 10, 2, 41, 13, 0
542, 10, 1, 43, 43, 0
542, 10, 1, 44, 15, 0
542, 10, 0, 44, 39, 0
542, 11, 3, 47, 49, 0
542, 11, 0, 48, 50, 0
542, 10, 1, 50, 30, 0
542, 10, 1, 57, 15, 0
542, 10, 2, 59, 19, 0
543, 10, 0, 6, 5, 0
543, 10, 0, 6, 7, 0
543, 10, 3, 8, 12, 0
543, 10, 2, 10, 13, 0
543, 10, 1, 10, 16, 0
543, 10, 3, 11, 3, 0
543, 10, 2, 11, 8, 0
543, 10, 1, 11, 12, 0
543, 10, 0, 13, 15, 0
543, 10, 1, 18, 6, 0
543, 10, 3, 20, 14, 0
543, 10, 2, 20, 17, 0
543, 10, 1, 22, 15, 0
543, 10, 3, 23, 8, 0
543, 10, 0, 23, 11, 0
543, 10, 2, 23, 14, 0
543, 10, 2, 25, 8, 0
543, 10, 2, 26, 18, 0
543, 10, 1, 27, 21, 0
543, 10, 0, 28, 18, 0
543, 10, 3, 29, 21, 0
543, 10, 1, 30, 8, 0
543, 10, 2, 32, 17, 0
543, 10, 0, 33, 10, 0
543, 10, 3, 33, 12, 0
543, 10, 1, 34, 17, 0
543, 10, 2, 38, 10, 0
543, 10, 3, 39, 12, 0
543, 10, 0, 39, 16, 0
543, 10, 1, 42, 17, 0
543, 10, 2, 57, 18, 0
543, 10, 0, 58, 16, 0
543, 10, 3, 60, 15, 0
543, 10, 1, 60, 16, 0
543, 10, 3, 60, 18, 0
664, 10, 0, 42, 39, 0
664, 10, 3, 62, 18, 0
664, 10, 0, 62, 19, 0
666, 10, 0, 46, 12, 0
666, 10, 1, 62, 15, 0
667, 10, 1, 46, 13, 0
668, 11, 0, 58, 13, 0
668, 11, 1, 60, 14, 0
668, 10, 2, 61, 14, 0
700, 11, 0, 26, 4, 0
701, 10, 0, 38, 11, 0
701, 10, 0, 50, 31, 0
705, 4, 3, 60, 13, 0
706, 4, 2, 33, 9, 0
706, 4, 3, 35, 11, 0
706, 4, 0, 36, 9, 0
706, 6, 3, 57, 13, 0
706, 4, 3, 58, 13, 0
706, 6, 1, 61, 21, 0
706, 6, 2, 62, 14, 0
706, 4, 2, 62, 17, 0
706, 4, 2, 62, 18, 0
724, 10, 1, 7, 9, 0
724, 10, 2, 9, 7, 0
724, 10, 0, 11, 10, 0
724, 10, 3, 21, 19, 0
724, 10, 0, 30, 18, 0
724, 10, 0, 31, 25, 0
724, 10, 1, 37, 9, 0
724, 10, 0, 38, 26, 0
724, 10, 2, 41, 12, 0
724, 10, 3, 43, 13, 0
731, 10, 1, 3, 10, 0
731, 10, 0, 3, 12, 0
731, 10, 0, 4, 7, 0
731, 10, 2, 4, 10, 0
731, 10, 0, 4, 13, 0
731, 10, 2, 5, 5, 0
731, 10, 3, 5, 14, 0
731, 10, 0, 6, 3, 0
731, 10, 2, 6, 12, 0
731, 10, 2, 6, 14, 0
731, 10, 1, 7, 4, 0
731, 10, 3, 8, 2, 0
731, 10, 1, 8, 3, 0
731, 10, 3, 8, 13, 0
731, 10, 2, 9, 4, 0
731, 10, 1, 9, 14, 0
731, 10, 0, 10, 2, 0
731, 10, 2, 11, 15, 0
731, 10, 1, 12, 14, 0
731, 10, 3, 13, 6, 0
731, 10, 0, 13, 17, 0
731, 10, 3, 14, 15, 0
731, 10, 1, 15, 18, 0
731, 10, 3, 15, 20, 0
731, 10, 2, 16, 6, 0
731, 10, 0, 16, 14, 0
731, 10, 3, 16, 16, 0
731, 10, 2, 16, 22, 0
731, 10, 0, 17, 12, 0
731, 10, 0, 17, 15, 0
731, 10, 3, 17, 16, 0
731, 10, 2, 17, 18, 0
731, 10, 1, 17, 20, 0
731, 10, 0, 17, 23, 0
731, 10, 1, 19, 15, 0
731, 10, 3, 20, 6, 0
731, 10, 3, 20, 23, 0
731, 10, 0, 21, 5, 0
731, 10, 3, 23, 25, 0
731, 10, 0, 24, 24, 0
731, 10, 1, 25, 25, 0
731, 10, 2, 26, 11, 0
731, 10, 2, 26, 24, 0
731, 10, 0, 27, 10, 0
731, 10, 3, 28, 11, 0
731, 10, 0, 28, 13, 0
731, 10, 3, 28, 15, 0
731, 10, 1, 29, 11, 0
731, 10, 0, 29, 12, 0
731, 10, 2, 29, 28, 0
731, 10, 3, 30, 2, 0
731, 10, 1, 31, 3, 0
731, 10, 2, 31, 11, 0
731, 10, 0, 32, 1, 0
731, 10, 1, 32, 28, 0
731, 10, 1, 33, 3, 0
731, 10, 0, 33, 29, 0
731, 10, 2, 35, 2, 0
731, 10, 1, 35, 27, 0
731, 10, 3, 35, 30, 0
731, 10, 2, 36, 17, 0
731, 10, 1, 36, 19, 0
731, 10, 3, 36, 31, 0
731, 10, 3, 36, 38, 0
731, 10, 3, 37, 18, 0
731, 10, 0, 38, 4, 0
731, 11, 2, 38, 5, 0
731, 10, 0, 38, 19, 0
731, 10, 2, 38, 31, 0
731, 10, 3, 38, 36, 0
731, 10, 1, 38, 37, 0
731, 10, 2, 38, 40, 0
731, 11, 3, 39, 6, 0
731, 10, 0, 39, 31, 0
731, 10, 0, 39, 33, 0
731, 10, 1, 39, 42, 0
731, 11, 1, 40, 4, 0
731, 10, 3, 40, 20, 0
731, 10, 3, 40, 22, 0
731, 10, 1, 40, 32, 0
731, 10, 0, 40, 39, 0
731, 10, 0, 40, 44, 0
731, 11, 2, 41, 6, 0
731, 10, 1, 41, 8, 0
731, 10, 3, 41, 42, 0
731, 10, 2, 41, 45, 0
731, 11, 1, 42, 4, 0
731, 11, 0, 42, 7, 0
731, 10, 3, 42, 47, 0
731, 11, 0, 43, 4, 0
731, 10, 2, 43, 6, 0
731, 10, 0, 43, 9, 0
731, 10, 0, 44, 2, 0
731, 10, 0, 44, 7, 0
731, 10, 2, 44, 48, 0
731, 10, 1, 44, 49, 0
731, 11, 1, 45, 5, 0
731, 11, 0, 45, 6, 0
731, 11, 2, 45, 8, 0
731, 11, 1, 46, 3, 0
731, 10, 3, 46, 5, 0
731, 10, 0, 46, 7, 0
731, 11, 1, 46, 21, 0
731, 10, 1, 47, 4, 0
731, 11, 3, 47, 6, 0
731, 10, 3, 47, 19, 0
731, 10, 3, 47, 40, 0
731, 11, 3, 48, 6, 0
731, 11, 2, 48, 8, 0
731, 10, 0, 48, 21, 0
731, 11, 1, 48, 23, 0
731, 10, 3, 48, 43, 0
731, 11, 2, 49, 4, 0
731, 11, 0, 49, 6, 0
731, 10, 0, 49, 9, 0
731, 11, 0, 49, 20, 0
731, 10, 3, 49, 23, 0
731, 10, 1, 49, 41, 0
731, 10, 3, 49, 43, 0
731, 10, 2, 50, 4, 0
731, 11, 1, 50, 7, 0
731, 11, 0, 50, 9, 0
731, 10, 3, 50, 15, 0
731, 11, 2, 50, 18, 0
731, 10, 0, 50, 21, 0
731, 11, 2, 50, 25, 0
731, 10, 3, 50, 38, 0
731, 10, 3, 50, 40, 0
731, 10, 1, 50, 48, 0
731, 10, 2, 51, 8, 0
731, 10, 1, 51, 10, 0
731, 10, 1, 51, 14, 0
731, 11, 2, 51, 19, 0
731, 10, 2, 51, 35, 0
731, 10, 2, 51, 39, 0
731, 10, 1, 51, 42, 0
731, 10, 0, 51, 45, 0
731, 10, 2, 51, 47, 0
731, 10, 1, 52, 5, 0
731, 10, 0, 52, 9, 0
731, 10, 2, 52, 13, 0
731, 11, 0, 52, 16, 0
731, 11, 1, 52, 18, 0
731, 10, 3, 52, 25, 0
731, 10, 2, 52, 33, 0
731, 10, 0, 52, 37, 0
731, 10, 1, 52, 39, 0
731, 10, 0, 52, 41, 0
731, 10, 1, 53, 5, 0
731, 10, 3, 53, 7, 0
731, 10, 3, 53, 10, 0
731, 10, 3, 53, 15, 0
731, 11, 0, 53, 18, 0
731, 11, 3, 53, 24, 0
731, 10, 0, 53, 26, 0
731, 10, 2, 53, 28, 0
731, 11, 0, 53, 29, 0
731, 10, 2, 53, 36, 0
731, 10, 2, 53, 37, 0
731, 11, 1, 54, 26, 0
731, 10, 1, 54, 32, 0
731, 10, 3, 54, 39, 0
731, 10, 1, 55, 16, 0
731, 11, 0, 55, 18, 0
731, 11, 2, 55, 24, 0
731, 10, 1, 55, 28, 0
731, 11, 3, 56, 23, 0
731, 10, 2, 57, 20, 0
732, 11, 0, 14, 13, 0
732, 11, 3, 15, 12, 0
732, 11, 1, 18, 14, 0
732, 11, 2, 18, 15, 0
732, 11, 0, 18, 17, 0
732, 11, 3, 19, 16, 0
732, 11, 1, 19, 22, 0
732, 11, 0, 22, 24, 0
732, 11, 3, 24, 26, 0
732, 11, 0, 27, 12, 0
732, 11, 2, 27, 25, 0
732, 11, 3, 29, 10, 0
732, 11, 1, 29, 14, 0
732, 11, 1, 30, 13, 0
732, 11, 2, 34, 26, 0
732, 11, 2, 35, 18, 0
732, 11, 1, 35, 26, 0
732, 11, 3, 35, 28, 0
732, 11, 3, 37, 20, 0
732, 11, 0, 38, 7, 0
732, 11, 2, 38, 30, 0
732, 11, 1, 39, 20, 0
732, 11, 3, 40, 8, 0
732, 11, 0, 40, 21, 0
732, 11, 3, 40, 31, 0
732, 11, 0, 41, 9, 0
732, 11, 2, 42, 11, 0
732, 11, 0, 43, 8, 0
732, 11, 3, 44, 10, 0
732, 11, 3, 45, 22, 0
732, 11, 2, 46, 9, 0
732, 11, 3, 46, 23, 0
732, 11, 2, 47, 18, 0
732, 11, 1, 47, 24, 0
732, 11, 1, 47, 41, 0
732, 11, 0, 48, 39, 0
732, 11, 3, 48, 44, 0
732, 11, 1, 49, 18, 0
732, 11, 0, 49, 37, 0
732, 11, 0, 49, 45, 0
732, 11, 1, 50, 12, 0
732, 11, 0, 50, 14, 0
732, 11, 2, 50, 17, 0
732, 11, 1, 51, 17, 0
732, 10, 0, 51, 27, 0
732, 10, 3, 52, 24, 0
732, 10, 1, 55, 31, 0
732, 10, 2, 56, 18, 0
732, 10, 1, 56, 26, 0
732, 10, 2, 57, 24, 0
732, 10, 0, 58, 19, 0
732, 10, 1, 58, 22, 0
736, 10, 0, 32, 8, 0
736, 11, 0, 32, 22, 0
737, 10, 0, 34, 9, 0
737, 10, 0, 41, 35, 0
1246, 22, 0, 22, 13, 0
1246, 22, 3, 35, 16, 0
1246, 22, 2, 42, 29, 0
1247, 22, 3, 9, 10, 0
1247, 22, 0, 31, 19, 0
1247, 22, 0, 32, 9, 0
1247, 22, 1, 38, 28, 0
1247, 22, 1, 39, 29, 0
1247, 22, 0, 40, 36, 0
1247, 22, 0, 46, 44, 0
1458, 4, 1, 60, 21, 0
1459, 1, 1, 1, 11, 0
1459, 0, 2, 1, 12, 0
1459, 1, 2, 1, 13, 0
1459, 1, 1, 2, 6, 0
1459, 0, 2, 2, 7, 0
1459, 0, 2, 2, 8, 0
1459, 0, 2, 2, 9, 0
1459, 0, 2, 2, 10, 0
1459, 9, 1, 2, 11, 0
1459, 9, 2, 2, 13, 0
1459, 1, 2, 2, 14, 0
1459, 1, 1, 3, 4, 0
1459, 0, 2, 3, 5, 0
1459, 9, 1, 3, 6, 0
1459, 9, 2, 3, 14, 0
1459, 1, 2, 3, 15, 0
1459, 1, 1, 4, 3, 0
1459, 9, 1, 4, 4, 0
1459, 0, 3, 4, 15, 0
1459, 1, 1, 5, 2, 0
1459, 9, 1, 5, 3, 0
1459, 9, 2, 5, 15, 0
1459, 1, 2, 5, 16, 0
1459, 0, 1, 6, 2, 0
1459, 0, 3, 6, 16, 0
1459, 1, 1, 7, 1, 0
1459, 9, 1, 7, 2, 0
1459, 0, 3, 7, 16, 0
1459, 0, 1, 8, 1, 0
1459, 0, 3, 8, 16, 0
1459, 9, 2, 9, 16, 0
1459, 1, 2, 9, 17, 0
1459, 0, 1, 10, 1, 0
1459, 9, 2, 10, 17, 0
1459, 1, 2, 10, 18, 0
1459, 0, 1, 11, 1, 0
1459, 0, 3, 11, 18, 0
1459, 1, 0, 12, 1, 0
1459, 9, 0, 12, 2, 0
1459, 9, 2, 12, 18, 0
1459, 1, 2, 12, 19, 0
1459, 1, 0, 13, 2, 0
1459, 0, 0, 13, 3, 0
1459, 9, 0, 13, 4, 0
1459, 9, 2, 13, 19, 0
1459, 0, 2, 13, 20, 0
1459, 0, 2, 13, 21, 0
1459, 1, 2, 13, 22, 0
1459, 1, 0, 14, 4, 0
1459, 9, 0, 14, 5, 0
1459, 9, 2, 14, 22, 0
1459, 1, 2, 14, 23, 0
1459, 0, 1, 15, 5, 0
1459, 9, 2, 15, 23, 0
1459, 1, 2, 15, 24, 0
1459, 0, 1, 16, 5, 0
1459, 9, 2, 16, 24, 0
1459, 1, 2, 16, 25, 0
1459, 0, 1, 17, 5, 0
1459, 0, 3, 17, 25, 0
1459, 1, 1, 18, 4, 0
1459, 9, 1, 18, 5, 0
1459, 0, 3, 18, 25, 0
1459, 1, 1, 19, 3, 0
1459, 9, 1, 19, 4, 0
1459, 0, 3, 19, 25, 0
1459, 0, 1, 20, 3, 0
1459, 9, 2, 20, 25, 0
1459, 1, 2, 20, 26, 0
1459, 1, 1, 21, 2, 0
1459, 9, 1, 21, 3, 0
1459, 9, 2, 21, 26, 0
1459, 1, 2, 21, 27, 0
1459, 1, 1, 22, 1, 0
1459, 9, 1, 22, 2, 0
1459, 0, 3, 22, 27, 0
1459, 0, 3, 23, 27, 0
1459, 0, 1, 24, 1, 0
1459, 0, 3, 24, 27, 0
1459, 0, 1, 25, 1, 0
1459, 0, 3, 25, 27, 0
1459, 0, 1, 26, 1, 0
1459, 0, 3, 26, 27, 0
1459, 0, 1, 27, 1, 0
1459, 9, 2, 27, 27, 0
1459, 0, 2, 27, 28, 0
1459, 1, 2, 27, 29, 0
1459, 1, 1, 28, 0, 0
1459, 9, 1, 28, 1, 0
1459, 9, 2, 28, 29, 0
1459, 1, 2, 28, 30, 0
1459, 0, 1, 29, 0, 0
1459, 0, 3, 29, 30, 0
1459, 0, 1, 30, 0, 0
1459, 0, 3, 30, 30, 0
1459, 0, 1, 31, 0, 0
1459, 0, 3, 31, 30, 0
1459, 0, 1, 32, 0, 0
1459, 9, 2, 32, 30, 0
1459, 1, 2, 32, 31, 0
1459, 0, 1, 33, 0, 0
1459, 9, 2, 33, 31, 0
1459, 1, 2, 33, 32, 0
1459, 0, 1, 34, 0, 0
1459, 0, 3, 34, 32, 0
1459, 0, 1, 35, 0, 0
1459, 0, 3, 35, 32, 0
1459, 1, 1, 35, 35, 0
1459, 0, 2, 35, 36, 0
1459, 0, 2, 35, 37, 0
1459, 0, 2, 35, 38, 0
1459, 0, 2, 35, 39, 0
1459, 1, 2, 35, 40, 0
1459, 1, 0, 36, 0, 0
1459, 9, 0, 36, 1, 0
1459, 9, 2, 36, 32, 0
1459, 0, 2, 36, 33, 0
1459, 0, 2, 36, 34, 0
1459, 9, 1, 36, 35, 0
1459, 9, 2, 36, 40, 0
1459, 1, 2, 36, 41, 0
1459, 1, 0, 37, 1, 0
1459, 9, 0, 37, 2, 0
1459, 9, 2, 37, 41, 0
1459, 1, 2, 37, 42, 0
1459, 0, 1, 38, 2, 0
1459, 9, 2, 38, 42, 0
1459, 0, 2, 38, 43, 0
1459, 0, 2, 38, 44, 0
1459, 0, 2, 38, 45, 0
1459, 1, 2, 38, 46, 0
1459, 0, 1, 39, 2, 0
1459, 9, 2, 39, 46, 0
1459, 1, 2, 39, 47, 0
1459, 0, 1, 40, 2, 0
1459, 9, 2, 40, 47, 0
1459, 1, 2, 40, 48, 0
1459, 1, 1, 41, 1, 0
1459, 9, 1, 41, 2, 0
1459, 9, 2, 41, 48, 0
1459, 1, 2, 41, 49, 0
1459, 0, 1, 42, 1, 0
1459, 9, 2, 42, 49, 0
1459, 1, 2, 42, 50, 0
1459, 0, 1, 43, 1, 0
1459, 0, 3, 43, 50, 0
1459, 0, 1, 44, 1, 0
1459, 0, 3, 44, 50, 0
1459, 0, 1, 45, 1, 0
1459, 9, 2, 45, 50, 0
1459, 1, 2, 45, 51, 0
1459, 0, 1, 46, 1, 0
1459, 0, 3, 46, 51, 0
1459, 0, 1, 47, 1, 0
1459, 0, 3, 47, 51, 0
1459, 1, 0, 48, 1, 0
1459, 9, 0, 48, 2, 0
1459, 0, 3, 48, 51, 0
1459, 0, 1, 49, 2, 0
1459, 9, 3, 49, 50, 0
1459, 1, 3, 49, 51, 0
1459, 0, 1, 50, 2, 0
1459, 0, 3, 50, 50, 0
1459, 0, 1, 51, 2, 0
1459, 9, 3, 51, 49, 0
1459, 1, 3, 51, 50, 0
1459, 1, 0, 52, 2, 0
1459, 9, 0, 52, 3, 0
1459, 9, 3, 52, 48, 0
1459, 1, 3, 52, 49, 0
1459, 1, 0, 53, 3, 0
1459, 9, 0, 53, 4, 0
1459, 9, 3, 53, 11, 0
1459, 0, 0, 53, 12, 0
1459, 9, 0, 53, 13, 0
1459, 9, 3, 53, 42, 0
1459, 0, 0, 53, 43, 0
1459, 0, 0, 53, 44, 0
1459, 0, 0, 53, 45, 0
1459, 0, 0, 53, 46, 0
1459, 0, 0, 53, 47, 0
1459, 1, 3, 53, 48, 0
1459, 1, 0, 54, 4, 0
1459, 9, 0, 54, 5, 0
1459, 9, 3, 54, 10, 0
1459, 1, 3, 54, 11, 0
1459, 0, 1, 54, 13, 0
1459, 9, 3, 54, 41, 0
1459, 1, 3, 54, 42, 0
1459, 1, 0, 55, 5, 0
1459, 9, 0, 55, 6, 0
1459, 9, 3, 55, 9, 0
1459, 1, 3, 55, 10, 0
1459, 1, 0, 55, 13, 0
1459, 9, 0, 55, 14, 0
1459, 9, 3, 55, 33, 0
1459, 0, 0, 55, 34, 0
1459, 0, 0, 55, 35, 0
1459, 0, 0, 55, 36, 0
1459, 9, 0, 55, 37, 0
1459, 9, 3, 55, 40, 0
1459, 1, 3, 55, 41, 0
1459, 1, 0, 56, 6, 0
1459, 0, 0, 56, 7, 0
1459, 1, 3, 56, 9, 0
1459, 1, 1, 56, 13, 0
1459, 9, 1, 56, 14, 0
1459, 9, 3, 56, 29, 0
1459, 0, 0, 56, 30, 0
1459, 0, 0, 56, 31, 0
1459, 0, 0, 56, 32, 0
1459, 1, 3, 56, 33, 0
1459, 1, 0, 56, 37, 0
1459, 0, 0, 56, 38, 0
1459, 1, 3, 56, 40, 0
1459, 1, 1, 57, 12, 0
1459, 9, 1, 57, 13, 0
1459, 9, 3, 57, 28, 0
1459, 1, 3, 57, 29, 0
1459, 0, 1, 58, 12, 0
1459, 9, 3, 58, 23, 0
1459, 0, 0, 58, 24, 0
1459, 0, 0, 58, 25, 0
1459, 0, 0, 58, 26, 0
1459, 0, 0, 58, 27, 0
1459, 1, 3, 58, 28, 0
1459, 0, 1, 59, 12, 0
1459, 9, 3, 59, 22, 0
1459, 1, 3, 59, 23, 0
1459, 0, 1, 60, 12, 0
1459, 0, 3, 60, 22, 0
1459, 1, 0, 61, 12, 0
1459, 9, 0, 61, 13, 0
1459, 9, 3, 61, 21, 0
1459, 1, 3, 61, 22, 0
1459, 1, 0, 62, 13, 0
1459, 9, 0, 62, 14, 0
1459, 9, 3, 62, 20, 0
1459, 1, 3, 62, 21, 0
1459, 1, 0, 63, 14, 0
1459, 0, 0, 63, 15, 0
1459, 0, 0, 63, 16, 0
1459, 0, 0, 63, 17, 0
1459, 0, 0, 63, 18, 0
1459, 0, 0, 63, 19, 0
1459, 1, 3, 63, 20, 0
1460, 10, 0, 0, 0, 0
1460, 10, 0, 0, 1, 0
1460, 10, 0, 0, 2, 0
1460, 10, 0, 0, 3, 0
1460, 10, 0, 0, 4, 0
1460, 10, 0, 0, 5, 0
1460, 10, 0, 0, 6, 0
1460, 10, 0, 0, 7, 0
1460, 10, 0, 0, 8, 0
1460, 10, 0, 0, 9, 0
1460, 10, 0, 0, 10, 0
1460, 10, 0, 0, 11, 0
1460, 10, 0, 0, 12, 0
1460, 10, 0, 0, 13, 0
1460, 10, 0, 0, 14, 0
1460, 10, 0, 0, 15, 0
1460, 10, 0, 0, 16, 0
1460, 10, 0, 0, 17, 0
1460, 10, 0, 0, 18, 0
1460, 10, 0, 0, 19, 0
1460, 10, 0, 0, 20, 0
1460, 10, 0, 0, 21, 0
1460, 10, 0, 0, 22, 0
1460, 10, 0, 0, 23, 0
1460, 10, 0, 0, 24, 0
1460, 10, 0, 0, 25, 0
1460, 10, 0, 0, 26, 0
1460, 10, 0, 0, 27, 0
1460, 10, 0, 0, 28, 0
1460, 10, 0, 1, 0, 0
1460, 10, 0, 1, 1, 0
1460, 10, 0, 1, 2, 0
1460, 10, 0, 1, 3, 0
1460, 10, 0, 1, 4, 0
1460, 10, 0, 1, 5, 0
1460, 10, 0, 1, 6, 0
1460, 10, 0, 1, 7, 0
1460, 10, 0, 1, 8, 0
1460, 10, 0, 1, 9, 0
1460, 10, 0, 1, 10, 0
1460, 10, 0, 1, 14, 0
1460, 10, 0, 1, 15, 0
1460, 10, 0, 1, 16, 0
1460, 10, 0, 1, 17, 0
1460, 10, 0, 1, 18, 0
1460, 10, 0, 1, 19, 0
1460, 10, 0, 1, 20, 0
1460, 10, 0, 1, 21, 0
1460, 10, 0, 1, 22, 0
1460, 10, 0, 1, 23, 0
1460, 10, 0, 1, 24, 0
1460, 10, 0, 1, 25, 0
1460, 10, 0, 1, 26, 0
1460, 10, 0, 1, 27, 0
1460, 10, 0, 1, 28, 0
1460, 10, 0, 1, 29, 0
1460, 10, 0, 2, 0, 0
1460, 10, 0, 2, 1, 0
1460, 10, 0, 2, 2, 0
1460, 10, 0, 2, 3, 0
1460, 10, 0, 2, 4, 0
1460, 10, 0, 2, 5, 0
1460, 10, 0, 2, 15, 0
1460, 10, 0, 2, 16, 0
1460, 10, 0, 2, 17, 0
1460, 10, 0, 2, 18, 0
1460, 10, 0, 2, 19, 0
1460, 10, 0, 2, 20, 0
1460, 10, 0, 2, 21, 0
1460, 10, 0, 2, 22, 0
1460, 10, 0, 2, 23, 0
1460, 10, 0, 2, 24, 0
1460, 10, 0, 2, 25, 0
1460, 10, 0, 2, 26, 0
1460, 10, 0, 2, 27, 0
1460, 10, 0, 2, 28, 0
1460, 10, 0, 2, 29, 0
1460, 10, 0, 3, 0, 0
1460, 10, 0, 3, 1, 0
1460, 10, 0, 3, 2, 0
1460, 10, 0, 3, 3, 0
1460, 10, 0, 3, 16, 0
1460, 10, 0, 3, 17, 0
1460, 10, 0, 3, 18, 0
1460, 10, 0, 3, 19, 0
1460, 10, 0, 3, 20, 0
1460, 10, 0, 3, 21, 0
1460, 10, 0, 3, 22, 0
1460, 10, 0, 3, 23, 0
1460, 10, 0, 3, 24, 0
1460, 10, 0, 3, 25, 0
1460, 10, 0, 3, 26, 0
1460, 10, 0, 3, 27, 0
1460, 10, 0, 3, 28, 0
1460, 10, 0, 3, 29, 0
1460, 10, 0, 4, 0, 0
1460, 10, 0, 4, 1, 0
1460, 10, 0, 4, 2, 0
1460, 10, 0, 4, 16, 0
1460, 10, 0, 4, 17, 0
1460, 10, 0, 4, 18, 0
1460, 10, 0, 4, 19, 0
1460, 10, 0, 4, 20, 0
1460, 10, 0, 4, 21, 0
1460, 10, 0, 4, 22, 0
1460, 10, 0, 4, 23, 0
1460, 10, 0, 4, 24, 0
1460, 10, 0, 4, 25, 0
1460, 10, 0, 4, 26, 0
1460, 10, 0, 4, 27, 0
1460, 10, 0, 4, 28, 0
1460, 10, 0, 4, 29, 0
1460, 10, 0, 4, 30, 0
1460, 10, 0, 5, 0, 0
1460, 10, 0, 5, 1, 0
1460, 10, 0, 5, 17, 0
1460, 10, 0, 5, 18, 0
1460, 10, 0, 5, 19, 0
1460, 10, 0, 5, 20, 0
1460, 10, 0, 5, 21, 0
1460, 10, 0, 5, 22, 0
1460, 10, 0, 5, 23, 0
1460, 10, 0, 5, 24, 0
1460, 10, 0, 5, 25, 0
1460, 10, 0, 5, 26, 0
1460, 10, 0, 5, 27, 0
1460, 10, 0, 5, 28, 0
1460, 10, 0, 5, 29, 0
1460, 10, 0, 5, 30, 0
1460, 10, 0, 6, 0, 0
1460, 10, 0, 6, 1, 0
1460, 10, 0, 6, 17, 0
1460, 10, 0, 6, 18, 0
1460, 10, 0, 6, 19, 0
1460, 10, 0, 6, 20, 0
1460, 10, 0, 6, 21, 0
1460, 10, 0, 6, 22, 0
1460, 10, 0, 6, 23, 0
1460, 10, 0, 6, 24, 0
1460, 10, 0, 6, 25, 0
1460, 10, 0, 6, 26, 0
1460, 10, 0, 6, 27, 0
1460, 10, 0, 6, 28, 0
1460, 10, 0, 6, 29, 0
1460, 10, 0, 6, 30, 0
1460, 10, 0, 7, 0, 0
1460, 10, 0, 7, 17, 0
1460, 10, 0, 7, 18, 0
1460, 10, 0, 7, 19, 0
1460, 10, 0, 7, 20, 0
1460, 10, 0, 7, 21, 0
1460, 10, 0, 7, 22, 0
1460, 10, 0, 7, 23, 0
1460, 10, 0, 7, 24, 0
1460, 10, 0, 7, 25, 0
1460, 10, 0, 7, 26, 0
1460, 10, 0, 7, 27, 0
1460, 10, 0, 7, 28, 0
1460, 10, 0, 7, 29, 0
1460, 10, 0, 7, 30, 0
1460, 10, 0, 8, 0, 0
1460, 10, 0, 8, 17, 0
1460, 10, 0, 8, 18, 0
1460, 10, 0, 8, 19, 0
1460, 10, 0, 8, 20, 0
1460, 10, 0, 8, 21, 0
1460, 10, 0, 8, 22, 0
1460, 10, 0, 8, 23, 0
1460, 10, 0, 8, 24, 0
1460, 10, 0, 8, 25, 0
1460, 10, 0, 8, 26, 0
1460, 10, 0, 8, 27, 0
1460, 10, 0, 8, 28, 0
1460, 10, 0, 8, 29, 0
1460, 10, 0, 8, 30, 0
1460, 10, 0, 9, 0, 0
1460, 10, 0, 9, 18, 0
1460, 10, 0, 9, 19, 0
1460, 10, 0, 9, 20, 0
1460, 10, 0, 9, 21, 0
1460, 10, 0, 9, 22, 0
1460, 10, 0, 9, 23, 0
1460, 10, 0, 9, 24, 0
1460, 10, 0, 9, 25, 0
1460, 10, 0, 9, 26, 0
1460, 10, 0, 9, 27, 0
1460, 10, 0, 9, 28, 0
1460, 10, 0, 9, 29, 0
1460, 10, 0, 9, 30, 0
1460, 10, 0, 10, 0, 0
1460, 10, 0, 10, 19, 0
1460, 10, 0, 10, 20, 0
1460, 10, 0, 10, 21, 0
1460, 10, 0, 10, 22, 0
1460, 10, 0, 10, 23, 0
1460, 10, 0, 10, 24, 0
1460, 10, 0, 10, 25, 0
1460, 10, 0, 10, 26, 0
1460, 10, 0, 10, 27, 0
1460, 10, 0, 10, 28, 0
1460, 10, 0, 10, 29, 0
1460, 10, 0, 10, 30, 0
1460, 10, 0, 10, 31, 0
1460, 10, 0, 11, 0, 0
1460, 10, 0, 11, 19, 0
1460, 10, 0, 11, 20, 0
1460, 10, 0, 11, 21, 0
1460, 10, 0, 11, 22, 0
1460, 10, 0, 11, 23, 0
1460, 10, 0, 11, 24, 0
1460, 10, 0, 11, 25, 0
1460, 10, 0, 11, 26, 0
1460, 10, 0, 11, 27, 0
1460, 10, 0, 11, 28, 0
1460, 10, 0, 11, 29, 0
1460, 10, 0, 11, 30, 0
1460, 10, 0, 11, 31, 0
1460, 10, 0, 12, 0, 0
1460, 10, 0, 12, 20, 0
1460, 10, 0, 12, 21, 0
1460, 10, 0, 12, 22, 0
1460, 10, 0, 12, 23, 0
1460, 10, 0, 12, 24, 0
1460, 10, 0, 12, 25, 0
1460, 10, 0, 12, 26, 0
1460, 10, 0, 12, 27, 0
1460, 10, 0, 12, 28, 0
1460, 10, 0, 12, 29, 0
1460, 10, 0, 12, 30, 0
1460, 10, 0, 12, 32, 0
1460, 10, 0, 13, 0, 0
1460, 10, 0, 13, 1, 0
1460, 10, 0, 13, 23, 0
1460, 10, 0, 13, 24, 0
1460, 10, 0, 13, 25, 0
1460, 10, 0, 13, 26, 0
1460, 10, 0, 13, 27, 0
1460, 10, 0, 13, 28, 0
1460, 10, 0, 13, 29, 0
1460, 10, 0, 13, 30, 0
1460, 10, 0, 13, 31, 0
1460, 10, 0, 13, 32, 0
1460, 10, 0, 14, 0, 0
1460, 10, 0, 14, 1, 0
1460, 10, 0, 14, 2, 0
1460, 10, 0, 14, 3, 0
1460, 10, 0, 14, 24, 0
1460, 10, 0, 14, 25, 0
1460, 10, 0, 14, 26, 0
1460, 10, 0, 14, 27, 0
1460, 10, 0, 14, 28, 0
1460, 10, 0, 14, 29, 0
1460, 10, 0, 14, 30, 0
1460, 10, 0, 14, 31, 0
1460, 10, 0, 14, 32, 0
1460, 10, 0, 15, 0, 0
1460, 10, 0, 15, 1, 0
1460, 10, 0, 15, 2, 0
1460, 10, 0, 15, 3, 0
1460, 10, 0, 15, 4, 0
1460, 10, 0, 15, 25, 0
1460, 10, 0, 15, 26, 0
1460, 10, 0, 15, 27, 0
1460, 10, 0, 15, 28, 0
1460, 10, 0, 15, 29, 0
1460, 10, 0, 15, 30, 0
1460, 10, 0, 15, 31, 0
1460, 10, 0, 15, 32, 0
1460, 10, 0, 15, 33, 0
1460, 10, 0, 16, 0, 0
1460, 10, 0, 16, 1, 0
1460, 10, 0, 16, 2, 0
1460, 10, 0, 16, 3, 0
1460, 10, 0, 16, 4, 0
1460, 10, 0, 16, 26, 0
1460, 10, 0, 16, 27, 0
1460, 10, 0, 16, 28, 0
1460, 10, 0, 16, 29, 0
1460, 10, 0, 16, 30, 0
1460, 10, 0, 16, 31, 0
1460, 10, 0, 16, 32, 0
1460, 10, 0, 16, 33, 0
1460, 10, 0, 17, 0, 0
1460, 10, 0, 17, 1, 0
1460, 10, 0, 17, 2, 0
1460, 10, 0, 17, 3, 0
1460, 10, 0, 17, 4, 0
1460, 10, 0, 17, 26, 0
1460, 10, 0, 17, 27, 0
1460, 10, 0, 17, 28, 0
1460, 10, 0, 17, 29, 0
1460, 10, 0, 17, 30, 0
1460, 10, 0, 17, 31, 0
1460, 10, 0, 17, 32, 0
1460, 10, 0, 17, 33, 0
1460, 10, 0, 17, 34, 0
1460, 10, 0, 18, 0, 0
1460, 10, 0, 18, 1, 0
1460, 10, 0, 18, 2, 0
1460, 10, 0, 18, 3, 0
1460, 10, 0, 18, 26, 0
1460, 10, 0, 18, 27, 0
1460, 10, 0, 18, 28, 0
1460, 10, 0, 18, 29, 0
1460, 10, 0, 18, 30, 0
1460, 10, 0, 18, 31, 0
1460, 10, 0, 18, 32, 0
1460, 10, 0, 18, 33, 0
1460, 10, 0, 18, 34, 0
1460, 10, 0, 19, 0, 0
1460, 10, 0, 19, 1, 0
1460, 10, 0, 19, 2, 0
1460, 10, 0, 19, 26, 0
1460, 10, 0, 19, 27, 0
1460, 10, 0, 19, 28, 0
1460, 10, 0, 19, 29, 0
1460, 10, 0, 19, 30, 0
1460, 10, 0, 19, 31, 0
1460, 10, 0, 19, 32, 0
1460, 10, 0, 19, 33, 0
1460, 10, 0, 19, 34, 0
1460, 10, 0, 19, 35, 0
1460, 10, 0, 20, 0, 0
1460, 10, 0, 20, 1, 0
1460, 10, 0, 20, 2, 0
1460, 10, 0, 20, 27, 0
1460, 10, 0, 20, 28, 0
1460, 10, 0, 20, 29, 0
1460, 10, 0, 20, 30, 0
1460, 10, 0, 20, 31, 0
1460, 10, 0, 20, 32, 0
1460, 10, 0, 20, 33, 0
1460, 10, 0, 20, 34, 0
1460, 10, 0, 20, 35, 0
1460, 10, 0, 21, 0, 0
1460, 10, 0, 21, 1, 0
1460, 10, 0, 21, 28, 0
1460, 10, 0, 21, 29, 0
1460, 10, 0, 21, 30, 0
1460, 10, 0, 21, 31, 0
1460, 10, 0, 21, 32, 0
1460, 10, 0, 21, 33, 0
1460, 10, 0, 21, 34, 0
1460, 10, 0, 21, 35, 0
1460, 10, 0, 21, 36, 0
1460, 10, 0, 22, 0, 0
1460, 10, 0, 22, 28, 0
1460, 10, 0, 22, 29, 0
1460, 10, 0, 22, 30, 0
1460, 10, 0, 22, 31, 0
1460, 10, 0, 22, 32, 0
1460, 10, 0, 22, 33, 0
1460, 10, 0, 22, 34, 0
1460, 10, 0, 22, 35, 0
1460, 10, 0, 22, 36, 0
1460, 10, 0, 23, 0, 0
1460, 10, 0, 23, 28, 0
1460, 10, 0, 23, 29, 0
1460, 10, 0, 23, 30, 0
1460, 10, 0, 23, 31, 0
1460, 10, 0, 23, 32, 0
1460, 10, 0, 23, 33, 0
1460, 10, 0, 23, 34, 0
1460, 10, 0, 23, 35, 0
1460, 10, 0, 23, 36, 0
1460, 10, 0, 23, 37, 0
1460, 10, 0, 24, 0, 0
1460, 10, 0, 24, 28, 0
1460, 10, 0, 24, 29, 0
1460, 10, 0, 24, 30, 0
1460, 10, 0, 24, 31, 0
1460, 10, 0, 24, 32, 0
1460, 10, 0, 24, 33, 0
1460, 10, 0, 24, 34, 0
1460, 10, 0, 24, 35, 0
1460, 10, 0, 24, 36, 0
1460, 10, 0, 24, 37, 0
1460, 10, 0, 24, 38, 0
1460, 10, 0, 25, 0, 0
1460, 10, 0, 25, 28, 0
1460, 10, 0, 25, 29, 0
1460, 10, 0, 25, 30, 0
1460, 10, 0, 25, 31, 0
1460, 10, 0, 25, 32, 0
1460, 10, 0, 25, 33, 0
1460, 10, 0, 25, 34, 0
1460, 10, 0, 25, 35, 0
1460, 10, 0, 25, 36, 0
1460, 10, 0, 25, 37, 0
1460, 10, 0, 25, 38, 0
1460, 10, 0, 25, 39, 0
1460, 10, 0, 26, 0, 0
1460, 10, 0, 26, 28, 0
1460, 10, 0, 26, 29, 0
1460, 10, 0, 26, 30, 0
1460, 10, 0, 26, 31, 0
1460, 10, 0, 26, 32, 0
1460, 10, 0, 26, 33, 0
1460, 10, 0, 26, 34, 0
1460, 10, 0, 26, 35, 0
1460, 10, 0, 26, 36, 0
1460, 10, 0, 26, 37, 0
1460, 10, 0, 26, 38, 0
1460, 10, 0, 26, 39, 0
1460, 10, 0, 26, 40, 0
1460, 10, 0, 27, 0, 0
1460, 10, 0, 27, 30, 0
1460, 10, 0, 27, 31, 0
1460, 10, 0, 27, 32, 0
1460, 10, 0, 27, 33, 0
1460, 10, 0, 27, 34, 0
1460, 10, 0, 27, 35, 0
1460, 10, 0, 27, 36, 0
1460, 10, 0, 27, 37, 0
1460, 10, 0, 27, 38, 0
1460, 10, 0, 27, 39, 0
1460, 10, 0, 27, 40, 0
1460, 10, 0, 27, 41, 0
1460, 10, 0, 27, 42, 0
1460, 10, 0, 28, 31, 0
1460, 10, 0, 28, 32, 0
1460, 10, 0, 28, 33, 0
1460, 10, 0, 28, 34, 0
1460, 10, 0, 28, 35, 0
1460, 10, 0, 28, 36, 0
1460, 10, 0, 28, 37, 0
1460, 10, 0, 28, 38, 0
1460, 10, 0, 28, 39, 0
1460, 10, 0, 28, 40, 0
1460, 10, 0, 28, 41, 0
1460, 10, 0, 28, 42, 0
1460, 10, 0, 28, 43, 0
1460, 10, 0, 29, 31, 0
1460, 10, 0, 29, 32, 0
1460, 10, 0, 29, 33, 0
1460, 10, 0, 29, 34, 0
1460, 10, 0, 29, 35, 0
1460, 10, 0, 29, 36, 0
1460, 10, 0, 29, 37, 0
1460, 10, 0, 29, 38, 0
1460, 10, 0, 29, 39, 0
1460, 10, 0, 29, 40, 0
1460, 10, 0, 29, 41, 0
1460, 10, 0, 29, 42, 0
1460, 10, 0, 29, 43, 0
1460, 10, 0, 29, 44, 0
1460, 10, 0, 30, 31, 0
1460, 10, 0, 30, 32, 0
1460, 10, 0, 30, 33, 0
1460, 10, 0, 30, 34, 0
1460, 10, 0, 30, 35, 0
1460, 10, 0, 30, 36, 0
1460, 10, 0, 30, 37, 0
1460, 10, 0, 30, 38, 0
1460, 10, 0, 30, 39, 0
1460, 10, 0, 30, 40, 0
1460, 10, 0, 30, 41, 0
1460, 10, 0, 30, 42, 0
1460, 10, 0, 30, 43, 0
1460, 10, 0, 30, 44, 0
1460, 10, 0, 30, 45, 0
1460, 10, 0, 30, 46, 0
1460, 10, 0, 30, 47, 0
1460, 10, 0, 31, 31, 0
1460, 10, 0, 31, 32, 0
1460, 10, 0, 31, 33, 0
1460, 10, 0, 31, 34, 0
1460, 10, 0, 31, 35, 0
1460, 10, 0, 31, 36, 0
1460, 10, 0, 31, 37, 0
1460, 10, 0, 31, 38, 0
1460, 10, 0, 31, 39, 0
1460, 10, 0, 31, 40, 0
1460, 10, 0, 31, 41, 0
1460, 10, 0, 31, 42, 0
1460, 10, 0, 31, 43, 0
1460, 10, 0, 31, 44, 0
1460, 10, 0, 31, 45, 0
1460, 10, 0, 31, 46, 0
1460, 10, 0, 31, 47, 0
1460, 10, 0, 31, 48, 0
1460, 10, 0, 31, 49, 0
1460, 10, 0, 32, 32, 0
1460, 10, 0, 32, 33, 0
1460, 10, 0, 32, 34, 0
1460, 10, 0, 32, 35, 0
1460, 10, 0, 32, 36, 0
1460, 10, 0, 32, 37, 0
1460, 10, 0, 32, 38, 0
1460, 10, 0, 32, 39, 0
1460, 10, 0, 32, 40, 0
1460, 10, 0, 32, 41, 0
1460, 10, 0, 32, 42, 0
1460, 10, 0, 32, 43, 0
1460, 10, 0, 32, 44, 0
1460, 10, 0, 32, 45, 0
1460, 10, 0, 32, 46, 0
1460, 10, 0, 32, 47, 0
1460, 10, 0, 32, 48, 0
1460, 10, 0, 32, 49, 0
1460, 10, 0, 32, 50, 0
1460, 10, 0, 32, 51, 0
1460, 10, 0, 33, 33, 0
1460, 10, 0, 33, 34, 0
1460, 10, 0, 33, 35, 0
1460, 10, 0, 33, 36, 0
1460, 10, 0, 33, 37, 0
1460, 10, 0, 33, 38, 0
1460, 10, 0, 33, 39, 0
1460, 10, 0, 33, 40, 0
1460, 10, 0, 33, 41, 0
1460, 10, 0, 33, 42, 0
1460, 10, 0, 33, 43, 0
1460, 10, 0, 33, 44, 0
1460, 10, 0, 33, 45, 0
1460, 10, 0, 33, 46, 0
1460, 10, 0, 33, 47, 0
1460, 10, 0, 33, 48, 0
1460, 10, 0, 33, 49, 0
1460, 10, 0, 33, 50, 0
1460, 10, 0, 33, 51, 0
1460, 10, 0, 33, 52, 0
1460, 10, 0, 33, 53, 0
1460, 10, 0, 34, 33, 0
1460, 10, 0, 34, 34, 0
1460, 10, 0, 34, 35, 0
1460, 10, 0, 34, 36, 0
1460, 10, 0, 34, 37, 0
1460, 10, 0, 34, 38, 0
1460, 10, 0, 34, 39, 0
1460, 10, 0, 34, 40, 0
1460, 10, 0, 34, 41, 0
1460, 10, 0, 34, 42, 0
1460, 10, 0, 34, 43, 0
1460, 10, 0, 34, 44, 0
1460, 10, 0, 34, 45, 0
1460, 10, 0, 34, 46, 0
1460, 10, 0, 34, 47, 0
1460, 10, 0, 34, 48, 0
1460, 10, 0, 34, 49, 0
1460, 10, 0, 34, 50, 0
1460, 10, 0, 34, 51, 0
1460, 10, 0, 34, 52, 0
1460, 10, 0, 34, 53, 0
1460, 10, 0, 34, 54, 0
1460, 10, 0, 35, 33, 0
1460, 10, 0, 35, 34, 0
1460, 10, 0, 35, 41, 0
1460, 10, 0, 35, 42, 0
1460, 10, 0, 35, 43, 0
1460, 10, 0, 35, 44, 0
1460, 10, 0, 35, 45, 0
1460, 10, 0, 35, 46, 0
1460, 10, 0, 35, 47, 0
1460, 10, 0, 35, 48, 0
1460, 10, 0, 35, 49, 0
1460, 10, 0, 35, 50, 0
1460, 10, 0, 35, 51, 0
1460, 10, 0, 35, 52, 0
1460, 10, 0, 35, 53, 0
1460, 10, 0, 35, 54, 0
1460, 10, 0, 35, 55, 0
1460, 10, 0, 35, 56, 0
1460, 10, 0, 36, 42, 0
1460, 10, 0, 36, 43, 0
1460, 10, 0, 36, 44, 0
1460, 10, 0, 36, 45, 0
1460, 10, 0, 36, 46, 0
1460, 10, 0, 36, 47, 0
1460, 10, 0, 36, 48, 0
1460, 10, 0, 36, 49, 0
1460, 10, 0, 36, 50, 0
1460, 10, 0, 36, 51, 0
1460, 10, 0, 36, 52, 0
1460, 10, 0, 36, 53, 0
1460, 10, 0, 36, 54, 0
1460, 10, 0, 36, 55, 0
1460, 10, 0, 36, 56, 0
1460, 10, 0, 36, 57, 0
1460, 10, 0, 37, 0, 0
1460, 10, 0, 37, 43, 0
1460, 10, 0, 37, 44, 0
1460, 10, 0, 37, 45, 0
1460, 10, 0, 37, 46, 0
1460, 10, 0, 37, 47, 0
1460, 10, 0, 37, 48, 0
1460, 10, 0, 37, 49, 0
1460, 10, 0, 37, 50, 0
1460, 10, 0, 37, 51, 0
1460, 10, 0, 37, 52, 0
1460, 10, 0, 37, 53, 0
1460, 10, 0, 37, 54, 0
1460, 10, 0, 37, 55, 0
1460, 10, 0, 37, 56, 0
1460, 10, 0, 37, 57, 0
1460, 10, 0, 37, 58, 0
1460, 10, 0, 38, 0, 0
1460, 10, 0, 38, 1, 0
1460, 10, 0, 38, 47, 0
1460, 10, 0, 38, 48, 0
1460, 10, 0, 38, 49, 0
1460, 10, 0, 38, 50, 0
1460, 10, 0, 38, 51, 0
1460, 10, 0, 38, 52, 0
1460, 10, 0, 38, 53, 0
1460, 10, 0, 38, 54, 0
1460, 10, 0, 38, 55, 0
1460, 10, 0, 38, 56, 0
1460, 10, 0, 38, 57, 0
1460, 10, 0, 38, 58, 0
1460, 10, 0, 38, 59, 0
1460, 10, 0, 39, 0, 0
1460, 10, 0, 39, 1, 0
1460, 10, 0, 39, 48, 0
1460, 10, 0, 39, 49, 0
1460, 10, 0, 39, 50, 0
1460, 10, 0, 39, 51, 0
1460, 10, 0, 39, 52, 0
1460, 10, 0, 39, 53, 0
1460, 10, 0, 39, 54, 0
1460, 10, 0, 39, 55, 0
1460, 10, 0, 39, 56, 0
1460, 10, 0, 39, 57, 0
1460, 10, 0, 39, 58, 0
1460, 10, 0, 39, 59, 0
1460, 10, 0, 39, 60, 0
1460, 10, 0, 40, 0, 0
1460, 10, 0, 40, 1, 0
1460, 10, 0, 40, 49, 0
1460, 10, 0, 40, 50, 0
1460, 10, 0, 40, 51, 0
1460, 10, 0, 40, 52, 0
1460, 10, 0, 40, 53, 0
1460, 10, 0, 40, 54, 0
1460, 10, 0, 40, 55, 0
1460, 10, 0, 40, 56, 0
1460, 10, 0, 40, 57, 0
1460, 10, 0, 40, 58, 0
1460, 10, 0, 40, 59, 0
1460, 10, 0, 40, 60, 0
1460, 10, 0, 41, 0, 0
1460, 10, 0, 41, 50, 0
1460, 10, 0, 41, 51, 0
1460, 10, 0, 41, 52, 0
1460, 10, 0, 41, 53, 0
1460, 10, 0, 41, 54, 0
1460, 10, 0, 41, 55, 0
1460, 10, 0, 41, 56, 0
1460, 10, 0, 41, 57, 0
1460, 10, 0, 41, 58, 0
1460, 10, 0, 41, 59, 0
1460, 10, 0, 41, 60, 0
1460, 10, 0, 42, 0, 0
1460, 10, 0, 42, 51, 0
1460, 10, 0, 42, 52, 0
1460, 10, 0, 42, 53, 0
1460, 10, 0, 42, 54, 0
1460, 10, 0, 42, 55, 0
1460, 10, 0, 42, 56, 0
1460, 10, 0, 42, 57, 0
1460, 10, 0, 42, 58, 0
1460, 10, 0, 42, 59, 0
1460, 10, 0, 42, 60, 0
1460, 10, 0, 43, 0, 0
1460, 10, 0, 43, 51, 0
1460, 10, 0, 43, 52, 0
1460, 10, 0, 43, 53, 0
1460, 10, 0, 43, 54, 0
1460, 10, 0, 43, 55, 0
1460, 10, 0, 43, 56, 0
1460, 10, 0, 43, 57, 0
1460, 10, 0, 43, 58, 0
1460, 10, 0, 43, 59, 0
1460, 10, 0, 43, 60, 0
1460, 10, 0, 44, 0, 0
1460, 10, 0, 44, 51, 0
1460, 10, 0, 44, 52, 0
1460, 10, 0, 44, 53, 0
1460, 10, 0, 44, 54, 0
1460, 10, 0, 44, 55, 0
1460, 10, 0, 44, 56, 0
1460, 10, 0, 44, 57, 0
1460, 10, 0, 44, 58, 0
1460, 10, 0, 44, 59, 0
1460, 10, 0, 44, 60, 0
1460, 10, 0, 45, 0, 0
1460, 10, 0, 45, 52, 0
1460, 10, 0, 45, 53, 0
1460, 10, 0, 45, 54, 0
1460, 10, 0, 45, 55, 0
1460, 10, 0, 45, 56, 0
1460, 10, 0, 45, 57, 0
1460, 10, 0, 45, 58, 0
1460, 10, 0, 45, 59, 0
1460, 10, 0, 45, 60, 0
1460, 10, 0, 46, 0, 0
1460, 10, 0, 46, 52, 0
1460, 10, 0, 46, 53, 0
1460, 10, 0, 46, 54, 0
1460, 10, 0, 46, 55, 0
1460, 10, 0, 46, 56, 0
1460, 10, 0, 46, 57, 0
1460, 10, 0, 46, 58, 0
1460, 10, 0, 46, 59, 0
1460, 10, 0, 46, 60, 0
1460, 10, 0, 47, 0, 0
1460, 10, 0, 47, 52, 0
1460, 10, 0, 47, 53, 0
1460, 10, 0, 47, 54, 0
1460, 10, 0, 47, 55, 0
1460, 10, 0, 47, 56, 0
1460, 10, 0, 47, 57, 0
1460, 10, 0, 47, 58, 0
1460, 10, 0, 47, 59, 0
1460, 10, 0, 47, 60, 0
1460, 10, 0, 48, 0, 0
1460, 10, 0, 48, 52, 0
1460, 10, 0, 48, 53, 0
1460, 10, 0, 48, 54, 0
1460, 10, 0, 48, 55, 0
1460, 10, 0, 48, 56, 0
1460, 10, 0, 48, 57, 0
1460, 10, 0, 48, 58, 0
1460, 10, 0, 48, 59, 0
1460, 10, 0, 48, 60, 0
1460, 10, 0, 49, 0, 0
1460, 10, 0, 49, 1, 0
1460, 10, 0, 49, 52, 0
1460, 10, 0, 49, 53, 0
1460, 10, 0, 49, 54, 0
1460, 10, 0, 49, 55, 0
1460, 10, 0, 49, 56, 0
1460, 10, 0, 49, 57, 0
1460, 10, 0, 49, 58, 0
1460, 10, 0, 49, 59, 0
1460, 10, 0, 49, 60, 0
1460, 10, 0, 50, 0, 0
1460, 10, 0, 50, 1, 0
1460, 10, 0, 50, 51, 0
1460, 10, 0, 50, 52, 0
1460, 10, 0, 50, 53, 0
1460, 10, 0, 50, 54, 0
1460, 10, 0, 50, 55, 0
1460, 10, 0, 50, 56, 0
1460, 10, 0, 50, 57, 0
1460, 10, 0, 50, 58, 0
1460, 10, 0, 50, 59, 0
1460, 10, 0, 50, 60, 0
1460, 10, 0, 51, 0, 0
1460, 10, 0, 51, 1, 0
1460, 10, 0, 51, 51, 0
1460, 10, 0, 51, 52, 0
1460, 10, 0, 51, 53, 0
1460, 10, 0, 51, 54, 0
1460, 10, 0, 51, 55, 0
1460, 10, 0, 51, 56, 0
1460, 10, 0, 51, 57, 0
1460, 10, 0, 51, 58, 0
1460, 10, 0, 51, 59, 0
1460, 10, 0, 51, 60, 0
1460, 10, 0, 52, 0, 0
1460, 10, 0, 52, 1, 0
1460, 10, 0, 52, 50, 0
1460, 10, 0, 52, 51, 0
1460, 10, 0, 52, 52, 0
1460, 10, 0, 52, 53, 0
1460, 10, 0, 52, 54, 0
1460, 10, 0, 52, 55, 0
1460, 10, 0, 52, 56, 0
1460, 10, 0, 52, 57, 0
1460, 10, 0, 52, 58, 0
1460, 10, 0, 52, 59, 0
1460, 10, 0, 52, 60, 0
1460, 10, 0, 53, 0, 0
1460, 10, 0, 53, 1, 0
1460, 10, 0, 53, 2, 0
1460, 10, 0, 53, 49, 0
1460, 10, 0, 53, 50, 0
1460, 10, 0, 53, 51, 0
1460, 10, 0, 53, 52, 0
1460, 10, 0, 53, 53, 0
1460, 10, 0, 53, 54, 0
1460, 10, 0, 53, 55, 0
1460, 10, 0, 53, 56, 0
1460, 10, 0, 53, 57, 0
1460, 10, 0, 53, 58, 0
1460, 10, 0, 53, 59, 0
1460, 10, 0, 53, 60, 0
1460, 10, 0, 54, 0, 0
1460, 10, 0, 54, 1, 0
1460, 10, 0, 54, 2, 0
1460, 10, 0, 54, 3, 0
1460, 10, 0, 54, 12, 0
1460, 10, 0, 54, 43, 0
1460, 10, 0, 54, 44, 0
1460, 10, 0, 54, 45, 0
1460, 10, 0, 54, 46, 0
1460, 10, 0, 54, 47, 0
1460, 10, 0, 54, 48, 0
1460, 10, 0, 54, 49, 0
1460, 10, 0, 54, 50, 0
1460, 10, 0, 54, 51, 0
1460, 10, 0, 54, 52, 0
1460, 10, 0, 54, 53, 0
1460, 10, 0, 54, 54, 0
1460, 10, 0, 54, 55, 0
1460, 10, 0, 54, 56, 0
1460, 10, 0, 54, 57, 0
1460, 10, 0, 54, 58, 0
1460, 10, 0, 54, 59, 0
1460, 10, 0, 54, 60, 0
1460, 10, 0, 55, 0, 0
1460, 10, 0, 55, 1, 0
1460, 10, 0, 55, 2, 0
1460, 10, 0, 55, 3, 0
1460, 10, 0, 55, 4, 0
1460, 10, 0, 55, 11, 0
1460, 10, 0, 55, 12, 0
1460, 10, 0, 55, 42, 0
1460, 10, 0, 55, 43, 0
1460, 10, 0, 55, 44, 0
1460, 10, 0, 55, 45, 0
1460, 10, 0, 55, 46, 0
1460, 10, 0, 55, 47, 0
1460, 10, 0, 55, 48, 0
1460, 10, 0, 55, 49, 0
1460, 10, 0, 55, 50, 0
1460, 10, 0, 55, 51, 0
1460, 10, 0, 55, 52, 0
1460, 10, 0, 55, 53, 0
1460, 10, 0, 55, 54, 0
1460, 10, 0, 55, 55, 0
1460, 10, 0, 55, 56, 0
1460, 10, 0, 55, 57, 0
1460, 10, 0, 55, 58, 0
1460, 10, 0, 55, 59, 0
1460, 10, 0, 56, 0, 0
1460, 10, 0, 56, 1, 0
1460, 10, 0, 56, 2, 0
1460, 10, 0, 56, 3, 0
1460, 10, 0, 56, 4, 0
1460, 10, 0, 56, 5, 0
1460, 10, 0, 56, 10, 0
1460, 10, 0, 56, 11, 0
1460, 10, 0, 56, 12, 0
1460, 10, 0, 56, 34, 0
1460, 10, 0, 56, 35, 0
1460, 10, 0, 56, 36, 0
1460, 10, 0, 56, 41, 0
1460, 10, 0, 56, 42, 0
1460, 10, 0, 56, 43, 0
1460, 10, 0, 56, 44, 0
1460, 10, 0, 56, 45, 0
1460, 10, 0, 56, 46, 0
1460, 10, 0, 56, 47, 0
1460, 10, 0, 56, 48, 0
1460, 10, 0, 56, 49, 0
1460, 10, 0, 56, 50, 0
1460, 10, 0, 56, 51, 0
1460, 10, 0, 56, 52, 0
1460, 10, 0, 56, 53, 0
1460, 10, 0, 56, 54, 0
1460, 10, 0, 56, 55, 0
1460, 10, 0, 56, 56, 0
1460, 10, 0, 56, 57, 0
1460, 10, 0, 56, 58, 0
1460, 10, 0, 56, 59, 0
1460, 10, 0, 57, 0, 0
1460, 10, 0, 57, 1, 0
1460, 10, 0, 57, 2, 0
1460, 10, 0, 57, 3, 0
1460, 10, 0, 57, 4, 0
1460, 10, 0, 57, 5, 0
1460, 10, 0, 57, 6, 0
1460, 10, 0, 57, 7, 0
1460, 10, 0, 57, 8, 0
1460, 10, 0, 57, 9, 0
1460, 10, 0, 57, 10, 0
1460, 10, 0, 57, 11, 0
1460, 10, 0, 57, 30, 0
1460, 10, 0, 57, 31, 0
1460, 10, 0, 57, 32, 0
1460, 10, 0, 57, 33, 0
1460, 10, 0, 57, 34, 0
1460, 10, 0, 57, 35, 0
1460, 10, 0, 57, 36, 0
1460, 10, 0, 57, 37, 0
1460, 10, 0, 57, 38, 0
1460, 10, 0, 57, 39, 0
1460, 10, 0, 57, 40, 0
1460, 10, 0, 57, 41, 0
1460, 10, 0, 57, 42, 0
1460, 10, 0, 57, 43, 0
1460, 10, 0, 57, 44, 0
1460, 10, 0, 57, 45, 0
1460, 10, 0, 57, 46, 0
1460, 10, 0, 57, 47, 0
1460, 10, 0, 57, 48, 0
1460, 10, 0, 57, 49, 0
1460, 10, 0, 57, 50, 0
1460, 10, 0, 57, 51, 0
1460, 10, 0, 57, 52, 0
1460, 10, 0, 57, 53, 0
1460, 10, 0, 57, 54, 0
1460, 10, 0, 57, 55, 0
1460, 10, 0, 57, 56, 0
1460, 10, 0, 57, 57, 0
1460, 10, 0, 57, 58, 0
1460, 10, 0, 57, 59, 0
1460, 10, 0, 58, 0, 0
1460, 10, 0, 58, 1, 0
1460, 10, 0, 58, 2, 0
1460, 10, 0, 58, 3, 0
1460, 10, 0, 58, 4, 0
1460, 10, 0, 58, 5, 0
1460, 10, 0, 58, 6, 0
1460, 10, 0, 58, 7, 0
1460, 10, 0, 58, 8, 0
1460, 10, 0, 58, 9, 0
1460, 10, 0, 58, 10, 0
1460, 10, 0, 58, 11, 0
1460, 10, 0, 58, 29, 0
1460, 10, 0, 58, 30, 0
1460, 10, 0, 58, 31, 0
1460, 10, 0, 58, 32, 0
1460, 10, 0, 58, 33, 0
1460, 10, 0, 58, 34, 0
1460, 10, 0, 58, 35, 0
1460, 10, 0, 58, 36, 0
1460, 10, 0, 58, 37, 0
1460, 10, 0, 58, 38, 0
1460, 10, 0, 58, 39, 0
1460, 10, 0, 58, 40, 0
1460, 10, 0, 58, 41, 0
1460, 10, 0, 58, 42, 0
1460, 10, 0, 58, 43, 0
1460, 10, 0, 58, 44, 0
1460, 10, 0, 58, 45, 0
1460, 10, 0, 58, 46, 0
1460, 10, 0, 58, 47, 0
1460, 10, 0, 58, 48, 0
1460, 10, 0, 58, 49, 0
1460, 10, 0, 58, 50, 0
1460, 10, 0, 58, 51, 0
1460, 10, 0, 58, 52, 0
1460, 10, 0, 58, 53, 0
1460, 10, 0, 58, 54, 0
1460, 10, 0, 58, 55, 0
1460, 10, 0, 58, 56, 0
1460, 10, 0, 58, 57, 0
1460, 10, 0, 58, 58, 0
1460, 10, 0, 59, 0, 0
1460, 10, 0, 59, 1, 0
1460, 10, 0, 59, 2, 0
1460, 10, 0, 59, 3, 0
1460, 10, 0, 59, 4, 0
1460, 10, 0, 59, 5, 0
1460, 10, 0, 59, 6, 0
1460, 10, 0, 59, 7, 0
1460, 10, 0, 59, 8, 0
1460, 10, 0, 59, 9, 0
1460, 10, 0, 59, 10, 0
1460, 10, 0, 59, 11, 0
1460, 10, 0, 59, 24, 0
1460, 10, 0, 59, 25, 0
1460, 10, 0, 59, 26, 0
1460, 10, 0, 59, 27, 0
1460, 10, 0, 59, 28, 0
1460, 10, 0, 59, 29, 0
1460, 10, 0, 59, 30, 0
1460, 10, 0, 59, 31, 0
1460, 10, 0, 59, 32, 0
1460, 10, 0, 59, 33, 0
1460, 10, 0, 59, 34, 0
1460, 10, 0, 59, 35, 0
1460, 10, 0, 59, 36, 0
1460, 10, 0, 59, 37, 0
1460, 10, 0, 59, 38, 0
1460, 10, 0, 59, 39, 0
1460, 10, 0, 59, 40, 0
1460, 10, 0, 59, 41, 0
1460, 10, 0, 59, 42, 0
1460, 10, 0, 59, 43, 0
1460, 10, 0, 59, 44, 0
1460, 10, 0, 59, 45, 0
1460, 10, 0, 59, 46, 0
1460, 10, 0, 59, 47, 0
1460, 10, 0, 59, 48, 0
1460, 10, 0, 59, 49, 0
1460, 10, 0, 59, 50, 0
1460, 10, 0, 59, 51, 0
1460, 10, 0, 59, 52, 0
1460, 10, 0, 59, 53, 0
1460, 10, 0, 59, 54, 0
1460, 10, 0, 59, 55, 0
1460, 10, 0, 59, 56, 0
1460, 10, 0, 59, 57, 0
1460, 10, 0, 59, 58, 0
1460, 10, 0, 60, 0, 0
1460, 10, 0, 60, 1, 0
1460, 10, 0, 60, 2, 0
1460, 10, 0, 60, 3, 0
1460, 10, 0, 60, 4, 0
1460, 10, 0, 60, 5, 0
1460, 10, 0, 60, 6, 0
1460, 10, 0, 60, 7, 0
1460, 10, 0, 60, 8, 0
1460, 10, 0, 60, 9, 0
1460, 10, 0, 60, 10, 0
1460, 10, 0, 60, 11, 0
1460, 10, 0, 60, 23, 0
1460, 10, 0, 60, 24, 0
1460, 10, 0, 60, 25, 0
1460, 10, 0, 60, 26, 0
1460, 10, 0, 60, 27, 0
1460, 10, 0, 60, 28, 0
1460, 10, 0, 60, 29, 0
1460, 10, 0, 60, 30, 0
1460, 10, 0, 60, 31, 0
1460, 10, 0, 60, 32, 0
1460, 10, 0, 60, 33, 0
1460, 10, 0, 60, 34, 0
1460, 10, 0, 60, 35, 0
1460, 10, 0, 60, 36, 0
1460, 10, 0, 60, 37, 0
1460, 10, 0, 60, 38, 0
1460, 10, 0, 60, 39, 0
1460, 10, 0, 60, 40, 0
1460, 10, 0, 60, 41, 0
1460, 10, 0, 60, 42, 0
1460, 10, 0, 60, 43, 0
1460, 10, 0, 60, 44, 0
1460, 10, 0, 60, 45, 0
1460, 10, 0, 60, 46, 0
1460, 10, 0, 60, 47, 0
1460, 10, 0, 60, 48, 0
1460, 10, 0, 60, 49, 0
1460, 10, 0, 60, 50, 0
1460, 10, 0, 60, 51, 0
1460, 10, 0, 60, 52, 0
1460, 10, 0, 60, 53, 0
1460, 10, 0, 60, 54, 0
1460, 10, 0, 60, 55, 0
1460, 10, 0, 60, 56, 0
1460, 10, 0, 61, 0, 0
1460, 10, 0, 61, 1, 0
1460, 10, 0, 61, 2, 0
1460, 10, 0, 61, 3, 0
1460, 10, 0, 61, 4, 0
1460, 10, 0, 61, 5, 0
1460, 10, 0, 61, 6, 0
1460, 10, 0, 61, 7, 0
1460, 10, 0, 61, 8, 0
1460, 10, 0, 61, 9, 0
1460, 10, 0, 61, 10, 0
1460, 10, 0, 61, 11, 0
1460, 10, 0, 61, 23, 0
1460, 10, 0, 61, 24, 0
1460, 10, 0, 61, 25, 0
1460, 10, 0, 61, 26, 0
1460, 10, 0, 61, 27, 0
1460, 10, 0, 61, 28, 0
1460, 10, 0, 61, 29, 0
1460, 10, 0, 61, 30, 0
1460, 10, 0, 61, 31, 0
1460, 10, 0, 61, 32, 0
1460, 10, 0, 61, 33, 0
1460, 10, 0, 61, 34, 0
1460, 10, 0, 61, 35, 0
1460, 10, 0, 61, 36, 0
1460, 10, 0, 61, 37, 0
1460, 10, 0, 61, 38, 0
1460, 10, 0, 61, 39, 0
1460, 10, 0, 61, 40, 0
1460, 10, 0, 61, 41, 0
1460, 10, 0, 61, 42, 0
1460, 10, 0, 61, 43, 0
1460, 10, 0, 61, 44, 0
1460, 10, 0, 61, 45, 0
1460, 10, 0, 61, 46, 0
1460, 10, 0, 61, 47, 0
1460, 10, 0, 61, 48, 0
1460, 10, 0, 61, 49, 0
1460, 10, 0, 61, 50, 0
1460, 10, 0, 61, 51, 0
1460, 10, 0, 61, 52, 0
1460, 10, 0, 61, 53, 0
1460, 10, 0, 61, 54, 0
1460, 10, 0, 61, 55, 0
1460, 10, 0, 62, 0, 0
1460, 10, 0, 62, 1, 0
1460, 10, 0, 62, 2, 0
1460, 10, 0, 62, 3, 0
1460, 10, 0, 62, 4, 0
1460, 10, 0, 62, 5, 0
1460, 10, 0, 62, 6, 0
1460, 10, 0, 62, 7, 0
1460, 10, 0, 62, 8, 0
1460, 10, 0, 62, 9, 0
1460, 10, 0, 62, 10, 0
1460, 10, 0, 62, 11, 0
1460, 10, 0, 62, 12, 0
1460, 10, 0, 62, 22, 0
1460, 10, 0, 62, 23, 0
1460, 10, 0, 62, 24, 0
1460, 10, 0, 62, 25, 0
1460, 10, 0, 62, 26, 0
1460, 10, 0, 62, 27, 0
1460, 10, 0, 62, 28, 0
1460, 10, 0, 62, 29, 0
1460, 10, 0, 62, 30, 0
1460, 10, 0, 62, 31, 0
1460, 10, 0, 62, 32, 0
1460, 10, 0, 62, 33, 0
1460, 10, 0, 62, 34, 0
1460, 10, 0, 62, 35, 0
1460, 10, 0, 62, 36, 0
1460, 10, 0, 62, 37, 0
1460, 10, 0, 62, 38, 0
1460, 10, 0, 62, 39, 0
1460, 10, 0, 62, 40, 0
1460, 10, 0, 62, 41, 0
1460, 10, 0, 62, 42, 0
1460, 10, 0, 62, 43, 0
1460, 10, 0, 62, 44, 0
1460, 10, 0, 62, 45, 0
1460, 10, 0, 62, 46, 0
1460, 10, 0, 62, 47, 0
1460, 10, 0, 62, 48, 0
1460, 10, 0, 62, 49, 0
1460, 10, 0, 62, 50, 0
1460, 10, 0, 62, 51, 0
1460, 10, 0, 62, 52, 0
1460, 10, 0, 63, 0, 0
1460, 10, 0, 63, 1, 0
1460, 10, 0, 63, 2, 0
1460, 10, 0, 63, 3, 0
1460, 10, 0, 63, 4, 0
1460, 10, 0, 63, 5, 0
1460, 10, 0, 63, 6, 0
1460, 10, 0, 63, 7, 0
1460, 10, 0, 63, 8, 0
1460, 10, 0, 63, 9, 0
1460, 10, 0, 63, 10, 0
1460, 10, 0, 63, 11, 0
1460, 10, 0, 63, 12, 0
1460, 10, 0, 63, 13, 0
1460, 10, 0, 63, 21, 0
1460, 10, 0, 63, 22, 0
1460, 10, 0, 63, 23, 0
1460, 10, 0, 63, 24, 0
1460, 10, 0, 63, 25, 0
1460, 10, 0, 63, 26, 0
1460, 10, 0, 63, 27, 0
1460, 10, 0, 63, 28, 0
1460, 10, 0, 63, 29, 0
1460, 10, 0, 63, 30, 0
1460, 10, 0, 63, 31, 0
1460, 10, 0, 63, 32, 0
1460, 10, 0, 63, 33, 0
1460, 10, 0, 63, 34, 0
1460, 10, 0, 63, 35, 0
1460, 10, 0, 63, 36, 0
1460, 10, 0, 63, 37, 0
1460, 10, 0, 63, 38, 0
1460, 10, 0, 63, 39, 0
1460, 10, 0, 63, 40, 0
1460, 10, 0, 63, 41, 0
1460, 10, 0, 63, 42, 0
1460, 10, 0, 63, 43, 0
1460, 10, 0, 63, 44, 0
1460, 10, 0, 63, 45, 0
1460, 10, 0, 63, 46, 0
1460, 10, 0, 63, 47, 0
1460, 10, 0, 63, 48, 0
1460, 10, 0, 63, 49, 0
1460, 10, 0, 63, 50, 0
1460, 10, 0, 63, 51, 0
1467, 10, 2, 1, 10, 1
1467, 10, 3, 1, 14, 1
1467, 10, 2, 2, 5, 1
1467, 10, 3, 2, 15, 1
1467, 10, 2, 3, 3, 1
1467, 10, 2, 4, 2, 1
1467, 10, 3, 4, 16, 1
1467, 10, 2, 6, 1, 1
1467, 10, 3, 8, 17, 1
1467, 10, 3, 9, 18, 1
1467, 10, 3, 11, 19, 1
1467, 10, 3, 12, 20, 1
1467, 10, 1, 13, 1, 1
1467, 10, 3, 13, 23, 1
1467, 10, 1, 14, 3, 1
1467, 10, 3, 14, 24, 1
1467, 10, 1, 15, 4, 1
1467, 10, 3, 15, 25, 1
1467, 10, 2, 17, 4, 1
1467, 10, 2, 18, 3, 1
1467, 10, 3, 19, 26, 1
1467, 10, 2, 20, 2, 1
1467, 10, 3, 20, 27, 1
1467, 10, 2, 21, 1, 1
1467, 10, 3, 26, 28, 1
1467, 10, 2, 27, 0, 1
1467, 10, 3, 27, 30, 1
1467, 10, 3, 31, 31, 1
1467, 10, 3, 32, 32, 1
1467, 10, 3, 35, 33, 1
1467, 10, 2, 35, 34, 1
1467, 10, 3, 35, 41, 1
1467, 10, 3, 36, 42, 1
1467, 10, 1, 37, 0, 1
1467, 10, 3, 37, 43, 1
1467, 10, 1, 38, 1, 1
1467, 10, 3, 38, 47, 1
1467, 10, 3, 39, 48, 1
1467, 10, 2, 40, 1, 1
1467, 10, 3, 40, 49, 1
1467, 10, 3, 41, 50, 1
1467, 10, 3, 44, 51, 1
1467, 10, 1, 49, 1, 1
1467, 10, 0, 50, 51, 1
1467, 10, 0, 52, 50, 1
1467, 10, 1, 53, 2, 1
1467, 10, 0, 53, 49, 1
1467, 10, 1, 54, 3, 1
1467, 10, 0, 54, 43, 1
1467, 10, 1, 55, 4, 1
1467, 10, 0, 55, 11, 1
1467, 10, 0, 55, 42, 1
1467, 10, 1, 56, 5, 1
1467, 10, 0, 56, 10, 1
1467, 10, 2, 56, 12, 1
1467, 10, 0, 56, 34, 1
1467, 10, 1, 56, 36, 1
1467, 10, 0, 56, 41, 1
1467, 10, 0, 57, 30, 1
1467, 10, 0, 58, 29, 1
1467, 10, 0, 59, 24, 1
1467, 10, 0, 60, 23, 1
1467, 10, 1, 62, 12, 1
1467, 10, 0, 62, 22, 1
1467, 10, 1, 63, 13, 1
1467, 10, 0, 63, 21, 1
1478, 10, 1, 9, 1, 0
1478, 10, 1, 23, 1, 0
1478, 10, 0, 56, 8, 0
1478, 10, 0, 56, 39, 0
1766, 10, 2, 61, 16, 0
1768, 10, 2, 9, 9, 0
1816, 4, 3, 59, 13, 0
1874, 6, 2, 61, 13, 0
2106, 10, 3, 38, 25, 0
