329, 22, 1, 36, 7, 0
329, 22, 0, 36, 13, 0
329, 22, 3, 36, 18, 0
329, 22, 3, 40, 27, 0
329, 22, 2, 41, 3, 0
329, 22, 0, 43, 22, 0
329, 22, 0, 44, 8, 0
329, 22, 2, 46, 13, 0
329, 22, 3, 48, 2, 0
329, 22, 2, 50, 27, 0
329, 22, 3, 51, 8, 0
329, 22, 0, 51, 11, 0
329, 22, 1, 51, 20, 0
329, 22, 2, 54, 17, 0
329, 22, 1, 55, 27, 0
329, 22, 0, 56, 3, 0
329, 22, 3, 59, 17, 0
329, 22, 0, 59, 22, 0
329, 22, 1, 60, 7, 0
329, 22, 2, 60, 12, 0
330, 22, 0, 35, 7, 0
330, 22, 3, 35, 8, 0
330, 22, 0, 35, 13, 0
330, 22, 1, 36, 6, 0
330, 22, 3, 36, 8, 0
330, 22, 1, 36, 12, 0
330, 22, 3, 36, 14, 0
330, 22, 2, 36, 17, 0
330, 22, 0, 37, 6, 0
330, 22, 2, 37, 7, 0
330, 22, 2, 37, 14, 0
330, 22, 1, 37, 18, 0
330, 22, 1, 38, 22, 0
330, 22, 2, 38, 26, 0
330, 22, 1, 38, 27, 0
330, 22, 2, 39, 11, 0
330, 22, 2, 39, 21, 0
330, 22, 2, 39, 27, 0
330, 22, 1, 39, 28, 0
330, 22, 2, 40, 3, 0
330, 22, 2, 40, 4, 0
330, 22, 3, 40, 15, 0
330, 22, 0, 40, 23, 0
330, 22, 2, 40, 24, 0
330, 22, 3, 40, 26, 0
330, 22, 1, 41, 4, 0
330, 22, 0, 41, 27, 0
330, 22, 0, 42, 3, 0
330, 22, 1, 42, 22, 0
330, 22, 3, 43, 8, 0
330, 22, 2, 44, 9, 0
330, 22, 3, 44, 21, 0
330, 22, 2, 44, 22, 0
330, 22, 3, 44, 25, 0
330, 22, 1, 45, 6, 0
330, 22, 0, 45, 7, 0
330, 22, 1, 45, 8, 0
330, 22, 1, 45, 13, 0
330, 22, 1, 45, 14, 0
330, 22, 0, 46, 12, 0
330, 22, 3, 46, 14, 0
330, 22, 0, 46, 15, 0
330, 22, 1, 46, 27, 0
330, 22, 1, 47, 1, 0
330, 22, 2, 47, 2, 0
330, 22, 1, 47, 13, 0
330, 22, 2, 47, 27, 0
330, 22, 0, 47, 28, 0
330, 22, 3, 48, 3, 0
330, 22, 0, 48, 17, 0
330, 22, 3, 48, 27, 0
330, 22, 0, 49, 2, 0
330, 22, 3, 49, 19, 0
330, 22, 1, 49, 27, 0
330, 22, 0, 50, 8, 0
330, 22, 1, 50, 11, 0
330, 22, 0, 50, 20, 0
330, 22, 0, 50, 26, 0
330, 22, 1, 51, 7, 0
330, 22, 0, 51, 12, 0
330, 22, 3, 51, 13, 0
330, 22, 2, 51, 19, 0
330, 22, 3, 51, 21, 0
330, 22, 3, 51, 26, 0
330, 22, 2, 52, 8, 0
330, 22, 2, 52, 12, 0
330, 22, 1, 52, 26, 0
330, 22, 3, 53, 8, 0
330, 22, 0, 53, 17, 0
330, 22, 1, 54, 11, 0
330, 22, 1, 54, 16, 0
330, 22, 2, 54, 26, 0
330, 22, 1, 55, 3, 0
330, 22, 2, 55, 17, 0
330, 22, 1, 55, 26, 0
330, 22, 2, 56, 2, 0
330, 22, 0, 56, 4, 0
330, 22, 3, 56, 8, 0
330, 22, 3, 56, 18, 0
330, 22, 3, 56, 26, 0
330, 22, 0, 56, 27, 0
330, 22, 2, 57, 2, 0
330, 22, 3, 57, 3, 0
330, 22, 0, 57, 4, 0
330, 22, 2, 57, 8, 0
330, 22, 3, 58, 15, 0
330, 22, 1, 58, 16, 0
330, 22, 0, 58, 17, 0
330, 22, 3, 58, 22, 0
330, 22, 2, 58, 23, 0
330, 22, 0, 59, 7, 0
330, 22, 1, 59, 12, 0
330, 22, 0, 59, 13, 0
330, 22, 3, 59, 18, 0
330, 22, 0, 59, 21, 0
330, 22, 1, 60, 6, 0
330, 22, 3, 60, 8, 0
330, 22, 2, 60, 11, 0
330, 22, 3, 60, 13, 0
330, 22, 2, 60, 17, 0
330, 22, 1, 60, 22, 0
330, 22, 2, 61, 8, 0
330, 22, 1, 61, 12, 0
332, 22, 0, 39, 42, 0
332, 22, 3, 39, 52, 0
332, 22, 2, 39, 56, 0
332, 22, 1, 41, 36, 0
332, 22, 1, 42, 55, 0
332, 22, 2, 46, 47, 0
332, 22, 3, 48, 40, 0
332, 22, 2, 49, 35, 0
332, 22, 0, 50, 55, 0
332, 22, 3, 50, 61, 0
332, 22, 1, 52, 50, 0
332, 22, 0, 54, 47, 0
332, 22, 2, 55, 60, 0
332, 22, 3, 58, 38, 0
332, 22, 0, 60, 45, 0
332, 22, 1, 60, 54, 0
333, 22, 2, 38, 41, 0
333, 22, 3, 38, 42, 0
333, 22, 0, 38, 50, 0
333, 22, 2, 38, 54, 0
333, 22, 2, 38, 55, 0
333, 22, 0, 39, 40, 0
333, 22, 1, 39, 41, 0
333, 22, 2, 39, 43, 0
333, 22, 2, 39, 44, 0
333, 22, 0, 39, 47, 0
333, 22, 3, 39, 50, 0
333, 22, 0, 39, 53, 0
333, 22, 1, 39, 55, 0
333, 22, 1, 40, 38, 0
333, 22, 0, 40, 39, 0
333, 22, 0, 40, 42, 0
333, 22, 3, 40, 43, 0
333, 22, 3, 40, 46, 0
333, 22, 2, 40, 51, 0
333, 22, 1, 40, 52, 0
333, 22, 0, 40, 53, 0
333, 22, 3, 40, 56, 0
333, 22, 2, 40, 57, 0
333, 22, 3, 41, 37, 0
333, 22, 2, 41, 40, 0
333, 22, 1, 41, 51, 0
333, 22, 1, 41, 55, 0
333, 22, 0, 41, 56, 0
333, 22, 2, 42, 36, 0
333, 22, 2, 42, 54, 0
333, 22, 3, 42, 57, 0
333, 22, 1, 43, 35, 0
333, 22, 3, 43, 54, 0
333, 22, 3, 43, 57, 0
333, 22, 1, 43, 60, 0
333, 22, 0, 43, 61, 0
333, 22, 2, 44, 53, 0
333, 22, 1, 44, 59, 0
333, 22, 2, 44, 60, 0
333, 22, 1, 45, 47, 0
333, 22, 2, 45, 48, 0
333, 22, 3, 45, 53, 0
333, 22, 3, 45, 60, 0
333, 22, 3, 46, 39, 0
333, 22, 2, 46, 41, 0
333, 22, 3, 46, 48, 0
333, 22, 1, 47, 41, 0
333, 22, 3, 47, 50, 0
333, 22, 1, 48, 35, 0
333, 22, 1, 48, 41, 0
333, 22, 2, 48, 45, 0
333, 22, 1, 48, 46, 0
333, 22, 0, 48, 48, 0
333, 22, 1, 48, 56, 0
333, 22, 3, 48, 61, 0
333, 22, 0, 49, 34, 0
333, 22, 0, 49, 40, 0
333, 22, 2, 49, 55, 0
333, 22, 3, 49, 56, 0
333, 22, 1, 49, 59, 0
333, 22, 2, 50, 36, 0
333, 22, 2, 50, 54, 0
333, 22, 0, 50, 57, 0
333, 22, 0, 50, 60, 0
333, 22, 0, 50, 62, 0
333, 22, 3, 51, 35, 0
333, 22, 1, 51, 50, 0
333, 22, 1, 51, 55, 0
333, 22, 0, 51, 56, 0
333, 22, 3, 51, 60, 0
333, 22, 1, 51, 62, 0
333, 22, 2, 52, 49, 0
333, 22, 0, 52, 51, 0
333, 22, 0, 52, 54, 0
333, 22, 2, 52, 60, 0
333, 22, 2, 52, 61, 0
333, 22, 0, 53, 39, 0
333, 22, 1, 53, 40, 0
333, 22, 3, 53, 46, 0
333, 22, 3, 53, 47, 0
333, 22, 0, 54, 46, 0
333, 22, 3, 54, 60, 0
333, 22, 2, 54, 61, 0
333, 22, 0, 55, 36, 0
333, 22, 1, 55, 45, 0
333, 22, 3, 55, 47, 0
333, 22, 3, 55, 53, 0
333, 22, 1, 55, 56, 0
333, 22, 0, 55, 59, 0
333, 22, 3, 56, 36, 0
333, 22, 2, 56, 46, 0
333, 22, 1, 56, 60, 0
333, 22, 2, 56, 61, 0
333, 22, 1, 57, 38, 0
333, 22, 2, 57, 54, 0
333, 22, 3, 57, 58, 0
333, 22, 0, 58, 37, 0
333, 22, 2, 58, 39, 0
333, 22, 3, 59, 37, 0
333, 22, 0, 59, 39, 0
333, 22, 1, 59, 45, 0
333, 22, 1, 59, 52, 0
333, 22, 2, 59, 54, 0
333, 22, 1, 59, 55, 0
333, 22, 2, 60, 38, 0
333, 22, 2, 60, 44, 0
333, 22, 0, 60, 46, 0
333, 22, 3, 60, 53, 0
333, 22, 3, 61, 45, 0
333, 22, 0, 61, 53, 0
333, 22, 0, 61, 55, 0
334, 22, 0, 38, 40, 0
334, 22, 0, 38, 43, 0
334, 22, 2, 39, 51, 0
334, 22, 1, 42, 35, 0
334, 22, 3, 42, 56, 0
334, 22, 1, 44, 61, 0
334, 22, 0, 47, 40, 0
334, 22, 1, 47, 47, 0
334, 22, 2, 50, 35, 0
334, 22, 0, 50, 56, 0
334, 22, 3, 51, 61, 0
334, 22, 2, 55, 46, 0
334, 22, 2, 55, 61, 0
334, 22, 3, 59, 38, 0
334, 22, 0, 61, 44, 0
334, 22, 1, 61, 54, 0
335, 22, 1, 2, 21, 0
335, 22, 2, 4, 16, 0
335, 22, 0, 5, 25, 0
335, 22, 0, 6, 3, 0
335, 22, 1, 8, 2, 0
335, 22, 1, 10, 19, 0
335, 22, 3, 10, 27, 0
335, 22, 2, 12, 7, 0
335, 22, 1, 14, 13, 0
335, 22, 2, 15, 27, 0
335, 22, 2, 16, 20, 0
335, 22, 0, 18, 4, 0
335, 22, 0, 21, 25, 0
335, 22, 3, 23, 2, 0
335, 22, 1, 23, 13, 0
335, 22, 3, 23, 23, 0
335, 22, 1, 24, 28, 0
335, 22, 2, 27, 7, 0
335, 22, 0, 28, 17, 0
335, 22, 3, 28, 22, 0
336, 22, 0, 2, 22, 0
336, 22, 0, 3, 7, 0
336, 22, 0, 3, 14, 0
336, 22, 3, 3, 20, 0
336, 22, 2, 3, 21, 0
336, 22, 1, 3, 22, 0
336, 22, 1, 3, 25, 0
336, 22, 1, 4, 6, 0
336, 22, 3, 4, 15, 0
336, 22, 0, 4, 17, 0
336, 22, 3, 4, 20, 0
336, 22, 0, 4, 24, 0
336, 22, 3, 4, 25, 0
336, 22, 2, 5, 4, 0
336, 22, 2, 5, 15, 0
336, 22, 1, 5, 16, 0
336, 22, 2, 5, 18, 0
336, 22, 2, 5, 24, 0
336, 22, 3, 5, 26, 0
336, 22, 3, 6, 2, 0
336, 22, 3, 6, 4, 0
336, 22, 1, 6, 15, 0
336, 22, 1, 6, 25, 0
336, 22, 0, 6, 26, 0
336, 22, 2, 7, 2, 0
336, 22, 1, 7, 3, 0
336, 22, 0, 7, 4, 0
336, 22, 2, 7, 25, 0
336, 22, 1, 7, 26, 0
336, 22, 0, 8, 3, 0
336, 22, 1, 9, 3, 0
336, 22, 2, 9, 4, 0
336, 22, 2, 9, 13, 0
336, 22, 0, 9, 17, 0
336, 22, 3, 9, 18, 0
336, 22, 0, 9, 27, 0
336, 22, 2, 10, 6, 0
336, 22, 3, 10, 13, 0
336, 22, 0, 10, 14, 0
336, 22, 2, 10, 16, 0
336, 22, 2, 10, 18, 0
336, 22, 3, 10, 20, 0
336, 22, 3, 10, 26, 0
336, 22, 3, 11, 7, 0
336, 22, 0, 11, 13, 0
336, 22, 1, 11, 19, 0
336, 22, 0, 11, 20, 0
336, 22, 1, 11, 26, 0
336, 22, 2, 11, 27, 0
336, 22, 1, 12, 6, 0
336, 22, 2, 13, 7, 0
336, 22, 3, 13, 13, 0
336, 22, 1, 14, 6, 0
336, 22, 1, 14, 14, 0
336, 22, 1, 14, 20, 0
336, 22, 2, 14, 21, 0
336, 22, 2, 14, 26, 0
336, 22, 1, 14, 27, 0
336, 22, 2, 15, 13, 0
336, 22, 0, 15, 15, 0
336, 22, 0, 15, 18, 0
336, 22, 3, 15, 19, 0
336, 22, 3, 15, 25, 0
336, 22, 3, 15, 26, 0
336, 22, 3, 16, 13, 0
336, 22, 0, 16, 19, 0
336, 22, 0, 16, 25, 0
336, 22, 2, 16, 27, 0
336, 22, 2, 17, 3, 0
336, 22, 3, 17, 4, 0
336, 22, 1, 17, 18, 0
336, 22, 2, 17, 19, 0
336, 22, 0, 17, 24, 0
336, 22, 1, 17, 25, 0
336, 22, 0, 18, 5, 0
336, 22, 3, 18, 18, 0
336, 22, 2, 18, 24, 0
336, 22, 1, 19, 4, 0
336, 22, 3, 19, 24, 0
336, 22, 3, 20, 4, 0
336, 22, 1, 20, 15, 0
336, 22, 3, 20, 24, 0
336, 22, 0, 20, 25, 0
336, 22, 1, 21, 23, 0
336, 22, 2, 21, 24, 0
336, 22, 0, 22, 2, 0
336, 22, 0, 22, 13, 0
336, 22, 3, 22, 21, 0
336, 22, 3, 22, 22, 0
336, 22, 1, 22, 23, 0
336, 22, 1, 22, 25, 0
336, 22, 1, 23, 3, 0
336, 22, 2, 23, 22, 0
336, 22, 0, 23, 24, 0
336, 22, 3, 23, 27, 0
336, 22, 0, 23, 28, 0
336, 22, 3, 24, 2, 0
336, 22, 2, 24, 3, 0
336, 22, 1, 24, 5, 0
336, 22, 1, 24, 13, 0
336, 22, 0, 24, 25, 0
336, 22, 2, 24, 27, 0
336, 22, 1, 25, 14, 0
336, 22, 1, 25, 28, 0
336, 22, 0, 26, 3, 0
336, 22, 2, 26, 4, 0
336, 22, 2, 26, 7, 0
336, 22, 1, 26, 21, 0
336, 22, 1, 27, 6, 0
336, 22, 3, 27, 8, 0
336, 22, 3, 27, 17, 0
336, 22, 0, 27, 20, 0
336, 22, 2, 27, 22, 0
336, 22, 0, 27, 24, 0
336, 22, 1, 28, 5, 0
336, 22, 2, 28, 6, 0
336, 22, 2, 28, 16, 0
336, 22, 0, 28, 18, 0
336, 22, 3, 28, 20, 0
336, 22, 3, 28, 23, 0
336, 22, 2, 29, 17, 0
336, 22, 1, 29, 18, 0
337, 22, 3, 15, 20, 0
337, 22, 0, 16, 26, 0
337, 22, 2, 27, 21, 0
343, 22, 3, 2, 54, 0
343, 22, 0, 4, 46, 0
343, 22, 2, 4, 61, 0
343, 22, 0, 8, 51, 0
343, 22, 2, 9, 38, 0
343, 22, 3, 12, 56, 0
343, 22, 3, 13, 35, 0
343, 22, 1, 15, 51, 0
343, 22, 1, 16, 46, 0
343, 22, 3, 17, 41, 0
343, 22, 0, 18, 35, 0
343, 22, 2, 19, 60, 0
343, 22, 2, 21, 50, 0
343, 22, 1, 23, 34, 0
343, 22, 1, 23, 44, 0
343, 22, 1, 23, 58, 0
343, 22, 2, 27, 38, 0
343, 22, 3, 28, 54, 0
343, 22, 1, 29, 47, 0
344, 22, 2, 2, 53, 0
344, 22, 2, 2, 55, 0
344, 22, 1, 2, 56, 0
344, 22, 1, 3, 51, 0
344, 22, 0, 3, 52, 0
344, 22, 1, 3, 53, 0
344, 22, 0, 3, 54, 0
344, 22, 3, 3, 55, 0
344, 22, 2, 3, 56, 0
344, 22, 0, 4, 45, 0
344, 22, 2, 4, 53, 0
344, 22, 0, 4, 59, 0
344, 22, 1, 4, 60, 0
344, 22, 0, 4, 62, 0
344, 22, 2, 5, 45, 0
344, 22, 3, 5, 46, 0
344, 22, 0, 5, 61, 0
344, 22, 3, 5, 62, 0
344, 22, 3, 6, 47, 0
344, 22, 1, 6, 60, 0
344, 22, 1, 7, 51, 0
344, 22, 0, 7, 52, 0
344, 22, 3, 8, 37, 0
344, 22, 2, 8, 50, 0
344, 22, 3, 8, 53, 0
344, 22, 0, 9, 39, 0
344, 22, 3, 9, 51, 0
344, 22, 0, 9, 52, 0
344, 22, 1, 10, 39, 0
344, 22, 1, 10, 53, 0
344, 22, 2, 11, 38, 0
344, 22, 3, 11, 55, 0
344, 22, 2, 11, 56, 0
344, 22, 0, 12, 35, 0
344, 22, 0, 12, 36, 0
344, 22, 2, 12, 55, 0
344, 22, 3, 13, 34, 0
344, 22, 1, 13, 36, 0
344, 22, 0, 13, 51, 0
344, 22, 0, 13, 55, 0
344, 22, 3, 13, 57, 0
344, 22, 3, 13, 59, 0
344, 22, 2, 14, 35, 0
344, 22, 1, 14, 47, 0
344, 22, 0, 14, 51, 0
344, 22, 3, 14, 53, 0
344, 22, 1, 14, 56, 0
344, 22, 2, 14, 57, 0
344, 22, 0, 15, 46, 0
344, 22, 1, 15, 50, 0
344, 22, 3, 15, 52, 0
344, 22, 1, 16, 34, 0
344, 22, 0, 16, 35, 0
344, 22, 3, 16, 42, 0
344, 22, 3, 16, 45, 0
344, 22, 1, 16, 47, 0
344, 22, 1, 16, 49, 0
344, 22, 2, 16, 51, 0
344, 22, 2, 16, 52, 0
344, 22, 3, 17, 36, 0
344, 22, 2, 17, 42, 0
344, 22, 2, 17, 46, 0
344, 22, 2, 17, 51, 0
344, 22, 3, 17, 53, 0
344, 22, 2, 18, 36, 0
344, 22, 0, 18, 41, 0
344, 22, 0, 18, 42, 0
344, 22, 0, 18, 43, 0
344, 22, 3, 18, 60, 0
344, 22, 1, 18, 61, 0
344, 22, 1, 19, 35, 0
344, 22, 1, 19, 40, 0
344, 22, 0, 19, 49, 0
344, 22, 3, 19, 52, 0
344, 22, 2, 19, 59, 0
344, 22, 0, 19, 61, 0
344, 22, 3, 20, 50, 0
344, 22, 1, 20, 60, 0
344, 22, 0, 20, 61, 0
344, 22, 3, 21, 41, 0
344, 22, 0, 21, 43, 0
344, 22, 3, 21, 45, 0
344, 22, 1, 21, 48, 0
344, 22, 0, 21, 49, 0
344, 22, 2, 21, 51, 0
344, 22, 0, 21, 59, 0
344, 22, 1, 21, 60, 0
344, 22, 3, 22, 34, 0
344, 22, 3, 22, 35, 0
344, 22, 1, 22, 40, 0
344, 22, 0, 22, 43, 0
344, 22, 1, 22, 44, 0
344, 22, 2, 22, 46, 0
344, 22, 1, 22, 50, 0
344, 22, 2, 22, 52, 0
344, 22, 1, 22, 58, 0
344, 22, 0, 22, 59, 0
344, 22, 3, 22, 60, 0
344, 22, 2, 23, 36, 0
344, 22, 0, 23, 39, 0
344, 22, 2, 23, 41, 0
344, 22, 2, 23, 42, 0
344, 22, 0, 23, 43, 0
344, 22, 2, 23, 45, 0
344, 22, 2, 23, 57, 0
344, 22, 3, 23, 60, 0
344, 22, 2, 24, 34, 0
344, 22, 1, 24, 35, 0
344, 22, 3, 24, 40, 0
344, 22, 3, 24, 44, 0
344, 22, 1, 24, 45, 0
344, 22, 3, 24, 56, 0
344, 22, 2, 26, 37, 0
344, 22, 3, 26, 38, 0
344, 22, 1, 26, 41, 0
344, 22, 0, 26, 54, 0
344, 22, 0, 27, 37, 0
344, 22, 2, 27, 39, 0
344, 22, 0, 27, 47, 0
344, 22, 2, 27, 53, 0
344, 22, 3, 27, 54, 0
344, 22, 2, 27, 55, 0
344, 22, 0, 28, 38, 0
344, 22, 1, 28, 40, 0
344, 22, 3, 28, 48, 0
344, 22, 2, 28, 49, 0
344, 22, 1, 28, 52, 0
344, 22, 2, 28, 53, 0
344, 22, 3, 28, 55, 0
344, 22, 1, 29, 46, 0
344, 22, 3, 29, 49, 0
344, 22, 1, 29, 53, 0
344, 22, 0, 29, 54, 0
344, 22, 2, 29, 55, 0
344, 22, 3, 30, 42, 0
344, 22, 1, 30, 49, 0
344, 22, 2, 30, 51, 0
345, 22, 1, 8, 52, 0
345, 22, 0, 10, 38, 0
345, 22, 2, 13, 56, 0
345, 22, 1, 17, 35, 0
345, 22, 2, 23, 35, 0
345, 22, 0, 23, 40, 0
345, 22, 2, 23, 59, 0
345, 22, 0, 28, 39, 0
345, 22, 0, 29, 48, 0
13874, 1, 1, 1, 53, 0
13874, 0, 2, 1, 54, 0
13874, 0, 2, 1, 55, 0
13874, 1, 2, 1, 56, 0
13874, 1, 1, 2, 50, 0
13874, 0, 2, 2, 51, 0
13874, 0, 2, 2, 52, 0
13874, 9, 1, 2, 53, 0
13874, 9, 2, 2, 56, 0
13874, 0, 2, 2, 57, 0
13874, 1, 2, 2, 58, 0
13874, 1, 1, 3, 44, 0
13874, 0, 2, 3, 45, 0
13874, 0, 2, 3, 46, 0
13874, 1, 2, 3, 47, 0
13874, 1, 1, 3, 49, 0
13874, 9, 1, 3, 50, 0
13874, 9, 3, 3, 54, 0
13874, 0, 0, 3, 55, 0
13874, 9, 0, 3, 56, 0
13874, 9, 2, 3, 58, 0
13874, 0, 2, 3, 59, 0
13874, 0, 2, 3, 60, 0
13874, 0, 2, 3, 61, 0
13874, 1, 2, 3, 62, 0
13874, 1, 1, 4, 42, 0
13874, 0, 2, 4, 43, 0
13874, 9, 1, 4, 44, 0
13874, 0, 3, 4, 47, 0
13874, 0, 1, 4, 49, 0
13874, 0, 3, 4, 54, 0
13874, 0, 1, 4, 56, 0
13874, 9, 2, 4, 62, 0
13874, 1, 2, 4, 63, 0
13874, 1, 1, 5, 41, 0
13874, 9, 1, 5, 42, 0
13874, 9, 2, 5, 47, 0
13874, 0, 2, 5, 48, 0
13874, 9, 1, 5, 49, 0
13874, 0, 3, 5, 54, 0
13874, 0, 1, 5, 56, 0
13874, 0, 3, 5, 63, 0
13874, 0, 1, 6, 41, 0
13874, 9, 2, 6, 54, 0
13874, 0, 2, 6, 55, 0
13874, 9, 1, 6, 56, 0
13874, 9, 3, 6, 61, 0
13874, 0, 0, 6, 62, 0
13874, 1, 3, 6, 63, 0
13874, 1, 1, 7, 36, 0
13874, 0, 2, 7, 37, 0
13874, 1, 2, 7, 38, 0
13874, 1, 1, 7, 39, 0
13874, 0, 2, 7, 40, 0
13874, 9, 1, 7, 41, 0
13874, 0, 1, 8, 36, 0
13874, 9, 2, 8, 38, 0
13874, 9, 1, 8, 39, 0
13874, 9, 3, 8, 45, 0
13874, 9, 0, 8, 46, 0
13874, 9, 3, 8, 54, 0
13874, 0, 0, 8, 55, 0
13874, 0, 0, 8, 56, 0
13874, 9, 0, 8, 57, 0
13874, 9, 3, 8, 60, 0
13874, 1, 3, 8, 61, 0
13874, 1, 0, 9, 36, 0
13874, 9, 0, 9, 37, 0
13874, 9, 2, 9, 45, 0
13874, 9, 1, 9, 46, 0
13874, 0, 3, 9, 54, 0
13874, 0, 1, 9, 57, 0
13874, 0, 3, 9, 60, 0
13874, 0, 1, 10, 37, 0
13874, 9, 2, 10, 54, 0
13874, 0, 2, 10, 55, 0
13874, 1, 2, 10, 56, 0
13874, 1, 0, 10, 57, 0
13874, 9, 0, 10, 58, 0
13874, 9, 2, 10, 60, 0
13874, 1, 2, 10, 61, 0
13874, 1, 1, 11, 35, 0
13874, 0, 2, 11, 36, 0
13874, 9, 1, 11, 37, 0
13874, 9, 2, 11, 56, 0
13874, 1, 2, 11, 57, 0
13874, 0, 1, 11, 58, 0
13874, 9, 2, 11, 61, 0
13874, 1, 2, 11, 62, 0
13874, 1, 1, 12, 33, 0
13874, 0, 2, 12, 34, 0
13874, 9, 1, 12, 35, 0
13874, 0, 3, 12, 57, 0
13874, 0, 1, 12, 58, 0
13874, 0, 3, 12, 62, 0
13874, 1, 1, 13, 32, 0
13874, 9, 1, 13, 33, 0
13874, 9, 2, 13, 57, 0
13874, 9, 1, 13, 58, 0
13874, 9, 2, 13, 62, 0
13874, 1, 2, 13, 63, 0
13874, 1, 0, 14, 32, 0
13874, 9, 0, 14, 33, 0
13874, 9, 3, 14, 38, 0
13874, 0, 0, 14, 39, 0
13874, 0, 0, 14, 40, 0
13874, 9, 0, 14, 41, 0
13874, 0, 3, 14, 63, 0
13874, 0, 1, 15, 33, 0
13874, 9, 2, 15, 38, 0
13874, 1, 2, 15, 39, 0
13874, 0, 1, 15, 41, 0
13874, 9, 3, 15, 62, 0
13874, 1, 3, 15, 63, 0
13874, 1, 0, 16, 33, 0
13874, 9, 0, 16, 34, 0
13874, 9, 3, 16, 38, 0
13874, 1, 3, 16, 39, 0
13874, 1, 1, 16, 40, 0
13874, 9, 1, 16, 41, 0
13874, 0, 3, 16, 62, 0
13874, 0, 1, 17, 34, 0
13874, 0, 3, 17, 38, 0
13874, 0, 1, 17, 40, 0
13874, 9, 3, 17, 61, 0
13874, 1, 3, 17, 62, 0
13874, 0, 1, 18, 34, 0
13874, 9, 2, 18, 38, 0
13874, 0, 2, 18, 39, 0
13874, 9, 1, 18, 40, 0
13874, 9, 2, 18, 61, 0
13874, 1, 2, 18, 62, 0
13874, 1, 0, 19, 34, 0
13874, 9, 0, 19, 35, 0
13874, 0, 3, 19, 62, 0
13874, 0, 1, 20, 35, 0
13874, 0, 3, 20, 62, 0
13874, 1, 1, 21, 34, 0
13874, 9, 1, 21, 35, 0
13874, 9, 3, 21, 61, 0
13874, 1, 3, 21, 62, 0
13874, 1, 1, 22, 33, 0
13874, 9, 1, 22, 34, 0
13874, 0, 3, 22, 61, 0
13874, 0, 1, 23, 33, 0
13874, 9, 3, 23, 60, 0
13874, 1, 3, 23, 61, 0
13874, 1, 0, 24, 33, 0
13874, 9, 0, 24, 34, 0
13874, 9, 3, 24, 57, 0
13874, 0, 0, 24, 58, 0
13874, 0, 0, 24, 59, 0
13874, 1, 3, 24, 60, 0
13874, 1, 0, 25, 34, 0
13874, 0, 0, 25, 35, 0
13874, 9, 0, 25, 36, 0
13874, 0, 3, 25, 57, 0
13874, 0, 1, 26, 36, 0
13874, 0, 3, 26, 57, 0
13874, 0, 1, 27, 36, 0
13874, 9, 3, 27, 56, 0
13874, 1, 3, 27, 57, 0
13874, 1, 0, 28, 36, 0
13874, 9, 0, 28, 37, 0
13874, 0, 3, 28, 56, 0
13874, 1, 0, 29, 37, 0
13874, 0, 0, 29, 38, 0
13874, 0, 0, 29, 39, 0
13874, 9, 0, 29, 40, 0
13874, 9, 3, 29, 55, 0
13874, 1, 3, 29, 56, 0
13874, 1, 0, 30, 40, 0
13874, 9, 0, 30, 41, 0
13874, 9, 3, 30, 43, 0
13874, 0, 0, 30, 46, 0
13874, 0, 0, 30, 47, 0
13874, 9, 0, 30, 48, 0
13874, 9, 3, 30, 52, 0
13874, 0, 0, 30, 53, 0
13874, 0, 0, 30, 54, 0
13874, 1, 3, 30, 55, 0
13874, 1, 0, 31, 41, 0
13874, 0, 0, 31, 42, 0
13874, 1, 3, 31, 43, 0
13874, 1, 0, 31, 48, 0
13874, 0, 0, 31, 49, 0
13874, 0, 0, 31, 50, 0
13874, 0, 0, 31, 51, 0
13874, 1, 3, 31, 52, 0
13878, 10, 3, 7, 61, 0
13880, 10, 2, 29, 44, 0
13880, 10, 2, 29, 45, 0
13881, 10, 0, 2, 54, 0
13881, 10, 0, 2, 55, 0
13881, 10, 0, 3, 51, 0
13881, 10, 0, 3, 57, 0
13881, 10, 0, 4, 45, 0
13881, 10, 3, 4, 50, 0
13881, 10, 1, 4, 53, 0
13881, 10, 0, 5, 43, 0
13881, 10, 1, 5, 53, 0
13881, 10, 3, 6, 42, 0
13881, 10, 0, 6, 48, 0
13881, 10, 2, 7, 55, 0
13881, 10, 0, 8, 40, 0
13881, 10, 1, 9, 53, 0
13881, 10, 3, 10, 38, 0
13881, 10, 0, 11, 55, 0
13881, 10, 0, 12, 36, 0
13881, 10, 1, 12, 56, 0
13881, 10, 2, 13, 40, 0
13881, 10, 1, 14, 62, 0
13881, 10, 3, 15, 34, 0
13881, 10, 3, 15, 42, 0
13881, 10, 1, 16, 61, 0
13881, 10, 1, 17, 37, 0
13881, 10, 3, 17, 41, 0
13881, 10, 3, 18, 35, 0
13881, 10, 0, 19, 39, 0
13881, 10, 1, 19, 61, 0
13881, 10, 1, 22, 60, 0
13881, 10, 3, 23, 34, 0
13881, 10, 2, 23, 59, 0
13881, 10, 3, 26, 37, 0
13881, 10, 1, 26, 56, 0
13881, 10, 2, 28, 39, 0
13881, 10, 2, 29, 47, 0
13881, 10, 2, 29, 53, 0
13881, 10, 2, 29, 54, 0
13882, 10, 0, 30, 44, 0
13883, 10, 3, 0, 32, 0
13883, 10, 1, 0, 33, 0
13883, 10, 3, 0, 34, 0
13883, 10, 0, 0, 35, 0
13883, 10, 3, 0, 36, 0
13883, 10, 1, 0, 37, 0
13883, 10, 2, 0, 38, 0
13883, 10, 3, 0, 39, 0
13883, 10, 3, 0, 40, 0
13883, 10, 2, 0, 41, 0
13883, 10, 3, 0, 42, 0
13883, 10, 3, 0, 43, 0
13883, 10, 2, 0, 44, 0
13883, 10, 2, 0, 45, 0
13883, 10, 1, 0, 46, 0
13883, 10, 3, 0, 47, 0
13883, 10, 3, 0, 48, 0
13883, 10, 2, 0, 49, 0
13883, 10, 1, 0, 50, 0
13883, 10, 3, 0, 51, 0
13883, 10, 3, 0, 52, 0
13883, 10, 2, 0, 53, 0
13883, 10, 1, 0, 54, 0
13883, 10, 1, 0, 55, 0
13883, 10, 3, 0, 56, 0
13883, 10, 3, 0, 57, 0
13883, 10, 2, 0, 58, 0
13883, 10, 1, 0, 59, 0
13883, 10, 3, 0, 60, 0
13883, 10, 3, 0, 61, 0
13883, 10, 0, 0, 62, 0
13883, 10, 3, 0, 63, 0
13883, 10, 1, 1, 32, 0
13883, 10, 3, 1, 33, 0
13883, 10, 0, 1, 34, 0
13883, 10, 0, 1, 35, 0
13883, 10, 3, 1, 36, 0
13883, 10, 3, 1, 37, 0
13883, 10, 2, 1, 38, 0
13883, 10, 2, 1, 39, 0
13883, 10, 2, 1, 40, 0
13883, 10, 2, 1, 41, 0
13883, 10, 0, 1, 42, 0
13883, 10, 3, 1, 43, 0
13883, 10, 3, 1, 44, 0
13883, 10, 2, 1, 45, 0
13883, 10, 2, 1, 46, 0
13883, 10, 1, 1, 47, 0
13883, 10, 2, 1, 48, 0
13883, 10, 3, 1, 49, 0
13883, 10, 3, 1, 50, 0
13883, 10, 0, 1, 51, 0
13883, 10, 3, 1, 52, 0
13883, 10, 3, 1, 57, 0
13883, 10, 2, 1, 58, 0
13883, 10, 3, 1, 59, 0
13883, 10, 3, 1, 60, 0
13883, 10, 0, 1, 61, 0
13883, 10, 0, 1, 62, 0
13883, 10, 3, 1, 63, 0
13883, 10, 1, 2, 32, 0
13883, 10, 2, 2, 33, 0
13883, 10, 3, 2, 34, 0
13883, 10, 3, 2, 35, 0
13883, 10, 3, 2, 36, 0
13883, 10, 2, 2, 37, 0
13883, 10, 3, 2, 38, 0
13883, 10, 3, 2, 39, 0
13883, 10, 3, 2, 40, 0
13883, 10, 3, 2, 41, 0
13883, 10, 1, 2, 42, 0
13883, 10, 3, 2, 43, 0
13883, 10, 3, 2, 44, 0
13883, 10, 1, 2, 45, 0
13883, 10, 1, 2, 46, 0
13883, 10, 0, 2, 47, 0
13883, 10, 3, 2, 48, 0
13883, 10, 3, 2, 49, 0
13883, 10, 2, 2, 59, 0
13883, 10, 3, 2, 60, 0
13883, 10, 3, 2, 61, 0
13883, 10, 3, 2, 62, 0
13883, 10, 1, 2, 63, 0
13883, 10, 2, 3, 32, 0
13883, 10, 2, 3, 33, 0
13883, 10, 2, 3, 34, 0
13883, 10, 2, 3, 35, 0
13883, 10, 1, 3, 36, 0
13883, 10, 1, 3, 37, 0
13883, 10, 3, 3, 38, 0
13883, 10, 0, 3, 39, 0
13883, 10, 3, 3, 40, 0
13883, 10, 3, 3, 41, 0
13883, 10, 1, 3, 42, 0
13883, 10, 1, 3, 43, 0
13883, 10, 3, 3, 48, 0
13883, 10, 3, 3, 63, 0
13883, 10, 3, 4, 32, 0
13883, 10, 3, 4, 33, 0
13883, 10, 0, 4, 34, 0
13883, 10, 3, 4, 35, 0
13883, 10, 1, 4, 36, 0
13883, 10, 3, 4, 37, 0
13883, 10, 2, 4, 38, 0
13883, 10, 3, 4, 39, 0
13883, 10, 2, 4, 40, 0
13883, 10, 3, 4, 41, 0
13883, 10, 0, 4, 48, 0
13883, 10, 1, 4, 55, 0
13883, 10, 0, 5, 32, 0
13883, 10, 3, 5, 33, 0
13883, 10, 1, 5, 34, 0
13883, 10, 2, 5, 35, 0
13883, 10, 2, 5, 36, 0
13883, 10, 3, 5, 37, 0
13883, 10, 2, 5, 38, 0
13883, 10, 0, 5, 39, 0
13883, 10, 3, 5, 40, 0
13883, 10, 2, 5, 55, 0
13883, 10, 3, 6, 32, 0
13883, 10, 3, 6, 33, 0
13883, 10, 1, 6, 34, 0
13883, 10, 1, 6, 35, 0
13883, 10, 3, 6, 36, 0
13883, 10, 2, 6, 37, 0
13883, 10, 3, 6, 38, 0
13883, 10, 0, 6, 39, 0
13883, 10, 3, 6, 40, 0
13883, 10, 0, 7, 32, 0
13883, 10, 0, 7, 33, 0
13883, 10, 1, 7, 34, 0
13883, 10, 3, 7, 35, 0
13883, 10, 3, 7, 62, 0
13883, 10, 2, 7, 63, 0
13883, 10, 3, 8, 32, 0
13883, 10, 1, 8, 33, 0
13883, 10, 1, 8, 34, 0
13883, 10, 3, 8, 35, 0
13883, 10, 1, 8, 62, 0
13883, 10, 2, 8, 63, 0
13883, 10, 2, 9, 32, 0
13883, 10, 3, 9, 33, 0
13883, 10, 0, 9, 34, 0
13883, 10, 3, 9, 35, 0
13883, 10, 1, 9, 55, 0
13883, 10, 0, 9, 56, 0
13883, 10, 3, 9, 61, 0
13883, 10, 1, 9, 62, 0
13883, 10, 3, 9, 63, 0
13883, 10, 3, 10, 32, 0
13883, 10, 1, 10, 33, 0
13883, 10, 0, 10, 34, 0
13883, 10, 3, 10, 35, 0
13883, 10, 2, 10, 36, 0
13883, 10, 1, 10, 62, 0
13883, 10, 2, 10, 63, 0
13883, 10, 0, 11, 32, 0
13883, 10, 3, 11, 33, 0
13883, 10, 2, 11, 34, 0
13883, 10, 2, 11, 63, 0
13883, 10, 3, 12, 32, 0
13883, 10, 0, 12, 63, 0
13883, 10, 3, 15, 32, 0
13883, 10, 3, 15, 40, 0
13883, 10, 3, 16, 32, 0
13883, 10, 1, 16, 63, 0
13883, 10, 2, 17, 32, 0
13883, 10, 1, 17, 33, 0
13883, 10, 3, 17, 39, 0
13883, 10, 3, 17, 63, 0
13883, 10, 1, 18, 32, 0
13883, 10, 1, 18, 33, 0
13883, 10, 1, 18, 63, 0
13883, 10, 0, 19, 32, 0
13883, 10, 3, 19, 33, 0
13883, 10, 1, 19, 63, 0
13883, 10, 0, 20, 32, 0
13883, 10, 1, 20, 33, 0
13883, 10, 0, 20, 34, 0
13883, 10, 0, 20, 63, 0
13883, 10, 3, 21, 32, 0
13883, 10, 2, 21, 33, 0
13883, 10, 3, 21, 63, 0
13883, 10, 3, 22, 32, 0
13883, 10, 1, 22, 62, 0
13883, 10, 2, 22, 63, 0
13883, 10, 3, 23, 32, 0
13883, 10, 2, 23, 62, 0
13883, 10, 3, 23, 63, 0
13883, 10, 3, 24, 32, 0
13883, 10, 3, 24, 61, 0
13883, 10, 2, 24, 62, 0
13883, 10, 3, 24, 63, 0
13883, 10, 2, 25, 32, 0
13883, 10, 2, 25, 33, 0
13883, 10, 0, 25, 58, 0
13883, 10, 3, 25, 59, 0
13883, 10, 2, 25, 60, 0
13883, 10, 1, 25, 61, 0
13883, 10, 3, 25, 62, 0
13883, 10, 3, 25, 63, 0
13883, 10, 1, 26, 32, 0
13883, 10, 0, 26, 33, 0
13883, 10, 1, 26, 34, 0
13883, 10, 3, 26, 35, 0
13883, 10, 1, 26, 58, 0
13883, 10, 2, 26, 59, 0
13883, 10, 2, 26, 60, 0
13883, 10, 3, 26, 61, 0
13883, 10, 3, 26, 62, 0
13883, 10, 1, 26, 63, 0
13883, 10, 3, 27, 32, 0
13883, 10, 0, 27, 33, 0
13883, 10, 2, 27, 34, 0
13883, 10, 3, 27, 35, 0
13883, 10, 0, 27, 58, 0
13883, 10, 3, 27, 59, 0
13883, 10, 3, 27, 60, 0
13883, 10, 3, 27, 61, 0
13883, 10, 3, 27, 62, 0
13883, 10, 0, 27, 63, 0
13883, 10, 0, 28, 32, 0
13883, 10, 3, 28, 33, 0
13883, 10, 1, 28, 34, 0
13883, 10, 3, 28, 35, 0
13883, 10, 2, 28, 57, 0
13883, 10, 1, 28, 58, 0
13883, 10, 3, 28, 59, 0
13883, 10, 3, 28, 60, 0
13883, 10, 2, 28, 61, 0
13883, 10, 3, 28, 62, 0
13883, 10, 0, 28, 63, 0
13883, 10, 3, 29, 32, 0
13883, 10, 0, 29, 33, 0
13883, 10, 2, 29, 34, 0
13883, 10, 1, 29, 35, 0
13883, 10, 0, 29, 36, 0
13883, 10, 0, 29, 57, 0
13883, 10, 2, 29, 58, 0
13883, 10, 2, 29, 59, 0
13883, 10, 1, 29, 60, 0
13883, 10, 1, 29, 61, 0
13883, 10, 3, 29, 62, 0
13883, 10, 3, 29, 63, 0
13883, 10, 0, 30, 32, 0
13883, 10, 2, 30, 33, 0
13883, 10, 3, 30, 34, 0
13883, 10, 1, 30, 35, 0
13883, 10, 3, 30, 36, 0
13883, 10, 1, 30, 37, 0
13883, 10, 2, 30, 38, 0
13883, 10, 0, 30, 39, 0
13883, 10, 2, 30, 56, 0
13883, 10, 0, 30, 57, 0
13883, 10, 3, 30, 58, 0
13883, 10, 2, 30, 59, 0
13883, 10, 0, 30, 60, 0
13883, 10, 1, 30, 61, 0
13883, 10, 3, 30, 62, 0
13883, 10, 2, 30, 63, 0
13883, 10, 1, 31, 32, 0
13883, 10, 2, 31, 33, 0
13883, 10, 0, 31, 34, 0
13883, 10, 1, 31, 35, 0
13883, 10, 2, 31, 36, 0
13883, 10, 3, 31, 37, 0
13883, 10, 3, 31, 38, 0
13883, 10, 1, 31, 39, 0
13883, 10, 3, 31, 40, 0
13883, 10, 3, 31, 44, 0
13883, 10, 2, 31, 45, 0
13883, 10, 0, 31, 46, 0
13883, 10, 2, 31, 47, 0
13883, 10, 0, 31, 53, 0
13883, 10, 3, 31, 54, 0
13883, 10, 0, 31, 55, 0
13883, 10, 1, 31, 56, 0
13883, 10, 1, 31, 57, 0
13883, 10, 3, 31, 58, 0
13883, 10, 3, 31, 59, 0
13883, 10, 0, 31, 60, 0
13883, 10, 0, 31, 61, 0
13883, 10, 3, 31, 62, 0
13883, 10, 1, 31, 63, 0
13885, 1, 1, 37, 38, 0
13885, 0, 2, 37, 39, 0
13885, 0, 2, 37, 40, 0
13885, 1, 2, 37, 41, 0
13885, 1, 1, 37, 42, 0
13885, 0, 2, 37, 43, 0
13885, 1, 2, 37, 44, 0
13885, 1, 1, 37, 47, 0
13885, 0, 2, 37, 48, 0
13885, 0, 2, 37, 49, 0
13885, 1, 2, 37, 50, 0
13885, 1, 1, 37, 53, 0
13885, 1, 2, 37, 54, 0
13885, 1, 1, 38, 37, 0
13885, 9, 1, 38, 38, 0
13885, 9, 2, 38, 41, 0
13885, 9, 1, 38, 42, 0
13885, 9, 2, 38, 44, 0
13885, 9, 1, 38, 47, 0
13885, 9, 2, 38, 50, 0
13885, 9, 1, 38, 53, 0
13885, 9, 2, 38, 54, 0
13885, 1, 2, 38, 57, 0
13885, 0, 1, 39, 37, 0
13885, 0, 3, 39, 57, 0
13885, 1, 1, 40, 35, 0
13885, 0, 2, 40, 36, 0
13885, 9, 1, 40, 37, 0
13885, 9, 2, 40, 57, 0
13885, 0, 2, 40, 58, 0
13885, 1, 2, 40, 59, 0
13885, 1, 1, 41, 34, 0
13885, 9, 1, 41, 35, 0
13885, 0, 3, 41, 59, 0
13885, 1, 1, 41, 60, 0
13885, 1, 2, 41, 61, 0
13885, 0, 1, 42, 34, 0
13885, 9, 3, 42, 45, 0
13885, 0, 0, 42, 46, 0
13885, 0, 0, 42, 47, 0
13885, 9, 0, 42, 48, 0
13885, 9, 2, 42, 59, 0
13885, 9, 1, 42, 60, 0
13885, 0, 3, 42, 61, 0
13885, 1, 0, 43, 34, 0
13885, 9, 0, 43, 35, 0
13885, 0, 3, 43, 45, 0
13885, 1, 1, 43, 47, 0
13885, 9, 1, 43, 48, 0
13885, 9, 3, 43, 54, 0
13885, 0, 0, 43, 55, 0
13885, 0, 0, 43, 56, 0
13885, 9, 0, 43, 57, 0
13885, 9, 2, 43, 61, 0
13885, 1, 2, 43, 62, 0
13885, 0, 3, 44, 45, 0
13885, 0, 1, 44, 47, 0
13885, 0, 3, 44, 54, 0
13885, 0, 1, 44, 57, 0
13885, 0, 3, 44, 62, 0
13885, 9, 3, 45, 44, 0
13885, 1, 3, 45, 45, 0
13885, 1, 1, 45, 46, 0
13885, 9, 1, 45, 47, 0
13885, 9, 2, 45, 54, 0
13885, 0, 2, 45, 55, 0
13885, 0, 2, 45, 56, 0
13885, 9, 1, 45, 57, 0
13885, 9, 3, 45, 61, 0
13885, 1, 3, 45, 62, 0
13885, 1, 1, 46, 34, 0
13885, 9, 1, 46, 35, 0
13885, 9, 3, 46, 37, 0
13885, 0, 0, 46, 38, 0
13885, 9, 0, 46, 39, 0
13885, 0, 3, 46, 44, 0
13885, 0, 1, 46, 46, 0
13885, 0, 1, 47, 34, 0
13885, 0, 3, 47, 37, 0
13885, 0, 1, 47, 39, 0
13885, 9, 2, 47, 44, 0
13885, 0, 2, 47, 45, 0
13885, 9, 1, 47, 46, 0
13885, 9, 2, 47, 61, 0
13885, 1, 2, 47, 62, 0
13885, 1, 1, 48, 33, 0
13885, 9, 1, 48, 34, 0
13885, 9, 2, 48, 37, 0
13885, 1, 2, 48, 38, 0
13885, 0, 1, 48, 39, 0
13885, 0, 3, 48, 62, 0
13885, 1, 0, 49, 33, 0
13885, 9, 0, 49, 34, 0
13885, 0, 3, 49, 38, 0
13885, 1, 0, 49, 39, 0
13885, 9, 0, 49, 40, 0
13885, 0, 3, 49, 62, 0
13885, 0, 1, 50, 34, 0
13885, 9, 2, 50, 38, 0
13885, 1, 2, 50, 39, 0
13885, 1, 0, 50, 40, 0
13885, 9, 0, 50, 41, 0
13885, 9, 2, 50, 62, 0
13885, 1, 2, 50, 63, 0
13885, 1, 0, 51, 34, 0
13885, 9, 0, 51, 35, 0
13885, 0, 3, 51, 39, 0
13885, 0, 1, 51, 41, 0
13885, 9, 3, 51, 56, 0
13885, 0, 0, 51, 57, 0
13885, 9, 0, 51, 58, 0
13885, 9, 3, 51, 62, 0
13885, 1, 3, 51, 63, 0
13885, 1, 0, 52, 35, 0
13885, 9, 0, 52, 36, 0
13885, 9, 2, 52, 39, 0
13885, 0, 2, 52, 40, 0
13885, 9, 1, 52, 41, 0
13885, 9, 3, 52, 47, 0
13885, 0, 0, 52, 48, 0
13885, 9, 0, 52, 49, 0
13885, 9, 2, 52, 56, 0
13885, 0, 2, 52, 57, 0
13885, 9, 1, 52, 58, 0
13885, 0, 3, 52, 62, 0
13885, 0, 1, 53, 36, 0
13885, 9, 2, 53, 47, 0
13885, 1, 2, 53, 48, 0
13885, 1, 0, 53, 49, 0
13885, 0, 0, 53, 50, 0
13885, 9, 0, 53, 51, 0
13885, 9, 3, 53, 61, 0
13885, 1, 3, 53, 62, 0
13885, 1, 1, 54, 35, 0
13885, 9, 1, 54, 36, 0
13885, 0, 3, 54, 48, 0
13885, 1, 0, 54, 51, 0
13885, 9, 0, 54, 52, 0
13885, 9, 2, 54, 61, 0
13885, 1, 2, 54, 62, 0
13885, 9, 3, 55, 47, 0
13885, 1, 3, 55, 48, 0
13885, 1, 1, 55, 49, 0
13885, 1, 2, 55, 50, 0
13885, 1, 1, 55, 51, 0
13885, 9, 1, 55, 52, 0
13885, 0, 3, 55, 62, 0
13885, 0, 3, 56, 47, 0
13885, 1, 1, 56, 48, 0
13885, 9, 1, 56, 49, 0
13885, 9, 2, 56, 50, 0
13885, 9, 1, 56, 51, 0
13885, 9, 3, 56, 61, 0
13885, 1, 3, 56, 62, 0
13885, 1, 0, 57, 35, 0
13885, 9, 0, 57, 36, 0
13885, 9, 2, 57, 47, 0
13885, 9, 1, 57, 48, 0
13885, 0, 1, 58, 36, 0
13885, 1, 0, 59, 36, 0
13885, 9, 0, 59, 37, 0
13885, 9, 3, 59, 41, 0
13885, 0, 0, 59, 42, 0
13885, 9, 0, 59, 43, 0
13885, 9, 3, 59, 59, 0
13885, 0, 0, 59, 60, 0
13885, 1, 3, 59, 61, 0
13885, 0, 1, 60, 37, 0
13885, 9, 3, 60, 39, 0
13885, 0, 0, 60, 40, 0
13885, 1, 3, 60, 41, 0
13885, 9, 3, 60, 57, 0
13885, 0, 0, 60, 58, 0
13885, 1, 3, 60, 59, 0
13885, 1, 0, 61, 37, 0
13885, 0, 0, 61, 38, 0
13885, 1, 3, 61, 39, 0
13885, 9, 3, 61, 45, 0
13885, 9, 0, 61, 46, 0
13885, 9, 3, 61, 48, 0
13885, 0, 0, 61, 49, 0
13885, 9, 0, 61, 50, 0
13885, 9, 3, 61, 51, 0
13885, 0, 0, 61, 52, 0
13885, 9, 0, 61, 53, 0
13885, 9, 3, 61, 55, 0
13885, 0, 0, 61, 56, 0
13885, 1, 3, 61, 57, 0
13885, 1, 0, 62, 43, 0
13885, 0, 0, 62, 44, 0
13885, 1, 3, 62, 45, 0
13885, 1, 0, 62, 46, 0
13885, 0, 0, 62, 47, 0
13885, 1, 3, 62, 48, 0
13885, 1, 0, 62, 50, 0
13885, 1, 3, 62, 51, 0
13885, 1, 0, 62, 53, 0
13885, 0, 0, 62, 54, 0
13885, 1, 3, 62, 55, 0
13890, 10, 1, 32, 32, 0
13890, 10, 2, 32, 33, 0
13890, 10, 3, 32, 34, 0
13890, 10, 1, 32, 35, 0
13890, 10, 2, 32, 36, 0
13890, 10, 1, 32, 37, 0
13890, 10, 2, 32, 38, 0
13890, 10, 3, 32, 39, 0
13890, 10, 3, 32, 40, 0
13890, 10, 3, 32, 41, 0
13890, 10, 3, 32, 42, 0
13890, 10, 2, 32, 43, 0
13890, 10, 1, 32, 44, 0
13890, 10, 2, 32, 45, 0
13890, 10, 3, 32, 46, 0
13890, 10, 2, 32, 47, 0
13890, 10, 3, 32, 48, 0
13890, 10, 2, 32, 49, 0
13890, 10, 1, 32, 50, 0
13890, 10, 0, 32, 51, 0
13890, 10, 2, 32, 52, 0
13890, 10, 1, 32, 53, 0
13890, 10, 2, 32, 54, 0
13890, 10, 2, 32, 55, 0
13890, 10, 1, 32, 56, 0
13890, 10, 0, 32, 57, 0
13890, 10, 3, 32, 58, 0
13890, 10, 2, 32, 59, 0
13890, 10, 3, 32, 60, 0
13890, 10, 3, 32, 61, 0
13890, 10, 2, 32, 62, 0
13890, 10, 2, 32, 63, 0
13890, 10, 2, 33, 32, 0
13890, 10, 1, 33, 33, 0
13890, 10, 0, 33, 34, 0
13890, 10, 0, 33, 35, 0
13890, 10, 3, 33, 36, 0
13890, 10, 0, 33, 37, 0
13890, 10, 3, 33, 38, 0
13890, 10, 2, 33, 39, 0
13890, 10, 1, 33, 40, 0
13890, 10, 2, 33, 41, 0
13890, 10, 2, 33, 42, 0
13890, 10, 0, 33, 43, 0
13890, 10, 0, 33, 44, 0
13890, 10, 1, 33, 45, 0
13890, 10, 0, 33, 46, 0
13890, 10, 0, 33, 47, 0
13890, 10, 0, 33, 48, 0
13890, 10, 2, 33, 49, 0
13890, 10, 3, 33, 50, 0
13890, 10, 0, 33, 51, 0
13890, 10, 2, 33, 52, 0
13890, 10, 0, 33, 53, 0
13890, 10, 1, 33, 54, 0
13890, 10, 0, 33, 55, 0
13890, 10, 2, 33, 56, 0
13890, 10, 1, 33, 57, 0
13890, 10, 2, 33, 58, 0
13890, 10, 0, 33, 59, 0
13890, 10, 0, 33, 60, 0
13890, 10, 0, 33, 61, 0
13890, 10, 2, 33, 62, 0
13890, 10, 3, 33, 63, 0
13890, 10, 3, 34, 32, 0
13890, 10, 0, 34, 33, 0
13890, 10, 1, 34, 34, 0
13890, 10, 2, 34, 35, 0
13890, 10, 0, 34, 36, 0
13890, 10, 1, 34, 37, 0
13890, 10, 0, 34, 38, 0
13890, 10, 1, 34, 39, 0
13890, 10, 0, 34, 40, 0
13890, 10, 3, 34, 41, 0
13890, 10, 0, 34, 42, 0
13890, 10, 1, 34, 43, 0
13890, 10, 3, 34, 44, 0
13890, 10, 3, 34, 45, 0
13890, 10, 1, 34, 46, 0
13890, 10, 2, 34, 47, 0
13890, 10, 1, 34, 48, 0
13890, 10, 1, 34, 49, 0
13890, 10, 2, 34, 50, 0
13890, 10, 1, 34, 51, 0
13890, 10, 0, 34, 52, 0
13890, 10, 0, 34, 53, 0
13890, 10, 0, 34, 54, 0
13890, 10, 3, 34, 55, 0
13890, 10, 3, 34, 56, 0
13890, 10, 3, 34, 57, 0
13890, 10, 1, 34, 58, 0
13890, 10, 0, 34, 59, 0
13890, 10, 2, 34, 60, 0
13890, 10, 1, 34, 61, 0
13890, 10, 1, 34, 62, 0
13890, 10, 0, 34, 63, 0
13890, 10, 2, 35, 32, 0
13890, 10, 3, 35, 33, 0
13890, 10, 0, 35, 34, 0
13890, 10, 1, 35, 35, 0
13890, 10, 3, 35, 36, 0
13890, 10, 0, 35, 37, 0
13890, 10, 1, 35, 38, 0
13890, 10, 2, 35, 39, 0
13890, 10, 2, 35, 40, 0
13890, 10, 0, 35, 41, 0
13890, 10, 2, 35, 42, 0
13890, 10, 3, 35, 43, 0
13890, 10, 0, 35, 44, 0
13890, 10, 1, 35, 45, 0
13890, 10, 2, 35, 46, 0
13890, 10, 3, 35, 47, 0
13890, 10, 0, 35, 48, 0
13890, 10, 2, 35, 49, 0
13890, 10, 1, 35, 50, 0
13890, 10, 0, 35, 51, 0
13890, 10, 3, 35, 52, 0
13890, 10, 2, 35, 53, 0
13890, 10, 1, 35, 54, 0
13890, 10, 0, 35, 55, 0
13890, 10, 3, 35, 56, 0
13890, 10, 2, 35, 57, 0
13890, 10, 1, 35, 58, 0
13890, 10, 0, 35, 59, 0
13890, 10, 0, 35, 60, 0
13890, 10, 3, 35, 61, 0
13890, 10, 2, 35, 62, 0
13890, 10, 1, 35, 63, 0
13890, 10, 1, 36, 32, 0
13890, 10, 2, 36, 33, 0
13890, 10, 1, 36, 34, 0
13890, 10, 2, 36, 35, 0
13890, 10, 3, 36, 36, 0
13890, 10, 3, 36, 37, 0
13890, 10, 2, 36, 38, 0
13890, 10, 1, 36, 39, 0
13890, 10, 2, 36, 40, 0
13890, 10, 1, 36, 41, 0
13890, 10, 0, 36, 42, 0
13890, 10, 3, 36, 43, 0
13890, 10, 2, 36, 44, 0
13890, 10, 3, 36, 45, 0
13890, 10, 0, 36, 46, 0
13890, 10, 2, 36, 47, 0
13890, 10, 2, 36, 48, 0
13890, 10, 2, 36, 49, 0
13890, 10, 3, 36, 50, 0
13890, 10, 0, 36, 51, 0
13890, 10, 1, 36, 52, 0
13890, 10, 2, 36, 53, 0
13890, 10, 0, 36, 54, 0
13890, 10, 2, 36, 55, 0
13890, 10, 1, 36, 56, 0
13890, 10, 3, 36, 57, 0
13890, 10, 2, 36, 58, 0
13890, 10, 2, 36, 59, 0
13890, 10, 3, 36, 60, 0
13890, 10, 0, 36, 61, 0
13890, 10, 0, 36, 62, 0
13890, 10, 2, 36, 63, 0
13890, 10, 0, 37, 32, 0
13890, 10, 1, 37, 33, 0
13890, 10, 2, 37, 34, 0
13890, 10, 1, 37, 35, 0
13890, 10, 0, 37, 36, 0
13890, 10, 1, 37, 37, 0
13890, 10, 2, 37, 45, 0
13890, 10, 1, 37, 46, 0
13890, 10, 3, 37, 51, 0
13890, 10, 2, 37, 52, 0
13890, 10, 2, 37, 55, 0
13890, 10, 1, 37, 56, 0
13890, 10, 3, 37, 57, 0
13890, 10, 0, 37, 58, 0
13890, 10, 3, 37, 59, 0
13890, 10, 2, 37, 60, 0
13890, 10, 2, 37, 61, 0
13890, 10, 1, 37, 62, 0
13890, 10, 1, 37, 63, 0
13890, 10, 3, 38, 32, 0
13890, 10, 0, 38, 33, 0
13890, 10, 3, 38, 34, 0
13890, 10, 0, 38, 35, 0
13890, 10, 2, 38, 36, 0
13890, 10, 1, 38, 58, 0
13890, 10, 2, 38, 59, 0
13890, 10, 0, 38, 60, 0
13890, 10, 3, 38, 61, 0
13890, 10, 1, 38, 62, 0
13890, 10, 0, 38, 63, 0
13890, 10, 0, 39, 32, 0
13890, 10, 3, 39, 33, 0
13890, 10, 2, 39, 34, 0
13890, 10, 0, 39, 35, 0
13890, 10, 3, 39, 36, 0
13890, 10, 0, 39, 58, 0
13890, 10, 3, 39, 59, 0
13890, 10, 1, 39, 60, 0
13890, 10, 2, 39, 61, 0
13890, 10, 2, 39, 62, 0
13890, 10, 3, 39, 63, 0
13890, 10, 3, 40, 32, 0
13890, 10, 0, 40, 33, 0
13890, 10, 1, 40, 34, 0
13890, 10, 0, 40, 60, 0
13890, 10, 3, 40, 61, 0
13890, 10, 2, 40, 62, 0
13890, 10, 2, 40, 63, 0
13890, 10, 0, 41, 32, 0
13890, 10, 1, 41, 33, 0
13890, 10, 1, 41, 62, 0
13890, 10, 1, 41, 63, 0
13890, 10, 1, 42, 32, 0
13890, 10, 0, 42, 33, 0
13890, 10, 3, 42, 62, 0
13890, 10, 0, 42, 63, 0
13890, 10, 2, 43, 32, 0
13890, 10, 3, 43, 33, 0
13890, 10, 1, 43, 46, 0
13890, 10, 2, 43, 63, 0
13890, 10, 3, 44, 32, 0
13890, 10, 3, 44, 33, 0
13890, 10, 2, 44, 34, 0
13890, 10, 2, 44, 46, 0
13890, 10, 0, 44, 55, 0
13890, 10, 3, 44, 56, 0
13890, 10, 0, 44, 63, 0
13890, 10, 3, 45, 32, 0
13890, 10, 0, 45, 33, 0
13890, 10, 1, 45, 34, 0
13890, 10, 3, 45, 63, 0
13890, 10, 2, 46, 32, 0
13890, 10, 1, 46, 33, 0
13890, 10, 3, 46, 45, 0
13890, 10, 1, 46, 62, 0
13890, 10, 1, 46, 63, 0
13890, 10, 3, 47, 32, 0
13890, 10, 1, 47, 33, 0
13890, 10, 0, 47, 38, 0
13890, 10, 0, 47, 63, 0
13890, 10, 0, 48, 32, 0
13890, 10, 2, 48, 63, 0
13890, 10, 1, 49, 32, 0
13890, 10, 1, 49, 63, 0
13890, 10, 1, 50, 32, 0
13890, 10, 2, 50, 33, 0
13890, 10, 0, 51, 32, 0
13890, 10, 1, 51, 33, 0
13890, 10, 1, 51, 40, 0
13890, 10, 0, 52, 32, 0
13890, 10, 2, 52, 33, 0
13890, 10, 3, 52, 34, 0
13890, 10, 0, 52, 63, 0
13890, 10, 3, 53, 32, 0
13890, 10, 0, 53, 33, 0
13890, 10, 2, 53, 34, 0
13890, 10, 2, 53, 35, 0
13890, 10, 0, 53, 63, 0
13890, 10, 1, 54, 32, 0
13890, 10, 0, 54, 33, 0
13890, 10, 0, 54, 34, 0
13890, 10, 2, 54, 49, 0
13890, 10, 3, 54, 50, 0
13890, 10, 2, 54, 63, 0
13890, 10, 2, 55, 32, 0
13890, 10, 3, 55, 33, 0
13890, 10, 2, 55, 34, 0
13890, 10, 1, 55, 63, 0
13890, 10, 2, 56, 32, 0
13890, 10, 1, 56, 33, 0
13890, 10, 3, 56, 34, 0
13890, 10, 3, 56, 63, 0
13890, 10, 2, 57, 32, 0
13890, 10, 0, 57, 33, 0
13890, 10, 3, 57, 34, 0
13890, 10, 1, 57, 62, 0
13890, 10, 2, 57, 63, 0
13890, 10, 3, 58, 32, 0
13890, 10, 0, 58, 33, 0
13890, 10, 0, 58, 34, 0
13890, 10, 1, 58, 35, 0
13890, 10, 2, 58, 62, 0
13890, 10, 2, 58, 63, 0
13890, 10, 3, 59, 32, 0
13890, 10, 3, 59, 33, 0
13890, 10, 2, 59, 34, 0
13890, 10, 3, 59, 35, 0
13890, 10, 2, 59, 62, 0
13890, 10, 1, 59, 63, 0
13890, 10, 1, 60, 32, 0
13890, 10, 3, 60, 33, 0
13890, 10, 1, 60, 34, 0
13890, 10, 1, 60, 35, 0
13890, 10, 0, 60, 36, 0
13890, 10, 1, 60, 42, 0
13890, 10, 1, 60, 60, 0
13890, 10, 1, 60, 61, 0
13890, 10, 3, 60, 62, 0
13890, 10, 0, 60, 63, 0
13890, 10, 0, 61, 32, 0
13890, 10, 2, 61, 33, 0
13890, 10, 0, 61, 34, 0
13890, 10, 0, 61, 35, 0
13890, 10, 3, 61, 36, 0
13890, 10, 0, 61, 40, 0
13890, 10, 3, 61, 41, 0
13890, 10, 2, 61, 42, 0
13890, 10, 2, 61, 58, 0
13890, 10, 3, 61, 59, 0
13890, 10, 3, 61, 60, 0
13890, 10, 2, 61, 61, 0
13890, 10, 3, 61, 62, 0
13890, 10, 3, 61, 63, 0
13890, 10, 3, 62, 32, 0
13890, 10, 2, 62, 33, 0
13890, 10, 1, 62, 34, 0
13890, 10, 0, 62, 35, 0
13890, 10, 3, 62, 36, 0
13890, 10, 1, 62, 37, 0
13890, 10, 1, 62, 38, 0
13890, 10, 0, 62, 39, 0
13890, 10, 3, 62, 40, 0
13890, 10, 2, 62, 41, 0
13890, 10, 1, 62, 42, 0
13890, 10, 0, 62, 49, 0
13890, 10, 1, 62, 52, 0
13890, 10, 0, 62, 56, 0
13890, 10, 1, 62, 57, 0
13890, 10, 1, 62, 58, 0
13890, 10, 3, 62, 59, 0
13890, 10, 3, 62, 60, 0
13890, 10, 3, 62, 61, 0
13890, 10, 0, 62, 62, 0
13890, 10, 3, 62, 63, 0
13890, 10, 1, 63, 32, 0
13890, 10, 1, 63, 33, 0
13890, 10, 3, 63, 34, 0
13890, 10, 3, 63, 35, 0
13890, 10, 1, 63, 36, 0
13890, 10, 0, 63, 37, 0
13890, 10, 3, 63, 38, 0
13890, 10, 2, 63, 39, 0
13890, 10, 1, 63, 40, 0
13890, 10, 0, 63, 41, 0
13890, 10, 0, 63, 42, 0
13890, 10, 3, 63, 43, 0
13890, 10, 2, 63, 44, 0
13890, 10, 0, 63, 45, 0
13890, 10, 3, 63, 46, 0
13890, 10, 2, 63, 47, 0
13890, 10, 1, 63, 48, 0
13890, 10, 0, 63, 49, 0
13890, 10, 1, 63, 50, 0
13890, 10, 3, 63, 51, 0
13890, 10, 0, 63, 52, 0
13890, 10, 2, 63, 53, 0
13890, 10, 3, 63, 54, 0
13890, 10, 1, 63, 55, 0
13890, 10, 2, 63, 56, 0
13890, 10, 3, 63, 57, 0
13890, 10, 0, 63, 58, 0
13890, 10, 0, 63, 59, 0
13890, 10, 2, 63, 60, 0
13890, 10, 0, 63, 61, 0
13890, 10, 1, 63, 62, 0
13890, 10, 2, 63, 63, 0
13891, 10, 3, 57, 61, 0
13892, 10, 1, 60, 43, 0
13893, 10, 1, 55, 35, 0
13894, 10, 1, 44, 35, 0
13895, 10, 2, 38, 45, 0
13896, 10, 2, 38, 55, 0
13898, 10, 2, 38, 51, 0
13901, 10, 3, 46, 61, 0
13902, 1, 1, 34, 6, 0
13902, 0, 2, 34, 7, 0
13902, 1, 2, 34, 8, 0
13902, 1, 1, 34, 12, 0
13902, 0, 2, 34, 13, 0
13902, 1, 2, 34, 14, 0
13902, 1, 1, 35, 5, 0
13902, 9, 1, 35, 6, 0
13902, 9, 2, 35, 8, 0
13902, 1, 2, 35, 9, 0
13902, 1, 1, 35, 11, 0
13902, 9, 1, 35, 12, 0
13902, 0, 3, 35, 14, 0
13902, 1, 1, 35, 16, 0
13902, 0, 2, 35, 17, 0
13902, 0, 2, 35, 18, 0
13902, 1, 2, 35, 19, 0
13902, 0, 1, 36, 5, 0
13902, 0, 3, 36, 9, 0
13902, 0, 1, 36, 11, 0
13902, 9, 2, 36, 14, 0
13902, 0, 2, 36, 15, 0
13902, 9, 1, 36, 16, 0
13902, 0, 3, 36, 19, 0
13902, 1, 1, 36, 23, 0
13902, 0, 2, 36, 24, 0
13902, 1, 2, 36, 25, 0
13902, 1, 1, 36, 27, 0
13902, 0, 2, 36, 28, 0
13902, 1, 2, 36, 29, 0
13902, 0, 1, 37, 5, 0
13902, 9, 2, 37, 9, 0
13902, 0, 2, 37, 10, 0
13902, 9, 1, 37, 11, 0
13902, 0, 3, 37, 19, 0
13902, 1, 1, 37, 21, 0
13902, 0, 2, 37, 22, 0
13902, 9, 1, 37, 23, 0
13902, 9, 2, 37, 25, 0
13902, 0, 2, 37, 26, 0
13902, 9, 1, 37, 27, 0
13902, 9, 2, 37, 29, 0
13902, 1, 2, 37, 30, 0
13902, 1, 0, 38, 5, 0
13902, 9, 0, 38, 6, 0
13902, 9, 3, 38, 18, 0
13902, 1, 3, 38, 19, 0
13902, 1, 1, 38, 20, 0
13902, 9, 1, 38, 21, 0
13902, 9, 3, 38, 29, 0
13902, 1, 3, 38, 30, 0
13902, 1, 1, 39, 3, 0
13902, 1, 2, 39, 4, 0
13902, 0, 1, 39, 6, 0
13902, 0, 3, 39, 18, 0
13902, 0, 1, 39, 20, 0
13902, 0, 3, 39, 29, 0
13902, 1, 1, 40, 2, 0
13902, 9, 1, 40, 3, 0
13902, 9, 2, 40, 4, 0
13902, 0, 2, 40, 5, 0
13902, 9, 1, 40, 6, 0
13902, 9, 2, 40, 18, 0
13902, 0, 2, 40, 19, 0
13902, 9, 1, 40, 20, 0
13902, 9, 3, 40, 28, 0
13902, 1, 3, 40, 29, 0
13902, 0, 1, 41, 2, 0
13902, 9, 3, 41, 23, 0
13902, 0, 0, 41, 24, 0
13902, 9, 0, 41, 25, 0
13902, 0, 3, 41, 28, 0
13902, 0, 1, 42, 2, 0
13902, 0, 3, 42, 23, 0
13902, 0, 1, 42, 25, 0
13902, 9, 3, 42, 27, 0
13902, 1, 3, 42, 28, 0
13902, 1, 0, 43, 2, 0
13902, 9, 0, 43, 3, 0
13902, 0, 3, 43, 23, 0
13902, 1, 1, 43, 24, 0
13902, 9, 1, 43, 25, 0
13902, 0, 3, 43, 27, 0
13902, 0, 1, 44, 3, 0
13902, 9, 3, 44, 22, 0
13902, 1, 3, 44, 23, 0
13902, 0, 1, 44, 24, 0
13902, 9, 2, 44, 27, 0
13902, 1, 2, 44, 28, 0
13902, 1, 1, 45, 1, 0
13902, 0, 2, 45, 2, 0
13902, 9, 1, 45, 3, 0
13902, 9, 2, 45, 22, 0
13902, 1, 2, 45, 23, 0
13902, 0, 1, 45, 24, 0
13902, 0, 3, 45, 28, 0
13902, 1, 1, 46, 0, 0
13902, 9, 1, 46, 1, 0
13902, 9, 2, 46, 23, 0
13902, 9, 1, 46, 24, 0
13902, 9, 2, 46, 28, 0
13902, 1, 2, 46, 29, 0
13902, 0, 1, 47, 0, 0
13902, 0, 3, 47, 29, 0
13902, 1, 0, 48, 0, 0
13902, 9, 0, 48, 1, 0
13902, 9, 3, 48, 28, 0
13902, 1, 3, 48, 29, 0
13902, 0, 1, 49, 1, 0
13902, 0, 3, 49, 28, 0
13902, 1, 0, 50, 1, 0
13902, 9, 0, 50, 2, 0
13902, 0, 3, 50, 28, 0
13902, 1, 0, 51, 2, 0
13902, 0, 0, 51, 3, 0
13902, 9, 0, 51, 4, 0
13902, 9, 3, 51, 27, 0
13902, 1, 3, 51, 28, 0
13902, 0, 1, 52, 4, 0
13902, 0, 1, 53, 4, 0
13902, 0, 3, 53, 27, 0
13902, 1, 1, 54, 2, 0
13902, 0, 2, 54, 3, 0
13902, 9, 1, 54, 4, 0
13902, 9, 2, 54, 27, 0
13902, 1, 2, 54, 28, 0
13902, 1, 1, 55, 1, 0
13902, 9, 1, 55, 2, 0
13902, 0, 3, 55, 28, 0
13902, 0, 1, 56, 1, 0
13902, 9, 3, 56, 27, 0
13902, 1, 3, 56, 28, 0
13902, 1, 0, 57, 1, 0
13902, 9, 0, 57, 2, 0
13902, 9, 3, 57, 7, 0
13902, 9, 0, 57, 8, 0
13902, 9, 3, 57, 25, 0
13902, 0, 0, 57, 26, 0
13902, 1, 3, 57, 27, 0
13902, 1, 0, 58, 2, 0
13902, 0, 0, 58, 3, 0
13902, 9, 0, 58, 4, 0
13902, 9, 2, 58, 7, 0
13902, 9, 1, 58, 8, 0
13902, 9, 3, 58, 23, 0
13902, 0, 0, 58, 24, 0
13902, 1, 3, 58, 25, 0
13902, 0, 1, 59, 4, 0
13902, 9, 3, 59, 14, 0
13902, 0, 0, 59, 15, 0
13902, 9, 0, 59, 16, 0
13902, 0, 3, 59, 23, 0
13902, 1, 0, 60, 4, 0
13902, 9, 0, 60, 5, 0
13902, 0, 3, 60, 14, 0
13902, 0, 1, 60, 16, 0
13902, 9, 3, 60, 22, 0
13902, 1, 3, 60, 23, 0
13902, 1, 0, 61, 5, 0
13902, 0, 0, 61, 6, 0
13902, 9, 0, 61, 7, 0
13902, 9, 3, 61, 9, 0
13902, 0, 0, 61, 10, 0
13902, 9, 0, 61, 11, 0
13902, 9, 3, 61, 13, 0
13902, 1, 3, 61, 14, 0
13902, 1, 0, 61, 16, 0
13902, 9, 0, 61, 17, 0
13902, 9, 3, 61, 20, 0
13902, 0, 0, 61, 21, 0
13902, 1, 3, 61, 22, 0
13902, 1, 0, 62, 7, 0
13902, 0, 0, 62, 8, 0
13902, 1, 3, 62, 9, 0
13902, 1, 0, 62, 11, 0
13902, 0, 0, 62, 12, 0
13902, 1, 3, 62, 13, 0
13902, 1, 0, 62, 17, 0
13902, 0, 0, 62, 18, 0
13902, 0, 0, 62, 19, 0
13902, 1, 3, 62, 20, 0
13902, 9, 3, 33, 21, 1
13902, 0, 0, 33, 22, 1
13902, 9, 0, 33, 23, 1
13902, 9, 3, 34, 2, 1
13902, 9, 0, 34, 3, 1
13902, 9, 3, 34, 9, 1
13902, 0, 0, 34, 10, 1
13902, 9, 0, 34, 11, 1
13902, 9, 3, 34, 14, 1
13902, 9, 0, 34, 15, 1
13902, 9, 3, 34, 20, 1
13902, 1, 3, 34, 21, 1
13902, 1, 0, 34, 23, 1
13902, 9, 0, 34, 24, 1
13902, 0, 3, 35, 2, 1
13902, 1, 0, 35, 3, 1
13902, 9, 0, 35, 4, 1
13902, 0, 3, 35, 9, 1
13902, 0, 1, 35, 11, 1
13902, 9, 2, 35, 14, 1
13902, 9, 1, 35, 15, 1
13902, 9, 2, 35, 20, 1
13902, 1, 2, 35, 22, 1
13902, 1, 1, 35, 23, 1
13902, 9, 1, 35, 24, 1
13902, 0, 3, 36, 2, 1
13902, 1, 1, 36, 3, 1
13902, 9, 1, 36, 4, 1
13902, 9, 2, 36, 9, 1
13902, 0, 2, 36, 10, 1
13902, 9, 1, 36, 11, 1
13902, 9, 2, 36, 22, 1
13902, 9, 1, 36, 23, 1
13902, 0, 3, 37, 2, 1
13902, 1, 0, 37, 3, 1
13902, 9, 0, 37, 4, 1
13902, 0, 3, 38, 2, 1
13902, 1, 1, 38, 3, 1
13902, 9, 1, 38, 4, 1
13902, 9, 2, 39, 2, 1
13902, 9, 1, 39, 3, 1
13902, 9, 3, 42, 28, 1
13902, 9, 0, 42, 29, 1
13902, 0, 3, 43, 28, 1
13902, 0, 1, 43, 29, 1
13902, 9, 2, 44, 28, 1
13902, 9, 1, 44, 29, 1
13902, 9, 3, 51, 1, 1
13902, 9, 0, 51, 2, 1
13902, 0, 3, 52, 1, 1
13902, 1, 0, 52, 2, 1
13902, 9, 0, 52, 3, 1
13902, 9, 3, 52, 27, 1
13902, 9, 0, 52, 28, 1
13902, 0, 3, 53, 1, 1
13902, 1, 1, 53, 2, 1
13902, 9, 1, 53, 3, 1
13902, 9, 2, 53, 27, 1
13902, 9, 1, 53, 28, 1
13902, 9, 2, 54, 1, 1
13902, 9, 1, 54, 2, 1
13902, 9, 3, 56, 1, 1
13902, 9, 0, 56, 2, 1
13902, 0, 3, 57, 1, 1
13902, 0, 1, 57, 2, 1
13902, 0, 3, 58, 1, 1
13902, 1, 0, 58, 2, 1
13902, 9, 0, 58, 3, 1
13902, 9, 3, 58, 26, 1
13902, 0, 0, 58, 27, 1
13902, 9, 0, 58, 28, 1
13902, 0, 3, 59, 1, 1
13902, 0, 1, 59, 3, 1
13902, 9, 3, 59, 24, 1
13902, 0, 0, 59, 25, 1
13902, 1, 3, 59, 26, 1
13902, 0, 1, 59, 28, 1
13902, 0, 3, 60, 1, 1
13902, 0, 1, 60, 3, 1
13902, 9, 3, 60, 14, 1
13902, 0, 0, 60, 15, 1
13902, 9, 0, 60, 16, 1
13902, 0, 3, 60, 24, 1
13902, 0, 1, 60, 28, 1
13902, 0, 3, 61, 1, 1
13902, 1, 0, 61, 3, 1
13902, 0, 0, 61, 4, 1
13902, 9, 0, 61, 5, 1
13902, 0, 3, 61, 14, 1
13902, 0, 1, 61, 16, 1
13902, 9, 3, 61, 23, 1
13902, 1, 3, 61, 24, 1
13902, 0, 1, 61, 28, 1
13902, 0, 3, 62, 1, 1
13902, 0, 1, 62, 5, 1
13902, 9, 2, 62, 14, 1
13902, 0, 2, 62, 15, 1
13902, 9, 1, 62, 16, 1
13902, 9, 2, 62, 23, 1
13902, 0, 2, 62, 24, 1
13902, 0, 2, 62, 25, 1
13902, 0, 2, 62, 26, 1
13902, 0, 2, 62, 27, 1
13902, 9, 1, 62, 28, 1
13902, 9, 2, 63, 1, 1
13902, 0, 2, 63, 2, 1
13902, 0, 2, 63, 3, 1
13902, 0, 2, 63, 4, 1
13902, 9, 1, 63, 5, 1
13902, 9, 3, 34, 21, 2
13902, 0, 0, 34, 22, 2
13902, 9, 0, 34, 23, 2
13902, 9, 3, 35, 2, 2
13902, 9, 0, 35, 3, 2
13902, 9, 2, 35, 21, 2
13902, 0, 2, 35, 22, 2
13902, 9, 1, 35, 23, 2
13902, 9, 2, 36, 2, 2
13902, 9, 1, 36, 3, 2
13902, 9, 3, 37, 2, 2
13902, 9, 0, 37, 3, 2
13902, 9, 2, 38, 2, 2
13902, 9, 1, 38, 3, 2
13902, 9, 3, 52, 1, 2
13902, 9, 0, 52, 2, 2
13902, 9, 2, 53, 1, 2
13902, 9, 1, 53, 2, 2
13902, 9, 3, 58, 1, 2
13902, 9, 0, 58, 2, 2
13902, 0, 3, 59, 1, 2
13902, 0, 1, 59, 2, 2
13902, 0, 3, 60, 1, 2
13902, 0, 1, 60, 2, 2
13902, 9, 3, 60, 24, 2
13902, 0, 0, 60, 25, 2
13902, 0, 0, 60, 26, 2
13902, 9, 0, 60, 27, 2
13902, 0, 3, 61, 1, 2
13902, 0, 1, 61, 2, 2
13902, 9, 2, 61, 24, 2
13902, 0, 2, 61, 25, 2
13902, 0, 2, 61, 26, 2
13902, 9, 1, 61, 27, 2
13902, 0, 3, 62, 1, 2
13902, 1, 0, 62, 2, 2
13902, 9, 0, 62, 3, 2
13902, 9, 2, 63, 1, 2
13902, 0, 2, 63, 2, 2
13902, 9, 1, 63, 3, 2
13903, 0, 2, 35, 21, 1
13904, 10, 3, 52, 27, 0
13905, 10, 1, 32, 0, 0
13905, 10, 1, 32, 1, 0
13905, 10, 3, 32, 2, 0
13905, 10, 1, 32, 3, 0
13905, 10, 3, 32, 4, 0
13905, 10, 1, 32, 5, 0
13905, 10, 0, 32, 6, 0
13905, 10, 3, 32, 7, 0
13905, 10, 2, 32, 8, 0
13905, 10, 1, 32, 9, 0
13905, 10, 0, 32, 10, 0
13905, 10, 0, 32, 11, 0
13905, 10, 2, 32, 12, 0
13905, 10, 1, 32, 13, 0
13905, 10, 0, 32, 14, 0
13905, 10, 2, 32, 15, 0
13905, 10, 1, 32, 16, 0
13905, 10, 3, 32, 17, 0
13905, 10, 2, 32, 18, 0
13905, 10, 0, 32, 19, 0
13905, 10, 3, 32, 20, 0
13905, 10, 2, 32, 21, 0
13905, 10, 0, 32, 22, 0
13905, 10, 3, 32, 23, 0
13905, 10, 2, 32, 24, 0
13905, 10, 0, 32, 25, 0
13905, 10, 3, 32, 26, 0
13905, 10, 2, 32, 27, 0
13905, 10, 1, 32, 28, 0
13905, 10, 0, 32, 29, 0
13905, 10, 3, 32, 30, 0
13905, 10, 2, 32, 31, 0
13905, 10, 2, 33, 0, 0
13905, 10, 3, 33, 1, 0
13905, 10, 1, 33, 2, 0
13905, 10, 0, 33, 3, 0
13905, 10, 3, 33, 4, 0
13905, 10, 3, 33, 5, 0
13905, 10, 2, 33, 6, 0
13905, 10, 1, 33, 7, 0
13905, 10, 0, 33, 8, 0
13905, 10, 3, 33, 9, 0
13905, 10, 2, 33, 10, 0
13905, 10, 1, 33, 11, 0
13905, 10, 0, 33, 12, 0
13905, 10, 0, 33, 13, 0
13905, 10, 2, 33, 14, 0
13905, 10, 1, 33, 15, 0
13905, 10, 2, 33, 16, 0
13905, 10, 1, 33, 17, 0
13905, 10, 0, 33, 18, 0
13905, 10, 3, 33, 19, 0
13905, 10, 2, 33, 20, 0
13905, 10, 1, 33, 21, 0
13905, 10, 0, 33, 22, 0
13905, 10, 2, 33, 23, 0
13905, 10, 0, 33, 24, 0
13905, 10, 2, 33, 25, 0
13905, 10, 0, 33, 26, 0
13905, 10, 2, 33, 27, 0
13905, 10, 2, 33, 28, 0
13905, 10, 3, 33, 29, 0
13905, 10, 0, 33, 30, 0
13905, 10, 1, 33, 31, 0
13905, 10, 0, 34, 0, 0
13905, 10, 3, 34, 1, 0
13905, 10, 3, 34, 2, 0
13905, 10, 3, 34, 3, 0
13905, 10, 2, 34, 4, 0
13905, 10, 1, 34, 5, 0
13905, 10, 1, 34, 9, 0
13905, 10, 3, 34, 10, 0
13905, 10, 0, 34, 11, 0
13905, 10, 0, 34, 15, 0
13905, 10, 3, 34, 16, 0
13905, 10, 2, 34, 17, 0
13905, 10, 3, 34, 18, 0
13905, 10, 1, 34, 19, 0
13905, 10, 3, 34, 20, 0
13905, 10, 0, 34, 21, 0
13905, 10, 1, 34, 22, 0
13905, 10, 3, 34, 23, 0
13905, 10, 1, 34, 24, 0
13905, 10, 3, 34, 25, 0
13905, 10, 1, 34, 26, 0
13905, 10, 3, 34, 27, 0
13905, 10, 2, 34, 28, 0
13905, 10, 3, 34, 29, 0
13905, 10, 1, 34, 30, 0
13905, 10, 2, 34, 31, 0
13905, 10, 3, 35, 0, 0
13905, 10, 0, 35, 1, 0
13905, 10, 2, 35, 2, 0
13905, 10, 3, 35, 3, 0
13905, 10, 0, 35, 4, 0
13905, 10, 2, 35, 10, 0
13905, 10, 3, 35, 15, 0
13905, 10, 3, 35, 20, 0
13905, 10, 0, 35, 21, 0
13905, 10, 1, 35, 22, 0
13905, 10, 0, 35, 23, 0
13905, 10, 3, 35, 24, 0
13905, 10, 3, 35, 25, 0
13905, 10, 2, 35, 26, 0
13905, 10, 1, 35, 27, 0
13905, 10, 1, 35, 28, 0
13905, 10, 0, 35, 29, 0
13905, 10, 2, 35, 30, 0
13905, 10, 3, 35, 31, 0
13905, 10, 2, 36, 0, 0
13905, 10, 2, 36, 1, 0
13905, 10, 1, 36, 2, 0
13905, 10, 0, 36, 3, 0
13905, 10, 3, 36, 4, 0
13905, 10, 1, 36, 10, 0
13905, 10, 1, 36, 20, 0
13905, 10, 3, 36, 21, 0
13905, 10, 3, 36, 22, 0
13905, 10, 3, 36, 26, 0
13905, 10, 0, 36, 30, 0
13905, 10, 3, 36, 31, 0
13905, 10, 1, 37, 0, 0
13905, 10, 2, 37, 1, 0
13905, 10, 3, 37, 2, 0
13905, 10, 1, 37, 3, 0
13905, 10, 1, 37, 4, 0
13905, 10, 2, 37, 20, 0
13905, 10, 0, 37, 31, 0
13905, 10, 0, 38, 0, 0
13905, 10, 0, 38, 1, 0
13905, 10, 3, 38, 2, 0
13905, 10, 0, 38, 3, 0
13905, 10, 2, 38, 4, 0
13905, 10, 1, 38, 31, 0
13905, 10, 3, 39, 0, 0
13905, 10, 0, 39, 1, 0
13905, 10, 2, 39, 2, 0
13905, 10, 3, 39, 5, 0
13905, 10, 3, 39, 19, 0
13905, 10, 3, 39, 30, 0
13905, 10, 0, 39, 31, 0
13905, 10, 0, 40, 0, 0
13905, 10, 2, 40, 1, 0
13905, 10, 0, 40, 30, 0
13905, 10, 0, 40, 31, 0
13905, 10, 0, 41, 0, 0
13905, 10, 3, 41, 1, 0
13905, 10, 1, 41, 29, 0
13905, 10, 3, 41, 30, 0
13905, 10, 2, 41, 31, 0
13905, 10, 1, 42, 0, 0
13905, 10, 0, 42, 1, 0
13905, 10, 0, 42, 24, 0
13905, 10, 1, 42, 29, 0
13905, 10, 1, 42, 30, 0
13905, 10, 1, 42, 31, 0
13905, 10, 0, 43, 0, 0
13905, 10, 2, 43, 1, 0
13905, 10, 3, 43, 28, 0
13905, 10, 0, 43, 29, 0
13905, 10, 2, 43, 30, 0
13905, 10, 2, 43, 31, 0
13905, 10, 3, 44, 0, 0
13905, 10, 0, 44, 1, 0
13905, 10, 1, 44, 2, 0
13905, 10, 2, 44, 29, 0
13905, 10, 2, 44, 30, 0
13905, 10, 3, 44, 31, 0
13905, 10, 2, 45, 0, 0
13905, 10, 3, 45, 29, 0
13905, 10, 2, 45, 30, 0
13905, 10, 3, 45, 31, 0
13905, 10, 0, 46, 30, 0
13905, 10, 0, 46, 31, 0
13905, 10, 1, 47, 30, 0
13905, 10, 1, 47, 31, 0
13905, 10, 3, 48, 30, 0
13905, 10, 1, 48, 31, 0
13905, 10, 1, 49, 0, 0
13905, 10, 1, 49, 29, 0
13905, 10, 1, 49, 30, 0
13905, 10, 2, 49, 31, 0
13905, 10, 2, 50, 0, 0
13905, 10, 3, 50, 29, 0
13905, 10, 2, 50, 30, 0
13905, 10, 3, 50, 31, 0
13905, 10, 1, 51, 0, 0
13905, 10, 0, 51, 1, 0
13905, 10, 0, 51, 29, 0
13905, 10, 1, 51, 30, 0
13905, 10, 0, 51, 31, 0
13905, 10, 1, 52, 0, 0
13905, 10, 2, 52, 1, 0
13905, 10, 3, 52, 2, 0
13905, 10, 3, 52, 3, 0
13905, 10, 2, 52, 28, 0
13905, 10, 1, 52, 29, 0
13905, 10, 1, 52, 30, 0
13905, 10, 2, 52, 31, 0
13905, 10, 0, 53, 0, 0
13905, 10, 3, 53, 1, 0
13905, 10, 0, 53, 2, 0
13905, 10, 2, 53, 3, 0
13905, 10, 3, 53, 28, 0
13905, 10, 0, 53, 29, 0
13905, 10, 1, 53, 30, 0
13905, 10, 1, 53, 31, 0
13905, 10, 0, 54, 0, 0
13905, 10, 0, 54, 1, 0
13905, 10, 0, 54, 29, 0
13905, 10, 2, 54, 30, 0
13905, 10, 3, 54, 31, 0
13905, 10, 2, 55, 0, 0
13905, 10, 1, 55, 29, 0
13905, 10, 0, 55, 30, 0
13905, 10, 1, 55, 31, 0
13905, 10, 3, 56, 0, 0
13905, 10, 1, 56, 29, 0
13905, 10, 0, 56, 30, 0
13905, 10, 1, 56, 31, 0
13905, 10, 3, 57, 0, 0
13905, 10, 0, 57, 28, 0
13905, 10, 1, 57, 29, 0
13905, 10, 2, 57, 30, 0
13905, 10, 3, 57, 31, 0
13905, 10, 0, 58, 0, 0
13905, 10, 2, 58, 1, 0
13905, 10, 1, 58, 26, 0
13905, 10, 0, 58, 27, 0
13905, 10, 3, 58, 28, 0
13905, 10, 2, 58, 29, 0
13905, 10, 2, 58, 30, 0
13905, 10, 2, 58, 31, 0
13905, 10, 1, 59, 0, 0
13905, 10, 3, 59, 1, 0
13905, 10, 0, 59, 2, 0
13905, 10, 2, 59, 3, 0
13905, 10, 3, 59, 24, 0
13905, 10, 2, 59, 25, 0
13905, 10, 1, 59, 26, 0
13905, 10, 3, 59, 27, 0
13905, 10, 2, 59, 28, 0
13905, 10, 1, 59, 29, 0
13905, 10, 0, 59, 30, 0
13905, 10, 1, 59, 31, 0
13905, 10, 1, 60, 0, 0
13905, 10, 0, 60, 1, 0
13905, 10, 0, 60, 2, 0
13905, 10, 1, 60, 3, 0
13905, 10, 3, 60, 15, 0
13905, 10, 1, 60, 24, 0
13905, 10, 2, 60, 25, 0
13905, 10, 2, 60, 26, 0
13905, 10, 3, 60, 27, 0
13905, 10, 1, 60, 28, 0
13905, 10, 3, 60, 29, 0
13905, 10, 3, 60, 30, 0
13905, 10, 0, 60, 31, 0
13905, 10, 2, 61, 0, 0
13905, 10, 0, 61, 1, 0
13905, 10, 3, 61, 2, 0
13905, 10, 0, 61, 3, 0
13905, 10, 0, 61, 4, 0
13905, 10, 2, 61, 15, 0
13905, 10, 3, 61, 23, 0
13905, 10, 1, 61, 24, 0
13905, 10, 0, 61, 25, 0
13905, 10, 3, 61, 26, 0
13905, 10, 2, 61, 27, 0
13905, 10, 0, 61, 28, 0
13905, 10, 3, 61, 29, 0
13905, 10, 2, 61, 30, 0
13905, 10, 2, 61, 31, 0
13905, 10, 3, 62, 0, 0
13905, 10, 2, 62, 1, 0
13905, 10, 2, 62, 2, 0
13905, 10, 3, 62, 3, 0
13905, 10, 1, 62, 4, 0
13905, 10, 0, 62, 5, 0
13905, 10, 3, 62, 6, 0
13905, 10, 3, 62, 10, 0
13905, 10, 1, 62, 14, 0
13905, 10, 0, 62, 15, 0
13905, 10, 0, 62, 16, 0
13905, 10, 2, 62, 21, 0
13905, 10, 0, 62, 22, 0
13905, 10, 1, 62, 23, 0
13905, 10, 1, 62, 24, 0
13905, 10, 0, 62, 25, 0
13905, 10, 3, 62, 26, 0
13905, 10, 2, 62, 27, 0
13905, 10, 1, 62, 28, 0
13905, 10, 0, 62, 29, 0
13905, 10, 3, 62, 30, 0
13905, 10, 2, 62, 31, 0
13905, 10, 0, 63, 0, 0
13905, 10, 2, 63, 1, 0
13905, 10, 2, 63, 2, 0
13905, 10, 2, 63, 3, 0
13905, 10, 1, 63, 4, 0
13905, 10, 1, 63, 5, 0
13905, 10, 2, 63, 6, 0
13905, 10, 0, 63, 7, 0
13905, 10, 3, 63, 8, 0
13905, 10, 2, 63, 9, 0
13905, 10, 2, 63, 10, 0
13905, 10, 1, 63, 11, 0
13905, 10, 0, 63, 12, 0
13905, 10, 3, 63, 13, 0
13905, 10, 2, 63, 14, 0
13905, 10, 1, 63, 15, 0
13905, 10, 0, 63, 16, 0
13905, 10, 3, 63, 17, 0
13905, 10, 2, 63, 18, 0
13905, 10, 1, 63, 19, 0
13905, 10, 3, 63, 20, 0
13905, 10, 3, 63, 21, 0
13905, 10, 3, 63, 22, 0
13905, 10, 0, 63, 23, 0
13905, 10, 1, 63, 24, 0
13905, 10, 2, 63, 25, 0
13905, 10, 3, 63, 26, 0
13905, 10, 3, 63, 27, 0
13905, 10, 0, 63, 28, 0
13905, 10, 1, 63, 29, 0
13905, 10, 2, 63, 30, 0
13905, 10, 0, 63, 31, 0
13905, 10, 0, 34, 22, 1
13905, 10, 2, 35, 10, 1
13905, 10, 2, 59, 2, 1
13905, 10, 3, 59, 27, 1
13905, 10, 3, 60, 2, 1
13905, 10, 0, 60, 25, 1
13905, 10, 3, 60, 26, 1
13905, 10, 0, 60, 27, 1
13905, 10, 0, 61, 2, 1
13905, 10, 2, 61, 15, 1
13905, 10, 1, 61, 25, 1
13905, 10, 2, 61, 26, 1
13905, 10, 1, 61, 27, 1
13905, 10, 1, 62, 2, 1
13905, 10, 2, 62, 3, 1
13905, 10, 3, 62, 4, 1
13907, 10, 1, 47, 21, 0
13908, 11, 1, 53, 20, 0
13909, 10, 2, 54, 15, 0
13910, 11, 2, 52, 11, 0
13911, 10, 3, 46, 11, 0
13912, 10, 0, 43, 16, 0
13930, 1, 1, 1, 9, 0
13930, 1, 2, 1, 10, 0
13930, 1, 1, 1, 20, 0
13930, 0, 2, 1, 21, 0
13930, 1, 2, 1, 22, 0
13930, 1, 1, 2, 6, 0
13930, 0, 2, 2, 7, 0
13930, 0, 2, 2, 8, 0
13930, 9, 1, 2, 9, 0
13930, 9, 2, 2, 10, 0
13930, 0, 2, 2, 11, 0
13930, 1, 2, 2, 12, 0
13930, 1, 1, 2, 14, 0
13930, 1, 2, 2, 15, 0
13930, 0, 1, 2, 20, 0
13930, 9, 2, 2, 22, 0
13930, 0, 2, 2, 23, 0
13930, 0, 2, 2, 24, 0
13930, 1, 2, 2, 25, 0
13930, 0, 1, 3, 6, 0
13930, 9, 2, 3, 12, 0
13930, 0, 2, 3, 13, 0
13930, 9, 1, 3, 14, 0
13930, 9, 2, 3, 15, 0
13930, 0, 2, 3, 16, 0
13930, 1, 2, 3, 17, 0
13930, 1, 1, 3, 18, 0
13930, 0, 2, 3, 19, 0
13930, 9, 1, 3, 20, 0
13930, 9, 2, 3, 25, 0
13930, 1, 2, 3, 26, 0
13930, 1, 1, 4, 4, 0
13930, 0, 2, 4, 5, 0
13930, 9, 1, 4, 6, 0
13930, 9, 2, 4, 17, 0
13930, 9, 1, 4, 18, 0
13930, 0, 3, 4, 26, 0
13930, 1, 1, 5, 2, 0
13930, 0, 2, 5, 3, 0
13930, 9, 1, 5, 4, 0
13930, 9, 2, 5, 26, 0
13930, 1, 2, 5, 27, 0
13930, 1, 1, 6, 1, 0
13930, 9, 1, 6, 2, 0
13930, 9, 3, 6, 19, 0
13930, 0, 0, 6, 20, 0
13930, 9, 0, 6, 21, 0
13930, 0, 3, 6, 27, 0
13930, 0, 1, 7, 1, 0
13930, 9, 3, 7, 18, 0
13930, 1, 3, 7, 19, 0
13930, 1, 0, 7, 21, 0
13930, 9, 0, 7, 22, 0
13930, 0, 3, 7, 27, 0
13930, 0, 1, 8, 1, 0
13930, 0, 3, 8, 18, 0
13930, 1, 0, 8, 22, 0
13930, 9, 0, 8, 23, 0
13930, 9, 2, 8, 27, 0
13930, 1, 2, 8, 28, 0
13930, 1, 0, 9, 1, 0
13930, 9, 0, 9, 2, 0
13930, 9, 2, 9, 18, 0
13930, 0, 2, 9, 19, 0
13930, 1, 2, 9, 20, 0
13930, 1, 1, 9, 21, 0
13930, 1, 2, 9, 22, 0
13930, 0, 1, 9, 23, 0
13930, 0, 3, 9, 28, 0
13930, 1, 0, 10, 2, 0
13930, 0, 0, 10, 3, 0
13930, 9, 0, 10, 4, 0
13930, 9, 2, 10, 20, 0
13930, 9, 1, 10, 21, 0
13930, 9, 2, 10, 22, 0
13930, 9, 1, 10, 23, 0
13930, 0, 3, 10, 28, 0
13930, 0, 1, 11, 4, 0
13930, 9, 3, 11, 27, 0
13930, 1, 3, 11, 28, 0
13930, 0, 3, 12, 27, 0
13930, 1, 1, 14, 3, 0
13930, 9, 1, 14, 4, 0
13930, 9, 3, 14, 21, 0
13930, 9, 0, 14, 22, 0
13930, 9, 2, 14, 27, 0
13930, 1, 2, 14, 28, 0
13930, 1, 1, 15, 2, 0
13930, 9, 1, 15, 3, 0
13930, 0, 3, 15, 21, 0
13930, 0, 1, 15, 22, 0
13930, 0, 3, 15, 28, 0
13930, 0, 1, 16, 2, 0
13930, 0, 3, 16, 21, 0
13930, 0, 1, 16, 22, 0
13930, 9, 3, 16, 27, 0
13930, 1, 3, 16, 28, 0
13930, 1, 0, 17, 2, 0
13930, 9, 0, 17, 3, 0
13930, 9, 3, 17, 19, 0
13930, 0, 0, 17, 20, 0
13930, 1, 3, 17, 21, 0
13930, 0, 1, 17, 22, 0
13930, 9, 3, 17, 25, 0
13930, 0, 0, 17, 26, 0
13930, 1, 3, 17, 27, 0
13930, 0, 1, 18, 3, 0
13930, 0, 3, 18, 19, 0
13930, 0, 1, 18, 22, 0
13930, 0, 3, 18, 25, 0
13930, 1, 1, 19, 2, 0
13930, 9, 1, 19, 3, 0
13930, 9, 2, 19, 19, 0
13930, 0, 2, 19, 20, 0
13930, 0, 2, 19, 21, 0
13930, 9, 1, 19, 22, 0
13930, 0, 3, 19, 25, 0
13930, 0, 1, 20, 2, 0
13930, 9, 2, 20, 25, 0
13930, 1, 2, 20, 26, 0
13930, 0, 1, 21, 2, 0
13930, 0, 3, 21, 26, 0
13930, 1, 1, 22, 1, 0
13930, 9, 1, 22, 2, 0
13930, 9, 2, 22, 26, 0
13930, 0, 2, 22, 27, 0
13930, 1, 2, 22, 28, 0
13930, 0, 1, 23, 1, 0
13930, 9, 3, 23, 20, 0
13930, 0, 0, 23, 21, 0
13930, 9, 0, 23, 22, 0
13930, 9, 2, 23, 28, 0
13930, 1, 2, 23, 29, 0
13930, 1, 0, 24, 1, 0
13930, 9, 0, 24, 2, 0
13930, 0, 3, 24, 20, 0
13930, 1, 0, 24, 22, 0
13930, 0, 0, 24, 23, 0
13930, 9, 0, 24, 24, 0
13930, 0, 3, 24, 29, 0
13930, 0, 1, 25, 2, 0
13930, 9, 3, 25, 10, 0
13930, 0, 0, 25, 11, 0
13930, 9, 0, 25, 12, 0
13930, 9, 2, 25, 20, 0
13930, 0, 2, 25, 21, 0
13930, 1, 2, 25, 22, 0
13930, 0, 1, 25, 24, 0
13930, 0, 3, 25, 29, 0
13930, 1, 0, 26, 2, 0
13930, 9, 0, 26, 3, 0
13930, 0, 3, 26, 10, 0
13930, 0, 1, 26, 12, 0
13930, 9, 2, 26, 22, 0
13930, 0, 2, 26, 23, 0
13930, 9, 1, 26, 24, 0
13930, 0, 3, 26, 29, 0
13930, 0, 1, 27, 3, 0
13930, 9, 3, 27, 9, 0
13930, 1, 3, 27, 10, 0
13930, 1, 0, 27, 12, 0
13930, 9, 0, 27, 13, 0
13930, 9, 3, 27, 25, 0
13930, 0, 0, 27, 26, 0
13930, 9, 0, 27, 27, 0
13930, 0, 3, 27, 29, 0
13930, 1, 0, 28, 3, 0
13930, 9, 0, 28, 4, 0
13930, 9, 3, 28, 6, 0
13930, 0, 0, 28, 7, 0
13930, 0, 0, 28, 8, 0
13930, 1, 3, 28, 9, 0
13930, 1, 0, 28, 13, 0
13930, 0, 0, 28, 14, 0
13930, 9, 0, 28, 15, 0
13930, 9, 3, 28, 20, 0
13930, 9, 0, 28, 21, 0
13930, 9, 3, 28, 23, 0
13930, 0, 0, 28, 24, 0
13930, 1, 3, 28, 25, 0
13930, 0, 1, 28, 27, 0
13930, 9, 3, 28, 28, 0
13930, 1, 3, 28, 29, 0
13930, 1, 0, 29, 4, 0
13930, 0, 0, 29, 5, 0
13930, 1, 3, 29, 6, 0
13930, 1, 0, 29, 15, 0
13930, 0, 0, 29, 16, 0
13930, 9, 0, 29, 17, 0
13930, 9, 3, 29, 18, 0
13930, 0, 0, 29, 19, 0
13930, 1, 3, 29, 20, 0
13930, 1, 0, 29, 21, 0
13930, 0, 0, 29, 22, 0
13930, 1, 3, 29, 23, 0
13930, 1, 0, 29, 27, 0
13930, 1, 3, 29, 28, 0
13930, 1, 0, 30, 17, 0
13930, 1, 3, 30, 18, 0
13930, 9, 3, 0, 2, 1
13930, 0, 0, 0, 3, 1
13930, 0, 0, 0, 4, 1
13930, 0, 0, 0, 5, 1
13930, 0, 0, 0, 6, 1
13930, 0, 0, 0, 7, 1
13930, 9, 0, 0, 8, 1
13930, 9, 3, 0, 14, 1
13930, 0, 0, 0, 15, 1
13930, 0, 0, 0, 16, 1
13930, 0, 0, 0, 17, 1
13930, 0, 0, 0, 18, 1
13930, 0, 0, 0, 19, 1
13930, 9, 0, 0, 20, 1
13930, 9, 3, 0, 23, 1
13930, 0, 0, 0, 24, 1
13930, 0, 0, 0, 25, 1
13930, 0, 0, 0, 26, 1
13930, 0, 0, 0, 27, 1
13930, 0, 0, 0, 28, 1
13930, 0, 0, 0, 29, 1
13930, 9, 0, 0, 30, 1
13930, 0, 3, 1, 2, 1
13930, 1, 1, 1, 5, 1
13930, 0, 2, 1, 6, 1
13930, 0, 2, 1, 7, 1
13930, 9, 1, 1, 8, 1
13930, 9, 3, 1, 11, 1
13930, 9, 0, 1, 12, 1
13930, 9, 2, 1, 14, 1
13930, 0, 2, 1, 15, 1
13930, 1, 2, 1, 16, 1
13930, 1, 1, 1, 19, 1
13930, 9, 1, 1, 20, 1
13930, 9, 2, 1, 23, 1
13930, 0, 2, 1, 24, 1
13930, 0, 2, 1, 25, 1
13930, 0, 2, 1, 26, 1
13930, 1, 2, 1, 27, 1
13930, 0, 1, 1, 30, 1
13930, 0, 3, 2, 2, 1
13930, 1, 1, 2, 4, 1
13930, 9, 1, 2, 5, 1
13930, 9, 2, 2, 11, 1
13930, 9, 1, 2, 12, 1
13930, 9, 2, 2, 16, 1
13930, 0, 2, 2, 17, 1
13930, 0, 2, 2, 18, 1
13930, 9, 1, 2, 19, 1
13930, 9, 2, 2, 27, 1
13930, 1, 2, 2, 28, 1
13930, 0, 1, 2, 30, 1
13930, 0, 3, 3, 2, 1
13930, 0, 1, 3, 4, 1
13930, 9, 3, 3, 27, 1
13930, 1, 3, 3, 28, 1
13930, 0, 1, 3, 30, 1
13930, 9, 2, 4, 2, 1
13930, 0, 2, 4, 3, 1
13930, 9, 1, 4, 4, 1
13930, 0, 3, 4, 27, 1
13930, 0, 1, 4, 30, 1
13930, 9, 2, 5, 27, 1
13930, 1, 2, 5, 28, 1
13930, 0, 1, 5, 30, 1
13930, 0, 3, 6, 28, 1
13930, 0, 1, 6, 30, 1
13930, 9, 3, 7, 20, 1
13930, 9, 0, 7, 21, 1
13930, 9, 2, 7, 28, 1
13930, 1, 2, 7, 29, 1
13930, 0, 1, 7, 30, 1
13930, 0, 3, 8, 20, 1
13930, 0, 1, 8, 21, 1
13930, 0, 3, 8, 29, 1
13930, 0, 1, 8, 30, 1
13930, 9, 2, 9, 20, 1
13930, 9, 1, 9, 21, 1
13930, 9, 2, 9, 29, 1
13930, 9, 1, 9, 30, 1
13930, 9, 3, 10, 0, 1
13930, 0, 0, 10, 1, 1
13930, 9, 0, 10, 2, 1
13930, 0, 3, 11, 0, 1
13930, 0, 1, 11, 2, 1
13930, 9, 2, 12, 0, 1
13930, 0, 2, 12, 1, 1
13930, 9, 1, 12, 2, 1
13930, 9, 3, 12, 28, 1
13930, 9, 0, 12, 29, 1
13930, 9, 2, 13, 28, 1
13930, 9, 1, 13, 29, 1
13930, 9, 3, 15, 0, 1
13930, 9, 0, 15, 1, 1
13930, 0, 3, 16, 0, 1
13930, 0, 1, 16, 1, 1
13930, 9, 3, 16, 28, 1
13930, 9, 0, 16, 29, 1
13930, 0, 3, 17, 0, 1
13930, 1, 0, 17, 1, 1
13930, 9, 0, 17, 2, 1
13930, 0, 3, 17, 28, 1
13930, 0, 1, 17, 29, 1
13930, 0, 3, 18, 0, 1
13930, 0, 1, 18, 2, 1
13930, 9, 3, 18, 26, 1
13930, 0, 0, 18, 27, 1
13930, 1, 3, 18, 28, 1
13930, 0, 1, 18, 29, 1
13930, 0, 3, 19, 0, 1
13930, 1, 1, 19, 1, 1
13930, 9, 1, 19, 2, 1
13930, 0, 3, 19, 26, 1
13930, 0, 1, 19, 29, 1
13930, 0, 3, 20, 0, 1
13930, 0, 1, 20, 1, 1
13930, 9, 2, 20, 26, 1
13930, 1, 2, 20, 27, 1
13930, 0, 1, 20, 29, 1
13930, 9, 2, 21, 0, 1
13930, 9, 1, 21, 1, 1
13930, 0, 3, 21, 27, 1
13930, 1, 1, 21, 28, 1
13930, 9, 1, 21, 29, 1
13930, 9, 2, 22, 27, 1
13930, 9, 1, 22, 28, 1
13930, 9, 3, 24, 0, 1
13930, 9, 0, 24, 1, 1
13930, 0, 3, 25, 0, 1
13930, 0, 1, 25, 1, 1
13930, 0, 3, 26, 0, 1
13930, 1, 0, 26, 1, 1
13930, 9, 0, 26, 2, 1
13930, 0, 3, 27, 0, 1
13930, 0, 1, 27, 2, 1
13930, 9, 3, 27, 10, 1
13930, 0, 0, 27, 11, 1
13930, 9, 0, 27, 12, 1
13930, 0, 3, 28, 0, 1
13930, 1, 0, 28, 2, 1
13930, 9, 0, 28, 3, 1
13930, 9, 3, 28, 9, 1
13930, 1, 3, 28, 10, 1
13930, 1, 0, 28, 12, 1
13930, 9, 0, 28, 13, 1
13930, 0, 3, 29, 0, 1
13930, 0, 1, 29, 3, 1
13930, 9, 3, 29, 7, 1
13930, 0, 0, 29, 8, 1
13930, 1, 3, 29, 9, 1
13930, 1, 0, 29, 13, 1
13930, 0, 0, 29, 14, 1
13930, 9, 0, 29, 15, 1
13930, 0, 3, 30, 0, 1
13930, 1, 1, 30, 1, 1
13930, 0, 2, 30, 2, 1
13930, 9, 1, 30, 3, 1
13930, 9, 2, 30, 7, 1
13930, 0, 2, 30, 8, 1
13930, 0, 2, 30, 9, 1
13930, 0, 2, 30, 10, 1
13930, 0, 2, 30, 11, 1
13930, 0, 2, 30, 12, 1
13930, 0, 2, 30, 13, 1
13930, 0, 2, 30, 14, 1
13930, 9, 1, 30, 15, 1
13930, 9, 3, 30, 19, 1
13930, 9, 0, 30, 20, 1
13930, 9, 2, 31, 0, 1
13930, 9, 1, 31, 1, 1
13930, 9, 2, 31, 19, 1
13930, 9, 1, 31, 20, 1
13930, 9, 3, 1, 3, 2
13930, 9, 0, 1, 4, 2
13930, 9, 2, 2, 3, 2
13930, 9, 1, 2, 4, 2
13930, 9, 3, 3, 28, 2
13930, 9, 0, 3, 29, 2
13930, 9, 2, 4, 28, 2
13930, 9, 1, 4, 29, 2
13930, 9, 3, 19, 27, 2
13930, 9, 0, 19, 28, 2
13930, 9, 2, 20, 27, 2
13930, 9, 1, 20, 28, 2
13930, 9, 3, 28, 10, 2
13930, 0, 0, 28, 11, 2
13930, 9, 0, 28, 12, 2
13930, 9, 2, 29, 10, 2
13930, 0, 2, 29, 11, 2
13930, 9, 1, 29, 12, 2
13932, 10, 3, 13, 27, 0
13933, 10, 1, 12, 4, 0
13934, 10, 1, 0, 0, 0
13934, 10, 0, 0, 1, 0
13934, 10, 2, 0, 2, 0
13934, 10, 0, 0, 3, 0
13934, 10, 3, 0, 4, 0
13934, 10, 2, 0, 5, 0
13934, 10, 1, 0, 6, 0
13934, 10, 2, 0, 7, 0
13934, 10, 1, 0, 8, 0
13934, 10, 3, 0, 9, 0
13934, 10, 2, 0, 10, 0
13934, 10, 0, 0, 11, 0
13934, 10, 3, 0, 12, 0
13934, 10, 3, 0, 13, 0
13934, 10, 2, 0, 14, 0
13934, 10, 3, 0, 15, 0
13934, 10, 2, 0, 16, 0
13934, 10, 1, 0, 17, 0
13934, 10, 0, 0, 18, 0
13934, 10, 2, 0, 19, 0
13934, 10, 1, 0, 20, 0
13934, 10, 0, 0, 21, 0
13934, 10, 3, 0, 22, 0
13934, 10, 2, 0, 23, 0
13934, 10, 3, 0, 24, 0
13934, 10, 0, 0, 25, 0
13934, 10, 2, 0, 26, 0
13934, 10, 1, 0, 27, 0
13934, 10, 0, 0, 28, 0
13934, 10, 0, 0, 29, 0
13934, 10, 2, 0, 30, 0
13934, 10, 0, 0, 31, 0
13934, 10, 2, 1, 0, 0
13934, 10, 3, 1, 1, 0
13934, 10, 0, 1, 2, 0
13934, 10, 0, 1, 3, 0
13934, 10, 2, 1, 4, 0
13934, 10, 3, 1, 5, 0
13934, 10, 0, 1, 6, 0
13934, 10, 3, 1, 7, 0
13934, 10, 0, 1, 8, 0
13934, 10, 1, 1, 11, 0
13934, 10, 2, 1, 12, 0
13934, 10, 0, 1, 13, 0
13934, 10, 1, 1, 14, 0
13934, 10, 0, 1, 15, 0
13934, 10, 1, 1, 16, 0
13934, 10, 2, 1, 17, 0
13934, 10, 3, 1, 18, 0
13934, 10, 1, 1, 19, 0
13934, 10, 1, 1, 23, 0
13934, 10, 2, 1, 24, 0
13934, 10, 1, 1, 25, 0
13934, 10, 3, 1, 26, 0
13934, 10, 3, 1, 27, 0
13934, 10, 1, 1, 28, 0
13934, 10, 1, 1, 29, 0
13934, 10, 1, 1, 30, 0
13934, 10, 3, 1, 31, 0
13934, 10, 3, 2, 0, 0
13934, 10, 0, 2, 1, 0
13934, 10, 3, 2, 2, 0
13934, 10, 1, 2, 3, 0
13934, 10, 1, 2, 4, 0
13934, 10, 0, 2, 5, 0
13934, 10, 1, 2, 13, 0
13934, 10, 0, 2, 16, 0
13934, 10, 3, 2, 17, 0
13934, 10, 2, 2, 18, 0
13934, 10, 1, 2, 19, 0
13934, 10, 0, 2, 26, 0
13934, 10, 0, 2, 27, 0
13934, 10, 3, 2, 28, 0
13934, 10, 1, 2, 29, 0
13934, 10, 0, 2, 30, 0
13934, 10, 2, 2, 31, 0
13934, 10, 0, 3, 0, 0
13934, 10, 1, 3, 1, 0
13934, 10, 2, 3, 2, 0
13934, 10, 3, 3, 3, 0
13934, 10, 2, 3, 4, 0
13934, 10, 1, 3, 5, 0
13934, 10, 0, 3, 27, 0
13934, 10, 1, 3, 28, 0
13934, 10, 2, 3, 29, 0
13934, 10, 3, 3, 30, 0
13934, 10, 1, 3, 31, 0
13934, 10, 1, 4, 0, 0
13934, 10, 2, 4, 1, 0
13934, 10, 1, 4, 2, 0
13934, 10, 0, 4, 3, 0
13934, 10, 3, 4, 27, 0
13934, 10, 1, 4, 28, 0
13934, 10, 0, 4, 29, 0
13934, 10, 2, 4, 30, 0
13934, 10, 0, 4, 31, 0
13934, 10, 1, 5, 0, 0
13934, 10, 3, 5, 1, 0
13934, 10, 1, 5, 28, 0
13934, 10, 0, 5, 29, 0
13934, 10, 2, 5, 30, 0
13934, 10, 3, 5, 31, 0
13934, 10, 2, 6, 0, 0
13934, 10, 3, 6, 28, 0
13934, 10, 1, 6, 29, 0
13934, 10, 0, 6, 30, 0
13934, 10, 2, 6, 31, 0
13934, 10, 3, 7, 0, 0
13934, 10, 0, 7, 20, 0
13934, 10, 2, 7, 28, 0
13934, 10, 2, 7, 29, 0
13934, 10, 3, 7, 30, 0
13934, 10, 1, 7, 31, 0
13934, 10, 0, 8, 0, 0
13934, 10, 1, 8, 19, 0
13934, 10, 3, 8, 20, 0
13934, 10, 2, 8, 21, 0
13934, 10, 2, 8, 29, 0
13934, 10, 3, 8, 30, 0
13934, 10, 3, 8, 31, 0
13934, 10, 1, 9, 0, 0
13934, 10, 3, 9, 29, 0
13934, 10, 2, 9, 30, 0
13934, 10, 3, 9, 31, 0
13934, 10, 3, 10, 0, 0
13934, 10, 0, 10, 1, 0
13934, 10, 3, 10, 29, 0
13934, 10, 2, 10, 30, 0
13934, 10, 3, 10, 31, 0
13934, 10, 1, 11, 0, 0
13934, 10, 2, 11, 1, 0
13934, 10, 0, 11, 2, 0
13934, 10, 0, 11, 3, 0
13934, 10, 0, 11, 29, 0
13934, 10, 1, 11, 30, 0
13934, 10, 2, 11, 31, 0
13934, 10, 3, 12, 0, 0
13934, 10, 2, 12, 1, 0
13934, 10, 2, 12, 2, 0
13934, 10, 2, 12, 3, 0
13934, 10, 1, 12, 28, 0
13934, 10, 1, 12, 29, 0
13934, 10, 1, 12, 30, 0
13934, 10, 1, 12, 31, 0
13934, 10, 0, 13, 0, 0
13934, 10, 3, 13, 1, 0
13934, 10, 1, 13, 2, 0
13934, 10, 3, 13, 3, 0
13934, 10, 0, 13, 28, 0
13934, 10, 3, 13, 29, 0
13934, 10, 0, 13, 30, 0
13934, 10, 0, 13, 31, 0
13934, 10, 2, 14, 0, 0
13934, 10, 0, 14, 1, 0
13934, 10, 0, 14, 2, 0
13934, 10, 0, 14, 29, 0
13934, 10, 1, 14, 30, 0
13934, 10, 3, 14, 31, 0
13934, 10, 1, 15, 0, 0
13934, 10, 1, 15, 1, 0
13934, 10, 2, 15, 29, 0
13934, 10, 1, 15, 30, 0
13934, 10, 1, 15, 31, 0
13934, 10, 3, 16, 0, 0
13934, 10, 1, 16, 1, 0
13934, 10, 2, 16, 29, 0
13934, 10, 2, 16, 30, 0
13934, 10, 0, 16, 31, 0
13934, 10, 2, 17, 0, 0
13934, 10, 0, 17, 1, 0
13934, 10, 2, 17, 28, 0
13934, 10, 0, 17, 29, 0
13934, 10, 2, 17, 30, 0
13934, 10, 3, 17, 31, 0
13934, 10, 3, 18, 0, 0
13934, 10, 1, 18, 1, 0
13934, 10, 3, 18, 2, 0
13934, 10, 0, 18, 20, 0
13934, 10, 3, 18, 21, 0
13934, 10, 0, 18, 26, 0
13934, 10, 1, 18, 27, 0
13934, 10, 3, 18, 28, 0
13934, 10, 3, 18, 29, 0
13934, 10, 2, 18, 30, 0
13934, 10, 3, 18, 31, 0
13934, 10, 1, 19, 0, 0
13934, 10, 0, 19, 1, 0
13934, 10, 3, 19, 26, 0
13934, 10, 2, 19, 27, 0
13934, 10, 1, 19, 28, 0
13934, 10, 3, 19, 29, 0
13934, 10, 2, 19, 30, 0
13934, 10, 2, 19, 31, 0
13934, 10, 2, 20, 0, 0
13934, 10, 3, 20, 1, 0
13934, 10, 0, 20, 27, 0
13934, 10, 1, 20, 28, 0
13934, 10, 2, 20, 29, 0
13934, 10, 1, 20, 30, 0
13934, 10, 3, 20, 31, 0
13934, 10, 0, 21, 0, 0
13934, 10, 0, 21, 1, 0
13934, 10, 3, 21, 27, 0
13934, 10, 2, 21, 28, 0
13934, 10, 0, 21, 29, 0
13934, 10, 1, 21, 30, 0
13934, 10, 2, 21, 31, 0
13934, 10, 1, 22, 0, 0
13934, 10, 3, 22, 29, 0
13934, 10, 2, 22, 30, 0
13934, 10, 1, 22, 31, 0
13934, 10, 3, 23, 0, 0
13934, 10, 1, 23, 30, 0
13934, 10, 0, 23, 31, 0
13934, 10, 0, 24, 0, 0
13934, 10, 1, 24, 21, 0
13934, 10, 3, 24, 30, 0
13934, 10, 3, 24, 31, 0
13934, 10, 2, 25, 0, 0
13934, 10, 3, 25, 1, 0
13934, 10, 2, 25, 23, 0
13934, 10, 2, 25, 30, 0
13934, 10, 2, 25, 31, 0
13934, 10, 0, 26, 0, 0
13934, 10, 3, 26, 1, 0
13934, 10, 1, 26, 11, 0
13934, 10, 1, 26, 30, 0
13934, 10, 1, 26, 31, 0
13934, 10, 3, 27, 0, 0
13934, 10, 2, 27, 1, 0
13934, 10, 0, 27, 2, 0
13934, 10, 0, 27, 11, 0
13934, 10, 0, 27, 30, 0
13934, 10, 3, 27, 31, 0
13934, 10, 2, 28, 0, 0
13934, 10, 1, 28, 1, 0
13934, 10, 0, 28, 2, 0
13934, 10, 2, 28, 10, 0
13934, 10, 3, 28, 11, 0
13934, 10, 2, 28, 12, 0
13934, 10, 1, 28, 26, 0
13934, 10, 0, 28, 30, 0
13934, 10, 1, 28, 31, 0
13934, 10, 0, 29, 0, 0
13934, 10, 3, 29, 1, 0
13934, 10, 1, 29, 2, 0
13934, 10, 0, 29, 3, 0
13934, 10, 1, 29, 7, 0
13934, 10, 3, 29, 8, 0
13934, 10, 2, 29, 9, 0
13934, 10, 1, 29, 10, 0
13934, 10, 1, 29, 11, 0
13934, 10, 0, 29, 12, 0
13934, 10, 2, 29, 13, 0
13934, 10, 3, 29, 14, 0
13934, 10, 0, 29, 24, 0
13934, 10, 3, 29, 25, 0
13934, 10, 0, 29, 26, 0
13934, 10, 0, 29, 29, 0
13934, 10, 1, 29, 30, 0
13934, 10, 3, 29, 31, 0
13934, 10, 1, 30, 0, 0
13934, 10, 1, 30, 1, 0
13934, 10, 2, 30, 2, 0
13934, 10, 3, 30, 3, 0
13934, 10, 1, 30, 4, 0
13934, 10, 2, 30, 5, 0
13934, 10, 3, 30, 6, 0
13934, 10, 0, 30, 7, 0
13934, 10, 0, 30, 8, 0
13934, 10, 1, 30, 9, 0
13934, 10, 0, 30, 10, 0
13934, 10, 1, 30, 11, 0
13934, 10, 0, 30, 12, 0
13934, 10, 0, 30, 13, 0
13934, 10, 0, 30, 14, 0
13934, 10, 1, 30, 15, 0
13934, 10, 2, 30, 16, 0
13934, 10, 3, 30, 19, 0
13934, 10, 0, 30, 20, 0
13934, 10, 1, 30, 21, 0
13934, 10, 2, 30, 22, 0
13934, 10, 3, 30, 23, 0
13934, 10, 1, 30, 24, 0
13934, 10, 2, 30, 25, 0
13934, 10, 1, 30, 26, 0
13934, 10, 2, 30, 27, 0
13934, 10, 1, 30, 28, 0
13934, 10, 3, 30, 29, 0
13934, 10, 2, 30, 30, 0
13934, 10, 2, 30, 31, 0
13934, 10, 0, 31, 0, 0
13934, 10, 3, 31, 1, 0
13934, 10, 1, 31, 2, 0
13934, 10, 0, 31, 3, 0
13934, 10, 3, 31, 4, 0
13934, 10, 2, 31, 5, 0
13934, 10, 1, 31, 6, 0
13934, 10, 0, 31, 7, 0
13934, 10, 3, 31, 8, 0
13934, 10, 2, 31, 9, 0
13934, 10, 1, 31, 10, 0
13934, 10, 0, 31, 11, 0
13934, 10, 3, 31, 12, 0
13934, 10, 3, 31, 13, 0
13934, 10, 2, 31, 14, 0
13934, 10, 1, 31, 15, 0
13934, 10, 0, 31, 16, 0
13934, 10, 3, 31, 17, 0
13934, 10, 3, 31, 18, 0
13934, 10, 2, 31, 19, 0
13934, 10, 1, 31, 20, 0
13934, 10, 0, 31, 21, 0
13934, 10, 3, 31, 22, 0
13934, 10, 3, 31, 23, 0
13934, 10, 2, 31, 24, 0
13934, 10, 1, 31, 25, 0
13934, 10, 0, 31, 26, 0
13934, 10, 3, 31, 27, 0
13934, 10, 3, 31, 28, 0
13934, 10, 2, 31, 29, 0
13934, 10, 3, 31, 30, 0
13934, 10, 1, 31, 31, 0
13934, 10, 0, 1, 3, 1
13934, 10, 1, 1, 4, 1
13934, 10, 3, 1, 17, 1
13934, 10, 0, 1, 18, 1
13934, 10, 0, 1, 28, 1
13934, 10, 1, 1, 29, 1
13934, 10, 2, 2, 3, 1
13934, 10, 2, 2, 29, 1
13934, 10, 3, 3, 3, 1
13934, 10, 0, 3, 29, 1
13934, 10, 0, 4, 28, 1
13934, 10, 3, 4, 29, 1
13934, 10, 1, 5, 29, 1
13934, 10, 2, 6, 29, 1
13934, 10, 2, 11, 1, 1
13934, 10, 1, 18, 1, 1
13934, 10, 0, 19, 27, 1
13934, 10, 3, 19, 28, 1
13934, 10, 1, 20, 28, 1
13934, 10, 2, 27, 1, 1
13934, 10, 3, 28, 1, 1
13934, 10, 1, 28, 11, 1
13934, 10, 0, 29, 1, 1
13934, 10, 3, 29, 2, 1
13934, 10, 0, 29, 10, 1
13934, 10, 3, 29, 11, 1
13934, 10, 0, 29, 12, 1
13938, 10, 0, 11, 11, 2
13938, 10, 2, 15, 9, 2
13939, 10, 0, 11, 9, 2
13939, 10, 2, 15, 11, 2
13941, 10, 0, 11, 9, 1
13941, 10, 0, 11, 11, 1
13941, 10, 2, 15, 9, 1
13941, 10, 2, 15, 11, 1
13943, 10, 0, 11, 8, 1
13943, 10, 0, 11, 12, 1
13943, 10, 2, 15, 8, 1
13943, 10, 2, 15, 12, 1
13944, 10, 0, 11, 12, 2
13944, 10, 2, 15, 8, 2
13945, 10, 0, 11, 8, 2
13945, 10, 2, 15, 12, 2
13946, 10, 0, 11, 13, 1
13946, 10, 2, 15, 7, 1
13947, 10, 0, 11, 7, 1
13947, 10, 2, 15, 13, 1
13948, 10, 0, 11, 13, 2
13948, 10, 2, 15, 7, 2
13949, 10, 0, 11, 7, 2
13949, 10, 2, 15, 13, 2
13950, 10, 0, 11, 13, 3
13950, 10, 2, 15, 7, 3
13951, 10, 0, 11, 7, 3
13951, 10, 2, 15, 13, 3
13954, 10, 0, 12, 13, 2
13954, 10, 2, 14, 7, 2
13955, 10, 0, 12, 7, 2
13955, 10, 2, 14, 13, 2
13956, 10, 2, 13, 7, 2
13956, 10, 0, 13, 13, 2
13958, 10, 0, 11, 10, 2
13959, 10, 2, 15, 10, 2
13960, 10, 0, 11, 10, 1
13960, 10, 2, 15, 10, 1
13962, 22, 0, 13, 7, 1
13962, 22, 0, 13, 8, 1
13962, 22, 0, 13, 9, 1
13962, 22, 0, 13, 10, 1
13962, 22, 0, 13, 11, 1
13962, 22, 0, 13, 12, 1
13962, 22, 0, 13, 13, 1
13963, 22, 0, 12, 7, 1
13963, 22, 0, 12, 8, 1
13963, 22, 0, 12, 9, 1
13963, 22, 0, 12, 10, 1
13963, 22, 0, 12, 11, 1
13963, 22, 0, 12, 12, 1
13963, 22, 0, 12, 13, 1
13963, 22, 0, 14, 7, 1
13963, 22, 0, 14, 8, 1
13963, 22, 0, 14, 9, 1
13963, 22, 0, 14, 10, 1
13963, 22, 0, 14, 11, 1
13963, 22, 0, 14, 12, 1
13963, 22, 0, 14, 13, 1
13981, 10, 3, 5, 12, 0
13981, 10, 1, 6, 6, 0
13981, 10, 3, 6, 12, 0
13981, 10, 1, 11, 7, 0
13981, 10, 3, 11, 13, 0
13981, 10, 1, 12, 7, 0
13981, 10, 3, 12, 13, 0
13981, 10, 1, 13, 7, 0
13981, 10, 3, 13, 13, 0
13981, 10, 1, 14, 7, 0
13981, 10, 3, 14, 13, 0
13981, 10, 1, 15, 7, 0
13981, 10, 3, 15, 13, 0
13981, 10, 1, 19, 7, 0
13981, 10, 3, 19, 13, 0
13981, 10, 1, 23, 7, 0
13982, 10, 2, 3, 10, 0
13982, 10, 1, 16, 7, 0
13982, 10, 3, 21, 12, 0
13982, 10, 1, 24, 7, 0
13982, 10, 3, 26, 9, 0
13983, 10, 3, 7, 12, 0
13983, 10, 1, 10, 7, 0
13983, 10, 1, 18, 7, 0
13983, 10, 1, 25, 7, 0
13985, 10, 3, 4, 11, 0
13985, 10, 0, 22, 11, 0
13985, 10, 1, 26, 8, 0
13986, 10, 1, 7, 7, 0
13986, 10, 3, 10, 12, 0
13986, 10, 3, 18, 12, 0
13986, 10, 1, 20, 8, 0
13987, 10, 1, 5, 7, 0
13987, 10, 3, 16, 12, 0
13987, 10, 3, 20, 12, 0
13987, 10, 1, 22, 8, 0
13987, 10, 3, 23, 10, 0
13988, 10, 2, 4, 8, 0
13988, 10, 0, 24, 9, 0
13989, 10, 2, 3, 8, 0
13989, 10, 2, 4, 7, 0
13989, 10, 0, 24, 10, 0
13990, 10, 2, 3, 9, 0
13990, 10, 1, 8, 7, 0
13990, 10, 3, 8, 12, 0
13990, 10, 1, 9, 7, 0
13990, 10, 3, 9, 12, 0
13990, 10, 1, 17, 7, 0
13990, 10, 3, 17, 12, 0
13990, 10, 1, 21, 8, 0
13990, 10, 3, 25, 9, 0
13993, 10, 2, 4, 59, 0
