319, 22, 2, 3, 17, 0
319, 22, 0, 4, 12, 0
319, 22, 1, 4, 16, 0
319, 22, 0, 5, 12, 0
320, 22, 0, 0, 43, 0
320, 22, 2, 0, 58, 0
320, 22, 1, 0, 59, 0
320, 22, 0, 1, 17, 0
320, 22, 3, 1, 42, 0
320, 22, 3, 1, 44, 0
320, 22, 3, 1, 57, 0
320, 22, 1, 1, 58, 0
320, 22, 2, 2, 43, 0
320, 22, 2, 2, 59, 0
320, 22, 2, 3, 12, 0
320, 22, 2, 3, 42, 0
320, 22, 1, 3, 44, 0
320, 22, 2, 3, 58, 0
320, 22, 3, 3, 59, 0
320, 22, 0, 4, 43, 0
320, 22, 1, 4, 57, 0
320, 22, 1, 5, 14, 0
320, 22, 3, 5, 42, 0
320, 22, 1, 5, 44, 0
320, 22, 0, 5, 58, 0
320, 22, 0, 5, 59, 0
320, 22, 2, 6, 43, 0
320, 22, 0, 6, 58, 0
320, 22, 2, 7, 44, 0
320, 22, 3, 7, 57, 0
320, 22, 1, 7, 59, 0
320, 22, 3, 8, 43, 0
320, 22, 1, 8, 45, 0
320, 22, 0, 8, 57, 0
320, 22, 2, 8, 58, 0
320, 22, 1, 9, 42, 0
320, 22, 0, 9, 43, 0
320, 22, 0, 9, 44, 0
320, 22, 1, 9, 56, 0
320, 22, 3, 9, 58, 0
320, 22, 1, 9, 59, 0
320, 22, 1, 10, 41, 0
320, 22, 3, 10, 44, 0
320, 22, 0, 10, 56, 0
320, 22, 2, 10, 57, 0
320, 22, 2, 10, 58, 0
320, 22, 0, 11, 39, 0
320, 22, 0, 11, 41, 0
320, 22, 3, 11, 42, 0
320, 22, 3, 11, 45, 0
320, 22, 0, 11, 59, 0
320, 22, 1, 12, 39, 0
320, 22, 0, 12, 53, 0
320, 22, 3, 12, 55, 0
320, 22, 1, 13, 54, 0
320, 22, 3, 0, 19, 1
320, 22, 1, 0, 40, 1
320, 22, 0, 0, 54, 1
320, 22, 0, 0, 55, 1
320, 22, 2, 1, 9, 1
320, 22, 2, 1, 10, 1
320, 22, 0, 1, 20, 1
320, 22, 0, 1, 40, 1
320, 22, 3, 1, 54, 1
320, 22, 2, 1, 62, 1
320, 22, 3, 2, 9, 1
320, 22, 2, 2, 19, 1
320, 22, 1, 2, 21, 1
320, 22, 3, 2, 39, 1
320, 22, 2, 2, 46, 1
320, 22, 2, 2, 54, 1
320, 22, 1, 2, 55, 1
320, 22, 1, 2, 61, 1
320, 22, 3, 2, 62, 1
320, 22, 0, 2, 63, 1
320, 22, 0, 3, 9, 1
320, 22, 1, 3, 10, 1
320, 22, 1, 3, 20, 1
320, 22, 0, 3, 22, 1
320, 22, 2, 3, 38, 1
320, 22, 2, 3, 47, 1
320, 22, 1, 3, 62, 1
320, 22, 3, 3, 63, 1
320, 22, 2, 4, 9, 1
320, 22, 1, 4, 19, 1
320, 22, 2, 4, 20, 1
320, 22, 3, 4, 21, 1
320, 22, 3, 4, 22, 1
320, 22, 1, 4, 40, 1
320, 22, 0, 4, 46, 1
320, 22, 3, 4, 47, 1
320, 22, 1, 4, 62, 1
320, 22, 2, 4, 63, 1
320, 22, 3, 5, 9, 1
320, 22, 3, 5, 10, 1
320, 22, 0, 5, 19, 1
320, 22, 0, 5, 39, 1
320, 22, 1, 5, 46, 1
320, 22, 0, 5, 48, 1
320, 22, 3, 5, 54, 1
320, 22, 0, 5, 55, 1
320, 22, 1, 5, 63, 1
320, 22, 3, 6, 18, 1
320, 22, 3, 6, 19, 1
320, 22, 3, 6, 38, 1
320, 22, 2, 6, 39, 1
320, 22, 1, 6, 40, 1
320, 22, 3, 6, 47, 1
320, 22, 2, 6, 52, 1
320, 22, 0, 6, 54, 1
320, 22, 0, 6, 55, 1
320, 22, 0, 7, 13, 1
320, 22, 3, 7, 15, 1
320, 22, 2, 7, 17, 1
320, 22, 1, 7, 39, 1
320, 22, 1, 7, 52, 1
320, 22, 2, 7, 54, 1
320, 22, 3, 7, 55, 1
320, 22, 1, 8, 13, 1
320, 22, 2, 8, 14, 1
320, 22, 2, 8, 15, 1
320, 22, 1, 8, 16, 1
320, 22, 1, 8, 51, 1
320, 22, 2, 9, 61, 1
320, 22, 2, 9, 62, 1
320, 22, 0, 10, 36, 1
320, 22, 1, 10, 37, 1
320, 22, 3, 11, 61, 1
320, 22, 2, 12, 34, 1
320, 22, 0, 12, 62, 1
321, 22, 2, 0, 42, 0
321, 22, 1, 0, 57, 0
321, 22, 0, 1, 43, 0
321, 22, 0, 1, 59, 0
321, 22, 3, 2, 44, 0
321, 22, 3, 4, 58, 0
321, 22, 3, 5, 43, 0
321, 22, 0, 7, 58, 0
321, 22, 2, 8, 44, 0
321, 22, 3, 9, 57, 0
321, 22, 1, 10, 42, 0
321, 22, 0, 10, 43, 0
321, 22, 2, 10, 59, 0
321, 22, 3, 11, 40, 0
321, 22, 3, 1, 19, 1
321, 22, 0, 1, 39, 1
321, 22, 1, 1, 55, 1
321, 22, 1, 1, 61, 1
321, 22, 0, 2, 10, 1
321, 22, 1, 2, 40, 1
321, 22, 2, 2, 53, 1
321, 22, 2, 3, 21, 1
321, 22, 3, 3, 46, 1
321, 22, 1, 4, 10, 1
321, 22, 0, 4, 55, 1
321, 22, 3, 5, 38, 1
321, 22, 2, 5, 40, 1
321, 22, 0, 5, 47, 1
321, 22, 2, 7, 14, 1
321, 22, 3, 7, 16, 1
321, 22, 0, 7, 40, 1
321, 22, 2, 7, 51, 1
321, 22, 3, 8, 54, 1
321, 22, 1, 10, 62, 1
321, 22, 2, 11, 36, 1
321, 22, 0, 11, 62, 1
471, 10, 0, 4, 14, 0
471, 10, 1, 12, 57, 0
471, 10, 2, 23, 41, 0
471, 10, 3, 24, 34, 0
471, 10, 3, 25, 31, 0
471, 10, 1, 25, 40, 0
471, 10, 0, 6, 49, 1
473, 10, 2, 2, 14, 0
473, 10, 1, 4, 12, 0
473, 10, 2, 2, 62, 1
474, 10, 0, 26, 42, 0
474, 10, 0, 2, 48, 1
474, 10, 1, 5, 53, 1
474, 10, 1, 10, 61, 1
557, 10, 0, 16, 35, 0
559, 22, 1, 18, 31, 1
559, 22, 2, 20, 31, 1
560, 22, 2, 18, 33, 1
560, 22, 3, 19, 31, 1
706, 4, 1, 3, 17, 0
706, 4, 2, 5, 15, 0
724, 10, 3, 8, 45, 0
724, 10, 2, 9, 42, 0
724, 10, 0, 13, 53, 0
724, 10, 1, 13, 56, 0
724, 10, 1, 17, 36, 0
724, 10, 2, 17, 57, 0
724, 10, 3, 18, 42, 0
724, 10, 0, 18, 50, 0
724, 10, 0, 21, 45, 0
724, 10, 0, 21, 47, 0
1417, 0, 1, 0, 11, 0
1417, 0, 3, 0, 18, 0
1417, 0, 1, 0, 41, 0
1417, 0, 3, 0, 45, 0
1417, 0, 1, 0, 56, 0
1417, 0, 3, 0, 60, 0
1417, 0, 1, 1, 11, 0
1417, 0, 3, 1, 18, 0
1417, 0, 1, 1, 41, 0
1417, 0, 3, 1, 45, 0
1417, 0, 1, 1, 56, 0
1417, 0, 3, 1, 60, 0
1417, 0, 1, 2, 11, 0
1417, 0, 3, 2, 18, 0
1417, 0, 1, 2, 41, 0
1417, 0, 3, 2, 45, 0
1417, 0, 1, 2, 56, 0
1417, 0, 3, 2, 60, 0
1417, 0, 1, 3, 11, 0
1417, 0, 3, 3, 18, 0
1417, 0, 1, 3, 41, 0
1417, 0, 3, 3, 45, 0
1417, 0, 1, 3, 56, 0
1417, 0, 3, 3, 60, 0
1417, 0, 1, 4, 11, 0
1417, 9, 3, 4, 17, 0
1417, 1, 3, 4, 18, 0
1417, 0, 1, 4, 41, 0
1417, 0, 3, 4, 45, 0
1417, 0, 1, 4, 56, 0
1417, 9, 2, 4, 60, 0
1417, 1, 2, 4, 61, 0
1417, 1, 0, 5, 11, 0
1417, 9, 0, 5, 12, 0
1417, 9, 3, 5, 16, 0
1417, 1, 3, 5, 17, 0
1417, 0, 1, 5, 41, 0
1417, 0, 3, 5, 45, 0
1417, 0, 1, 5, 56, 0
1417, 0, 3, 5, 61, 0
1417, 1, 0, 6, 12, 0
1417, 0, 0, 6, 13, 0
1417, 0, 0, 6, 14, 0
1417, 0, 0, 6, 15, 0
1417, 1, 3, 6, 16, 0
1417, 0, 1, 6, 41, 0
1417, 0, 3, 6, 45, 0
1417, 0, 1, 6, 56, 0
1417, 0, 3, 6, 61, 0
1417, 0, 1, 7, 41, 0
1417, 9, 2, 7, 45, 0
1417, 1, 2, 7, 46, 0
1417, 0, 1, 7, 56, 0
1417, 9, 3, 7, 60, 0
1417, 1, 3, 7, 61, 0
1417, 0, 1, 8, 41, 0
1417, 9, 2, 8, 46, 0
1417, 1, 2, 8, 47, 0
1417, 0, 1, 8, 56, 0
1417, 0, 3, 8, 60, 0
1417, 1, 1, 9, 40, 0
1417, 9, 1, 9, 41, 0
1417, 9, 2, 9, 47, 0
1417, 1, 2, 9, 48, 0
1417, 1, 1, 9, 55, 0
1417, 9, 1, 9, 56, 0
1417, 0, 3, 9, 60, 0
1417, 1, 1, 10, 39, 0
1417, 9, 1, 10, 40, 0
1417, 9, 2, 10, 48, 0
1417, 1, 2, 10, 49, 0
1417, 1, 1, 10, 54, 0
1417, 9, 1, 10, 55, 0
1417, 0, 3, 10, 60, 0
1417, 1, 1, 11, 38, 0
1417, 9, 1, 11, 39, 0
1417, 0, 3, 11, 49, 0
1417, 1, 1, 11, 53, 0
1417, 9, 1, 11, 54, 0
1417, 9, 3, 11, 59, 0
1417, 1, 3, 11, 60, 0
1417, 1, 1, 12, 37, 0
1417, 9, 1, 12, 38, 0
1417, 0, 3, 12, 49, 0
1417, 1, 1, 12, 52, 0
1417, 9, 1, 12, 53, 0
1417, 0, 3, 12, 59, 0
1417, 1, 1, 13, 36, 0
1417, 9, 1, 13, 37, 0
1417, 9, 2, 13, 49, 0
1417, 0, 2, 13, 50, 0
1417, 0, 2, 13, 51, 0
1417, 9, 1, 13, 52, 0
1417, 0, 3, 13, 59, 0
1417, 1, 1, 14, 35, 0
1417, 9, 1, 14, 36, 0
1417, 9, 2, 14, 59, 0
1417, 1, 2, 14, 60, 0
1417, 1, 1, 15, 34, 0
1417, 9, 1, 15, 35, 0
1417, 0, 3, 15, 60, 0
1417, 0, 1, 16, 34, 0
1417, 9, 3, 16, 59, 0
1417, 1, 3, 16, 60, 0
1417, 0, 1, 17, 34, 0
1417, 9, 3, 17, 58, 0
1417, 1, 3, 17, 59, 0
1417, 0, 1, 18, 34, 0
1417, 9, 3, 18, 57, 0
1417, 1, 3, 18, 58, 0
1417, 0, 1, 19, 34, 0
1417, 9, 3, 19, 41, 0
1417, 0, 0, 19, 42, 0
1417, 9, 0, 19, 43, 0
1417, 9, 3, 19, 49, 0
1417, 0, 0, 19, 50, 0
1417, 9, 0, 19, 51, 0
1417, 9, 3, 19, 56, 0
1417, 1, 3, 19, 57, 0
1417, 1, 0, 20, 34, 0
1417, 9, 0, 20, 35, 0
1417, 9, 3, 20, 40, 0
1417, 1, 3, 20, 41, 0
1417, 1, 0, 20, 43, 0
1417, 9, 0, 20, 44, 0
1417, 9, 3, 20, 48, 0
1417, 1, 3, 20, 49, 0
1417, 1, 0, 20, 51, 0
1417, 9, 0, 20, 52, 0
1417, 9, 3, 20, 55, 0
1417, 1, 3, 20, 56, 0
1417, 1, 0, 21, 35, 0
1417, 9, 0, 21, 36, 0
1417, 9, 3, 21, 39, 0
1417, 1, 3, 21, 40, 0
1417, 0, 1, 21, 44, 0
1417, 0, 3, 21, 48, 0
1417, 1, 0, 21, 52, 0
1417, 0, 0, 21, 53, 0
1417, 0, 0, 21, 54, 0
1417, 1, 3, 21, 55, 0
1417, 1, 1, 22, 33, 0
1417, 0, 2, 22, 34, 0
1417, 1, 2, 22, 35, 0
1417, 1, 0, 22, 36, 0
1417, 0, 0, 22, 37, 0
1417, 0, 0, 22, 38, 0
1417, 1, 3, 22, 39, 0
1417, 1, 1, 22, 40, 0
1417, 0, 2, 22, 41, 0
1417, 0, 2, 22, 42, 0
1417, 0, 2, 22, 43, 0
1417, 9, 1, 22, 44, 0
1417, 9, 2, 22, 48, 0
1417, 1, 2, 22, 49, 0
1417, 1, 1, 22, 51, 0
1417, 0, 2, 22, 52, 0
1417, 0, 2, 22, 53, 0
1417, 1, 2, 22, 54, 0
1417, 1, 1, 22, 59, 0
1417, 0, 2, 22, 60, 0
1417, 1, 2, 22, 61, 0
1417, 0, 2, 23, 31, 0
1417, 0, 2, 23, 32, 0
1417, 9, 2, 23, 35, 0
1417, 1, 2, 23, 36, 0
1417, 1, 1, 23, 39, 0
1417, 9, 1, 23, 40, 0
1417, 9, 2, 23, 49, 0
1417, 0, 2, 23, 50, 0
1417, 9, 1, 23, 51, 0
1417, 9, 2, 23, 54, 0
1417, 0, 2, 23, 55, 0
1417, 1, 2, 23, 56, 0
1417, 1, 1, 23, 58, 0
1417, 9, 1, 23, 59, 0
1417, 9, 2, 23, 61, 0
1417, 0, 2, 23, 62, 0
1417, 9, 1, 23, 63, 0
1417, 9, 2, 24, 36, 0
1417, 0, 2, 24, 37, 0
1417, 0, 2, 24, 38, 0
1417, 9, 1, 24, 39, 0
1417, 9, 2, 24, 56, 0
1417, 0, 2, 24, 57, 0
1417, 9, 1, 24, 58, 0
1428, 9, 1, 23, 33, 0
1434, 10, 0, 0, 0, 0
1434, 10, 0, 0, 1, 0
1434, 10, 0, 0, 2, 0
1434, 10, 0, 0, 3, 0
1434, 10, 0, 0, 4, 0
1434, 10, 0, 0, 5, 0
1434, 10, 0, 0, 6, 0
1434, 10, 0, 0, 7, 0
1434, 10, 0, 0, 8, 0
1434, 10, 0, 0, 9, 0
1434, 10, 0, 0, 10, 0
1434, 10, 0, 0, 19, 0
1434, 10, 0, 0, 20, 0
1434, 10, 0, 0, 21, 0
1434, 10, 0, 0, 22, 0
1434, 10, 0, 0, 23, 0
1434, 10, 0, 0, 24, 0
1434, 10, 0, 0, 25, 0
1434, 10, 0, 0, 26, 0
1434, 10, 0, 0, 27, 0
1434, 10, 0, 0, 28, 0
1434, 10, 0, 0, 29, 0
1434, 10, 0, 0, 30, 0
1434, 10, 0, 0, 31, 0
1434, 10, 0, 0, 32, 0
1434, 10, 0, 0, 33, 0
1434, 10, 0, 0, 34, 0
1434, 10, 0, 0, 35, 0
1434, 10, 0, 0, 36, 0
1434, 10, 0, 0, 37, 0
1434, 10, 0, 0, 38, 0
1434, 10, 0, 0, 39, 0
1434, 10, 0, 0, 40, 0
1434, 10, 0, 0, 46, 0
1434, 10, 0, 0, 47, 0
1434, 10, 0, 0, 48, 0
1434, 10, 0, 0, 49, 0
1434, 10, 0, 0, 50, 0
1434, 10, 0, 0, 51, 0
1434, 10, 0, 0, 52, 0
1434, 10, 0, 0, 53, 0
1434, 10, 0, 0, 54, 0
1434, 10, 0, 0, 55, 0
1434, 10, 0, 0, 61, 0
1434, 10, 0, 0, 62, 0
1434, 10, 0, 0, 63, 0
1434, 10, 0, 1, 0, 0
1434, 10, 0, 1, 1, 0
1434, 10, 0, 1, 2, 0
1434, 10, 0, 1, 3, 0
1434, 10, 0, 1, 4, 0
1434, 10, 0, 1, 5, 0
1434, 10, 0, 1, 6, 0
1434, 10, 0, 1, 7, 0
1434, 10, 0, 1, 8, 0
1434, 10, 0, 1, 9, 0
1434, 10, 0, 1, 10, 0
1434, 10, 0, 1, 19, 0
1434, 10, 0, 1, 20, 0
1434, 10, 0, 1, 21, 0
1434, 10, 0, 1, 22, 0
1434, 10, 0, 1, 23, 0
1434, 10, 0, 1, 24, 0
1434, 10, 0, 1, 25, 0
1434, 10, 0, 1, 26, 0
1434, 10, 0, 1, 27, 0
1434, 10, 0, 1, 28, 0
1434, 10, 0, 1, 29, 0
1434, 10, 0, 1, 30, 0
1434, 10, 0, 1, 31, 0
1434, 10, 0, 1, 32, 0
1434, 10, 0, 1, 33, 0
1434, 10, 0, 1, 34, 0
1434, 10, 0, 1, 35, 0
1434, 10, 0, 1, 36, 0
1434, 10, 0, 1, 37, 0
1434, 10, 0, 1, 38, 0
1434, 10, 0, 1, 39, 0
1434, 10, 0, 1, 40, 0
1434, 10, 0, 1, 46, 0
1434, 10, 0, 1, 47, 0
1434, 10, 0, 1, 48, 0
1434, 10, 0, 1, 49, 0
1434, 10, 0, 1, 50, 0
1434, 10, 0, 1, 51, 0
1434, 10, 0, 1, 52, 0
1434, 10, 0, 1, 53, 0
1434, 10, 0, 1, 54, 0
1434, 10, 0, 1, 55, 0
1434, 10, 0, 1, 61, 0
1434, 10, 0, 1, 62, 0
1434, 10, 0, 1, 63, 0
1434, 10, 0, 2, 0, 0
1434, 10, 0, 2, 1, 0
1434, 10, 0, 2, 2, 0
1434, 10, 0, 2, 3, 0
1434, 10, 0, 2, 4, 0
1434, 10, 0, 2, 5, 0
1434, 10, 0, 2, 6, 0
1434, 10, 0, 2, 7, 0
1434, 10, 0, 2, 8, 0
1434, 10, 0, 2, 9, 0
1434, 10, 0, 2, 10, 0
1434, 10, 0, 2, 19, 0
1434, 10, 0, 2, 20, 0
1434, 10, 0, 2, 21, 0
1434, 10, 0, 2, 22, 0
1434, 10, 0, 2, 23, 0
1434, 10, 0, 2, 24, 0
1434, 10, 0, 2, 25, 0
1434, 10, 0, 2, 26, 0
1434, 10, 0, 2, 27, 0
1434, 10, 0, 2, 28, 0
1434, 10, 0, 2, 29, 0
1434, 10, 0, 2, 30, 0
1434, 10, 0, 2, 31, 0
1434, 10, 0, 2, 32, 0
1434, 10, 0, 2, 33, 0
1434, 10, 0, 2, 34, 0
1434, 10, 0, 2, 35, 0
1434, 10, 0, 2, 36, 0
1434, 10, 0, 2, 37, 0
1434, 10, 0, 2, 38, 0
1434, 10, 0, 2, 39, 0
1434, 10, 0, 2, 40, 0
1434, 10, 0, 2, 46, 0
1434, 10, 0, 2, 47, 0
1434, 10, 0, 2, 48, 0
1434, 10, 0, 2, 49, 0
1434, 10, 0, 2, 50, 0
1434, 10, 0, 2, 51, 0
1434, 10, 1, 2, 52, 0
1434, 10, 0, 2, 53, 0
1434, 10, 0, 2, 54, 0
1434, 10, 0, 2, 55, 0
1434, 10, 0, 2, 61, 0
1434, 10, 0, 2, 62, 0
1434, 10, 0, 2, 63, 0
1434, 10, 1, 3, 0, 0
1434, 10, 1, 3, 1, 0
1434, 10, 1, 3, 2, 0
1434, 10, 1, 3, 3, 0
1434, 10, 0, 3, 4, 0
1434, 10, 0, 3, 5, 0
1434, 10, 0, 3, 6, 0
1434, 10, 0, 3, 7, 0
1434, 10, 0, 3, 8, 0
1434, 10, 0, 3, 9, 0
1434, 10, 0, 3, 10, 0
1434, 10, 0, 3, 19, 0
1434, 10, 0, 3, 20, 0
1434, 10, 0, 3, 21, 0
1434, 10, 0, 3, 22, 0
1434, 10, 0, 3, 23, 0
1434, 10, 0, 3, 24, 0
1434, 10, 0, 3, 25, 0
1434, 10, 0, 3, 26, 0
1434, 10, 0, 3, 27, 0
1434, 10, 0, 3, 28, 0
1434, 10, 0, 3, 29, 0
1434, 10, 0, 3, 30, 0
1434, 10, 0, 3, 31, 0
1434, 10, 0, 3, 32, 0
1434, 10, 0, 3, 33, 0
1434, 10, 0, 3, 34, 0
1434, 10, 0, 3, 35, 0
1434, 10, 0, 3, 36, 0
1434, 10, 0, 3, 37, 0
1434, 10, 0, 3, 38, 0
1434, 10, 0, 3, 39, 0
1434, 10, 0, 3, 40, 0
1434, 10, 0, 3, 46, 0
1434, 10, 0, 3, 47, 0
1434, 10, 0, 3, 48, 0
1434, 10, 0, 3, 49, 0
1434, 10, 0, 3, 50, 0
1434, 10, 0, 3, 51, 0
1434, 10, 1, 3, 52, 0
1434, 10, 0, 3, 53, 0
1434, 10, 0, 3, 54, 0
1434, 10, 0, 3, 55, 0
1434, 10, 0, 3, 61, 0
1434, 10, 0, 3, 62, 0
1434, 10, 0, 3, 63, 0
1434, 10, 1, 4, 0, 0
1434, 10, 1, 4, 1, 0
1434, 10, 1, 4, 2, 0
1434, 10, 1, 4, 3, 0
1434, 10, 0, 4, 4, 0
1434, 10, 0, 4, 5, 0
1434, 10, 0, 4, 6, 0
1434, 10, 0, 4, 7, 0
1434, 10, 0, 4, 8, 0
1434, 10, 0, 4, 9, 0
1434, 10, 0, 4, 10, 0
1434, 10, 0, 4, 19, 0
1434, 10, 0, 4, 20, 0
1434, 10, 0, 4, 21, 0
1434, 10, 0, 4, 22, 0
1434, 10, 0, 4, 23, 0
1434, 10, 0, 4, 24, 0
1434, 10, 0, 4, 25, 0
1434, 10, 0, 4, 26, 0
1434, 10, 0, 4, 27, 0
1434, 10, 0, 4, 28, 0
1434, 10, 0, 4, 29, 0
1434, 10, 0, 4, 30, 0
1434, 10, 0, 4, 31, 0
1434, 10, 0, 4, 32, 0
1434, 10, 0, 4, 33, 0
1434, 10, 0, 4, 34, 0
1434, 10, 0, 4, 35, 0
1434, 10, 0, 4, 36, 0
1434, 10, 0, 4, 37, 0
1434, 10, 0, 4, 38, 0
1434, 10, 0, 4, 39, 0
1434, 10, 0, 4, 40, 0
1434, 10, 0, 4, 46, 0
1434, 10, 0, 4, 47, 0
1434, 10, 0, 4, 48, 0
1434, 10, 0, 4, 49, 0
1434, 10, 0, 4, 50, 0
1434, 10, 0, 4, 51, 0
1434, 10, 0, 4, 52, 0
1434, 10, 0, 4, 53, 0
1434, 10, 0, 4, 54, 0
1434, 10, 0, 4, 55, 0
1434, 10, 0, 4, 62, 0
1434, 10, 0, 4, 63, 0
1434, 10, 1, 5, 0, 0
1434, 10, 1, 5, 1, 0
1434, 10, 1, 5, 2, 0
1434, 10, 1, 5, 3, 0
1434, 10, 1, 5, 4, 0
1434, 10, 1, 5, 5, 0
1434, 10, 0, 5, 6, 0
1434, 10, 0, 5, 7, 0
1434, 10, 0, 5, 8, 0
1434, 10, 0, 5, 9, 0
1434, 10, 0, 5, 10, 0
1434, 10, 0, 5, 18, 0
1434, 10, 0, 5, 19, 0
1434, 10, 0, 5, 20, 0
1434, 10, 0, 5, 21, 0
1434, 10, 0, 5, 22, 0
1434, 10, 0, 5, 23, 0
1434, 10, 0, 5, 24, 0
1434, 10, 0, 5, 25, 0
1434, 10, 0, 5, 26, 0
1434, 10, 0, 5, 27, 0
1434, 10, 0, 5, 28, 0
1434, 10, 0, 5, 29, 0
1434, 10, 0, 5, 30, 0
1434, 10, 0, 5, 31, 0
1434, 10, 0, 5, 32, 0
1434, 10, 0, 5, 33, 0
1434, 10, 0, 5, 34, 0
1434, 10, 0, 5, 35, 0
1434, 10, 0, 5, 36, 0
1434, 10, 0, 5, 37, 0
1434, 10, 0, 5, 38, 0
1434, 10, 0, 5, 39, 0
1434, 10, 0, 5, 40, 0
1434, 10, 0, 5, 46, 0
1434, 10, 0, 5, 47, 0
1434, 10, 0, 5, 48, 0
1434, 10, 0, 5, 49, 0
1434, 10, 0, 5, 50, 0
1434, 10, 0, 5, 51, 0
1434, 10, 0, 5, 52, 0
1434, 10, 0, 5, 53, 0
1434, 10, 0, 5, 54, 0
1434, 10, 0, 5, 55, 0
1434, 10, 0, 5, 62, 0
1434, 10, 0, 5, 63, 0
1434, 10, 1, 6, 0, 0
1434, 10, 1, 6, 1, 0
1434, 10, 1, 6, 2, 0
1434, 10, 1, 6, 3, 0
1434, 10, 1, 6, 4, 0
1434, 10, 1, 6, 5, 0
1434, 10, 1, 6, 6, 0
1434, 10, 0, 6, 7, 0
1434, 10, 0, 6, 8, 0
1434, 10, 0, 6, 9, 0
1434, 10, 0, 6, 10, 0
1434, 10, 0, 6, 11, 0
1434, 10, 0, 6, 17, 0
1434, 10, 0, 6, 18, 0
1434, 10, 0, 6, 19, 0
1434, 10, 0, 6, 20, 0
1434, 10, 0, 6, 21, 0
1434, 10, 0, 6, 22, 0
1434, 10, 0, 6, 23, 0
1434, 10, 0, 6, 24, 0
1434, 10, 0, 6, 25, 0
1434, 10, 0, 6, 26, 0
1434, 10, 0, 6, 27, 0
1434, 10, 0, 6, 28, 0
1434, 10, 0, 6, 29, 0
1434, 10, 0, 6, 30, 0
1434, 10, 0, 6, 31, 0
1434, 10, 0, 6, 32, 0
1434, 10, 0, 6, 33, 0
1434, 10, 0, 6, 34, 0
1434, 10, 0, 6, 35, 0
1434, 10, 0, 6, 36, 0
1434, 10, 0, 6, 37, 0
1434, 10, 0, 6, 38, 0
1434, 10, 0, 6, 39, 0
1434, 10, 0, 6, 40, 0
1434, 10, 0, 6, 46, 0
1434, 10, 0, 6, 47, 0
1434, 10, 0, 6, 48, 0
1434, 10, 0, 6, 49, 0
1434, 10, 0, 6, 50, 0
1434, 10, 0, 6, 51, 0
1434, 10, 0, 6, 52, 0
1434, 10, 0, 6, 53, 0
1434, 10, 0, 6, 54, 0
1434, 10, 0, 6, 55, 0
1434, 10, 0, 6, 62, 0
1434, 10, 0, 6, 63, 0
1434, 10, 1, 7, 0, 0
1434, 10, 1, 7, 1, 0
1434, 10, 1, 7, 2, 0
1434, 10, 1, 7, 3, 0
1434, 10, 1, 7, 4, 0
1434, 10, 1, 7, 5, 0
1434, 10, 1, 7, 6, 0
1434, 10, 1, 7, 7, 0
1434, 10, 0, 7, 8, 0
1434, 10, 0, 7, 9, 0
1434, 10, 0, 7, 10, 0
1434, 10, 0, 7, 11, 0
1434, 10, 0, 7, 12, 0
1434, 10, 0, 7, 13, 0
1434, 10, 0, 7, 14, 0
1434, 10, 0, 7, 15, 0
1434, 10, 0, 7, 16, 0
1434, 10, 0, 7, 17, 0
1434, 10, 0, 7, 18, 0
1434, 10, 0, 7, 19, 0
1434, 10, 0, 7, 20, 0
1434, 10, 0, 7, 21, 0
1434, 10, 0, 7, 22, 0
1434, 10, 0, 7, 23, 0
1434, 10, 0, 7, 24, 0
1434, 10, 0, 7, 25, 0
1434, 10, 0, 7, 26, 0
1434, 10, 0, 7, 27, 0
1434, 10, 0, 7, 28, 0
1434, 10, 0, 7, 29, 0
1434, 10, 0, 7, 30, 0
1434, 10, 0, 7, 31, 0
1434, 10, 0, 7, 32, 0
1434, 10, 0, 7, 33, 0
1434, 10, 0, 7, 34, 0
1434, 10, 0, 7, 35, 0
1434, 10, 0, 7, 36, 0
1434, 10, 0, 7, 37, 0
1434, 10, 0, 7, 38, 0
1434, 10, 0, 7, 39, 0
1434, 10, 0, 7, 40, 0
1434, 10, 0, 7, 47, 0
1434, 10, 0, 7, 48, 0
1434, 10, 0, 7, 49, 0
1434, 10, 0, 7, 50, 0
1434, 10, 0, 7, 51, 0
1434, 10, 0, 7, 52, 0
1434, 10, 0, 7, 53, 0
1434, 10, 0, 7, 54, 0
1434, 10, 0, 7, 55, 0
1434, 10, 0, 7, 62, 0
1434, 10, 0, 7, 63, 0
1434, 10, 1, 8, 0, 0
1434, 10, 1, 8, 1, 0
1434, 10, 1, 8, 2, 0
1434, 10, 1, 8, 3, 0
1434, 10, 1, 8, 4, 0
1434, 10, 1, 8, 5, 0
1434, 10, 1, 8, 6, 0
1434, 10, 1, 8, 7, 0
1434, 10, 1, 8, 8, 0
1434, 10, 0, 8, 9, 0
1434, 10, 0, 8, 10, 0
1434, 10, 0, 8, 11, 0
1434, 10, 0, 8, 12, 0
1434, 10, 0, 8, 13, 0
1434, 10, 0, 8, 14, 0
1434, 10, 0, 8, 15, 0
1434, 10, 0, 8, 16, 0
1434, 10, 0, 8, 17, 0
1434, 10, 0, 8, 18, 0
1434, 10, 0, 8, 19, 0
1434, 10, 0, 8, 20, 0
1434, 10, 0, 8, 21, 0
1434, 10, 0, 8, 22, 0
1434, 10, 0, 8, 23, 0
1434, 10, 0, 8, 24, 0
1434, 10, 0, 8, 25, 0
1434, 10, 0, 8, 26, 0
1434, 10, 0, 8, 27, 0
1434, 10, 0, 8, 28, 0
1434, 10, 0, 8, 29, 0
1434, 10, 0, 8, 30, 0
1434, 10, 0, 8, 31, 0
1434, 10, 0, 8, 32, 0
1434, 10, 0, 8, 33, 0
1434, 10, 0, 8, 34, 0
1434, 10, 0, 8, 35, 0
1434, 10, 0, 8, 36, 0
1434, 10, 0, 8, 37, 0
1434, 10, 0, 8, 38, 0
1434, 10, 0, 8, 39, 0
1434, 10, 0, 8, 40, 0
1434, 10, 0, 8, 48, 0
1434, 10, 0, 8, 49, 0
1434, 10, 0, 8, 50, 0
1434, 10, 0, 8, 51, 0
1434, 10, 0, 8, 52, 0
1434, 10, 0, 8, 53, 0
1434, 10, 0, 8, 54, 0
1434, 10, 0, 8, 55, 0
1434, 10, 0, 8, 61, 0
1434, 10, 0, 8, 62, 0
1434, 10, 0, 8, 63, 0
1434, 10, 1, 9, 0, 0
1434, 10, 1, 9, 1, 0
1434, 10, 1, 9, 2, 0
1434, 10, 1, 9, 3, 0
1434, 10, 1, 9, 4, 0
1434, 10, 1, 9, 5, 0
1434, 10, 1, 9, 6, 0
1434, 10, 1, 9, 7, 0
1434, 10, 1, 9, 8, 0
1434, 10, 1, 9, 9, 0
1434, 10, 0, 9, 10, 0
1434, 10, 0, 9, 11, 0
1434, 10, 0, 9, 12, 0
1434, 10, 0, 9, 13, 0
1434, 10, 0, 9, 14, 0
1434, 10, 0, 9, 15, 0
1434, 10, 0, 9, 16, 0
1434, 10, 0, 9, 17, 0
1434, 10, 0, 9, 18, 0
1434, 10, 0, 9, 19, 0
1434, 10, 0, 9, 20, 0
1434, 10, 0, 9, 21, 0
1434, 10, 0, 9, 22, 0
1434, 10, 0, 9, 23, 0
1434, 10, 0, 9, 24, 0
1434, 10, 0, 9, 25, 0
1434, 10, 0, 9, 26, 0
1434, 10, 0, 9, 27, 0
1434, 10, 0, 9, 28, 0
1434, 10, 0, 9, 29, 0
1434, 10, 0, 9, 30, 0
1434, 10, 0, 9, 31, 0
1434, 10, 0, 9, 32, 0
1434, 10, 0, 9, 33, 0
1434, 10, 0, 9, 34, 0
1434, 10, 0, 9, 35, 0
1434, 10, 0, 9, 36, 0
1434, 10, 0, 9, 37, 0
1434, 10, 0, 9, 38, 0
1434, 10, 0, 9, 39, 0
1434, 10, 0, 9, 49, 0
1434, 10, 0, 9, 50, 0
1434, 10, 0, 9, 51, 0
1434, 10, 0, 9, 52, 0
1434, 10, 0, 9, 53, 0
1434, 10, 2, 9, 54, 0
1434, 10, 0, 9, 61, 0
1434, 10, 0, 9, 62, 0
1434, 10, 0, 9, 63, 0
1434, 10, 1, 10, 23, 0
1434, 10, 0, 10, 24, 0
1434, 10, 0, 10, 25, 0
1434, 10, 0, 10, 26, 0
1434, 10, 0, 10, 27, 0
1434, 10, 0, 10, 28, 0
1434, 10, 0, 10, 29, 0
1434, 10, 0, 10, 30, 0
1434, 10, 0, 10, 31, 0
1434, 10, 0, 10, 32, 0
1434, 10, 0, 10, 33, 0
1434, 10, 0, 10, 34, 0
1434, 10, 0, 10, 35, 0
1434, 10, 0, 10, 36, 0
1434, 10, 0, 10, 37, 0
1434, 10, 0, 10, 38, 0
1434, 10, 0, 10, 50, 0
1434, 10, 0, 10, 51, 0
1434, 10, 0, 10, 52, 0
1434, 10, 0, 10, 53, 0
1434, 10, 0, 10, 61, 0
1434, 10, 0, 10, 62, 0
1434, 10, 0, 10, 63, 0
1434, 10, 1, 11, 26, 0
1434, 10, 0, 11, 27, 0
1434, 10, 0, 11, 28, 0
1434, 10, 0, 11, 29, 0
1434, 10, 0, 11, 30, 0
1434, 10, 0, 11, 31, 0
1434, 10, 0, 11, 32, 0
1434, 10, 0, 11, 33, 0
1434, 10, 0, 11, 34, 0
1434, 10, 0, 11, 35, 0
1434, 10, 0, 11, 36, 0
1434, 10, 0, 11, 37, 0
1434, 10, 0, 11, 50, 0
1434, 10, 0, 11, 51, 0
1434, 10, 0, 11, 52, 0
1434, 10, 0, 11, 61, 0
1434, 10, 0, 11, 62, 0
1434, 10, 0, 11, 63, 0
1434, 10, 0, 12, 27, 0
1434, 10, 0, 12, 28, 0
1434, 10, 0, 12, 29, 0
1434, 10, 0, 12, 30, 0
1434, 10, 0, 12, 31, 0
1434, 10, 0, 12, 32, 0
1434, 10, 0, 12, 33, 0
1434, 10, 0, 12, 34, 0
1434, 10, 0, 12, 35, 0
1434, 10, 0, 12, 36, 0
1434, 10, 0, 12, 50, 0
1434, 10, 0, 12, 51, 0
1434, 10, 0, 12, 60, 0
1434, 10, 0, 12, 61, 0
1434, 10, 0, 12, 62, 0
1434, 10, 0, 12, 63, 0
1434, 10, 1, 13, 27, 0
1434, 10, 0, 13, 28, 0
1434, 10, 0, 13, 29, 0
1434, 10, 0, 13, 30, 0
1434, 10, 0, 13, 31, 0
1434, 10, 0, 13, 32, 0
1434, 10, 0, 13, 33, 0
1434, 10, 0, 13, 34, 0
1434, 10, 0, 13, 35, 0
1434, 10, 0, 13, 60, 0
1434, 10, 0, 13, 61, 0
1434, 10, 0, 13, 62, 0
1434, 10, 0, 13, 63, 0
1434, 10, 0, 14, 27, 0
1434, 10, 0, 14, 28, 0
1434, 10, 0, 14, 29, 0
1434, 10, 0, 14, 30, 0
1434, 10, 0, 14, 31, 0
1434, 10, 0, 14, 32, 0
1434, 10, 0, 14, 33, 0
1434, 10, 0, 14, 34, 0
1434, 10, 0, 14, 61, 0
1434, 10, 0, 14, 62, 0
1434, 10, 0, 14, 63, 0
1434, 10, 0, 15, 27, 0
1434, 10, 0, 15, 28, 0
1434, 10, 0, 15, 29, 0
1434, 10, 0, 15, 30, 0
1434, 10, 0, 15, 31, 0
1434, 10, 0, 15, 32, 0
1434, 10, 0, 15, 33, 0
1434, 10, 0, 15, 61, 0
1434, 10, 0, 15, 62, 0
1434, 10, 0, 15, 63, 0
1434, 10, 0, 16, 27, 0
1434, 10, 0, 16, 28, 0
1434, 10, 0, 16, 29, 0
1434, 10, 0, 16, 30, 0
1434, 10, 0, 16, 31, 0
1434, 10, 0, 16, 32, 0
1434, 10, 0, 16, 33, 0
1434, 10, 0, 16, 61, 0
1434, 10, 0, 16, 62, 0
1434, 10, 0, 16, 63, 0
1434, 10, 0, 17, 27, 0
1434, 10, 0, 17, 28, 0
1434, 10, 0, 17, 29, 0
1434, 10, 0, 17, 30, 0
1434, 10, 0, 17, 31, 0
1434, 10, 0, 17, 32, 0
1434, 10, 0, 17, 33, 0
1434, 10, 0, 17, 60, 0
1434, 10, 0, 17, 61, 0
1434, 10, 0, 17, 62, 0
1434, 10, 0, 17, 63, 0
1434, 10, 0, 18, 27, 0
1434, 10, 0, 18, 28, 0
1434, 10, 0, 18, 29, 0
1434, 10, 0, 18, 30, 0
1434, 10, 0, 18, 31, 0
1434, 10, 0, 18, 32, 0
1434, 10, 0, 18, 33, 0
1434, 10, 0, 18, 59, 0
1434, 10, 0, 18, 60, 0
1434, 10, 0, 18, 61, 0
1434, 10, 0, 18, 62, 0
1434, 10, 0, 18, 63, 0
1434, 10, 0, 19, 28, 0
1434, 10, 0, 19, 29, 0
1434, 10, 0, 19, 30, 0
1434, 10, 0, 19, 31, 0
1434, 10, 0, 19, 32, 0
1434, 10, 0, 19, 33, 0
1434, 10, 0, 19, 58, 0
1434, 10, 0, 19, 59, 0
1434, 10, 0, 19, 60, 0
1434, 10, 0, 19, 61, 0
1434, 10, 0, 19, 62, 0
1434, 10, 0, 19, 63, 0
1434, 10, 1, 20, 28, 0
1434, 10, 0, 20, 29, 0
1434, 10, 0, 20, 30, 0
1434, 10, 0, 20, 31, 0
1434, 10, 0, 20, 32, 0
1434, 10, 0, 20, 33, 0
1434, 10, 0, 20, 42, 0
1434, 10, 0, 20, 43, 0
1434, 10, 0, 20, 50, 0
1434, 10, 0, 20, 57, 0
1434, 10, 0, 20, 58, 0
1434, 10, 0, 20, 59, 0
1434, 10, 0, 20, 60, 0
1434, 10, 0, 20, 61, 0
1434, 10, 0, 20, 62, 0
1434, 10, 0, 20, 63, 0
1434, 10, 0, 21, 29, 0
1434, 10, 0, 21, 30, 0
1434, 10, 0, 21, 31, 0
1434, 10, 0, 21, 32, 0
1434, 10, 0, 21, 33, 0
1434, 10, 0, 21, 34, 0
1434, 10, 0, 21, 41, 0
1434, 10, 0, 21, 42, 0
1434, 10, 0, 21, 43, 0
1434, 10, 0, 21, 49, 0
1434, 10, 0, 21, 50, 0
1434, 10, 0, 21, 51, 0
1434, 10, 0, 21, 56, 0
1434, 10, 0, 21, 57, 0
1434, 10, 0, 21, 58, 0
1434, 10, 0, 21, 59, 0
1434, 10, 0, 21, 60, 0
1434, 10, 0, 21, 61, 0
1434, 10, 0, 21, 62, 0
1434, 10, 0, 21, 63, 0
1434, 10, 1, 22, 29, 0
1434, 10, 0, 22, 30, 0
1434, 10, 0, 22, 31, 0
1434, 10, 0, 22, 32, 0
1434, 10, 0, 22, 35, 0
1434, 10, 0, 22, 36, 0
1434, 10, 0, 22, 50, 0
1434, 10, 0, 22, 55, 0
1434, 10, 0, 22, 56, 0
1434, 10, 0, 22, 57, 0
1434, 10, 0, 22, 58, 0
1434, 10, 1, 22, 62, 0
1434, 10, 1, 22, 63, 0
1434, 10, 0, 23, 37, 0
1434, 10, 0, 23, 38, 0
1434, 10, 0, 23, 57, 0
1435, 10, 3, 3, 61, 1
1435, 10, 0, 5, 18, 1
1435, 10, 1, 6, 11, 1
1435, 10, 0, 6, 17, 1
1435, 10, 3, 6, 46, 1
1435, 10, 3, 7, 47, 1
1435, 10, 2, 8, 40, 1
1435, 10, 3, 8, 48, 1
1435, 10, 2, 8, 55, 1
1435, 10, 0, 8, 61, 1
1435, 10, 2, 9, 39, 1
1435, 10, 3, 9, 49, 1
1435, 10, 2, 9, 54, 1
1435, 10, 2, 10, 38, 1
1435, 10, 2, 10, 53, 1
1435, 10, 2, 11, 37, 1
1435, 10, 3, 11, 50, 1
1435, 10, 2, 11, 52, 1
1435, 10, 2, 12, 36, 1
1435, 10, 2, 13, 35, 1
1435, 10, 2, 14, 34, 1
1435, 10, 0, 17, 60, 1
1435, 10, 0, 18, 59, 1
1435, 10, 0, 19, 58, 1
1435, 10, 0, 20, 57, 1
1435, 10, 2, 21, 33, 1
1435, 10, 0, 21, 56, 1
1435, 10, 3, 22, 56, 1
1435, 10, 2, 22, 58, 1
1435, 10, 3, 22, 62, 1
1436, 10, 1, 10, 22, 0
1436, 10, 1, 11, 25, 0
1436, 10, 1, 12, 26, 0
1436, 10, 1, 19, 27, 0
1436, 10, 1, 21, 28, 0
1444, 4, 0, 14, 51, 0
1444, 7, 3, 17, 58, 0
1444, 4, 2, 18, 42, 0
1444, 4, 2, 18, 50, 0
1444, 4, 3, 19, 35, 0
1444, 7, 3, 20, 48, 0
1444, 4, 2, 20, 53, 0
1444, 4, 3, 21, 45, 0
1444, 4, 0, 23, 34, 0
1444, 4, 0, 24, 50, 0
1444, 4, 0, 25, 38, 0
1444, 7, 3, 28, 50, 0
1444, 7, 3, 49, 58, 0
1444, 4, 2, 59, 45, 0
1444, 4, 2, 60, 41, 0
1445, 4, 3, 18, 35, 0
1445, 7, 3, 19, 49, 0
1445, 7, 3, 19, 56, 0
1445, 7, 0, 20, 35, 0
1445, 7, 3, 20, 40, 0
1445, 7, 0, 20, 52, 0
1445, 4, 2, 21, 38, 0
1445, 4, 1, 21, 47, 0
1445, 4, 2, 27, 52, 0
1445, 4, 2, 28, 57, 0
1445, 4, 2, 50, 56, 0
1445, 7, 3, 51, 53, 0
1445, 7, 3, 58, 50, 0
1445, 4, 2, 59, 47, 0
1445, 4, 2, 60, 42, 0
1446, 4, 0, 14, 50, 0
1446, 4, 1, 15, 59, 0
1446, 7, 3, 18, 57, 0
1446, 7, 3, 19, 41, 0
1446, 7, 0, 19, 43, 0
1446, 7, 0, 19, 51, 0
1446, 4, 2, 20, 54, 0
1446, 7, 0, 21, 36, 0
1446, 4, 2, 21, 37, 0
1446, 7, 3, 21, 39, 0
1446, 4, 2, 27, 51, 0
1446, 4, 2, 28, 54, 0
1446, 4, 2, 28, 56, 0
1446, 4, 2, 50, 55, 0
1446, 7, 3, 50, 57, 0
1446, 4, 2, 55, 31, 0
1446, 7, 3, 56, 52, 0
1446, 7, 3, 57, 51, 0
1446, 4, 2, 58, 35, 0
1446, 4, 2, 58, 36, 0
1446, 4, 2, 59, 46, 0
1446, 7, 3, 59, 49, 0
1446, 4, 2, 60, 43, 0
1447, 7, 3, 16, 59, 0
1447, 7, 0, 20, 44, 0
1447, 7, 3, 20, 55, 0
1447, 4, 2, 28, 55, 0
1447, 4, 2, 50, 54, 0
1447, 4, 2, 58, 37, 0
1447, 4, 2, 59, 48, 0
1447, 4, 2, 60, 40, 0
1447, 7, 3, 60, 44, 0
1452, 4, 1, 0, 17, 0
1452, 4, 1, 2, 59, 0
1452, 4, 1, 3, 44, 0
1452, 4, 1, 5, 44, 0
1452, 4, 1, 6, 60, 0
1452, 7, 3, 7, 60, 0
1452, 4, 1, 9, 59, 0
1452, 7, 3, 11, 59, 0
1452, 4, 1, 12, 48, 0
1453, 7, 3, 5, 16, 0
1454, 4, 1, 1, 17, 0
1454, 4, 1, 1, 44, 0
1454, 4, 1, 1, 59, 0
1454, 4, 1, 4, 44, 0
1454, 4, 2, 5, 13, 0
1454, 4, 1, 5, 60, 0
1454, 4, 1, 10, 59, 0
1455, 4, 1, 0, 44, 0
1455, 4, 1, 2, 17, 0
1455, 4, 1, 3, 59, 0
1455, 7, 3, 4, 17, 0
1455, 4, 2, 5, 14, 0
1455, 4, 1, 8, 59, 0
1455, 4, 1, 11, 48, 0
1755, 10, 1, 0, 14, 0
2110, 10, 0, 51, 28, 0
2741, 22, 0, 42, 32, 0
2741, 22, 0, 56, 46, 0
10583, 10, 0, 41, 30, 0
10583, 10, 0, 59, 46, 0
10584, 10, 0, 59, 45, 0
10588, 1, 1, 14, 9, 0
10588, 0, 2, 14, 10, 0
10588, 1, 2, 14, 11, 0
10588, 1, 1, 15, 5, 0
10588, 0, 2, 15, 6, 0
10588, 0, 2, 15, 7, 0
10588, 0, 2, 15, 8, 0
10588, 9, 1, 15, 9, 0
10588, 9, 2, 15, 11, 0
10588, 1, 2, 15, 12, 0
10588, 1, 1, 15, 16, 0
10588, 0, 2, 15, 17, 0
10588, 0, 2, 15, 18, 0
10588, 0, 2, 15, 19, 0
10588, 1, 2, 15, 20, 0
10588, 1, 1, 16, 4, 0
10588, 9, 1, 16, 5, 0
10588, 0, 3, 16, 12, 0
10588, 1, 1, 16, 15, 0
10588, 9, 1, 16, 16, 0
10588, 9, 2, 16, 20, 0
10588, 1, 2, 16, 21, 0
10588, 0, 1, 17, 4, 0
10588, 0, 3, 17, 12, 0
10588, 1, 1, 17, 14, 0
10588, 9, 1, 17, 15, 0
10588, 9, 2, 17, 21, 0
10588, 1, 2, 17, 22, 0
10588, 1, 0, 18, 4, 0
10588, 9, 0, 18, 5, 0
10588, 9, 2, 18, 12, 0
10588, 0, 2, 18, 13, 0
10588, 9, 1, 18, 14, 0
10588, 9, 2, 18, 22, 0
10588, 1, 2, 18, 23, 0
10588, 0, 1, 19, 5, 0
10588, 0, 3, 19, 23, 0
10588, 0, 1, 20, 5, 0
10588, 9, 3, 20, 22, 0
10588, 1, 3, 20, 23, 0
10588, 0, 1, 21, 5, 0
10588, 9, 3, 21, 21, 0
10588, 1, 3, 21, 22, 0
10588, 1, 1, 22, 4, 0
10588, 9, 1, 22, 5, 0
10588, 0, 3, 22, 21, 0
10588, 1, 1, 23, 3, 0
10588, 9, 1, 23, 4, 0
10588, 9, 2, 23, 21, 0
10588, 1, 2, 23, 22, 0
10588, 1, 1, 23, 30, 0
10588, 1, 1, 24, 2, 0
10588, 9, 1, 24, 3, 0
10588, 9, 2, 24, 22, 0
10588, 1, 2, 24, 23, 0
10588, 1, 1, 24, 29, 0
10588, 9, 1, 24, 30, 0
10588, 1, 1, 25, 1, 0
10588, 9, 1, 25, 2, 0
10588, 0, 3, 25, 23, 0
10588, 1, 1, 25, 28, 0
10588, 9, 1, 25, 29, 0
10588, 0, 1, 26, 1, 0
10588, 0, 3, 26, 23, 0
10588, 0, 1, 26, 28, 0
10588, 0, 1, 27, 1, 0
10588, 0, 3, 27, 23, 0
10588, 1, 0, 27, 28, 0
10588, 9, 0, 27, 29, 0
10588, 9, 3, 27, 61, 0
10588, 0, 0, 27, 62, 0
10588, 0, 0, 27, 63, 0
10588, 0, 1, 28, 1, 0
10588, 0, 3, 28, 23, 0
10588, 1, 0, 28, 29, 0
10588, 9, 0, 28, 30, 0
10588, 9, 3, 28, 50, 0
10588, 0, 0, 28, 51, 0
10588, 0, 0, 28, 52, 0
10588, 9, 0, 28, 53, 0
10588, 0, 3, 28, 61, 0
10588, 0, 1, 29, 1, 0
10588, 9, 3, 29, 22, 0
10588, 1, 3, 29, 23, 0
10588, 1, 0, 29, 30, 0
10588, 0, 0, 29, 31, 0
10588, 9, 0, 29, 32, 0
10588, 9, 3, 29, 34, 0
10588, 0, 0, 29, 35, 0
10588, 0, 0, 29, 36, 0
10588, 9, 0, 29, 37, 0
10588, 0, 3, 29, 50, 0
10588, 1, 0, 29, 53, 0
10588, 0, 0, 29, 54, 0
10588, 0, 0, 29, 55, 0
10588, 0, 0, 29, 56, 0
10588, 0, 0, 29, 57, 0
10588, 9, 0, 29, 58, 0
10588, 9, 3, 29, 60, 0
10588, 1, 3, 29, 61, 0
10588, 1, 0, 30, 1, 0
10588, 9, 0, 30, 2, 0
10588, 9, 3, 30, 13, 0
10588, 0, 0, 30, 14, 0
10588, 0, 0, 30, 15, 0
10588, 9, 0, 30, 16, 0
10588, 9, 3, 30, 21, 0
10588, 1, 3, 30, 22, 0
10588, 1, 0, 30, 32, 0
10588, 0, 0, 30, 33, 0
10588, 1, 3, 30, 34, 0
10588, 0, 1, 30, 37, 0
10588, 9, 2, 30, 50, 0
10588, 0, 2, 30, 51, 0
10588, 1, 2, 30, 52, 0
10588, 1, 0, 30, 58, 0
10588, 0, 0, 30, 59, 0
10588, 1, 3, 30, 60, 0
10588, 0, 1, 31, 2, 0
10588, 0, 3, 31, 13, 0
10588, 1, 0, 31, 16, 0
10588, 9, 0, 31, 17, 0
10588, 9, 3, 31, 20, 0
10588, 1, 3, 31, 21, 0
10588, 1, 0, 31, 37, 0
10588, 9, 0, 31, 38, 0
10588, 9, 2, 31, 52, 0
10588, 0, 2, 31, 53, 0
10588, 1, 2, 31, 54, 0
10588, 1, 0, 32, 2, 0
10588, 9, 0, 32, 3, 0
10588, 9, 2, 32, 13, 0
10588, 1, 2, 32, 14, 0
10588, 1, 0, 32, 17, 0
10588, 0, 0, 32, 18, 0
10588, 0, 0, 32, 19, 0
10588, 1, 3, 32, 20, 0
10588, 0, 1, 32, 38, 0
10588, 9, 2, 32, 54, 0
10588, 1, 2, 32, 55, 0
10588, 0, 1, 33, 3, 0
10588, 0, 3, 33, 14, 0
10588, 1, 1, 33, 37, 0
10588, 9, 1, 33, 38, 0
10588, 9, 2, 33, 55, 0
10588, 1, 2, 33, 56, 0
10588, 0, 1, 34, 3, 0
10588, 0, 3, 34, 14, 0
10588, 1, 1, 34, 16, 0
10588, 0, 2, 34, 17, 0
10588, 0, 2, 34, 18, 0
10588, 0, 2, 34, 19, 0
10588, 0, 2, 34, 20, 0
10588, 1, 2, 34, 21, 0
10588, 0, 1, 34, 37, 0
10588, 9, 2, 34, 56, 0
10588, 0, 2, 34, 57, 0
10588, 1, 2, 34, 58, 0
10588, 1, 1, 35, 2, 0
10588, 9, 1, 35, 3, 0
10588, 9, 3, 35, 13, 0
10588, 1, 3, 35, 14, 0
10588, 1, 1, 35, 15, 0
10588, 9, 1, 35, 16, 0
10588, 9, 2, 35, 21, 0
10588, 1, 2, 35, 22, 0
10588, 1, 1, 35, 36, 0
10588, 9, 1, 35, 37, 0
10588, 9, 2, 35, 58, 0
10588, 1, 2, 35, 59, 0
10588, 0, 1, 36, 2, 0
10588, 9, 3, 36, 12, 0
10588, 1, 3, 36, 13, 0
10588, 1, 1, 36, 14, 0
10588, 9, 1, 36, 15, 0
10588, 9, 2, 36, 22, 0
10588, 1, 2, 36, 23, 0
10588, 1, 1, 36, 35, 0
10588, 9, 1, 36, 36, 0
10588, 9, 2, 36, 59, 0
10588, 1, 2, 36, 60, 0
10588, 0, 1, 37, 2, 0
10588, 0, 3, 37, 12, 0
10588, 0, 1, 37, 14, 0
10588, 0, 3, 37, 23, 0
10588, 1, 1, 37, 32, 0
10588, 0, 2, 37, 33, 0
10588, 0, 2, 37, 34, 0
10588, 9, 1, 37, 35, 0
10588, 9, 2, 37, 60, 0
10588, 1, 2, 37, 61, 0
10588, 0, 1, 38, 2, 0
10588, 0, 3, 38, 12, 0
10588, 0, 1, 38, 14, 0
10588, 9, 3, 38, 22, 0
10588, 1, 3, 38, 23, 0
10588, 1, 1, 38, 31, 0
10588, 9, 1, 38, 32, 0
10588, 0, 3, 38, 61, 0
10588, 0, 1, 39, 2, 0
10588, 9, 2, 39, 12, 0
10588, 0, 2, 39, 13, 0
10588, 9, 1, 39, 14, 0
10588, 9, 3, 39, 21, 0
10588, 1, 3, 39, 22, 0
10588, 1, 1, 39, 30, 0
10588, 9, 1, 39, 31, 0
10588, 0, 3, 39, 61, 0
10588, 1, 0, 40, 2, 0
10588, 9, 0, 40, 3, 0
10588, 0, 3, 40, 21, 0
10588, 1, 1, 40, 29, 0
10588, 9, 1, 40, 30, 0
10588, 0, 3, 40, 61, 0
10588, 1, 0, 41, 3, 0
10588, 0, 0, 41, 4, 0
10588, 9, 0, 41, 5, 0
10588, 9, 2, 41, 21, 0
10588, 1, 2, 41, 22, 0
10588, 1, 1, 41, 28, 0
10588, 9, 1, 41, 29, 0
10588, 0, 3, 41, 61, 0
10588, 0, 1, 42, 5, 0
10588, 0, 3, 42, 22, 0
10588, 1, 1, 42, 27, 0
10588, 9, 1, 42, 28, 0
10588, 0, 3, 42, 61, 0
10588, 0, 1, 43, 5, 0
10588, 0, 3, 43, 22, 0
10588, 0, 1, 43, 27, 0
10588, 0, 3, 43, 61, 0
10588, 1, 1, 44, 4, 0
10588, 9, 1, 44, 5, 0
10588, 9, 3, 44, 21, 0
10588, 1, 3, 44, 22, 0
10588, 0, 1, 44, 27, 0
10588, 0, 3, 44, 61, 0
10588, 1, 1, 45, 3, 0
10588, 9, 1, 45, 4, 0
10588, 9, 3, 45, 20, 0
10588, 1, 3, 45, 21, 0
10588, 1, 1, 45, 26, 0
10588, 9, 1, 45, 27, 0
10588, 0, 3, 45, 61, 0
10588, 1, 1, 46, 2, 0
10588, 9, 1, 46, 3, 0
10588, 9, 3, 46, 10, 0
10588, 0, 0, 46, 11, 0
10588, 0, 0, 46, 12, 0
10588, 9, 0, 46, 13, 0
10588, 0, 3, 46, 20, 0
10588, 1, 1, 46, 25, 0
10588, 9, 1, 46, 26, 0
10588, 9, 3, 46, 60, 0
10588, 1, 3, 46, 61, 0
10588, 0, 1, 47, 2, 0
10588, 9, 3, 47, 9, 0
10588, 1, 3, 47, 10, 0
10588, 1, 0, 47, 13, 0
10588, 9, 0, 47, 14, 0
10588, 9, 3, 47, 59, 0
10588, 1, 3, 47, 60, 0
10588, 1, 1, 48, 1, 0
10588, 9, 1, 48, 2, 0
10588, 0, 3, 48, 9, 0
10588, 0, 1, 48, 14, 0
10588, 0, 3, 48, 59, 0
10588, 0, 1, 49, 1, 0
10588, 0, 3, 49, 9, 0
10588, 0, 1, 49, 14, 0
10588, 9, 3, 49, 58, 0
10588, 1, 3, 49, 59, 0
10588, 0, 1, 50, 1, 0
10588, 9, 2, 50, 9, 0
10588, 1, 2, 50, 10, 0
10588, 1, 1, 50, 13, 0
10588, 9, 1, 50, 14, 0
10588, 0, 3, 50, 20, 0
10588, 1, 0, 50, 25, 0
10588, 9, 0, 50, 26, 0
10588, 9, 3, 50, 57, 0
10588, 1, 3, 50, 58, 0
10588, 0, 1, 51, 1, 0
10588, 9, 2, 51, 10, 0
10588, 0, 2, 51, 11, 0
10588, 0, 2, 51, 12, 0
10588, 9, 1, 51, 13, 0
10588, 9, 2, 51, 20, 0
10588, 1, 2, 51, 21, 0
10588, 1, 0, 51, 26, 0
10588, 9, 0, 51, 27, 0
10588, 9, 3, 51, 53, 0
10588, 0, 0, 51, 54, 0
10588, 0, 0, 51, 55, 0
10588, 0, 0, 51, 56, 0
10588, 1, 3, 51, 57, 0
10588, 0, 1, 52, 1, 0
10588, 0, 3, 52, 21, 0
10588, 1, 0, 52, 27, 0
10588, 9, 0, 52, 28, 0
10588, 0, 3, 52, 53, 0
10588, 0, 1, 53, 1, 0
10588, 9, 2, 53, 21, 0
10588, 1, 2, 53, 22, 0
10588, 0, 1, 53, 28, 0
10588, 0, 3, 53, 53, 0
10588, 0, 1, 54, 1, 0
10588, 9, 2, 54, 22, 0
10588, 1, 2, 54, 23, 0
10588, 1, 0, 54, 28, 0
10588, 9, 0, 54, 29, 0
10588, 0, 3, 54, 53, 0
10588, 1, 0, 55, 1, 0
10588, 9, 0, 55, 2, 0
10588, 0, 3, 55, 23, 0
10588, 1, 0, 55, 29, 0
10588, 9, 0, 55, 30, 0
10588, 0, 3, 55, 53, 0
10588, 0, 1, 56, 2, 0
10588, 0, 3, 56, 23, 0
10588, 1, 0, 56, 30, 0
10588, 0, 0, 56, 31, 0
10588, 9, 0, 56, 32, 0
10588, 9, 3, 56, 52, 0
10588, 1, 3, 56, 53, 0
10588, 1, 0, 57, 2, 0
10588, 9, 0, 57, 3, 0
10588, 9, 3, 57, 22, 0
10588, 1, 3, 57, 23, 0
10588, 1, 0, 57, 32, 0
10588, 9, 0, 57, 33, 0
10588, 9, 3, 57, 51, 0
10588, 1, 3, 57, 52, 0
10588, 0, 1, 58, 3, 0
10588, 9, 3, 58, 17, 0
10588, 0, 0, 58, 18, 0
10588, 9, 0, 58, 19, 0
10588, 9, 3, 58, 21, 0
10588, 1, 3, 58, 22, 0
10588, 1, 0, 58, 33, 0
10588, 9, 0, 58, 34, 0
10588, 9, 3, 58, 50, 0
10588, 1, 3, 58, 51, 0
10588, 1, 0, 59, 3, 0
10588, 9, 0, 59, 4, 0
10588, 0, 3, 59, 17, 0
10588, 1, 0, 59, 19, 0
10588, 0, 0, 59, 20, 0
10588, 1, 3, 59, 21, 0
10588, 1, 0, 59, 34, 0
10588, 0, 0, 59, 35, 0
10588, 0, 0, 59, 36, 0
10588, 0, 0, 59, 37, 0
10588, 9, 0, 59, 38, 0
10588, 9, 3, 59, 49, 0
10588, 1, 3, 59, 50, 0
10588, 1, 0, 60, 4, 0
10588, 9, 0, 60, 5, 0
10588, 9, 3, 60, 16, 0
10588, 1, 3, 60, 17, 0
10588, 1, 0, 60, 38, 0
10588, 9, 0, 60, 39, 0
10588, 9, 3, 60, 44, 0
10588, 0, 0, 60, 45, 0
10588, 0, 0, 60, 46, 0
10588, 0, 0, 60, 47, 0
10588, 0, 0, 60, 48, 0
10588, 1, 3, 60, 49, 0
10588, 1, 0, 61, 5, 0
10588, 9, 0, 61, 6, 0
10588, 9, 3, 61, 13, 0
10588, 0, 0, 61, 14, 0
10588, 0, 0, 61, 15, 0
10588, 1, 3, 61, 16, 0
10588, 1, 0, 61, 39, 0
10588, 0, 0, 61, 40, 0
10588, 0, 0, 61, 41, 0
10588, 0, 0, 61, 42, 0
10588, 0, 0, 61, 43, 0
10588, 1, 3, 61, 44, 0
10588, 1, 0, 62, 6, 0
10588, 0, 0, 62, 7, 0
10588, 0, 0, 62, 8, 0
10588, 0, 0, 62, 9, 0
10588, 0, 0, 62, 10, 0
10588, 0, 0, 62, 11, 0
10588, 0, 0, 62, 12, 0
10588, 1, 3, 62, 13, 0
10589, 0, 0, 10, 0, 1
10589, 0, 0, 10, 1, 1
10589, 0, 0, 10, 2, 1
10589, 0, 0, 10, 3, 1
10589, 0, 0, 10, 4, 1
10589, 0, 0, 10, 5, 1
10589, 0, 0, 10, 6, 1
10589, 0, 0, 10, 7, 1
10589, 0, 0, 10, 8, 1
10589, 0, 0, 10, 9, 1
10589, 0, 0, 10, 10, 1
10589, 0, 0, 10, 11, 1
10589, 0, 0, 10, 12, 1
10589, 0, 0, 10, 13, 1
10589, 0, 0, 10, 14, 1
10589, 0, 0, 10, 15, 1
10589, 0, 0, 10, 16, 1
10589, 0, 0, 10, 17, 1
10589, 0, 0, 10, 18, 1
10589, 0, 0, 10, 19, 1
10589, 0, 0, 10, 20, 1
10589, 0, 0, 10, 21, 1
10589, 0, 0, 10, 22, 1
10589, 0, 0, 10, 23, 1
10589, 9, 0, 10, 24, 1
10589, 1, 0, 11, 24, 1
10589, 0, 0, 11, 25, 1
10589, 9, 0, 11, 26, 1
10589, 1, 0, 12, 26, 1
10589, 9, 0, 12, 27, 1
10589, 1, 1, 13, 9, 1
10589, 0, 2, 13, 10, 1
10589, 0, 2, 13, 11, 1
10589, 1, 2, 13, 12, 1
10589, 1, 1, 13, 16, 1
10589, 0, 2, 13, 17, 1
10589, 0, 2, 13, 18, 1
10589, 0, 2, 13, 19, 1
10589, 0, 2, 13, 20, 1
10589, 1, 2, 13, 21, 1
10589, 0, 1, 13, 27, 1
10589, 1, 1, 14, 4, 1
10589, 0, 2, 14, 5, 1
10589, 0, 2, 14, 6, 1
10589, 0, 2, 14, 7, 1
10589, 0, 2, 14, 8, 1
10589, 9, 1, 14, 9, 1
10589, 9, 2, 14, 12, 1
10589, 1, 2, 14, 13, 1
10589, 1, 1, 14, 15, 1
10589, 9, 1, 14, 16, 1
10589, 9, 2, 14, 21, 1
10589, 1, 2, 14, 22, 1
10589, 1, 1, 14, 26, 1
10589, 9, 1, 14, 27, 1
10589, 1, 1, 15, 3, 1
10589, 9, 1, 15, 4, 1
10589, 9, 2, 15, 13, 1
10589, 0, 2, 15, 14, 1
10589, 9, 1, 15, 15, 1
10589, 9, 2, 15, 22, 1
10589, 1, 2, 15, 23, 1
10589, 0, 1, 15, 26, 1
10589, 0, 1, 16, 3, 1
10589, 9, 2, 16, 23, 1
10589, 1, 2, 16, 24, 1
10589, 0, 1, 16, 26, 1
10589, 0, 1, 17, 3, 1
10589, 0, 3, 17, 24, 1
10589, 1, 0, 17, 26, 1
10589, 9, 0, 17, 27, 1
10589, 0, 1, 18, 3, 1
10589, 9, 2, 18, 24, 1
10589, 1, 2, 18, 25, 1
10589, 0, 1, 18, 27, 1
10589, 0, 1, 19, 3, 1
10589, 0, 3, 19, 25, 1
10589, 0, 1, 19, 27, 1
10589, 0, 1, 20, 3, 1
10589, 0, 3, 20, 25, 1
10589, 1, 0, 20, 27, 1
10589, 9, 0, 20, 28, 1
10589, 0, 1, 21, 3, 1
10589, 0, 3, 21, 25, 1
10589, 1, 0, 21, 28, 1
10589, 9, 0, 21, 29, 1
10589, 1, 1, 22, 2, 1
10589, 9, 1, 22, 3, 1
10589, 0, 3, 22, 25, 1
10589, 0, 1, 22, 29, 1
10589, 1, 1, 23, 1, 1
10589, 9, 1, 23, 2, 1
10589, 0, 3, 23, 25, 1
10589, 1, 1, 23, 28, 1
10589, 9, 1, 23, 29, 1
10589, 1, 1, 24, 0, 1
10589, 9, 1, 24, 1, 1
10589, 9, 3, 24, 24, 1
10589, 1, 3, 24, 25, 1
10589, 1, 1, 24, 27, 1
10589, 9, 1, 24, 28, 1
10589, 0, 1, 25, 0, 1
10589, 0, 3, 25, 24, 1
10589, 0, 1, 25, 27, 1
10589, 0, 1, 26, 0, 1
10589, 0, 3, 26, 24, 1
10589, 0, 1, 26, 27, 1
10589, 0, 1, 27, 0, 1
10589, 0, 3, 27, 24, 1
10589, 1, 0, 27, 27, 1
10589, 9, 0, 27, 28, 1
10589, 0, 1, 28, 0, 1
10589, 0, 3, 28, 24, 1
10589, 1, 0, 28, 28, 1
10589, 9, 0, 28, 29, 1
10589, 0, 1, 29, 0, 1
10589, 9, 3, 29, 23, 1
10589, 1, 3, 29, 24, 1
10589, 1, 0, 29, 29, 1
10589, 9, 0, 29, 30, 1
10589, 1, 0, 30, 0, 1
10589, 9, 0, 30, 1, 1
10589, 9, 3, 30, 22, 1
10589, 1, 3, 30, 23, 1
10589, 1, 0, 30, 30, 1
10589, 9, 0, 30, 31, 1
10589, 9, 3, 30, 34, 1
10589, 0, 0, 30, 35, 1
10589, 9, 0, 30, 36, 1
10589, 9, 3, 30, 56, 1
10589, 0, 0, 30, 57, 1
10589, 9, 0, 30, 58, 1
10589, 0, 1, 31, 1, 1
10589, 0, 3, 31, 22, 1
10589, 1, 0, 31, 31, 1
10589, 0, 0, 31, 32, 1
10589, 0, 0, 31, 33, 1
10589, 1, 3, 31, 34, 1
10589, 1, 0, 31, 36, 1
10589, 9, 0, 31, 37, 1
10589, 9, 2, 31, 56, 1
10589, 1, 2, 31, 57, 1
10589, 1, 0, 31, 58, 1
10589, 0, 0, 31, 59, 1
10589, 0, 0, 31, 60, 1
10589, 0, 0, 31, 61, 1
10589, 0, 0, 31, 62, 1
10589, 0, 0, 31, 63, 1
10589, 1, 0, 32, 1, 1
10589, 9, 0, 32, 2, 1
10589, 9, 3, 32, 15, 1
10589, 9, 0, 32, 16, 1
10589, 0, 3, 32, 22, 1
10589, 0, 1, 32, 37, 1
10589, 9, 2, 32, 57, 1
10589, 1, 2, 32, 58, 1
10589, 0, 1, 33, 2, 1
10589, 9, 2, 33, 15, 1
10589, 9, 1, 33, 16, 1
10589, 0, 3, 33, 22, 1
10589, 1, 1, 33, 36, 1
10589, 9, 1, 33, 37, 1
10589, 9, 2, 33, 58, 1
10589, 1, 2, 33, 59, 1
10589, 0, 1, 34, 2, 1
10589, 0, 3, 34, 22, 1
10589, 0, 1, 34, 36, 1
10589, 9, 2, 34, 59, 1
10589, 1, 2, 34, 60, 1
10589, 1, 1, 35, 1, 1
10589, 9, 1, 35, 2, 1
10589, 9, 2, 35, 22, 1
10589, 1, 2, 35, 23, 1
10589, 1, 1, 35, 35, 1
10589, 9, 1, 35, 36, 1
10589, 9, 2, 35, 60, 1
10589, 1, 2, 35, 61, 1
10589, 1, 1, 36, 0, 1
10589, 9, 1, 36, 1, 1
10589, 9, 2, 36, 23, 1
10589, 1, 2, 36, 24, 1
10589, 1, 1, 36, 32, 1
10589, 0, 2, 36, 33, 1
10589, 0, 2, 36, 34, 1
10589, 9, 1, 36, 35, 1
10589, 9, 2, 36, 61, 1
10589, 1, 2, 36, 62, 1
10589, 0, 1, 37, 0, 1
10589, 0, 3, 37, 24, 1
10589, 1, 1, 37, 31, 1
10589, 9, 1, 37, 32, 1
10589, 0, 3, 37, 62, 1
10589, 0, 1, 38, 0, 1
10589, 9, 3, 38, 23, 1
10589, 1, 3, 38, 24, 1
10589, 1, 1, 38, 30, 1
10589, 9, 1, 38, 31, 1
10589, 0, 3, 38, 62, 1
10589, 1, 0, 39, 0, 1
10589, 9, 0, 39, 1, 1
10589, 9, 3, 39, 22, 1
10589, 1, 3, 39, 23, 1
10589, 1, 1, 39, 29, 1
10589, 9, 1, 39, 30, 1
10589, 0, 3, 39, 62, 1
10589, 1, 0, 40, 1, 1
10589, 9, 0, 40, 2, 1
10589, 0, 3, 40, 22, 1
10589, 1, 1, 40, 28, 1
10589, 9, 1, 40, 29, 1
10589, 0, 3, 40, 62, 1
10589, 1, 0, 41, 2, 1
10589, 9, 0, 41, 3, 1
10589, 9, 2, 41, 22, 1
10589, 1, 2, 41, 23, 1
10589, 1, 1, 41, 27, 1
10589, 9, 1, 41, 28, 1
10589, 0, 3, 41, 62, 1
10589, 0, 1, 42, 3, 1
10589, 0, 3, 42, 23, 1
10589, 1, 1, 42, 26, 1
10589, 9, 1, 42, 27, 1
10589, 0, 3, 42, 62, 1
10589, 0, 1, 43, 3, 1
10589, 0, 3, 43, 23, 1
10589, 0, 1, 43, 26, 1
10589, 0, 3, 43, 62, 1
10589, 0, 1, 44, 3, 1
10589, 9, 3, 44, 22, 1
10589, 1, 3, 44, 23, 1
10589, 1, 1, 44, 25, 1
10589, 9, 1, 44, 26, 1
10589, 0, 3, 44, 62, 1
10589, 1, 1, 45, 2, 1
10589, 9, 1, 45, 3, 1
10589, 0, 3, 45, 22, 1
10589, 1, 1, 45, 24, 1
10589, 9, 1, 45, 25, 1
10589, 0, 3, 45, 62, 1
10589, 1, 1, 46, 1, 1
10589, 9, 1, 46, 2, 1
10589, 9, 3, 46, 21, 1
10589, 1, 3, 46, 22, 1
10589, 0, 1, 46, 24, 1
10589, 0, 3, 46, 62, 1
10589, 1, 1, 47, 0, 1
10589, 9, 1, 47, 1, 1
10589, 9, 3, 47, 10, 1
10589, 0, 0, 47, 11, 1
10589, 0, 0, 47, 12, 1
10589, 9, 0, 47, 13, 1
10589, 0, 3, 47, 21, 1
10589, 0, 1, 47, 24, 1
10589, 9, 3, 47, 61, 1
10589, 1, 3, 47, 62, 1
10589, 0, 1, 48, 0, 1
10589, 0, 3, 48, 10, 1
10589, 0, 1, 48, 13, 1
10589, 0, 3, 48, 21, 1
10589, 0, 1, 48, 24, 1
10589, 9, 3, 48, 60, 1
10589, 1, 3, 48, 61, 1
10589, 0, 1, 49, 0, 1
10589, 0, 3, 49, 10, 1
10589, 0, 1, 49, 13, 1
10589, 0, 3, 49, 21, 1
10589, 0, 1, 49, 24, 1
10589, 9, 3, 49, 59, 1
10589, 1, 3, 49, 60, 1
10589, 0, 1, 50, 0, 1
10589, 9, 2, 50, 10, 1
10589, 0, 2, 50, 11, 1
10589, 0, 2, 50, 12, 1
10589, 9, 1, 50, 13, 1
10589, 9, 2, 50, 21, 1
10589, 1, 2, 50, 22, 1
10589, 1, 0, 50, 24, 1
10589, 9, 0, 50, 25, 1
10589, 9, 3, 50, 58, 1
10589, 1, 3, 50, 59, 1
10589, 0, 1, 51, 0, 1
10589, 0, 3, 51, 22, 1
10589, 1, 0, 51, 25, 1
10589, 9, 0, 51, 26, 1
10589, 9, 3, 51, 57, 1
10589, 1, 3, 51, 58, 1
10589, 0, 1, 52, 0, 1
10589, 0, 3, 52, 22, 1
10589, 1, 0, 52, 26, 1
10589, 9, 0, 52, 27, 1
10589, 9, 3, 52, 55, 1
10589, 0, 0, 52, 56, 1
10589, 1, 3, 52, 57, 1
10589, 0, 1, 53, 0, 1
10589, 9, 2, 53, 22, 1
10589, 1, 2, 53, 23, 1
10589, 0, 1, 53, 27, 1
10589, 9, 3, 53, 54, 1
10589, 1, 3, 53, 55, 1
10589, 0, 1, 54, 0, 1
10589, 9, 2, 54, 23, 1
10589, 1, 2, 54, 24, 1
10589, 0, 1, 54, 27, 1
10589, 0, 3, 54, 54, 1
10589, 1, 0, 55, 0, 1
10589, 9, 0, 55, 1, 1
10589, 0, 3, 55, 24, 1
10589, 1, 0, 55, 27, 1
10589, 9, 0, 55, 28, 1
10589, 0, 3, 55, 54, 1
10589, 0, 1, 56, 1, 1
10589, 0, 3, 56, 24, 1
10589, 1, 0, 56, 28, 1
10589, 9, 0, 56, 29, 1
10589, 0, 3, 56, 54, 1
10589, 1, 0, 57, 1, 1
10589, 9, 0, 57, 2, 1
10589, 9, 3, 57, 23, 1
10589, 1, 3, 57, 24, 1
10589, 1, 0, 57, 29, 1
10589, 9, 0, 57, 30, 1
10589, 9, 3, 57, 53, 1
10589, 1, 3, 57, 54, 1
10589, 0, 1, 58, 2, 1
10589, 9, 3, 58, 22, 1
10589, 1, 3, 58, 23, 1
10589, 1, 0, 58, 30, 1
10589, 0, 0, 58, 31, 1
10589, 9, 0, 58, 32, 1
10589, 9, 3, 58, 52, 1
10589, 1, 3, 58, 53, 1
10589, 1, 0, 59, 2, 1
10589, 9, 0, 59, 3, 1
10589, 9, 3, 59, 21, 1
10589, 1, 3, 59, 22, 1
10589, 1, 0, 59, 32, 1
10589, 9, 0, 59, 33, 1
10589, 9, 3, 59, 51, 1
10589, 1, 3, 59, 52, 1
10589, 1, 0, 60, 3, 1
10589, 9, 0, 60, 4, 1
10589, 9, 3, 60, 18, 1
10589, 0, 0, 60, 19, 1
10589, 0, 0, 60, 20, 1
10589, 1, 3, 60, 21, 1
10589, 1, 0, 60, 33, 1
10589, 0, 0, 60, 34, 1
10589, 0, 0, 60, 35, 1
10589, 0, 0, 60, 36, 1
10589, 0, 0, 60, 37, 1
10589, 9, 0, 60, 38, 1
10589, 9, 3, 60, 50, 1
10589, 1, 3, 60, 51, 1
10589, 1, 0, 61, 4, 1
10589, 9, 0, 61, 5, 1
10589, 9, 3, 61, 17, 1
10589, 1, 3, 61, 18, 1
10589, 1, 0, 61, 38, 1
10589, 9, 0, 61, 39, 1
10589, 9, 3, 61, 45, 1
10589, 0, 0, 61, 46, 1
10589, 0, 0, 61, 47, 1
10589, 0, 0, 61, 48, 1
10589, 0, 0, 61, 49, 1
10589, 1, 3, 61, 50, 1
10589, 1, 0, 62, 5, 1
10589, 9, 0, 62, 6, 1
10589, 9, 3, 62, 13, 1
10589, 0, 0, 62, 14, 1
10589, 0, 0, 62, 15, 1
10589, 0, 0, 62, 16, 1
10589, 1, 3, 62, 17, 1
10589, 1, 0, 62, 39, 1
10589, 0, 0, 62, 40, 1
10589, 0, 0, 62, 41, 1
10589, 0, 0, 62, 42, 1
10589, 0, 0, 62, 43, 1
10589, 0, 0, 62, 44, 1
10589, 1, 3, 62, 45, 1
10589, 1, 0, 63, 6, 1
10589, 0, 0, 63, 7, 1
10589, 0, 0, 63, 8, 1
10589, 0, 0, 63, 9, 1
10589, 0, 0, 63, 10, 1
10589, 0, 0, 63, 11, 1
10589, 0, 0, 63, 12, 1
10589, 1, 3, 63, 13, 1
10590, 10, 3, 24, 32, 0
10590, 10, 0, 24, 33, 0
10590, 10, 2, 25, 33, 0
10590, 10, 3, 26, 29, 0
10590, 10, 0, 26, 30, 0
10590, 10, 1, 26, 34, 0
10590, 10, 0, 26, 39, 0
10590, 10, 2, 26, 48, 0
10590, 10, 3, 26, 49, 0
10590, 10, 1, 27, 30, 0
10590, 10, 1, 27, 39, 0
10590, 10, 1, 28, 38, 0
10590, 10, 2, 28, 39, 0
10590, 10, 0, 29, 38, 0
10590, 10, 3, 29, 39, 0
10590, 10, 1, 32, 43, 0
10590, 10, 2, 32, 44, 0
10590, 10, 1, 33, 43, 0
10590, 10, 3, 33, 44, 0
10590, 10, 1, 38, 57, 0
10590, 10, 2, 38, 58, 0
10590, 10, 0, 39, 57, 0
10590, 10, 3, 39, 58, 0
10590, 10, 2, 44, 33, 0
10590, 10, 0, 44, 34, 0
10590, 10, 1, 44, 37, 0
10590, 10, 2, 44, 38, 0
10590, 10, 1, 45, 33, 0
10590, 10, 3, 45, 34, 0
10590, 10, 0, 45, 37, 0
10590, 10, 3, 45, 38, 0
10590, 10, 1, 46, 57, 0
10590, 10, 0, 46, 58, 0
10590, 10, 2, 47, 57, 0
10590, 10, 3, 47, 58, 0
10590, 10, 1, 57, 42, 0
10590, 10, 2, 57, 43, 0
10590, 10, 0, 58, 42, 0
10590, 10, 3, 58, 43, 0
10590, 10, 1, 31, 14, 1
10590, 10, 3, 31, 15, 1
10590, 10, 0, 37, 13, 1
10590, 10, 1, 38, 13, 1
10591, 10, 2, 14, 38, 0
10591, 10, 1, 14, 48, 0
10591, 10, 2, 14, 50, 0
10591, 10, 3, 16, 38, 0
10591, 10, 0, 17, 43, 0
10591, 10, 2, 17, 52, 0
10591, 10, 0, 17, 54, 0
10591, 10, 0, 19, 36, 0
10591, 10, 3, 19, 38, 0
10591, 10, 1, 19, 47, 0
10591, 10, 1, 19, 53, 0
10591, 10, 1, 23, 52, 0
10591, 10, 0, 24, 43, 0
10591, 10, 2, 24, 48, 0
10591, 10, 0, 24, 50, 0
10591, 10, 1, 24, 54, 0
10591, 10, 3, 24, 60, 0
10591, 10, 2, 25, 52, 0
10591, 10, 1, 25, 56, 0
10591, 10, 1, 26, 35, 0
10591, 10, 3, 26, 37, 0
10591, 10, 3, 26, 50, 0
10591, 10, 0, 26, 54, 0
10591, 10, 0, 26, 58, 0
10591, 10, 0, 26, 60, 0
10591, 10, 2, 27, 31, 0
10591, 10, 1, 27, 33, 0
10591, 10, 2, 27, 40, 0
10591, 10, 0, 27, 48, 0
10591, 10, 2, 27, 56, 0
10591, 10, 1, 28, 59, 0
10591, 10, 1, 30, 41, 0
10591, 10, 0, 30, 43, 0
10591, 10, 2, 35, 49, 0
10591, 10, 2, 36, 57, 0
10591, 10, 1, 37, 47, 0
10591, 10, 1, 37, 49, 0
10591, 10, 3, 37, 51, 0
10591, 10, 1, 38, 59, 0
10591, 10, 0, 39, 49, 0
10591, 10, 3, 40, 57, 0
10591, 10, 0, 40, 59, 0
10591, 10, 3, 42, 35, 0
10591, 10, 2, 42, 57, 0
10591, 10, 2, 42, 59, 0
10591, 10, 1, 44, 35, 0
10591, 10, 0, 44, 57, 0
10591, 10, 1, 44, 59, 0
10591, 10, 2, 46, 35, 0
10591, 10, 2, 49, 43, 0
10591, 10, 3, 49, 45, 0
10591, 10, 1, 49, 47, 0
10591, 10, 2, 51, 45, 0
10591, 10, 0, 57, 40, 0
10591, 10, 3, 59, 40, 0
10591, 10, 2, 59, 42, 0
10591, 10, 2, 17, 29, 1
10591, 10, 2, 17, 32, 1
10591, 10, 2, 17, 62, 1
10591, 10, 2, 19, 29, 1
10591, 10, 3, 19, 32, 1
10591, 10, 2, 19, 61, 1
10591, 10, 0, 20, 41, 1
10591, 10, 3, 20, 49, 1
10591, 10, 2, 20, 56, 1
10591, 10, 1, 20, 59, 1
10591, 10, 1, 21, 30, 1
10591, 10, 0, 21, 32, 1
10591, 10, 2, 21, 51, 1
10591, 10, 1, 21, 61, 1
10591, 10, 1, 22, 37, 1
10591, 10, 1, 22, 54, 1
10592, 22, 1, 16, 7, 0
10592, 22, 2, 16, 8, 0
10592, 22, 0, 18, 15, 0
10592, 22, 0, 19, 11, 0
10592, 22, 1, 19, 15, 0
10592, 22, 1, 19, 20, 0
10592, 22, 0, 19, 21, 0
10592, 22, 3, 19, 22, 0
10592, 22, 1, 20, 11, 0
10592, 22, 3, 21, 12, 0
10592, 22, 2, 21, 13, 0
10592, 22, 3, 21, 14, 0
10592, 22, 0, 22, 6, 0
10592, 22, 0, 22, 47, 0
10592, 22, 3, 23, 34, 0
10592, 22, 2, 23, 47, 0
10592, 22, 0, 24, 21, 0
10592, 22, 1, 24, 40, 0
10592, 22, 3, 24, 47, 0
10592, 22, 0, 25, 7, 0
10592, 22, 0, 25, 8, 0
10592, 22, 1, 25, 30, 0
10592, 22, 2, 25, 37, 0
10592, 22, 3, 25, 38, 0
10592, 22, 0, 25, 39, 0
10592, 22, 3, 26, 47, 0
10592, 22, 3, 27, 2, 0
10592, 22, 1, 27, 7, 0
10592, 22, 2, 27, 14, 0
10592, 22, 0, 27, 15, 0
10592, 22, 2, 27, 44, 0
10592, 22, 1, 28, 9, 0
10592, 22, 1, 28, 13, 0
10592, 22, 3, 28, 16, 0
10592, 22, 2, 28, 21, 0
10592, 22, 0, 28, 36, 0
10592, 22, 1, 28, 37, 0
10592, 22, 0, 28, 42, 0
10592, 22, 3, 29, 21, 0
10592, 22, 2, 29, 33, 0
10592, 22, 3, 29, 41, 0
10592, 22, 3, 29, 44, 0
10592, 22, 2, 29, 45, 0
10592, 22, 3, 29, 49, 0
10592, 22, 2, 30, 3, 0
10592, 22, 1, 30, 40, 0
10592, 22, 1, 30, 45, 0
10592, 22, 0, 30, 46, 0
10592, 22, 1, 31, 3, 0
10592, 22, 2, 31, 10, 0
10592, 22, 3, 31, 46, 0
10592, 22, 0, 31, 50, 0
10592, 22, 1, 31, 51, 0
10592, 22, 1, 32, 11, 0
10592, 22, 0, 32, 41, 0
10592, 22, 3, 32, 42, 0
10592, 22, 1, 32, 53, 0
10592, 22, 1, 33, 39, 0
10592, 22, 2, 33, 45, 0
10592, 22, 1, 34, 38, 0
10592, 22, 1, 34, 39, 0
10592, 22, 2, 34, 43, 0
10592, 22, 0, 34, 44, 0
10592, 22, 2, 34, 48, 0
10592, 22, 3, 34, 49, 0
10592, 22, 3, 34, 51, 0
10592, 22, 3, 35, 11, 0
10592, 22, 2, 35, 12, 0
10592, 22, 2, 35, 18, 0
10592, 22, 1, 35, 20, 0
10592, 22, 1, 35, 48, 0
10592, 22, 1, 36, 11, 0
10592, 22, 2, 36, 37, 0
10592, 22, 0, 36, 47, 0
10592, 22, 0, 36, 48, 0
10592, 22, 0, 36, 52, 0
10592, 22, 3, 36, 53, 0
10592, 22, 3, 37, 18, 0
10592, 22, 1, 37, 36, 0
10592, 22, 1, 37, 53, 0
10592, 22, 1, 37, 59, 0
10592, 22, 3, 38, 5, 0
10592, 22, 3, 38, 33, 0
10592, 22, 0, 38, 35, 0
10592, 22, 2, 38, 46, 0
10592, 22, 3, 38, 56, 0
10592, 22, 0, 39, 4, 0
10592, 22, 0, 39, 46, 0
10592, 22, 3, 39, 47, 0
10592, 22, 2, 39, 51, 0
10592, 22, 2, 39, 56, 0
10592, 22, 1, 40, 7, 0
10592, 22, 2, 40, 31, 0
10592, 22, 1, 40, 51, 0
10592, 22, 3, 41, 35, 0
10592, 22, 0, 41, 36, 0
10592, 22, 2, 41, 48, 0
10592, 22, 1, 41, 51, 0
10592, 22, 0, 42, 29, 0
10592, 22, 1, 42, 30, 0
10592, 22, 1, 42, 56, 0
10592, 22, 2, 43, 33, 0
10592, 22, 1, 43, 34, 0
10592, 22, 3, 43, 37, 0
10592, 22, 0, 43, 38, 0
10592, 22, 2, 44, 28, 0
10592, 22, 1, 44, 29, 0
10592, 22, 0, 44, 56, 0
10592, 22, 1, 45, 19, 0
10592, 22, 0, 45, 32, 0
10592, 22, 2, 45, 39, 0
10592, 22, 3, 45, 50, 0
10592, 22, 0, 45, 51, 0
10592, 22, 3, 45, 56, 0
10592, 22, 3, 46, 4, 0
10592, 22, 0, 46, 5, 0
10592, 22, 0, 46, 19, 0
10592, 22, 3, 46, 27, 0
10592, 22, 3, 46, 32, 0
10592, 22, 2, 46, 33, 0
10592, 22, 3, 46, 39, 0
10592, 22, 1, 46, 45, 0
10592, 22, 1, 46, 46, 0
10592, 22, 1, 46, 51, 0
10592, 22, 0, 46, 59, 0
10592, 22, 1, 47, 34, 0
10592, 22, 1, 47, 44, 0
10592, 22, 2, 47, 47, 0
10592, 22, 2, 47, 56, 0
10592, 22, 3, 48, 49, 0
10592, 22, 1, 48, 57, 0
10592, 22, 1, 49, 49, 0
10592, 22, 1, 50, 27, 0
10592, 22, 0, 50, 42, 0
10592, 22, 2, 51, 16, 0
10592, 22, 1, 51, 44, 0
10592, 22, 0, 51, 48, 0
10592, 22, 3, 51, 49, 0
10592, 22, 1, 52, 9, 0
10592, 22, 3, 52, 17, 0
10592, 22, 3, 52, 19, 0
10592, 22, 2, 52, 20, 0
10592, 22, 2, 52, 29, 0
10592, 22, 3, 52, 44, 0
10592, 22, 1, 52, 47, 0
10592, 22, 2, 53, 2, 0
10592, 22, 0, 53, 13, 0
10592, 22, 3, 53, 15, 0
10592, 22, 2, 53, 18, 0
10592, 22, 0, 53, 19, 0
10592, 22, 1, 53, 29, 0
10592, 22, 0, 53, 30, 0
10592, 22, 2, 53, 45, 0
10592, 22, 2, 53, 51, 0
10592, 22, 1, 53, 52, 0
10592, 22, 0, 54, 9, 0
10592, 22, 3, 54, 12, 0
10592, 22, 2, 54, 33, 0
10592, 22, 1, 54, 36, 0
10592, 22, 1, 54, 52, 0
10592, 22, 3, 55, 4, 0
10592, 22, 2, 55, 8, 0
10592, 22, 0, 55, 13, 0
10592, 22, 1, 55, 17, 0
10592, 22, 3, 55, 31, 0
10592, 22, 1, 55, 32, 0
10592, 22, 3, 55, 35, 0
10592, 22, 2, 55, 36, 0
10592, 22, 2, 56, 9, 0
10592, 22, 1, 56, 10, 0
10592, 22, 1, 56, 17, 0
10592, 22, 0, 56, 33, 0
10592, 22, 3, 56, 40, 0
10592, 22, 0, 56, 43, 0
10592, 22, 2, 56, 47, 0
10592, 22, 3, 56, 48, 0
10592, 22, 3, 57, 38, 0
10592, 22, 2, 57, 39, 0
10592, 22, 1, 57, 44, 0
10592, 22, 1, 57, 47, 0
10592, 22, 2, 58, 4, 0
10592, 22, 1, 58, 5, 0
10592, 22, 0, 58, 38, 0
10592, 22, 1, 58, 44, 0
10592, 22, 0, 58, 48, 0
10592, 22, 0, 59, 5, 0
10592, 22, 1, 59, 39, 0
10592, 22, 0, 61, 10, 0
10592, 22, 3, 61, 11, 0
10592, 22, 3, 15, 62, 1
10592, 22, 1, 16, 61, 1
10592, 22, 0, 16, 62, 1
10592, 22, 0, 17, 32, 1
10592, 22, 2, 17, 61, 1
10592, 22, 3, 19, 60, 1
10592, 22, 1, 20, 32, 1
10592, 22, 3, 20, 42, 1
10592, 22, 1, 20, 50, 1
10592, 22, 1, 20, 58, 1
10592, 22, 3, 21, 31, 1
10592, 22, 1, 21, 41, 1
10592, 22, 0, 21, 42, 1
10592, 22, 2, 21, 43, 1
10592, 22, 0, 21, 50, 1
10592, 22, 3, 21, 51, 1
10592, 22, 1, 21, 52, 1
10592, 22, 0, 21, 53, 1
10592, 22, 2, 21, 57, 1
10592, 22, 0, 21, 59, 1
10592, 22, 2, 22, 32, 1
10592, 22, 2, 22, 40, 1
10592, 22, 2, 22, 52, 1
10592, 22, 3, 22, 55, 1
10592, 22, 3, 23, 39, 1
10593, 22, 1, 11, 44, 0
10593, 22, 3, 11, 46, 0
10593, 22, 3, 12, 41, 0
10593, 22, 2, 12, 42, 0
10593, 22, 0, 12, 45, 0
10593, 22, 1, 13, 48, 0
10593, 22, 0, 13, 49, 0
10593, 22, 0, 15, 10, 0
10593, 22, 2, 15, 43, 0
10593, 22, 2, 15, 47, 0
10593, 22, 3, 16, 9, 0
10593, 22, 0, 16, 18, 0
10593, 22, 1, 16, 44, 0
10593, 22, 3, 17, 6, 0
10593, 22, 1, 17, 7, 0
10593, 22, 3, 17, 16, 0
10593, 22, 1, 17, 19, 0
10593, 22, 2, 18, 7, 0
10593, 22, 2, 18, 20, 0
10593, 22, 0, 18, 49, 0
10593, 22, 3, 18, 51, 0
10593, 22, 1, 19, 7, 0
10593, 22, 3, 19, 19, 0
10593, 22, 0, 20, 8, 0
10593, 22, 2, 20, 10, 0
10593, 22, 3, 20, 15, 0
10593, 22, 0, 20, 20, 0
10593, 22, 1, 20, 21, 0
10593, 22, 0, 22, 7, 0
10593, 22, 1, 22, 13, 0
10593, 22, 0, 22, 14, 0
10593, 22, 1, 23, 6, 0
10593, 22, 2, 23, 20, 0
10593, 22, 3, 23, 43, 0
10593, 22, 0, 23, 44, 0
10593, 22, 3, 23, 45, 0
10593, 22, 0, 23, 48, 0
10593, 22, 2, 24, 5, 0
10593, 22, 3, 24, 6, 0
10593, 22, 2, 24, 7, 0
10593, 22, 0, 24, 8, 0
10593, 22, 0, 25, 5, 0
10593, 22, 3, 25, 6, 0
10593, 22, 3, 25, 11, 0
10593, 22, 0, 25, 20, 0
10593, 22, 3, 25, 21, 0
10593, 22, 2, 25, 42, 0
10593, 22, 1, 25, 45, 0
10593, 22, 1, 25, 47, 0
10593, 22, 1, 26, 4, 0
10593, 22, 2, 26, 11, 0
10593, 22, 0, 26, 15, 0
10593, 22, 1, 26, 44, 0
10593, 22, 1, 27, 3, 0
10593, 22, 2, 27, 4, 0
10593, 22, 2, 27, 16, 0
10593, 22, 1, 27, 21, 0
10593, 22, 2, 27, 47, 0
10593, 22, 0, 28, 2, 0
10593, 22, 0, 28, 3, 0
10593, 22, 3, 28, 4, 0
10593, 22, 1, 28, 10, 0
10593, 22, 2, 28, 20, 0
10593, 22, 2, 28, 45, 0
10593, 22, 2, 29, 2, 0
10593, 22, 3, 29, 3, 0
10593, 22, 1, 29, 4, 0
10593, 22, 1, 29, 9, 0
10593, 22, 0, 30, 18, 0
10593, 22, 1, 30, 19, 0
10593, 22, 3, 30, 20, 0
10593, 22, 3, 30, 38, 0
10593, 22, 3, 30, 47, 0
10593, 22, 2, 31, 4, 0
10593, 22, 2, 31, 39, 0
10593, 22, 2, 32, 6, 0
10593, 22, 0, 32, 39, 0
10593, 22, 1, 32, 40, 0
10593, 22, 2, 32, 46, 0
10593, 22, 3, 33, 5, 0
10593, 22, 1, 33, 40, 0
10593, 22, 0, 33, 41, 0
10593, 22, 3, 33, 46, 0
10593, 22, 0, 34, 7, 0
10593, 22, 1, 34, 11, 0
10593, 22, 0, 34, 12, 0
10593, 22, 3, 34, 13, 0
10593, 22, 2, 34, 45, 0
10593, 22, 3, 34, 46, 0
10593, 22, 3, 35, 10, 0
10593, 22, 3, 35, 39, 0
10593, 22, 2, 35, 40, 0
10593, 22, 0, 35, 43, 0
10593, 22, 1, 35, 44, 0
10593, 22, 1, 35, 46, 0
10593, 22, 0, 35, 47, 0
10593, 22, 1, 35, 57, 0
10593, 22, 3, 36, 3, 0
10593, 22, 0, 36, 10, 0
10593, 22, 0, 36, 39, 0
10593, 22, 3, 36, 43, 0
10593, 22, 0, 36, 56, 0
10593, 22, 0, 37, 4, 0
10593, 22, 1, 37, 5, 0
10593, 22, 3, 37, 7, 0
10593, 22, 2, 37, 11, 0
10593, 22, 1, 37, 42, 0
10593, 22, 0, 37, 44, 0
10593, 22, 1, 38, 4, 0
10593, 22, 2, 38, 7, 0
10593, 22, 2, 38, 41, 0
10593, 22, 1, 38, 43, 0
10593, 22, 3, 38, 44, 0
10593, 22, 2, 38, 55, 0
10593, 22, 3, 39, 7, 0
10593, 22, 3, 39, 19, 0
10593, 22, 0, 39, 34, 0
10593, 22, 3, 39, 35, 0
10593, 22, 1, 39, 36, 0
10593, 22, 2, 39, 37, 0
10593, 22, 0, 39, 42, 0
10593, 22, 2, 39, 44, 0
10593, 22, 3, 39, 55, 0
10593, 22, 0, 40, 8, 0
10593, 22, 1, 40, 18, 0
10593, 22, 0, 40, 19, 0
10593, 22, 1, 40, 33, 0
10593, 22, 1, 40, 35, 0
10593, 22, 0, 40, 54, 0
10593, 22, 2, 41, 8, 0
10593, 22, 2, 41, 19, 0
10593, 22, 0, 41, 34, 0
10593, 22, 3, 41, 37, 0
10593, 22, 1, 41, 55, 0
10593, 22, 2, 42, 31, 0
10593, 22, 2, 42, 33, 0
10593, 22, 3, 42, 34, 0
10593, 22, 2, 42, 37, 0
10593, 22, 0, 42, 38, 0
10593, 22, 2, 42, 54, 0
10593, 22, 3, 43, 30, 0
10593, 22, 0, 43, 31, 0
10593, 22, 3, 43, 54, 0
10593, 22, 0, 43, 55, 0
10593, 22, 2, 44, 19, 0
10593, 22, 1, 44, 20, 0
10593, 22, 1, 44, 30, 0
10593, 22, 2, 44, 32, 0
10593, 22, 1, 44, 39, 0
10593, 22, 3, 44, 45, 0
10593, 22, 1, 44, 55, 0
10593, 22, 3, 45, 8, 0
10593, 22, 3, 45, 18, 0
10593, 22, 0, 45, 30, 0
10593, 22, 3, 45, 31, 0
10593, 22, 2, 45, 46, 0
10593, 22, 1, 45, 47, 0
10593, 22, 0, 45, 55, 0
10593, 22, 0, 46, 6, 0
10593, 22, 1, 46, 18, 0
10593, 22, 1, 46, 29, 0
10593, 22, 1, 46, 31, 0
10593, 22, 3, 46, 34, 0
10593, 22, 2, 46, 38, 0
10593, 22, 0, 46, 40, 0
10593, 22, 0, 46, 43, 0
10593, 22, 2, 46, 56, 0
10593, 22, 3, 47, 3, 0
10593, 22, 1, 47, 4, 0
10593, 22, 2, 47, 5, 0
10593, 22, 0, 47, 18, 0
10593, 22, 1, 47, 26, 0
10593, 22, 0, 47, 27, 0
10593, 22, 2, 47, 28, 0
10593, 22, 0, 47, 33, 0
10593, 22, 2, 47, 37, 0
10593, 22, 3, 47, 39, 0
10593, 22, 1, 47, 40, 0
10593, 22, 0, 47, 42, 0
10593, 22, 1, 47, 43, 0
10593, 22, 0, 47, 48, 0
10593, 22, 3, 47, 49, 0
10593, 22, 2, 47, 54, 0
10593, 22, 3, 47, 55, 0
10593, 22, 2, 48, 34, 0
10593, 22, 1, 48, 35, 0
10593, 22, 3, 48, 37, 0
10593, 22, 1, 48, 43, 0
10593, 22, 2, 48, 44, 0
10593, 22, 3, 49, 19, 0
10593, 22, 2, 49, 26, 0
10593, 22, 0, 49, 27, 0
10593, 22, 3, 49, 42, 0
10593, 22, 1, 49, 55, 0
10593, 22, 3, 49, 56, 0
10593, 22, 0, 49, 57, 0
10593, 22, 0, 50, 16, 0
10593, 22, 1, 50, 18, 0
10593, 22, 0, 50, 19, 0
10593, 22, 3, 50, 28, 0
10593, 22, 1, 50, 29, 0
10593, 22, 2, 50, 41, 0
10593, 22, 1, 50, 50, 0
10593, 22, 2, 50, 51, 0
10593, 22, 0, 51, 6, 0
10593, 22, 3, 51, 8, 0
10593, 22, 0, 51, 14, 0
10593, 22, 1, 51, 15, 0
10593, 22, 1, 51, 17, 0
10593, 22, 3, 51, 19, 0
10593, 22, 3, 51, 32, 0
10593, 22, 3, 51, 41, 0
10593, 22, 0, 51, 50, 0
10593, 22, 0, 52, 2, 0
10593, 22, 1, 52, 6, 0
10593, 22, 2, 52, 8, 0
10593, 22, 1, 52, 14, 0
10593, 22, 3, 52, 15, 0
10593, 22, 2, 52, 18, 0
10593, 22, 2, 52, 31, 0
10593, 22, 0, 52, 33, 0
10593, 22, 1, 52, 36, 0
10593, 22, 0, 52, 51, 0
10593, 22, 1, 52, 52, 0
10593, 22, 1, 53, 3, 0
10593, 22, 1, 53, 9, 0
10593, 22, 0, 53, 20, 0
10593, 22, 3, 53, 34, 0
10593, 22, 2, 53, 35, 0
10593, 22, 0, 53, 37, 0
10593, 22, 2, 54, 4, 0
10593, 22, 0, 54, 5, 0
10593, 22, 1, 54, 6, 0
10593, 22, 2, 54, 8, 0
10593, 22, 2, 54, 13, 0
10593, 22, 2, 54, 15, 0
10593, 22, 2, 54, 19, 0
10593, 22, 3, 54, 42, 0
10593, 22, 1, 54, 46, 0
10593, 22, 3, 54, 48, 0
10593, 22, 3, 55, 5, 0
10593, 22, 0, 55, 16, 0
10593, 22, 1, 55, 20, 0
10593, 22, 1, 55, 37, 0
10593, 22, 1, 55, 39, 0
10593, 22, 0, 55, 40, 0
10593, 22, 0, 55, 42, 0
10593, 22, 1, 55, 44, 0
10593, 22, 2, 55, 45, 0
10593, 22, 0, 55, 47, 0
10593, 22, 3, 55, 51, 0
10593, 22, 2, 55, 52, 0
10593, 22, 1, 56, 5, 0
10593, 22, 3, 56, 11, 0
10593, 22, 3, 56, 12, 0
10593, 22, 1, 56, 15, 0
10593, 22, 2, 56, 19, 0
10593, 22, 2, 56, 34, 0
10593, 22, 3, 56, 38, 0
10593, 22, 2, 56, 41, 0
10593, 22, 2, 57, 5, 0
10593, 22, 1, 57, 10, 0
10593, 22, 3, 57, 16, 0
10593, 22, 0, 57, 17, 0
10593, 22, 0, 57, 37, 0
10593, 22, 2, 57, 45, 0
10593, 22, 3, 57, 46, 0
10593, 22, 3, 57, 49, 0
10593, 22, 0, 58, 6, 0
10593, 22, 0, 58, 9, 0
10593, 22, 2, 58, 12, 0
10593, 22, 0, 58, 37, 0
10593, 22, 0, 58, 46, 0
10593, 22, 2, 58, 49, 0
10593, 22, 3, 59, 6, 0
10593, 22, 2, 59, 10, 0
10593, 22, 1, 59, 47, 0
10593, 22, 2, 60, 6, 0
10593, 22, 2, 60, 10, 0
10593, 22, 1, 60, 11, 0
10593, 22, 0, 60, 12, 0
10593, 22, 3, 61, 9, 0
10593, 22, 3, 61, 12, 0
10593, 22, 2, 8, 11, 1
10593, 22, 3, 8, 19, 1
10593, 22, 1, 9, 9, 1
10593, 22, 1, 9, 12, 1
10593, 22, 0, 9, 13, 1
10593, 22, 3, 9, 14, 1
10593, 22, 0, 9, 15, 1
10593, 22, 1, 9, 16, 1
10593, 22, 3, 9, 17, 1
10593, 22, 2, 9, 18, 1
10593, 22, 0, 9, 21, 1
10593, 22, 0, 14, 61, 1
10593, 22, 1, 15, 61, 1
10593, 22, 2, 16, 32, 1
10593, 22, 2, 18, 32, 1
10593, 22, 1, 19, 33, 1
10593, 22, 0, 19, 59, 1
10593, 22, 0, 20, 33, 1
10593, 22, 1, 21, 54, 1
10593, 22, 2, 21, 58, 1
10593, 22, 1, 21, 60, 1
10593, 22, 3, 22, 31, 1
10593, 22, 3, 22, 50, 1
10593, 22, 2, 22, 51, 1
10593, 22, 3, 22, 57, 1
10593, 22, 2, 23, 37, 1
10593, 22, 3, 23, 38, 1
10593, 22, 0, 23, 56, 1
10594, 22, 3, 16, 6, 0
10594, 22, 1, 16, 19, 0
10594, 22, 2, 17, 5, 0
10594, 22, 3, 17, 11, 0
10594, 22, 2, 17, 20, 0
10594, 22, 0, 18, 6, 0
10594, 22, 0, 18, 10, 0
10594, 22, 3, 18, 21, 0
10594, 22, 1, 19, 10, 0
10594, 22, 0, 23, 5, 0
10594, 22, 1, 24, 4, 0
10594, 22, 1, 24, 45, 0
10594, 22, 3, 25, 3, 0
10594, 22, 2, 25, 4, 0
10594, 22, 1, 25, 22, 0
10594, 22, 0, 25, 36, 0
10594, 22, 0, 26, 2, 0
10594, 22, 1, 26, 3, 0
10594, 22, 2, 26, 22, 0
10594, 22, 3, 27, 22, 0
10594, 22, 0, 28, 22, 0
10594, 22, 0, 28, 44, 0
10594, 22, 3, 28, 47, 0
10594, 22, 2, 29, 40, 0
10594, 22, 3, 29, 42, 0
10594, 22, 1, 29, 43, 0
10594, 22, 0, 29, 48, 0
10594, 22, 1, 30, 39, 0
10594, 22, 0, 31, 18, 0
10594, 22, 3, 31, 19, 0
10594, 22, 2, 31, 40, 0
10594, 22, 2, 31, 45, 0
10594, 22, 3, 32, 45, 0
10594, 22, 0, 33, 42, 0
10594, 22, 1, 34, 42, 0
10594, 22, 3, 34, 47, 0
10594, 22, 2, 34, 50, 0
10594, 22, 3, 35, 17, 0
10594, 22, 0, 35, 19, 0
10594, 22, 3, 35, 38, 0
10594, 22, 2, 36, 18, 0
10594, 22, 1, 36, 19, 0
10594, 22, 0, 36, 38, 0
10594, 22, 1, 36, 51, 0
10594, 22, 3, 37, 3, 0
10594, 22, 2, 37, 43, 0
10594, 22, 1, 37, 56, 0
10594, 22, 1, 38, 3, 0
10594, 22, 2, 38, 34, 0
10594, 22, 1, 38, 36, 0
10594, 22, 3, 38, 42, 0
10594, 22, 2, 39, 3, 0
10594, 22, 0, 39, 43, 0
10594, 22, 0, 39, 52, 0
10594, 22, 1, 40, 13, 0
10594, 22, 2, 40, 14, 0
10594, 22, 3, 40, 32, 0
10594, 22, 0, 40, 55, 0
10594, 22, 0, 40, 56, 0
10594, 22, 0, 41, 31, 0
10594, 22, 3, 41, 50, 0
10594, 22, 1, 41, 56, 0
10594, 22, 3, 42, 55, 0
10594, 22, 1, 43, 28, 0
10594, 22, 2, 43, 29, 0
10594, 22, 2, 43, 56, 0
10594, 22, 1, 44, 50, 0
10594, 22, 2, 45, 5, 0
10594, 22, 1, 45, 6, 0
10594, 22, 0, 45, 28, 0
10594, 22, 3, 45, 29, 0
10594, 22, 1, 45, 45, 0
10594, 22, 2, 45, 52, 0
10594, 22, 1, 46, 28, 0
10594, 22, 2, 46, 44, 0
10594, 22, 0, 46, 47, 0
10594, 22, 0, 46, 50, 0
10594, 22, 3, 48, 48, 0
10594, 22, 3, 48, 55, 0
10594, 22, 2, 48, 56, 0
10594, 22, 3, 49, 50, 0
10594, 22, 1, 50, 49, 0
10594, 22, 2, 51, 9, 0
10594, 22, 2, 51, 29, 0
10594, 22, 2, 51, 43, 0
10594, 22, 0, 51, 47, 0
10594, 22, 0, 52, 7, 0
10594, 22, 3, 52, 30, 0
10594, 22, 1, 52, 32, 0
10594, 22, 2, 52, 48, 0
10594, 22, 0, 53, 6, 0
10594, 22, 3, 53, 7, 0
10594, 22, 3, 53, 8, 0
10594, 22, 1, 53, 31, 0
10594, 22, 0, 53, 33, 0
10594, 22, 3, 53, 36, 0
10594, 22, 3, 53, 44, 0
10594, 22, 1, 54, 2, 0
10594, 22, 2, 54, 3, 0
10594, 22, 2, 54, 7, 0
10594, 22, 0, 54, 30, 0
10594, 22, 3, 54, 34, 0
10594, 22, 0, 54, 35, 0
10594, 22, 2, 54, 37, 0
10594, 22, 3, 55, 3, 0
10594, 22, 0, 55, 19, 0
10594, 22, 2, 55, 33, 0
10594, 22, 1, 55, 34, 0
10594, 22, 3, 55, 43, 0
10594, 22, 2, 55, 46, 0
10594, 22, 1, 55, 48, 0
10594, 22, 0, 56, 3, 0
10594, 22, 1, 56, 4, 0
10594, 22, 2, 56, 16, 0
10594, 22, 1, 56, 18, 0
10594, 22, 2, 56, 35, 0
10594, 22, 3, 56, 36, 0
10594, 22, 1, 56, 39, 0
10594, 22, 1, 56, 42, 0
10594, 22, 2, 56, 44, 0
10594, 22, 2, 57, 4, 0
10594, 22, 1, 57, 11, 0
10594, 22, 0, 57, 48, 0
10594, 22, 2, 58, 10, 0
10594, 22, 2, 58, 11, 0
10594, 22, 0, 58, 39, 0
10594, 22, 0, 58, 45, 0
10594, 22, 3, 59, 11, 0
10594, 22, 1, 9, 10, 1
10594, 22, 2, 9, 11, 1
10594, 22, 0, 9, 19, 1
10594, 22, 3, 9, 20, 1
10595, 10, 0, 47, 20, 0
10596, 10, 2, 47, 24, 0
10597, 10, 2, 14, 16, 0
10597, 10, 2, 14, 17, 0
10597, 10, 2, 14, 18, 0
10597, 10, 2, 14, 19, 0
10597, 10, 3, 14, 20, 0
10597, 10, 3, 15, 13, 0
10597, 10, 3, 15, 14, 0
10597, 10, 2, 15, 15, 0
10597, 10, 3, 15, 21, 0
10597, 10, 3, 16, 13, 0
10597, 10, 3, 16, 14, 0
10597, 10, 3, 16, 22, 0
10597, 10, 3, 17, 13, 0
10597, 10, 3, 17, 23, 0
10597, 10, 3, 18, 24, 0
10597, 10, 2, 19, 4, 0
10597, 10, 3, 19, 24, 0
10597, 10, 2, 20, 4, 0
10597, 10, 3, 20, 24, 0
10597, 10, 2, 21, 4, 0
10597, 10, 3, 21, 23, 0
10597, 10, 3, 21, 24, 0
10597, 10, 3, 22, 22, 0
10597, 10, 3, 22, 23, 0
10597, 10, 3, 22, 24, 0
10597, 10, 3, 23, 23, 0
10597, 10, 3, 23, 24, 0
10597, 10, 1, 23, 29, 0
10597, 10, 3, 24, 24, 0
10597, 10, 0, 28, 62, 0
10597, 10, 0, 28, 63, 0
10597, 10, 3, 29, 51, 0
10597, 10, 0, 29, 52, 0
10597, 10, 0, 29, 62, 0
10597, 10, 0, 29, 63, 0
10597, 10, 2, 30, 35, 0
10597, 10, 2, 30, 36, 0
10597, 10, 0, 30, 53, 0
10597, 10, 0, 30, 54, 0
10597, 10, 0, 30, 55, 0
10597, 10, 0, 30, 56, 0
10597, 10, 3, 30, 57, 0
10597, 10, 0, 30, 61, 0
10597, 10, 0, 30, 62, 0
10597, 10, 0, 30, 63, 0
10597, 10, 0, 31, 14, 0
10597, 10, 0, 31, 15, 0
10597, 10, 1, 31, 55, 0
10597, 10, 3, 31, 56, 0
10597, 10, 3, 31, 57, 0
10597, 10, 0, 32, 15, 0
10597, 10, 0, 32, 16, 0
10597, 10, 0, 32, 21, 0
10597, 10, 0, 32, 37, 0
10597, 10, 1, 32, 56, 0
10597, 10, 3, 32, 57, 0
10597, 10, 2, 33, 2, 0
10597, 10, 0, 33, 15, 0
10597, 10, 0, 33, 16, 0
10597, 10, 0, 33, 17, 0
10597, 10, 0, 33, 18, 0
10597, 10, 0, 33, 19, 0
10597, 10, 0, 33, 20, 0
10597, 10, 0, 33, 21, 0
10597, 10, 1, 33, 57, 0
10597, 10, 2, 34, 2, 0
10597, 10, 0, 34, 15, 0
10597, 10, 1, 36, 1, 0
10597, 10, 1, 37, 1, 0
10597, 10, 0, 37, 13, 0
10597, 10, 1, 38, 1, 0
10597, 10, 0, 38, 13, 0
10597, 10, 1, 39, 1, 0
10597, 10, 0, 40, 22, 0
10597, 10, 2, 42, 4, 0
10597, 10, 2, 43, 4, 0
10597, 10, 1, 46, 21, 0
10597, 10, 2, 47, 1, 0
10597, 10, 0, 47, 11, 0
10597, 10, 0, 47, 12, 0
10597, 10, 0, 48, 10, 0
10597, 10, 0, 48, 11, 0
10597, 10, 3, 48, 12, 0
10597, 10, 0, 48, 13, 0
10597, 10, 0, 49, 10, 0
10597, 10, 3, 49, 11, 0
10597, 10, 3, 49, 12, 0
10597, 10, 0, 49, 13, 0
10597, 10, 0, 50, 11, 0
10597, 10, 0, 50, 12, 0
10597, 10, 1, 50, 21, 0
10597, 10, 3, 52, 54, 0
10597, 10, 3, 52, 55, 0
10597, 10, 3, 53, 54, 0
10597, 10, 0, 57, 31, 0
10597, 10, 0, 58, 32, 0
10597, 10, 0, 59, 18, 0
10597, 10, 0, 59, 33, 0
10597, 10, 0, 60, 18, 0
10597, 10, 0, 61, 17, 0
10599, 10, 2, 14, 8, 0
10599, 10, 3, 14, 12, 0
10599, 10, 2, 14, 15, 0
10599, 10, 3, 14, 21, 0
10599, 10, 2, 15, 4, 0
10599, 10, 3, 15, 22, 0
10599, 10, 3, 16, 23, 0
10599, 10, 3, 17, 24, 0
10599, 10, 2, 22, 3, 0
10599, 10, 2, 23, 2, 0
10599, 10, 2, 24, 1, 0
10599, 10, 2, 24, 28, 0
10599, 10, 0, 25, 24, 0
10599, 10, 1, 28, 28, 0
10599, 10, 1, 29, 29, 0
10599, 10, 0, 30, 23, 0
10599, 10, 1, 30, 31, 0
10599, 10, 1, 31, 1, 0
10599, 10, 0, 31, 22, 0
10599, 10, 1, 31, 36, 0
10599, 10, 0, 31, 58, 0
10599, 10, 3, 33, 58, 0
10599, 10, 3, 34, 22, 0
10599, 10, 2, 34, 36, 0
10599, 10, 3, 34, 59, 0
10599, 10, 2, 35, 1, 0
10599, 10, 3, 35, 23, 0
10599, 10, 2, 35, 35, 0
10599, 10, 3, 35, 60, 0
10599, 10, 2, 36, 34, 0
10599, 10, 3, 36, 61, 0
10599, 10, 2, 37, 31, 0
10599, 10, 2, 38, 30, 0
10599, 10, 0, 39, 23, 0
10599, 10, 2, 39, 29, 0
10599, 10, 1, 40, 1, 0
10599, 10, 2, 40, 28, 0
10599, 10, 1, 41, 2, 0
10599, 10, 2, 41, 27, 0
10599, 10, 1, 42, 3, 0
10599, 10, 2, 44, 3, 0
10599, 10, 2, 44, 26, 0
10599, 10, 2, 45, 2, 0
10599, 10, 0, 45, 22, 0
10599, 10, 2, 45, 25, 0
10599, 10, 2, 46, 1, 0
10599, 10, 2, 46, 24, 0
10599, 10, 0, 47, 61, 0
10599, 10, 0, 48, 60, 0
10599, 10, 1, 50, 24, 0
10599, 10, 0, 50, 59, 0
10599, 10, 1, 51, 25, 0
10599, 10, 0, 51, 58, 0
10599, 10, 3, 52, 22, 0
10599, 10, 1, 52, 26, 0
10599, 10, 0, 52, 56, 0
10599, 10, 3, 53, 23, 0
10599, 10, 1, 53, 27, 0
10599, 10, 0, 53, 55, 0
10599, 10, 0, 54, 54, 0
10599, 10, 1, 55, 28, 0
10599, 10, 1, 56, 1, 0
10599, 10, 1, 56, 29, 0
10599, 10, 1, 57, 30, 0
10599, 10, 0, 57, 53, 0
10599, 10, 1, 58, 2, 0
10599, 10, 0, 58, 23, 0
10599, 10, 1, 58, 31, 0
10599, 10, 0, 58, 52, 0
10599, 10, 0, 59, 22, 0
10599, 10, 1, 59, 32, 0
10599, 10, 0, 59, 51, 0
10599, 10, 1, 60, 3, 0
10599, 10, 0, 60, 19, 0
10599, 10, 1, 60, 37, 0
10599, 10, 0, 60, 50, 0
10599, 10, 1, 61, 4, 0
10599, 10, 0, 61, 18, 0
10599, 10, 1, 61, 38, 0
10599, 10, 0, 61, 45, 0
10599, 10, 1, 62, 5, 0
10599, 10, 0, 62, 14, 0
10600, 10, 0, 11, 0, 1
10600, 10, 0, 11, 1, 1
10600, 10, 0, 11, 2, 1
10600, 10, 0, 11, 3, 1
10600, 10, 0, 11, 4, 1
10600, 10, 0, 11, 5, 1
10600, 10, 0, 11, 6, 1
10600, 10, 0, 11, 7, 1
10600, 10, 0, 11, 8, 1
10600, 10, 0, 11, 9, 1
10600, 10, 0, 11, 10, 1
10600, 10, 0, 11, 11, 1
10600, 10, 0, 11, 12, 1
10600, 10, 0, 11, 13, 1
10600, 10, 0, 11, 14, 1
10600, 10, 0, 11, 15, 1
10600, 10, 0, 11, 16, 1
10600, 10, 0, 11, 17, 1
10600, 10, 0, 11, 18, 1
10600, 10, 0, 11, 19, 1
10600, 10, 0, 11, 20, 1
10600, 10, 0, 11, 21, 1
10600, 10, 0, 11, 22, 1
10600, 10, 0, 11, 23, 1
10600, 10, 0, 12, 0, 1
10600, 10, 0, 12, 1, 1
10600, 10, 0, 12, 2, 1
10600, 10, 0, 12, 3, 1
10600, 10, 0, 12, 4, 1
10600, 10, 0, 12, 5, 1
10600, 10, 0, 12, 6, 1
10600, 10, 0, 12, 7, 1
10600, 10, 0, 12, 8, 1
10600, 10, 0, 12, 9, 1
10600, 10, 0, 12, 10, 1
10600, 10, 0, 12, 11, 1
10600, 10, 0, 12, 12, 1
10600, 10, 0, 12, 13, 1
10600, 10, 0, 12, 14, 1
10600, 10, 0, 12, 15, 1
10600, 10, 0, 12, 16, 1
10600, 10, 0, 12, 17, 1
10600, 10, 0, 12, 18, 1
10600, 10, 0, 12, 19, 1
10600, 10, 0, 12, 20, 1
10600, 10, 0, 12, 21, 1
10600, 10, 0, 12, 22, 1
10600, 10, 0, 12, 23, 1
10600, 10, 0, 12, 24, 1
10600, 10, 0, 12, 25, 1
10600, 10, 0, 13, 0, 1
10600, 10, 0, 13, 1, 1
10600, 10, 0, 13, 2, 1
10600, 10, 0, 13, 3, 1
10600, 10, 0, 13, 4, 1
10600, 10, 0, 13, 5, 1
10600, 10, 0, 13, 6, 1
10600, 10, 0, 13, 7, 1
10600, 10, 0, 13, 8, 1
10600, 10, 0, 13, 13, 1
10600, 10, 0, 13, 14, 1
10600, 10, 0, 13, 15, 1
10600, 10, 0, 13, 22, 1
10600, 10, 0, 13, 23, 1
10600, 10, 0, 13, 24, 1
10600, 10, 0, 13, 25, 1
10600, 10, 0, 13, 26, 1
10600, 10, 0, 14, 0, 1
10600, 10, 0, 14, 1, 1
10600, 10, 0, 14, 2, 1
10600, 10, 0, 14, 3, 1
10600, 10, 0, 14, 14, 1
10600, 10, 0, 14, 23, 1
10600, 10, 0, 14, 24, 1
10600, 10, 0, 14, 25, 1
10600, 10, 0, 15, 0, 1
10600, 10, 0, 15, 1, 1
10600, 10, 0, 15, 2, 1
10600, 10, 0, 15, 24, 1
10600, 10, 0, 15, 25, 1
10600, 10, 0, 16, 0, 1
10600, 10, 0, 16, 1, 1
10600, 10, 0, 16, 2, 1
10600, 10, 0, 16, 25, 1
10600, 10, 0, 17, 0, 1
10600, 10, 0, 17, 1, 1
10600, 10, 0, 17, 2, 1
10600, 10, 0, 17, 25, 1
10600, 10, 0, 18, 0, 1
10600, 10, 0, 18, 1, 1
10600, 10, 0, 18, 2, 1
10600, 10, 0, 18, 26, 1
10600, 10, 0, 19, 0, 1
10600, 10, 0, 19, 1, 1
10600, 10, 0, 19, 2, 1
10600, 10, 0, 19, 26, 1
10600, 10, 0, 20, 0, 1
10600, 10, 0, 20, 1, 1
10600, 10, 0, 20, 2, 1
10600, 10, 0, 20, 26, 1
10600, 10, 0, 21, 0, 1
10600, 10, 0, 21, 1, 1
10600, 10, 0, 21, 2, 1
10600, 10, 0, 21, 26, 1
10600, 10, 0, 21, 27, 1
10600, 10, 0, 22, 0, 1
10600, 10, 0, 22, 1, 1
10600, 10, 0, 22, 26, 1
10600, 10, 0, 22, 27, 1
10600, 10, 0, 22, 28, 1
10600, 10, 0, 23, 0, 1
10600, 10, 0, 23, 26, 1
10600, 10, 0, 23, 27, 1
10600, 10, 0, 24, 26, 1
10600, 10, 0, 25, 25, 1
10600, 10, 0, 25, 26, 1
10600, 10, 0, 26, 25, 1
10600, 10, 0, 26, 26, 1
10600, 10, 0, 27, 25, 1
10600, 10, 0, 27, 26, 1
10600, 10, 0, 28, 25, 1
10600, 10, 0, 28, 26, 1
10600, 10, 0, 28, 27, 1
10600, 10, 0, 29, 25, 1
10600, 10, 0, 29, 26, 1
10600, 10, 0, 29, 27, 1
10600, 10, 0, 29, 28, 1
10600, 10, 0, 30, 24, 1
10600, 10, 0, 30, 25, 1
10600, 10, 0, 30, 26, 1
10600, 10, 0, 30, 27, 1
10600, 10, 0, 30, 28, 1
10600, 10, 0, 30, 29, 1
10600, 10, 0, 31, 0, 1
10600, 10, 0, 31, 23, 1
10600, 10, 0, 31, 24, 1
10600, 10, 0, 31, 25, 1
10600, 10, 0, 31, 26, 1
10600, 10, 0, 31, 27, 1
10600, 10, 0, 31, 28, 1
10600, 10, 0, 31, 29, 1
10600, 10, 0, 31, 30, 1
10600, 10, 0, 31, 35, 1
10600, 10, 0, 32, 0, 1
10600, 10, 0, 32, 23, 1
10600, 10, 0, 32, 24, 1
10600, 10, 0, 32, 25, 1
10600, 10, 0, 32, 26, 1
10600, 10, 0, 32, 27, 1
10600, 10, 0, 32, 28, 1
10600, 10, 0, 32, 29, 1
10600, 10, 0, 32, 30, 1
10600, 10, 0, 32, 31, 1
10600, 10, 0, 32, 32, 1
10600, 10, 0, 32, 33, 1
10600, 10, 0, 32, 34, 1
10600, 10, 0, 32, 35, 1
10600, 10, 0, 32, 36, 1
10600, 10, 0, 32, 59, 1
10600, 10, 0, 32, 60, 1
10600, 10, 0, 32, 61, 1
10600, 10, 0, 32, 62, 1
10600, 10, 0, 32, 63, 1
10600, 10, 0, 33, 0, 1
10600, 10, 0, 33, 1, 1
10600, 10, 0, 33, 23, 1
10600, 10, 0, 33, 24, 1
10600, 10, 0, 33, 25, 1
10600, 10, 0, 33, 26, 1
10600, 10, 0, 33, 27, 1
10600, 10, 0, 33, 28, 1
10600, 10, 0, 33, 29, 1
10600, 10, 0, 33, 30, 1
10600, 10, 0, 33, 31, 1
10600, 10, 0, 33, 32, 1
10600, 10, 0, 33, 33, 1
10600, 10, 0, 33, 34, 1
10600, 10, 0, 33, 35, 1
10600, 10, 0, 33, 60, 1
10600, 10, 0, 33, 61, 1
10600, 10, 0, 33, 62, 1
10600, 10, 0, 33, 63, 1
10600, 10, 0, 34, 0, 1
10600, 10, 0, 34, 1, 1
10600, 10, 0, 34, 23, 1
10600, 10, 0, 34, 24, 1
10600, 10, 0, 34, 25, 1
10600, 10, 0, 34, 26, 1
10600, 10, 0, 34, 27, 1
10600, 10, 0, 34, 28, 1
10600, 10, 0, 34, 29, 1
10600, 10, 0, 34, 30, 1
10600, 10, 0, 34, 31, 1
10600, 10, 0, 34, 32, 1
10600, 10, 0, 34, 33, 1
10600, 10, 0, 34, 34, 1
10600, 10, 0, 34, 35, 1
10600, 10, 0, 34, 61, 1
10600, 10, 0, 34, 62, 1
10600, 10, 0, 34, 63, 1
10600, 10, 0, 35, 0, 1
10600, 10, 0, 35, 24, 1
10600, 10, 0, 35, 25, 1
10600, 10, 0, 35, 26, 1
10600, 10, 0, 35, 27, 1
10600, 10, 0, 35, 28, 1
10600, 10, 0, 35, 29, 1
10600, 10, 0, 35, 30, 1
10600, 10, 0, 35, 31, 1
10600, 10, 0, 35, 32, 1
10600, 10, 0, 35, 33, 1
10600, 10, 0, 35, 34, 1
10600, 10, 0, 35, 62, 1
10600, 10, 0, 35, 63, 1
10600, 10, 0, 36, 25, 1
10600, 10, 0, 36, 26, 1
10600, 10, 0, 36, 27, 1
10600, 10, 0, 36, 28, 1
10600, 10, 0, 36, 29, 1
10600, 10, 0, 36, 30, 1
10600, 10, 0, 36, 31, 1
10600, 10, 0, 36, 63, 1
10600, 10, 0, 37, 25, 1
10600, 10, 0, 37, 26, 1
10600, 10, 0, 37, 27, 1
10600, 10, 0, 37, 28, 1
10600, 10, 0, 37, 29, 1
10600, 10, 0, 37, 30, 1
10600, 10, 0, 37, 63, 1
10600, 10, 0, 38, 25, 1
10600, 10, 0, 38, 26, 1
10600, 10, 0, 38, 27, 1
10600, 10, 0, 38, 28, 1
10600, 10, 0, 38, 29, 1
10600, 10, 0, 38, 63, 1
10600, 10, 0, 39, 24, 1
10600, 10, 0, 39, 25, 1
10600, 10, 0, 39, 26, 1
10600, 10, 0, 39, 27, 1
10600, 10, 0, 39, 28, 1
10600, 10, 0, 39, 63, 1
10600, 10, 0, 40, 0, 1
10600, 10, 0, 40, 23, 1
10600, 10, 0, 40, 24, 1
10600, 10, 0, 40, 25, 1
10600, 10, 0, 40, 26, 1
10600, 10, 0, 40, 27, 1
10600, 10, 0, 40, 63, 1
10600, 10, 0, 41, 0, 1
10600, 10, 0, 41, 1, 1
10600, 10, 0, 41, 24, 1
10600, 10, 0, 41, 25, 1
10600, 10, 0, 41, 26, 1
10600, 10, 0, 41, 63, 1
10600, 10, 0, 42, 0, 1
10600, 10, 0, 42, 1, 1
10600, 10, 0, 42, 2, 1
10600, 10, 0, 42, 24, 1
10600, 10, 0, 42, 25, 1
10600, 10, 0, 42, 63, 1
10600, 10, 0, 43, 0, 1
10600, 10, 0, 43, 1, 1
10600, 10, 0, 43, 2, 1
10600, 10, 0, 43, 24, 1
10600, 10, 0, 43, 25, 1
10600, 10, 0, 43, 63, 1
10600, 10, 0, 44, 0, 1
10600, 10, 0, 44, 1, 1
10600, 10, 0, 44, 2, 1
10600, 10, 0, 44, 24, 1
10600, 10, 0, 44, 63, 1
10600, 10, 0, 45, 0, 1
10600, 10, 0, 45, 1, 1
10600, 10, 0, 45, 23, 1
10600, 10, 0, 45, 63, 1
10600, 10, 0, 46, 0, 1
10600, 10, 0, 46, 23, 1
10600, 10, 0, 46, 63, 1
10600, 10, 0, 47, 22, 1
10600, 10, 0, 47, 23, 1
10600, 10, 0, 47, 63, 1
10600, 10, 0, 48, 11, 1
10600, 10, 0, 48, 12, 1
10600, 10, 0, 48, 22, 1
10600, 10, 0, 48, 23, 1
10600, 10, 0, 48, 62, 1
10600, 10, 0, 48, 63, 1
10600, 10, 0, 49, 11, 1
10600, 10, 0, 49, 12, 1
10600, 10, 0, 49, 22, 1
10600, 10, 0, 49, 23, 1
10600, 10, 0, 49, 61, 1
10600, 10, 0, 49, 62, 1
10600, 10, 0, 49, 63, 1
10600, 10, 0, 50, 23, 1
10600, 10, 0, 50, 60, 1
10600, 10, 0, 50, 61, 1
10600, 10, 0, 50, 62, 1
10600, 10, 0, 50, 63, 1
10600, 10, 0, 51, 23, 1
10600, 10, 0, 51, 24, 1
10600, 10, 0, 51, 59, 1
10600, 10, 0, 51, 60, 1
10600, 10, 0, 51, 61, 1
10600, 10, 0, 51, 62, 1
10600, 10, 0, 51, 63, 1
10600, 10, 0, 52, 23, 1
10600, 10, 0, 52, 24, 1
10600, 10, 0, 52, 25, 1
10600, 10, 0, 52, 58, 1
10600, 10, 0, 52, 59, 1
10600, 10, 0, 52, 60, 1
10600, 10, 0, 52, 61, 1
10600, 10, 0, 52, 62, 1
10600, 10, 0, 52, 63, 1
10600, 10, 0, 53, 24, 1
10600, 10, 0, 53, 25, 1
10600, 10, 0, 53, 26, 1
10600, 10, 0, 53, 56, 1
10600, 10, 0, 53, 57, 1
10600, 10, 0, 53, 58, 1
10600, 10, 0, 53, 59, 1
10600, 10, 0, 53, 60, 1
10600, 10, 0, 53, 61, 1
10600, 10, 0, 53, 62, 1
10600, 10, 0, 53, 63, 1
10600, 10, 0, 54, 25, 1
10600, 10, 0, 54, 26, 1
10600, 10, 0, 54, 55, 1
10600, 10, 0, 54, 56, 1
10600, 10, 0, 54, 57, 1
10600, 10, 0, 54, 58, 1
10600, 10, 0, 54, 59, 1
10600, 10, 0, 54, 60, 1
10600, 10, 0, 54, 61, 1
10600, 10, 0, 54, 62, 1
10600, 10, 0, 54, 63, 1
10600, 10, 0, 55, 25, 1
10600, 10, 0, 55, 26, 1
10600, 10, 0, 55, 55, 1
10600, 10, 0, 55, 56, 1
10600, 10, 0, 55, 57, 1
10600, 10, 0, 55, 58, 1
10600, 10, 0, 55, 59, 1
10600, 10, 0, 55, 60, 1
10600, 10, 0, 55, 61, 1
10600, 10, 0, 55, 62, 1
10600, 10, 0, 55, 63, 1
10600, 10, 0, 56, 0, 1
10600, 10, 0, 56, 25, 1
10600, 10, 0, 56, 26, 1
10600, 10, 0, 56, 27, 1
10600, 10, 0, 56, 55, 1
10600, 10, 0, 56, 56, 1
10600, 10, 0, 56, 57, 1
10600, 10, 0, 56, 58, 1
10600, 10, 0, 56, 59, 1
10600, 10, 0, 56, 60, 1
10600, 10, 0, 56, 61, 1
10600, 10, 0, 56, 62, 1
10600, 10, 0, 56, 63, 1
10600, 10, 0, 57, 0, 1
10600, 10, 0, 57, 25, 1
10600, 10, 0, 57, 26, 1
10600, 10, 0, 57, 27, 1
10600, 10, 0, 57, 28, 1
10600, 10, 0, 57, 55, 1
10600, 10, 0, 57, 56, 1
10600, 10, 0, 57, 57, 1
10600, 10, 0, 57, 58, 1
10600, 10, 0, 57, 59, 1
10600, 10, 0, 57, 60, 1
10600, 10, 0, 57, 61, 1
10600, 10, 0, 57, 62, 1
10600, 10, 0, 57, 63, 1
10600, 10, 0, 58, 0, 1
10600, 10, 0, 58, 1, 1
10600, 10, 0, 58, 24, 1
10600, 10, 0, 58, 25, 1
10600, 10, 0, 58, 26, 1
10600, 10, 0, 58, 27, 1
10600, 10, 0, 58, 28, 1
10600, 10, 0, 58, 29, 1
10600, 10, 0, 58, 54, 1
10600, 10, 0, 58, 55, 1
10600, 10, 0, 58, 56, 1
10600, 10, 0, 58, 57, 1
10600, 10, 0, 58, 58, 1
10600, 10, 0, 58, 59, 1
10600, 10, 0, 58, 60, 1
10600, 10, 0, 58, 61, 1
10600, 10, 0, 58, 62, 1
10600, 10, 0, 58, 63, 1
10600, 10, 0, 59, 0, 1
10600, 10, 0, 59, 1, 1
10600, 10, 0, 59, 23, 1
10600, 10, 0, 59, 24, 1
10600, 10, 0, 59, 25, 1
10600, 10, 0, 59, 26, 1
10600, 10, 0, 59, 27, 1
10600, 10, 0, 59, 28, 1
10600, 10, 0, 59, 29, 1
10600, 10, 0, 59, 30, 1
10600, 10, 0, 59, 31, 1
10600, 10, 0, 59, 53, 1
10600, 10, 0, 59, 54, 1
10600, 10, 0, 59, 55, 1
10600, 10, 0, 59, 56, 1
10600, 10, 0, 59, 57, 1
10600, 10, 0, 59, 58, 1
10600, 10, 0, 59, 59, 1
10600, 10, 0, 59, 60, 1
10600, 10, 0, 59, 61, 1
10600, 10, 0, 59, 62, 1
10600, 10, 0, 59, 63, 1
10600, 10, 0, 60, 0, 1
10600, 10, 0, 60, 1, 1
10600, 10, 0, 60, 2, 1
10600, 10, 0, 60, 22, 1
10600, 10, 0, 60, 23, 1
10600, 10, 0, 60, 24, 1
10600, 10, 0, 60, 25, 1
10600, 10, 0, 60, 26, 1
10600, 10, 0, 60, 27, 1
10600, 10, 0, 60, 28, 1
10600, 10, 0, 60, 29, 1
10600, 10, 0, 60, 30, 1
10600, 10, 0, 60, 31, 1
10600, 10, 0, 60, 32, 1
10600, 10, 0, 60, 52, 1
10600, 10, 0, 60, 53, 1
10600, 10, 0, 60, 54, 1
10600, 10, 0, 60, 55, 1
10600, 10, 0, 60, 56, 1
10600, 10, 0, 60, 57, 1
10600, 10, 0, 60, 58, 1
10600, 10, 0, 60, 59, 1
10600, 10, 0, 60, 60, 1
10600, 10, 0, 60, 61, 1
10600, 10, 0, 60, 62, 1
10600, 10, 0, 60, 63, 1
10600, 10, 0, 61, 0, 1
10600, 10, 0, 61, 1, 1
10600, 10, 0, 61, 2, 1
10600, 10, 0, 61, 3, 1
10600, 10, 0, 61, 19, 1
10600, 10, 0, 61, 20, 1
10600, 10, 0, 61, 21, 1
10600, 10, 0, 61, 22, 1
10600, 10, 0, 61, 23, 1
10600, 10, 0, 61, 24, 1
10600, 10, 0, 61, 25, 1
10600, 10, 0, 61, 26, 1
10600, 10, 0, 61, 27, 1
10600, 10, 0, 61, 28, 1
10600, 10, 0, 61, 29, 1
10600, 10, 0, 61, 30, 1
10600, 10, 0, 61, 31, 1
10600, 10, 0, 61, 32, 1
10600, 10, 0, 61, 33, 1
10600, 10, 0, 61, 34, 1
10600, 10, 0, 61, 35, 1
10600, 10, 0, 61, 36, 1
10600, 10, 0, 61, 37, 1
10600, 10, 0, 61, 51, 1
10600, 10, 0, 61, 52, 1
10600, 10, 0, 61, 53, 1
10600, 10, 0, 61, 54, 1
10600, 10, 0, 61, 55, 1
10600, 10, 0, 61, 56, 1
10600, 10, 0, 61, 57, 1
10600, 10, 0, 61, 58, 1
10600, 10, 0, 61, 59, 1
10600, 10, 0, 61, 60, 1
10600, 10, 0, 61, 61, 1
10600, 10, 0, 61, 62, 1
10600, 10, 0, 61, 63, 1
10600, 10, 0, 62, 0, 1
10600, 10, 0, 62, 1, 1
10600, 10, 0, 62, 2, 1
10600, 10, 0, 62, 3, 1
10600, 10, 0, 62, 4, 1
10600, 10, 0, 62, 18, 1
10600, 10, 0, 62, 19, 1
10600, 10, 0, 62, 20, 1
10600, 10, 0, 62, 21, 1
10600, 10, 0, 62, 22, 1
10600, 10, 0, 62, 23, 1
10600, 10, 0, 62, 24, 1
10600, 10, 0, 62, 25, 1
10600, 10, 0, 62, 26, 1
10600, 10, 0, 62, 27, 1
10600, 10, 0, 62, 28, 1
10600, 10, 0, 62, 29, 1
10600, 10, 0, 62, 30, 1
10600, 10, 0, 62, 31, 1
10600, 10, 0, 62, 32, 1
10600, 10, 0, 62, 33, 1
10600, 10, 0, 62, 34, 1
10600, 10, 0, 62, 35, 1
10600, 10, 0, 62, 36, 1
10600, 10, 0, 62, 37, 1
10600, 10, 0, 62, 38, 1
10600, 10, 0, 62, 46, 1
10600, 10, 0, 62, 47, 1
10600, 10, 0, 62, 48, 1
10600, 10, 0, 62, 49, 1
10600, 10, 0, 62, 50, 1
10600, 10, 0, 62, 51, 1
10600, 10, 0, 62, 52, 1
10600, 10, 0, 62, 53, 1
10600, 10, 0, 62, 54, 1
10600, 10, 0, 62, 55, 1
10600, 10, 0, 62, 56, 1
10600, 10, 0, 62, 57, 1
10600, 10, 0, 62, 58, 1
10600, 10, 0, 62, 59, 1
10600, 10, 0, 62, 60, 1
10600, 10, 0, 62, 61, 1
10600, 10, 0, 62, 62, 1
10600, 10, 0, 62, 63, 1
10600, 10, 0, 63, 0, 1
10600, 10, 0, 63, 1, 1
10600, 10, 0, 63, 2, 1
10600, 10, 0, 63, 3, 1
10600, 10, 0, 63, 4, 1
10600, 10, 0, 63, 5, 1
10600, 10, 0, 63, 14, 1
10600, 10, 0, 63, 15, 1
10600, 10, 0, 63, 16, 1
10600, 10, 0, 63, 17, 1
10600, 10, 0, 63, 18, 1
10600, 10, 0, 63, 19, 1
10600, 10, 0, 63, 20, 1
10600, 10, 0, 63, 21, 1
10600, 10, 0, 63, 22, 1
10600, 10, 0, 63, 23, 1
10600, 10, 0, 63, 24, 1
10600, 10, 0, 63, 25, 1
10600, 10, 0, 63, 26, 1
10600, 10, 0, 63, 27, 1
10600, 10, 0, 63, 28, 1
10600, 10, 0, 63, 29, 1
10600, 10, 0, 63, 30, 1
10600, 10, 0, 63, 31, 1
10600, 10, 0, 63, 32, 1
10600, 10, 0, 63, 33, 1
10600, 10, 0, 63, 34, 1
10600, 10, 0, 63, 35, 1
10600, 10, 0, 63, 36, 1
10600, 10, 0, 63, 37, 1
10600, 10, 0, 63, 38, 1
10600, 10, 0, 63, 39, 1
10600, 10, 0, 63, 40, 1
10600, 10, 0, 63, 41, 1
10600, 10, 0, 63, 42, 1
10600, 10, 0, 63, 43, 1
10600, 10, 0, 63, 44, 1
10600, 10, 0, 63, 45, 1
10600, 10, 0, 63, 46, 1
10600, 10, 0, 63, 47, 1
10600, 10, 0, 63, 48, 1
10600, 10, 0, 63, 49, 1
10600, 10, 0, 63, 50, 1
10600, 10, 0, 63, 51, 1
10600, 10, 0, 63, 52, 1
10600, 10, 0, 63, 53, 1
10600, 10, 0, 63, 54, 1
10600, 10, 0, 63, 55, 1
10600, 10, 0, 63, 56, 1
10600, 10, 0, 63, 57, 1
10600, 10, 0, 63, 58, 1
10600, 10, 0, 63, 59, 1
10600, 10, 0, 63, 60, 1
10600, 10, 0, 63, 61, 1
10600, 10, 0, 63, 62, 1
10600, 10, 0, 63, 63, 1
10602, 10, 1, 19, 12, 0
10602, 10, 2, 20, 13, 0
10602, 10, 2, 26, 9, 0
10602, 10, 3, 27, 8, 0
10602, 10, 0, 28, 14, 0
10602, 10, 2, 28, 15, 0
10602, 10, 1, 29, 13, 0
10602, 10, 0, 33, 54, 0
10602, 10, 1, 35, 42, 0
10602, 10, 0, 35, 55, 0
10602, 10, 0, 36, 41, 0
10602, 10, 1, 36, 54, 0
10602, 10, 2, 37, 55, 0
10602, 10, 1, 39, 5, 0
10602, 10, 2, 39, 6, 0
10602, 10, 3, 39, 40, 0
10602, 10, 3, 40, 6, 0
10602, 10, 1, 40, 37, 0
10602, 10, 2, 40, 39, 0
10602, 10, 1, 40, 44, 0
10602, 10, 3, 41, 32, 0
10602, 10, 2, 42, 44, 0
10602, 10, 3, 44, 48, 0
10602, 10, 3, 46, 53, 0
10602, 10, 1, 47, 45, 0
10602, 10, 1, 48, 46, 0
10602, 10, 3, 48, 54, 0
10602, 10, 0, 49, 39, 0
10602, 10, 0, 49, 51, 0
10602, 10, 3, 51, 30, 0
10602, 10, 3, 52, 12, 0
10602, 10, 1, 52, 37, 0
10602, 10, 0, 53, 11, 0
10602, 10, 1, 53, 12, 0
10602, 10, 3, 53, 32, 0
10602, 10, 1, 53, 50, 0
10602, 10, 1, 54, 32, 0
10602, 10, 0, 54, 49, 0
10602, 10, 2, 54, 51, 0
10602, 10, 1, 55, 9, 0
10602, 10, 1, 55, 49, 0
10602, 10, 3, 55, 50, 0
10602, 10, 1, 58, 47, 0
10603, 10, 0, 20, 12, 0
10603, 10, 0, 20, 14, 0
10603, 10, 2, 25, 9, 0
10603, 10, 2, 25, 10, 0
10603, 10, 1, 26, 8, 0
10603, 10, 2, 26, 10, 0
10603, 10, 1, 28, 8, 0
10603, 10, 3, 29, 16, 0
10603, 10, 1, 34, 53, 0
10603, 10, 3, 35, 56, 0
10603, 10, 3, 37, 38, 0
10603, 10, 2, 38, 6, 0
10603, 10, 0, 38, 37, 0
10603, 10, 1, 40, 4, 0
10603, 10, 1, 47, 46, 0
10603, 10, 3, 49, 40, 0
10603, 10, 0, 49, 54, 0
10603, 10, 1, 50, 39, 0
10603, 10, 1, 52, 10, 0
10603, 10, 3, 52, 13, 0
10603, 10, 0, 56, 49, 0
10604, 10, 0, 19, 13, 0
10604, 10, 1, 19, 14, 0
10604, 10, 3, 27, 9, 0
10604, 10, 1, 29, 14, 0
10604, 10, 0, 29, 15, 0
10604, 10, 3, 29, 46, 0
10604, 10, 2, 34, 54, 0
10604, 10, 1, 36, 55, 0
10604, 10, 3, 37, 37, 0
10604, 10, 3, 39, 33, 0
10604, 10, 0, 39, 39, 0
10604, 10, 1, 40, 5, 0
10604, 10, 1, 41, 42, 0
10604, 10, 1, 48, 38, 0
10604, 10, 1, 48, 45, 0
10604, 10, 1, 48, 53, 0
10604, 10, 0, 49, 52, 0
10604, 10, 3, 52, 11, 0
10604, 10, 1, 54, 31, 0
10604, 10, 1, 54, 50, 0
10605, 10, 2, 49, 26, 0
10606, 0, 3, 47, 20, 0
10606, 0, 1, 47, 25, 0
10606, 0, 3, 48, 20, 0
10606, 0, 1, 48, 25, 0
10606, 0, 3, 49, 20, 0
10606, 0, 1, 49, 25, 0
