196, 4, 0, 36, 28, 0
196, 4, 0, 36, 31, 0
196, 4, 0, 36, 34, 0
196, 4, 0, 36, 38, 0
196, 4, 0, 36, 40, 0
196, 4, 2, 37, 29, 0
196, 4, 2, 37, 32, 0
196, 4, 2, 37, 37, 0
196, 4, 2, 37, 40, 0
196, 4, 0, 50, 29, 0
196, 4, 0, 50, 32, 0
196, 4, 2, 51, 28, 0
196, 4, 2, 51, 31, 0
196, 4, 2, 51, 34, 0
196, 4, 0, 51, 37, 0
196, 4, 0, 51, 40, 0
196, 5, 1, 36, 29, 1
196, 4, 0, 36, 33, 1
196, 4, 0, 36, 35, 1
196, 4, 3, 38, 26, 1
196, 5, 1, 38, 29, 1
196, 4, 1, 38, 42, 1
196, 4, 3, 40, 41, 1
196, 4, 1, 41, 28, 1
196, 4, 1, 46, 28, 1
196, 4, 3, 48, 41, 1
196, 4, 3, 49, 26, 1
196, 5, 1, 49, 29, 1
196, 4, 1, 49, 42, 1
196, 5, 1, 51, 29, 1
196, 4, 2, 51, 33, 1
196, 4, 2, 51, 35, 1
319, 22, 1, 19, 32, 0
319, 22, 0, 20, 27, 0
319, 22, 0, 20, 34, 0
319, 22, 3, 22, 29, 0
319, 22, 0, 23, 25, 0
319, 22, 1, 23, 36, 0
319, 22, 2, 24, 4, 0
319, 22, 1, 24, 22, 0
319, 22, 0, 25, 39, 0
319, 22, 1, 26, 5, 0
319, 22, 0, 26, 7, 0
319, 22, 2, 27, 10, 0
319, 22, 1, 27, 41, 0
319, 22, 3, 28, 13, 0
319, 22, 1, 28, 15, 0
319, 22, 0, 28, 17, 0
319, 22, 1, 30, 15, 0
319, 22, 0, 30, 38, 0
319, 22, 1, 31, 23, 0
319, 22, 0, 31, 28, 0
319, 22, 3, 31, 34, 0
319, 22, 3, 31, 43, 0
319, 22, 1, 31, 46, 0
319, 22, 2, 31, 47, 0
319, 22, 0, 32, 55, 0
319, 22, 0, 32, 61, 0
319, 22, 0, 33, 22, 0
319, 22, 0, 33, 54, 0
319, 22, 1, 34, 55, 0
319, 22, 0, 35, 49, 0
319, 22, 1, 37, 22, 0
319, 22, 0, 38, 54, 0
319, 22, 1, 40, 55, 0
319, 22, 2, 43, 54, 0
319, 22, 3, 48, 21, 0
319, 22, 1, 49, 55, 0
319, 22, 0, 51, 23, 0
319, 22, 2, 52, 52, 0
319, 22, 2, 53, 8, 0
319, 22, 3, 53, 10, 0
319, 22, 1, 54, 47, 0
319, 22, 2, 55, 16, 0
319, 22, 1, 55, 23, 0
319, 22, 3, 56, 4, 0
319, 22, 0, 56, 28, 0
319, 22, 1, 56, 32, 0
319, 22, 2, 56, 36, 0
319, 22, 1, 56, 39, 0
319, 22, 2, 56, 44, 0
319, 22, 3, 56, 62, 0
319, 22, 2, 57, 1, 0
319, 22, 2, 57, 19, 0
319, 22, 2, 58, 0, 0
319, 22, 3, 58, 22, 0
319, 22, 1, 58, 28, 0
319, 22, 2, 58, 31, 0
319, 22, 3, 58, 34, 0
319, 22, 1, 58, 40, 0
319, 22, 2, 58, 43, 0
319, 22, 0, 58, 46, 0
319, 22, 0, 58, 51, 0
319, 22, 1, 58, 54, 0
319, 22, 1, 58, 58, 0
319, 22, 3, 59, 24, 0
319, 22, 2, 59, 37, 0
319, 22, 1, 59, 49, 0
320, 22, 0, 19, 29, 0
320, 22, 1, 20, 31, 0
320, 22, 3, 21, 20, 0
320, 22, 0, 21, 26, 0
320, 22, 3, 21, 28, 0
320, 22, 3, 21, 29, 0
320, 22, 0, 21, 31, 0
320, 22, 3, 21, 36, 0
320, 22, 1, 22, 26, 0
320, 22, 2, 22, 28, 0
320, 22, 3, 22, 30, 0
320, 22, 2, 22, 31, 0
320, 22, 3, 23, 15, 0
320, 22, 2, 23, 29, 0
320, 22, 1, 24, 24, 0
320, 22, 0, 24, 37, 0
320, 22, 1, 25, 21, 0
320, 22, 3, 26, 6, 0
320, 22, 0, 27, 8, 0
320, 22, 0, 28, 10, 0
320, 22, 3, 28, 12, 0
320, 22, 3, 29, 11, 0
320, 22, 3, 29, 12, 0
320, 22, 0, 29, 17, 0
320, 22, 0, 30, 12, 0
320, 22, 1, 30, 17, 0
320, 22, 0, 31, 12, 0
320, 22, 1, 31, 13, 0
320, 22, 2, 31, 14, 0
320, 22, 1, 31, 15, 0
320, 22, 2, 31, 16, 0
320, 22, 2, 31, 24, 0
320, 22, 3, 31, 26, 0
320, 22, 3, 31, 29, 0
320, 22, 0, 31, 32, 0
320, 22, 2, 31, 36, 0
320, 22, 2, 31, 39, 0
320, 22, 1, 31, 40, 0
320, 22, 0, 31, 45, 0
320, 22, 2, 32, 14, 0
320, 22, 1, 32, 16, 0
320, 22, 0, 32, 23, 0
320, 22, 2, 32, 26, 0
320, 22, 2, 32, 34, 0
320, 22, 1, 32, 42, 0
320, 22, 2, 34, 22, 0
320, 22, 1, 35, 47, 0
320, 22, 3, 35, 51, 0
320, 22, 3, 36, 22, 0
320, 22, 1, 36, 55, 0
320, 22, 2, 37, 56, 0
320, 22, 3, 39, 21, 0
320, 22, 1, 40, 23, 0
320, 22, 2, 40, 47, 0
320, 22, 3, 40, 48, 0
320, 22, 0, 40, 49, 0
320, 22, 1, 40, 50, 0
320, 22, 0, 42, 47, 0
320, 22, 1, 42, 48, 0
320, 22, 0, 42, 49, 0
320, 22, 2, 42, 50, 0
320, 22, 3, 42, 55, 0
320, 22, 3, 43, 47, 0
320, 22, 2, 43, 48, 0
320, 22, 3, 43, 49, 0
320, 22, 2, 43, 50, 0
320, 22, 2, 44, 47, 0
320, 22, 3, 44, 48, 0
320, 22, 2, 44, 49, 0
320, 22, 3, 44, 50, 0
320, 22, 1, 45, 47, 0
320, 22, 0, 45, 48, 0
320, 22, 1, 45, 49, 0
320, 22, 0, 45, 50, 0
320, 22, 1, 47, 47, 0
320, 22, 0, 47, 48, 0
320, 22, 3, 47, 49, 0
320, 22, 2, 47, 50, 0
320, 22, 0, 50, 22, 0
320, 22, 3, 51, 51, 0
320, 22, 1, 52, 47, 0
320, 22, 3, 52, 49, 0
320, 22, 2, 52, 55, 0
320, 22, 0, 53, 22, 0
320, 22, 1, 54, 6, 0
320, 22, 2, 55, 13, 0
320, 22, 2, 55, 22, 0
320, 22, 1, 55, 26, 0
320, 22, 2, 55, 35, 0
320, 22, 3, 56, 30, 0
320, 22, 3, 56, 38, 0
320, 22, 0, 56, 41, 0
320, 22, 2, 56, 46, 0
320, 22, 3, 56, 61, 0
320, 22, 1, 57, 2, 0
320, 22, 2, 57, 9, 0
320, 22, 0, 57, 10, 0
320, 22, 2, 57, 14, 0
320, 22, 3, 57, 15, 0
320, 22, 2, 57, 20, 0
320, 22, 0, 57, 33, 0
320, 22, 2, 57, 56, 0
320, 22, 2, 57, 63, 0
320, 22, 2, 58, 5, 0
320, 22, 0, 58, 6, 0
320, 22, 3, 58, 7, 0
320, 22, 0, 58, 8, 0
320, 22, 0, 58, 9, 0
320, 22, 3, 58, 11, 0
320, 22, 3, 58, 16, 0
320, 22, 1, 58, 25, 0
320, 22, 0, 58, 27, 0
320, 22, 1, 58, 39, 0
320, 22, 0, 58, 42, 0
320, 22, 3, 58, 49, 0
320, 22, 3, 59, 2, 0
320, 22, 3, 59, 4, 0
320, 22, 0, 59, 6, 0
320, 22, 1, 59, 7, 0
320, 22, 2, 59, 9, 0
320, 22, 1, 59, 10, 0
320, 22, 2, 59, 11, 0
320, 22, 2, 59, 13, 0
320, 22, 1, 60, 1, 0
320, 22, 2, 60, 3, 0
320, 22, 2, 60, 14, 0
320, 22, 2, 60, 17, 0
320, 22, 1, 60, 18, 0
320, 22, 0, 60, 19, 0
320, 22, 1, 60, 20, 0
320, 22, 1, 60, 21, 0
320, 22, 1, 60, 23, 0
320, 22, 1, 60, 24, 0
320, 22, 2, 60, 28, 0
320, 22, 2, 60, 33, 0
320, 22, 2, 60, 38, 0
320, 22, 1, 60, 40, 0
320, 22, 3, 60, 47, 0
320, 22, 2, 60, 48, 0
320, 22, 2, 60, 51, 0
320, 22, 3, 60, 52, 0
320, 22, 0, 60, 54, 0
320, 22, 1, 61, 1, 0
320, 22, 2, 61, 2, 0
320, 22, 0, 61, 15, 0
320, 22, 1, 61, 17, 0
320, 22, 3, 61, 20, 0
320, 22, 2, 61, 21, 0
320, 22, 0, 61, 23, 0
320, 22, 0, 61, 24, 0
320, 22, 3, 61, 27, 0
320, 22, 1, 61, 29, 0
320, 22, 1, 61, 30, 0
320, 22, 3, 61, 33, 0
320, 22, 0, 61, 36, 0
320, 22, 1, 61, 39, 0
320, 22, 2, 61, 41, 0
320, 22, 0, 61, 46, 0
320, 22, 1, 61, 48, 0
320, 22, 0, 61, 49, 0
320, 22, 3, 61, 50, 0
320, 22, 0, 61, 52, 0
320, 22, 3, 62, 33, 0
320, 22, 3, 62, 40, 0
320, 22, 2, 62, 50, 0
320, 22, 1, 62, 51, 0
321, 22, 2, 20, 29, 0
321, 22, 0, 21, 30, 0
321, 22, 3, 21, 32, 0
321, 22, 3, 22, 34, 0
321, 22, 2, 23, 0, 0
321, 22, 3, 23, 2, 0
321, 22, 3, 24, 25, 0
321, 22, 2, 24, 36, 0
321, 22, 2, 26, 4, 0
321, 22, 3, 26, 38, 0
321, 22, 3, 27, 9, 0
321, 22, 3, 28, 11, 0
321, 22, 0, 29, 43, 0
321, 22, 2, 30, 13, 0
321, 22, 3, 31, 17, 0
321, 22, 3, 32, 49, 0
321, 22, 2, 32, 53, 0
321, 22, 2, 32, 56, 0
321, 22, 3, 32, 57, 0
321, 22, 1, 32, 59, 0
321, 22, 2, 33, 62, 0
321, 22, 3, 34, 52, 0
321, 22, 2, 53, 7, 0
321, 22, 2, 55, 4, 0
321, 22, 3, 56, 2, 0
321, 22, 3, 56, 9, 0
321, 22, 1, 56, 18, 0
321, 22, 1, 56, 21, 0
321, 22, 2, 57, 24, 0
321, 22, 1, 57, 57, 0
321, 22, 2, 57, 60, 0
321, 22, 2, 58, 23, 0
321, 22, 3, 58, 35, 0
321, 22, 0, 58, 37, 0
321, 22, 2, 58, 53, 0
321, 22, 3, 59, 1, 0
321, 22, 1, 59, 5, 0
321, 22, 1, 59, 14, 0
321, 22, 0, 59, 16, 0
321, 22, 2, 59, 19, 0
321, 22, 1, 59, 40, 0
321, 22, 0, 60, 2, 0
321, 22, 3, 60, 16, 0
321, 22, 3, 60, 34, 0
321, 22, 3, 60, 55, 0
321, 22, 1, 61, 28, 0
321, 22, 0, 61, 32, 0
321, 22, 2, 61, 40, 0
321, 22, 1, 61, 47, 0
321, 22, 0, 61, 51, 0
350, 10, 0, 48, 41, 0
350, 10, 0, 48, 42, 0
350, 10, 0, 36, 26, 1
350, 10, 0, 36, 28, 1
350, 10, 0, 36, 30, 1
350, 10, 0, 48, 36, 1
354, 10, 0, 59, 60, 0
354, 11, 0, 62, 63, 0
354, 10, 2, 12, 59, 2
355, 10, 0, 59, 59, 0
355, 11, 0, 63, 63, 0
355, 10, 2, 12, 58, 2
359, 10, 2, 19, 49, 1
359, 10, 1, 19, 50, 1
360, 10, 2, 20, 49, 1
360, 10, 3, 23, 49, 1
362, 10, 0, 11, 57, 1
362, 10, 0, 11, 58, 1
362, 10, 0, 12, 57, 1
362, 10, 1, 51, 27, 1
362, 10, 0, 51, 28, 1
365, 11, 0, 62, 62, 0
365, 11, 0, 63, 59, 0
365, 11, 0, 63, 60, 0
365, 11, 0, 63, 62, 0
366, 10, 0, 60, 59, 0
366, 10, 2, 11, 59, 2
380, 10, 2, 39, 41, 0
380, 10, 2, 41, 27, 0
380, 10, 0, 46, 27, 0
381, 10, 2, 41, 26, 1
381, 10, 0, 46, 26, 1
411, 10, 0, 19, 54, 1
419, 10, 1, 38, 31, 1
419, 10, 1, 38, 33, 1
419, 10, 1, 38, 35, 1
419, 10, 3, 48, 31, 1
419, 10, 3, 48, 33, 1
419, 10, 3, 48, 35, 1
422, 10, 3, 59, 63, 0
559, 22, 0, 6, 39, 0
559, 22, 0, 8, 35, 0
560, 22, 2, 0, 20, 0
560, 22, 1, 0, 23, 0
560, 22, 2, 0, 31, 0
560, 22, 3, 0, 40, 0
560, 22, 1, 1, 21, 0
560, 22, 2, 1, 22, 0
560, 22, 3, 1, 34, 0
560, 22, 3, 1, 38, 0
560, 22, 2, 1, 43, 0
560, 22, 2, 2, 14, 0
560, 22, 2, 2, 19, 0
560, 22, 3, 2, 39, 0
560, 22, 0, 3, 12, 0
560, 22, 1, 3, 15, 0
560, 22, 3, 3, 43, 0
560, 22, 3, 3, 44, 0
560, 22, 2, 4, 42, 0
560, 22, 2, 5, 45, 0
560, 22, 3, 6, 43, 0
560, 22, 1, 7, 26, 0
560, 22, 0, 7, 33, 0
560, 22, 1, 7, 35, 0
560, 22, 3, 7, 39, 0
560, 22, 3, 7, 47, 0
560, 22, 2, 8, 36, 0
560, 22, 2, 8, 43, 0
560, 22, 2, 9, 7, 0
560, 22, 1, 9, 12, 0
560, 22, 2, 9, 45, 0
560, 22, 1, 10, 16, 0
560, 22, 3, 10, 42, 0
560, 22, 2, 10, 43, 0
560, 22, 3, 12, 11, 0
560, 22, 2, 13, 15, 0
560, 22, 3, 13, 38, 0
560, 22, 2, 16, 47, 0
560, 22, 3, 19, 12, 0
561, 22, 0, 0, 6, 0
561, 22, 3, 0, 28, 0
561, 22, 2, 0, 29, 0
561, 22, 0, 0, 30, 0
561, 22, 3, 0, 39, 0
561, 22, 0, 1, 8, 0
561, 22, 2, 1, 9, 0
561, 22, 2, 1, 12, 0
561, 22, 2, 1, 14, 0
561, 22, 3, 1, 29, 0
561, 22, 3, 1, 30, 0
561, 22, 3, 1, 39, 0
561, 22, 2, 1, 40, 0
561, 22, 1, 2, 8, 0
561, 22, 3, 2, 12, 0
561, 22, 3, 2, 13, 0
561, 22, 3, 2, 15, 0
561, 22, 2, 2, 30, 0
561, 22, 3, 2, 37, 0
561, 22, 2, 3, 11, 0
561, 22, 0, 3, 13, 0
561, 22, 0, 3, 14, 0
561, 22, 3, 3, 41, 0
561, 22, 3, 4, 11, 0
561, 22, 2, 4, 40, 0
561, 22, 0, 4, 41, 0
561, 22, 2, 6, 11, 0
561, 22, 2, 6, 38, 0
561, 22, 0, 7, 9, 0
561, 22, 2, 7, 38, 0
561, 22, 3, 8, 10, 0
561, 22, 2, 8, 37, 0
561, 22, 3, 8, 39, 0
561, 22, 3, 9, 11, 0
561, 22, 3, 9, 38, 0
561, 22, 0, 9, 39, 0
561, 22, 0, 10, 9, 0
561, 22, 2, 10, 10, 0
561, 22, 3, 10, 12, 0
561, 22, 2, 10, 15, 0
561, 22, 1, 12, 14, 0
561, 22, 2, 12, 15, 0
561, 22, 3, 13, 9, 0
561, 22, 3, 13, 10, 0
561, 22, 2, 13, 11, 0
561, 22, 3, 15, 15, 0
561, 22, 2, 15, 16, 0
561, 22, 3, 16, 12, 0
561, 22, 2, 17, 13, 0
578, 5, 1, 8, 58, 1
578, 5, 3, 9, 61, 1
578, 5, 3, 15, 61, 1
578, 5, 3, 18, 61, 1
578, 6, 3, 20, 60, 1
578, 5, 1, 21, 47, 1
578, 6, 3, 21, 59, 1
578, 4, 1, 21, 48, 2
592, 10, 1, 39, 30, 1
593, 10, 1, 20, 50, 0
595, 10, 2, 17, 59, 1
595, 10, 0, 19, 56, 1
595, 10, 1, 36, 31, 1
595, 10, 1, 51, 31, 1
597, 10, 2, 16, 58, 0
598, 10, 2, 60, 60, 0
598, 10, 3, 36, 42, 1
598, 10, 0, 51, 42, 1
604, 10, 3, 51, 26, 1
647, 10, 2, 1, 61, 1
660, 10, 3, 18, 52, 0
660, 10, 2, 18, 53, 0
692, 10, 1, 23, 51, 0
693, 10, 1, 24, 50, 0
724, 10, 3, 22, 15, 0
724, 10, 3, 22, 19, 0
818, 10, 2, 13, 55, 0
818, 10, 0, 13, 62, 0
818, 10, 2, 15, 55, 0
818, 10, 0, 15, 62, 0
818, 10, 2, 17, 55, 0
818, 10, 0, 17, 62, 0
818, 10, 2, 19, 55, 0
818, 10, 0, 19, 62, 0
818, 10, 3, 59, 61, 0
818, 10, 3, 18, 54, 1
818, 10, 2, 21, 48, 1
818, 10, 1, 21, 54, 1
819, 10, 1, 63, 61, 0
821, 10, 2, 14, 59, 2
821, 10, 2, 17, 59, 2
821, 10, 3, 20, 54, 2
821, 10, 3, 20, 57, 2
822, 10, 2, 16, 60, 2
822, 10, 3, 21, 55, 2
822, 10, 1, 21, 56, 2
848, 10, 0, 23, 44, 0
850, 5, 1, 62, 63, 0
879, 10, 0, 40, 30, 0
879, 10, 0, 40, 38, 0
879, 10, 0, 46, 30, 0
879, 10, 0, 46, 38, 0
899, 5, 0, 12, 57, 0
899, 4, 3, 19, 55, 0
899, 5, 1, 60, 63, 0
901, 5, 0, 12, 58, 0
901, 4, 3, 18, 55, 0
901, 5, 1, 61, 63, 0
907, 5, 1, 21, 54, 0
908, 5, 1, 22, 54, 0
915, 10, 2, 46, 43, 1
916, 22, 2, 36, 36, 1
916, 22, 2, 37, 30, 1
916, 22, 2, 50, 30, 1
916, 22, 0, 51, 36, 1
917, 22, 3, 21, 49, 0
917, 22, 0, 21, 53, 0
917, 22, 2, 22, 49, 0
917, 22, 1, 22, 53, 0
917, 22, 3, 36, 38, 1
917, 22, 0, 36, 41, 1
917, 22, 2, 37, 38, 1
917, 22, 1, 37, 41, 1
917, 22, 3, 40, 27, 1
917, 22, 0, 40, 28, 1
917, 22, 2, 47, 27, 1
917, 22, 1, 47, 28, 1
917, 22, 3, 50, 38, 1
917, 22, 0, 50, 41, 1
917, 22, 2, 51, 38, 1
917, 22, 1, 51, 41, 1
918, 22, 3, 21, 50, 0
918, 22, 3, 21, 51, 0
918, 22, 3, 21, 52, 0
918, 22, 1, 22, 50, 0
918, 22, 1, 22, 51, 0
918, 22, 1, 22, 52, 0
918, 22, 3, 36, 39, 1
918, 22, 3, 36, 40, 1
918, 22, 1, 37, 39, 1
918, 22, 1, 37, 40, 1
918, 22, 2, 41, 27, 1
918, 22, 0, 41, 28, 1
918, 22, 2, 42, 27, 1
918, 22, 0, 42, 28, 1
918, 22, 2, 43, 27, 1
918, 22, 0, 43, 28, 1
918, 22, 2, 44, 27, 1
918, 22, 0, 44, 28, 1
918, 22, 2, 45, 27, 1
918, 22, 0, 45, 28, 1
918, 22, 2, 46, 27, 1
918, 22, 0, 46, 28, 1
918, 22, 3, 50, 39, 1
918, 22, 3, 50, 40, 1
918, 22, 1, 51, 39, 1
918, 22, 1, 51, 40, 1
920, 22, 3, 36, 34, 0
920, 22, 0, 36, 35, 0
920, 22, 3, 37, 27, 0
920, 22, 0, 37, 28, 0
920, 22, 2, 39, 27, 0
920, 22, 1, 39, 28, 0
920, 22, 2, 39, 34, 0
920, 22, 1, 39, 35, 0
920, 22, 3, 48, 27, 0
920, 22, 0, 48, 28, 0
920, 22, 3, 48, 34, 0
920, 22, 0, 48, 35, 0
920, 22, 2, 50, 27, 0
920, 22, 1, 50, 28, 0
920, 22, 2, 51, 34, 0
920, 22, 1, 51, 35, 0
921, 22, 2, 37, 34, 0
921, 22, 0, 37, 35, 0
921, 22, 2, 38, 27, 0
921, 22, 0, 38, 28, 0
921, 22, 2, 38, 34, 0
921, 22, 0, 38, 35, 0
921, 22, 2, 49, 27, 0
921, 22, 0, 49, 28, 0
921, 22, 2, 49, 34, 0
921, 22, 0, 49, 35, 0
921, 22, 2, 50, 34, 0
921, 22, 0, 50, 35, 0
963, 5, 1, 63, 63, 0
980, 9, 0, 27, 13, 0
980, 9, 3, 27, 17, 0
980, 0, 1, 28, 13, 0
980, 0, 3, 28, 17, 0
980, 0, 1, 29, 13, 0
980, 0, 3, 29, 17, 0
980, 0, 1, 30, 13, 0
980, 0, 3, 30, 17, 0
980, 0, 1, 31, 13, 0
980, 0, 3, 31, 17, 0
980, 0, 1, 32, 13, 0
980, 0, 3, 32, 17, 0
980, 9, 1, 33, 13, 0
980, 9, 2, 33, 17, 0
981, 3, 0, 27, 12, 0
981, 3, 3, 27, 18, 0
981, 3, 1, 33, 12, 0
981, 3, 2, 33, 18, 0
982, 1, 1, 33, 26, 0
982, 0, 2, 33, 27, 0
982, 0, 2, 33, 28, 0
982, 0, 2, 33, 29, 0
982, 0, 2, 33, 30, 0
982, 0, 2, 33, 31, 0
982, 0, 2, 33, 32, 0
982, 0, 2, 33, 33, 0
982, 0, 2, 33, 34, 0
982, 0, 2, 33, 35, 0
982, 0, 2, 33, 36, 0
982, 0, 2, 33, 37, 0
982, 0, 2, 33, 38, 0
982, 0, 2, 33, 39, 0
982, 0, 2, 33, 40, 0
982, 0, 2, 33, 41, 0
982, 0, 2, 33, 42, 0
982, 1, 2, 33, 43, 0
982, 1, 1, 34, 25, 0
982, 9, 1, 34, 26, 0
982, 9, 2, 34, 43, 0
982, 1, 2, 34, 44, 0
982, 1, 1, 35, 24, 0
982, 9, 1, 35, 25, 0
982, 9, 2, 35, 44, 0
982, 1, 2, 35, 45, 0
982, 0, 1, 36, 24, 0
982, 0, 3, 36, 45, 0
982, 0, 1, 37, 24, 0
982, 2, 2, 37, 45, 0
982, 0, 2, 37, 46, 0
982, 0, 2, 37, 47, 0
982, 0, 2, 37, 48, 0
982, 0, 2, 37, 49, 0
982, 0, 2, 37, 50, 0
982, 0, 2, 37, 51, 0
982, 0, 2, 37, 52, 0
982, 3, 2, 37, 53, 0
982, 0, 1, 38, 24, 0
982, 0, 3, 38, 53, 0
982, 0, 1, 39, 24, 0
982, 0, 3, 39, 53, 0
982, 0, 1, 40, 24, 0
982, 0, 3, 40, 53, 0
982, 0, 1, 41, 24, 0
982, 0, 3, 41, 53, 0
982, 0, 2, 42, 16, 0
982, 0, 2, 42, 17, 0
982, 0, 2, 42, 18, 0
982, 0, 2, 42, 19, 0
982, 0, 2, 42, 20, 0
982, 0, 2, 42, 21, 0
982, 0, 2, 42, 22, 0
982, 0, 2, 42, 23, 0
982, 9, 1, 42, 24, 0
982, 0, 3, 42, 53, 0
982, 0, 0, 45, 16, 0
982, 0, 0, 45, 17, 0
982, 0, 0, 45, 18, 0
982, 0, 0, 45, 19, 0
982, 0, 0, 45, 20, 0
982, 0, 0, 45, 21, 0
982, 0, 0, 45, 22, 0
982, 0, 0, 45, 23, 0
982, 9, 0, 45, 24, 0
982, 0, 3, 45, 53, 0
982, 0, 1, 46, 24, 0
982, 0, 3, 46, 53, 0
982, 0, 1, 47, 24, 0
982, 0, 3, 47, 53, 0
982, 0, 1, 48, 24, 0
982, 0, 3, 48, 53, 0
982, 0, 1, 49, 24, 0
982, 0, 3, 49, 53, 0
982, 0, 1, 50, 24, 0
982, 2, 3, 50, 45, 0
982, 0, 0, 50, 46, 0
982, 0, 0, 50, 47, 0
982, 0, 0, 50, 48, 0
982, 0, 0, 50, 49, 0
982, 0, 0, 50, 50, 0
982, 0, 0, 50, 51, 0
982, 0, 0, 50, 52, 0
982, 3, 3, 50, 53, 0
982, 0, 1, 51, 24, 0
982, 0, 3, 51, 45, 0
982, 1, 0, 52, 24, 0
982, 9, 0, 52, 25, 0
982, 9, 3, 52, 44, 0
982, 1, 3, 52, 45, 0
982, 1, 0, 53, 25, 0
982, 9, 0, 53, 26, 0
982, 9, 3, 53, 43, 0
982, 1, 3, 53, 44, 0
982, 1, 0, 54, 26, 0
982, 0, 0, 54, 27, 0
982, 0, 0, 54, 28, 0
982, 0, 0, 54, 29, 0
982, 0, 0, 54, 30, 0
982, 0, 0, 54, 31, 0
982, 0, 0, 54, 32, 0
982, 0, 0, 54, 33, 0
982, 0, 0, 54, 34, 0
982, 0, 0, 54, 35, 0
982, 0, 0, 54, 36, 0
982, 0, 0, 54, 37, 0
982, 0, 0, 54, 38, 0
982, 0, 0, 54, 39, 0
982, 0, 0, 54, 40, 0
982, 0, 0, 54, 41, 0
982, 0, 0, 54, 42, 0
982, 1, 3, 54, 43, 0
994, 0, 2, 1, 59, 1
994, 0, 1, 2, 58, 1
994, 0, 3, 2, 60, 1
994, 0, 0, 2, 61, 3
994, 0, 0, 3, 61, 3
994, 0, 1, 22, 50, 3
994, 2, 1, 22, 51, 3
997, 0, 1, 18, 51, 0
997, 0, 0, 19, 52, 0
997, 0, 0, 19, 53, 0
997, 0, 2, 16, 57, 1
997, 0, 2, 16, 58, 1
997, 0, 2, 16, 59, 1
997, 0, 2, 16, 60, 1
1016, 10, 0, 18, 50, 1
1016, 10, 2, 24, 51, 1
1017, 10, 0, 18, 51, 1
1017, 10, 1, 19, 53, 1
1017, 10, 3, 22, 48, 1
1017, 10, 2, 24, 50, 1
1018, 10, 0, 18, 52, 1
1018, 10, 3, 20, 48, 1
1018, 10, 1, 20, 53, 1
1018, 10, 1, 21, 53, 1
1019, 4, 3, 20, 48, 0
1019, 7, 0, 24, 49, 0
1019, 7, 3, 24, 52, 0
1088, 10, 1, 19, 59, 1
1088, 10, 0, 20, 57, 1
1090, 10, 2, 16, 57, 0
1090, 10, 0, 16, 60, 0
1090, 10, 2, 17, 57, 0
1090, 10, 0, 17, 60, 0
1090, 10, 2, 18, 57, 0
1090, 10, 0, 18, 60, 0
1090, 10, 2, 19, 57, 0
1090, 10, 0, 19, 60, 0
1102, 10, 3, 19, 51, 0
1102, 10, 0, 20, 49, 0
1102, 10, 0, 22, 51, 0
1102, 10, 3, 39, 32, 1
1102, 10, 3, 39, 34, 1
1102, 10, 3, 39, 36, 1
1102, 10, 3, 48, 34, 1
1102, 10, 3, 49, 30, 1
1106, 10, 2, 38, 33, 0
1106, 10, 0, 38, 36, 0
1106, 10, 2, 48, 33, 0
1106, 10, 0, 48, 36, 0
1161, 10, 0, 42, 47, 0
1161, 10, 0, 42, 48, 0
1161, 10, 0, 42, 49, 0
1161, 10, 0, 43, 47, 0
1161, 10, 0, 43, 48, 0
1161, 10, 0, 43, 49, 0
1161, 10, 0, 44, 47, 0
1161, 10, 0, 44, 48, 0
1161, 10, 0, 44, 49, 0
1161, 10, 0, 45, 47, 0
1161, 10, 0, 45, 48, 0
1161, 10, 0, 45, 49, 0
1187, 10, 3, 38, 38, 0
1187, 10, 0, 39, 37, 0
1187, 10, 1, 40, 29, 0
1187, 10, 0, 40, 40, 0
1187, 10, 3, 40, 41, 0
1187, 10, 1, 41, 33, 0
1187, 10, 3, 41, 36, 0
1187, 10, 2, 42, 32, 0
1187, 10, 0, 45, 33, 0
1187, 10, 3, 45, 37, 0
1187, 10, 1, 46, 33, 0
1187, 10, 0, 47, 29, 0
1187, 10, 2, 47, 37, 0
1187, 10, 0, 47, 40, 0
1187, 10, 3, 48, 40, 0
1187, 10, 2, 49, 32, 0
1187, 10, 0, 49, 37, 0
1187, 10, 1, 49, 40, 0
1187, 10, 2, 50, 40, 0
1188, 10, 0, 38, 30, 0
1188, 10, 3, 38, 31, 0
1188, 10, 3, 38, 39, 0
1188, 10, 2, 39, 29, 0
1188, 10, 0, 39, 32, 0
1188, 10, 0, 39, 40, 0
1188, 10, 1, 40, 32, 0
1188, 10, 2, 40, 36, 0
1188, 10, 2, 40, 37, 0
1188, 10, 0, 40, 42, 0
1188, 10, 3, 42, 37, 0
1188, 10, 0, 45, 32, 0
1188, 10, 0, 45, 36, 0
1188, 10, 3, 46, 32, 0
1188, 10, 0, 46, 36, 0
1188, 10, 1, 47, 32, 0
1188, 10, 3, 47, 36, 0
1188, 10, 3, 47, 41, 0
1188, 10, 3, 48, 32, 0
1188, 10, 3, 49, 30, 0
1190, 10, 1, 44, 50, 0
1191, 10, 1, 42, 50, 0
1191, 10, 1, 43, 50, 0
1191, 10, 1, 45, 50, 0
1196, 10, 3, 47, 48, 0
1196, 10, 3, 47, 49, 0
1196, 10, 2, 47, 50, 0
1197, 10, 3, 40, 48, 0
1197, 10, 0, 47, 47, 0
1198, 10, 1, 40, 47, 0
1198, 10, 1, 40, 49, 0
1198, 10, 1, 40, 50, 0
1246, 22, 1, 0, 35, 0
1246, 22, 1, 11, 18, 0
1246, 22, 1, 13, 26, 0
1246, 22, 3, 13, 32, 0
1246, 22, 0, 14, 24, 0
1246, 22, 0, 14, 27, 0
1246, 22, 0, 17, 2, 0
1246, 22, 3, 17, 3, 0
1246, 22, 3, 17, 5, 0
1246, 22, 3, 21, 41, 0
1246, 22, 1, 21, 63, 0
1246, 22, 0, 22, 43, 0
1246, 22, 0, 23, 43, 0
1246, 22, 2, 24, 57, 0
1246, 22, 2, 28, 2, 0
1246, 22, 0, 31, 5, 0
1246, 22, 3, 33, 7, 0
1246, 22, 0, 35, 14, 0
1246, 22, 3, 36, 9, 0
1246, 22, 2, 37, 7, 0
1246, 22, 1, 40, 19, 0
1246, 22, 1, 47, 15, 0
1246, 22, 1, 50, 3, 0
1246, 22, 2, 50, 17, 0
1246, 22, 2, 51, 6, 0
1246, 22, 3, 51, 11, 0
1247, 22, 3, 0, 18, 0
1247, 22, 3, 0, 36, 0
1247, 22, 0, 0, 42, 0
1247, 22, 2, 1, 33, 0
1247, 22, 1, 2, 27, 0
1247, 22, 2, 4, 25, 0
1247, 22, 0, 7, 48, 0
1247, 22, 3, 9, 23, 0
1247, 22, 2, 9, 26, 0
1247, 22, 1, 10, 17, 0
1247, 22, 0, 10, 22, 0
1247, 22, 2, 10, 28, 0
1247, 22, 1, 10, 33, 0
1247, 22, 2, 11, 16, 0
1247, 22, 2, 12, 29, 0
1247, 22, 1, 13, 34, 0
1247, 22, 0, 13, 35, 0
1247, 22, 1, 14, 2, 0
1247, 22, 0, 14, 28, 0
1247, 22, 2, 15, 36, 0
1247, 22, 0, 16, 3, 0
1247, 22, 0, 16, 4, 0
1247, 22, 1, 16, 39, 0
1247, 22, 3, 16, 53, 0
1247, 22, 3, 18, 21, 0
1247, 22, 2, 18, 41, 0
1247, 22, 1, 19, 5, 0
1247, 22, 0, 19, 40, 0
1247, 22, 0, 20, 9, 0
1247, 22, 0, 22, 45, 0
1247, 22, 2, 23, 59, 0
1247, 22, 2, 24, 33, 0
1247, 22, 1, 24, 46, 0
1247, 22, 2, 24, 54, 0
1247, 22, 3, 24, 56, 0
1247, 22, 1, 25, 13, 0
1247, 22, 1, 25, 42, 0
1247, 22, 3, 25, 49, 0
1247, 22, 1, 27, 29, 0
1247, 22, 3, 28, 40, 0
1247, 22, 2, 31, 2, 0
1247, 22, 3, 33, 0, 0
1247, 22, 0, 34, 3, 0
1247, 22, 3, 34, 5, 0
1247, 22, 1, 35, 2, 0
1247, 22, 2, 36, 5, 0
1247, 22, 0, 36, 14, 0
1247, 22, 2, 39, 22, 0
1247, 22, 2, 40, 7, 0
1247, 22, 3, 46, 21, 0
1247, 22, 2, 46, 46, 0
1247, 22, 2, 47, 5, 0
1247, 22, 3, 47, 11, 0
1247, 22, 3, 48, 2, 0
1247, 22, 1, 51, 0, 0
1247, 22, 0, 51, 7, 0
1247, 22, 3, 51, 48, 0
1247, 22, 3, 52, 17, 0
1247, 22, 1, 53, 4, 0
1247, 22, 2, 53, 20, 0
1247, 22, 2, 55, 0, 0
1247, 22, 2, 59, 21, 0
1247, 22, 3, 8, 60, 1
1247, 22, 2, 10, 60, 1
1247, 22, 3, 13, 61, 1
1247, 22, 0, 18, 62, 1
1247, 22, 0, 20, 58, 1
1247, 22, 3, 21, 60, 1
1247, 22, 0, 0, 60, 2
1247, 22, 1, 7, 59, 2
1247, 22, 2, 8, 60, 2
1247, 22, 1, 13, 58, 2
1247, 22, 0, 18, 53, 2
1247, 22, 1, 19, 56, 2
1247, 22, 0, 19, 59, 2
1247, 22, 1, 22, 53, 2
1247, 22, 3, 1, 59, 3
1247, 22, 0, 3, 59, 3
1247, 22, 0, 20, 50, 3
1257, 22, 1, 16, 26, 0
1257, 22, 0, 17, 28, 0
1257, 22, 1, 18, 25, 0
1257, 22, 1, 20, 2, 0
1257, 22, 1, 22, 4, 0
1257, 22, 0, 23, 6, 0
1257, 22, 2, 23, 41, 0
1257, 22, 1, 24, 8, 0
1257, 22, 2, 24, 43, 0
1257, 22, 1, 25, 10, 0
1257, 22, 3, 25, 44, 0
1257, 22, 2, 26, 10, 0
1257, 22, 3, 26, 32, 0
1257, 22, 2, 26, 33, 0
1257, 22, 1, 26, 34, 0
1257, 22, 1, 26, 35, 0
1257, 22, 2, 26, 36, 0
1257, 22, 0, 27, 32, 0
1257, 22, 3, 27, 33, 0
1257, 22, 3, 27, 34, 0
1257, 22, 3, 27, 37, 0
1257, 22, 2, 27, 51, 0
1257, 22, 3, 27, 53, 0
1257, 22, 1, 28, 32, 0
1257, 22, 2, 28, 33, 0
1257, 22, 1, 28, 34, 0
1257, 22, 1, 28, 35, 0
1257, 22, 0, 28, 36, 0
1257, 22, 0, 28, 37, 0
1257, 22, 2, 28, 50, 0
1257, 22, 3, 28, 53, 0
1257, 22, 0, 28, 56, 0
1257, 22, 1, 28, 58, 0
1257, 22, 1, 29, 52, 0
1257, 22, 0, 29, 53, 0
1257, 22, 1, 29, 60, 0
1257, 22, 1, 30, 63, 0
1257, 22, 2, 32, 63, 0
1257, 22, 1, 33, 25, 0
1257, 22, 1, 33, 28, 0
1257, 22, 0, 33, 29, 0
1257, 22, 3, 33, 32, 0
1257, 22, 1, 33, 34, 0
1257, 22, 2, 33, 35, 0
1257, 22, 1, 33, 37, 0
1257, 22, 3, 33, 38, 0
1257, 22, 1, 33, 44, 0
1257, 22, 0, 34, 24, 0
1257, 22, 3, 34, 25, 0
1257, 22, 0, 34, 45, 0
1257, 22, 3, 34, 61, 0
1257, 22, 3, 34, 62, 0
1257, 22, 0, 35, 57, 0
1257, 22, 2, 35, 62, 0
1257, 22, 2, 36, 57, 0
1257, 22, 1, 36, 62, 0
1257, 22, 1, 36, 63, 0
1257, 22, 2, 37, 57, 0
1257, 22, 0, 37, 62, 0
1257, 22, 0, 38, 57, 0
1257, 22, 2, 38, 59, 0
1257, 22, 3, 38, 60, 0
1257, 22, 3, 38, 61, 0
1257, 22, 0, 38, 62, 0
1257, 22, 0, 39, 56, 0
1257, 22, 1, 39, 59, 0
1257, 22, 1, 40, 56, 0
1257, 22, 1, 40, 59, 0
1257, 22, 1, 41, 56, 0
1257, 22, 2, 41, 57, 0
1257, 22, 0, 41, 59, 0
1257, 22, 3, 42, 57, 0
1257, 22, 3, 42, 58, 0
1257, 22, 0, 42, 59, 0
1257, 22, 2, 52, 60, 0
1257, 22, 1, 52, 61, 0
1257, 22, 3, 53, 18, 0
1257, 22, 3, 53, 24, 0
1257, 22, 3, 53, 25, 0
1257, 22, 2, 53, 57, 0
1257, 22, 0, 53, 58, 0
1257, 22, 2, 53, 59, 0
1257, 22, 1, 53, 60, 0
1257, 22, 1, 53, 61, 0
1257, 22, 1, 53, 62, 0
1257, 22, 0, 53, 63, 0
1257, 22, 3, 54, 19, 0
1257, 22, 2, 54, 20, 0
1257, 22, 3, 54, 21, 0
1257, 22, 0, 54, 25, 0
1257, 22, 1, 54, 28, 0
1257, 22, 2, 54, 30, 0
1257, 22, 3, 54, 31, 0
1257, 22, 0, 54, 33, 0
1257, 22, 2, 54, 36, 0
1257, 22, 2, 54, 38, 0
1257, 22, 1, 54, 41, 0
1257, 22, 3, 54, 42, 0
1257, 22, 1, 54, 50, 0
1257, 22, 0, 54, 51, 0
1257, 22, 0, 54, 52, 0
1257, 22, 3, 54, 57, 0
1257, 22, 0, 54, 58, 0
1257, 22, 3, 54, 62, 0
1257, 22, 3, 54, 63, 0
1257, 22, 0, 55, 19, 0
1257, 22, 1, 55, 50, 0
1257, 22, 0, 55, 51, 0
1257, 22, 3, 55, 53, 0
1257, 22, 3, 55, 54, 0
1257, 22, 2, 55, 56, 0
1257, 22, 3, 55, 60, 0
1257, 22, 2, 55, 61, 0
1257, 22, 1, 55, 62, 0
1257, 22, 1, 56, 13, 0
1257, 22, 0, 56, 25, 0
1257, 22, 2, 56, 48, 0
1257, 22, 2, 56, 49, 0
1257, 22, 2, 56, 52, 0
1257, 22, 3, 56, 53, 0
1257, 22, 3, 56, 54, 0
1257, 22, 0, 56, 55, 0
1257, 22, 1, 56, 56, 0
1257, 22, 0, 56, 57, 0
1257, 22, 0, 56, 58, 0
1257, 22, 0, 56, 59, 0
1257, 22, 2, 57, 22, 0
1257, 22, 1, 57, 23, 0
1257, 22, 3, 57, 26, 0
1257, 22, 2, 57, 27, 0
1257, 22, 2, 57, 53, 0
1257, 22, 1, 57, 54, 0
1257, 22, 0, 62, 14, 0
1257, 22, 0, 62, 15, 0
1257, 22, 1, 62, 16, 0
1257, 22, 2, 62, 18, 0
1257, 22, 0, 62, 20, 0
1257, 22, 1, 62, 21, 0
1257, 22, 2, 62, 22, 0
1257, 22, 2, 63, 15, 0
1257, 22, 3, 63, 16, 0
1257, 22, 0, 63, 17, 0
1257, 22, 0, 63, 18, 0
1257, 22, 3, 63, 19, 0
1257, 22, 3, 63, 36, 0
1257, 22, 3, 63, 37, 0
1257, 22, 2, 63, 40, 0
1257, 22, 2, 63, 41, 0
1257, 22, 1, 63, 46, 0
1257, 22, 0, 63, 48, 0
1258, 22, 2, 16, 28, 0
1258, 22, 3, 16, 29, 0
1258, 22, 0, 16, 30, 0
1258, 22, 1, 16, 31, 0
1258, 22, 1, 16, 32, 0
1258, 22, 1, 17, 26, 0
1258, 22, 0, 17, 31, 0
1258, 22, 3, 17, 34, 0
1258, 22, 1, 18, 0, 0
1258, 22, 0, 18, 1, 0
1258, 22, 0, 18, 24, 0
1258, 22, 3, 18, 35, 0
1258, 22, 0, 18, 36, 0
1258, 22, 1, 19, 0, 0
1258, 22, 1, 19, 1, 0
1258, 22, 0, 19, 2, 0
1258, 22, 3, 19, 24, 0
1258, 22, 0, 19, 36, 0
1258, 22, 1, 20, 1, 0
1258, 22, 1, 20, 3, 0
1258, 22, 2, 20, 24, 0
1258, 22, 1, 20, 37, 0
1258, 22, 0, 21, 4, 0
1258, 22, 3, 21, 23, 0
1258, 22, 3, 21, 24, 0
1258, 22, 0, 21, 38, 0
1258, 22, 1, 22, 5, 0
1258, 22, 0, 23, 7, 0
1258, 22, 1, 23, 40, 0
1258, 22, 1, 25, 11, 0
1258, 22, 1, 25, 43, 0
1258, 22, 0, 26, 12, 0
1258, 22, 2, 26, 43, 0
1258, 22, 1, 26, 44, 0
1258, 22, 2, 27, 36, 0
1258, 22, 2, 27, 46, 0
1258, 22, 2, 28, 49, 0
1258, 22, 3, 28, 52, 0
1258, 22, 3, 29, 56, 0
1258, 22, 1, 29, 59, 0
1258, 22, 2, 29, 61, 0
1258, 22, 1, 30, 62, 0
1258, 22, 0, 31, 60, 0
1258, 22, 2, 33, 31, 0
1258, 22, 3, 33, 36, 0
1258, 22, 0, 33, 40, 0
1258, 22, 2, 33, 58, 0
1258, 22, 1, 34, 44, 0
1258, 22, 3, 34, 57, 0
1258, 22, 2, 34, 58, 0
1258, 22, 0, 34, 59, 0
1258, 22, 0, 34, 60, 0
1258, 22, 3, 35, 58, 0
1258, 22, 3, 35, 60, 0
1258, 22, 2, 35, 61, 0
1258, 22, 0, 36, 58, 0
1258, 22, 1, 36, 61, 0
1258, 22, 2, 37, 59, 0
1258, 22, 2, 37, 60, 0
1258, 22, 0, 37, 61, 0
1258, 22, 3, 38, 58, 0
1258, 22, 2, 39, 58, 0
1258, 22, 2, 40, 58, 0
1258, 22, 2, 54, 29, 0
1258, 22, 3, 54, 32, 0
1258, 22, 1, 54, 37, 0
1258, 22, 2, 54, 40, 0
1258, 22, 3, 54, 59, 0
1258, 22, 2, 54, 60, 0
1258, 22, 3, 55, 8, 0
1258, 22, 2, 55, 10, 0
1258, 22, 0, 55, 20, 0
1258, 22, 1, 55, 52, 0
1258, 22, 0, 55, 58, 0
1258, 22, 2, 56, 51, 0
1259, 22, 0, 17, 27, 0
1259, 22, 0, 17, 33, 0
1259, 22, 3, 20, 0, 0
1259, 22, 0, 21, 1, 0
1259, 22, 3, 21, 3, 0
1259, 22, 2, 23, 39, 0
1259, 22, 1, 24, 5, 0
1259, 22, 2, 24, 7, 0
1259, 22, 1, 25, 8, 0
1259, 22, 3, 27, 35, 0
1259, 22, 2, 27, 44, 0
1259, 22, 2, 27, 45, 0
1259, 22, 3, 28, 44, 0
1259, 22, 1, 28, 46, 0
1259, 22, 3, 28, 51, 0
1259, 22, 1, 28, 54, 0
1259, 22, 1, 29, 46, 0
1259, 22, 2, 29, 47, 0
1259, 22, 3, 29, 48, 0
1259, 22, 2, 29, 49, 0
1259, 22, 2, 29, 50, 0
1259, 22, 0, 29, 51, 0
1259, 22, 0, 29, 54, 0
1259, 22, 1, 29, 55, 0
1259, 22, 0, 29, 57, 0
1259, 22, 3, 29, 58, 0
1259, 22, 0, 30, 56, 0
1259, 22, 1, 30, 57, 0
1259, 22, 3, 30, 58, 0
1259, 22, 1, 30, 59, 0
1259, 22, 0, 30, 61, 0
1259, 22, 1, 31, 62, 0
1259, 22, 3, 35, 59, 0
1259, 22, 0, 36, 59, 0
1259, 22, 0, 36, 60, 0
1259, 22, 2, 39, 57, 0
1259, 22, 1, 40, 57, 0
1259, 22, 1, 41, 58, 0
1259, 22, 0, 54, 61, 0
1259, 22, 3, 55, 9, 0
1259, 22, 1, 55, 21, 0
1259, 22, 2, 55, 57, 0
1259, 22, 1, 55, 59, 0
1259, 22, 0, 56, 16, 0
1259, 22, 0, 56, 20, 0
1259, 22, 1, 56, 50, 0
1259, 22, 2, 62, 17, 0
1259, 22, 3, 62, 19, 0
1259, 22, 2, 62, 54, 0
1259, 22, 0, 63, 38, 0
1259, 22, 2, 63, 47, 0
1259, 22, 3, 63, 54, 0
1260, 22, 0, 17, 29, 0
1260, 22, 0, 17, 30, 0
1260, 22, 0, 17, 32, 0
1260, 22, 0, 18, 26, 0
1260, 22, 3, 18, 34, 0
1260, 22, 3, 19, 25, 0
1260, 22, 2, 21, 2, 0
1260, 22, 0, 22, 3, 0
1260, 22, 3, 22, 38, 0
1260, 22, 3, 23, 5, 0
1260, 22, 0, 24, 6, 0
1260, 22, 3, 24, 40, 0
1260, 22, 2, 24, 41, 0
1260, 22, 3, 25, 6, 0
1260, 22, 3, 25, 7, 0
1260, 22, 2, 25, 9, 0
1260, 22, 3, 26, 11, 0
1260, 22, 0, 26, 42, 0
1260, 22, 3, 27, 43, 0
1260, 22, 3, 28, 45, 0
1260, 22, 2, 28, 48, 0
1260, 22, 0, 30, 49, 0
1260, 22, 3, 30, 50, 0
1260, 22, 3, 30, 51, 0
1260, 22, 1, 30, 60, 0
1260, 22, 1, 31, 61, 0
1260, 22, 1, 31, 63, 0
1264, 22, 1, 29, 2, 0
1264, 22, 2, 30, 1, 0
1264, 22, 3, 31, 9, 0
1264, 22, 0, 32, 5, 0
1264, 22, 3, 35, 18, 0
1264, 22, 0, 38, 4, 0
1264, 22, 0, 39, 10, 0
1264, 22, 0, 47, 0, 0
1264, 22, 3, 48, 3, 0
1264, 22, 3, 48, 6, 0
1264, 22, 3, 48, 10, 0
1264, 22, 0, 49, 7, 0
1264, 22, 0, 51, 13, 0
1264, 22, 3, 54, 0, 0
1265, 22, 2, 32, 1, 0
1265, 22, 0, 34, 19, 0
1265, 22, 1, 36, 10, 0
1265, 22, 2, 37, 6, 0
1265, 22, 2, 49, 14, 0
1265, 22, 1, 49, 18, 0
1265, 22, 2, 50, 1, 0
1265, 22, 1, 50, 8, 0
1286, 10, 1, 5, 51, 0
1286, 10, 3, 6, 38, 0
1286, 10, 2, 9, 22, 0
1286, 10, 3, 18, 20, 0
1291, 10, 0, 1, 18, 0
1291, 10, 3, 1, 32, 0
1291, 10, 1, 1, 35, 0
1291, 10, 0, 3, 26, 0
1291, 10, 0, 4, 21, 0
1291, 10, 0, 4, 46, 0
1291, 10, 1, 8, 48, 0
1291, 10, 0, 9, 15, 0
1291, 10, 2, 11, 17, 0
1298, 10, 1, 38, 29, 0
1298, 10, 1, 41, 32, 0
1298, 10, 2, 41, 37, 0
1298, 10, 0, 49, 29, 0
1298, 10, 1, 49, 31, 0
1298, 10, 0, 50, 39, 0
1299, 10, 1, 38, 32, 0
1299, 10, 0, 38, 40, 0
1299, 10, 0, 40, 33, 0
1299, 10, 2, 42, 36, 0
1299, 10, 1, 46, 37, 0
1299, 10, 0, 48, 37, 0
1299, 10, 1, 50, 38, 0
1315, 10, 1, 1, 0, 0
1315, 10, 2, 5, 1, 0
1315, 10, 1, 10, 2, 0
1315, 10, 0, 12, 31, 0
1315, 10, 2, 13, 1, 0
1315, 10, 2, 15, 0, 0
1315, 10, 3, 15, 31, 0
1315, 10, 3, 16, 2, 0
1315, 10, 2, 16, 26, 0
1315, 10, 2, 17, 35, 0
1315, 10, 0, 18, 39, 0
1315, 10, 3, 20, 8, 0
1315, 10, 3, 21, 40, 0
1315, 10, 1, 21, 43, 0
1315, 10, 0, 23, 7, 0
1315, 10, 0, 25, 11, 0
1315, 10, 1, 27, 48, 0
1315, 10, 3, 27, 54, 0
1315, 10, 3, 27, 57, 0
1315, 10, 3, 28, 1, 0
1315, 10, 3, 31, 4, 0
1315, 10, 1, 31, 8, 0
1315, 10, 0, 34, 2, 0
1315, 10, 1, 34, 18, 0
1315, 10, 2, 35, 9, 0
1315, 10, 3, 39, 7, 0
1315, 10, 2, 39, 10, 0
1315, 10, 1, 39, 18, 0
1315, 10, 2, 46, 0, 0
1315, 10, 0, 47, 5, 0
1315, 10, 1, 47, 10, 0
1315, 10, 1, 49, 17, 0
1315, 10, 2, 51, 12, 0
1315, 10, 3, 52, 3, 0
1316, 10, 1, 12, 27, 0
1316, 10, 2, 13, 34, 0
1316, 10, 1, 19, 3, 0
1316, 10, 1, 25, 43, 0
1316, 10, 0, 36, 4, 0
1316, 10, 1, 47, 13, 0
1316, 10, 2, 48, 1, 0
1316, 10, 3, 49, 6, 0
1513, 0, 0, 5, 59, 2
1513, 0, 1, 21, 52, 2
1530, 0, 3, 62, 59, 0
1530, 0, 2, 11, 59, 1
1530, 0, 2, 13, 59, 1
1530, 0, 1, 36, 36, 1
1530, 0, 1, 37, 29, 1
1530, 0, 2, 41, 41, 1
1530, 0, 0, 47, 41, 1
1530, 0, 1, 50, 29, 1
1530, 0, 3, 51, 37, 1
1602, 3, 3, 40, 34, 0
1602, 3, 0, 40, 35, 0
1602, 3, 2, 47, 34, 0
1602, 3, 1, 47, 35, 0
1604, 12, 2, 36, 26, 2
1604, 12, 2, 36, 27, 2
1604, 12, 2, 36, 28, 2
1604, 12, 2, 36, 29, 2
1604, 12, 2, 36, 30, 2
1604, 12, 2, 36, 31, 2
1604, 12, 2, 36, 32, 2
1604, 12, 2, 36, 33, 2
1604, 12, 2, 36, 34, 2
1604, 12, 2, 36, 35, 2
1604, 12, 2, 36, 36, 2
1604, 12, 2, 36, 37, 2
1604, 12, 2, 36, 38, 2
1604, 12, 2, 36, 39, 2
1604, 12, 2, 36, 40, 2
1604, 12, 2, 36, 41, 2
1604, 12, 0, 37, 37, 2
1604, 12, 0, 37, 38, 2
1604, 12, 0, 37, 39, 2
1604, 12, 0, 37, 40, 2
1604, 12, 3, 37, 42, 2
1604, 12, 1, 38, 41, 2
1604, 12, 3, 38, 42, 2
1604, 17, 0, 39, 26, 2
1604, 17, 0, 39, 27, 2
1604, 17, 1, 39, 28, 2
1604, 12, 0, 39, 30, 2
1604, 12, 0, 39, 31, 2
1604, 12, 0, 39, 32, 2
1604, 12, 0, 39, 33, 2
1604, 12, 0, 39, 34, 2
1604, 12, 0, 39, 35, 2
1604, 12, 0, 39, 36, 2
1604, 12, 1, 39, 41, 2
1604, 12, 3, 39, 42, 2
1604, 17, 0, 40, 26, 2
1604, 17, 0, 40, 27, 2
1604, 13, 3, 40, 29, 2
1604, 12, 1, 40, 41, 2
1604, 12, 3, 40, 42, 2
1604, 12, 0, 41, 26, 2
1604, 12, 3, 41, 28, 2
1604, 12, 1, 41, 41, 2
1604, 12, 3, 41, 42, 2
1604, 12, 1, 42, 27, 2
1604, 12, 3, 42, 28, 2
1604, 12, 1, 42, 40, 2
1604, 12, 3, 42, 43, 2
1604, 12, 1, 43, 27, 2
1604, 12, 3, 43, 28, 2
1604, 12, 1, 43, 40, 2
1604, 12, 3, 43, 43, 2
1604, 12, 1, 44, 27, 2
1604, 12, 3, 44, 28, 2
1604, 12, 1, 44, 40, 2
1604, 12, 3, 44, 43, 2
1604, 12, 1, 45, 27, 2
1604, 12, 3, 45, 28, 2
1604, 12, 1, 45, 40, 2
1604, 12, 3, 45, 43, 2
1604, 12, 2, 46, 26, 2
1604, 12, 3, 46, 28, 2
1604, 12, 1, 46, 40, 2
1604, 12, 3, 46, 43, 2
1604, 17, 0, 47, 26, 2
1604, 17, 1, 47, 27, 2
1604, 13, 2, 47, 29, 2
1604, 12, 1, 47, 41, 2
1604, 12, 3, 47, 42, 2
1604, 17, 0, 48, 26, 2
1604, 17, 1, 48, 27, 2
1604, 17, 1, 48, 28, 2
1604, 12, 2, 48, 30, 2
1604, 12, 2, 48, 31, 2
1604, 12, 2, 48, 32, 2
1604, 12, 2, 48, 33, 2
1604, 12, 2, 48, 34, 2
1604, 12, 2, 48, 35, 2
1604, 12, 2, 48, 36, 2
1604, 12, 1, 48, 41, 2
1604, 12, 3, 48, 42, 2
1604, 12, 1, 49, 41, 2
1604, 12, 3, 49, 42, 2
1604, 12, 2, 50, 37, 2
1604, 12, 2, 50, 38, 2
1604, 12, 2, 50, 39, 2
1604, 12, 2, 50, 40, 2
1604, 12, 3, 50, 42, 2
1604, 12, 0, 51, 26, 2
1604, 12, 0, 51, 27, 2
1604, 12, 0, 51, 28, 2
1604, 12, 0, 51, 29, 2
1604, 12, 0, 51, 30, 2
1604, 12, 0, 51, 31, 2
1604, 12, 0, 51, 32, 2
1604, 12, 0, 51, 33, 2
1604, 12, 0, 51, 34, 2
1604, 12, 0, 51, 35, 2
1604, 12, 0, 51, 36, 2
1604, 12, 0, 51, 37, 2
1604, 12, 0, 51, 38, 2
1604, 12, 0, 51, 39, 2
1604, 12, 0, 51, 40, 2
1604, 12, 0, 51, 41, 2
1604, 12, 2, 37, 27, 3
1604, 12, 2, 37, 28, 3
1604, 12, 2, 37, 29, 3
1604, 12, 2, 37, 30, 3
1604, 12, 2, 37, 31, 3
1604, 12, 2, 37, 32, 3
1604, 12, 2, 37, 33, 3
1604, 12, 2, 37, 34, 3
1604, 12, 2, 37, 35, 3
1604, 12, 0, 38, 27, 3
1604, 12, 0, 38, 28, 3
1604, 12, 0, 38, 29, 3
1604, 12, 0, 38, 30, 3
1604, 12, 0, 38, 31, 3
1604, 12, 0, 38, 32, 3
1604, 12, 0, 38, 33, 3
1604, 12, 0, 38, 34, 3
1604, 12, 0, 38, 35, 3
1604, 12, 1, 42, 41, 3
1604, 12, 3, 42, 42, 3
1604, 12, 1, 43, 41, 3
1604, 12, 3, 43, 42, 3
1604, 12, 1, 44, 41, 3
1604, 12, 3, 44, 42, 3
1604, 12, 1, 45, 41, 3
1604, 12, 3, 45, 42, 3
1604, 12, 1, 46, 41, 3
1604, 12, 3, 46, 42, 3
1604, 12, 2, 49, 27, 3
1604, 12, 2, 49, 28, 3
1604, 12, 2, 49, 29, 3
1604, 12, 2, 49, 30, 3
1604, 12, 2, 49, 31, 3
1604, 12, 2, 49, 32, 3
1604, 12, 2, 49, 33, 3
1604, 12, 2, 49, 34, 3
1604, 12, 2, 49, 35, 3
1604, 12, 0, 50, 27, 3
1604, 12, 0, 50, 28, 3
1604, 12, 0, 50, 29, 3
1604, 12, 0, 50, 30, 3
1604, 12, 0, 50, 31, 3
1604, 12, 0, 50, 32, 3
1604, 12, 0, 50, 33, 3
1604, 12, 0, 50, 34, 3
1604, 12, 0, 50, 35, 3
1605, 17, 2, 37, 26, 2
1605, 17, 2, 37, 36, 2
1605, 17, 2, 38, 26, 2
1605, 17, 2, 38, 36, 2
1605, 17, 3, 42, 41, 2
1605, 17, 3, 42, 42, 2
1605, 17, 3, 46, 41, 2
1605, 17, 3, 46, 42, 2
1605, 17, 3, 49, 26, 2
1605, 17, 3, 49, 36, 2
1605, 17, 3, 50, 26, 2
1605, 17, 3, 50, 36, 2
1620, 1, 1, 0, 56, 0
1620, 9, 1, 0, 57, 0
1620, 9, 2, 0, 62, 0
1620, 1, 2, 0, 63, 0
1620, 0, 1, 1, 56, 0
1620, 0, 3, 1, 63, 0
1620, 0, 1, 2, 56, 0
1620, 0, 3, 2, 63, 0
1620, 0, 1, 3, 56, 0
1620, 0, 3, 3, 63, 0
1620, 1, 0, 4, 56, 0
1620, 9, 0, 4, 57, 0
1620, 9, 3, 4, 62, 0
1620, 1, 3, 4, 63, 0
1620, 0, 1, 5, 57, 0
1620, 9, 3, 5, 61, 0
1620, 1, 3, 5, 62, 0
1620, 1, 0, 6, 57, 0
1620, 9, 0, 6, 58, 0
1620, 2, 2, 6, 61, 0
1620, 0, 2, 6, 62, 0
1620, 0, 2, 6, 63, 0
1620, 0, 1, 7, 58, 0
1620, 0, 3, 7, 61, 0
1620, 0, 1, 9, 58, 0
1620, 2, 3, 9, 61, 0
1620, 0, 0, 9, 62, 0
1620, 0, 0, 9, 63, 0
1620, 3, 1, 10, 56, 0
1620, 0, 2, 10, 57, 0
1620, 9, 1, 10, 58, 0
1620, 9, 2, 10, 61, 0
1620, 1, 2, 10, 62, 0
1620, 0, 1, 11, 56, 0
1620, 9, 2, 11, 62, 0
1620, 1, 2, 11, 63, 0
1620, 3, 1, 12, 53, 0
1620, 0, 2, 12, 54, 0
1620, 0, 2, 12, 55, 0
1620, 2, 1, 12, 56, 0
1620, 0, 3, 12, 63, 0
1620, 0, 1, 13, 53, 0
1620, 0, 1, 13, 54, 0
1620, 0, 3, 13, 63, 0
1620, 0, 1, 14, 53, 0
1620, 0, 1, 14, 54, 0
1620, 0, 3, 14, 63, 0
1620, 0, 1, 15, 53, 0
1620, 0, 1, 15, 54, 0
1620, 0, 3, 15, 63, 0
1620, 3, 1, 16, 49, 0
1620, 0, 2, 16, 50, 0
1620, 0, 2, 16, 51, 0
1620, 0, 2, 16, 52, 0
1620, 2, 1, 16, 53, 0
1620, 0, 1, 16, 54, 0
1620, 0, 3, 16, 63, 0
1620, 0, 1, 17, 49, 0
1620, 0, 2, 17, 50, 0
1620, 0, 2, 17, 51, 0
1620, 0, 2, 17, 52, 0
1620, 0, 2, 17, 53, 0
1620, 2, 1, 17, 54, 0
1620, 0, 3, 17, 63, 0
1620, 1, 1, 18, 48, 0
1620, 9, 1, 18, 49, 0
1620, 0, 1, 18, 54, 0
1620, 0, 3, 18, 63, 0
1620, 1, 1, 19, 47, 0
1620, 9, 1, 19, 48, 0
1620, 2, 0, 19, 54, 0
1620, 0, 3, 19, 63, 0
1620, 0, 1, 20, 47, 0
1620, 0, 3, 20, 63, 0
1620, 0, 1, 21, 47, 0
1620, 0, 1, 21, 54, 0
1620, 9, 3, 21, 62, 0
1620, 1, 3, 21, 63, 0
1620, 0, 1, 22, 47, 0
1620, 0, 1, 22, 54, 0
1620, 9, 3, 22, 61, 0
1620, 1, 3, 22, 62, 0
1620, 1, 0, 23, 47, 0
1620, 9, 0, 23, 48, 0
1620, 9, 3, 23, 53, 0
1620, 0, 0, 23, 54, 0
1620, 0, 0, 23, 55, 0
1620, 0, 0, 23, 56, 0
1620, 0, 0, 23, 57, 0
1620, 0, 0, 23, 58, 0
1620, 0, 0, 23, 59, 0
1620, 0, 0, 23, 60, 0
1620, 1, 3, 23, 61, 0
1620, 1, 0, 24, 48, 0
1620, 9, 0, 24, 49, 0
1620, 9, 3, 24, 52, 0
1620, 1, 3, 24, 53, 0
1620, 1, 0, 25, 49, 0
1620, 0, 0, 25, 50, 0
1620, 0, 0, 25, 51, 0
1620, 1, 3, 25, 52, 0
1620, 1, 1, 0, 56, 1
1620, 9, 1, 0, 57, 1
1620, 9, 2, 0, 62, 1
1620, 1, 2, 0, 63, 1
1620, 0, 1, 1, 56, 1
1620, 0, 3, 1, 63, 1
1620, 0, 1, 2, 56, 1
1620, 0, 3, 2, 63, 1
1620, 0, 1, 3, 56, 1
1620, 0, 3, 3, 63, 1
1620, 1, 0, 4, 56, 1
1620, 9, 0, 4, 57, 1
1620, 9, 3, 4, 62, 1
1620, 1, 3, 4, 63, 1
1620, 0, 1, 5, 57, 1
1620, 9, 3, 5, 61, 1
1620, 1, 3, 5, 62, 1
1620, 1, 0, 6, 57, 1
1620, 9, 0, 6, 58, 1
1620, 9, 3, 6, 59, 1
1620, 9, 0, 6, 60, 1
1620, 2, 2, 6, 61, 1
1620, 0, 2, 6, 62, 1
1620, 0, 2, 6, 63, 1
1620, 0, 1, 7, 58, 1
1620, 1, 3, 7, 59, 1
1620, 1, 0, 7, 60, 1
1620, 0, 3, 7, 61, 1
1620, 0, 1, 8, 58, 1
1620, 0, 3, 8, 61, 1
1620, 0, 1, 9, 58, 1
1620, 2, 3, 9, 61, 1
1620, 0, 0, 9, 62, 1
1620, 0, 0, 9, 63, 1
1620, 3, 2, 10, 61, 1
1620, 3, 1, 11, 57, 1
1620, 0, 2, 11, 58, 1
1620, 0, 1, 12, 57, 1
1620, 9, 2, 12, 60, 1
1620, 1, 2, 12, 61, 1
1620, 3, 1, 13, 56, 1
1620, 2, 1, 13, 57, 1
1620, 0, 2, 13, 58, 1
1620, 0, 2, 13, 60, 1
1620, 2, 2, 13, 61, 1
1620, 0, 2, 13, 62, 1
1620, 0, 1, 14, 56, 1
1620, 0, 3, 14, 61, 1
1620, 0, 1, 15, 56, 1
1620, 0, 3, 15, 61, 1
1620, 0, 1, 16, 56, 1
1620, 0, 3, 16, 61, 1
1620, 0, 2, 17, 50, 1
1620, 0, 2, 17, 51, 1
1620, 0, 2, 17, 52, 1
1620, 0, 2, 17, 53, 1
1620, 0, 2, 17, 54, 1
1620, 2, 1, 17, 56, 1
1620, 0, 3, 17, 61, 1
1620, 1, 1, 18, 48, 1
1620, 9, 1, 18, 49, 1
1620, 0, 1, 18, 53, 1
1620, 0, 3, 18, 61, 1
1620, 1, 1, 19, 47, 1
1620, 9, 1, 19, 48, 1
1620, 0, 1, 19, 53, 1
1620, 0, 3, 19, 61, 1
1620, 0, 1, 20, 47, 1
1620, 0, 1, 20, 53, 1
1620, 9, 3, 20, 60, 1
1620, 1, 3, 20, 61, 1
1620, 0, 1, 21, 47, 1
1620, 0, 1, 21, 53, 1
1620, 0, 2, 21, 54, 1
1620, 0, 2, 21, 55, 1
1620, 0, 2, 21, 56, 1
1620, 0, 2, 21, 57, 1
1620, 0, 2, 21, 58, 1
1620, 9, 3, 21, 59, 1
1620, 1, 3, 21, 60, 1
1620, 0, 1, 22, 47, 1
1620, 1, 0, 23, 47, 1
1620, 9, 0, 23, 48, 1
1620, 9, 3, 23, 53, 1
1620, 1, 0, 24, 48, 1
1620, 9, 0, 24, 49, 1
1620, 9, 3, 24, 52, 1
1620, 1, 3, 24, 53, 1
1620, 1, 0, 25, 49, 1
1620, 0, 0, 25, 50, 1
1620, 0, 0, 25, 51, 1
1620, 1, 3, 25, 52, 1
1620, 1, 1, 0, 58, 2
1620, 0, 2, 0, 59, 2
1620, 0, 2, 0, 60, 2
1620, 1, 2, 0, 61, 2
1620, 1, 1, 1, 57, 2
1620, 9, 1, 1, 58, 2
1620, 9, 2, 1, 61, 2
1620, 1, 2, 1, 62, 2
1620, 0, 1, 2, 57, 2
1620, 0, 3, 2, 62, 2
1620, 0, 1, 3, 57, 2
1620, 0, 3, 3, 62, 2
1620, 1, 0, 4, 57, 2
1620, 9, 0, 4, 58, 2
1620, 9, 3, 4, 61, 2
1620, 1, 3, 4, 62, 2
1620, 1, 0, 5, 58, 2
1620, 0, 0, 5, 60, 2
1620, 1, 3, 5, 61, 2
1620, 9, 3, 19, 49, 2
1620, 0, 0, 19, 50, 2
1620, 0, 0, 19, 51, 2
1620, 9, 0, 19, 52, 2
1620, 0, 3, 20, 49, 2
1620, 0, 1, 20, 52, 2
1620, 0, 3, 21, 49, 2
1620, 0, 3, 22, 49, 2
1620, 0, 1, 22, 52, 2
1620, 9, 2, 23, 49, 2
1620, 0, 2, 23, 50, 2
1620, 0, 2, 23, 51, 2
1620, 9, 1, 23, 52, 2
1622, 3, 1, 10, 56, 1
1622, 0, 2, 10, 57, 1
1622, 9, 1, 10, 58, 1
1622, 9, 2, 10, 61, 1
1622, 1, 2, 10, 62, 1
1622, 0, 1, 11, 56, 1
1622, 9, 2, 11, 62, 1
1622, 1, 2, 11, 63, 1
1622, 3, 1, 12, 53, 1
1622, 0, 2, 12, 54, 1
1622, 0, 2, 12, 55, 1
1622, 2, 1, 12, 56, 1
1622, 0, 3, 12, 63, 1
1622, 0, 1, 13, 53, 1
1622, 0, 3, 13, 55, 1
1622, 0, 3, 13, 63, 1
1622, 0, 1, 14, 53, 1
1622, 0, 3, 14, 55, 1
1622, 0, 3, 14, 63, 1
1622, 0, 1, 15, 53, 1
1622, 0, 3, 15, 63, 1
1622, 3, 1, 16, 49, 1
1622, 0, 2, 16, 50, 1
1622, 0, 2, 16, 51, 1
1622, 0, 2, 16, 52, 1
1622, 2, 1, 16, 53, 1
1622, 0, 3, 16, 63, 1
1622, 0, 1, 17, 49, 1
1622, 0, 3, 17, 63, 1
1622, 0, 3, 18, 63, 1
1622, 0, 3, 19, 63, 1
1622, 0, 3, 20, 63, 1
1622, 9, 3, 21, 62, 1
1622, 1, 3, 21, 63, 1
1622, 9, 3, 22, 61, 1
1622, 1, 3, 22, 62, 1
1622, 0, 0, 23, 54, 1
1622, 0, 0, 23, 55, 1
1622, 0, 0, 23, 56, 1
1622, 0, 0, 23, 57, 1
1622, 0, 0, 23, 58, 1
1622, 0, 0, 23, 59, 1
1622, 0, 0, 23, 60, 1
1622, 1, 3, 23, 61, 1
1622, 1, 1, 0, 56, 2
1622, 9, 1, 0, 57, 2
1622, 9, 2, 0, 62, 2
1622, 1, 2, 0, 63, 2
1622, 0, 1, 1, 56, 2
1622, 0, 3, 1, 63, 2
1622, 0, 1, 2, 56, 2
1622, 0, 3, 2, 63, 2
1622, 0, 1, 3, 56, 2
1622, 0, 3, 3, 63, 2
1622, 1, 0, 4, 56, 2
1622, 9, 0, 4, 57, 2
1622, 9, 3, 4, 62, 2
1622, 1, 3, 4, 63, 2
1622, 0, 1, 5, 57, 2
1622, 9, 3, 5, 61, 2
1622, 1, 3, 5, 62, 2
1622, 1, 0, 6, 57, 2
1622, 9, 0, 6, 58, 2
1622, 2, 2, 6, 61, 2
1622, 0, 2, 6, 62, 2
1622, 0, 2, 6, 63, 2
1622, 0, 1, 7, 58, 2
1622, 0, 1, 8, 58, 2
1622, 0, 1, 9, 58, 2
1622, 2, 3, 9, 61, 2
1622, 0, 0, 9, 62, 2
1622, 0, 0, 9, 63, 2
1622, 0, 1, 10, 58, 2
1622, 0, 3, 10, 61, 2
1622, 3, 1, 11, 57, 2
1622, 2, 1, 11, 58, 2
1622, 2, 3, 11, 60, 2
1622, 3, 3, 11, 61, 2
1622, 0, 1, 12, 57, 2
1622, 9, 2, 12, 60, 2
1622, 1, 2, 12, 61, 2
1622, 3, 1, 13, 56, 2
1622, 2, 1, 13, 57, 2
1622, 0, 3, 13, 61, 2
1622, 0, 1, 14, 56, 2
1622, 2, 3, 14, 61, 2
1622, 0, 1, 15, 56, 2
1622, 0, 3, 15, 61, 2
1622, 0, 1, 16, 56, 2
1622, 0, 3, 16, 61, 2
1622, 1, 1, 17, 49, 2
1622, 0, 2, 17, 50, 2
1622, 0, 2, 17, 51, 2
1622, 0, 2, 17, 52, 2
1622, 0, 2, 17, 53, 2
1622, 0, 2, 17, 54, 2
1622, 0, 2, 17, 55, 2
1622, 2, 1, 17, 56, 2
1622, 0, 3, 17, 61, 2
1622, 1, 1, 18, 48, 2
1622, 9, 1, 18, 49, 2
1622, 0, 3, 18, 61, 2
1622, 1, 1, 19, 47, 2
1622, 9, 1, 19, 48, 2
1622, 0, 3, 19, 61, 2
1622, 0, 1, 20, 47, 2
1622, 9, 3, 20, 60, 2
1622, 1, 3, 20, 61, 2
1622, 0, 1, 21, 47, 2
1622, 9, 3, 21, 59, 2
1622, 1, 3, 21, 60, 2
1622, 0, 1, 22, 47, 2
1622, 2, 3, 22, 54, 2
1622, 0, 0, 22, 55, 2
1622, 0, 0, 22, 56, 2
1622, 0, 0, 22, 57, 2
1622, 0, 0, 22, 58, 2
1622, 1, 3, 22, 59, 2
1622, 1, 0, 23, 47, 2
1622, 9, 0, 23, 48, 2
1622, 9, 3, 23, 53, 2
1622, 1, 3, 23, 54, 2
1622, 1, 0, 24, 48, 2
1622, 9, 0, 24, 49, 2
1622, 9, 3, 24, 52, 2
1622, 1, 3, 24, 53, 2
1622, 1, 0, 25, 49, 2
1622, 0, 0, 25, 50, 2
1622, 0, 0, 25, 51, 2
1622, 1, 3, 25, 52, 2
1622, 1, 1, 0, 58, 3
1622, 0, 2, 0, 59, 3
1622, 0, 2, 0, 60, 3
1622, 1, 2, 0, 61, 3
1622, 1, 1, 1, 57, 3
1622, 9, 1, 1, 58, 3
1622, 9, 2, 1, 61, 3
1622, 1, 2, 1, 62, 3
1622, 0, 1, 2, 57, 3
1622, 0, 3, 2, 62, 3
1622, 0, 1, 3, 57, 3
1622, 0, 3, 3, 62, 3
1622, 1, 0, 4, 57, 3
1622, 9, 0, 4, 58, 3
1622, 9, 3, 4, 61, 3
1622, 1, 3, 4, 62, 3
1622, 1, 0, 5, 58, 3
1622, 0, 0, 5, 59, 3
1622, 0, 0, 5, 60, 3
1622, 1, 3, 5, 61, 3
1622, 9, 3, 19, 49, 3
1622, 0, 0, 19, 50, 3
1622, 0, 0, 19, 51, 3
1622, 9, 0, 19, 52, 3
1622, 0, 3, 20, 49, 3
1622, 0, 1, 20, 52, 3
1622, 0, 3, 21, 49, 3
1622, 0, 1, 21, 52, 3
1622, 0, 3, 22, 49, 3
1622, 0, 1, 22, 52, 3
1622, 9, 2, 23, 49, 3
1622, 0, 2, 23, 50, 3
1622, 0, 2, 23, 51, 3
1622, 9, 1, 23, 52, 3
1631, 0, 0, 12, 57, 0
1631, 0, 0, 12, 58, 0
1631, 0, 0, 12, 60, 0
1631, 0, 0, 12, 61, 0
1631, 0, 0, 12, 62, 0
1641, 14, 3, 39, 29, 2
1641, 14, 3, 40, 28, 2
1641, 14, 0, 41, 27, 2
1641, 14, 1, 46, 27, 2
1641, 14, 2, 47, 28, 2
1641, 14, 2, 48, 29, 2
1641, 15, 1, 50, 41, 2
1641, 16, 3, 51, 42, 2
1646, 4, 0, 0, 58, 0
1646, 4, 0, 0, 61, 0
1646, 5, 1, 1, 56, 0
1646, 4, 3, 1, 57, 0
1646, 4, 1, 1, 62, 0
1646, 5, 3, 1, 63, 0
1646, 5, 1, 3, 56, 0
1646, 4, 3, 3, 57, 0
1646, 4, 1, 3, 62, 0
1646, 5, 3, 3, 63, 0
1646, 4, 1, 6, 60, 0
1646, 5, 3, 6, 61, 0
1646, 5, 1, 7, 58, 0
1646, 4, 3, 7, 59, 0
1646, 5, 1, 9, 58, 0
1646, 4, 3, 9, 59, 0
1646, 4, 1, 9, 60, 0
1646, 5, 3, 9, 61, 0
1646, 5, 1, 11, 56, 0
1646, 4, 3, 11, 57, 0
1646, 4, 1, 12, 62, 0
1646, 5, 3, 12, 63, 0
1646, 5, 1, 14, 54, 0
1646, 4, 3, 14, 55, 0
1646, 4, 1, 15, 62, 0
1646, 5, 3, 15, 63, 0
1646, 5, 1, 16, 54, 0
1646, 4, 3, 16, 55, 0
1646, 8, 1, 18, 49, 0
1646, 4, 1, 18, 62, 0
1646, 5, 3, 18, 63, 0
1646, 5, 1, 20, 47, 0
1646, 4, 1, 20, 62, 0
1646, 5, 3, 20, 63, 0
1646, 5, 1, 22, 47, 0
1646, 4, 3, 22, 48, 0
1646, 4, 2, 22, 56, 0
1646, 8, 3, 23, 53, 0
1646, 5, 0, 23, 56, 0
1646, 4, 2, 24, 50, 0
1646, 5, 0, 25, 50, 0
1646, 8, 1, 0, 57, 1
1646, 4, 0, 0, 59, 1
1646, 4, 0, 0, 60, 1
1646, 8, 2, 0, 62, 1
1646, 5, 1, 2, 56, 1
1646, 4, 3, 2, 57, 1
1646, 4, 1, 2, 62, 1
1646, 5, 3, 2, 63, 1
1646, 8, 0, 4, 57, 1
1646, 8, 3, 4, 62, 1
1646, 4, 1, 13, 60, 1
1646, 5, 3, 13, 61, 1
1646, 5, 1, 14, 56, 1
1646, 4, 3, 14, 57, 1
1646, 5, 1, 16, 56, 1
1646, 4, 3, 16, 57, 1
1646, 4, 1, 16, 60, 1
1646, 5, 3, 16, 61, 1
1646, 5, 2, 17, 50, 1
1646, 5, 2, 17, 52, 1
1646, 8, 1, 18, 49, 1
1646, 4, 0, 18, 50, 1
1646, 4, 0, 18, 52, 1
1646, 4, 1, 19, 60, 1
1646, 5, 3, 19, 61, 1
1646, 5, 1, 20, 47, 1
1646, 4, 3, 20, 48, 1
1646, 5, 2, 21, 55, 1
1646, 5, 2, 21, 57, 1
1646, 5, 2, 21, 58, 1
1646, 5, 1, 22, 47, 1
1646, 4, 3, 22, 48, 1
1646, 4, 0, 22, 55, 1
1646, 4, 0, 22, 57, 1
1646, 4, 0, 22, 58, 1
1646, 8, 0, 24, 49, 1
1646, 4, 2, 24, 50, 1
1646, 8, 3, 24, 52, 1
1646, 5, 0, 25, 50, 1
1646, 5, 2, 0, 59, 2
1646, 8, 1, 1, 58, 2
1646, 8, 2, 1, 61, 2
1646, 5, 1, 3, 57, 2
1646, 8, 0, 4, 58, 2
1646, 8, 3, 4, 61, 2
1646, 4, 2, 18, 51, 2
1646, 8, 3, 19, 49, 2
1646, 5, 0, 19, 51, 2
1646, 8, 0, 19, 52, 2
1646, 4, 1, 20, 48, 2
1646, 5, 3, 20, 49, 2
1646, 5, 1, 20, 52, 2
1646, 4, 3, 20, 53, 2
1646, 4, 1, 22, 48, 2
1646, 5, 3, 22, 49, 2
1646, 5, 1, 22, 52, 2
1646, 4, 3, 22, 53, 2
1646, 8, 2, 23, 49, 2
1646, 5, 2, 23, 51, 2
1646, 8, 1, 23, 52, 2
1646, 4, 0, 24, 51, 2
1738, 10, 0, 2, 59, 0
1738, 10, 1, 2, 60, 2
1738, 10, 2, 21, 50, 2
1740, 10, 0, 3, 59, 1
1740, 10, 1, 2, 60, 3
1740, 10, 2, 21, 51, 3
1746, 10, 3, 13, 54, 1
1746, 10, 1, 38, 27, 1
1746, 10, 1, 49, 27, 1
1746, 10, 2, 9, 60, 2
1747, 10, 3, 13, 54, 0
1747, 10, 2, 9, 60, 1
1749, 10, 2, 7, 63, 1
1749, 10, 2, 14, 62, 1
1749, 10, 2, 8, 63, 2
1749, 10, 0, 15, 57, 2
1749, 10, 0, 17, 57, 2
1750, 10, 2, 7, 63, 0
1750, 10, 2, 14, 62, 0
1750, 10, 2, 8, 63, 1
1750, 10, 0, 15, 57, 1
1750, 10, 0, 17, 57, 1
1792, 19, 1, 35, 25, 2
1792, 18, 2, 35, 26, 2
1792, 18, 2, 35, 27, 2
1792, 18, 2, 35, 28, 2
1792, 18, 2, 35, 29, 2
1792, 18, 2, 35, 30, 2
1792, 18, 2, 35, 31, 2
1792, 18, 2, 35, 32, 2
1792, 18, 2, 35, 33, 2
1792, 18, 2, 35, 34, 2
1792, 18, 2, 35, 35, 2
1792, 18, 2, 35, 36, 2
1792, 18, 2, 35, 37, 2
1792, 18, 2, 35, 38, 2
1792, 18, 2, 35, 39, 2
1792, 18, 2, 35, 40, 2
1792, 18, 2, 35, 41, 2
1792, 18, 2, 35, 42, 2
1792, 19, 2, 35, 43, 2
1792, 18, 1, 36, 25, 2
1792, 18, 3, 36, 43, 2
1792, 18, 1, 37, 25, 2
1792, 18, 3, 37, 43, 2
1792, 18, 1, 38, 25, 2
1792, 20, 3, 38, 37, 2
1792, 18, 0, 38, 38, 2
1792, 18, 0, 38, 39, 2
1792, 20, 0, 38, 40, 2
1792, 18, 3, 38, 43, 2
1792, 18, 1, 39, 25, 2
1792, 18, 3, 39, 37, 2
1792, 18, 1, 39, 40, 2
1792, 18, 3, 39, 43, 2
1792, 18, 1, 40, 25, 2
1792, 18, 0, 40, 30, 2
1792, 18, 0, 40, 31, 2
1792, 18, 0, 40, 32, 2
1792, 18, 0, 40, 33, 2
1792, 18, 0, 40, 34, 2
1792, 18, 0, 40, 35, 2
1792, 18, 0, 40, 36, 2
1792, 19, 3, 40, 37, 2
1792, 18, 1, 40, 40, 2
1792, 18, 3, 40, 43, 2
1792, 18, 1, 41, 25, 2
1792, 18, 3, 41, 29, 2
1792, 19, 1, 41, 39, 2
1792, 20, 1, 41, 40, 2
1792, 20, 2, 41, 43, 2
1792, 19, 2, 41, 44, 2
1792, 19, 0, 42, 25, 2
1792, 20, 0, 42, 26, 2
1792, 18, 3, 42, 29, 2
1792, 18, 1, 42, 39, 2
1792, 18, 3, 42, 44, 2
1792, 18, 1, 43, 26, 2
1792, 18, 3, 43, 29, 2
1792, 18, 1, 43, 39, 2
1792, 18, 3, 43, 44, 2
1792, 18, 1, 44, 26, 2
1792, 18, 3, 44, 29, 2
1792, 18, 1, 44, 39, 2
1792, 18, 3, 44, 44, 2
1792, 19, 1, 45, 25, 2
1792, 20, 1, 45, 26, 2
1792, 18, 3, 45, 29, 2
1792, 18, 1, 45, 39, 2
1792, 18, 3, 45, 44, 2
1792, 18, 1, 46, 25, 2
1792, 18, 3, 46, 29, 2
1792, 18, 1, 46, 39, 2
1792, 18, 3, 46, 44, 2
1792, 18, 1, 47, 25, 2
1792, 18, 2, 47, 30, 2
1792, 18, 2, 47, 31, 2
1792, 18, 2, 47, 32, 2
1792, 18, 2, 47, 33, 2
1792, 18, 2, 47, 34, 2
1792, 18, 2, 47, 35, 2
1792, 18, 2, 47, 36, 2
1792, 19, 2, 47, 37, 2
1792, 19, 0, 47, 39, 2
1792, 20, 0, 47, 40, 2
1792, 20, 3, 47, 43, 2
1792, 19, 3, 47, 44, 2
1792, 18, 1, 48, 25, 2
1792, 18, 3, 48, 37, 2
1792, 18, 1, 48, 40, 2
1792, 18, 3, 48, 43, 2
1792, 18, 1, 49, 25, 2
1792, 20, 2, 49, 37, 2
1792, 18, 2, 49, 38, 2
1792, 18, 2, 49, 39, 2
1792, 20, 1, 49, 40, 2
1792, 18, 3, 49, 43, 2
1792, 18, 1, 50, 25, 2
1792, 18, 3, 50, 43, 2
1792, 18, 1, 51, 25, 2
1792, 18, 3, 51, 43, 2
1792, 19, 0, 52, 25, 2
1792, 18, 0, 52, 26, 2
1792, 18, 0, 52, 27, 2
1792, 18, 0, 52, 28, 2
1792, 18, 0, 52, 29, 2
1792, 18, 0, 52, 30, 2
1792, 18, 0, 52, 31, 2
1792, 18, 0, 52, 32, 2
1792, 18, 0, 52, 33, 2
1792, 18, 0, 52, 34, 2
1792, 18, 0, 52, 35, 2
1792, 18, 0, 52, 36, 2
1792, 18, 0, 52, 37, 2
1792, 18, 0, 52, 38, 2
1792, 18, 0, 52, 39, 2
1792, 18, 0, 52, 40, 2
1792, 18, 0, 52, 41, 2
1792, 18, 0, 52, 42, 2
1792, 19, 3, 52, 43, 2
1846, 5, 2, 35, 27, 0
1846, 5, 2, 35, 30, 0
1846, 5, 2, 35, 33, 0
1846, 5, 2, 35, 36, 0
1846, 5, 2, 35, 39, 0
1846, 5, 2, 35, 42, 0
1846, 4, 0, 36, 27, 0
1846, 4, 0, 36, 30, 0
1846, 4, 0, 36, 33, 0
1846, 4, 0, 36, 36, 0
1846, 4, 0, 36, 39, 0
1846, 4, 0, 36, 42, 0
1846, 5, 1, 37, 25, 0
1846, 4, 3, 37, 26, 0
1846, 4, 1, 38, 42, 0
1846, 5, 3, 38, 43, 0
1846, 5, 1, 39, 25, 0
1846, 4, 3, 39, 26, 0
1846, 5, 1, 48, 25, 0
1846, 4, 3, 48, 26, 0
1846, 4, 1, 49, 42, 0
1846, 5, 3, 49, 43, 0
1846, 5, 1, 50, 25, 0
1846, 4, 3, 50, 26, 0
1846, 4, 2, 51, 27, 0
1846, 4, 2, 51, 30, 0
1846, 4, 2, 51, 33, 0
1846, 4, 2, 51, 36, 0
1846, 4, 2, 51, 39, 0
1846, 4, 2, 51, 42, 0
1846, 5, 0, 52, 27, 0
1846, 5, 0, 52, 30, 0
1846, 5, 0, 52, 33, 0
1846, 5, 0, 52, 36, 0
1846, 5, 0, 52, 39, 0
1846, 5, 0, 52, 42, 0
1847, 5, 2, 35, 26, 1
1847, 5, 2, 35, 30, 1
1847, 5, 2, 35, 34, 1
1847, 5, 2, 35, 38, 1
1847, 5, 2, 35, 42, 1
1847, 4, 0, 36, 26, 1
1847, 4, 0, 36, 30, 1
1847, 4, 0, 36, 34, 1
1847, 4, 0, 36, 38, 1
1847, 4, 0, 36, 42, 1
1847, 5, 1, 37, 25, 1
1847, 4, 3, 37, 26, 1
1847, 4, 2, 37, 38, 1
1847, 4, 1, 37, 42, 1
1847, 5, 3, 37, 43, 1
1847, 5, 0, 38, 38, 1
1847, 4, 2, 39, 30, 1
1847, 4, 2, 39, 34, 1
1847, 5, 1, 40, 25, 1
1847, 4, 3, 40, 26, 1
1847, 5, 0, 40, 30, 1
1847, 5, 0, 40, 34, 1
1847, 4, 1, 40, 42, 1
1847, 5, 3, 40, 43, 1
1847, 5, 1, 43, 26, 1
1847, 4, 3, 43, 27, 1
1847, 5, 3, 43, 29, 1
1847, 5, 1, 43, 39, 1
1847, 4, 3, 43, 40, 1
1847, 4, 1, 43, 43, 1
1847, 5, 3, 43, 44, 1
1847, 5, 1, 44, 26, 1
1847, 4, 3, 44, 27, 1
1847, 5, 3, 44, 29, 1
1847, 5, 1, 45, 39, 1
1847, 4, 3, 45, 40, 1
1847, 4, 1, 45, 43, 1
1847, 5, 3, 45, 44, 1
1847, 5, 1, 47, 25, 1
1847, 4, 3, 47, 26, 1
1847, 5, 2, 47, 30, 1
1847, 5, 2, 47, 34, 1
1847, 4, 0, 48, 30, 1
1847, 4, 0, 48, 34, 1
1847, 4, 1, 48, 42, 1
1847, 5, 3, 48, 43, 1
1847, 5, 2, 49, 38, 1
1847, 5, 1, 50, 25, 1
1847, 4, 3, 50, 26, 1
1847, 4, 0, 50, 38, 1
1847, 4, 1, 50, 42, 1
1847, 5, 3, 50, 43, 1
1847, 4, 2, 51, 26, 1
1847, 4, 2, 51, 30, 1
1847, 4, 2, 51, 34, 1
1847, 4, 2, 51, 38, 1
1847, 4, 2, 51, 42, 1
1847, 5, 0, 52, 26, 1
1847, 5, 0, 52, 30, 1
1847, 5, 0, 52, 34, 1
1847, 5, 0, 52, 38, 1
1847, 5, 0, 52, 42, 1
1862, 22, 0, 43, 17, 0
1862, 22, 0, 43, 22, 0
1862, 22, 0, 44, 17, 0
1862, 22, 0, 44, 22, 0
1870, 10, 2, 36, 26, 0
1870, 10, 2, 40, 26, 0
1870, 10, 2, 42, 40, 0
1870, 10, 2, 42, 43, 0
1870, 10, 2, 46, 40, 0
1870, 10, 2, 46, 43, 0
1870, 10, 2, 47, 26, 0
1870, 10, 2, 51, 26, 0
1873, 4, 0, 18, 51, 0
1902, 2, 3, 59, 59, 0
1902, 0, 0, 59, 60, 0
1902, 0, 0, 59, 61, 0
1902, 0, 0, 59, 62, 0
1902, 2, 0, 59, 63, 0
1902, 0, 3, 60, 59, 0
1902, 0, 1, 60, 63, 0
1902, 0, 3, 61, 59, 0
1902, 0, 1, 61, 63, 0
1902, 0, 1, 62, 63, 0
1902, 2, 2, 63, 59, 0
1902, 0, 2, 63, 60, 0
1902, 0, 2, 63, 61, 0
1902, 0, 2, 63, 62, 0
1902, 2, 1, 63, 63, 0
1902, 0, 1, 36, 29, 1
1902, 0, 1, 37, 36, 1
1902, 0, 1, 38, 29, 1
1902, 1, 0, 38, 36, 1
1902, 0, 1, 39, 29, 1
1902, 0, 2, 41, 42, 1
1902, 0, 0, 47, 42, 1
1902, 0, 3, 50, 37, 1
1904, 0, 1, 48, 29, 1
1904, 0, 1, 49, 29, 1
1904, 0, 1, 51, 29, 1
1905, 1, 1, 35, 26, 0
1905, 0, 2, 35, 27, 0
1905, 0, 2, 35, 28, 0
1905, 0, 2, 35, 29, 0
1905, 0, 2, 35, 30, 0
1905, 0, 2, 35, 31, 0
1905, 0, 2, 35, 32, 0
1905, 0, 2, 35, 33, 0
1905, 0, 2, 35, 34, 0
1905, 0, 2, 35, 35, 0
1905, 0, 2, 35, 36, 0
1905, 0, 2, 35, 37, 0
1905, 0, 2, 35, 38, 0
1905, 0, 2, 35, 39, 0
1905, 0, 2, 35, 40, 0
1905, 0, 2, 35, 41, 0
1905, 0, 2, 35, 42, 0
1905, 1, 2, 35, 43, 0
1905, 1, 1, 36, 25, 0
1905, 2, 1, 36, 26, 0
1905, 0, 3, 36, 43, 0
1905, 0, 1, 37, 25, 0
1905, 0, 3, 37, 43, 0
1905, 0, 1, 38, 25, 0
1905, 2, 3, 38, 29, 0
1905, 0, 0, 38, 30, 0
1905, 0, 0, 38, 31, 0
1905, 2, 0, 38, 32, 0
1905, 2, 3, 38, 37, 0
1905, 0, 0, 38, 38, 0
1905, 0, 0, 38, 39, 0
1905, 2, 0, 38, 40, 0
1905, 0, 3, 38, 43, 0
1905, 0, 1, 39, 25, 0
1905, 0, 3, 39, 29, 0
1905, 0, 1, 39, 32, 0
1905, 0, 3, 39, 37, 0
1905, 0, 1, 39, 40, 0
1905, 0, 3, 39, 43, 0
1905, 1, 0, 40, 25, 0
1905, 2, 0, 40, 26, 0
1905, 0, 3, 40, 29, 0
1905, 1, 0, 40, 32, 0
1905, 0, 0, 40, 33, 0
1905, 0, 0, 40, 36, 0
1905, 1, 3, 40, 37, 0
1905, 1, 0, 40, 40, 0
1905, 0, 0, 40, 41, 0
1905, 0, 0, 40, 42, 0
1905, 1, 3, 40, 43, 0
1905, 0, 1, 41, 26, 0
1905, 0, 3, 41, 29, 0
1905, 1, 0, 42, 26, 0
1905, 0, 0, 42, 27, 0
1905, 0, 0, 42, 28, 0
1905, 1, 3, 42, 29, 0
1905, 1, 1, 45, 26, 0
1905, 0, 2, 45, 27, 0
1905, 0, 2, 45, 28, 0
1905, 1, 2, 45, 29, 0
1905, 0, 1, 46, 26, 0
1905, 0, 3, 46, 29, 0
1905, 1, 1, 47, 25, 0
1905, 2, 1, 47, 26, 0
1905, 0, 3, 47, 29, 0
1905, 1, 1, 47, 32, 0
1905, 0, 2, 47, 33, 0
1905, 0, 2, 47, 36, 0
1905, 1, 2, 47, 37, 0
1905, 1, 1, 47, 40, 0
1905, 0, 2, 47, 41, 0
1905, 0, 2, 47, 42, 0
1905, 1, 2, 47, 43, 0
1905, 0, 1, 48, 25, 0
1905, 0, 3, 48, 29, 0
1905, 0, 1, 48, 32, 0
1905, 0, 3, 48, 37, 0
1905, 0, 1, 48, 40, 0
1905, 0, 3, 48, 43, 0
1905, 0, 1, 49, 25, 0
1905, 2, 2, 49, 29, 0
1905, 0, 2, 49, 30, 0
1905, 0, 2, 49, 31, 0
1905, 2, 1, 49, 32, 0
1905, 0, 3, 49, 37, 0
1905, 0, 1, 49, 40, 0
1905, 0, 3, 49, 43, 0
1905, 0, 1, 50, 25, 0
1905, 2, 2, 50, 37, 0
1905, 0, 2, 50, 38, 0
1905, 0, 2, 50, 39, 0
1905, 2, 1, 50, 40, 0
1905, 0, 3, 50, 43, 0
1905, 1, 0, 51, 25, 0
1905, 2, 0, 51, 26, 0
1905, 0, 3, 51, 43, 0
1905, 1, 0, 52, 26, 0
1905, 0, 0, 52, 27, 0
1905, 0, 0, 52, 28, 0
1905, 0, 0, 52, 29, 0
1905, 0, 0, 52, 30, 0
1905, 0, 0, 52, 31, 0
1905, 0, 0, 52, 32, 0
1905, 0, 0, 52, 33, 0
1905, 0, 0, 52, 34, 0
1905, 0, 0, 52, 35, 0
1905, 0, 0, 52, 36, 0
1905, 0, 0, 52, 37, 0
1905, 0, 0, 52, 38, 0
1905, 0, 0, 52, 39, 0
1905, 0, 0, 52, 40, 0
1905, 0, 0, 52, 41, 0
1905, 0, 0, 52, 42, 0
1905, 1, 3, 52, 43, 0
1905, 1, 1, 35, 25, 1
1905, 0, 2, 35, 26, 1
1905, 0, 2, 35, 27, 1
1905, 0, 2, 35, 28, 1
1905, 0, 2, 35, 29, 1
1905, 0, 2, 35, 30, 1
1905, 0, 2, 35, 31, 1
1905, 0, 2, 35, 32, 1
1905, 0, 2, 35, 33, 1
1905, 0, 2, 35, 34, 1
1905, 0, 2, 35, 35, 1
1905, 0, 2, 35, 36, 1
1905, 0, 2, 35, 37, 1
1905, 0, 2, 35, 38, 1
1905, 0, 2, 35, 39, 1
1905, 0, 2, 35, 40, 1
1905, 0, 2, 35, 41, 1
1905, 0, 2, 35, 42, 1
1905, 1, 2, 35, 43, 1
1905, 0, 1, 36, 25, 1
1905, 0, 3, 36, 43, 1
1905, 0, 1, 37, 25, 1
1905, 0, 3, 37, 43, 1
1905, 0, 1, 38, 25, 1
1905, 2, 3, 38, 37, 1
1905, 0, 0, 38, 38, 1
1905, 0, 0, 38, 39, 1
1905, 2, 0, 38, 40, 1
1905, 0, 3, 38, 43, 1
1905, 0, 1, 39, 25, 1
1905, 0, 3, 39, 37, 1
1905, 0, 1, 39, 40, 1
1905, 0, 3, 39, 43, 1
1905, 0, 1, 40, 25, 1
1905, 9, 3, 40, 29, 1
1905, 0, 0, 40, 30, 1
1905, 0, 0, 40, 31, 1
1905, 0, 0, 40, 32, 1
1905, 0, 0, 40, 33, 1
1905, 0, 0, 40, 34, 1
1905, 0, 0, 40, 35, 1
1905, 0, 0, 40, 36, 1
1905, 1, 3, 40, 37, 1
1905, 0, 1, 40, 40, 1
1905, 0, 3, 40, 43, 1
1905, 0, 1, 41, 25, 1
1905, 0, 3, 41, 29, 1
1905, 1, 1, 41, 39, 1
1905, 2, 1, 41, 40, 1
1905, 2, 2, 41, 43, 1
1905, 1, 2, 41, 44, 1
1905, 1, 0, 42, 25, 1
1905, 2, 0, 42, 26, 1
1905, 0, 3, 42, 29, 1
1905, 0, 1, 42, 39, 1
1905, 0, 3, 42, 44, 1
1905, 0, 1, 43, 26, 1
1905, 0, 3, 43, 29, 1
1905, 0, 1, 43, 39, 1
1905, 0, 3, 43, 44, 1
1905, 0, 1, 44, 26, 1
1905, 0, 3, 44, 29, 1
1905, 0, 1, 44, 39, 1
1905, 0, 3, 44, 44, 1
1905, 1, 1, 45, 25, 1
1905, 2, 1, 45, 26, 1
1905, 0, 3, 45, 29, 1
1905, 0, 1, 45, 39, 1
1905, 0, 3, 45, 44, 1
1905, 0, 1, 46, 25, 1
1905, 0, 3, 46, 29, 1
1905, 0, 1, 46, 39, 1
1905, 0, 3, 46, 44, 1
1905, 0, 1, 47, 25, 1
1905, 9, 2, 47, 29, 1
1905, 0, 2, 47, 30, 1
1905, 0, 2, 47, 31, 1
1905, 0, 2, 47, 32, 1
1905, 0, 2, 47, 33, 1
1905, 0, 2, 47, 34, 1
1905, 0, 2, 47, 35, 1
1905, 0, 2, 47, 36, 1
1905, 1, 2, 47, 37, 1
1905, 1, 0, 47, 39, 1
1905, 2, 0, 47, 40, 1
1905, 2, 3, 47, 43, 1
1905, 1, 3, 47, 44, 1
1905, 0, 1, 48, 25, 1
1905, 0, 3, 48, 37, 1
1905, 0, 1, 48, 40, 1
1905, 0, 3, 48, 43, 1
1905, 0, 1, 49, 25, 1
1905, 2, 2, 49, 37, 1
1905, 0, 2, 49, 38, 1
1905, 0, 2, 49, 39, 1
1905, 2, 1, 49, 40, 1
1905, 0, 3, 49, 43, 1
1905, 0, 1, 50, 25, 1
1905, 0, 3, 50, 43, 1
1905, 0, 1, 51, 25, 1
1905, 0, 3, 51, 43, 1
1905, 1, 0, 52, 25, 1
1905, 0, 0, 52, 26, 1
1905, 0, 0, 52, 27, 1
1905, 0, 0, 52, 28, 1
1905, 0, 0, 52, 29, 1
1905, 0, 0, 52, 30, 1
1905, 0, 0, 52, 31, 1
1905, 0, 0, 52, 32, 1
1905, 0, 0, 52, 33, 1
1905, 0, 0, 52, 34, 1
1905, 0, 0, 52, 35, 1
1905, 0, 0, 52, 36, 1
1905, 0, 0, 52, 37, 1
1905, 0, 0, 52, 38, 1
1905, 0, 0, 52, 39, 1
1905, 0, 0, 52, 40, 1
1905, 0, 0, 52, 41, 1
1905, 0, 0, 52, 42, 1
1905, 1, 3, 52, 43, 1
1926, 16, 2, 36, 42, 2
1926, 15, 0, 37, 41, 2
1933, 16, 1, 59, 59, 1
1933, 12, 2, 59, 60, 1
1933, 12, 2, 59, 61, 1
1933, 12, 2, 59, 62, 1
1933, 16, 2, 59, 63, 1
1933, 12, 1, 60, 59, 1
1933, 17, 3, 60, 60, 1
1933, 17, 3, 60, 61, 1
1933, 17, 3, 60, 62, 1
1933, 12, 3, 60, 63, 1
1933, 12, 1, 61, 59, 1
1933, 17, 3, 61, 60, 1
1933, 17, 3, 61, 61, 1
1933, 17, 3, 61, 62, 1
1933, 12, 3, 61, 63, 1
1933, 12, 1, 62, 59, 1
1933, 17, 3, 62, 60, 1
1933, 17, 3, 62, 61, 1
1933, 17, 3, 62, 62, 1
1933, 12, 3, 62, 63, 1
1933, 16, 0, 63, 59, 1
1933, 12, 0, 63, 60, 1
1933, 12, 0, 63, 61, 1
1933, 12, 0, 63, 62, 1
1933, 16, 3, 63, 63, 1
2336, 10, 1, 23, 51, 1
2337, 0, 1, 8, 58, 0
2338, 0, 0, 12, 59, 0
2339, 0, 2, 17, 55, 1
2340, 0, 1, 20, 54, 0
2341, 0, 3, 8, 61, 0
2341, 0, 3, 22, 54, 1
2342, 5, 2, 17, 51, 0
2640, 10, 0, 43, 42, 1
2641, 10, 1, 38, 27, 0
2641, 10, 1, 49, 27, 0
2726, 10, 2, 22, 58, 0
2752, 22, 0, 20, 54, 1
2752, 22, 0, 44, 42, 1
2771, 22, 0, 41, 30, 0
2771, 22, 0, 41, 38, 0
2771, 22, 0, 47, 30, 0
2771, 22, 0, 47, 38, 0
2784, 5, 0, 59, 62, 0
2784, 5, 2, 63, 62, 0
