184, 22, 1, 13, 47, 0
184, 22, 2, 13, 53, 0
184, 22, 3, 20, 49, 0
184, 22, 0, 23, 48, 0
184, 22, 2, 27, 49, 0
184, 22, 2, 30, 49, 0
184, 22, 1, 31, 48, 0
184, 22, 3, 31, 50, 0
184, 22, 1, 33, 51, 0
184, 22, 2, 37, 48, 0
184, 22, 2, 41, 18, 0
184, 22, 0, 45, 24, 0
184, 22, 2, 46, 21, 0
184, 22, 1, 46, 22, 0
184, 22, 3, 46, 23, 0
184, 22, 1, 50, 26, 0
184, 22, 3, 51, 9, 0
184, 22, 1, 54, 8, 0
184, 22, 2, 54, 11, 0
184, 22, 3, 54, 12, 0
184, 22, 3, 54, 22, 0
184, 22, 0, 54, 26, 0
184, 22, 0, 56, 10, 0
184, 22, 3, 56, 14, 0
184, 22, 0, 57, 15, 0
184, 22, 1, 57, 21, 0
184, 22, 2, 58, 17, 0
185, 22, 2, 11, 53, 0
185, 22, 0, 12, 52, 0
185, 22, 1, 12, 54, 0
185, 22, 0, 13, 46, 0
185, 22, 2, 13, 48, 0
185, 22, 0, 13, 51, 0
185, 22, 0, 13, 54, 0
185, 22, 3, 14, 45, 0
185, 22, 0, 14, 47, 0
185, 22, 0, 14, 48, 0
185, 22, 2, 14, 52, 0
185, 22, 3, 14, 53, 0
185, 22, 1, 15, 46, 0
185, 22, 0, 15, 47, 0
185, 22, 1, 15, 49, 0
185, 22, 3, 16, 48, 0
185, 22, 3, 19, 49, 0
185, 22, 3, 20, 43, 0
185, 22, 1, 20, 48, 0
185, 22, 1, 20, 50, 0
185, 22, 0, 21, 44, 0
185, 22, 1, 21, 48, 0
185, 22, 0, 21, 49, 0
185, 22, 1, 22, 44, 0
185, 22, 2, 22, 47, 0
185, 22, 0, 22, 50, 0
185, 22, 3, 23, 43, 0
185, 22, 3, 23, 47, 0
185, 22, 2, 23, 50, 0
185, 22, 0, 24, 48, 0
185, 22, 1, 24, 49, 0
185, 22, 3, 26, 49, 0
185, 22, 0, 27, 48, 0
185, 22, 0, 27, 50, 0
185, 22, 2, 28, 48, 0
185, 22, 1, 28, 49, 0
185, 22, 1, 29, 47, 0
185, 22, 3, 29, 49, 0
185, 22, 1, 30, 48, 0
185, 22, 2, 30, 50, 0
185, 22, 1, 30, 51, 0
185, 22, 1, 31, 47, 0
185, 22, 1, 32, 48, 0
185, 22, 2, 32, 49, 0
185, 22, 3, 32, 52, 0
185, 22, 2, 33, 47, 0
185, 22, 0, 33, 48, 0
185, 22, 1, 33, 52, 0
185, 22, 0, 34, 51, 0
185, 22, 1, 35, 8, 0
185, 22, 1, 35, 11, 0
185, 22, 1, 35, 12, 0
185, 22, 3, 35, 47, 0
185, 22, 0, 35, 48, 0
185, 22, 1, 35, 49, 0
185, 22, 0, 36, 7, 0
185, 22, 2, 36, 13, 0
185, 22, 2, 36, 46, 0
185, 22, 0, 36, 48, 0
185, 22, 2, 36, 50, 0
185, 22, 1, 37, 6, 0
185, 22, 2, 37, 8, 0
185, 22, 0, 37, 45, 0
185, 22, 1, 37, 46, 0
185, 22, 1, 37, 47, 0
185, 22, 3, 37, 49, 0
185, 22, 1, 38, 6, 0
185, 22, 3, 38, 14, 0
185, 22, 0, 38, 45, 0
185, 22, 3, 38, 47, 0
185, 22, 3, 39, 3, 0
185, 22, 0, 39, 7, 0
185, 22, 3, 39, 11, 0
185, 22, 0, 39, 13, 0
185, 22, 3, 39, 46, 0
185, 22, 0, 40, 4, 0
185, 22, 2, 40, 10, 0
185, 22, 1, 40, 11, 0
185, 22, 1, 40, 17, 0
185, 22, 3, 40, 22, 0
185, 22, 3, 40, 24, 0
185, 22, 0, 40, 26, 0
185, 22, 3, 41, 6, 0
185, 22, 2, 41, 8, 0
185, 22, 1, 41, 12, 0
185, 22, 0, 41, 13, 0
185, 22, 2, 41, 20, 0
185, 22, 0, 41, 24, 0
185, 22, 1, 42, 4, 0
185, 22, 1, 42, 27, 0
185, 22, 1, 43, 22, 0
185, 22, 2, 43, 25, 0
185, 22, 2, 43, 26, 0
185, 22, 1, 43, 27, 0
185, 22, 2, 44, 5, 0
185, 22, 3, 44, 27, 0
185, 22, 2, 45, 21, 0
185, 22, 0, 46, 5, 0
185, 22, 1, 46, 18, 0
185, 22, 0, 47, 4, 0
185, 22, 3, 47, 8, 0
185, 22, 2, 47, 11, 0
185, 22, 1, 47, 14, 0
185, 22, 0, 47, 18, 0
185, 22, 0, 47, 21, 0
185, 22, 2, 47, 27, 0
185, 22, 1, 47, 51, 0
185, 22, 1, 48, 4, 0
185, 22, 2, 48, 7, 0
185, 22, 1, 48, 15, 0
185, 22, 3, 48, 28, 0
185, 22, 0, 48, 50, 0
185, 22, 3, 48, 52, 0
185, 22, 2, 49, 2, 0
185, 22, 1, 49, 4, 0
185, 22, 1, 49, 6, 0
185, 22, 1, 49, 8, 0
185, 22, 3, 49, 15, 0
185, 22, 1, 49, 27, 0
185, 22, 2, 49, 51, 0
185, 22, 0, 50, 4, 0
185, 22, 0, 50, 7, 0
185, 22, 1, 50, 9, 0
185, 22, 1, 50, 27, 0
185, 22, 1, 51, 3, 0
185, 22, 2, 51, 5, 0
185, 22, 2, 51, 6, 0
185, 22, 2, 51, 8, 0
185, 22, 1, 51, 11, 0
185, 22, 2, 51, 15, 0
185, 22, 0, 51, 28, 0
185, 22, 3, 52, 7, 0
185, 22, 0, 52, 10, 0
185, 22, 3, 53, 3, 0
185, 22, 3, 53, 4, 0
185, 22, 3, 53, 6, 0
185, 22, 0, 53, 8, 0
185, 22, 3, 53, 9, 0
185, 22, 0, 53, 10, 0
185, 22, 2, 53, 18, 0
185, 22, 2, 53, 27, 0
185, 22, 2, 54, 10, 0
185, 22, 0, 54, 25, 0
185, 22, 2, 55, 1, 0
185, 22, 1, 55, 2, 0
185, 22, 2, 55, 4, 0
185, 22, 1, 55, 5, 0
185, 22, 0, 55, 7, 0
185, 22, 1, 55, 8, 0
185, 22, 1, 55, 21, 0
185, 22, 0, 55, 26, 0
185, 22, 3, 55, 27, 0
185, 22, 0, 56, 3, 0
185, 22, 3, 56, 6, 0
185, 22, 2, 56, 8, 0
185, 22, 0, 56, 9, 0
185, 22, 3, 56, 27, 0
185, 22, 2, 56, 28, 0
185, 22, 2, 57, 1, 0
185, 22, 1, 57, 3, 0
185, 22, 1, 57, 4, 0
185, 22, 3, 57, 6, 0
185, 22, 3, 57, 7, 0
185, 22, 0, 57, 8, 0
185, 22, 0, 57, 9, 0
185, 22, 0, 57, 10, 0
185, 22, 3, 57, 18, 0
185, 22, 3, 57, 26, 0
185, 22, 1, 57, 27, 0
185, 22, 2, 57, 28, 0
185, 22, 3, 58, 2, 0
185, 22, 3, 58, 3, 0
185, 22, 2, 58, 5, 0
185, 22, 2, 58, 6, 0
185, 22, 2, 58, 7, 0
185, 22, 3, 58, 8, 0
185, 22, 0, 58, 9, 0
185, 22, 0, 58, 10, 0
185, 22, 1, 58, 11, 0
185, 22, 2, 58, 15, 0
185, 22, 1, 58, 19, 0
185, 22, 0, 58, 20, 0
185, 22, 3, 58, 21, 0
185, 22, 0, 58, 26, 0
185, 22, 2, 58, 52, 0
185, 22, 2, 58, 53, 0
185, 22, 2, 59, 5, 0
185, 22, 2, 59, 6, 0
185, 22, 0, 59, 11, 0
185, 22, 1, 59, 12, 0
185, 22, 1, 59, 14, 0
185, 22, 2, 59, 18, 0
185, 22, 2, 59, 19, 0
185, 22, 2, 59, 20, 0
185, 22, 1, 59, 51, 0
185, 22, 0, 59, 54, 0
185, 22, 1, 60, 4, 0
185, 22, 2, 60, 12, 0
185, 22, 3, 60, 13, 0
185, 22, 1, 60, 19, 0
185, 22, 2, 60, 20, 0
185, 22, 1, 60, 50, 0
185, 22, 0, 60, 52, 0
185, 22, 3, 60, 53, 0
185, 22, 2, 61, 51, 0
185, 22, 3, 62, 52, 0
185, 22, 2, 63, 52, 0
185, 22, 1, 63, 53, 0
186, 22, 3, 12, 53, 0
186, 22, 0, 13, 52, 0
186, 22, 3, 14, 46, 0
186, 22, 2, 15, 48, 0
186, 22, 2, 22, 48, 0
186, 22, 3, 22, 49, 0
186, 22, 0, 23, 49, 0
186, 22, 2, 29, 48, 0
186, 22, 0, 31, 49, 0
186, 22, 2, 31, 51, 0
186, 22, 1, 32, 47, 0
186, 22, 3, 32, 50, 0
186, 22, 2, 32, 51, 0
186, 22, 3, 36, 47, 0
186, 22, 0, 36, 49, 0
186, 22, 1, 37, 12, 0
186, 22, 1, 38, 5, 0
186, 22, 0, 38, 10, 0
186, 22, 1, 38, 46, 0
186, 22, 1, 39, 5, 0
186, 22, 0, 39, 9, 0
186, 22, 2, 39, 15, 0
186, 22, 3, 40, 13, 0
186, 22, 2, 41, 16, 0
186, 22, 0, 41, 22, 0
186, 22, 2, 42, 13, 0
186, 22, 2, 43, 2, 0
186, 22, 3, 43, 3, 0
186, 22, 1, 43, 11, 0
186, 22, 3, 43, 18, 0
186, 22, 1, 44, 14, 0
186, 22, 0, 44, 17, 0
186, 22, 3, 44, 21, 0
186, 22, 0, 45, 3, 0
186, 22, 0, 45, 7, 0
186, 22, 3, 45, 10, 0
186, 22, 2, 45, 15, 0
186, 22, 1, 45, 50, 0
186, 22, 1, 46, 2, 0
186, 22, 3, 46, 26, 0
186, 22, 3, 46, 27, 0
186, 22, 1, 48, 2, 0
186, 22, 3, 48, 51, 0
186, 22, 2, 49, 7, 0
186, 22, 3, 49, 12, 0
186, 22, 3, 49, 13, 0
186, 22, 0, 49, 16, 0
186, 22, 1, 49, 17, 0
186, 22, 1, 49, 20, 0
186, 22, 2, 49, 21, 0
186, 22, 1, 50, 11, 0
186, 22, 3, 51, 4, 0
186, 22, 2, 51, 7, 0
186, 22, 0, 51, 17, 0
186, 22, 0, 51, 18, 0
186, 22, 0, 51, 20, 0
186, 22, 3, 51, 23, 0
186, 22, 0, 52, 4, 0
186, 22, 3, 52, 5, 0
186, 22, 0, 52, 8, 0
186, 22, 3, 52, 9, 0
186, 22, 0, 53, 13, 0
186, 22, 2, 53, 24, 0
186, 22, 1, 54, 4, 0
186, 22, 2, 54, 9, 0
186, 22, 1, 54, 15, 0
186, 22, 3, 55, 6, 0
186, 22, 1, 55, 9, 0
186, 22, 1, 55, 17, 0
186, 22, 2, 55, 19, 0
186, 22, 3, 56, 5, 0
186, 22, 2, 56, 7, 0
186, 22, 2, 57, 23, 0
186, 22, 2, 58, 4, 0
186, 22, 3, 58, 13, 0
186, 22, 1, 59, 52, 0
186, 22, 0, 59, 53, 0
186, 22, 1, 60, 51, 0
186, 22, 2, 61, 52, 0
205, 4, 3, 19, 5, 0
205, 4, 3, 27, 7, 0
205, 5, 1, 27, 12, 0
296, 10, 1, 53, 5, 0
296, 10, 1, 57, 16, 0
297, 10, 3, 47, 17, 0
313, 10, 0, 37, 7, 0
313, 10, 0, 37, 9, 0
313, 10, 2, 37, 10, 0
313, 10, 3, 37, 11, 0
313, 10, 1, 38, 7, 0
313, 11, 1, 38, 9, 0
313, 11, 1, 38, 10, 0
313, 11, 1, 38, 11, 0
313, 11, 1, 38, 12, 0
313, 10, 1, 38, 13, 0
313, 10, 0, 39, 5, 0
313, 10, 0, 39, 6, 0
313, 10, 0, 39, 7, 0
313, 10, 0, 39, 8, 0
313, 10, 0, 39, 9, 0
313, 10, 1, 39, 10, 0
313, 10, 0, 39, 13, 0
313, 10, 0, 39, 15, 0
313, 11, 1, 40, 5, 0
313, 11, 1, 40, 8, 0
313, 10, 1, 40, 9, 0
313, 11, 1, 40, 10, 0
313, 11, 1, 40, 11, 0
313, 11, 1, 40, 13, 0
313, 10, 0, 41, 7, 0
313, 10, 0, 41, 11, 0
313, 10, 0, 41, 14, 0
313, 10, 0, 41, 18, 0
313, 10, 0, 41, 23, 0
313, 11, 1, 42, 5, 0
313, 11, 1, 42, 6, 0
313, 10, 1, 42, 8, 0
313, 11, 1, 42, 9, 0
313, 11, 1, 42, 10, 0
313, 11, 1, 42, 12, 0
313, 11, 1, 42, 13, 0
313, 10, 1, 42, 14, 0
313, 10, 1, 42, 16, 0
313, 11, 1, 42, 17, 0
313, 11, 1, 42, 19, 0
313, 10, 0, 43, 5, 0
313, 10, 0, 43, 8, 0
313, 10, 0, 43, 10, 0
313, 10, 0, 43, 12, 0
313, 10, 0, 43, 14, 0
313, 10, 0, 43, 15, 0
313, 10, 0, 43, 18, 0
313, 10, 0, 43, 19, 0
313, 10, 0, 43, 20, 0
313, 10, 0, 43, 22, 0
313, 10, 0, 44, 3, 0
313, 10, 1, 44, 5, 0
313, 11, 1, 44, 6, 0
313, 11, 1, 44, 7, 0
313, 10, 0, 44, 9, 0
313, 10, 1, 44, 10, 0
313, 11, 1, 44, 12, 0
313, 11, 1, 44, 14, 0
313, 11, 1, 44, 16, 0
313, 11, 1, 44, 17, 0
313, 11, 1, 44, 18, 0
313, 11, 1, 44, 21, 0
313, 11, 1, 44, 22, 0
313, 10, 0, 45, 9, 0
313, 10, 0, 45, 10, 0
313, 10, 0, 45, 14, 0
313, 10, 0, 45, 17, 0
313, 10, 0, 45, 19, 0
313, 10, 0, 45, 20, 0
313, 10, 0, 45, 21, 0
313, 10, 0, 45, 22, 0
313, 10, 0, 45, 24, 0
313, 10, 0, 45, 25, 0
313, 10, 0, 46, 2, 0
313, 10, 0, 46, 3, 0
313, 11, 1, 46, 4, 0
313, 10, 1, 46, 5, 0
313, 11, 1, 46, 9, 0
313, 11, 1, 46, 11, 0
313, 11, 1, 46, 12, 0
313, 11, 1, 46, 14, 0
313, 10, 0, 46, 15, 0
313, 10, 1, 46, 16, 0
313, 11, 1, 46, 17, 0
313, 11, 1, 46, 19, 0
313, 11, 1, 46, 21, 0
313, 11, 1, 46, 23, 0
313, 10, 1, 46, 24, 0
313, 10, 0, 47, 5, 0
313, 10, 0, 47, 6, 0
313, 10, 0, 47, 9, 0
313, 10, 0, 47, 13, 0
313, 10, 0, 47, 14, 0
313, 10, 0, 47, 16, 0
313, 11, 1, 47, 20, 0
313, 10, 0, 47, 23, 0
313, 10, 0, 47, 25, 0
313, 10, 0, 48, 3, 0
313, 10, 1, 48, 13, 0
313, 11, 1, 48, 14, 0
313, 10, 0, 48, 15, 0
313, 11, 1, 48, 16, 0
313, 11, 1, 48, 17, 0
313, 10, 3, 48, 19, 0
313, 11, 1, 48, 20, 0
313, 11, 1, 48, 21, 0
313, 11, 1, 48, 23, 0
313, 11, 1, 48, 24, 0
313, 11, 1, 48, 25, 0
313, 10, 0, 49, 13, 0
313, 10, 0, 49, 15, 0
313, 10, 0, 49, 16, 0
313, 10, 0, 49, 18, 0
313, 10, 0, 49, 23, 0
313, 10, 0, 49, 25, 0
313, 10, 0, 49, 26, 0
313, 11, 1, 50, 12, 0
313, 11, 1, 50, 13, 0
313, 11, 1, 50, 14, 0
313, 11, 1, 50, 15, 0
313, 10, 1, 50, 18, 0
313, 11, 1, 50, 19, 0
313, 11, 1, 50, 20, 0
313, 11, 1, 50, 22, 0
313, 10, 1, 50, 23, 0
313, 10, 1, 50, 25, 0
313, 10, 0, 51, 13, 0
313, 10, 0, 51, 20, 0
313, 10, 0, 51, 21, 0
313, 10, 0, 51, 23, 0
313, 10, 0, 51, 25, 0
313, 10, 1, 52, 12, 0
313, 11, 1, 52, 13, 0
313, 11, 1, 52, 14, 0
313, 10, 1, 52, 16, 0
313, 10, 0, 52, 20, 0
313, 11, 1, 52, 22, 0
313, 11, 1, 52, 23, 0
313, 11, 1, 52, 24, 0
313, 10, 1, 52, 25, 0
313, 10, 0, 53, 13, 0
313, 10, 0, 53, 17, 0
313, 10, 0, 53, 18, 0
313, 10, 0, 53, 19, 0
313, 10, 0, 53, 25, 0
313, 10, 0, 53, 26, 0
313, 11, 1, 54, 12, 0
313, 11, 1, 54, 13, 0
313, 11, 1, 54, 14, 0
313, 10, 1, 54, 15, 0
313, 10, 1, 54, 16, 0
313, 10, 1, 54, 17, 0
313, 11, 1, 54, 19, 0
313, 11, 1, 54, 20, 0
313, 11, 1, 54, 22, 0
313, 11, 1, 54, 24, 0
313, 11, 1, 54, 25, 0
313, 10, 0, 55, 15, 0
313, 10, 0, 55, 19, 0
313, 10, 0, 55, 21, 0
313, 10, 0, 55, 22, 0
313, 10, 0, 55, 23, 0
313, 10, 0, 55, 24, 0
313, 10, 0, 55, 26, 0
313, 10, 1, 56, 13, 0
313, 10, 1, 56, 16, 0
313, 11, 1, 56, 18, 0
313, 11, 1, 56, 20, 0
313, 11, 1, 56, 22, 0
335, 22, 0, 11, 23, 0
335, 22, 2, 13, 22, 0
335, 22, 1, 19, 0, 0
335, 22, 1, 21, 26, 0
335, 22, 2, 23, 30, 0
335, 22, 3, 25, 31, 0
335, 22, 0, 32, 0, 0
335, 22, 2, 34, 9, 0
335, 22, 2, 34, 31, 0
335, 22, 3, 37, 34, 0
335, 22, 1, 38, 19, 0
335, 22, 0, 38, 26, 0
335, 22, 2, 39, 53, 0
335, 22, 1, 41, 62, 0
335, 22, 3, 42, 49, 0
335, 22, 0, 58, 31, 0
335, 22, 3, 59, 41, 0
335, 22, 1, 60, 44, 0
335, 22, 0, 61, 42, 0
336, 22, 3, 1, 14, 0
336, 22, 0, 2, 15, 0
336, 22, 2, 2, 25, 0
336, 22, 2, 3, 21, 0
336, 22, 3, 3, 22, 0
336, 22, 2, 3, 35, 0
336, 22, 3, 4, 34, 0
336, 22, 1, 5, 33, 0
336, 22, 0, 6, 32, 0
336, 22, 1, 6, 33, 0
336, 22, 2, 7, 26, 0
336, 22, 2, 8, 19, 0
336, 22, 0, 8, 22, 0
336, 22, 3, 9, 18, 0
336, 22, 1, 9, 23, 0
336, 22, 1, 10, 18, 0
336, 22, 2, 11, 24, 0
336, 22, 3, 12, 40, 0
336, 22, 0, 13, 20, 0
336, 22, 2, 13, 21, 0
336, 22, 2, 13, 39, 0
336, 22, 3, 14, 22, 0
336, 22, 2, 14, 23, 0
336, 22, 0, 15, 34, 0
336, 22, 0, 15, 38, 0
336, 22, 3, 15, 39, 0
336, 22, 1, 16, 26, 0
336, 22, 1, 17, 0, 0
336, 22, 2, 20, 0, 0
336, 22, 1, 20, 6, 0
336, 22, 0, 21, 0, 0
336, 22, 1, 21, 5, 0
336, 22, 3, 22, 8, 0
336, 22, 2, 22, 29, 0
336, 22, 0, 23, 7, 0
336, 22, 2, 23, 8, 0
336, 22, 3, 24, 31, 0
336, 22, 3, 25, 0, 0
336, 22, 2, 25, 1, 0
336, 22, 1, 25, 7, 0
336, 22, 1, 26, 1, 0
336, 22, 0, 28, 7, 0
336, 22, 2, 28, 9, 0
336, 22, 0, 28, 10, 0
336, 22, 2, 30, 7, 0
336, 22, 0, 30, 30, 0
336, 22, 2, 31, 5, 0
336, 22, 0, 32, 1, 0
336, 22, 3, 33, 8, 0
336, 22, 0, 34, 10, 0
336, 22, 1, 34, 11, 0
336, 22, 2, 36, 16, 0
336, 22, 1, 36, 17, 0
336, 22, 1, 37, 19, 0
336, 22, 0, 37, 22, 0
336, 22, 3, 37, 25, 0
336, 22, 2, 37, 33, 0
336, 22, 2, 38, 27, 0
336, 22, 3, 38, 30, 0
336, 22, 1, 38, 36, 0
336, 22, 2, 38, 53, 0
336, 22, 0, 40, 42, 0
336, 22, 3, 40, 43, 0
336, 22, 3, 40, 52, 0
336, 22, 2, 41, 41, 0
336, 22, 3, 41, 48, 0
336, 22, 1, 42, 48, 0
336, 22, 0, 42, 50, 0
336, 22, 1, 44, 30, 0
336, 22, 0, 45, 31, 0
336, 22, 2, 47, 35, 0
336, 22, 3, 48, 45, 0
336, 22, 0, 48, 46, 0
336, 22, 0, 49, 43, 0
336, 22, 1, 49, 47, 0
336, 22, 3, 50, 46, 0
336, 22, 3, 51, 35, 0
336, 22, 1, 51, 42, 0
336, 22, 0, 51, 44, 0
336, 22, 2, 52, 43, 0
336, 22, 2, 52, 48, 0
336, 22, 0, 54, 43, 0
336, 22, 1, 54, 44, 0
336, 22, 1, 55, 43, 0
336, 22, 2, 55, 44, 0
336, 22, 3, 55, 45, 0
336, 22, 2, 56, 42, 0
336, 22, 0, 56, 44, 0
336, 22, 3, 56, 45, 0
336, 22, 1, 57, 32, 0
336, 22, 3, 57, 41, 0
336, 22, 1, 57, 46, 0
336, 22, 1, 58, 41, 0
336, 22, 3, 59, 40, 0
336, 22, 0, 60, 41, 0
336, 22, 0, 61, 30, 0
336, 22, 2, 61, 41, 0
336, 22, 1, 62, 42, 0
336, 22, 3, 63, 30, 0
337, 22, 2, 2, 14, 0
337, 22, 0, 2, 26, 0
337, 22, 3, 4, 22, 0
337, 22, 0, 4, 35, 0
337, 22, 2, 5, 32, 0
337, 22, 0, 5, 34, 0
337, 22, 1, 9, 19, 0
337, 22, 0, 9, 22, 0
337, 22, 3, 12, 21, 0
337, 22, 3, 14, 39, 0
337, 22, 1, 18, 0, 0
337, 22, 1, 19, 25, 0
337, 22, 0, 20, 5, 0
337, 22, 2, 24, 7, 0
337, 22, 3, 35, 16, 0
337, 22, 2, 38, 20, 0
337, 22, 3, 42, 47, 0
337, 22, 0, 42, 61, 0
337, 22, 1, 45, 30, 0
337, 22, 0, 49, 46, 0
337, 22, 2, 51, 43, 0
337, 22, 1, 51, 45, 0
337, 22, 3, 51, 46, 0
337, 22, 2, 52, 35, 0
337, 22, 2, 56, 43, 0
337, 22, 0, 57, 42, 0
337, 22, 1, 57, 45, 0
337, 22, 2, 59, 44, 0
350, 10, 0, 25, 13, 0
357, 11, 2, 17, 12, 0
357, 11, 3, 20, 12, 0
357, 11, 2, 22, 3, 0
357, 10, 0, 23, 4, 0
358, 11, 3, 16, 10, 0
358, 10, 3, 22, 4, 0
362, 10, 1, 16, 2, 0
362, 10, 0, 16, 3, 0
362, 10, 3, 17, 9, 0
362, 10, 2, 17, 10, 0
362, 10, 1, 18, 9, 0
362, 10, 2, 22, 1, 0
362, 10, 2, 23, 1, 0
362, 10, 3, 24, 6, 0
364, 10, 1, 23, 2, 0
364, 10, 0, 27, 17, 0
365, 10, 1, 16, 11, 0
374, 10, 0, 27, 6, 0
375, 10, 1, 24, 2, 0
375, 10, 1, 24, 3, 0
381, 10, 1, 30, 17, 0
391, 4, 2, 30, 4, 0
419, 10, 3, 25, 15, 0
419, 10, 3, 25, 17, 0
444, 10, 1, 4, 25, 0
444, 10, 1, 4, 45, 0
444, 10, 0, 5, 35, 0
444, 10, 3, 8, 20, 0
444, 10, 1, 9, 12, 0
444, 10, 3, 9, 37, 0
444, 10, 2, 10, 19, 0
444, 10, 2, 11, 13, 0
444, 10, 2, 14, 37, 0
444, 10, 2, 49, 44, 0
444, 10, 0, 52, 45, 0
444, 10, 1, 59, 42, 0
444, 10, 0, 60, 45, 0
445, 10, 1, 6, 13, 0
445, 10, 2, 7, 40, 0
445, 10, 3, 7, 46, 0
445, 10, 1, 8, 33, 0
445, 10, 1, 9, 10, 0
445, 10, 1, 10, 21, 0
445, 10, 0, 11, 46, 0
445, 10, 3, 14, 40, 0
445, 10, 2, 17, 35, 0
445, 10, 3, 57, 43, 0
445, 10, 3, 58, 45, 0
445, 10, 2, 61, 43, 0
446, 10, 1, 7, 20, 0
446, 10, 2, 8, 18, 0
446, 10, 3, 48, 44, 0
446, 10, 1, 52, 47, 0
446, 10, 1, 56, 42, 0
446, 10, 2, 58, 40, 0
447, 10, 3, 10, 23, 0
447, 10, 0, 12, 19, 0
447, 10, 1, 12, 20, 0
447, 10, 2, 12, 22, 0
447, 10, 2, 50, 43, 0
447, 10, 1, 51, 47, 0
447, 10, 0, 52, 44, 0
447, 10, 3, 53, 43, 0
447, 10, 2, 54, 43, 0
447, 10, 3, 54, 46, 0
447, 10, 2, 56, 40, 0
447, 10, 3, 56, 44, 0
447, 10, 0, 58, 42, 0
595, 10, 3, 30, 14, 0
595, 10, 2, 27, 5, 1
598, 10, 0, 18, 3, 0
604, 10, 0, 25, 14, 0
604, 10, 2, 29, 5, 0
687, 22, 3, 19, 3, 0
688, 22, 3, 21, 2, 0
705, 5, 0, 17, 1, 0
705, 5, 0, 17, 3, 0
706, 5, 3, 21, 1, 0
706, 5, 1, 23, 4, 0
767, 22, 1, 26, 2, 1
767, 22, 1, 26, 3, 1
767, 22, 1, 26, 4, 1
767, 22, 2, 27, 5, 1
767, 22, 2, 28, 5, 1
767, 22, 2, 29, 5, 1
767, 22, 3, 30, 4, 1
814, 0, 2, 26, 2, 1
814, 0, 2, 26, 3, 1
814, 0, 2, 26, 4, 1
814, 3, 2, 26, 5, 1
814, 0, 3, 27, 5, 1
814, 0, 3, 28, 5, 1
814, 0, 3, 29, 5, 1
814, 0, 0, 30, 4, 1
814, 3, 3, 30, 5, 1
917, 22, 3, 27, 4, 0
917, 22, 0, 27, 5, 0
917, 22, 3, 27, 15, 0
917, 22, 0, 27, 16, 0
917, 22, 2, 29, 4, 0
917, 22, 1, 29, 5, 0
917, 22, 2, 29, 15, 0
917, 22, 1, 29, 16, 0
918, 22, 2, 28, 4, 0
918, 22, 0, 28, 5, 0
918, 22, 2, 28, 15, 0
918, 22, 0, 28, 16, 0
920, 22, 3, 25, 3, 0
920, 22, 0, 25, 5, 0
920, 22, 2, 26, 3, 0
920, 22, 1, 26, 5, 0
921, 22, 3, 25, 4, 0
921, 22, 1, 26, 4, 0
980, 9, 2, 20, 28, 0
980, 1, 2, 20, 29, 0
980, 9, 2, 21, 29, 0
980, 1, 2, 21, 30, 0
980, 9, 0, 22, 26, 0
980, 9, 2, 22, 30, 0
980, 1, 2, 22, 31, 0
980, 1, 0, 23, 26, 0
980, 9, 0, 23, 27, 0
980, 9, 2, 23, 31, 0
980, 1, 0, 24, 27, 0
980, 9, 0, 24, 28, 0
980, 0, 3, 24, 32, 0
980, 0, 1, 25, 28, 0
980, 0, 3, 25, 32, 0
980, 9, 0, 26, 29, 0
980, 0, 3, 26, 32, 0
980, 0, 1, 27, 29, 0
980, 0, 1, 28, 29, 0
980, 9, 1, 29, 29, 0
980, 0, 3, 29, 32, 0
980, 0, 1, 30, 28, 0
980, 0, 3, 30, 32, 0
980, 0, 1, 31, 28, 0
980, 0, 3, 31, 32, 0
980, 0, 1, 32, 28, 0
980, 0, 3, 32, 32, 0
980, 9, 0, 33, 29, 0
980, 0, 3, 33, 32, 0
980, 0, 2, 34, 22, 0
980, 0, 2, 34, 23, 0
980, 0, 2, 34, 24, 0
980, 0, 1, 34, 29, 0
980, 0, 3, 34, 32, 0
980, 9, 3, 35, 6, 0
980, 0, 0, 35, 7, 0
980, 0, 0, 35, 12, 0
980, 9, 0, 35, 13, 0
980, 9, 2, 35, 25, 0
980, 1, 2, 35, 26, 0
980, 0, 1, 35, 29, 0
980, 0, 3, 35, 32, 0
980, 9, 3, 36, 5, 0
980, 9, 0, 36, 14, 0
980, 9, 2, 36, 26, 0
980, 0, 2, 36, 27, 0
980, 0, 2, 36, 28, 0
980, 9, 1, 36, 29, 0
980, 9, 2, 36, 32, 0
980, 0, 2, 36, 33, 0
980, 0, 2, 36, 34, 0
980, 0, 2, 36, 35, 0
980, 9, 3, 37, 4, 0
980, 1, 0, 37, 14, 0
980, 9, 0, 37, 15, 0
980, 9, 2, 37, 36, 0
980, 1, 2, 37, 37, 0
980, 9, 3, 38, 3, 0
980, 1, 0, 38, 15, 0
980, 9, 0, 38, 16, 0
980, 9, 2, 38, 37, 0
980, 1, 2, 38, 38, 0
980, 0, 3, 39, 3, 0
980, 1, 0, 39, 16, 0
980, 9, 0, 39, 17, 0
980, 0, 0, 39, 27, 0
980, 0, 0, 39, 28, 0
980, 9, 0, 39, 29, 0
980, 9, 3, 39, 32, 0
980, 0, 0, 39, 33, 0
980, 0, 0, 39, 34, 0
980, 9, 0, 39, 35, 0
980, 9, 2, 39, 38, 0
980, 0, 2, 39, 39, 0
980, 0, 2, 39, 40, 0
980, 0, 3, 40, 3, 0
980, 0, 0, 40, 18, 0
980, 0, 0, 40, 19, 0
980, 0, 0, 40, 20, 0
980, 0, 0, 40, 21, 0
980, 0, 0, 40, 22, 0
980, 0, 0, 40, 23, 0
980, 9, 0, 40, 24, 0
980, 0, 1, 40, 29, 0
980, 0, 3, 40, 32, 0
980, 1, 0, 40, 35, 0
980, 9, 0, 40, 36, 0
980, 0, 3, 41, 3, 0
980, 9, 0, 41, 25, 0
980, 0, 1, 41, 29, 0
980, 0, 3, 41, 32, 0
980, 1, 0, 41, 36, 0
980, 9, 0, 41, 37, 0
980, 9, 3, 42, 2, 0
980, 1, 0, 42, 25, 0
980, 9, 0, 42, 26, 0
980, 0, 1, 42, 29, 0
980, 0, 3, 42, 32, 0
980, 0, 0, 42, 38, 0
980, 9, 0, 42, 39, 0
980, 9, 3, 43, 1, 0
980, 1, 0, 43, 26, 0
980, 9, 0, 43, 27, 0
980, 0, 3, 43, 32, 0
980, 0, 0, 43, 40, 0
980, 0, 3, 44, 1, 0
980, 1, 0, 44, 27, 0
980, 9, 0, 44, 28, 0
980, 9, 2, 44, 32, 0
980, 0, 3, 45, 1, 0
980, 0, 1, 45, 28, 0
980, 9, 2, 45, 33, 0
980, 0, 3, 46, 1, 0
980, 9, 1, 46, 28, 0
980, 0, 3, 47, 1, 0
980, 0, 1, 47, 27, 0
980, 0, 3, 48, 1, 0
980, 0, 1, 48, 27, 0
980, 0, 3, 49, 1, 0
980, 0, 1, 49, 27, 0
980, 9, 2, 50, 1, 0
980, 0, 1, 50, 27, 0
980, 9, 2, 51, 2, 0
980, 0, 1, 51, 27, 0
980, 0, 3, 52, 3, 0
980, 9, 0, 52, 28, 0
980, 0, 3, 53, 3, 0
980, 0, 1, 53, 28, 0
980, 0, 3, 54, 3, 0
980, 0, 1, 54, 28, 0
980, 9, 3, 55, 2, 0
980, 0, 1, 55, 28, 0
980, 0, 3, 56, 2, 0
980, 9, 1, 56, 28, 0
980, 0, 3, 57, 2, 0
980, 0, 2, 57, 8, 0
980, 0, 2, 57, 9, 0
980, 0, 2, 57, 10, 0
980, 0, 2, 57, 25, 0
980, 0, 2, 57, 26, 0
980, 9, 1, 57, 27, 0
980, 9, 2, 58, 2, 0
980, 9, 1, 58, 7, 0
980, 9, 2, 58, 11, 0
980, 0, 2, 58, 21, 0
980, 0, 2, 58, 22, 0
980, 0, 2, 58, 23, 0
980, 9, 1, 58, 24, 0
980, 9, 2, 59, 3, 0
980, 0, 2, 59, 4, 0
980, 0, 2, 59, 5, 0
980, 9, 1, 59, 6, 0
980, 9, 2, 59, 12, 0
980, 0, 2, 59, 13, 0
980, 0, 2, 59, 14, 0
980, 0, 2, 59, 15, 0
980, 0, 2, 59, 16, 0
980, 0, 2, 59, 17, 0
980, 0, 2, 59, 18, 0
980, 0, 2, 59, 19, 0
980, 9, 1, 59, 20, 0
981, 3, 2, 19, 28, 0
981, 3, 0, 22, 25, 0
981, 3, 2, 23, 32, 0
981, 0, 2, 24, 10, 0
981, 0, 2, 24, 11, 0
981, 0, 2, 24, 12, 0
981, 0, 3, 25, 10, 0
981, 0, 3, 26, 10, 0
981, 3, 0, 26, 28, 0
981, 3, 3, 27, 10, 0
981, 3, 3, 27, 32, 0
981, 3, 2, 28, 32, 0
981, 0, 3, 29, 10, 0
981, 3, 1, 29, 28, 0
981, 0, 3, 30, 10, 0
981, 0, 0, 31, 10, 0
981, 0, 0, 31, 11, 0
981, 0, 0, 31, 12, 0
981, 3, 0, 33, 28, 0
981, 3, 1, 34, 21, 0
981, 3, 2, 34, 25, 0
981, 3, 3, 36, 6, 0
981, 3, 0, 36, 13, 0
981, 3, 2, 36, 36, 0
981, 3, 3, 37, 5, 0
981, 3, 3, 38, 4, 0
981, 3, 0, 39, 26, 0
981, 3, 2, 39, 41, 0
981, 3, 0, 40, 17, 0
981, 3, 0, 41, 24, 0
981, 3, 3, 42, 3, 0
981, 3, 0, 42, 37, 0
981, 3, 3, 43, 2, 0
981, 3, 0, 43, 29, 0
981, 3, 0, 43, 39, 0
981, 3, 3, 43, 41, 0
981, 3, 2, 44, 33, 0
981, 3, 2, 45, 34, 0
981, 3, 1, 46, 27, 0
981, 3, 2, 50, 2, 0
981, 3, 2, 51, 3, 0
981, 3, 0, 52, 27, 0
981, 3, 3, 55, 3, 0
981, 3, 1, 56, 27, 0
981, 3, 1, 57, 7, 0
981, 3, 2, 57, 11, 0
981, 3, 1, 57, 24, 0
981, 3, 2, 58, 3, 0
981, 3, 1, 58, 6, 0
981, 3, 2, 58, 12, 0
981, 3, 1, 58, 20, 0
1007, 0, 0, 35, 8, 0
1008, 0, 0, 35, 11, 0
1015, 10, 0, 17, 4, 0
1015, 10, 3, 18, 1, 0
1016, 10, 3, 20, 1, 0
1016, 10, 2, 23, 3, 0
1017, 10, 3, 19, 1, 0
1023, 5, 0, 24, 3, 0
1023, 5, 0, 24, 5, 0
1082, 10, 0, 35, 32, 0
1083, 10, 0, 39, 28, 0
1088, 10, 3, 29, 14, 0
1088, 10, 3, 29, 15, 0
1088, 10, 0, 30, 16, 0
1102, 10, 3, 17, 3, 0
1102, 10, 0, 18, 4, 0
1102, 10, 3, 29, 4, 0
1102, 10, 1, 29, 6, 0
1102, 10, 2, 30, 5, 0
1102, 10, 2, 29, 5, 1
1189, 10, 1, 28, 19, 0
1189, 10, 0, 29, 21, 0
1189, 10, 0, 60, 26, 0
1189, 10, 2, 60, 34, 0
1189, 10, 3, 61, 33, 0
1189, 10, 1, 61, 36, 0
1189, 10, 3, 62, 24, 0
1246, 22, 2, 5, 40, 0
1246, 22, 2, 5, 46, 0
1246, 22, 1, 7, 32, 0
1246, 22, 3, 8, 37, 0
1246, 22, 3, 9, 34, 0
1246, 22, 0, 10, 11, 0
1246, 22, 0, 10, 29, 0
1246, 22, 3, 11, 28, 0
1246, 22, 1, 11, 43, 0
1246, 22, 3, 11, 47, 0
1246, 22, 0, 12, 32, 0
1246, 22, 0, 12, 46, 0
1246, 22, 2, 14, 26, 0
1246, 22, 1, 18, 47, 0
1246, 22, 1, 22, 20, 0
1246, 22, 1, 22, 38, 0
1246, 22, 1, 25, 47, 0
1246, 22, 3, 26, 24, 0
1246, 22, 3, 27, 29, 0
1246, 22, 3, 27, 42, 0
1246, 22, 1, 28, 22, 0
1246, 22, 0, 28, 27, 0
1246, 22, 0, 28, 40, 0
1246, 22, 1, 30, 42, 0
1246, 22, 2, 31, 23, 0
1246, 22, 1, 31, 26, 0
1246, 22, 3, 32, 22, 0
1246, 22, 1, 32, 33, 0
1246, 22, 2, 32, 39, 0
1246, 22, 1, 32, 61, 0
1246, 22, 2, 34, 24, 0
1246, 22, 1, 34, 37, 0
1246, 22, 1, 34, 49, 0
1246, 22, 2, 35, 28, 0
1246, 22, 0, 36, 20, 0
1246, 22, 0, 36, 39, 0
1246, 22, 3, 37, 18, 0
1246, 22, 3, 37, 35, 0
1246, 22, 1, 37, 52, 0
1246, 22, 0, 38, 38, 0
1246, 22, 2, 38, 57, 0
1246, 22, 1, 38, 58, 0
1246, 22, 3, 40, 55, 0
1246, 22, 0, 42, 43, 0
1246, 22, 2, 42, 55, 0
1246, 22, 0, 43, 56, 0
1247, 22, 2, 4, 2, 0
1247, 22, 2, 4, 57, 0
1247, 22, 1, 7, 5, 0
1247, 22, 3, 7, 53, 0
1247, 22, 0, 9, 28, 0
1247, 22, 0, 9, 59, 0
1247, 22, 1, 10, 58, 0
1247, 22, 1, 11, 26, 0
1247, 22, 0, 11, 27, 0
1247, 22, 3, 12, 2, 0
1247, 22, 0, 12, 7, 0
1247, 22, 2, 12, 24, 0
1247, 22, 1, 12, 27, 0
1247, 22, 3, 13, 23, 0
1247, 22, 3, 13, 26, 0
1247, 22, 3, 13, 27, 0
1247, 22, 1, 14, 25, 0
1247, 22, 2, 14, 28, 0
1247, 22, 0, 15, 20, 0
1247, 22, 3, 15, 21, 0
1247, 22, 2, 15, 28, 0
1247, 22, 1, 15, 44, 0
1247, 22, 2, 15, 56, 0
1247, 22, 0, 16, 6, 0
1247, 22, 0, 16, 11, 0
1247, 22, 3, 16, 43, 0
1247, 22, 0, 16, 44, 0
1247, 22, 1, 16, 46, 0
1247, 22, 3, 16, 55, 0
1247, 22, 0, 17, 42, 0
1247, 22, 3, 17, 46, 0
1247, 22, 1, 17, 47, 0
1247, 22, 0, 17, 52, 0
1247, 22, 0, 18, 1, 0
1247, 22, 0, 18, 43, 0
1247, 22, 3, 18, 46, 0
1247, 22, 0, 18, 48, 0
1247, 22, 3, 18, 51, 0
1247, 22, 2, 19, 41, 0
1247, 22, 1, 19, 42, 0
1247, 22, 0, 19, 46, 0
1247, 22, 2, 19, 52, 0
1247, 22, 3, 19, 61, 0
1247, 22, 0, 20, 60, 0
1247, 22, 1, 21, 4, 0
1247, 22, 2, 21, 16, 0
1247, 22, 3, 21, 20, 0
1247, 22, 3, 21, 37, 0
1247, 22, 1, 21, 55, 0
1247, 22, 3, 21, 61, 0
1247, 22, 0, 22, 2, 0
1247, 22, 3, 22, 12, 0
1247, 22, 0, 22, 19, 0
1247, 22, 2, 22, 23, 0
1247, 22, 3, 22, 37, 0
1247, 22, 3, 22, 54, 0
1247, 22, 0, 22, 60, 0
1247, 22, 2, 22, 62, 0
1247, 22, 0, 23, 11, 0
1247, 22, 1, 23, 12, 0
1247, 22, 2, 23, 46, 0
1247, 22, 1, 23, 59, 0
1247, 22, 2, 23, 61, 0
1247, 22, 3, 24, 24, 0
1247, 22, 0, 24, 25, 0
1247, 22, 1, 24, 45, 0
1247, 22, 3, 24, 46, 0
1247, 22, 1, 24, 47, 0
1247, 22, 2, 24, 56, 0
1247, 22, 2, 25, 16, 0
1247, 22, 3, 25, 20, 0
1247, 22, 3, 25, 23, 0
1247, 22, 2, 25, 46, 0
1247, 22, 2, 26, 19, 0
1247, 22, 1, 26, 27, 0
1247, 22, 3, 26, 42, 0
1247, 22, 1, 26, 43, 0
1247, 22, 3, 26, 46, 0
1247, 22, 1, 26, 56, 0
1247, 22, 3, 27, 13, 0
1247, 22, 2, 27, 28, 0
1247, 22, 0, 27, 38, 0
1247, 22, 0, 27, 43, 0
1247, 22, 2, 27, 55, 0
1247, 22, 1, 27, 60, 0
1247, 22, 1, 27, 61, 0
1247, 22, 1, 28, 26, 0
1247, 22, 1, 28, 61, 0
1247, 22, 3, 29, 24, 0
1247, 22, 0, 29, 26, 0
1247, 22, 1, 29, 43, 0
1247, 22, 2, 29, 44, 0
1247, 22, 2, 29, 45, 0
1247, 22, 1, 29, 46, 0
1247, 22, 1, 29, 60, 0
1247, 22, 3, 29, 61, 0
1247, 22, 1, 30, 2, 0
1247, 22, 1, 30, 29, 0
1247, 22, 3, 30, 34, 0
1247, 22, 2, 30, 43, 0
1247, 22, 0, 30, 44, 0
1247, 22, 0, 30, 53, 0
1247, 22, 0, 31, 35, 0
1247, 22, 3, 31, 42, 0
1247, 22, 3, 31, 52, 0
1247, 22, 2, 31, 62, 0
1247, 22, 3, 31, 63, 0
1247, 22, 3, 32, 46, 0
1247, 22, 2, 32, 63, 0
1247, 22, 1, 33, 35, 0
1247, 22, 1, 33, 42, 0
1247, 22, 2, 33, 43, 0
1247, 22, 1, 33, 45, 0
1247, 22, 0, 33, 46, 0
1247, 22, 3, 33, 49, 0
1247, 22, 1, 33, 50, 0
1247, 22, 3, 33, 61, 0
1247, 22, 1, 33, 62, 0
1247, 22, 1, 34, 19, 0
1247, 22, 1, 34, 25, 0
1247, 22, 0, 34, 26, 0
1247, 22, 2, 34, 29, 0
1247, 22, 1, 34, 41, 0
1247, 22, 0, 34, 42, 0
1247, 22, 0, 34, 43, 0
1247, 22, 0, 34, 48, 0
1247, 22, 0, 34, 50, 0
1247, 22, 1, 34, 63, 0
1247, 22, 2, 35, 18, 0
1247, 22, 3, 35, 27, 0
1247, 22, 3, 35, 41, 0
1247, 22, 2, 35, 44, 0
1247, 22, 2, 35, 62, 0
1247, 22, 3, 36, 18, 0
1247, 22, 2, 36, 40, 0
1247, 22, 3, 36, 44, 0
1247, 22, 1, 36, 45, 0
1247, 22, 0, 36, 57, 0
1247, 22, 0, 37, 32, 0
1247, 22, 1, 37, 40, 0
1247, 22, 3, 37, 56, 0
1247, 22, 0, 37, 60, 0
1247, 22, 1, 38, 59, 0
1247, 22, 1, 38, 60, 0
1247, 22, 3, 39, 61, 0
1247, 22, 3, 39, 63, 0
1247, 22, 3, 40, 34, 0
1247, 22, 3, 40, 54, 0
1247, 22, 3, 40, 59, 0
1247, 22, 1, 41, 33, 0
1247, 22, 2, 41, 35, 0
1247, 22, 0, 41, 54, 0
1247, 22, 0, 42, 31, 0
1247, 22, 3, 42, 36, 0
1247, 22, 0, 42, 42, 0
1247, 22, 1, 42, 53, 0
1247, 22, 0, 42, 56, 0
1247, 22, 0, 42, 59, 0
1247, 22, 1, 43, 42, 0
1247, 22, 2, 43, 43, 0
1247, 22, 1, 43, 52, 0
1247, 22, 2, 43, 53, 0
1247, 22, 0, 43, 57, 0
1247, 22, 2, 44, 34, 0
1247, 22, 0, 44, 35, 0
1247, 22, 2, 44, 37, 0
1247, 22, 0, 44, 55, 0
1247, 22, 2, 44, 58, 0
1247, 22, 3, 44, 59, 0
1247, 22, 3, 44, 62, 0
1247, 22, 2, 44, 63, 0
1247, 22, 2, 45, 37, 0
1247, 22, 0, 45, 41, 0
1247, 22, 1, 46, 33, 0
1247, 22, 2, 46, 40, 0
1247, 22, 0, 46, 55, 0
1247, 22, 1, 46, 58, 0
1247, 22, 2, 47, 36, 0
1247, 22, 3, 47, 37, 0
1247, 22, 2, 47, 41, 0
1247, 22, 2, 47, 57, 0
1247, 22, 2, 47, 59, 0
1247, 22, 1, 48, 56, 0
1247, 22, 1, 48, 57, 0
1247, 22, 1, 48, 63, 0
1247, 22, 2, 49, 62, 0
1247, 22, 3, 50, 61, 0
1247, 22, 0, 50, 63, 0
1247, 22, 2, 51, 40, 0
1247, 22, 3, 51, 49, 0
1247, 22, 2, 51, 56, 0
1247, 22, 0, 52, 55, 0
1247, 22, 1, 52, 56, 0
1247, 22, 2, 54, 39, 0
1247, 22, 2, 54, 59, 0
1247, 22, 1, 54, 60, 0
1247, 22, 2, 55, 38, 0
1247, 22, 1, 56, 37, 0
1247, 22, 2, 56, 58, 0
1247, 22, 3, 57, 56, 0
1247, 22, 1, 58, 55, 0
1247, 22, 3, 58, 56, 0
1247, 22, 0, 59, 57, 0
1247, 22, 1, 61, 57, 0
1247, 22, 3, 61, 60, 0
1247, 22, 2, 62, 53, 0
1247, 22, 1, 62, 54, 0
1247, 22, 2, 62, 56, 0
1247, 22, 0, 62, 59, 0
1247, 22, 3, 63, 57, 0
1248, 22, 0, 4, 3, 0
1248, 22, 3, 4, 5, 0
1248, 22, 2, 4, 45, 0
1248, 22, 1, 6, 3, 0
1248, 22, 2, 6, 10, 0
1248, 22, 1, 7, 47, 0
1248, 22, 1, 8, 9, 0
1248, 22, 0, 8, 25, 0
1248, 22, 1, 8, 46, 0
1248, 22, 3, 8, 47, 0
1248, 22, 2, 9, 5, 0
1248, 22, 2, 9, 45, 0
1248, 22, 0, 10, 44, 0
1248, 22, 2, 12, 42, 0
1248, 22, 3, 15, 7, 0
1248, 22, 2, 15, 26, 0
1248, 22, 2, 17, 59, 0
1248, 22, 1, 18, 3, 0
1248, 22, 2, 20, 1, 0
1248, 22, 3, 21, 7, 0
1248, 22, 2, 22, 0, 0
1248, 22, 3, 23, 3, 0
1248, 22, 3, 25, 30, 0
1248, 22, 2, 26, 36, 0
1248, 22, 3, 27, 8, 0
1248, 22, 1, 28, 0, 0
1248, 22, 0, 28, 38, 0
1248, 22, 0, 28, 41, 0
1248, 22, 1, 28, 46, 0
1248, 22, 1, 29, 53, 0
1248, 22, 2, 31, 7, 0
1248, 22, 3, 31, 41, 0
1248, 22, 1, 32, 3, 0
1248, 22, 2, 35, 40, 0
1248, 22, 2, 35, 45, 0
1248, 22, 0, 36, 23, 0
1248, 22, 2, 38, 54, 0
1248, 22, 3, 39, 42, 0
1248, 22, 0, 41, 42, 0
1248, 22, 3, 41, 49, 0
1248, 22, 1, 44, 57, 0
1248, 22, 1, 53, 33, 0
1248, 22, 2, 53, 62, 0
1248, 22, 0, 59, 31, 0
1248, 22, 3, 30, 6, 1
1249, 22, 1, 2, 61, 0
1249, 22, 3, 3, 58, 0
1249, 22, 0, 4, 63, 0
1249, 22, 0, 6, 54, 0
1249, 22, 1, 7, 61, 0
1249, 22, 0, 8, 58, 0
1249, 22, 2, 21, 54, 0
1249, 22, 1, 51, 59, 0
1249, 22, 0, 52, 60, 0
1250, 22, 1, 1, 59, 0
1250, 22, 0, 1, 63, 0
1250, 22, 2, 2, 57, 0
1250, 22, 0, 3, 59, 0
1250, 22, 2, 4, 62, 0
1250, 22, 3, 5, 54, 0
1250, 22, 3, 5, 55, 0
1250, 22, 2, 6, 55, 0
1250, 22, 2, 6, 61, 0
1250, 22, 3, 6, 63, 0
1250, 22, 2, 7, 54, 0
1250, 22, 2, 7, 58, 0
1250, 22, 0, 8, 55, 0
1250, 22, 3, 8, 57, 0
1250, 22, 1, 8, 59, 0
1250, 22, 0, 8, 62, 0
1250, 22, 3, 9, 56, 0
1250, 22, 2, 9, 57, 0
1250, 22, 0, 11, 58, 0
1250, 22, 1, 12, 56, 0
1250, 22, 0, 13, 57, 0
1250, 22, 2, 14, 55, 0
1250, 22, 3, 16, 51, 0
1250, 22, 0, 16, 52, 0
1250, 22, 2, 17, 50, 0
1250, 22, 1, 18, 50, 0
1250, 22, 0, 18, 52, 0
1250, 22, 3, 18, 53, 0
1250, 22, 1, 20, 54, 0
1250, 22, 0, 20, 55, 0
1250, 22, 3, 21, 53, 0
1250, 22, 2, 22, 55, 0
1250, 22, 0, 25, 52, 0
1250, 22, 2, 25, 54, 0
1250, 22, 2, 25, 55, 0
1250, 22, 3, 25, 56, 0
1250, 22, 2, 26, 52, 0
1250, 22, 3, 26, 53, 0
1250, 22, 3, 26, 54, 0
1250, 22, 1, 26, 55, 0
1250, 22, 3, 27, 51, 0
1250, 22, 0, 27, 52, 0
1250, 22, 3, 27, 53, 0
1250, 22, 0, 28, 59, 0
1250, 22, 3, 30, 62, 0
1250, 22, 1, 31, 61, 0
1250, 22, 0, 32, 62, 0
1250, 22, 3, 33, 60, 0
1250, 22, 1, 50, 56, 0
1250, 22, 2, 50, 58, 0
1250, 22, 1, 50, 60, 0
1250, 22, 3, 50, 62, 0
1250, 22, 2, 51, 55, 0
1250, 22, 3, 51, 60, 0
1250, 22, 0, 51, 61, 0
1250, 22, 0, 52, 59, 0
1250, 22, 2, 53, 58, 0
1250, 22, 2, 56, 55, 0
1250, 22, 0, 56, 61, 0
1250, 22, 1, 57, 57, 0
1250, 22, 1, 57, 61, 0
1250, 22, 3, 57, 62, 0
1250, 22, 1, 58, 54, 0
1250, 22, 2, 58, 60, 0
1250, 22, 1, 58, 61, 0
1250, 22, 2, 58, 62, 0
1250, 22, 2, 60, 61, 0
1250, 22, 1, 61, 54, 0
1250, 22, 2, 61, 55, 0
1250, 22, 0, 61, 58, 0
1250, 22, 1, 61, 61, 0
1262, 22, 0, 24, 5, 0
1276, 10, 2, 2, 36, 0
1276, 10, 1, 4, 5, 0
1276, 10, 1, 5, 9, 0
1276, 10, 2, 6, 31, 0
1276, 10, 1, 6, 43, 0
1276, 10, 2, 7, 3, 0
1276, 10, 2, 8, 8, 0
1276, 10, 0, 9, 1, 0
1276, 10, 2, 9, 44, 0
1276, 10, 2, 10, 40, 0
1276, 10, 3, 12, 5, 0
1276, 10, 0, 12, 23, 0
1276, 10, 2, 12, 34, 0
1276, 10, 0, 13, 27, 0
1276, 10, 2, 14, 32, 0
1276, 10, 3, 16, 23, 0
1276, 10, 0, 17, 46, 0
1276, 10, 2, 20, 15, 0
1276, 10, 0, 21, 23, 0
1276, 10, 3, 21, 37, 0
1276, 10, 3, 22, 11, 0
1276, 10, 1, 24, 46, 0
1276, 10, 1, 27, 23, 0
1276, 10, 3, 28, 40, 0
1276, 10, 0, 29, 25, 0
1276, 10, 0, 29, 43, 0
1276, 10, 0, 30, 27, 0
1276, 10, 1, 31, 25, 0
1276, 10, 2, 32, 21, 0
1276, 10, 3, 32, 45, 0
1276, 10, 3, 33, 23, 0
1276, 10, 2, 34, 36, 0
1276, 10, 0, 34, 40, 0
1276, 10, 1, 35, 44, 0
1276, 10, 1, 42, 42, 0
1276, 10, 1, 43, 34, 0
1276, 10, 3, 54, 38, 0
1278, 10, 2, 3, 2, 0
1278, 10, 1, 4, 39, 0
1278, 10, 1, 7, 6, 0
1278, 10, 2, 11, 42, 0
1278, 10, 3, 12, 2, 0
1278, 10, 3, 14, 20, 0
1278, 10, 2, 15, 43, 0
1278, 10, 2, 17, 37, 0
1278, 10, 2, 18, 41, 0
1278, 10, 3, 21, 19, 0
1278, 10, 0, 25, 19, 0
1278, 10, 2, 26, 42, 0
1278, 10, 3, 27, 38, 0
1278, 10, 2, 28, 45, 0
1278, 10, 0, 30, 41, 0
1278, 10, 2, 33, 42, 0
1278, 10, 3, 33, 49, 0
1278, 10, 1, 40, 33, 0
1278, 10, 2, 41, 35, 0
1278, 10, 3, 43, 36, 0
1278, 10, 1, 45, 40, 0
1278, 10, 2, 46, 36, 0
1278, 10, 0, 50, 39, 0
1278, 10, 0, 55, 35, 0
1281, 10, 2, 6, 37, 0
1281, 10, 2, 9, 27, 0
1281, 10, 2, 10, 31, 0
1281, 10, 2, 11, 36, 0
1281, 10, 3, 24, 23, 0
1281, 10, 0, 26, 26, 0
1281, 10, 0, 29, 22, 0
1281, 10, 1, 30, 33, 0
1281, 10, 0, 33, 26, 0
1281, 10, 3, 34, 18, 0
1281, 10, 0, 36, 38, 0
1282, 10, 0, 2, 62, 0
1282, 10, 2, 3, 56, 0
1282, 10, 2, 6, 53, 0
1282, 10, 3, 9, 58, 0
1282, 10, 1, 15, 55, 0
1282, 10, 3, 17, 51, 0
1282, 10, 1, 19, 60, 0
1282, 10, 0, 21, 54, 0
1282, 10, 0, 26, 51, 0
1282, 10, 2, 26, 55, 0
1282, 10, 3, 28, 60, 0
1282, 10, 1, 30, 52, 0
1282, 10, 3, 31, 62, 0
1282, 10, 0, 32, 61, 0
1282, 10, 0, 36, 51, 0
1282, 10, 2, 36, 56, 0
1282, 10, 3, 37, 59, 0
1282, 10, 1, 39, 58, 0
1282, 10, 0, 40, 53, 0
1282, 10, 1, 42, 52, 0
1282, 10, 3, 44, 57, 0
1282, 10, 0, 45, 55, 0
1282, 10, 1, 45, 56, 0
1282, 10, 1, 46, 57, 0
1282, 10, 2, 47, 56, 0
1282, 10, 0, 49, 61, 0
1282, 10, 1, 51, 55, 0
1282, 10, 3, 51, 59, 0
1282, 10, 2, 57, 55, 0
1282, 10, 0, 57, 61, 0
1282, 10, 3, 61, 53, 0
1282, 10, 1, 61, 59, 0
1283, 10, 1, 43, 56, 0
1286, 10, 3, 49, 32, 0
1286, 10, 2, 49, 52, 0
1286, 10, 1, 50, 30, 0
1286, 10, 0, 52, 31, 0
1286, 10, 3, 55, 51, 0
1289, 10, 1, 2, 59, 0
1289, 10, 3, 7, 62, 0
1289, 10, 1, 9, 55, 0
1289, 10, 0, 11, 53, 0
1289, 10, 3, 13, 56, 0
1289, 10, 3, 14, 62, 0
1289, 10, 3, 20, 57, 0
1289, 10, 1, 22, 61, 0
1289, 10, 0, 24, 59, 0
1289, 10, 3, 30, 55, 0
1289, 10, 1, 32, 59, 0
1289, 10, 0, 38, 62, 0
1289, 10, 3, 39, 49, 0
1289, 10, 0, 41, 55, 0
1289, 10, 2, 42, 63, 0
1289, 10, 2, 43, 55, 0
1289, 10, 2, 43, 61, 0
1289, 10, 3, 48, 58, 0
1289, 10, 1, 53, 60, 0
1289, 10, 2, 55, 58, 0
1289, 10, 1, 62, 57, 0
1298, 10, 1, 4, 19, 0
1298, 10, 2, 21, 13, 0
1298, 10, 2, 24, 11, 0
1341, 10, 0, 34, 21, 0
1341, 10, 1, 45, 35, 0
1530, 0, 1, 20, 4, 0
1530, 9, 2, 20, 10, 0
1530, 0, 1, 26, 6, 0
1530, 0, 1, 28, 12, 0
1551, 0, 0, 35, 9, 0
1553, 0, 0, 35, 10, 0
1631, 9, 3, 15, 10, 0
1631, 9, 0, 15, 11, 0
1631, 9, 3, 16, 9, 0
1631, 1, 3, 16, 10, 0
1631, 1, 0, 16, 11, 0
1631, 9, 0, 16, 12, 0
1631, 0, 0, 17, 0, 0
1631, 2, 3, 17, 1, 0
1631, 0, 0, 17, 2, 0
1631, 0, 0, 17, 3, 0
1631, 2, 0, 17, 4, 0
1631, 9, 3, 17, 8, 0
1631, 1, 3, 17, 9, 0
1631, 1, 0, 17, 12, 0
1631, 9, 0, 17, 13, 0
1631, 0, 3, 18, 1, 0
1631, 0, 1, 18, 4, 0
1631, 9, 2, 18, 8, 0
1631, 1, 2, 18, 9, 0
1631, 1, 0, 18, 13, 0
1631, 9, 0, 18, 14, 0
1631, 0, 3, 19, 1, 0
1631, 0, 1, 19, 4, 0
1631, 9, 2, 19, 9, 0
1631, 1, 2, 19, 10, 0
1631, 1, 1, 19, 13, 0
1631, 9, 1, 19, 14, 0
1631, 0, 3, 20, 1, 0
1631, 1, 2, 20, 11, 0
1631, 1, 1, 20, 12, 0
1631, 9, 1, 20, 13, 0
1631, 0, 3, 21, 1, 0
1631, 0, 1, 21, 4, 0
1631, 9, 2, 21, 11, 0
1631, 9, 1, 21, 12, 0
1631, 0, 3, 22, 1, 0
1631, 0, 1, 22, 4, 0
1631, 0, 3, 23, 1, 0
1631, 0, 1, 23, 4, 0
1631, 2, 0, 24, 1, 0
1631, 0, 0, 24, 2, 0
1631, 0, 0, 24, 3, 0
1631, 0, 0, 24, 4, 0
1631, 0, 0, 24, 5, 0
1631, 2, 0, 24, 6, 0
1631, 0, 2, 24, 13, 0
1631, 0, 2, 24, 14, 0
1631, 0, 2, 24, 15, 0
1631, 0, 2, 24, 16, 0
1631, 0, 2, 24, 17, 0
1631, 3, 2, 24, 18, 0
1631, 0, 1, 25, 1, 0
1631, 0, 1, 25, 6, 0
1631, 0, 1, 25, 12, 0
1631, 0, 3, 25, 18, 0
1631, 0, 1, 26, 1, 0
1631, 0, 1, 26, 12, 0
1631, 0, 3, 26, 18, 0
1631, 0, 1, 27, 1, 0
1631, 0, 1, 27, 6, 0
1631, 0, 1, 27, 12, 0
1631, 0, 3, 27, 18, 0
1631, 0, 1, 28, 1, 0
1631, 0, 1, 28, 6, 0
1631, 0, 3, 28, 18, 0
1631, 0, 1, 29, 1, 0
1631, 0, 1, 29, 6, 0
1631, 0, 1, 29, 12, 0
1631, 0, 3, 29, 18, 0
1631, 0, 1, 30, 1, 0
1631, 0, 1, 30, 6, 0
1631, 0, 1, 30, 12, 0
1631, 0, 3, 30, 18, 0
1631, 3, 0, 31, 1, 0
1631, 0, 0, 31, 2, 0
1631, 0, 0, 31, 3, 0
1631, 0, 0, 31, 4, 0
1631, 0, 0, 31, 5, 0
1631, 0, 0, 31, 6, 0
1631, 0, 0, 31, 13, 0
1631, 0, 0, 31, 14, 0
1631, 0, 0, 31, 15, 0
1631, 0, 0, 31, 16, 0
1631, 0, 0, 31, 17, 0
1631, 3, 3, 31, 18, 0
1631, 0, 1, 24, 1, 1
1631, 0, 0, 24, 2, 1
1631, 0, 0, 24, 3, 1
1631, 0, 0, 24, 4, 1
1631, 0, 0, 24, 5, 1
1631, 2, 0, 24, 6, 1
1631, 0, 1, 25, 1, 1
1631, 0, 1, 25, 6, 1
1631, 0, 1, 26, 1, 1
1631, 0, 1, 26, 6, 1
1631, 0, 1, 27, 1, 1
1631, 0, 1, 27, 6, 1
1631, 0, 1, 28, 1, 1
1631, 0, 1, 28, 6, 1
1631, 0, 1, 29, 1, 1
1631, 0, 1, 29, 6, 1
1631, 0, 1, 30, 1, 1
1631, 0, 1, 30, 6, 1
1631, 3, 0, 31, 1, 1
1631, 0, 0, 31, 2, 1
1631, 0, 0, 31, 3, 1
1631, 0, 0, 31, 4, 1
1631, 0, 0, 31, 5, 1
1631, 0, 0, 31, 6, 1
1641, 16, 1, 51, 5, 1
1641, 12, 2, 51, 6, 1
1641, 12, 2, 51, 7, 1
1641, 16, 2, 51, 8, 1
1641, 12, 1, 52, 5, 1
1641, 17, 2, 52, 6, 1
1641, 17, 2, 52, 7, 1
1641, 12, 3, 52, 8, 1
1641, 12, 1, 53, 5, 1
1641, 17, 2, 53, 6, 1
1641, 17, 2, 53, 7, 1
1641, 12, 3, 53, 8, 1
1641, 12, 1, 54, 5, 1
1641, 17, 2, 54, 6, 1
1641, 17, 2, 54, 7, 1
1641, 12, 3, 54, 8, 1
1641, 16, 0, 55, 5, 1
1641, 12, 0, 55, 6, 1
1641, 12, 0, 55, 7, 1
1641, 16, 3, 55, 8, 1
1643, 13, 1, 15, 10, 1
1643, 13, 2, 15, 11, 1
1643, 13, 1, 16, 9, 1
1643, 14, 1, 16, 10, 1
1643, 14, 2, 16, 11, 1
1643, 13, 2, 16, 12, 1
1643, 12, 1, 17, 1, 1
1643, 17, 1, 17, 2, 1
1643, 17, 1, 17, 3, 1
1643, 12, 3, 17, 4, 1
1643, 13, 1, 17, 8, 1
1643, 14, 1, 17, 9, 1
1643, 17, 2, 17, 10, 1
1643, 17, 2, 17, 11, 1
1643, 14, 2, 17, 12, 1
1643, 13, 2, 17, 13, 1
1643, 12, 1, 18, 1, 1
1643, 17, 1, 18, 2, 1
1643, 17, 1, 18, 3, 1
1643, 12, 3, 18, 4, 1
1643, 13, 0, 18, 8, 1
1643, 14, 0, 18, 9, 1
1643, 17, 2, 18, 10, 1
1643, 17, 2, 18, 11, 1
1643, 17, 2, 18, 12, 1
1643, 14, 2, 18, 13, 1
1643, 13, 2, 18, 14, 1
1643, 12, 1, 19, 1, 1
1643, 17, 1, 19, 2, 1
1643, 17, 1, 19, 3, 1
1643, 12, 3, 19, 4, 1
1643, 13, 0, 19, 9, 1
1643, 14, 0, 19, 10, 1
1643, 17, 2, 19, 11, 1
1643, 17, 2, 19, 12, 1
1643, 14, 3, 19, 13, 1
1643, 13, 3, 19, 14, 1
1643, 12, 1, 20, 1, 1
1643, 17, 1, 20, 2, 1
1643, 17, 1, 20, 3, 1
1643, 12, 3, 20, 4, 1
1643, 13, 0, 20, 10, 1
1643, 14, 0, 20, 11, 1
1643, 14, 3, 20, 12, 1
1643, 13, 3, 20, 13, 1
1643, 12, 1, 21, 1, 1
1643, 17, 1, 21, 2, 1
1643, 17, 1, 21, 3, 1
1643, 12, 3, 21, 4, 1
1643, 13, 0, 21, 11, 1
1643, 13, 3, 21, 12, 1
1643, 12, 1, 22, 1, 1
1643, 17, 1, 22, 2, 1
1643, 17, 1, 22, 3, 1
1643, 12, 3, 22, 4, 1
1643, 12, 1, 23, 1, 1
1643, 17, 1, 23, 2, 1
1643, 17, 1, 23, 3, 1
1643, 12, 3, 23, 4, 1
1643, 17, 3, 25, 14, 1
1643, 17, 3, 25, 15, 1
1643, 17, 3, 25, 16, 1
1643, 17, 3, 26, 14, 1
1643, 17, 3, 26, 15, 1
1643, 17, 3, 26, 16, 1
1643, 17, 0, 27, 13, 1
1643, 17, 0, 27, 14, 1
1643, 17, 0, 27, 15, 1
1643, 17, 0, 27, 16, 1
1643, 17, 0, 27, 17, 1
1643, 17, 0, 28, 13, 1
1643, 17, 0, 28, 17, 1
1643, 12, 1, 17, 2, 2
1643, 12, 3, 17, 3, 2
1643, 12, 1, 18, 2, 2
1643, 12, 3, 18, 3, 2
1643, 12, 1, 24, 2, 2
1643, 17, 1, 24, 3, 2
1643, 17, 1, 24, 4, 2
1643, 17, 1, 24, 5, 2
1643, 12, 3, 24, 6, 2
1643, 12, 1, 25, 2, 2
1643, 17, 3, 25, 3, 2
1643, 17, 3, 25, 4, 2
1643, 17, 3, 25, 5, 2
1643, 12, 3, 25, 6, 2
1643, 12, 2, 25, 14, 2
1643, 12, 2, 25, 15, 2
1643, 12, 2, 25, 16, 2
1643, 12, 1, 26, 2, 2
1643, 17, 3, 26, 3, 2
1643, 17, 3, 26, 4, 2
1643, 17, 3, 26, 5, 2
1643, 12, 3, 26, 6, 2
1643, 12, 0, 26, 14, 2
1643, 12, 0, 26, 15, 2
1643, 12, 0, 26, 16, 2
1643, 12, 1, 27, 2, 2
1643, 17, 3, 27, 3, 2
1643, 17, 3, 27, 4, 2
1643, 17, 3, 27, 5, 2
1643, 12, 3, 27, 6, 2
1643, 12, 2, 27, 13, 2
1643, 12, 2, 27, 14, 2
1643, 12, 2, 27, 15, 2
1643, 12, 2, 27, 16, 2
1643, 12, 2, 27, 17, 2
1643, 12, 1, 28, 2, 2
1643, 17, 3, 28, 3, 2
1643, 17, 3, 28, 4, 2
1643, 17, 3, 28, 5, 2
1643, 12, 3, 28, 6, 2
1643, 12, 0, 28, 13, 2
1643, 12, 0, 28, 14, 2
1643, 12, 0, 28, 15, 2
1643, 12, 0, 28, 16, 2
1643, 12, 0, 28, 17, 2
1643, 12, 1, 29, 2, 2
1643, 17, 3, 29, 3, 2
1643, 17, 3, 29, 4, 2
1643, 17, 3, 29, 5, 2
1643, 12, 3, 29, 6, 2
1643, 12, 1, 30, 2, 2
1643, 17, 1, 30, 3, 2
1643, 17, 1, 30, 4, 2
1643, 17, 1, 30, 5, 2
1643, 12, 3, 30, 6, 2
1643, 12, 1, 24, 3, 3
1643, 12, 3, 24, 5, 3
1643, 12, 1, 25, 3, 3
1643, 12, 3, 25, 5, 3
1643, 12, 1, 26, 3, 3
1643, 12, 3, 26, 5, 3
1643, 12, 1, 27, 3, 3
1643, 12, 3, 27, 5, 3
1643, 12, 1, 28, 3, 3
1643, 12, 3, 28, 5, 3
1643, 12, 1, 29, 3, 3
1643, 12, 3, 29, 5, 3
1643, 12, 1, 30, 3, 3
1643, 12, 3, 30, 5, 3
1644, 0, 1, 27, 12, 1
1644, 0, 3, 27, 18, 1
1644, 0, 1, 28, 12, 1
1644, 0, 3, 28, 18, 1
1644, 0, 0, 31, 3, 2
1644, 0, 0, 31, 4, 2
1644, 0, 0, 31, 5, 2
1722, 10, 1, 27, 2, 0
1723, 10, 1, 28, 2, 1
1770, 3, 1, 50, 4, 0
1770, 0, 2, 50, 5, 0
1770, 0, 2, 50, 8, 0
1770, 3, 2, 50, 9, 0
1770, 0, 1, 51, 4, 0
1770, 3, 3, 51, 8, 0
1770, 0, 3, 51, 9, 0
1770, 0, 1, 52, 4, 0
1770, 3, 2, 52, 9, 0
1770, 0, 1, 53, 4, 0
1770, 0, 1, 54, 4, 0
1770, 3, 1, 54, 5, 0
1770, 3, 2, 54, 8, 0
1770, 3, 3, 54, 9, 0
1770, 0, 1, 55, 4, 0
1770, 0, 3, 55, 9, 0
1770, 3, 0, 56, 4, 0
1770, 0, 0, 56, 5, 0
1770, 0, 0, 56, 6, 0
1770, 0, 0, 56, 7, 0
1770, 0, 0, 56, 8, 0
1770, 3, 3, 56, 9, 0
1791, 19, 1, 14, 10, 1
1791, 19, 2, 14, 11, 1
1791, 19, 1, 15, 9, 1
1791, 19, 2, 15, 12, 1
1791, 19, 1, 16, 8, 1
1791, 19, 2, 16, 13, 1
1791, 19, 1, 17, 7, 1
1791, 19, 2, 17, 14, 1
1791, 19, 0, 18, 7, 1
1791, 19, 2, 18, 15, 1
1791, 19, 0, 19, 8, 1
1791, 19, 3, 19, 15, 1
1791, 19, 0, 20, 9, 1
1791, 19, 3, 20, 14, 1
1791, 19, 0, 21, 10, 1
1791, 19, 3, 21, 13, 1
1791, 19, 0, 22, 11, 1
1791, 19, 3, 22, 12, 1
1791, 18, 0, 31, 14, 1
1791, 18, 0, 31, 15, 1
1791, 18, 0, 31, 17, 1
1792, 19, 1, 50, 4, 1
1792, 18, 2, 50, 5, 1
1792, 18, 2, 50, 6, 1
1792, 18, 2, 50, 7, 1
1792, 18, 2, 50, 8, 1
1792, 19, 2, 50, 9, 1
1792, 18, 1, 51, 4, 1
1792, 18, 3, 51, 9, 1
1792, 18, 1, 52, 4, 1
1792, 18, 3, 52, 9, 1
1792, 18, 1, 53, 4, 1
1792, 18, 3, 53, 9, 1
1792, 18, 1, 54, 4, 1
1792, 18, 3, 54, 9, 1
1792, 18, 1, 55, 4, 1
1792, 18, 3, 55, 9, 1
1792, 19, 0, 56, 4, 1
1792, 18, 0, 56, 5, 1
1792, 18, 0, 56, 6, 1
1792, 18, 0, 56, 7, 1
1792, 18, 0, 56, 8, 1
1792, 19, 3, 56, 9, 1
1821, 5, 1, 29, 6, 0
1825, 8, 2, 18, 8, 0
1838, 5, 2, 24, 14, 0
1838, 5, 2, 24, 16, 0
1838, 5, 1, 25, 6, 0
1838, 4, 3, 25, 7, 0
1838, 4, 0, 25, 14, 0
1838, 4, 0, 25, 16, 0
1838, 5, 1, 26, 1, 0
1838, 4, 3, 26, 2, 0
1838, 5, 1, 26, 12, 0
1838, 4, 3, 26, 13, 0
1838, 4, 1, 28, 17, 0
1838, 5, 3, 28, 18, 0
1838, 5, 1, 29, 1, 0
1838, 4, 3, 29, 2, 0
1838, 5, 1, 29, 12, 0
1838, 4, 3, 29, 13, 0
1838, 5, 1, 52, 4, 0
1838, 4, 3, 52, 5, 0
1838, 5, 1, 54, 4, 0
1838, 4, 3, 54, 5, 0
1838, 5, 1, 25, 6, 1
1838, 4, 3, 25, 7, 1
1838, 5, 1, 29, 1, 1
1838, 4, 3, 29, 2, 1
1838, 5, 1, 29, 6, 1
1838, 4, 3, 29, 7, 1
1839, 4, 3, 29, 7, 0
1844, 4, 3, 18, 5, 0
1844, 5, 1, 22, 4, 0
1844, 4, 3, 22, 5, 0
1925, 17, 3, 28, 14, 1
1925, 17, 3, 28, 15, 1
1925, 17, 3, 28, 16, 1
2612, 10, 0, 24, 5, 1
2724, 10, 1, 29, 17, 0
2739, 22, 0, 25, 2, 0
2745, 22, 0, 12, 8, 0
3474, 6, 3, 16, 9, 0
3474, 6, 0, 16, 12, 0
3474, 8, 2, 19, 9, 0
3474, 6, 1, 19, 14, 0
3474, 8, 2, 21, 11, 0
3474, 4, 3, 27, 13, 0
3474, 4, 2, 30, 15, 0
3474, 5, 0, 24, 3, 1
3474, 5, 1, 27, 6, 1
3474, 4, 2, 30, 2, 1
3474, 4, 2, 30, 5, 1
3907, 22, 2, 12, 43, 0
4729, 10, 3, 22, 59, 0
4729, 10, 0, 38, 41, 0
4729, 10, 2, 43, 62, 0
4729, 10, 1, 46, 49, 0
4729, 10, 2, 55, 48, 0
4735, 22, 0, 0, 16, 0
4735, 22, 2, 0, 20, 0
4735, 22, 2, 0, 30, 0
4735, 22, 0, 1, 1, 0
4735, 22, 2, 1, 4, 0
4735, 22, 3, 1, 12, 0
4735, 22, 0, 1, 27, 0
4735, 22, 0, 1, 31, 0
4735, 22, 1, 1, 32, 0
4735, 22, 3, 2, 1, 0
4735, 22, 1, 2, 2, 0
4735, 22, 1, 2, 12, 0
4735, 22, 1, 2, 28, 0
4735, 22, 3, 2, 32, 0
4735, 22, 2, 3, 13, 0
4735, 22, 1, 3, 31, 0
4735, 22, 2, 3, 38, 0
4735, 22, 1, 4, 1, 0
4735, 22, 0, 4, 7, 0
4735, 22, 3, 4, 29, 0
4735, 22, 2, 4, 30, 0
4735, 22, 1, 5, 22, 0
4735, 22, 2, 5, 23, 0
4735, 22, 2, 5, 36, 0
4735, 22, 2, 5, 39, 0
4735, 22, 0, 5, 41, 0
4735, 22, 0, 5, 45, 0
4735, 22, 0, 6, 21, 0
4735, 22, 3, 6, 23, 0
4735, 22, 3, 6, 34, 0
4735, 22, 1, 6, 35, 0
4735, 22, 2, 6, 38, 0
4735, 22, 1, 6, 39, 0
4735, 22, 3, 6, 42, 0
4735, 22, 2, 7, 22, 0
4735, 22, 3, 7, 24, 0
4735, 22, 3, 7, 30, 0
4735, 22, 2, 7, 33, 0
4735, 22, 0, 7, 34, 0
4735, 22, 1, 7, 41, 0
4735, 22, 2, 7, 42, 0
4735, 22, 0, 7, 43, 0
4735, 22, 3, 8, 2, 0
4735, 22, 1, 8, 23, 0
4735, 22, 0, 8, 31, 0
4735, 22, 1, 8, 38, 0
4735, 22, 0, 9, 7, 0
4735, 22, 1, 9, 32, 0
4735, 22, 2, 9, 33, 0
4735, 22, 2, 10, 2, 0
4735, 22, 0, 10, 6, 0
4735, 22, 1, 10, 31, 0
4735, 22, 0, 10, 32, 0
4735, 22, 2, 10, 33, 0
4735, 22, 1, 11, 1, 0
4735, 22, 2, 11, 5, 0
4735, 22, 2, 11, 30, 0
4735, 22, 0, 11, 31, 0
4735, 22, 3, 11, 33, 0
4735, 22, 3, 11, 44, 0
4735, 22, 3, 12, 4, 0
4735, 22, 3, 12, 30, 0
4735, 22, 0, 12, 34, 0
4735, 22, 3, 12, 39, 0
4735, 22, 0, 13, 1, 0
4735, 22, 2, 13, 7, 0
4735, 22, 1, 13, 34, 0
4735, 22, 2, 13, 40, 0
4735, 22, 3, 13, 41, 0
4735, 22, 1, 13, 42, 0
4735, 22, 3, 14, 3, 0
4735, 22, 0, 14, 10, 0
4735, 22, 0, 14, 35, 0
4735, 22, 0, 14, 37, 0
4735, 22, 2, 14, 41, 0
4735, 22, 0, 15, 12, 0
4735, 22, 0, 15, 24, 0
4735, 22, 0, 15, 33, 0
4735, 22, 1, 15, 41, 0
4735, 22, 0, 15, 42, 0
4735, 22, 3, 16, 24, 0
4735, 22, 3, 16, 35, 0
4735, 22, 2, 16, 37, 0
4735, 22, 2, 16, 41, 0
4735, 22, 2, 17, 22, 0
4735, 22, 0, 17, 30, 0
4735, 22, 1, 17, 36, 0
4735, 22, 1, 18, 22, 0
4735, 22, 0, 18, 34, 0
4735, 22, 3, 19, 8, 0
4735, 22, 0, 19, 22, 0
4735, 22, 3, 19, 23, 0
4735, 22, 2, 19, 28, 0
4735, 22, 1, 19, 30, 0
4735, 22, 1, 19, 36, 0
4735, 22, 2, 19, 39, 0
4735, 22, 0, 20, 23, 0
4735, 22, 1, 20, 24, 0
4735, 22, 0, 20, 38, 0
4735, 22, 0, 21, 14, 0
4735, 22, 3, 21, 30, 0
4735, 22, 1, 21, 39, 0
4735, 22, 1, 22, 25, 0
4735, 22, 1, 22, 31, 0
4735, 22, 0, 22, 33, 0
4735, 22, 0, 22, 36, 0
4735, 22, 0, 23, 19, 0
4735, 22, 2, 23, 23, 0
4735, 22, 2, 23, 25, 0
4735, 22, 1, 24, 22, 0
4735, 22, 2, 24, 23, 0
4735, 22, 1, 24, 32, 0
4735, 22, 3, 24, 35, 0
4735, 22, 1, 25, 22, 0
4735, 22, 3, 25, 26, 0
4735, 22, 1, 25, 28, 0
4735, 22, 0, 25, 33, 0
4735, 22, 2, 26, 20, 0
4735, 22, 2, 26, 32, 0
4735, 22, 3, 26, 37, 0
4735, 22, 2, 26, 39, 0
4735, 22, 3, 27, 18, 0
4735, 22, 0, 27, 22, 0
4735, 22, 1, 27, 24, 0
4735, 22, 0, 27, 34, 0
4735, 22, 2, 27, 37, 0
4735, 22, 2, 28, 25, 0
4735, 22, 1, 28, 36, 0
4735, 22, 3, 29, 22, 0
4735, 22, 0, 29, 23, 0
4735, 22, 1, 29, 40, 0
4735, 22, 3, 30, 19, 0
4735, 22, 2, 30, 22, 0
4735, 22, 1, 30, 32, 0
4735, 22, 3, 30, 36, 0
4735, 22, 2, 31, 18, 0
4735, 22, 1, 31, 21, 0
4735, 22, 2, 31, 24, 0
4735, 22, 2, 31, 28, 0
4735, 22, 3, 31, 33, 0
4735, 22, 0, 31, 39, 0
4735, 22, 2, 32, 16, 0
4735, 22, 3, 32, 20, 0
4735, 22, 0, 32, 21, 0
4735, 22, 3, 32, 23, 0
4735, 22, 1, 32, 25, 0
4735, 22, 3, 32, 28, 0
4735, 22, 0, 32, 34, 0
4735, 22, 2, 33, 6, 0
4735, 22, 1, 33, 19, 0
4735, 22, 2, 33, 21, 0
4735, 22, 0, 33, 28, 0
4735, 22, 2, 33, 36, 0
4735, 22, 1, 33, 41, 0
4735, 22, 1, 34, 2, 0
4735, 22, 0, 34, 3, 0
4735, 22, 1, 34, 5, 0
4735, 22, 0, 34, 22, 0
4735, 22, 3, 34, 39, 0
4735, 22, 0, 35, 2, 0
4735, 22, 3, 35, 6, 0
4735, 22, 2, 35, 33, 0
4735, 22, 2, 35, 38, 0
4735, 22, 0, 35, 39, 0
4735, 22, 2, 35, 42, 0
4735, 22, 3, 36, 1, 0
4735, 22, 0, 36, 29, 0
4735, 22, 1, 36, 36, 0
4735, 22, 3, 37, 3, 0
4735, 22, 1, 37, 41, 0
4735, 22, 1, 38, 23, 0
4735, 22, 1, 39, 18, 0
4735, 22, 0, 39, 24, 0
4735, 22, 3, 39, 25, 0
4735, 22, 3, 39, 29, 0
4735, 22, 2, 39, 32, 0
4735, 22, 2, 40, 1, 0
4735, 22, 1, 40, 20, 0
4735, 22, 0, 40, 25, 0
4735, 22, 2, 40, 27, 0
4735, 22, 0, 41, 1, 0
4735, 22, 1, 41, 27, 0
4735, 22, 3, 41, 36, 0
4735, 22, 3, 42, 0, 0
4735, 22, 1, 42, 1, 0
4735, 22, 0, 42, 28, 0
4735, 22, 0, 42, 32, 0
4735, 22, 2, 42, 37, 0
4735, 22, 3, 43, 33, 0
4735, 22, 2, 43, 37, 0
4735, 22, 0, 43, 38, 0
4735, 22, 2, 44, 28, 0
4735, 22, 0, 44, 29, 0
4735, 22, 3, 45, 28, 0
4735, 22, 1, 45, 29, 0
4735, 22, 1, 45, 34, 0
4735, 22, 3, 45, 38, 0
4735, 22, 0, 46, 29, 0
4735, 22, 2, 46, 35, 0
4735, 22, 3, 47, 30, 0
4735, 22, 3, 47, 40, 0
4735, 22, 2, 48, 1, 0
4735, 22, 3, 48, 31, 0
4735, 22, 2, 49, 31, 0
4735, 22, 3, 49, 33, 0
4735, 22, 1, 49, 38, 0
4735, 22, 2, 50, 28, 0
4735, 22, 1, 50, 32, 0
4735, 22, 0, 50, 33, 0
4735, 22, 0, 50, 37, 0
4735, 22, 1, 51, 1, 0
4735, 22, 1, 51, 29, 0
4735, 22, 0, 51, 32, 0
4735, 22, 1, 51, 37, 0
4735, 22, 0, 51, 38, 0
4735, 22, 0, 52, 2, 0
4735, 22, 2, 52, 3, 0
4735, 22, 1, 52, 28, 0
4735, 22, 3, 52, 29, 0
4735, 22, 2, 52, 30, 0
4735, 22, 2, 52, 36, 0
4735, 22, 3, 52, 37, 0
4735, 22, 2, 53, 31, 0
4735, 22, 3, 54, 35, 0
4735, 22, 3, 55, 30, 0
4735, 22, 3, 56, 1, 0
4735, 22, 1, 56, 2, 0
4735, 22, 0, 56, 29, 0
4735, 22, 2, 57, 2, 0
4735, 22, 3, 57, 34, 0
4735, 22, 0, 57, 35, 0
4735, 22, 2, 57, 36, 0
4735, 22, 1, 58, 35, 0
4735, 22, 0, 59, 4, 0
4735, 22, 0, 59, 21, 0
4735, 22, 0, 59, 33, 0
4735, 22, 2, 59, 34, 0
4735, 22, 3, 60, 3, 0
4735, 22, 2, 60, 5, 0
4735, 22, 3, 60, 11, 0
4735, 22, 2, 60, 14, 0
4735, 22, 0, 60, 29, 0
4735, 22, 1, 60, 34, 0
4735, 22, 1, 61, 18, 0
4735, 22, 1, 61, 28, 0
4735, 22, 0, 61, 32, 0
4735, 22, 1, 61, 33, 0
4735, 22, 1, 62, 14, 0
4735, 22, 3, 62, 17, 0
4735, 22, 3, 62, 22, 0
4735, 22, 0, 62, 23, 0
4735, 22, 2, 62, 26, 0
4735, 22, 0, 62, 28, 0
4735, 22, 3, 62, 32, 0
4735, 22, 0, 63, 13, 0
4735, 22, 1, 63, 27, 0
4735, 22, 2, 63, 32, 0
4736, 22, 3, 0, 2, 0
4736, 22, 0, 0, 3, 0
4736, 22, 3, 0, 21, 0
4736, 22, 0, 0, 22, 0
4736, 22, 1, 1, 3, 0
4736, 22, 3, 1, 11, 0
4736, 22, 2, 1, 21, 0
4736, 22, 1, 1, 22, 0
4736, 22, 3, 1, 29, 0
4736, 22, 2, 2, 11, 0
4736, 22, 1, 2, 31, 0
4736, 22, 0, 3, 7, 0
4736, 22, 2, 3, 12, 0
4736, 22, 2, 3, 29, 0
4736, 22, 0, 4, 9, 0
4736, 22, 3, 4, 36, 0
4736, 22, 0, 4, 38, 0
4736, 22, 1, 5, 9, 0
4736, 22, 3, 5, 44, 0
4736, 22, 3, 6, 22, 0
4736, 22, 0, 6, 24, 0
4736, 22, 2, 6, 36, 0
4736, 22, 1, 6, 37, 0
4736, 22, 0, 6, 41, 0
4736, 22, 2, 6, 44, 0
4736, 22, 1, 6, 45, 0
4736, 22, 3, 7, 35, 0
4736, 22, 3, 8, 5, 0
4736, 22, 2, 8, 30, 0
4736, 22, 0, 8, 36, 0
4736, 22, 3, 8, 41, 0
4736, 22, 0, 8, 43, 0
4736, 22, 3, 9, 3, 0
4736, 22, 0, 9, 4, 0
4736, 22, 1, 9, 6, 0
4736, 22, 2, 9, 35, 0
4736, 22, 2, 9, 38, 0
4736, 22, 1, 9, 39, 0
4736, 22, 3, 9, 40, 0
4736, 22, 3, 10, 34, 0
4736, 22, 3, 10, 38, 0
4736, 22, 2, 10, 41, 0
4736, 22, 1, 10, 43, 0
4736, 22, 2, 11, 3, 0
4736, 22, 1, 11, 35, 0
4736, 22, 2, 11, 38, 0
4736, 22, 2, 12, 31, 0
4736, 22, 2, 13, 32, 0
4736, 22, 3, 13, 36, 0
4736, 22, 0, 13, 37, 0
4736, 22, 1, 14, 34, 0
4736, 22, 2, 14, 36, 0
4736, 22, 0, 15, 9, 0
4736, 22, 3, 15, 35, 0
4736, 22, 0, 15, 36, 0
4736, 22, 2, 16, 8, 0
4736, 22, 0, 16, 13, 0
4736, 22, 0, 17, 14, 0
4736, 22, 3, 17, 23, 0
4736, 22, 0, 17, 24, 0
4736, 22, 1, 18, 24, 0
4736, 22, 3, 18, 38, 0
4736, 22, 0, 18, 39, 0
4736, 22, 0, 19, 15, 0
4736, 22, 2, 19, 38, 0
4736, 22, 2, 20, 14, 0
4736, 22, 1, 20, 15, 0
4736, 22, 0, 20, 29, 0
4736, 22, 3, 21, 31, 0
4736, 22, 0, 21, 32, 0
4736, 22, 0, 22, 5, 0
4736, 22, 3, 22, 24, 0
4736, 22, 0, 23, 6, 0
4736, 22, 3, 23, 9, 0
4736, 22, 0, 23, 10, 0
4736, 22, 2, 23, 24, 0
4736, 22, 3, 23, 26, 0
4736, 22, 2, 23, 32, 0
4736, 22, 1, 23, 33, 0
4736, 22, 2, 24, 9, 0
4736, 22, 1, 24, 10, 0
4736, 22, 2, 24, 26, 0
4736, 22, 2, 24, 27, 0
4736, 22, 3, 26, 25, 0
4736, 22, 0, 26, 26, 0
4736, 22, 3, 27, 19, 0
4736, 22, 0, 27, 21, 0
4736, 22, 2, 27, 25, 0
4736, 22, 1, 27, 26, 0
4736, 22, 3, 28, 28, 0
4736, 22, 0, 28, 29, 0
4736, 22, 3, 28, 37, 0
4736, 22, 2, 29, 19, 0
4736, 22, 1, 29, 21, 0
4736, 22, 2, 29, 28, 0
4736, 22, 1, 29, 29, 0
4736, 22, 2, 29, 37, 0
4736, 22, 1, 29, 38, 0
4736, 22, 3, 29, 39, 0
4736, 22, 0, 30, 38, 0
4736, 22, 2, 30, 39, 0
4736, 22, 1, 30, 40, 0
4736, 22, 3, 31, 36, 0
4736, 22, 1, 32, 38, 0
4736, 22, 3, 33, 20, 0
4736, 22, 0, 33, 29, 0
4736, 22, 3, 33, 33, 0
4736, 22, 3, 34, 0, 0
4736, 22, 0, 34, 1, 0
4736, 22, 0, 34, 4, 0
4736, 22, 3, 34, 6, 0
4736, 22, 2, 34, 20, 0
4736, 22, 2, 34, 32, 0
4736, 22, 1, 34, 35, 0
4736, 22, 2, 35, 0, 0
4736, 22, 1, 35, 1, 0
4736, 22, 0, 35, 5, 0
4736, 22, 3, 35, 29, 0
4736, 22, 2, 35, 32, 0
4736, 22, 2, 36, 2, 0
4736, 22, 1, 36, 4, 0
4736, 22, 1, 36, 5, 0
4736, 22, 3, 36, 28, 0
4736, 22, 2, 36, 33, 0
4736, 22, 2, 36, 34, 0
4736, 22, 1, 36, 35, 0
4736, 22, 3, 38, 2, 0
4736, 22, 2, 39, 28, 0
4736, 22, 2, 39, 33, 0
4736, 22, 1, 39, 34, 0
4736, 22, 0, 40, 3, 0
4736, 22, 2, 40, 29, 0
4736, 22, 0, 40, 32, 0
4736, 22, 0, 40, 35, 0
4736, 22, 1, 41, 3, 0
4736, 22, 3, 41, 25, 0
4736, 22, 0, 41, 26, 0
4736, 22, 2, 41, 28, 0
4736, 22, 3, 41, 29, 0
4736, 22, 1, 41, 32, 0
4736, 22, 2, 42, 25, 0
4736, 22, 1, 42, 26, 0
4736, 22, 2, 42, 29, 0
4736, 22, 2, 42, 33, 0
4736, 22, 3, 42, 34, 0
4736, 22, 3, 45, 0, 0
4736, 22, 2, 45, 36, 0
4736, 22, 0, 46, 1, 0
4736, 22, 2, 47, 0, 0
4736, 22, 1, 47, 1, 0
4736, 22, 3, 47, 28, 0
4736, 22, 0, 47, 29, 0
4736, 22, 0, 48, 30, 0
4736, 22, 1, 48, 37, 0
4736, 22, 3, 49, 37, 0
4736, 22, 1, 50, 38, 0
4736, 22, 2, 51, 30, 0
4736, 22, 1, 51, 31, 0
4736, 22, 3, 53, 28, 0
4736, 22, 0, 53, 29, 0
4736, 22, 2, 54, 2, 0
4736, 22, 1, 54, 3, 0
4736, 22, 2, 55, 28, 0
4736, 22, 1, 55, 29, 0
4736, 22, 3, 56, 34, 0
4736, 22, 3, 57, 24, 0
4736, 22, 0, 57, 25, 0
4736, 22, 3, 58, 22, 0
4736, 22, 0, 58, 23, 0
4736, 22, 2, 58, 24, 0
4736, 22, 1, 58, 25, 0
4736, 22, 2, 58, 34, 0
4736, 22, 3, 59, 9, 0
4736, 22, 0, 59, 10, 0
4736, 22, 3, 59, 15, 0
4736, 22, 3, 59, 16, 0
4736, 22, 0, 59, 17, 0
4736, 22, 2, 59, 22, 0
4736, 22, 1, 59, 23, 0
4736, 22, 2, 60, 9, 0
4736, 22, 3, 60, 33, 0
4736, 22, 2, 61, 7, 0
4736, 22, 1, 61, 8, 0
4736, 22, 3, 61, 12, 0
4736, 22, 0, 61, 13, 0
4736, 22, 2, 61, 16, 0
4736, 22, 1, 61, 17, 0
4736, 22, 3, 61, 22, 0
4736, 22, 0, 61, 23, 0
4736, 22, 3, 61, 27, 0
4736, 22, 2, 62, 12, 0
4736, 22, 1, 62, 13, 0
4736, 22, 2, 62, 27, 0
4736, 22, 0, 62, 33, 0
4736, 22, 2, 62, 34, 0
4736, 22, 1, 62, 35, 0
4736, 22, 1, 63, 33, 0
4737, 22, 3, 1, 2, 0
4737, 22, 0, 1, 30, 0
4737, 22, 2, 2, 10, 0
4737, 22, 1, 2, 29, 0
4737, 22, 3, 3, 11, 0
4737, 22, 3, 3, 30, 0
4737, 22, 3, 4, 8, 0
4737, 22, 0, 4, 37, 0
4737, 22, 0, 5, 7, 0
4737, 22, 3, 5, 38, 0
4737, 22, 2, 6, 40, 0
4737, 22, 1, 7, 36, 0
4737, 22, 3, 8, 35, 0
4737, 22, 1, 8, 39, 0
4737, 22, 0, 8, 42, 0
4737, 22, 3, 8, 44, 0
4737, 22, 3, 9, 31, 0
4737, 22, 3, 9, 41, 0
4737, 22, 2, 9, 43, 0
4737, 22, 3, 10, 3, 0
4737, 22, 1, 10, 5, 0
4737, 22, 2, 10, 36, 0
4737, 22, 1, 10, 39, 0
4737, 22, 2, 10, 42, 0
4737, 22, 0, 11, 4, 0
4737, 22, 1, 11, 34, 0
4737, 22, 3, 11, 39, 0
4737, 22, 3, 12, 33, 0
4737, 22, 0, 12, 41, 0
4737, 22, 0, 13, 33, 0
4737, 22, 0, 16, 36, 0
4737, 22, 1, 18, 23, 0
4737, 22, 1, 22, 32, 0
4737, 22, 1, 27, 20, 0
4737, 22, 2, 28, 19, 0
4737, 22, 0, 28, 21, 0
4737, 22, 3, 29, 20, 0
4737, 22, 2, 29, 27, 0
4737, 22, 0, 30, 37, 0
4737, 22, 3, 31, 38, 0
4737, 22, 3, 32, 24, 0
4737, 22, 1, 32, 27, 0
4737, 22, 2, 32, 37, 0
4737, 22, 0, 33, 25, 0
4737, 22, 1, 33, 34, 0
4737, 22, 0, 34, 33, 0
4737, 22, 3, 35, 4, 0
4737, 22, 3, 35, 34, 0
4737, 22, 2, 35, 35, 0
4737, 22, 0, 36, 3, 0
4737, 22, 1, 48, 29, 0
4737, 22, 0, 49, 28, 0
4737, 22, 2, 49, 30, 0
4737, 22, 3, 50, 29, 0
4737, 22, 0, 54, 28, 0
4737, 22, 2, 59, 8, 0
4737, 22, 3, 60, 7, 0
4737, 22, 0, 60, 35, 0
4737, 22, 1, 61, 10, 0
4737, 22, 1, 61, 34, 0
4737, 22, 2, 61, 36, 0
4737, 22, 0, 62, 8, 0
4738, 22, 1, 2, 30, 0
4738, 22, 2, 5, 8, 0
4738, 22, 1, 5, 37, 0
4738, 22, 1, 7, 23, 0
4738, 22, 3, 8, 32, 0
4738, 22, 3, 9, 36, 0
4738, 22, 3, 9, 42, 0
4738, 22, 1, 10, 4, 0
4738, 22, 2, 10, 35, 0
4738, 22, 1, 28, 20, 0
4738, 22, 2, 31, 37, 0
4738, 22, 1, 32, 36, 0
4738, 22, 0, 34, 34, 0
4738, 22, 0, 35, 3, 0
4738, 22, 3, 49, 29, 0
4738, 22, 0, 50, 31, 0
4738, 22, 0, 54, 29, 0
4738, 22, 3, 60, 8, 0
4738, 22, 2, 60, 10, 0
4738, 22, 0, 61, 35, 0
4739, 22, 3, 23, 5, 0
4739, 22, 2, 24, 14, 0
4739, 22, 2, 24, 16, 0
4739, 22, 0, 25, 11, 0
4739, 22, 3, 25, 32, 0
4739, 22, 1, 26, 12, 0
4739, 22, 3, 28, 18, 0
4739, 22, 0, 31, 15, 0
4739, 22, 3, 32, 32, 0
4739, 22, 2, 34, 7, 0
4739, 22, 1, 39, 2, 0
4739, 22, 2, 39, 20, 0
4739, 22, 2, 39, 23, 0
4739, 22, 1, 41, 2, 0
4739, 22, 1, 46, 0, 0
4739, 22, 1, 49, 0, 0
4739, 22, 0, 60, 15, 0
4739, 22, 0, 60, 16, 0
4739, 22, 0, 60, 18, 0
4740, 22, 2, 24, 15, 0
4740, 22, 3, 26, 18, 0
4740, 22, 3, 29, 18, 0
4740, 22, 0, 31, 11, 0
4740, 22, 0, 31, 16, 0
4740, 22, 3, 33, 32, 0
4740, 22, 2, 39, 21, 0
4740, 22, 1, 40, 2, 0
4740, 22, 1, 48, 0, 0
4740, 22, 1, 53, 2, 0
4740, 22, 0, 60, 17, 0
5114, 10, 2, 14, 60, 0
5114, 10, 3, 24, 52, 0
5114, 10, 1, 34, 56, 0
5114, 10, 0, 35, 60, 0
5114, 11, 0, 45, 60, 0
5114, 10, 0, 46, 59, 0
5114, 10, 1, 46, 61, 0
5114, 11, 2, 47, 55, 0
5114, 10, 2, 55, 53, 0
5115, 10, 2, 13, 60, 0
5115, 10, 1, 14, 59, 0
5115, 10, 0, 14, 61, 0
5115, 10, 3, 15, 60, 0
5115, 10, 1, 15, 61, 0
5115, 10, 2, 23, 52, 0
5115, 10, 0, 24, 51, 0
5115, 10, 1, 24, 53, 0
5115, 10, 0, 25, 52, 0
5115, 10, 3, 33, 56, 0
5115, 10, 0, 34, 57, 0
5115, 10, 3, 35, 54, 0
5115, 10, 3, 35, 59, 0
5115, 10, 1, 35, 61, 0
5115, 10, 0, 36, 60, 0
5115, 10, 0, 44, 60, 0
5115, 10, 1, 45, 61, 0
5115, 10, 3, 46, 60, 0
5115, 10, 1, 47, 54, 0
5115, 10, 2, 47, 60, 0
5115, 10, 2, 48, 55, 0
5115, 10, 2, 54, 51, 0
5115, 10, 1, 55, 50, 0
5115, 10, 3, 55, 52, 0
5115, 10, 0, 57, 51, 0
5203, 22, 1, 11, 61, 0
5203, 22, 2, 11, 62, 0
5203, 22, 3, 33, 58, 0
5203, 22, 3, 46, 61, 0
5204, 22, 1, 9, 61, 0
5204, 22, 2, 10, 60, 0
5204, 22, 0, 10, 62, 0
5204, 22, 3, 11, 60, 0
5204, 22, 2, 11, 63, 0
5204, 22, 0, 12, 61, 0
5204, 22, 1, 12, 62, 0
5204, 22, 2, 13, 61, 0
5204, 22, 0, 18, 59, 0
5204, 22, 3, 18, 60, 0
5204, 22, 2, 19, 58, 0
5204, 22, 1, 20, 59, 0
5204, 22, 1, 25, 62, 0
5204, 22, 2, 26, 61, 0
5204, 22, 3, 26, 63, 0
5204, 22, 1, 27, 57, 0
5204, 22, 1, 27, 62, 0
5204, 22, 2, 27, 63, 0
5204, 22, 0, 28, 56, 0
5204, 22, 3, 28, 57, 0
5204, 22, 3, 28, 62, 0
5204, 22, 1, 30, 58, 0
5204, 22, 0, 31, 57, 0
5204, 22, 3, 31, 59, 0
5204, 22, 2, 32, 56, 0
5204, 22, 3, 32, 58, 0
5204, 22, 1, 32, 59, 0
5204, 22, 0, 33, 57, 0
5204, 22, 1, 33, 59, 0
5204, 22, 3, 34, 58, 0
5204, 22, 3, 44, 61, 0
5204, 22, 1, 45, 60, 0
5204, 22, 3, 45, 61, 0
5204, 22, 0, 45, 62, 0
5204, 22, 1, 46, 62, 0
5204, 22, 2, 47, 60, 0
5204, 22, 1, 47, 61, 0
5204, 22, 0, 47, 62, 0
5204, 22, 2, 48, 60, 0
5204, 22, 3, 48, 61, 0
5205, 22, 1, 10, 61, 0
5205, 22, 2, 19, 59, 0
5205, 22, 2, 26, 62, 0
5205, 22, 2, 31, 58, 0
5205, 22, 3, 32, 57, 0
5205, 22, 1, 46, 60, 0
5536, 22, 3, 16, 4, 0
5536, 22, 0, 18, 5, 0
5536, 22, 1, 19, 5, 0
5536, 22, 2, 24, 1, 0
5536, 22, 0, 24, 12, 0
5536, 22, 3, 24, 13, 0
5536, 22, 0, 24, 17, 0
5536, 22, 0, 25, 10, 0
5536, 22, 1, 25, 12, 0
5536, 22, 0, 25, 18, 0
5536, 22, 0, 30, 10, 0
5536, 22, 3, 30, 12, 0
5536, 22, 1, 30, 18, 0
5536, 22, 2, 31, 10, 0
5536, 22, 1, 31, 12, 0
5536, 22, 2, 31, 14, 0
5536, 22, 1, 31, 17, 0
5536, 22, 0, 31, 32, 0
5536, 22, 0, 37, 37, 0
5536, 22, 3, 39, 19, 0
5536, 22, 0, 39, 22, 0
5536, 22, 1, 40, 21, 0
5536, 22, 2, 42, 38, 0
5536, 22, 0, 43, 32, 0
5536, 22, 2, 43, 39, 0
5536, 22, 0, 44, 33, 0
5544, 10, 2, 1, 20, 0
5544, 10, 2, 19, 24, 0
5545, 10, 3, 16, 27, 0
5545, 10, 3, 18, 29, 0
5546, 10, 3, 4, 15, 0
5546, 10, 2, 17, 27, 0
5547, 10, 0, 17, 28, 0
5548, 10, 1, 18, 28, 0
5549, 10, 2, 19, 29, 0
5565, 10, 3, 24, 3, 1
5574, 10, 0, 55, 8, 0
5579, 10, 0, 16, 5, 0
5583, 10, 3, 39, 12, 0
5583, 10, 1, 41, 10, 0
5583, 10, 0, 42, 7, 0
5583, 10, 1, 42, 15, 0
5583, 10, 0, 43, 9, 0
5583, 10, 1, 44, 8, 0
5583, 10, 3, 44, 11, 0
5583, 10, 3, 44, 19, 0
5583, 10, 3, 45, 6, 0
5583, 10, 1, 45, 15, 0
5583, 10, 1, 45, 23, 0
5583, 10, 2, 46, 6, 0
5583, 10, 0, 46, 13, 0
5583, 10, 0, 46, 18, 0
5583, 10, 2, 46, 20, 0
5583, 10, 3, 47, 22, 0
5583, 10, 2, 47, 24, 0
5583, 10, 2, 48, 18, 0
5583, 10, 3, 49, 14, 0
5583, 10, 2, 49, 19, 0
5583, 10, 2, 50, 17, 0
5583, 10, 3, 50, 21, 0
5583, 10, 1, 50, 24, 0
5583, 10, 0, 51, 22, 0
5583, 10, 0, 52, 15, 0
5583, 10, 3, 52, 18, 0
5583, 10, 1, 52, 21, 0
5583, 10, 2, 53, 20, 0
5583, 10, 3, 55, 14, 0
5583, 10, 0, 55, 20, 0
5584, 10, 1, 36, 7, 0
5584, 10, 3, 36, 8, 0
5584, 10, 0, 36, 9, 0
5584, 10, 3, 36, 11, 0
5584, 10, 0, 36, 12, 0
5584, 10, 2, 37, 6, 0
5584, 10, 3, 37, 13, 0
5584, 10, 0, 38, 6, 0
5584, 10, 1, 38, 8, 0
5584, 10, 1, 39, 4, 0
5584, 10, 2, 39, 14, 0
5584, 10, 1, 40, 4, 0
5584, 10, 2, 40, 6, 0
5584, 10, 3, 40, 7, 0
5584, 10, 0, 40, 12, 0
5584, 10, 3, 40, 14, 0
5584, 10, 2, 40, 15, 0
5584, 10, 0, 41, 4, 0
5584, 10, 1, 41, 9, 0
5584, 10, 0, 41, 15, 0
5584, 10, 1, 41, 16, 0
5584, 10, 3, 41, 17, 0
5584, 10, 2, 41, 19, 0
5584, 10, 1, 41, 20, 0
5584, 10, 3, 41, 21, 0
5584, 10, 0, 42, 4, 0
5584, 10, 3, 42, 11, 0
5584, 10, 0, 42, 20, 0
5584, 10, 2, 42, 22, 0
5584, 10, 0, 42, 23, 0
5584, 10, 3, 43, 6, 0
5584, 10, 2, 43, 17, 0
5584, 10, 1, 43, 24, 0
5584, 10, 1, 44, 4, 0
5584, 10, 1, 44, 15, 0
5584, 10, 3, 44, 20, 0
5584, 10, 0, 44, 23, 0
5584, 10, 1, 44, 24, 0
5584, 10, 2, 44, 26, 0
5584, 10, 3, 45, 2, 0
5584, 10, 2, 45, 3, 0
5584, 10, 0, 45, 11, 0
5584, 10, 0, 45, 16, 0
5584, 10, 3, 45, 26, 0
5584, 10, 0, 45, 27, 0
5584, 10, 1, 46, 10, 0
5584, 10, 2, 46, 22, 0
5584, 10, 3, 46, 25, 0
5584, 10, 1, 46, 26, 0
5584, 10, 0, 47, 3, 0
5584, 10, 2, 47, 4, 0
5584, 10, 2, 47, 10, 0
5584, 10, 3, 47, 15, 0
5584, 10, 0, 48, 4, 0
5584, 10, 3, 48, 10, 0
5584, 10, 1, 48, 11, 0
5584, 10, 3, 48, 12, 0
5584, 10, 2, 48, 26, 0
5584, 10, 2, 49, 12, 0
5584, 10, 0, 49, 17, 0
5584, 10, 3, 49, 24, 0
5584, 10, 2, 50, 11, 0
5584, 10, 2, 50, 26, 0
5584, 10, 1, 51, 24, 0
5584, 10, 3, 52, 17, 0
5584, 10, 1, 52, 19, 0
5584, 10, 0, 52, 26, 0
5584, 10, 3, 53, 12, 0
5584, 10, 0, 53, 16, 0
5584, 10, 3, 53, 24, 0
5584, 10, 3, 53, 27, 0
5584, 10, 2, 54, 18, 0
5584, 10, 2, 54, 21, 0
5584, 10, 0, 54, 23, 0
5584, 10, 2, 54, 26, 0
5584, 10, 2, 54, 27, 0
5584, 10, 3, 55, 16, 0
5584, 10, 3, 55, 25, 0
5584, 10, 0, 56, 12, 0
5584, 10, 1, 56, 14, 0
5584, 10, 2, 56, 17, 0
5584, 10, 3, 56, 19, 0
5584, 10, 0, 56, 24, 0
5584, 10, 1, 56, 25, 0
5584, 10, 3, 57, 12, 0
5584, 10, 1, 57, 20, 0
5584, 10, 0, 57, 22, 0
5585, 10, 1, 36, 10, 0
5585, 10, 3, 38, 5, 0
5585, 10, 2, 38, 14, 0
5585, 10, 1, 41, 22, 0
5585, 10, 0, 42, 18, 0
5585, 10, 2, 42, 21, 0
5585, 10, 1, 43, 4, 0
5585, 10, 2, 43, 7, 0
5585, 10, 3, 43, 16, 0
5585, 10, 0, 43, 21, 0
5585, 10, 0, 43, 23, 0
5585, 10, 3, 43, 25, 0
5585, 10, 0, 44, 13, 0
5585, 10, 2, 44, 25, 0
5585, 10, 2, 45, 7, 0
5585, 10, 1, 45, 8, 0
5585, 10, 1, 45, 12, 0
5585, 10, 1, 45, 13, 0
5585, 10, 0, 45, 18, 0
5585, 10, 0, 46, 7, 0
5585, 10, 1, 46, 8, 0
5585, 10, 0, 47, 7, 0
5585, 10, 1, 47, 8, 0
5585, 10, 2, 47, 19, 0
5585, 10, 0, 47, 26, 0
5585, 10, 2, 48, 5, 0
5585, 10, 1, 48, 8, 0
5585, 10, 0, 48, 9, 0
5585, 10, 0, 48, 22, 0
5585, 10, 0, 49, 3, 0
5585, 10, 0, 49, 4, 0
5585, 10, 1, 49, 10, 0
5585, 10, 3, 49, 11, 0
5585, 10, 1, 49, 22, 0
5585, 10, 1, 50, 16, 0
5585, 10, 2, 51, 11, 0
5585, 10, 1, 51, 12, 0
5585, 10, 0, 51, 14, 0
5585, 10, 2, 51, 16, 0
5585, 10, 3, 51, 19, 0
5585, 10, 1, 51, 26, 0
5585, 10, 3, 52, 11, 0
5585, 10, 1, 53, 11, 0
5585, 10, 1, 53, 14, 0
5585, 10, 0, 53, 15, 0
5585, 10, 1, 53, 21, 0
5585, 10, 0, 53, 22, 0
5585, 10, 3, 53, 23, 0
5585, 10, 2, 54, 11, 0
5585, 10, 1, 55, 11, 0
5585, 10, 1, 55, 12, 0
5585, 10, 2, 55, 13, 0
5585, 10, 2, 56, 11, 0
5585, 10, 0, 56, 15, 0
5585, 10, 0, 56, 21, 0
5585, 10, 3, 56, 23, 0
5585, 10, 0, 56, 26, 0
5585, 10, 2, 57, 11, 0
5585, 10, 2, 57, 14, 0
5585, 10, 3, 57, 19, 0
5671, 21, 2, 24, 18, 1
5671, 21, 0, 31, 12, 1
5671, 21, 3, 31, 7, 2
5672, 21, 1, 24, 12, 1
5672, 21, 3, 31, 18, 1
5672, 21, 0, 31, 1, 2
5686, 18, 1, 18, 0, 1
5686, 18, 3, 18, 5, 1
5686, 18, 1, 20, 0, 1
5686, 18, 1, 21, 0, 1
5686, 18, 3, 21, 5, 1
5686, 18, 3, 22, 5, 1
5686, 18, 2, 24, 14, 1
5686, 18, 2, 24, 16, 1
5686, 18, 2, 24, 17, 1
5686, 18, 0, 31, 13, 1
5686, 18, 0, 31, 16, 1
5686, 18, 3, 24, 7, 2
5686, 18, 2, 24, 14, 2
5686, 18, 2, 24, 15, 2
5686, 18, 2, 24, 16, 2
5686, 18, 1, 25, 1, 2
5686, 18, 1, 26, 1, 2
5686, 18, 3, 26, 7, 2
5686, 18, 3, 27, 7, 2
5686, 18, 1, 29, 1, 2
5686, 18, 3, 29, 7, 2
5687, 18, 1, 17, 0, 1
5687, 18, 3, 17, 5, 1
5687, 18, 1, 19, 0, 1
5687, 18, 3, 19, 5, 1
5687, 18, 3, 20, 5, 1
5687, 18, 1, 22, 0, 1
5687, 18, 1, 23, 0, 1
5687, 18, 3, 23, 5, 1
5687, 18, 2, 24, 13, 1
5687, 18, 2, 24, 15, 1
5687, 18, 1, 24, 1, 2
5687, 18, 3, 25, 7, 2
5687, 18, 1, 27, 1, 2
5687, 18, 1, 28, 1, 2
5687, 18, 3, 28, 7, 2
5687, 18, 1, 30, 1, 2
5687, 18, 3, 30, 7, 2
5734, 10, 3, 24, 4, 3
5734, 10, 3, 25, 4, 3
5734, 10, 3, 26, 4, 3
5734, 10, 3, 27, 4, 3
5734, 10, 3, 28, 4, 3
5734, 10, 3, 29, 4, 3
5734, 10, 3, 30, 4, 3
5737, 10, 2, 25, 13, 1
5737, 10, 2, 25, 17, 1
5737, 10, 0, 29, 13, 1
5737, 10, 0, 29, 14, 1
5737, 10, 0, 29, 15, 1
5737, 10, 0, 29, 16, 1
5737, 10, 0, 29, 17, 1
5738, 0, 0, 31, 4, 3
5739, 0, 3, 26, 18, 1
5739, 0, 1, 29, 12, 1
5740, 0, 3, 25, 18, 1
5740, 0, 1, 30, 12, 1
5743, 0, 1, 26, 12, 1
5743, 0, 3, 29, 18, 1
5744, 0, 1, 25, 12, 1
5744, 0, 3, 30, 18, 1
5745, 0, 3, 27, 18, 2
5745, 0, 1, 28, 12, 2
5745, 0, 0, 31, 6, 2
5745, 0, 0, 31, 5, 3
5747, 0, 1, 27, 12, 2
5747, 0, 3, 28, 18, 2
5747, 0, 0, 31, 2, 2
5747, 0, 0, 31, 3, 3
6434, 10, 0, 12, 8, 0
10670, 10, 3, 18, 12, 0
10804, 10, 1, 18, 11, 0
