22, 0, 1, 34, 33, 2
131, 0, 2, 35, 39, 0
133, 10, 0, 20, 34, 0
134, 0, 1, 36, 25, 0
135, 0, 1, 37, 25, 0
136, 0, 1, 51, 32, 0
152, 10, 0, 12, 32, 0
153, 10, 1, 15, 6, 0
155, 10, 0, 25, 30, 0
156, 10, 0, 25, 31, 0
160, 4, 2, 24, 29, 0
162, 10, 2, 39, 40, 2
162, 10, 3, 40, 37, 2
162, 10, 3, 40, 39, 2
163, 10, 3, 39, 38, 2
164, 10, 3, 40, 40, 2
174, 22, 2, 35, 31, 2
184, 22, 0, 13, 31, 0
184, 22, 2, 19, 8, 0
184, 22, 2, 35, 10, 0
184, 22, 3, 36, 11, 0
185, 22, 2, 12, 32, 0
185, 22, 3, 12, 33, 0
185, 22, 1, 12, 34, 0
185, 22, 2, 13, 32, 0
185, 22, 3, 13, 34, 0
185, 22, 1, 14, 32, 0
185, 22, 2, 14, 34, 0
185, 22, 2, 16, 10, 0
185, 22, 2, 16, 24, 0
185, 22, 2, 16, 25, 0
185, 22, 3, 17, 23, 0
185, 22, 1, 17, 24, 0
185, 22, 3, 17, 25, 0
185, 22, 2, 17, 31, 0
185, 22, 1, 17, 32, 0
185, 22, 1, 17, 33, 0
185, 22, 2, 17, 34, 0
185, 22, 2, 18, 16, 0
185, 22, 0, 18, 17, 0
185, 22, 1, 18, 26, 0
185, 22, 3, 18, 31, 0
185, 22, 0, 18, 32, 0
185, 22, 3, 18, 33, 0
185, 22, 1, 18, 35, 0
185, 22, 1, 19, 7, 0
185, 22, 1, 19, 15, 0
185, 22, 3, 19, 17, 0
185, 22, 1, 20, 7, 0
185, 22, 1, 21, 36, 0
185, 22, 1, 22, 9, 0
185, 22, 3, 22, 10, 0
185, 22, 2, 22, 44, 0
185, 22, 3, 23, 10, 0
185, 22, 3, 23, 36, 0
185, 22, 2, 23, 37, 0
185, 22, 1, 23, 40, 0
185, 22, 3, 23, 44, 0
185, 22, 1, 23, 46, 0
185, 22, 2, 24, 10, 0
185, 22, 2, 24, 40, 0
185, 22, 0, 24, 45, 0
185, 22, 1, 24, 46, 0
185, 22, 0, 24, 47, 0
185, 22, 1, 25, 46, 0
185, 22, 0, 25, 47, 0
185, 22, 2, 26, 46, 0
185, 22, 3, 28, 46, 0
185, 22, 2, 28, 47, 0
185, 22, 2, 30, 23, 0
185, 22, 3, 31, 23, 0
185, 22, 0, 32, 23, 0
185, 22, 0, 33, 7, 0
185, 22, 0, 33, 14, 0
185, 22, 3, 33, 15, 0
185, 22, 0, 33, 23, 0
185, 22, 1, 34, 6, 0
185, 22, 3, 34, 8, 0
185, 22, 2, 34, 13, 0
185, 22, 1, 34, 15, 0
185, 22, 1, 34, 22, 0
185, 22, 3, 34, 23, 0
185, 22, 3, 34, 46, 0
185, 22, 0, 34, 47, 0
185, 22, 0, 35, 7, 0
185, 22, 0, 35, 9, 0
185, 22, 1, 35, 13, 0
185, 22, 3, 35, 15, 0
185, 22, 3, 35, 16, 0
185, 22, 1, 35, 46, 0
185, 22, 2, 36, 3, 0
185, 22, 0, 36, 7, 0
185, 22, 0, 36, 9, 0
185, 22, 2, 36, 21, 0
185, 22, 3, 37, 9, 0
185, 22, 3, 37, 20, 0
185, 22, 3, 37, 48, 0
185, 22, 1, 38, 12, 0
185, 22, 3, 38, 13, 0
185, 22, 0, 38, 16, 0
185, 22, 0, 38, 19, 0
185, 22, 2, 38, 22, 0
185, 22, 3, 38, 23, 0
185, 22, 3, 38, 47, 0
185, 22, 0, 38, 48, 0
185, 22, 1, 39, 2, 0
185, 22, 2, 39, 3, 0
185, 22, 3, 39, 11, 0
185, 22, 0, 39, 12, 0
185, 22, 3, 39, 15, 0
185, 22, 1, 39, 17, 0
185, 22, 2, 39, 18, 0
185, 22, 3, 39, 20, 0
185, 22, 2, 39, 47, 0
185, 22, 1, 39, 48, 0
185, 22, 3, 40, 1, 0
185, 22, 0, 40, 2, 0
185, 22, 1, 40, 4, 0
185, 22, 1, 40, 12, 0
185, 22, 1, 40, 18, 0
185, 22, 1, 40, 19, 0
185, 22, 0, 40, 20, 0
185, 22, 0, 40, 23, 0
185, 22, 0, 41, 2, 0
185, 22, 3, 41, 3, 0
185, 22, 2, 44, 23, 0
185, 22, 1, 44, 25, 0
185, 22, 2, 48, 37, 0
185, 22, 1, 48, 38, 0
185, 22, 0, 48, 40, 0
185, 22, 3, 48, 41, 0
185, 22, 2, 48, 44, 0
185, 22, 1, 48, 45, 0
185, 22, 1, 49, 24, 0
185, 22, 0, 50, 24, 0
185, 22, 1, 50, 38, 0
185, 22, 2, 50, 39, 0
185, 22, 3, 51, 24, 0
185, 22, 0, 51, 33, 0
185, 22, 3, 51, 38, 0
185, 22, 0, 52, 24, 0
185, 22, 3, 52, 25, 0
185, 22, 1, 52, 34, 0
185, 22, 3, 52, 35, 0
185, 22, 1, 53, 25, 0
185, 22, 2, 54, 25, 0
185, 22, 0, 55, 27, 0
185, 22, 2, 55, 29, 0
185, 22, 3, 55, 31, 0
185, 22, 1, 56, 28, 0
186, 22, 2, 13, 33, 0
186, 22, 1, 14, 33, 0
186, 22, 0, 18, 34, 0
186, 22, 0, 24, 36, 0
186, 22, 0, 24, 39, 0
186, 22, 1, 24, 44, 0
186, 22, 3, 27, 46, 0
186, 22, 2, 34, 14, 0
186, 22, 1, 35, 14, 0
186, 22, 2, 35, 23, 0
186, 22, 3, 38, 15, 0
186, 22, 0, 38, 46, 0
186, 22, 3, 39, 4, 0
186, 22, 2, 39, 19, 0
186, 22, 1, 39, 23, 0
186, 22, 2, 40, 3, 0
186, 22, 0, 43, 23, 0
186, 22, 3, 44, 24, 0
186, 22, 2, 48, 25, 0
186, 22, 3, 50, 33, 0
186, 22, 2, 52, 33, 0
186, 22, 3, 55, 28, 0
197, 5, 0, 19, 27, 0
197, 5, 0, 19, 31, 0
197, 5, 0, 19, 34, 0
197, 5, 1, 20, 35, 0
197, 5, 1, 23, 35, 0
197, 4, 2, 24, 27, 0
197, 4, 2, 24, 34, 0
197, 4, 2, 24, 35, 0
197, 4, 3, 26, 39, 0
197, 5, 3, 28, 26, 0
197, 4, 3, 28, 39, 0
197, 5, 2, 29, 42, 0
197, 5, 2, 29, 44, 0
197, 5, 3, 30, 26, 0
197, 5, 1, 30, 35, 0
197, 4, 0, 30, 37, 0
197, 4, 0, 30, 39, 0
197, 4, 0, 30, 42, 0
197, 4, 0, 30, 44, 0
197, 5, 3, 32, 26, 0
197, 5, 1, 32, 35, 0
197, 4, 2, 32, 37, 0
197, 4, 2, 32, 39, 0
197, 5, 0, 33, 33, 0
197, 5, 0, 33, 36, 0
197, 5, 0, 33, 39, 0
197, 4, 1, 35, 29, 0
197, 5, 2, 35, 38, 0
197, 4, 1, 38, 37, 0
197, 4, 1, 39, 29, 0
197, 5, 2, 40, 33, 0
197, 5, 2, 40, 36, 0
197, 4, 1, 40, 37, 0
197, 5, 3, 41, 26, 0
197, 4, 0, 41, 28, 0
197, 4, 0, 41, 32, 0
197, 4, 0, 41, 35, 0
197, 4, 0, 41, 38, 0
197, 5, 3, 44, 26, 0
197, 5, 2, 47, 32, 0
197, 5, 2, 47, 35, 0
197, 5, 2, 47, 38, 0
197, 4, 0, 48, 27, 0
197, 4, 0, 48, 29, 0
197, 5, 1, 50, 32, 0
197, 5, 1, 53, 32, 0
197, 5, 2, 54, 28, 0
197, 5, 2, 54, 31, 0
197, 5, 0, 20, 29, 1
197, 5, 1, 21, 34, 1
197, 5, 1, 24, 34, 1
197, 5, 3, 25, 26, 1
197, 5, 1, 26, 35, 1
197, 5, 0, 26, 39, 1
197, 5, 0, 26, 41, 1
197, 5, 0, 26, 44, 1
197, 5, 3, 27, 26, 1
197, 5, 3, 30, 26, 1
197, 5, 2, 31, 34, 1
197, 5, 2, 31, 37, 1
197, 5, 2, 31, 40, 1
197, 4, 0, 32, 37, 1
197, 5, 1, 33, 33, 1
197, 5, 2, 34, 27, 1
197, 5, 2, 34, 31, 1
197, 4, 1, 34, 40, 1
197, 5, 3, 35, 26, 1
197, 4, 0, 35, 32, 1
197, 5, 3, 38, 26, 1
197, 4, 2, 38, 32, 1
197, 4, 3, 40, 34, 1
197, 4, 1, 40, 40, 1
197, 4, 2, 41, 34, 1
197, 4, 2, 41, 36, 1
197, 4, 2, 41, 38, 1
197, 5, 0, 42, 36, 1
197, 5, 0, 42, 38, 1
197, 5, 1, 43, 33, 1
197, 5, 1, 45, 33, 1
197, 5, 2, 46, 36, 1
197, 5, 2, 46, 38, 1
197, 4, 0, 47, 27, 1
197, 4, 0, 47, 29, 1
197, 5, 3, 49, 26, 1
197, 5, 1, 49, 31, 1
197, 5, 2, 53, 27, 1
197, 5, 2, 53, 30, 1
197, 5, 0, 32, 35, 2
197, 5, 0, 32, 38, 2
197, 5, 0, 32, 40, 2
197, 5, 3, 33, 29, 2
197, 5, 1, 33, 33, 2
197, 5, 3, 35, 29, 2
197, 5, 1, 35, 33, 2
197, 4, 2, 35, 35, 2
197, 4, 2, 35, 37, 2
197, 4, 2, 35, 40, 2
197, 5, 0, 36, 37, 2
197, 5, 0, 36, 39, 2
197, 5, 3, 37, 29, 2
197, 5, 1, 37, 33, 2
197, 5, 3, 39, 29, 2
197, 5, 1, 39, 33, 2
197, 5, 2, 40, 36, 2
197, 5, 1, 40, 42, 2
208, 11, 3, 25, 45, 0
208, 10, 0, 26, 35, 0
208, 10, 0, 29, 35, 0
208, 11, 0, 29, 45, 0
208, 10, 1, 32, 33, 0
208, 11, 0, 33, 26, 0
208, 11, 1, 33, 29, 0
208, 10, 3, 33, 31, 0
208, 10, 2, 35, 41, 0
208, 10, 2, 38, 41, 0
208, 10, 2, 38, 45, 0
208, 11, 3, 40, 26, 0
208, 11, 2, 40, 29, 0
208, 10, 0, 43, 41, 0
208, 10, 2, 43, 45, 0
208, 10, 0, 47, 41, 0
208, 10, 2, 47, 45, 0
208, 10, 0, 34, 41, 1
208, 10, 0, 34, 45, 1
208, 10, 0, 40, 41, 1
208, 10, 0, 40, 45, 1
208, 10, 1, 42, 37, 1
208, 10, 1, 42, 40, 1
208, 10, 2, 43, 34, 1
208, 10, 0, 45, 34, 1
208, 10, 0, 45, 45, 1
208, 10, 1, 46, 37, 1
208, 10, 1, 46, 40, 1
319, 22, 0, 43, 63, 0
319, 22, 0, 48, 58, 0
319, 22, 0, 56, 59, 0
319, 22, 0, 61, 58, 0
319, 22, 0, 61, 63, 0
320, 22, 0, 43, 62, 0
320, 22, 3, 44, 61, 0
320, 22, 2, 45, 60, 0
320, 22, 0, 47, 58, 0
320, 22, 1, 49, 58, 0
320, 22, 0, 50, 58, 0
320, 22, 1, 51, 59, 0
320, 22, 3, 51, 63, 0
320, 22, 0, 52, 59, 0
320, 22, 2, 53, 59, 0
320, 22, 0, 53, 63, 0
320, 22, 0, 54, 63, 0
320, 22, 0, 55, 59, 0
320, 22, 1, 56, 62, 0
320, 22, 0, 57, 62, 0
320, 22, 3, 58, 58, 0
320, 22, 2, 58, 62, 0
320, 22, 0, 59, 58, 0
320, 22, 3, 59, 62, 0
320, 22, 2, 60, 58, 0
320, 22, 0, 60, 63, 0
320, 22, 0, 62, 57, 0
320, 22, 0, 62, 63, 0
320, 22, 1, 63, 63, 0
321, 22, 0, 46, 59, 0
321, 22, 0, 55, 62, 0
321, 22, 0, 63, 57, 0
327, 10, 3, 33, 31, 1
356, 10, 2, 29, 36, 0
356, 10, 2, 35, 42, 2
357, 10, 2, 27, 36, 0
357, 10, 0, 48, 29, 0
357, 10, 0, 32, 31, 2
357, 10, 3, 32, 42, 2
357, 10, 3, 33, 30, 2
357, 10, 0, 34, 41, 2
358, 10, 3, 26, 36, 0
358, 10, 0, 48, 30, 0
358, 10, 2, 54, 27, 0
358, 10, 3, 35, 27, 1
358, 10, 1, 32, 32, 2
358, 10, 0, 33, 41, 2
359, 10, 1, 39, 35, 0
359, 10, 2, 40, 39, 0
359, 10, 2, 36, 26, 1
361, 10, 2, 36, 38, 0
361, 10, 3, 33, 42, 2
361, 10, 2, 35, 34, 2
362, 10, 3, 33, 30, 0
362, 10, 2, 38, 38, 0
362, 10, 0, 39, 37, 0
362, 10, 2, 39, 38, 0
362, 10, 0, 40, 37, 0
362, 10, 2, 40, 38, 0
362, 10, 0, 54, 31, 0
362, 10, 0, 54, 32, 0
362, 10, 0, 32, 29, 2
362, 10, 3, 32, 30, 2
362, 10, 0, 32, 35, 2
362, 10, 2, 32, 39, 2
362, 10, 2, 32, 40, 2
362, 10, 1, 35, 40, 2
365, 10, 1, 48, 32, 0
365, 10, 0, 49, 32, 0
374, 10, 2, 32, 46, 0
387, 10, 2, 46, 32, 1
388, 10, 0, 19, 29, 0
388, 10, 0, 19, 32, 0
388, 10, 0, 19, 33, 0
388, 10, 2, 24, 28, 0
388, 10, 2, 24, 32, 0
388, 10, 2, 24, 33, 0
388, 10, 0, 25, 27, 0
388, 10, 0, 25, 28, 0
388, 10, 0, 25, 33, 0
388, 10, 0, 25, 34, 0
388, 10, 1, 27, 45, 0
388, 10, 2, 29, 39, 0
388, 10, 2, 32, 28, 0
388, 10, 2, 32, 32, 0
388, 10, 0, 33, 27, 0
388, 10, 0, 33, 28, 0
388, 10, 2, 40, 27, 0
388, 10, 2, 40, 28, 0
388, 10, 1, 32, 40, 1
388, 10, 1, 40, 33, 1
388, 10, 1, 41, 40, 1
388, 10, 1, 42, 33, 1
388, 10, 3, 42, 34, 1
388, 10, 2, 46, 31, 1
388, 10, 3, 46, 34, 1
388, 10, 2, 40, 30, 2
388, 10, 2, 40, 32, 2
432, 10, 2, 20, 26, 0
432, 10, 2, 43, 26, 1
574, 10, 2, 23, 26, 0
574, 10, 2, 26, 25, 0
574, 10, 1, 47, 39, 0
574, 10, 3, 26, 36, 1
575, 10, 2, 19, 26, 0
575, 10, 3, 41, 34, 0
575, 10, 3, 41, 39, 0
575, 10, 3, 26, 38, 1
575, 10, 1, 31, 34, 1
575, 10, 1, 31, 36, 1
576, 10, 1, 47, 34, 0
576, 10, 3, 26, 34, 1
576, 10, 1, 31, 38, 1
577, 4, 1, 20, 25, 1
577, 4, 1, 24, 25, 1
577, 4, 1, 35, 25, 1
577, 4, 1, 38, 25, 1
577, 4, 1, 48, 25, 1
577, 4, 1, 53, 25, 1
577, 4, 1, 34, 28, 2
577, 4, 3, 34, 43, 2
577, 4, 1, 38, 28, 2
577, 4, 3, 38, 43, 2
592, 10, 1, 51, 31, 1
592, 10, 2, 53, 31, 1
593, 10, 1, 27, 30, 0
595, 10, 2, 30, 27, 0
595, 10, 0, 50, 28, 0
595, 10, 2, 48, 27, 1
595, 10, 2, 38, 34, 2
608, 10, 0, 27, 35, 0
614, 10, 2, 41, 36, 0
614, 10, 2, 47, 36, 0
616, 10, 2, 21, 31, 0
616, 10, 0, 26, 44, 0
616, 10, 0, 34, 29, 0
616, 10, 0, 39, 32, 0
616, 10, 0, 28, 42, 1
616, 10, 3, 28, 43, 1
616, 10, 1, 29, 42, 1
616, 10, 2, 29, 43, 1
616, 10, 1, 40, 27, 1
616, 10, 0, 46, 44, 1
616, 10, 2, 35, 31, 2
649, 10, 3, 43, 53, 0
652, 22, 3, 20, 27, 1
652, 22, 0, 22, 30, 1
652, 22, 2, 25, 27, 1
652, 22, 3, 36, 27, 1
652, 22, 2, 45, 36, 1
653, 22, 3, 30, 33, 1
653, 22, 3, 43, 35, 1
653, 22, 1, 43, 37, 1
654, 22, 2, 24, 29, 1
654, 22, 1, 28, 27, 1
655, 4, 3, 43, 34, 1
656, 5, 0, 20, 26, 1
657, 5, 0, 20, 31, 1
657, 5, 1, 20, 34, 1
657, 4, 3, 45, 34, 1
661, 10, 1, 29, 38, 0
661, 10, 1, 34, 27, 1
662, 10, 0, 23, 30, 1
663, 10, 0, 22, 27, 1
680, 10, 1, 45, 42, 0
682, 10, 1, 44, 42, 0
683, 10, 0, 35, 45, 0
686, 22, 3, 27, 36, 0
686, 22, 3, 36, 31, 0
686, 22, 1, 39, 34, 0
686, 22, 1, 44, 44, 0
686, 22, 1, 48, 26, 0
686, 22, 3, 27, 36, 1
686, 22, 3, 28, 39, 1
686, 22, 3, 33, 38, 1
686, 22, 1, 40, 29, 1
686, 22, 3, 42, 41, 1
687, 22, 3, 32, 44, 0
687, 22, 3, 34, 34, 0
687, 22, 1, 52, 27, 0
687, 22, 3, 37, 32, 1
687, 22, 1, 38, 28, 1
687, 22, 1, 40, 35, 1
688, 22, 1, 34, 37, 0
688, 22, 1, 34, 41, 0
688, 22, 1, 51, 31, 0
688, 22, 3, 29, 37, 1
688, 22, 1, 34, 36, 1
688, 22, 3, 35, 30, 1
688, 22, 1, 45, 40, 1
688, 22, 3, 46, 27, 1
689, 10, 0, 47, 31, 1
690, 10, 2, 50, 30, 1
690, 11, 0, 51, 26, 1
705, 5, 1, 26, 38, 0
705, 5, 0, 33, 32, 0
705, 5, 3, 34, 26, 0
705, 4, 0, 36, 40, 0
705, 5, 2, 40, 28, 0
705, 5, 2, 40, 32, 0
705, 5, 1, 23, 34, 1
705, 5, 1, 29, 45, 1
705, 5, 1, 32, 33, 1
705, 5, 1, 33, 42, 2
706, 5, 0, 19, 28, 0
706, 5, 0, 19, 30, 0
706, 5, 1, 22, 35, 0
706, 5, 0, 33, 34, 0
706, 5, 1, 36, 45, 0
706, 5, 1, 38, 40, 0
706, 5, 3, 39, 38, 0
706, 5, 0, 20, 32, 1
706, 5, 3, 21, 26, 1
706, 4, 2, 26, 29, 1
706, 5, 0, 26, 38, 1
706, 5, 1, 28, 35, 1
706, 4, 3, 28, 36, 1
706, 4, 3, 30, 33, 1
706, 5, 1, 30, 45, 1
706, 4, 0, 31, 30, 1
706, 5, 2, 31, 35, 1
706, 5, 2, 31, 38, 1
706, 5, 2, 31, 39, 1
706, 5, 3, 32, 26, 1
706, 4, 2, 35, 38, 2
706, 4, 2, 35, 41, 2
706, 5, 0, 36, 35, 2
706, 5, 0, 36, 40, 2
724, 10, 0, 35, 15, 0
724, 10, 2, 36, 3, 0
724, 10, 2, 36, 10, 0
724, 10, 2, 39, 3, 0
724, 10, 1, 39, 12, 0
724, 10, 3, 39, 19, 0
724, 10, 0, 27, 35, 1
724, 10, 0, 30, 35, 1
724, 10, 0, 35, 33, 1
724, 10, 0, 38, 33, 1
817, 10, 2, 36, 41, 1
817, 10, 0, 36, 45, 1
817, 10, 2, 38, 41, 1
817, 10, 0, 38, 45, 1
825, 22, 2, 21, 27, 1
825, 22, 3, 28, 31, 1
827, 22, 3, 23, 29, 1
827, 22, 0, 29, 30, 1
827, 22, 3, 32, 27, 1
871, 10, 2, 53, 27, 1
875, 10, 2, 52, 28, 1
887, 4, 0, 30, 38, 0
887, 4, 0, 30, 41, 0
887, 4, 2, 32, 38, 0
887, 5, 0, 39, 27, 1
887, 5, 3, 46, 26, 1
887, 5, 2, 53, 29, 1
906, 5, 0, 26, 43, 1
907, 4, 1, 34, 25, 0
907, 4, 1, 39, 25, 0
908, 4, 3, 25, 39, 0
908, 5, 0, 25, 40, 0
908, 5, 1, 25, 45, 0
908, 4, 3, 29, 39, 0
908, 5, 2, 29, 40, 0
908, 5, 1, 29, 45, 0
908, 5, 3, 22, 26, 1
908, 5, 3, 24, 26, 1
908, 5, 3, 28, 26, 1
908, 4, 0, 35, 28, 1
908, 4, 0, 35, 31, 1
908, 4, 2, 38, 28, 1
916, 22, 2, 27, 39, 0
916, 22, 3, 29, 43, 0
916, 22, 0, 31, 35, 0
916, 22, 0, 34, 40, 0
916, 22, 3, 48, 28, 0
916, 22, 0, 51, 32, 0
916, 22, 3, 47, 28, 1
916, 22, 0, 34, 33, 2
917, 22, 3, 26, 40, 0
917, 22, 0, 26, 43, 0
917, 22, 2, 27, 40, 0
917, 22, 1, 27, 43, 0
917, 22, 3, 30, 28, 0
917, 22, 0, 30, 32, 0
917, 22, 2, 31, 28, 0
917, 22, 1, 31, 32, 0
917, 22, 3, 35, 27, 0
917, 22, 0, 35, 28, 0
917, 22, 2, 38, 27, 0
917, 22, 1, 38, 28, 0
917, 22, 3, 49, 28, 0
917, 22, 0, 49, 29, 0
917, 22, 2, 53, 28, 0
917, 22, 1, 53, 29, 0
917, 22, 3, 34, 38, 1
917, 22, 0, 34, 39, 1
917, 22, 2, 39, 38, 1
917, 22, 1, 39, 39, 1
917, 22, 3, 49, 27, 1
917, 22, 0, 49, 30, 1
917, 22, 2, 50, 27, 1
917, 22, 1, 50, 30, 1
917, 22, 3, 33, 36, 2
917, 22, 0, 33, 39, 2
917, 22, 2, 34, 36, 2
917, 22, 1, 34, 39, 2
917, 22, 3, 38, 29, 2
917, 22, 0, 38, 33, 2
917, 22, 2, 39, 29, 2
917, 22, 1, 39, 33, 2
918, 22, 3, 26, 41, 0
918, 22, 3, 26, 42, 0
918, 22, 1, 27, 41, 0
918, 22, 1, 27, 42, 0
918, 22, 3, 30, 29, 0
918, 22, 3, 30, 30, 0
918, 22, 3, 30, 31, 0
918, 22, 1, 31, 29, 0
918, 22, 1, 31, 30, 0
918, 22, 1, 31, 31, 0
918, 22, 2, 36, 27, 0
918, 22, 0, 36, 28, 0
918, 22, 2, 37, 27, 0
918, 22, 0, 37, 28, 0
918, 22, 2, 50, 28, 0
918, 22, 0, 50, 29, 0
918, 22, 2, 51, 28, 0
918, 22, 0, 51, 29, 0
918, 22, 2, 52, 28, 0
918, 22, 0, 52, 29, 0
918, 22, 2, 35, 38, 1
918, 22, 0, 35, 39, 1
918, 22, 2, 36, 38, 1
918, 22, 0, 36, 39, 1
918, 22, 2, 37, 38, 1
918, 22, 0, 37, 39, 1
918, 22, 2, 38, 38, 1
918, 22, 0, 38, 39, 1
918, 22, 3, 49, 28, 1
918, 22, 3, 49, 29, 1
918, 22, 1, 50, 28, 1
918, 22, 1, 50, 29, 1
918, 22, 3, 33, 37, 2
918, 22, 3, 33, 38, 2
918, 22, 1, 34, 37, 2
918, 22, 1, 34, 38, 2
918, 22, 3, 38, 30, 2
918, 22, 3, 38, 31, 2
918, 22, 3, 38, 32, 2
918, 22, 1, 39, 30, 2
918, 22, 1, 39, 31, 2
918, 22, 1, 39, 32, 2
925, 22, 3, 30, 37, 0
925, 22, 0, 30, 41, 0
925, 22, 2, 32, 37, 0
925, 22, 1, 32, 41, 0
925, 22, 3, 35, 42, 0
925, 22, 0, 35, 44, 0
925, 22, 2, 41, 42, 0
925, 22, 1, 41, 44, 0
925, 22, 3, 30, 42, 1
925, 22, 0, 30, 44, 1
925, 22, 3, 41, 29, 1
925, 22, 0, 41, 32, 1
925, 22, 2, 43, 42, 1
925, 22, 1, 43, 44, 1
925, 22, 2, 45, 29, 1
925, 22, 1, 45, 32, 1
926, 22, 3, 30, 38, 0
926, 22, 3, 30, 39, 0
926, 22, 3, 30, 40, 0
926, 22, 2, 31, 37, 0
926, 22, 0, 31, 41, 0
926, 22, 1, 32, 38, 0
926, 22, 1, 32, 39, 0
926, 22, 1, 32, 40, 0
926, 22, 3, 35, 43, 0
926, 22, 2, 36, 42, 0
926, 22, 0, 36, 44, 0
926, 22, 2, 37, 42, 0
926, 22, 0, 37, 44, 0
926, 22, 2, 38, 42, 0
926, 22, 0, 38, 44, 0
926, 22, 2, 39, 42, 0
926, 22, 0, 39, 44, 0
926, 22, 2, 40, 42, 0
926, 22, 0, 40, 44, 0
926, 22, 1, 41, 43, 0
926, 22, 3, 30, 43, 1
926, 22, 2, 31, 42, 1
926, 22, 0, 31, 44, 1
926, 22, 2, 32, 42, 1
926, 22, 0, 32, 44, 1
926, 22, 2, 33, 42, 1
926, 22, 0, 33, 44, 1
926, 22, 2, 34, 42, 1
926, 22, 0, 34, 44, 1
926, 22, 2, 35, 42, 1
926, 22, 0, 35, 44, 1
926, 22, 2, 36, 42, 1
926, 22, 0, 36, 44, 1
926, 22, 2, 37, 42, 1
926, 22, 0, 37, 44, 1
926, 22, 2, 38, 42, 1
926, 22, 0, 38, 44, 1
926, 22, 2, 39, 42, 1
926, 22, 0, 39, 44, 1
926, 22, 2, 40, 42, 1
926, 22, 0, 40, 44, 1
926, 22, 3, 41, 30, 1
926, 22, 3, 41, 31, 1
926, 22, 2, 41, 42, 1
926, 22, 0, 41, 44, 1
926, 22, 2, 42, 29, 1
926, 22, 0, 42, 32, 1
926, 22, 2, 42, 42, 1
926, 22, 0, 42, 44, 1
926, 22, 2, 43, 29, 1
926, 22, 0, 43, 32, 1
926, 22, 1, 43, 43, 1
926, 22, 2, 44, 29, 1
926, 22, 0, 44, 32, 1
926, 22, 1, 45, 30, 1
926, 22, 1, 45, 31, 1
927, 22, 3, 31, 38, 0
927, 22, 3, 31, 39, 0
927, 22, 3, 31, 40, 0
927, 22, 0, 36, 43, 0
927, 22, 0, 37, 43, 0
927, 22, 0, 38, 43, 0
927, 22, 0, 39, 43, 0
927, 22, 0, 40, 43, 0
927, 22, 0, 31, 43, 1
927, 22, 0, 32, 43, 1
927, 22, 0, 33, 43, 1
927, 22, 0, 34, 43, 1
927, 22, 0, 35, 43, 1
927, 22, 0, 36, 43, 1
927, 22, 0, 37, 43, 1
927, 22, 0, 38, 43, 1
927, 22, 0, 39, 43, 1
927, 22, 0, 40, 43, 1
927, 22, 0, 41, 43, 1
927, 22, 2, 42, 30, 1
927, 22, 2, 42, 31, 1
927, 22, 0, 42, 43, 1
927, 22, 2, 43, 30, 1
927, 22, 2, 43, 31, 1
927, 22, 2, 44, 30, 1
927, 22, 2, 44, 31, 1
955, 4, 2, 32, 27, 0
955, 4, 2, 32, 34, 0
955, 5, 1, 37, 45, 0
955, 5, 1, 44, 45, 0
955, 4, 1, 37, 40, 1
955, 5, 2, 40, 31, 2
980, 0, 2, 10, 44, 0
980, 0, 2, 10, 45, 0
980, 0, 2, 10, 46, 0
980, 0, 2, 10, 47, 0
980, 0, 2, 10, 48, 0
980, 0, 2, 11, 5, 0
980, 0, 2, 11, 6, 0
980, 0, 2, 11, 7, 0
980, 0, 2, 11, 8, 0
980, 0, 2, 11, 13, 0
980, 0, 2, 11, 14, 0
980, 0, 2, 11, 15, 0
980, 0, 2, 11, 16, 0
980, 0, 2, 11, 17, 0
980, 0, 2, 11, 18, 0
980, 1, 1, 11, 30, 0
980, 0, 2, 11, 31, 0
980, 0, 2, 11, 32, 0
980, 0, 2, 11, 33, 0
980, 0, 2, 11, 34, 0
980, 0, 2, 11, 35, 0
980, 1, 1, 11, 42, 0
980, 9, 1, 11, 43, 0
980, 9, 2, 11, 49, 0
980, 1, 2, 11, 50, 0
980, 9, 1, 12, 4, 0
980, 9, 2, 12, 9, 0
980, 0, 2, 12, 10, 0
980, 0, 2, 12, 11, 0
980, 9, 1, 12, 12, 0
980, 9, 2, 12, 19, 0
980, 1, 2, 12, 20, 0
980, 0, 2, 12, 26, 0
980, 0, 2, 12, 27, 0
980, 0, 2, 12, 28, 0
980, 0, 2, 12, 29, 0
980, 9, 1, 12, 30, 0
980, 9, 2, 12, 36, 0
980, 0, 2, 12, 37, 0
980, 0, 2, 12, 38, 0
980, 0, 2, 12, 39, 0
980, 0, 2, 12, 40, 0
980, 0, 2, 12, 41, 0
980, 9, 1, 12, 42, 0
980, 9, 2, 12, 50, 0
980, 0, 2, 12, 51, 0
980, 0, 2, 12, 52, 0
980, 0, 2, 12, 53, 0
980, 0, 2, 12, 54, 0
980, 0, 2, 12, 55, 0
980, 9, 1, 13, 3, 0
980, 9, 2, 13, 20, 0
980, 0, 2, 13, 21, 0
980, 0, 2, 13, 22, 0
980, 0, 2, 13, 23, 0
980, 0, 2, 13, 24, 0
980, 9, 1, 13, 25, 0
980, 9, 2, 13, 56, 0
980, 1, 2, 13, 57, 0
980, 0, 1, 14, 2, 0
980, 9, 2, 14, 57, 0
980, 1, 2, 14, 58, 0
980, 0, 1, 15, 2, 0
980, 9, 2, 15, 58, 0
980, 0, 1, 16, 2, 0
980, 0, 3, 16, 59, 0
980, 0, 1, 17, 2, 0
980, 0, 3, 17, 59, 0
980, 0, 1, 18, 2, 0
980, 0, 3, 18, 59, 0
980, 0, 1, 19, 2, 0
980, 9, 2, 19, 59, 0
980, 0, 1, 20, 2, 0
980, 0, 3, 20, 60, 0
980, 9, 0, 21, 3, 0
980, 0, 3, 21, 60, 0
980, 0, 1, 22, 3, 0
980, 0, 3, 22, 60, 0
980, 0, 1, 23, 3, 0
980, 0, 3, 23, 60, 0
980, 0, 1, 24, 3, 0
980, 0, 3, 24, 60, 0
980, 1, 1, 25, 2, 0
980, 9, 1, 25, 3, 0
980, 0, 3, 25, 60, 0
980, 9, 1, 26, 2, 0
980, 9, 3, 26, 59, 0
980, 0, 1, 27, 1, 0
980, 0, 3, 27, 59, 0
980, 0, 1, 28, 1, 0
980, 0, 3, 28, 59, 0
980, 0, 1, 29, 1, 0
980, 0, 3, 29, 59, 0
980, 9, 1, 30, 1, 0
980, 9, 3, 30, 58, 0
980, 1, 3, 30, 59, 0
980, 0, 1, 31, 0, 0
980, 0, 3, 31, 58, 0
980, 0, 1, 32, 0, 0
980, 0, 3, 32, 58, 0
980, 0, 1, 33, 0, 0
980, 0, 3, 33, 58, 0
980, 9, 0, 34, 1, 0
980, 0, 3, 34, 58, 0
980, 1, 0, 35, 1, 0
980, 9, 0, 35, 2, 0
980, 9, 3, 35, 57, 0
980, 0, 1, 36, 2, 0
980, 0, 3, 36, 57, 0
980, 0, 3, 37, 57, 0
980, 0, 3, 38, 57, 0
980, 0, 3, 39, 57, 0
980, 0, 1, 40, 2, 0
980, 0, 3, 40, 57, 0
980, 0, 1, 41, 2, 0
980, 0, 3, 41, 57, 0
980, 9, 1, 42, 2, 0
980, 0, 3, 42, 57, 0
980, 0, 1, 43, 1, 0
980, 0, 3, 43, 57, 0
980, 0, 1, 44, 1, 0
980, 0, 3, 44, 57, 0
980, 0, 1, 45, 1, 0
980, 0, 3, 45, 57, 0
980, 0, 1, 46, 1, 0
980, 9, 3, 46, 56, 0
980, 1, 3, 46, 57, 0
980, 9, 0, 47, 2, 0
980, 9, 3, 47, 55, 0
980, 1, 3, 47, 56, 0
980, 0, 1, 48, 2, 0
980, 9, 3, 48, 54, 0
980, 1, 3, 48, 55, 0
980, 0, 1, 49, 2, 0
980, 9, 3, 49, 53, 0
980, 1, 3, 49, 54, 0
980, 0, 1, 50, 2, 0
980, 9, 3, 50, 52, 0
980, 1, 3, 50, 53, 0
980, 0, 1, 51, 2, 0
980, 9, 3, 51, 51, 0
980, 9, 0, 52, 3, 0
980, 9, 3, 52, 50, 0
980, 1, 3, 52, 51, 0
980, 1, 0, 53, 3, 0
980, 9, 0, 53, 4, 0
980, 9, 3, 53, 49, 0
980, 1, 3, 53, 50, 0
980, 1, 0, 54, 4, 0
980, 9, 0, 54, 5, 0
980, 9, 3, 54, 48, 0
980, 1, 3, 54, 49, 0
980, 0, 0, 55, 6, 0
980, 0, 0, 55, 7, 0
980, 0, 0, 55, 8, 0
980, 0, 0, 55, 9, 0
980, 0, 0, 55, 10, 0
980, 9, 0, 55, 11, 0
980, 9, 3, 55, 38, 0
980, 0, 0, 55, 39, 0
980, 0, 0, 55, 40, 0
980, 0, 0, 55, 41, 0
980, 9, 0, 55, 42, 0
980, 9, 3, 55, 46, 0
980, 0, 0, 55, 47, 0
980, 0, 0, 56, 12, 0
980, 0, 0, 56, 13, 0
980, 0, 0, 56, 14, 0
980, 0, 0, 56, 15, 0
980, 0, 0, 56, 16, 0
980, 0, 0, 56, 17, 0
980, 9, 0, 56, 18, 0
980, 9, 3, 56, 37, 0
980, 1, 3, 56, 38, 0
980, 0, 0, 56, 43, 0
980, 0, 0, 56, 44, 0
980, 0, 0, 56, 45, 0
980, 1, 3, 56, 46, 0
980, 0, 0, 57, 19, 0
980, 0, 0, 57, 20, 0
980, 0, 0, 57, 21, 0
980, 0, 0, 57, 22, 0
980, 0, 0, 57, 23, 0
980, 0, 0, 57, 24, 0
980, 0, 0, 57, 25, 0
980, 9, 0, 57, 26, 0
980, 9, 3, 57, 36, 0
980, 1, 3, 57, 37, 0
980, 0, 0, 58, 27, 0
980, 0, 0, 58, 28, 0
980, 0, 0, 58, 29, 0
980, 0, 0, 58, 30, 0
980, 0, 0, 58, 31, 0
980, 0, 0, 58, 32, 0
980, 0, 0, 58, 33, 0
980, 0, 0, 58, 34, 0
980, 0, 0, 58, 35, 0
981, 3, 1, 10, 43, 0
981, 3, 2, 10, 49, 0
981, 3, 1, 11, 4, 0
981, 3, 2, 11, 9, 0
981, 3, 1, 11, 12, 0
981, 3, 2, 11, 19, 0
981, 3, 2, 11, 36, 0
981, 1, 1, 12, 3, 0
981, 3, 1, 12, 25, 0
981, 3, 2, 12, 56, 0
981, 3, 1, 13, 2, 0
981, 3, 2, 15, 59, 0
981, 3, 2, 19, 60, 0
981, 3, 0, 21, 2, 0
981, 3, 1, 26, 1, 0
981, 3, 3, 26, 60, 0
981, 3, 1, 30, 0, 0
981, 3, 0, 34, 0, 0
981, 3, 3, 35, 58, 0
981, 3, 1, 42, 1, 0
981, 3, 0, 47, 1, 0
981, 3, 3, 51, 52, 0
981, 3, 0, 52, 2, 0
981, 3, 0, 55, 5, 0
981, 3, 3, 55, 48, 0
981, 3, 0, 56, 11, 0
981, 3, 0, 56, 42, 0
981, 3, 0, 57, 18, 0
981, 3, 0, 58, 26, 0
981, 3, 3, 58, 36, 0
987, 0, 2, 29, 24, 0
987, 0, 2, 29, 25, 0
987, 0, 3, 30, 24, 0
987, 0, 3, 31, 24, 0
987, 0, 3, 32, 24, 0
987, 0, 3, 33, 24, 0
987, 0, 3, 34, 24, 0
987, 0, 3, 39, 24, 0
987, 0, 3, 40, 24, 0
987, 0, 3, 41, 24, 0
987, 0, 3, 42, 24, 0
987, 2, 3, 42, 29, 0
987, 0, 0, 42, 30, 0
987, 0, 0, 42, 31, 0
987, 2, 0, 42, 32, 0
987, 0, 3, 43, 24, 0
987, 0, 1, 43, 32, 0
987, 0, 0, 44, 24, 0
987, 0, 0, 44, 25, 0
987, 0, 1, 44, 32, 0
987, 2, 2, 45, 29, 0
987, 0, 2, 45, 30, 0
987, 0, 2, 45, 31, 0
987, 2, 1, 45, 32, 0
987, 0, 2, 34, 34, 1
987, 0, 2, 34, 35, 1
987, 0, 2, 34, 36, 1
987, 0, 2, 34, 37, 1
987, 3, 2, 34, 38, 1
987, 0, 3, 35, 34, 1
987, 0, 3, 35, 38, 1
987, 0, 3, 36, 34, 1
987, 0, 3, 37, 34, 1
987, 0, 3, 38, 34, 1
987, 0, 3, 38, 38, 1
987, 0, 0, 39, 34, 1
987, 0, 0, 39, 35, 1
987, 0, 0, 39, 36, 1
987, 0, 0, 39, 37, 1
987, 3, 3, 39, 38, 1
988, 0, 3, 38, 24, 0
989, 0, 3, 35, 24, 0
994, 0, 0, 34, 34, 2
994, 0, 0, 34, 35, 2
1015, 10, 3, 53, 26, 0
1016, 10, 2, 54, 29, 0
1016, 10, 1, 37, 42, 2
1017, 10, 3, 52, 26, 0
1017, 10, 3, 54, 26, 0
1017, 10, 2, 54, 30, 0
1017, 10, 1, 36, 42, 2
1018, 10, 3, 38, 29, 2
1020, 5, 0, 25, 36, 0
1020, 5, 0, 25, 41, 0
1020, 5, 2, 29, 41, 0
1021, 5, 0, 25, 42, 0
1022, 5, 0, 25, 37, 0
1022, 5, 2, 29, 37, 0
1022, 5, 1, 38, 42, 2
1023, 4, 0, 35, 29, 1
1023, 4, 0, 35, 30, 1
1023, 4, 2, 38, 27, 1
1023, 4, 2, 38, 29, 1
1023, 5, 1, 39, 42, 2
1089, 10, 1, 29, 27, 1
1089, 10, 2, 33, 26, 1
1102, 10, 1, 28, 36, 0
1102, 10, 3, 29, 37, 0
1102, 10, 3, 38, 35, 2
1102, 10, 3, 38, 37, 2
1106, 10, 2, 36, 41, 0
1106, 10, 2, 39, 41, 0
1111, 10, 3, 20, 31, 0
1111, 10, 0, 21, 32, 0
1111, 11, 1, 22, 30, 0
1111, 10, 3, 25, 44, 0
1111, 11, 2, 26, 43, 0
1111, 10, 0, 26, 45, 0
1111, 11, 2, 27, 29, 0
1111, 10, 0, 27, 32, 0
1111, 10, 2, 28, 29, 0
1111, 11, 0, 28, 32, 0
1111, 10, 2, 28, 34, 0
1111, 10, 0, 36, 29, 0
1111, 10, 0, 38, 29, 0
1111, 11, 2, 38, 31, 0
1111, 10, 3, 38, 32, 0
1111, 10, 0, 39, 33, 0
1111, 11, 1, 40, 31, 0
1111, 11, 2, 49, 27, 0
1111, 10, 0, 50, 29, 0
1111, 10, 0, 51, 29, 0
1111, 10, 1, 52, 28, 0
1111, 11, 3, 27, 44, 1
1111, 10, 2, 28, 41, 1
1111, 10, 0, 28, 44, 1
1111, 11, 1, 29, 41, 1
1111, 10, 0, 29, 44, 1
1111, 10, 0, 40, 28, 1
1111, 10, 2, 41, 26, 1
1111, 11, 0, 41, 28, 1
1111, 10, 2, 35, 30, 2
1111, 11, 3, 35, 32, 2
1111, 10, 1, 36, 31, 2
1111, 11, 0, 36, 32, 2
1122, 10, 1, 2, 12, 0
1122, 10, 2, 5, 3, 0
1122, 10, 1, 5, 14, 0
1122, 10, 3, 9, 45, 0
1122, 10, 3, 13, 10, 0
1122, 10, 3, 14, 1, 0
1122, 10, 0, 14, 19, 0
1122, 10, 2, 15, 61, 0
1122, 10, 0, 20, 0, 0
1122, 10, 1, 20, 58, 0
1122, 10, 0, 24, 58, 0
1122, 10, 0, 32, 59, 0
1122, 10, 3, 39, 60, 0
1122, 10, 0, 41, 22, 0
1122, 10, 1, 47, 23, 0
1122, 10, 2, 54, 21, 0
1122, 10, 2, 55, 0, 0
1122, 10, 2, 55, 1, 0
1122, 10, 1, 60, 10, 0
1164, 10, 0, 17, 19, 0
1164, 10, 0, 26, 19, 0
1164, 10, 0, 28, 14, 0
1164, 10, 1, 43, 6, 0
1164, 10, 0, 44, 4, 0
1164, 10, 2, 45, 5, 0
1164, 10, 0, 45, 16, 0
1164, 10, 3, 46, 4, 0
1164, 10, 0, 48, 6, 0
1164, 10, 0, 51, 12, 0
1164, 10, 0, 53, 19, 0
1171, 10, 0, 14, 13, 0
1171, 10, 0, 17, 24, 0
1171, 10, 0, 17, 40, 0
1171, 10, 0, 28, 11, 0
1171, 10, 0, 29, 22, 0
1171, 10, 0, 34, 48, 0
1171, 10, 0, 44, 5, 0
1171, 11, 0, 45, 4, 0
1171, 11, 2, 45, 6, 0
1171, 10, 3, 45, 7, 0
1171, 10, 0, 45, 22, 0
1171, 10, 1, 46, 6, 0
1171, 10, 0, 48, 18, 0
1171, 10, 0, 49, 39, 0
1171, 10, 0, 50, 5, 0
1171, 10, 0, 51, 47, 0
1171, 10, 0, 53, 42, 0
1172, 10, 0, 19, 10, 0
1172, 10, 0, 24, 48, 0
1182, 4, 0, 55, 26, 0
1182, 4, 0, 55, 27, 0
1182, 4, 0, 55, 28, 0
1182, 4, 0, 55, 29, 0
1182, 4, 0, 55, 30, 0
1182, 4, 0, 55, 31, 0
1182, 4, 0, 55, 32, 0
1244, 22, 3, 22, 4, 0
1244, 22, 3, 23, 9, 0
1244, 22, 3, 24, 6, 0
1244, 22, 3, 24, 11, 0
1244, 22, 3, 27, 16, 0
1244, 22, 3, 27, 21, 0
1244, 22, 3, 31, 7, 0
1244, 22, 3, 31, 17, 0
1244, 22, 3, 35, 20, 0
1244, 22, 3, 41, 11, 0
1244, 22, 3, 42, 14, 0
1244, 22, 3, 45, 14, 0
1244, 22, 3, 46, 7, 0
1246, 22, 2, 30, 11, 0
1246, 22, 1, 35, 8, 0
1247, 22, 0, 21, 5, 0
1247, 22, 0, 23, 28, 0
1247, 22, 0, 25, 5, 0
1247, 22, 2, 30, 42, 0
1247, 22, 0, 31, 5, 0
1247, 22, 3, 31, 33, 0
1247, 22, 3, 35, 21, 0
1247, 22, 1, 35, 33, 0
1247, 22, 2, 41, 20, 0
1247, 22, 1, 45, 12, 0
1247, 22, 1, 45, 19, 0
1247, 22, 2, 48, 12, 0
1247, 22, 3, 48, 14, 0
1247, 22, 0, 48, 21, 0
1247, 22, 3, 49, 30, 0
1247, 22, 0, 52, 32, 0
1247, 22, 1, 20, 28, 1
1247, 22, 0, 20, 34, 1
1247, 22, 3, 26, 26, 1
1247, 22, 3, 27, 40, 1
1247, 22, 0, 27, 42, 1
1247, 22, 2, 31, 29, 1
1247, 22, 2, 32, 26, 1
1247, 22, 1, 34, 27, 1
1247, 22, 0, 39, 32, 1
1247, 22, 1, 41, 27, 1
1247, 22, 1, 46, 42, 1
1247, 22, 3, 47, 30, 1
1247, 22, 2, 52, 30, 1
1248, 22, 3, 15, 19, 0
1248, 22, 3, 17, 37, 0
1248, 22, 1, 20, 29, 0
1248, 22, 1, 20, 31, 0
1248, 22, 2, 22, 28, 0
1248, 22, 3, 22, 30, 0
1248, 22, 0, 22, 33, 0
1248, 22, 3, 23, 30, 0
1248, 22, 2, 23, 35, 0
1248, 22, 3, 24, 12, 0
1248, 22, 0, 27, 27, 0
1248, 22, 1, 28, 40, 0
1248, 22, 2, 28, 41, 0
1248, 22, 1, 29, 34, 0
1248, 22, 3, 31, 44, 0
1248, 22, 0, 34, 43, 0
1248, 22, 1, 36, 32, 0
1248, 22, 3, 38, 8, 0
1248, 22, 2, 41, 28, 0
1248, 22, 2, 42, 34, 0
1248, 22, 3, 43, 8, 0
1248, 22, 3, 45, 34, 0
1248, 22, 2, 45, 41, 0
1248, 22, 1, 46, 26, 0
1248, 22, 1, 47, 44, 0
1248, 22, 0, 51, 30, 0
1248, 22, 1, 53, 31, 0
1248, 22, 1, 20, 29, 1
1248, 22, 3, 20, 32, 1
1248, 22, 1, 25, 33, 1
1248, 22, 0, 26, 45, 1
1248, 22, 0, 27, 27, 1
1248, 22, 1, 30, 39, 1
1248, 22, 0, 32, 37, 1
1248, 22, 3, 33, 32, 1
1248, 22, 0, 34, 29, 1
1248, 22, 2, 35, 32, 1
1248, 22, 3, 37, 28, 1
1248, 22, 1, 40, 36, 1
1248, 22, 2, 43, 39, 1
1248, 22, 3, 44, 43, 1
1248, 22, 2, 48, 30, 1
1249, 22, 2, 2, 30, 0
1249, 22, 0, 3, 12, 0
1249, 22, 0, 3, 50, 0
1249, 22, 2, 4, 20, 0
1249, 22, 3, 4, 28, 0
1249, 22, 1, 4, 32, 0
1249, 22, 3, 5, 12, 0
1249, 22, 3, 5, 28, 0
1249, 22, 1, 6, 3, 0
1249, 22, 0, 6, 10, 0
1249, 22, 2, 6, 15, 0
1249, 22, 2, 6, 16, 0
1249, 22, 1, 6, 30, 0
1249, 22, 1, 6, 48, 0
1249, 22, 3, 6, 50, 0
1249, 22, 0, 6, 53, 0
1249, 22, 1, 7, 22, 0
1249, 22, 3, 7, 29, 0
1249, 22, 2, 7, 40, 0
1249, 22, 0, 8, 8, 0
1249, 22, 1, 8, 12, 0
1249, 22, 0, 8, 29, 0
1249, 22, 1, 8, 49, 0
1249, 22, 2, 8, 54, 0
1249, 22, 2, 9, 23, 0
1249, 22, 1, 9, 27, 0
1249, 22, 3, 9, 38, 0
1249, 22, 3, 9, 39, 0
1249, 22, 3, 9, 46, 0
1249, 22, 1, 9, 52, 0
1249, 22, 3, 9, 56, 0
1249, 22, 0, 10, 4, 0
1249, 22, 0, 10, 20, 0
1249, 22, 3, 10, 23, 0
1249, 22, 0, 11, 46, 0
1249, 22, 2, 11, 48, 0
1249, 22, 2, 11, 54, 0
1249, 22, 2, 11, 57, 0
1249, 22, 2, 11, 59, 0
1249, 22, 3, 12, 7, 0
1249, 22, 2, 12, 17, 0
1249, 22, 2, 12, 23, 0
1249, 22, 2, 13, 28, 0
1249, 22, 1, 13, 45, 0
1249, 22, 2, 13, 53, 0
1249, 22, 0, 14, 2, 0
1249, 22, 1, 14, 20, 0
1249, 22, 3, 14, 23, 0
1249, 22, 3, 14, 28, 0
1249, 22, 3, 14, 47, 0
1249, 22, 1, 14, 50, 0
1249, 22, 0, 14, 52, 0
1249, 22, 2, 14, 56, 0
1249, 22, 3, 15, 16, 0
1249, 22, 2, 15, 53, 0
1249, 22, 1, 15, 62, 0
1249, 22, 1, 16, 22, 0
1249, 22, 3, 16, 27, 0
1249, 22, 3, 16, 29, 0
1249, 22, 2, 16, 45, 0
1249, 22, 3, 16, 52, 0
1249, 22, 1, 16, 55, 0
1249, 22, 3, 17, 11, 0
1249, 22, 0, 17, 15, 0
1249, 22, 0, 17, 20, 0
1249, 22, 3, 17, 30, 0
1249, 22, 0, 17, 50, 0
1249, 22, 1, 18, 14, 0
1249, 22, 1, 18, 25, 0
1249, 22, 1, 18, 27, 0
1249, 22, 0, 18, 30, 0
1249, 22, 2, 18, 54, 0
1249, 22, 1, 18, 57, 0
1249, 22, 0, 19, 14, 0
1249, 22, 2, 19, 24, 0
1249, 22, 0, 19, 38, 0
1249, 22, 2, 20, 6, 0
1249, 22, 1, 20, 9, 0
1249, 22, 1, 20, 21, 0
1249, 22, 2, 21, 19, 0
1249, 22, 1, 21, 22, 0
1249, 22, 1, 21, 37, 0
1249, 22, 1, 21, 40, 0
1249, 22, 3, 21, 54, 0
1249, 22, 3, 22, 15, 0
1249, 22, 3, 22, 24, 0
1249, 22, 0, 22, 36, 0
1249, 22, 0, 22, 52, 0
1249, 22, 0, 23, 15, 0
1249, 22, 2, 23, 42, 0
1249, 22, 2, 23, 45, 0
1249, 22, 1, 24, 13, 0
1249, 22, 3, 24, 17, 0
1249, 22, 2, 24, 20, 0
1249, 22, 0, 24, 23, 0
1249, 22, 3, 24, 37, 0
1249, 22, 3, 24, 38, 0
1249, 22, 1, 24, 41, 0
1249, 22, 0, 24, 42, 0
1249, 22, 0, 25, 19, 0
1249, 22, 3, 25, 24, 0
1249, 22, 3, 26, 11, 0
1249, 22, 2, 26, 13, 0
1249, 22, 1, 26, 14, 0
1249, 22, 2, 26, 16, 0
1249, 22, 3, 26, 18, 0
1249, 22, 0, 26, 23, 0
1249, 22, 2, 26, 57, 0
1249, 22, 1, 27, 14, 0
1249, 22, 1, 27, 22, 0
1249, 22, 2, 27, 48, 0
1249, 22, 1, 27, 51, 0
1249, 22, 0, 27, 52, 0
1249, 22, 2, 28, 9, 0
1249, 22, 2, 28, 24, 0
1249, 22, 3, 28, 57, 0
1249, 22, 2, 28, 62, 0
1249, 22, 1, 29, 2, 0
1249, 22, 0, 29, 20, 0
1249, 22, 0, 29, 54, 0
1249, 22, 1, 29, 61, 0
1249, 22, 0, 30, 47, 0
1249, 22, 1, 30, 48, 0
1249, 22, 0, 30, 63, 0
1249, 22, 2, 32, 4, 0
1249, 22, 2, 32, 55, 0
1249, 22, 1, 32, 60, 0
1249, 22, 3, 33, 5, 0
1249, 22, 3, 33, 48, 0
1249, 22, 2, 33, 59, 0
1249, 22, 0, 34, 62, 0
1249, 22, 0, 35, 3, 0
1249, 22, 2, 35, 47, 0
1249, 22, 2, 35, 60, 0
1249, 22, 3, 35, 61, 0
1249, 22, 1, 36, 47, 0
1249, 22, 3, 36, 48, 0
1249, 22, 1, 36, 54, 0
1249, 22, 0, 37, 56, 0
1249, 22, 3, 39, 16, 0
1249, 22, 0, 39, 56, 0
1249, 22, 3, 40, 5, 0
1249, 22, 0, 40, 7, 0
1249, 22, 1, 40, 15, 0
1249, 22, 2, 40, 51, 0
1249, 22, 1, 41, 9, 0
1249, 22, 0, 41, 18, 0
1249, 22, 1, 41, 23, 0
1249, 22, 1, 42, 46, 0
1249, 22, 3, 42, 54, 0
1249, 22, 3, 43, 7, 0
1249, 22, 2, 43, 15, 0
1249, 22, 3, 43, 48, 0
1249, 22, 3, 43, 50, 0
1249, 22, 3, 44, 52, 0
1249, 22, 3, 45, 3, 0
1249, 22, 2, 45, 55, 0
1249, 22, 0, 46, 3, 0
1249, 22, 2, 46, 10, 0
1249, 22, 2, 46, 46, 0
1249, 22, 2, 47, 4, 0
1249, 22, 3, 47, 18, 0
1249, 22, 1, 47, 50, 0
1249, 22, 1, 47, 54, 0
1249, 22, 1, 48, 7, 0
1249, 22, 0, 48, 19, 0
1249, 22, 1, 48, 23, 0
1249, 22, 2, 48, 36, 0
1249, 22, 1, 48, 39, 0
1249, 22, 0, 48, 43, 0
1249, 22, 0, 48, 47, 0
1249, 22, 3, 49, 11, 0
1249, 22, 0, 50, 4, 0
1249, 22, 0, 50, 14, 0
1249, 22, 0, 50, 21, 0
1249, 22, 1, 50, 37, 0
1249, 22, 0, 50, 41, 0
1249, 22, 0, 50, 51, 0
1249, 22, 1, 51, 7, 0
1249, 22, 3, 51, 15, 0
1249, 22, 3, 51, 18, 0
1249, 22, 2, 51, 35, 0
1249, 22, 3, 52, 6, 0
1249, 22, 2, 52, 7, 0
1249, 22, 2, 52, 16, 0
1249, 22, 3, 52, 39, 0
1249, 22, 1, 52, 56, 0
1249, 22, 1, 53, 11, 0
1249, 22, 1, 53, 12, 0
1249, 22, 3, 53, 36, 0
1249, 22, 1, 53, 50, 0
1249, 22, 3, 53, 54, 0
1249, 22, 2, 54, 56, 0
1249, 22, 2, 55, 2, 0
1249, 22, 2, 55, 13, 0
1249, 22, 1, 55, 18, 0
1249, 22, 2, 55, 22, 0
1249, 22, 2, 55, 35, 0
1249, 22, 3, 56, 1, 0
1249, 22, 1, 56, 51, 0
1249, 22, 0, 56, 53, 0
1249, 22, 2, 57, 50, 0
1249, 22, 1, 58, 6, 0
1249, 22, 3, 58, 21, 0
1249, 22, 3, 58, 48, 0
1249, 22, 1, 59, 42, 0
1249, 22, 0, 60, 11, 0
1249, 22, 3, 60, 17, 0
1249, 22, 2, 60, 18, 0
1249, 22, 2, 60, 21, 0
1249, 22, 3, 60, 25, 0
1249, 22, 1, 60, 33, 0
1249, 22, 0, 61, 6, 0
1249, 22, 1, 61, 10, 0
1249, 22, 0, 61, 15, 0
1249, 22, 3, 61, 27, 0
1249, 22, 2, 61, 29, 0
1249, 22, 3, 61, 36, 0
1249, 22, 2, 61, 38, 0
1249, 22, 0, 62, 4, 0
1249, 22, 2, 62, 24, 0
1249, 22, 3, 62, 31, 0
1249, 22, 0, 62, 35, 0
1249, 22, 2, 62, 40, 0
1249, 22, 0, 62, 44, 0
1249, 22, 0, 63, 33, 0
1249, 22, 1, 63, 42, 0
1250, 22, 3, 2, 13, 0
1250, 22, 0, 3, 13, 0
1250, 22, 3, 3, 29, 0
1250, 22, 2, 3, 30, 0
1250, 22, 0, 3, 32, 0
1250, 22, 3, 5, 4, 0
1250, 22, 3, 5, 11, 0
1250, 22, 3, 5, 15, 0
1250, 22, 2, 5, 30, 0
1250, 22, 1, 5, 31, 0
1250, 22, 2, 6, 4, 0
1250, 22, 0, 6, 11, 0
1250, 22, 1, 6, 14, 0
1250, 22, 1, 7, 12, 0
1250, 22, 0, 7, 34, 0
1250, 22, 2, 8, 10, 0
1250, 22, 2, 8, 40, 0
1250, 22, 2, 9, 29, 0
1250, 22, 2, 9, 32, 0
1250, 22, 3, 9, 40, 0
1250, 22, 3, 10, 22, 0
1250, 22, 0, 10, 45, 0
1250, 22, 2, 10, 46, 0
1250, 22, 1, 11, 3, 0
1250, 22, 2, 11, 13, 0
1250, 22, 3, 11, 16, 0
1250, 22, 1, 11, 21, 0
1250, 22, 0, 11, 23, 0
1250, 22, 1, 11, 44, 0
1250, 22, 2, 12, 13, 0
1250, 22, 0, 12, 15, 0
1250, 22, 0, 12, 18, 0
1250, 22, 3, 12, 22, 0
1250, 22, 0, 12, 46, 0
1250, 22, 3, 12, 47, 0
1250, 22, 1, 12, 49, 0
1250, 22, 3, 13, 7, 0
1250, 22, 0, 13, 11, 0
1250, 22, 2, 13, 14, 0
1250, 22, 2, 13, 15, 0
1250, 22, 3, 13, 16, 0
1250, 22, 1, 13, 17, 0
1250, 22, 1, 13, 21, 0
1250, 22, 1, 13, 22, 0
1250, 22, 1, 13, 40, 0
1250, 22, 2, 13, 44, 0
1250, 22, 1, 13, 46, 0
1250, 22, 2, 13, 48, 0
1250, 22, 3, 13, 50, 0
1250, 22, 3, 13, 52, 0
1250, 22, 1, 14, 7, 0
1250, 22, 0, 14, 9, 0
1250, 22, 0, 14, 10, 0
1250, 22, 1, 14, 11, 0
1250, 22, 2, 14, 27, 0
1250, 22, 2, 14, 39, 0
1250, 22, 1, 14, 42, 0
1250, 22, 3, 14, 45, 0
1250, 22, 2, 14, 46, 0
1250, 22, 0, 14, 49, 0
1250, 22, 2, 14, 54, 0
1250, 22, 1, 15, 1, 0
1250, 22, 0, 15, 2, 0
1250, 22, 1, 15, 13, 0
1250, 22, 1, 15, 15, 0
1250, 22, 2, 15, 22, 0
1250, 22, 3, 15, 38, 0
1250, 22, 0, 15, 39, 0
1250, 22, 1, 15, 44, 0
1250, 22, 0, 15, 45, 0
1250, 22, 0, 15, 54, 0
1250, 22, 3, 15, 56, 0
1250, 22, 2, 15, 58, 0
1250, 22, 2, 16, 12, 0
1250, 22, 0, 16, 16, 0
1250, 22, 3, 16, 19, 0
1250, 22, 3, 16, 21, 0
1250, 22, 2, 16, 26, 0
1250, 22, 1, 16, 49, 0
1250, 22, 2, 16, 56, 0
1250, 22, 1, 17, 13, 0
1250, 22, 3, 17, 16, 0
1250, 22, 2, 17, 17, 0
1250, 22, 3, 17, 26, 0
1250, 22, 3, 17, 28, 0
1250, 22, 1, 17, 55, 0
1250, 22, 0, 17, 58, 0
1250, 22, 3, 18, 12, 0
1250, 22, 0, 18, 19, 0
1250, 22, 2, 18, 23, 0
1250, 22, 1, 18, 28, 0
1250, 22, 0, 18, 29, 0
1250, 22, 0, 18, 42, 0
1250, 22, 2, 18, 43, 0
1250, 22, 2, 18, 50, 0
1250, 22, 1, 18, 51, 0
1250, 22, 0, 18, 52, 0
1250, 22, 3, 18, 53, 0
1250, 22, 2, 18, 55, 0
1250, 22, 2, 18, 56, 0
1250, 22, 0, 19, 3, 0
1250, 22, 1, 19, 4, 0
1250, 22, 3, 19, 5, 0
1250, 22, 2, 19, 6, 0
1250, 22, 1, 19, 13, 0
1250, 22, 0, 19, 23, 0
1250, 22, 1, 19, 36, 0
1250, 22, 0, 19, 37, 0
1250, 22, 3, 19, 39, 0
1250, 22, 0, 19, 51, 0
1250, 22, 2, 19, 52, 0
1250, 22, 1, 19, 53, 0
1250, 22, 3, 19, 55, 0
1250, 22, 3, 19, 57, 0
1250, 22, 3, 20, 1, 0
1250, 22, 3, 20, 3, 0
1250, 22, 2, 20, 4, 0
1250, 22, 0, 20, 24, 0
1250, 22, 0, 20, 25, 0
1250, 22, 2, 20, 36, 0
1250, 22, 0, 20, 38, 0
1250, 22, 0, 20, 40, 0
1250, 22, 2, 20, 48, 0
1250, 22, 1, 20, 52, 0
1250, 22, 1, 20, 55, 0
1250, 22, 0, 20, 57, 0
1250, 22, 0, 21, 1, 0
1250, 22, 0, 21, 6, 0
1250, 22, 3, 21, 20, 0
1250, 22, 2, 21, 38, 0
1250, 22, 2, 21, 42, 0
1250, 22, 1, 21, 43, 0
1250, 22, 3, 21, 47, 0
1250, 22, 2, 21, 51, 0
1250, 22, 1, 21, 55, 0
1250, 22, 2, 21, 58, 0
1250, 22, 1, 21, 59, 0
1250, 22, 3, 22, 0, 0
1250, 22, 1, 22, 6, 0
1250, 22, 2, 22, 8, 0
1250, 22, 2, 22, 21, 0
1250, 22, 1, 22, 22, 0
1250, 22, 3, 22, 37, 0
1250, 22, 0, 22, 39, 0
1250, 22, 1, 22, 42, 0
1250, 22, 3, 22, 45, 0
1250, 22, 3, 22, 54, 0
1250, 22, 3, 22, 57, 0
1250, 22, 0, 22, 59, 0
1250, 22, 3, 23, 4, 0
1250, 22, 3, 23, 5, 0
1250, 22, 0, 23, 7, 0
1250, 22, 0, 23, 13, 0
1250, 22, 3, 23, 17, 0
1250, 22, 0, 23, 24, 0
1250, 22, 3, 23, 38, 0
1250, 22, 1, 23, 53, 0
1250, 22, 0, 23, 54, 0
1250, 22, 1, 23, 56, 0
1250, 22, 0, 23, 57, 0
1250, 22, 0, 24, 4, 0
1250, 22, 3, 24, 9, 0
1250, 22, 2, 24, 54, 0
1250, 22, 2, 24, 55, 0
1250, 22, 0, 24, 57, 0
1250, 22, 2, 24, 60, 0
1250, 22, 2, 25, 8, 0
1250, 22, 0, 25, 12, 0
1250, 22, 0, 25, 15, 0
1250, 22, 2, 25, 17, 0
1250, 22, 3, 25, 23, 0
1250, 22, 3, 25, 54, 0
1250, 22, 1, 25, 57, 0
1250, 22, 2, 25, 58, 0
1250, 22, 3, 25, 59, 0
1250, 22, 1, 26, 4, 0
1250, 22, 1, 26, 7, 0
1250, 22, 1, 26, 12, 0
1250, 22, 1, 26, 17, 0
1250, 22, 2, 26, 20, 0
1250, 22, 0, 26, 48, 0
1250, 22, 1, 26, 52, 0
1250, 22, 0, 26, 54, 0
1250, 22, 0, 26, 55, 0
1250, 22, 0, 26, 58, 0
1250, 22, 0, 27, 19, 0
1250, 22, 2, 27, 24, 0
1250, 22, 2, 27, 47, 0
1250, 22, 0, 27, 56, 0
1250, 22, 3, 27, 57, 0
1250, 22, 0, 28, 3, 0
1250, 22, 1, 28, 18, 0
1250, 22, 1, 28, 22, 0
1250, 22, 3, 28, 23, 0
1250, 22, 3, 28, 48, 0
1250, 22, 1, 28, 53, 0
1250, 22, 0, 28, 55, 0
1250, 22, 1, 28, 58, 0
1250, 22, 2, 29, 1, 0
1250, 22, 2, 29, 4, 0
1250, 22, 2, 29, 11, 0
1250, 22, 2, 29, 21, 0
1250, 22, 0, 29, 23, 0
1250, 22, 0, 29, 49, 0
1250, 22, 3, 29, 55, 0
1250, 22, 0, 29, 57, 0
1250, 22, 2, 29, 58, 0
1250, 22, 3, 30, 1, 0
1250, 22, 1, 30, 5, 0
1250, 22, 1, 30, 6, 0
1250, 22, 1, 30, 10, 0
1250, 22, 1, 30, 12, 0
1250, 22, 2, 30, 18, 0
1250, 22, 0, 30, 19, 0
1250, 22, 1, 30, 21, 0
1250, 22, 1, 30, 22, 0
1250, 22, 1, 30, 49, 0
1250, 22, 2, 30, 54, 0
1250, 22, 2, 30, 56, 0
1250, 22, 1, 30, 57, 0
1250, 22, 3, 31, 3, 0
1250, 22, 2, 31, 4, 0
1250, 22, 0, 31, 20, 0
1250, 22, 2, 31, 48, 0
1250, 22, 3, 31, 55, 0
1250, 22, 3, 31, 56, 0
1250, 22, 1, 32, 0, 0
1250, 22, 1, 32, 1, 0
1250, 22, 1, 32, 10, 0
1250, 22, 2, 32, 13, 0
1250, 22, 0, 32, 16, 0
1250, 22, 1, 32, 17, 0
1250, 22, 1, 32, 18, 0
1250, 22, 2, 32, 19, 0
1250, 22, 3, 32, 21, 0
1250, 22, 2, 32, 22, 0
1250, 22, 3, 32, 48, 0
1250, 22, 0, 32, 54, 0
1250, 22, 2, 32, 57, 0
1250, 22, 0, 33, 2, 0
1250, 22, 2, 33, 8, 0
1250, 22, 3, 33, 9, 0
1250, 22, 0, 33, 11, 0
1250, 22, 1, 33, 12, 0
1250, 22, 3, 33, 13, 0
1250, 22, 3, 33, 18, 0
1250, 22, 2, 33, 19, 0
1250, 22, 0, 33, 49, 0
1250, 22, 3, 33, 56, 0
1250, 22, 3, 34, 4, 0
1250, 22, 2, 34, 5, 0
1250, 22, 3, 34, 9, 0
1250, 22, 0, 34, 10, 0
1250, 22, 3, 34, 16, 0
1250, 22, 3, 34, 17, 0
1250, 22, 3, 34, 18, 0
1250, 22, 2, 34, 20, 0
1250, 22, 3, 34, 21, 0
1250, 22, 1, 34, 49, 0
1250, 22, 3, 34, 54, 0
1250, 22, 1, 35, 4, 0
1250, 22, 0, 35, 6, 0
1250, 22, 1, 35, 11, 0
1250, 22, 0, 35, 12, 0
1250, 22, 2, 35, 17, 0
1250, 22, 1, 35, 18, 0
1250, 22, 2, 35, 48, 0
1250, 22, 2, 35, 55, 0
1250, 22, 3, 36, 4, 0
1250, 22, 1, 36, 53, 0
1250, 22, 1, 36, 56, 0
1250, 22, 1, 37, 46, 0
1250, 22, 3, 37, 47, 0
1250, 22, 1, 37, 51, 0
1250, 22, 1, 37, 52, 0
1250, 22, 0, 37, 55, 0
1250, 22, 2, 38, 50, 0
1250, 22, 0, 38, 52, 0
1250, 22, 1, 38, 54, 0
1250, 22, 3, 38, 56, 0
1250, 22, 2, 39, 7, 0
1250, 22, 2, 39, 8, 0
1250, 22, 0, 39, 9, 0
1250, 22, 0, 39, 10, 0
1250, 22, 2, 39, 21, 0
1250, 22, 1, 39, 53, 0
1250, 22, 0, 39, 54, 0
1250, 22, 2, 39, 55, 0
1250, 22, 0, 40, 22, 0
1250, 22, 3, 40, 50, 0
1250, 22, 2, 40, 53, 0
1250, 22, 2, 40, 54, 0
1250, 22, 3, 41, 21, 0
1250, 22, 3, 41, 53, 0
1250, 22, 1, 41, 55, 0
1250, 22, 3, 41, 56, 0
1250, 22, 2, 41, 58, 0
1250, 22, 3, 42, 8, 0
1250, 22, 2, 42, 9, 0
1250, 22, 3, 42, 12, 0
1250, 22, 2, 42, 22, 0
1250, 22, 0, 42, 23, 0
1250, 22, 0, 42, 48, 0
1250, 22, 0, 42, 53, 0
1250, 22, 0, 42, 56, 0
1250, 22, 1, 42, 58, 0
1250, 22, 2, 43, 9, 0
1250, 22, 1, 43, 10, 0
1250, 22, 0, 43, 11, 0
1250, 22, 1, 43, 47, 0
1250, 22, 3, 43, 57, 0
1250, 22, 3, 43, 58, 0
1250, 22, 2, 44, 13, 0
1250, 22, 1, 44, 15, 0
1250, 22, 1, 44, 16, 0
1250, 22, 3, 44, 56, 0
1250, 22, 1, 44, 57, 0
1250, 22, 0, 44, 58, 0
1250, 22, 0, 45, 13, 0
1250, 22, 3, 45, 17, 0
1250, 22, 0, 45, 47, 0
1250, 22, 2, 45, 51, 0
1250, 22, 0, 45, 52, 0
1250, 22, 2, 45, 56, 0
1250, 22, 3, 46, 2, 0
1250, 22, 2, 46, 5, 0
1250, 22, 1, 46, 6, 0
1250, 22, 2, 46, 12, 0
1250, 22, 1, 46, 13, 0
1250, 22, 3, 46, 51, 0
1250, 22, 0, 47, 6, 0
1250, 22, 0, 47, 7, 0
1250, 22, 0, 47, 11, 0
1250, 22, 1, 47, 24, 0
1250, 22, 3, 47, 47, 0
1250, 22, 2, 48, 5, 0
1250, 22, 1, 48, 13, 0
1250, 22, 2, 48, 24, 0
1250, 22, 2, 48, 34, 0
1250, 22, 0, 48, 50, 0
1250, 22, 3, 48, 53, 0
1250, 22, 2, 49, 3, 0
1250, 22, 1, 49, 4, 0
1250, 22, 2, 49, 6, 0
1250, 22, 3, 49, 8, 0
1250, 22, 2, 49, 10, 0
1250, 22, 1, 49, 33, 0
1250, 22, 0, 49, 35, 0
1250, 22, 1, 49, 38, 0
1250, 22, 3, 49, 41, 0
1250, 22, 1, 49, 42, 0
1250, 22, 3, 49, 44, 0
1250, 22, 2, 49, 51, 0
1250, 22, 3, 49, 52, 0
1250, 22, 3, 50, 7, 0
1250, 22, 3, 50, 16, 0
1250, 22, 1, 50, 18, 0
1250, 22, 0, 50, 34, 0
1250, 22, 1, 50, 36, 0
1250, 22, 0, 50, 40, 0
1250, 22, 2, 50, 42, 0
1250, 22, 0, 50, 43, 0
1250, 22, 2, 50, 44, 0
1250, 22, 3, 50, 49, 0
1250, 22, 2, 50, 50, 0
1250, 22, 3, 51, 36, 0
1250, 22, 0, 51, 41, 0
1250, 22, 1, 51, 48, 0
1250, 22, 1, 51, 50, 0
1250, 22, 1, 52, 41, 0
1250, 22, 0, 52, 50, 0
1250, 22, 1, 53, 24, 0
1250, 22, 1, 53, 34, 0
1250, 22, 2, 53, 40, 0
1250, 22, 0, 53, 48, 0
1250, 22, 2, 54, 22, 0
1250, 22, 0, 54, 23, 0
1250, 22, 1, 54, 33, 0
1250, 22, 2, 54, 36, 0
1250, 22, 3, 55, 0, 0
1250, 22, 3, 55, 21, 0
1250, 22, 3, 55, 23, 0
1250, 22, 3, 55, 24, 0
1250, 22, 0, 56, 2, 0
1250, 22, 3, 56, 33, 0
1250, 22, 2, 56, 34, 0
1250, 22, 2, 58, 2, 0
1250, 22, 2, 58, 3, 0
1250, 22, 3, 58, 4, 0
1250, 22, 0, 58, 14, 0
1250, 22, 3, 58, 15, 0
1250, 22, 3, 58, 16, 0
1250, 22, 2, 58, 17, 0
1250, 22, 1, 59, 4, 0
1250, 22, 0, 59, 6, 0
1250, 22, 1, 59, 14, 0
1250, 22, 0, 59, 16, 0
1250, 22, 2, 59, 18, 0
1250, 22, 2, 59, 26, 0
1250, 22, 3, 60, 2, 0
1250, 22, 1, 60, 5, 0
1250, 22, 2, 60, 15, 0
1250, 22, 3, 60, 16, 0
1250, 22, 0, 60, 26, 0
1250, 22, 3, 60, 27, 0
1250, 22, 3, 60, 31, 0
1250, 22, 0, 60, 32, 0
1250, 22, 0, 60, 37, 0
1250, 22, 2, 60, 38, 0
1250, 22, 2, 60, 39, 0
1250, 22, 1, 60, 40, 0
1250, 22, 0, 60, 43, 0
1250, 22, 0, 61, 16, 0
1250, 22, 0, 61, 25, 0
1250, 22, 3, 61, 30, 0
1250, 22, 2, 61, 32, 0
1250, 22, 1, 61, 33, 0
1250, 22, 0, 61, 41, 0
1250, 22, 1, 62, 25, 0
1250, 22, 1, 62, 41, 0
1250, 22, 2, 62, 42, 0
1250, 22, 3, 63, 43, 0
1282, 10, 0, 2, 29, 0
1282, 10, 2, 3, 49, 0
1282, 10, 1, 4, 28, 0
1282, 10, 3, 4, 47, 0
1282, 10, 0, 6, 52, 0
1282, 10, 2, 7, 28, 0
1282, 10, 2, 7, 32, 0
1282, 10, 3, 7, 39, 0
1282, 10, 2, 7, 51, 0
1282, 10, 0, 8, 21, 0
1282, 10, 3, 8, 27, 0
1282, 10, 3, 8, 32, 0
1282, 10, 0, 8, 38, 0
1282, 10, 2, 8, 50, 0
1282, 10, 3, 8, 55, 0
1282, 10, 2, 9, 19, 0
1282, 10, 1, 9, 22, 0
1282, 10, 2, 10, 3, 0
1282, 10, 2, 10, 56, 0
1282, 10, 2, 11, 47, 0
1282, 10, 0, 12, 15, 0
1282, 10, 1, 12, 16, 0
1282, 10, 3, 12, 44, 0
1282, 10, 3, 12, 45, 0
1282, 10, 2, 12, 48, 0
1282, 10, 1, 13, 13, 0
1282, 10, 3, 13, 39, 0
1282, 10, 0, 13, 42, 0
1282, 10, 1, 13, 43, 0
1282, 10, 0, 13, 44, 0
1282, 10, 1, 13, 47, 0
1282, 10, 0, 13, 51, 0
1282, 10, 2, 14, 16, 0
1282, 10, 0, 14, 17, 0
1282, 10, 2, 14, 52, 0
1282, 10, 3, 14, 53, 0
1282, 10, 0, 15, 12, 0
1282, 10, 3, 15, 44, 0
1282, 10, 1, 15, 49, 0
1282, 10, 2, 15, 51, 0
1282, 10, 3, 15, 55, 0
1282, 10, 1, 16, 13, 0
1282, 10, 2, 16, 15, 0
1282, 10, 3, 16, 17, 0
1282, 10, 0, 16, 26, 0
1282, 10, 3, 16, 28, 0
1282, 10, 1, 16, 50, 0
1282, 10, 0, 16, 53, 0
1282, 10, 3, 17, 14, 0
1282, 10, 3, 17, 18, 0
1282, 10, 2, 17, 29, 0
1282, 10, 2, 17, 52, 0
1282, 10, 0, 17, 56, 0
1282, 10, 1, 18, 13, 0
1282, 10, 2, 18, 24, 0
1282, 10, 3, 18, 42, 0
1282, 10, 1, 18, 54, 0
1282, 10, 2, 19, 1, 0
1282, 10, 1, 19, 36, 0
1282, 10, 2, 19, 37, 0
1282, 10, 1, 19, 55, 0
1282, 10, 2, 19, 56, 0
1282, 10, 2, 20, 5, 0
1282, 10, 2, 20, 8, 0
1282, 10, 2, 20, 20, 0
1282, 10, 3, 20, 23, 0
1282, 10, 3, 20, 39, 0
1282, 10, 3, 20, 47, 0
1282, 10, 3, 20, 54, 0
1282, 10, 3, 21, 4, 0
1282, 10, 2, 21, 7, 0
1282, 10, 0, 21, 21, 0
1282, 10, 0, 21, 23, 0
1282, 10, 1, 21, 38, 0
1282, 10, 1, 22, 1, 0
1282, 10, 1, 22, 5, 0
1282, 10, 2, 22, 13, 0
1282, 10, 2, 22, 20, 0
1282, 10, 0, 22, 36, 0
1282, 10, 0, 22, 40, 0
1282, 10, 3, 22, 41, 0
1282, 10, 2, 22, 43, 0
1282, 10, 2, 22, 53, 0
1282, 10, 1, 22, 55, 0
1282, 10, 3, 23, 2, 0
1282, 10, 3, 23, 6, 0
1282, 10, 1, 23, 16, 0
1282, 10, 2, 23, 19, 0
1282, 10, 3, 23, 21, 0
1282, 10, 2, 23, 39, 0
1282, 10, 2, 23, 44, 0
1282, 10, 0, 23, 54, 0
1282, 10, 0, 24, 2, 0
1282, 10, 0, 24, 5, 0
1282, 10, 1, 24, 8, 0
1282, 10, 1, 24, 12, 0
1282, 10, 2, 24, 22, 0
1282, 10, 3, 25, 4, 0
1282, 10, 0, 25, 7, 0
1282, 10, 3, 25, 11, 0
1282, 10, 0, 25, 13, 0
1282, 10, 1, 25, 20, 0
1282, 10, 1, 25, 21, 0
1282, 10, 3, 26, 15, 0
1282, 10, 0, 26, 22, 0
1282, 10, 3, 26, 56, 0
1282, 10, 3, 27, 20, 0
1282, 10, 1, 27, 23, 0
1282, 10, 0, 27, 55, 0
1282, 10, 3, 28, 2, 0
1282, 10, 1, 28, 19, 0
1282, 10, 0, 28, 21, 0
1282, 10, 1, 28, 47, 0
1282, 10, 1, 28, 56, 0
1282, 10, 3, 28, 61, 0
1282, 10, 1, 29, 3, 0
1282, 10, 1, 29, 10, 0
1282, 10, 1, 29, 18, 0
1282, 10, 0, 29, 48, 0
1282, 10, 2, 30, 4, 0
1282, 10, 2, 30, 61, 0
1282, 10, 0, 31, 54, 0
1282, 10, 2, 31, 62, 0
1282, 10, 1, 32, 3, 0
1282, 10, 1, 32, 11, 0
1282, 10, 2, 32, 16, 0
1282, 10, 3, 32, 19, 0
1282, 10, 0, 33, 4, 0
1282, 10, 3, 33, 8, 0
1282, 10, 1, 33, 16, 0
1282, 10, 3, 33, 48, 0
1282, 10, 1, 34, 3, 0
1282, 10, 2, 34, 7, 0
1282, 10, 0, 34, 12, 0
1282, 10, 0, 34, 17, 0
1282, 10, 0, 34, 19, 0
1282, 10, 1, 35, 19, 0
1282, 10, 0, 35, 54, 0
1282, 10, 1, 36, 55, 0
1282, 10, 1, 38, 14, 0
1282, 10, 1, 38, 52, 0
1282, 10, 3, 38, 53, 0
1282, 10, 0, 38, 55, 0
1282, 10, 1, 39, 7, 0
1282, 10, 3, 39, 9, 0
1282, 10, 2, 39, 13, 0
1282, 10, 3, 39, 16, 0
1282, 10, 2, 39, 51, 0
1282, 10, 3, 39, 52, 0
1282, 10, 3, 40, 8, 0
1282, 10, 2, 40, 21, 0
1282, 10, 1, 41, 13, 0
1282, 10, 2, 41, 53, 0
1282, 10, 3, 41, 55, 0
1282, 10, 2, 42, 6, 0
1282, 10, 2, 42, 14, 0
1282, 10, 2, 42, 57, 0
1282, 10, 1, 44, 19, 0
1282, 10, 0, 44, 51, 0
1282, 10, 3, 45, 2, 0
1282, 10, 2, 45, 10, 0
1282, 10, 2, 45, 18, 0
1282, 10, 2, 45, 20, 0
1282, 10, 2, 46, 0, 0
1282, 10, 0, 46, 5, 0
1282, 10, 1, 46, 11, 0
1282, 10, 1, 46, 52, 0
1282, 10, 2, 47, 6, 0
1282, 10, 3, 47, 10, 0
1282, 10, 0, 47, 13, 0
1282, 10, 1, 47, 17, 0
1282, 10, 1, 47, 51, 0
1282, 10, 1, 48, 5, 0
1282, 10, 1, 48, 10, 0
1282, 10, 3, 48, 20, 0
1282, 10, 1, 48, 33, 0
1282, 10, 2, 48, 35, 0
1282, 10, 3, 48, 38, 0
1282, 10, 1, 48, 42, 0
1282, 10, 0, 48, 51, 0
1282, 10, 3, 49, 0, 0
1282, 10, 0, 49, 20, 0
1282, 10, 0, 49, 36, 0
1282, 10, 3, 49, 40, 0
1282, 10, 2, 49, 43, 0
1282, 10, 0, 49, 50, 0
1282, 10, 0, 50, 1, 0
1282, 10, 2, 50, 3, 0
1282, 10, 1, 50, 13, 0
1282, 10, 3, 50, 17, 0
1282, 10, 1, 51, 5, 0
1282, 10, 2, 51, 6, 0
1282, 10, 0, 51, 11, 0
1282, 10, 2, 51, 14, 0
1282, 10, 0, 51, 39, 0
1282, 10, 3, 51, 49, 0
1282, 10, 3, 51, 55, 0
1282, 10, 0, 52, 13, 0
1282, 10, 1, 52, 53, 0
1282, 10, 3, 53, 14, 0
1282, 10, 2, 53, 35, 0
1282, 10, 0, 53, 55, 0
1282, 10, 3, 54, 11, 0
1282, 10, 2, 54, 13, 0
1282, 10, 1, 54, 17, 0
1282, 10, 0, 54, 34, 0
1282, 10, 1, 54, 52, 0
1282, 10, 3, 54, 53, 0
1282, 10, 3, 55, 33, 0
1282, 10, 1, 55, 52, 0
1282, 10, 2, 55, 53, 0
1282, 10, 3, 56, 50, 0
1282, 10, 0, 57, 48, 0
1282, 10, 1, 58, 16, 0
1282, 10, 3, 59, 20, 0
1282, 10, 0, 60, 15, 0
1282, 10, 2, 60, 26, 0
1282, 10, 3, 60, 37, 0
1282, 10, 3, 61, 24, 0
1282, 10, 2, 61, 31, 0
1282, 10, 0, 61, 35, 0
1282, 10, 3, 61, 40, 0
1282, 10, 1, 62, 32, 0
1282, 10, 2, 62, 42, 0
1283, 10, 2, 3, 31, 0
1283, 10, 0, 4, 29, 0
1283, 10, 1, 4, 30, 0
1283, 10, 2, 5, 10, 0
1283, 10, 3, 5, 48, 0
1283, 10, 1, 7, 10, 0
1283, 10, 0, 7, 11, 0
1283, 10, 0, 7, 33, 0
1283, 10, 0, 7, 52, 0
1283, 10, 1, 7, 53, 0
1283, 10, 1, 8, 28, 0
1283, 10, 3, 8, 39, 0
1283, 10, 3, 9, 20, 0
1283, 10, 3, 9, 52, 0
1283, 10, 3, 10, 21, 0
1283, 10, 2, 10, 59, 0
1283, 10, 2, 11, 22, 0
1283, 10, 0, 11, 45, 0
1283, 10, 3, 13, 18, 0
1283, 10, 0, 13, 27, 0
1283, 10, 2, 15, 14, 0
1283, 10, 2, 15, 18, 0
1283, 10, 1, 15, 21, 0
1283, 10, 2, 15, 50, 0
1283, 10, 0, 16, 54, 0
1283, 10, 2, 17, 27, 0
1283, 10, 1, 17, 53, 0
1283, 10, 3, 20, 36, 0
1283, 10, 2, 20, 51, 0
1283, 10, 1, 22, 4, 0
1283, 10, 0, 22, 7, 0
1283, 10, 0, 22, 14, 0
1283, 10, 1, 22, 23, 0
1283, 10, 2, 22, 37, 0
1283, 10, 3, 22, 56, 0
1283, 10, 2, 23, 22, 0
1283, 10, 3, 23, 36, 0
1283, 10, 1, 23, 40, 0
1283, 10, 0, 23, 43, 0
1283, 10, 3, 24, 14, 0
1283, 10, 3, 24, 15, 0
1283, 10, 2, 25, 16, 0
1283, 10, 3, 26, 47, 0
1283, 10, 1, 26, 51, 0
1283, 10, 3, 28, 54, 0
1283, 10, 0, 29, 46, 0
1283, 10, 0, 29, 56, 0
1283, 10, 2, 29, 62, 0
1283, 10, 3, 30, 2, 0
1283, 10, 1, 30, 47, 0
1283, 10, 2, 30, 55, 0
1283, 10, 0, 31, 1, 0
1283, 10, 2, 32, 2, 0
1283, 10, 2, 32, 9, 0
1283, 10, 0, 32, 17, 0
1283, 10, 2, 32, 47, 0
1283, 10, 0, 32, 61, 0
1283, 10, 2, 33, 10, 0
1283, 10, 1, 33, 18, 0
1283, 10, 2, 33, 60, 0
1283, 10, 1, 33, 61, 0
1283, 10, 0, 34, 60, 0
1283, 10, 3, 35, 11, 0
1283, 10, 1, 35, 47, 0
1283, 10, 0, 36, 46, 0
1283, 11, 0, 39, 5, 0
1283, 10, 0, 39, 54, 0
1283, 10, 3, 40, 14, 0
1283, 10, 2, 40, 56, 0
1283, 10, 2, 41, 7, 0
1283, 11, 1, 41, 16, 0
1283, 10, 3, 41, 57, 0
1283, 10, 1, 42, 9, 0
1283, 10, 3, 42, 47, 0
1283, 10, 1, 42, 50, 0
1283, 10, 3, 44, 55, 0
1283, 10, 3, 45, 12, 0
1283, 10, 1, 46, 3, 0
1283, 10, 1, 46, 19, 0
1283, 10, 3, 46, 20, 0
1283, 10, 0, 46, 50, 0
1283, 10, 1, 46, 53, 0
1283, 10, 0, 47, 4, 0
1283, 10, 0, 47, 11, 0
1283, 10, 0, 47, 19, 0
1283, 10, 0, 48, 1, 0
1283, 10, 2, 48, 3, 0
1283, 10, 3, 49, 4, 0
1283, 10, 3, 49, 34, 0
1283, 10, 0, 49, 37, 0
1283, 10, 3, 50, 15, 0
1283, 10, 2, 50, 35, 0
1283, 10, 0, 51, 16, 0
1283, 10, 0, 51, 54, 0
1283, 10, 0, 52, 11, 0
1283, 10, 1, 52, 17, 0
1283, 10, 2, 53, 15, 0
1283, 10, 1, 53, 33, 0
1283, 10, 1, 57, 49, 0
1283, 10, 3, 58, 3, 0
1283, 10, 2, 58, 5, 0
1283, 10, 3, 59, 4, 0
1283, 10, 1, 59, 17, 0
1283, 10, 2, 59, 25, 0
1283, 10, 0, 59, 41, 0
1283, 10, 1, 60, 5, 0
1283, 10, 3, 60, 32, 0
1283, 10, 1, 60, 41, 0
1283, 10, 2, 60, 42, 0
1283, 10, 0, 61, 3, 0
1283, 10, 3, 61, 43, 0
1289, 10, 0, 1, 28, 0
1289, 10, 1, 2, 21, 0
1289, 10, 3, 2, 31, 0
1289, 10, 0, 3, 19, 0
1289, 10, 2, 3, 28, 0
1289, 10, 2, 4, 21, 0
1289, 10, 2, 5, 32, 0
1289, 10, 3, 5, 39, 0
1289, 10, 3, 5, 51, 0
1289, 10, 0, 5, 55, 0
1289, 10, 2, 6, 9, 0
1289, 10, 0, 6, 12, 0
1289, 10, 1, 6, 21, 0
1289, 10, 3, 6, 24, 0
1289, 10, 0, 6, 38, 0
1289, 10, 2, 6, 47, 0
1289, 10, 2, 7, 9, 0
1289, 10, 0, 7, 23, 0
1289, 10, 2, 7, 25, 0
1289, 10, 1, 7, 27, 0
1289, 10, 3, 8, 9, 0
1289, 10, 2, 8, 19, 0
1289, 10, 1, 8, 23, 0
1289, 10, 1, 9, 54, 0
1289, 10, 2, 9, 57, 0
1289, 10, 3, 10, 26, 0
1289, 10, 2, 10, 29, 0
1289, 10, 1, 10, 51, 0
1289, 10, 1, 10, 54, 0
1289, 10, 3, 11, 55, 0
1289, 10, 3, 12, 3, 0
1289, 10, 1, 12, 5, 0
1289, 10, 0, 12, 8, 0
1289, 10, 3, 12, 14, 0
1289, 10, 2, 12, 18, 0
1289, 10, 0, 12, 43, 0
1289, 10, 0, 13, 2, 0
1289, 10, 1, 13, 9, 0
1289, 10, 0, 13, 12, 0
1289, 10, 0, 13, 41, 0
1289, 10, 0, 13, 50, 0
1289, 10, 0, 13, 54, 0
1289, 10, 1, 14, 12, 0
1289, 10, 0, 14, 15, 0
1289, 10, 3, 14, 21, 0
1289, 10, 2, 14, 22, 0
1289, 10, 1, 14, 49, 0
1289, 10, 2, 14, 59, 0
1289, 10, 2, 15, 10, 0
1289, 10, 3, 15, 11, 0
1289, 10, 1, 15, 41, 0
1289, 10, 0, 16, 11, 0
1289, 10, 1, 16, 20, 0
1289, 10, 2, 16, 30, 0
1289, 10, 3, 16, 57, 0
1289, 10, 1, 17, 12, 0
1289, 10, 0, 17, 21, 0
1289, 10, 3, 17, 31, 0
1289, 10, 1, 18, 2, 0
1289, 10, 2, 18, 3, 0
1289, 10, 0, 18, 16, 0
1289, 10, 1, 18, 17, 0
1289, 10, 2, 18, 26, 0
1289, 10, 1, 18, 31, 0
1289, 10, 0, 18, 32, 0
1289, 10, 3, 18, 58, 0
1289, 10, 3, 19, 53, 0
1289, 10, 3, 20, 3, 0
1289, 10, 0, 20, 4, 0
1289, 10, 2, 20, 7, 0
1289, 10, 1, 20, 22, 0
1289, 10, 0, 20, 25, 0
1289, 10, 0, 20, 53, 0
1289, 10, 3, 21, 19, 0
1289, 10, 1, 21, 53, 0
1289, 10, 2, 21, 57, 0
1289, 10, 2, 22, 9, 0
1289, 10, 2, 22, 16, 0
1289, 10, 3, 22, 17, 0
1289, 10, 0, 22, 19, 0
1289, 10, 0, 22, 58, 0
1289, 10, 1, 22, 59, 0
1289, 10, 1, 23, 9, 0
1289, 10, 0, 23, 12, 0
1289, 10, 3, 23, 58, 0
1289, 10, 2, 23, 59, 0
1289, 10, 2, 24, 1, 0
1289, 10, 1, 24, 4, 0
1289, 10, 1, 24, 24, 0
1289, 10, 2, 24, 25, 0
1289, 10, 2, 24, 46, 0
1289, 10, 2, 24, 53, 0
1289, 10, 0, 24, 56, 0
1289, 10, 1, 25, 19, 0
1289, 10, 0, 25, 46, 0
1289, 10, 3, 25, 47, 0
1289, 10, 3, 25, 55, 0
1289, 10, 2, 25, 56, 0
1289, 10, 0, 26, 3, 0
1289, 10, 1, 26, 6, 0
1289, 10, 0, 26, 9, 0
1289, 10, 3, 26, 24, 0
1289, 10, 3, 26, 46, 0
1289, 10, 3, 26, 58, 0
1289, 10, 3, 27, 2, 0
1289, 10, 2, 27, 3, 0
1289, 10, 0, 27, 5, 0
1289, 10, 3, 27, 7, 0
1289, 10, 3, 27, 13, 0
1289, 10, 2, 27, 19, 0
1289, 10, 2, 27, 46, 0
1289, 10, 0, 27, 58, 0
1289, 10, 3, 28, 4, 0
1289, 10, 0, 28, 10, 0
1289, 10, 0, 28, 25, 0
1289, 10, 1, 28, 46, 0
1289, 10, 1, 28, 58, 0
1289, 10, 3, 28, 63, 0
1289, 10, 1, 29, 24, 0
1289, 10, 3, 29, 25, 0
1289, 10, 0, 29, 60, 0
1289, 10, 1, 30, 12, 0
1289, 10, 0, 30, 20, 0
1289, 10, 3, 30, 21, 0
1289, 10, 1, 30, 59, 0
1289, 10, 0, 31, 49, 0
1289, 10, 2, 31, 57, 0
1289, 10, 3, 32, 5, 0
1289, 10, 2, 32, 13, 0
1289, 10, 1, 32, 21, 0
1289, 10, 1, 32, 49, 0
1289, 10, 3, 32, 56, 0
1289, 10, 0, 33, 1, 0
1289, 10, 3, 33, 13, 0
1289, 10, 3, 33, 50, 0
1289, 10, 2, 33, 63, 0
1289, 10, 2, 34, 21, 0
1289, 10, 0, 34, 46, 0
1289, 10, 3, 34, 47, 0
1289, 10, 2, 35, 5, 0
1289, 10, 1, 35, 22, 0
1289, 10, 2, 35, 46, 0
1289, 10, 2, 35, 49, 0
1289, 10, 3, 37, 54, 0
1289, 10, 0, 38, 6, 0
1289, 10, 0, 38, 13, 0
1289, 10, 3, 38, 16, 0
1289, 10, 0, 38, 21, 0
1289, 10, 0, 38, 59, 0
1289, 10, 3, 38, 61, 0
1289, 10, 3, 39, 22, 0
1289, 11, 3, 40, 11, 0
1289, 10, 2, 40, 59, 0
1289, 11, 1, 41, 4, 0
1289, 10, 2, 41, 5, 0
1289, 10, 1, 41, 6, 0
1289, 10, 1, 41, 10, 0
1289, 10, 1, 41, 47, 0
1289, 10, 0, 41, 60, 0
1289, 11, 0, 42, 11, 0
1289, 10, 2, 42, 18, 0
1289, 10, 1, 43, 2, 0
1289, 10, 3, 43, 8, 0
1289, 10, 0, 43, 13, 0
1289, 10, 0, 43, 46, 0
1289, 10, 1, 43, 55, 0
1289, 10, 0, 43, 56, 0
1289, 10, 3, 43, 60, 0
1289, 10, 2, 44, 2, 0
1289, 10, 0, 44, 57, 0
1289, 10, 2, 45, 1, 0
1289, 10, 1, 45, 24, 0
1289, 10, 1, 45, 46, 0
1289, 10, 1, 45, 53, 0
1289, 10, 2, 45, 54, 0
1289, 10, 2, 46, 24, 0
1289, 10, 2, 46, 47, 0
1289, 10, 3, 46, 55, 0
1289, 11, 2, 47, 9, 0
1289, 10, 3, 47, 46, 0
1289, 10, 0, 47, 53, 0
1289, 10, 3, 48, 0, 0
1289, 10, 3, 48, 25, 0
1289, 10, 2, 48, 37, 0
1289, 10, 1, 48, 40, 0
1289, 10, 1, 48, 44, 0
1289, 10, 0, 48, 45, 0
1289, 11, 3, 49, 9, 0
1289, 10, 3, 49, 45, 0
1289, 10, 2, 50, 6, 0
1289, 10, 3, 50, 39, 0
1289, 10, 0, 50, 42, 0
1289, 10, 2, 51, 0, 0
1289, 10, 2, 51, 38, 0
1289, 10, 1, 52, 1, 0
1289, 10, 0, 52, 2, 0
1289, 10, 0, 52, 4, 0
1289, 10, 0, 53, 3, 0
1289, 11, 1, 53, 10, 0
1289, 10, 3, 53, 21, 0
1289, 10, 2, 53, 23, 0
1289, 10, 2, 54, 6, 0
1289, 10, 3, 54, 7, 0
1289, 11, 3, 54, 8, 0
1289, 11, 0, 54, 10, 0
1289, 10, 1, 54, 19, 0
1289, 10, 0, 54, 51, 0
1289, 10, 0, 55, 15, 0
1289, 10, 3, 55, 16, 0
1289, 10, 0, 55, 23, 0
1289, 10, 1, 55, 51, 0
1289, 10, 0, 56, 32, 0
1289, 10, 2, 56, 49, 0
1289, 10, 2, 57, 16, 0
1289, 10, 0, 57, 40, 0
1289, 10, 1, 57, 44, 0
1289, 10, 0, 57, 52, 0
1289, 10, 2, 57, 56, 0
1289, 10, 1, 58, 15, 0
1289, 10, 3, 58, 38, 0
1289, 10, 3, 58, 51, 0
1289, 10, 2, 59, 8, 0
1289, 10, 2, 59, 14, 0
1289, 10, 3, 59, 19, 0
1289, 10, 2, 59, 27, 0
1289, 10, 3, 59, 43, 0
1289, 10, 1, 59, 53, 0
1289, 10, 1, 60, 3, 0
1289, 10, 2, 60, 24, 0
1289, 10, 3, 60, 31, 0
1289, 10, 0, 60, 40, 0
1289, 10, 3, 61, 7, 0
1289, 10, 1, 61, 14, 0
1289, 10, 0, 61, 17, 0
1289, 10, 3, 61, 23, 0
1289, 10, 0, 61, 30, 0
1289, 10, 1, 62, 5, 0
1289, 10, 2, 62, 6, 0
1289, 10, 1, 62, 26, 0
1289, 10, 1, 62, 29, 0
1289, 10, 2, 62, 37, 0
1289, 10, 3, 63, 31, 0
1289, 10, 3, 63, 41, 0
1530, 0, 1, 27, 38, 0
1530, 0, 2, 29, 43, 0
1530, 0, 1, 31, 35, 0
1530, 0, 1, 34, 40, 0
1530, 0, 3, 37, 30, 0
1530, 0, 2, 47, 28, 0
1530, 0, 1, 44, 33, 1
1530, 0, 2, 46, 28, 1
1530, 0, 0, 36, 36, 2
1531, 0, 1, 38, 30, 1
1531, 0, 1, 41, 39, 1
1602, 3, 0, 37, 2, 0
1602, 3, 1, 39, 2, 0
1621, 3, 0, 23, 28, 1
1621, 3, 0, 23, 32, 1
1621, 3, 0, 27, 28, 1
1621, 3, 0, 27, 32, 1
1621, 3, 0, 31, 28, 1
1621, 3, 0, 31, 32, 1
1624, 0, 1, 46, 40, 0
1624, 0, 3, 21, 28, 1
1624, 0, 1, 26, 28, 1
1624, 2, 1, 30, 32, 1
1624, 0, 1, 30, 35, 1
1624, 0, 1, 33, 28, 1
1625, 0, 1, 41, 40, 0
1625, 0, 1, 21, 31, 1
1625, 0, 0, 27, 29, 1
1625, 0, 1, 27, 35, 1
1625, 0, 0, 31, 27, 1
1626, 0, 1, 45, 40, 0
1626, 0, 3, 22, 28, 1
1626, 0, 1, 23, 31, 1
1626, 3, 1, 23, 33, 1
1626, 3, 0, 24, 28, 1
1626, 3, 0, 24, 31, 1
1626, 3, 0, 27, 31, 1
1626, 3, 0, 28, 28, 1
1626, 0, 1, 28, 35, 1
1626, 3, 0, 29, 28, 1
1626, 3, 1, 30, 29, 1
1626, 0, 2, 30, 30, 1
1626, 0, 1, 32, 28, 1
1626, 0, 1, 32, 32, 1
1629, 22, 1, 42, 40, 0
1629, 22, 1, 43, 40, 0
1629, 22, 1, 44, 40, 0
1629, 22, 0, 21, 29, 1
1629, 22, 2, 21, 33, 1
1629, 22, 1, 22, 27, 1
1629, 22, 1, 23, 28, 1
1629, 22, 1, 24, 28, 1
1629, 22, 0, 26, 30, 1
1629, 22, 0, 26, 31, 1
1629, 22, 2, 27, 33, 1
1629, 22, 2, 27, 34, 1
1629, 22, 1, 28, 28, 1
1629, 22, 0, 28, 30, 1
1629, 22, 3, 28, 32, 1
1629, 22, 1, 29, 28, 1
1629, 22, 1, 29, 35, 1
1629, 22, 1, 31, 32, 1
1629, 22, 3, 32, 30, 1
1630, 22, 0, 21, 30, 1
1630, 22, 1, 22, 31, 1
1630, 22, 2, 23, 33, 1
1630, 22, 1, 25, 28, 1
1630, 22, 0, 26, 29, 1
1630, 22, 2, 27, 32, 1
1630, 22, 3, 29, 32, 1
1630, 22, 1, 30, 28, 1
1631, 2, 3, 19, 26, 0
1631, 0, 0, 19, 27, 0
1631, 0, 0, 19, 28, 0
1631, 0, 0, 19, 29, 0
1631, 0, 0, 19, 30, 0
1631, 0, 0, 19, 31, 0
1631, 0, 0, 19, 32, 0
1631, 0, 0, 19, 33, 0
1631, 0, 0, 19, 34, 0
1631, 2, 0, 19, 35, 0
1631, 0, 3, 20, 26, 0
1631, 0, 1, 20, 35, 0
1631, 9, 3, 21, 25, 0
1631, 1, 3, 21, 26, 0
1631, 0, 1, 21, 35, 0
1631, 0, 3, 22, 25, 0
1631, 0, 1, 22, 35, 0
1631, 9, 2, 23, 25, 0
1631, 1, 2, 23, 26, 0
1631, 0, 1, 23, 35, 0
1631, 0, 3, 24, 26, 0
1631, 0, 1, 24, 35, 0
1631, 9, 3, 25, 25, 0
1631, 0, 0, 25, 26, 0
1631, 0, 0, 25, 27, 0
1631, 0, 0, 25, 28, 0
1631, 0, 0, 25, 29, 0
1631, 0, 0, 25, 32, 0
1631, 0, 0, 25, 33, 0
1631, 0, 0, 25, 34, 0
1631, 2, 0, 25, 35, 0
1631, 0, 0, 25, 36, 0
1631, 0, 0, 25, 37, 0
1631, 2, 0, 25, 38, 0
1631, 0, 0, 25, 39, 0
1631, 0, 0, 25, 40, 0
1631, 0, 0, 25, 41, 0
1631, 0, 0, 25, 42, 0
1631, 0, 0, 25, 43, 0
1631, 0, 0, 25, 44, 0
1631, 2, 0, 25, 45, 0
1631, 0, 3, 26, 25, 0
1631, 0, 1, 26, 35, 0
1631, 0, 1, 26, 38, 0
1631, 0, 1, 26, 45, 0
1631, 9, 2, 27, 25, 0
1631, 1, 2, 27, 26, 0
1631, 0, 1, 27, 35, 0
1631, 0, 1, 27, 45, 0
1631, 0, 3, 28, 26, 0
1631, 0, 1, 28, 35, 0
1631, 0, 1, 28, 38, 0
1631, 0, 1, 28, 45, 0
1631, 0, 3, 29, 26, 0
1631, 0, 1, 29, 35, 0
1631, 0, 2, 29, 36, 0
1631, 0, 2, 29, 37, 0
1631, 2, 1, 29, 38, 0
1631, 0, 2, 29, 39, 0
1631, 0, 2, 29, 40, 0
1631, 0, 2, 29, 41, 0
1631, 0, 2, 29, 42, 0
1631, 0, 2, 29, 44, 0
1631, 2, 1, 29, 45, 0
1631, 0, 3, 30, 26, 0
1631, 0, 1, 30, 35, 0
1631, 0, 1, 30, 45, 0
1631, 0, 3, 31, 26, 0
1631, 1, 0, 31, 45, 0
1631, 9, 0, 31, 46, 0
1631, 0, 3, 32, 26, 0
1631, 0, 1, 32, 35, 0
1631, 0, 1, 32, 46, 0
1631, 2, 3, 33, 26, 0
1631, 0, 0, 33, 27, 0
1631, 0, 0, 33, 28, 0
1631, 0, 0, 33, 29, 0
1631, 2, 3, 33, 30, 0
1631, 0, 0, 33, 31, 0
1631, 0, 0, 33, 32, 0
1631, 0, 0, 33, 33, 0
1631, 0, 0, 33, 34, 0
1631, 0, 0, 33, 35, 0
1631, 0, 0, 33, 36, 0
1631, 0, 0, 33, 37, 0
1631, 0, 0, 33, 38, 0
1631, 0, 0, 33, 39, 0
1631, 2, 0, 33, 40, 0
1631, 1, 1, 33, 45, 0
1631, 9, 1, 33, 46, 0
1631, 0, 3, 34, 26, 0
1631, 0, 3, 34, 30, 0
1631, 0, 1, 34, 45, 0
1631, 3, 1, 35, 25, 0
1631, 0, 3, 35, 26, 0
1631, 0, 3, 35, 30, 0
1631, 0, 2, 35, 38, 0
1631, 2, 1, 35, 40, 0
1631, 0, 1, 35, 45, 0
1631, 0, 3, 36, 30, 0
1631, 0, 3, 36, 38, 0
1631, 0, 1, 36, 40, 0
1631, 0, 1, 36, 45, 0
1631, 0, 3, 37, 38, 0
1631, 0, 1, 37, 40, 0
1631, 0, 1, 37, 45, 0
1631, 3, 0, 38, 25, 0
1631, 0, 3, 38, 26, 0
1631, 0, 3, 38, 30, 0
1631, 0, 3, 38, 38, 0
1631, 0, 1, 38, 40, 0
1631, 0, 1, 38, 45, 0
1631, 0, 3, 39, 26, 0
1631, 0, 3, 39, 30, 0
1631, 0, 3, 39, 38, 0
1631, 0, 1, 39, 40, 0
1631, 1, 0, 39, 45, 0
1631, 9, 0, 39, 46, 0
1631, 2, 2, 40, 26, 0
1631, 0, 2, 40, 27, 0
1631, 0, 2, 40, 28, 0
1631, 0, 2, 40, 29, 0
1631, 2, 2, 40, 30, 0
1631, 0, 2, 40, 31, 0
1631, 0, 2, 40, 32, 0
1631, 0, 2, 40, 33, 0
1631, 0, 2, 40, 34, 0
1631, 0, 2, 40, 35, 0
1631, 0, 2, 40, 36, 0
1631, 0, 2, 40, 37, 0
1631, 2, 2, 40, 38, 0
1631, 0, 2, 40, 39, 0
1631, 2, 1, 40, 40, 0
1631, 0, 1, 40, 46, 0
1631, 0, 3, 41, 26, 0
1631, 1, 1, 41, 45, 0
1631, 9, 1, 41, 46, 0
1631, 0, 3, 42, 26, 0
1631, 0, 1, 42, 45, 0
1631, 0, 3, 43, 26, 0
1631, 0, 1, 43, 45, 0
1631, 0, 3, 44, 26, 0
1631, 0, 1, 44, 45, 0
1631, 9, 3, 45, 25, 0
1631, 1, 3, 45, 26, 0
1631, 0, 1, 45, 45, 0
1631, 0, 3, 46, 25, 0
1631, 0, 1, 46, 45, 0
1631, 9, 2, 47, 25, 0
1631, 0, 2, 47, 26, 0
1631, 0, 2, 47, 27, 0
1631, 0, 2, 47, 29, 0
1631, 0, 2, 47, 30, 0
1631, 0, 2, 47, 31, 0
1631, 0, 2, 47, 32, 0
1631, 0, 2, 47, 33, 0
1631, 0, 2, 47, 34, 0
1631, 0, 2, 47, 35, 0
1631, 0, 2, 47, 36, 0
1631, 0, 2, 47, 37, 0
1631, 0, 2, 47, 38, 0
1631, 0, 2, 47, 39, 0
1631, 2, 1, 47, 40, 0
1631, 0, 2, 47, 41, 0
1631, 0, 2, 47, 42, 0
1631, 0, 2, 47, 43, 0
1631, 0, 2, 47, 44, 0
1631, 2, 1, 47, 45, 0
1631, 0, 3, 48, 26, 0
1631, 0, 1, 48, 32, 0
1631, 9, 3, 49, 25, 0
1631, 1, 3, 49, 26, 0
1631, 0, 1, 49, 32, 0
1631, 0, 3, 50, 25, 0
1631, 0, 1, 50, 32, 0
1631, 9, 2, 51, 25, 0
1631, 1, 2, 51, 26, 0
1631, 0, 3, 52, 26, 0
1631, 0, 1, 52, 32, 0
1631, 0, 3, 53, 26, 0
1631, 0, 1, 53, 32, 0
1631, 2, 2, 54, 26, 0
1631, 0, 2, 54, 27, 0
1631, 0, 2, 54, 28, 0
1631, 0, 2, 54, 29, 0
1631, 0, 2, 54, 30, 0
1631, 0, 2, 54, 31, 0
1631, 2, 1, 54, 32, 0
1631, 2, 3, 20, 26, 1
1631, 0, 0, 20, 27, 1
1631, 2, 3, 20, 28, 1
1631, 0, 0, 20, 29, 1
1631, 0, 0, 20, 30, 1
1631, 2, 0, 20, 31, 1
1631, 0, 0, 20, 32, 1
1631, 0, 0, 20, 33, 1
1631, 2, 0, 20, 34, 1
1631, 0, 3, 21, 26, 1
1631, 0, 1, 21, 34, 1
1631, 0, 3, 22, 26, 1
1631, 0, 1, 22, 34, 1
1631, 0, 3, 23, 26, 1
1631, 2, 0, 23, 34, 1
1631, 0, 3, 24, 26, 1
1631, 0, 1, 24, 34, 1
1631, 0, 3, 25, 26, 1
1631, 0, 1, 25, 34, 1
1631, 0, 3, 26, 26, 1
1631, 3, 0, 26, 34, 1
1631, 2, 0, 26, 35, 1
1631, 0, 0, 26, 36, 1
1631, 0, 0, 26, 37, 1
1631, 0, 0, 26, 38, 1
1631, 0, 0, 26, 39, 1
1631, 0, 0, 26, 40, 1
1631, 0, 0, 26, 41, 1
1631, 0, 0, 26, 42, 1
1631, 0, 0, 26, 43, 1
1631, 0, 0, 26, 44, 1
1631, 2, 0, 26, 45, 1
1631, 0, 3, 27, 26, 1
1631, 0, 1, 27, 45, 1
1631, 0, 3, 28, 26, 1
1631, 0, 1, 28, 45, 1
1631, 0, 3, 29, 26, 1
1631, 0, 1, 29, 45, 1
1631, 0, 3, 30, 26, 1
1631, 0, 1, 30, 45, 1
1631, 2, 3, 31, 26, 1
1631, 3, 1, 31, 33, 1
1631, 0, 2, 31, 34, 1
1631, 2, 1, 31, 35, 1
1631, 0, 2, 31, 36, 1
1631, 0, 2, 31, 37, 1
1631, 0, 2, 31, 38, 1
1631, 0, 2, 31, 39, 1
1631, 0, 2, 31, 40, 1
1631, 3, 2, 31, 41, 1
1631, 0, 1, 31, 45, 1
1631, 0, 3, 32, 26, 1
1631, 0, 1, 32, 33, 1
1631, 0, 3, 32, 41, 1
1631, 0, 1, 32, 45, 1
1631, 0, 3, 33, 26, 1
1631, 0, 1, 33, 33, 1
1631, 0, 3, 33, 41, 1
1631, 0, 1, 33, 45, 1
1631, 2, 2, 34, 26, 1
1631, 0, 2, 34, 27, 1
1631, 2, 1, 34, 28, 1
1631, 0, 2, 34, 29, 1
1631, 0, 2, 34, 30, 1
1631, 0, 2, 34, 31, 1
1631, 0, 2, 34, 32, 1
1631, 2, 1, 34, 33, 1
1631, 0, 3, 34, 41, 1
1631, 0, 1, 34, 45, 1
1631, 0, 3, 35, 26, 1
1631, 0, 3, 35, 41, 1
1631, 0, 1, 35, 45, 1
1631, 0, 3, 36, 26, 1
1631, 0, 3, 36, 41, 1
1631, 0, 1, 36, 45, 1
1631, 0, 3, 37, 26, 1
1631, 0, 3, 37, 41, 1
1631, 0, 1, 37, 45, 1
1631, 0, 3, 38, 26, 1
1631, 0, 3, 38, 41, 1
1631, 0, 1, 38, 45, 1
1631, 2, 3, 39, 26, 1
1631, 0, 0, 39, 27, 1
1631, 0, 0, 39, 28, 1
1631, 0, 0, 39, 29, 1
1631, 0, 0, 39, 31, 1
1631, 0, 0, 39, 32, 1
1631, 2, 0, 39, 33, 1
1631, 0, 3, 39, 41, 1
1631, 0, 1, 39, 45, 1
1631, 0, 3, 40, 26, 1
1631, 0, 1, 40, 33, 1
1631, 0, 3, 40, 41, 1
1631, 0, 1, 40, 45, 1
1631, 0, 3, 41, 26, 1
1631, 0, 1, 41, 33, 1
1631, 0, 3, 41, 41, 1
1631, 0, 1, 41, 45, 1
1631, 0, 3, 42, 26, 1
1631, 0, 1, 42, 33, 1
1631, 0, 0, 42, 34, 1
1631, 0, 0, 42, 35, 1
1631, 0, 0, 42, 36, 1
1631, 0, 0, 42, 37, 1
1631, 0, 0, 42, 38, 1
1631, 0, 0, 42, 40, 1
1631, 3, 3, 42, 41, 1
1631, 0, 1, 42, 45, 1
1631, 0, 3, 43, 26, 1
1631, 0, 1, 43, 33, 1
1631, 0, 1, 43, 45, 1
1631, 0, 3, 44, 26, 1
1631, 0, 1, 44, 45, 1
1631, 0, 3, 45, 26, 1
1631, 0, 1, 45, 33, 1
1631, 0, 1, 45, 45, 1
1631, 2, 2, 46, 26, 1
1631, 0, 2, 46, 27, 1
1631, 0, 2, 46, 29, 1
1631, 0, 2, 46, 30, 1
1631, 0, 2, 46, 31, 1
1631, 0, 2, 46, 32, 1
1631, 2, 1, 46, 33, 1
1631, 0, 2, 46, 34, 1
1631, 0, 2, 46, 35, 1
1631, 0, 2, 46, 36, 1
1631, 0, 2, 46, 37, 1
1631, 0, 2, 46, 38, 1
1631, 0, 2, 46, 39, 1
1631, 0, 2, 46, 40, 1
1631, 0, 2, 46, 41, 1
1631, 0, 2, 46, 42, 1
1631, 0, 2, 46, 43, 1
1631, 0, 2, 46, 44, 1
1631, 2, 1, 46, 45, 1
1631, 0, 3, 47, 26, 1
1631, 0, 1, 47, 31, 1
1631, 0, 3, 48, 26, 1
1631, 0, 1, 48, 31, 1
1631, 0, 3, 49, 26, 1
1631, 0, 1, 49, 31, 1
1631, 0, 3, 50, 26, 1
1631, 0, 1, 50, 31, 1
1631, 0, 3, 51, 26, 1
1631, 0, 1, 51, 31, 1
1631, 0, 3, 52, 26, 1
1631, 0, 1, 52, 31, 1
1631, 2, 2, 53, 26, 1
1631, 0, 2, 53, 27, 1
1631, 0, 2, 53, 28, 1
1631, 0, 2, 53, 29, 1
1631, 0, 2, 53, 30, 1
1631, 2, 1, 53, 31, 1
1631, 2, 3, 32, 29, 2
1631, 0, 0, 32, 30, 2
1631, 0, 0, 32, 31, 2
1631, 0, 0, 32, 32, 2
1631, 2, 0, 32, 33, 2
1631, 0, 0, 32, 34, 2
1631, 0, 0, 32, 35, 2
1631, 0, 0, 32, 36, 2
1631, 0, 0, 32, 37, 2
1631, 0, 0, 32, 38, 2
1631, 0, 0, 32, 39, 2
1631, 0, 0, 32, 40, 2
1631, 0, 0, 32, 41, 2
1631, 2, 0, 32, 42, 2
1631, 0, 3, 33, 29, 2
1631, 0, 1, 33, 33, 2
1631, 0, 1, 33, 42, 2
1631, 0, 3, 34, 29, 2
1631, 0, 1, 34, 42, 2
1631, 0, 3, 35, 29, 2
1631, 0, 1, 35, 33, 2
1631, 0, 1, 35, 42, 2
1631, 0, 3, 36, 29, 2
1631, 0, 1, 36, 33, 2
1631, 0, 0, 36, 34, 2
1631, 0, 0, 36, 35, 2
1631, 0, 0, 36, 37, 2
1631, 0, 0, 36, 38, 2
1631, 0, 0, 36, 39, 2
1631, 0, 0, 36, 40, 2
1631, 0, 0, 36, 41, 2
1631, 2, 0, 36, 42, 2
1631, 0, 3, 37, 29, 2
1631, 0, 1, 37, 33, 2
1631, 0, 1, 37, 42, 2
1631, 0, 3, 38, 29, 2
1631, 0, 1, 38, 33, 2
1631, 0, 1, 38, 42, 2
1631, 0, 3, 39, 29, 2
1631, 0, 1, 39, 33, 2
1631, 0, 1, 39, 42, 2
1631, 2, 2, 40, 29, 2
1631, 0, 2, 40, 30, 2
1631, 0, 2, 40, 31, 2
1631, 0, 2, 40, 32, 2
1631, 2, 1, 40, 33, 2
1631, 0, 2, 40, 34, 2
1631, 0, 2, 40, 35, 2
1631, 0, 2, 40, 36, 2
1631, 0, 2, 40, 37, 2
1631, 0, 2, 40, 38, 2
1631, 0, 2, 40, 39, 2
1631, 0, 2, 40, 40, 2
1631, 0, 2, 40, 41, 2
1631, 2, 1, 40, 42, 2
1643, 12, 2, 19, 26, 1
1643, 12, 2, 19, 27, 1
1643, 12, 2, 19, 28, 1
1643, 12, 2, 19, 29, 1
1643, 12, 2, 19, 30, 1
1643, 12, 2, 19, 31, 1
1643, 12, 2, 19, 32, 1
1643, 12, 2, 19, 33, 1
1643, 12, 2, 19, 34, 1
1643, 16, 2, 19, 35, 1
1643, 12, 3, 20, 35, 1
1643, 13, 1, 21, 25, 1
1643, 12, 3, 21, 35, 1
1643, 12, 1, 22, 25, 1
1643, 12, 3, 22, 35, 1
1643, 13, 0, 23, 25, 1
1643, 12, 3, 23, 35, 1
1643, 12, 3, 24, 35, 1
1643, 13, 1, 25, 25, 1
1643, 15, 2, 25, 35, 1
1643, 12, 2, 25, 36, 1
1643, 12, 2, 25, 37, 1
1643, 12, 2, 25, 38, 1
1643, 12, 2, 25, 39, 1
1643, 12, 2, 25, 40, 1
1643, 12, 2, 25, 41, 1
1643, 12, 2, 25, 42, 1
1643, 12, 2, 25, 43, 1
1643, 12, 2, 25, 44, 1
1643, 12, 2, 25, 45, 1
1643, 12, 1, 26, 25, 1
1643, 13, 0, 27, 25, 1
1643, 12, 1, 30, 24, 1
1643, 17, 0, 30, 25, 1
1643, 12, 1, 31, 24, 1
1643, 17, 0, 31, 25, 1
1643, 13, 2, 31, 46, 1
1643, 12, 1, 32, 24, 1
1643, 17, 0, 32, 25, 1
1643, 12, 3, 32, 46, 1
1643, 12, 1, 33, 24, 1
1643, 17, 0, 33, 25, 1
1643, 13, 3, 33, 46, 1
1643, 12, 1, 34, 24, 1
1643, 17, 0, 34, 25, 1
1643, 12, 1, 35, 24, 1
1643, 17, 0, 35, 25, 1
1643, 15, 1, 36, 24, 1
1643, 17, 0, 36, 25, 1
1643, 15, 0, 37, 24, 1
1643, 17, 0, 37, 25, 1
1643, 12, 1, 38, 24, 1
1643, 17, 0, 38, 25, 1
1643, 12, 1, 39, 24, 1
1643, 17, 0, 39, 25, 1
1643, 13, 2, 39, 46, 1
1643, 12, 1, 40, 24, 1
1643, 17, 0, 40, 25, 1
1643, 12, 3, 40, 46, 1
1643, 12, 1, 41, 24, 1
1643, 17, 0, 41, 25, 1
1643, 13, 3, 41, 46, 1
1643, 12, 1, 42, 24, 1
1643, 17, 0, 42, 25, 1
1643, 12, 1, 43, 24, 1
1643, 17, 0, 43, 25, 1
1643, 13, 1, 45, 25, 1
1643, 12, 1, 46, 25, 1
1643, 13, 0, 47, 25, 1
1643, 15, 3, 47, 32, 1
1643, 12, 0, 47, 33, 1
1643, 12, 0, 47, 34, 1
1643, 12, 0, 47, 35, 1
1643, 12, 0, 47, 36, 1
1643, 12, 0, 47, 37, 1
1643, 12, 0, 47, 38, 1
1643, 12, 0, 47, 39, 1
1643, 12, 0, 47, 40, 1
1643, 12, 0, 47, 41, 1
1643, 12, 0, 47, 42, 1
1643, 12, 0, 47, 43, 1
1643, 12, 0, 47, 44, 1
1643, 12, 0, 47, 45, 1
1643, 12, 3, 48, 32, 1
1643, 13, 1, 49, 25, 1
1643, 12, 3, 49, 32, 1
1643, 12, 1, 50, 25, 1
1643, 12, 3, 50, 32, 1
1643, 13, 0, 51, 25, 1
1643, 12, 3, 51, 32, 1
1643, 12, 3, 52, 32, 1
1643, 12, 3, 53, 32, 1
1643, 12, 0, 54, 26, 1
1643, 12, 0, 54, 27, 1
1643, 12, 0, 54, 28, 1
1643, 12, 0, 54, 29, 1
1643, 12, 0, 54, 30, 1
1643, 12, 0, 54, 31, 1
1643, 16, 3, 54, 32, 1
1643, 12, 2, 20, 26, 2
1643, 12, 2, 20, 27, 2
1643, 15, 1, 20, 28, 2
1643, 15, 2, 20, 32, 2
1643, 12, 2, 20, 33, 2
1643, 12, 2, 20, 34, 2
1643, 15, 0, 24, 26, 2
1643, 17, 0, 24, 27, 2
1643, 17, 0, 24, 28, 2
1643, 17, 0, 24, 29, 2
1643, 17, 0, 24, 30, 2
1643, 17, 0, 24, 31, 2
1643, 17, 0, 24, 32, 2
1643, 17, 0, 24, 33, 2
1643, 15, 3, 24, 34, 2
1643, 12, 1, 25, 26, 2
1643, 17, 0, 25, 27, 2
1643, 17, 0, 25, 28, 2
1643, 17, 0, 25, 29, 2
1643, 17, 0, 25, 30, 2
1643, 17, 0, 25, 31, 2
1643, 17, 0, 25, 32, 2
1643, 17, 0, 25, 33, 2
1643, 12, 3, 25, 34, 2
1643, 12, 1, 26, 26, 2
1643, 17, 0, 26, 27, 2
1643, 17, 0, 26, 28, 2
1643, 17, 0, 26, 29, 2
1643, 17, 0, 26, 30, 2
1643, 17, 0, 26, 31, 2
1643, 17, 0, 26, 32, 2
1643, 17, 0, 26, 33, 2
1643, 15, 2, 26, 34, 2
1643, 12, 2, 26, 35, 2
1643, 12, 2, 26, 36, 2
1643, 12, 2, 26, 37, 2
1643, 12, 2, 26, 38, 2
1643, 12, 2, 26, 39, 2
1643, 12, 2, 26, 40, 2
1643, 12, 2, 26, 41, 2
1643, 12, 2, 26, 42, 2
1643, 12, 2, 26, 43, 2
1643, 12, 2, 26, 44, 2
1643, 16, 2, 26, 45, 2
1643, 12, 1, 27, 26, 2
1643, 17, 0, 27, 27, 2
1643, 17, 0, 27, 28, 2
1643, 17, 0, 27, 29, 2
1643, 17, 0, 27, 30, 2
1643, 17, 0, 27, 31, 2
1643, 17, 0, 27, 32, 2
1643, 17, 0, 27, 33, 2
1643, 17, 0, 27, 34, 2
1643, 17, 0, 27, 35, 2
1643, 17, 0, 27, 36, 2
1643, 17, 0, 27, 37, 2
1643, 17, 0, 27, 38, 2
1643, 17, 0, 27, 39, 2
1643, 17, 0, 27, 40, 2
1643, 17, 0, 27, 41, 2
1643, 17, 0, 27, 42, 2
1643, 17, 0, 27, 43, 2
1643, 17, 0, 27, 44, 2
1643, 12, 3, 27, 45, 2
1643, 12, 1, 28, 26, 2
1643, 17, 0, 28, 27, 2
1643, 17, 0, 28, 28, 2
1643, 17, 0, 28, 29, 2
1643, 17, 0, 28, 30, 2
1643, 17, 0, 28, 31, 2
1643, 17, 0, 28, 32, 2
1643, 17, 0, 28, 33, 2
1643, 17, 0, 28, 34, 2
1643, 17, 0, 28, 35, 2
1643, 17, 0, 28, 36, 2
1643, 17, 0, 28, 37, 2
1643, 17, 0, 28, 38, 2
1643, 17, 0, 28, 39, 2
1643, 17, 0, 28, 40, 2
1643, 17, 0, 28, 41, 2
1643, 17, 0, 28, 42, 2
1643, 17, 0, 28, 43, 2
1643, 17, 0, 28, 44, 2
1643, 12, 3, 28, 45, 2
1643, 12, 1, 29, 26, 2
1643, 17, 0, 29, 27, 2
1643, 17, 0, 29, 28, 2
1643, 17, 0, 29, 29, 2
1643, 17, 0, 29, 30, 2
1643, 17, 0, 29, 31, 2
1643, 17, 0, 29, 32, 2
1643, 17, 0, 29, 33, 2
1643, 17, 0, 29, 34, 2
1643, 17, 0, 29, 35, 2
1643, 17, 0, 29, 36, 2
1643, 17, 0, 29, 37, 2
1643, 17, 0, 29, 38, 2
1643, 17, 0, 29, 39, 2
1643, 17, 0, 29, 40, 2
1643, 17, 0, 29, 41, 2
1643, 17, 0, 29, 42, 2
1643, 17, 0, 29, 43, 2
1643, 17, 0, 29, 44, 2
1643, 12, 3, 29, 45, 2
1643, 12, 1, 30, 26, 2
1643, 17, 0, 30, 27, 2
1643, 17, 0, 30, 28, 2
1643, 17, 0, 30, 29, 2
1643, 17, 0, 30, 30, 2
1643, 17, 0, 30, 31, 2
1643, 17, 0, 30, 32, 2
1643, 17, 0, 30, 33, 2
1643, 17, 0, 30, 34, 2
1643, 17, 0, 30, 35, 2
1643, 17, 0, 30, 36, 2
1643, 17, 0, 30, 37, 2
1643, 17, 0, 30, 38, 2
1643, 17, 0, 30, 39, 2
1643, 17, 0, 30, 40, 2
1643, 17, 0, 30, 41, 2
1643, 17, 0, 30, 42, 2
1643, 17, 0, 30, 43, 2
1643, 17, 0, 30, 44, 2
1643, 12, 3, 30, 45, 2
1643, 12, 1, 31, 26, 2
1643, 17, 0, 31, 27, 2
1643, 17, 2, 31, 28, 2
1643, 17, 2, 31, 29, 2
1643, 17, 2, 31, 30, 2
1643, 17, 2, 31, 31, 2
1643, 17, 2, 31, 32, 2
1643, 17, 2, 31, 33, 2
1643, 17, 2, 31, 34, 2
1643, 17, 2, 31, 35, 2
1643, 17, 2, 31, 36, 2
1643, 17, 2, 31, 37, 2
1643, 17, 2, 31, 38, 2
1643, 17, 2, 31, 39, 2
1643, 17, 2, 31, 40, 2
1643, 17, 2, 31, 41, 2
1643, 17, 2, 31, 42, 2
1643, 17, 2, 31, 43, 2
1643, 17, 0, 31, 44, 2
1643, 12, 3, 31, 45, 2
1643, 12, 1, 32, 26, 2
1643, 17, 0, 32, 27, 2
1643, 17, 2, 32, 28, 2
1643, 17, 2, 32, 43, 2
1643, 17, 0, 32, 44, 2
1643, 12, 3, 32, 45, 2
1643, 12, 1, 33, 26, 2
1643, 17, 2, 33, 27, 2
1643, 17, 2, 33, 28, 2
1643, 17, 2, 33, 43, 2
1643, 17, 0, 33, 44, 2
1643, 12, 3, 33, 45, 2
1643, 12, 1, 34, 26, 2
1643, 17, 2, 34, 27, 2
1643, 17, 2, 34, 28, 2
1643, 17, 2, 34, 43, 2
1643, 17, 0, 34, 44, 2
1643, 12, 3, 34, 45, 2
1643, 12, 1, 35, 26, 2
1643, 17, 2, 35, 27, 2
1643, 17, 2, 35, 28, 2
1643, 17, 2, 35, 43, 2
1643, 17, 0, 35, 44, 2
1643, 12, 3, 35, 45, 2
1643, 12, 1, 36, 26, 2
1643, 17, 0, 36, 27, 2
1643, 17, 2, 36, 28, 2
1643, 17, 2, 36, 43, 2
1643, 17, 0, 36, 44, 2
1643, 12, 3, 36, 45, 2
1643, 12, 1, 37, 26, 2
1643, 17, 0, 37, 27, 2
1643, 17, 2, 37, 28, 2
1643, 17, 2, 37, 43, 2
1643, 17, 0, 37, 44, 2
1643, 12, 3, 37, 45, 2
1643, 12, 1, 38, 26, 2
1643, 17, 0, 38, 27, 2
1643, 17, 2, 38, 28, 2
1643, 17, 2, 38, 43, 2
1643, 17, 0, 38, 44, 2
1643, 12, 3, 38, 45, 2
1643, 12, 1, 39, 26, 2
1643, 17, 0, 39, 27, 2
1643, 17, 2, 39, 28, 2
1643, 17, 2, 39, 43, 2
1643, 17, 0, 39, 44, 2
1643, 12, 3, 39, 45, 2
1643, 12, 1, 40, 26, 2
1643, 17, 0, 40, 27, 2
1643, 17, 2, 40, 28, 2
1643, 17, 2, 40, 43, 2
1643, 17, 0, 40, 44, 2
1643, 12, 3, 40, 45, 2
1643, 12, 1, 41, 26, 2
1643, 17, 0, 41, 27, 2
1643, 17, 2, 41, 28, 2
1643, 17, 2, 41, 29, 2
1643, 17, 2, 41, 30, 2
1643, 17, 2, 41, 31, 2
1643, 17, 2, 41, 32, 2
1643, 17, 2, 41, 33, 2
1643, 17, 2, 41, 34, 2
1643, 17, 2, 41, 35, 2
1643, 17, 2, 41, 36, 2
1643, 17, 2, 41, 37, 2
1643, 17, 2, 41, 38, 2
1643, 17, 2, 41, 39, 2
1643, 17, 2, 41, 40, 2
1643, 17, 2, 41, 41, 2
1643, 17, 2, 41, 42, 2
1643, 17, 2, 41, 43, 2
1643, 17, 0, 41, 44, 2
1643, 12, 3, 41, 45, 2
1643, 12, 1, 42, 26, 2
1643, 17, 0, 42, 27, 2
1643, 17, 0, 42, 28, 2
1643, 17, 0, 42, 29, 2
1643, 17, 0, 42, 30, 2
1643, 17, 0, 42, 31, 2
1643, 17, 0, 42, 32, 2
1643, 17, 0, 42, 33, 2
1643, 17, 0, 42, 34, 2
1643, 17, 0, 42, 35, 2
1643, 17, 0, 42, 36, 2
1643, 17, 0, 42, 37, 2
1643, 17, 0, 42, 38, 2
1643, 17, 0, 42, 39, 2
1643, 17, 0, 42, 40, 2
1643, 17, 0, 42, 41, 2
1643, 17, 0, 42, 42, 2
1643, 17, 0, 42, 43, 2
1643, 17, 0, 42, 44, 2
1643, 12, 3, 42, 45, 2
1643, 12, 1, 43, 26, 2
1643, 17, 0, 43, 27, 2
1643, 17, 0, 43, 28, 2
1643, 17, 0, 43, 29, 2
1643, 17, 0, 43, 30, 2
1643, 17, 0, 43, 31, 2
1643, 17, 0, 43, 32, 2
1643, 17, 0, 43, 33, 2
1643, 17, 0, 43, 34, 2
1643, 17, 0, 43, 35, 2
1643, 17, 0, 43, 36, 2
1643, 17, 0, 43, 37, 2
1643, 17, 0, 43, 38, 2
1643, 17, 0, 43, 39, 2
1643, 17, 0, 43, 40, 2
1643, 17, 0, 43, 41, 2
1643, 17, 0, 43, 42, 2
1643, 17, 0, 43, 43, 2
1643, 17, 0, 43, 44, 2
1643, 12, 3, 43, 45, 2
1643, 12, 1, 44, 26, 2
1643, 17, 0, 44, 27, 2
1643, 17, 0, 44, 28, 2
1643, 17, 0, 44, 29, 2
1643, 17, 0, 44, 30, 2
1643, 17, 0, 44, 31, 2
1643, 17, 0, 44, 32, 2
1643, 17, 0, 44, 33, 2
1643, 17, 0, 44, 34, 2
1643, 17, 0, 44, 35, 2
1643, 17, 0, 44, 36, 2
1643, 17, 0, 44, 37, 2
1643, 17, 0, 44, 38, 2
1643, 17, 0, 44, 39, 2
1643, 17, 0, 44, 40, 2
1643, 17, 0, 44, 41, 2
1643, 17, 0, 44, 42, 2
1643, 17, 0, 44, 43, 2
1643, 17, 0, 44, 44, 2
1643, 12, 3, 44, 45, 2
1643, 12, 1, 45, 26, 2
1643, 17, 0, 45, 27, 2
1643, 17, 0, 45, 28, 2
1643, 17, 0, 45, 29, 2
1643, 17, 0, 45, 30, 2
1643, 17, 0, 45, 31, 2
1643, 17, 0, 45, 32, 2
1643, 17, 0, 45, 33, 2
1643, 17, 0, 45, 34, 2
1643, 17, 0, 45, 35, 2
1643, 17, 0, 45, 36, 2
1643, 17, 0, 45, 37, 2
1643, 17, 0, 45, 38, 2
1643, 17, 0, 45, 39, 2
1643, 17, 0, 45, 40, 2
1643, 17, 0, 45, 41, 2
1643, 17, 0, 45, 42, 2
1643, 17, 0, 45, 43, 2
1643, 17, 0, 45, 44, 2
1643, 12, 3, 45, 45, 2
1643, 12, 1, 46, 26, 2
1643, 17, 0, 46, 27, 2
1643, 17, 0, 46, 28, 2
1643, 17, 0, 46, 29, 2
1643, 17, 0, 46, 30, 2
1643, 15, 3, 46, 31, 2
1643, 12, 0, 46, 32, 2
1643, 12, 0, 46, 33, 2
1643, 12, 0, 46, 34, 2
1643, 12, 0, 46, 35, 2
1643, 12, 0, 46, 36, 2
1643, 12, 0, 46, 37, 2
1643, 12, 0, 46, 38, 2
1643, 12, 0, 46, 39, 2
1643, 12, 0, 46, 40, 2
1643, 12, 0, 46, 41, 2
1643, 12, 0, 46, 42, 2
1643, 12, 0, 46, 43, 2
1643, 12, 0, 46, 44, 2
1643, 16, 3, 46, 45, 2
1643, 12, 1, 47, 26, 2
1643, 17, 0, 47, 27, 2
1643, 17, 0, 47, 28, 2
1643, 17, 0, 47, 29, 2
1643, 17, 0, 47, 30, 2
1643, 12, 3, 47, 31, 2
1643, 12, 1, 48, 26, 2
1643, 17, 0, 48, 27, 2
1643, 17, 0, 48, 28, 2
1643, 17, 0, 48, 29, 2
1643, 17, 0, 48, 30, 2
1643, 12, 3, 48, 31, 2
1643, 15, 1, 49, 26, 2
1643, 17, 0, 49, 27, 2
1643, 17, 0, 49, 28, 2
1643, 17, 0, 49, 29, 2
1643, 17, 0, 49, 30, 2
1643, 15, 2, 49, 31, 2
1643, 15, 0, 53, 26, 2
1643, 15, 3, 53, 31, 2
1643, 12, 1, 20, 29, 3
1643, 17, 2, 20, 30, 3
1643, 12, 3, 20, 31, 3
1643, 12, 2, 21, 26, 3
1643, 12, 2, 21, 27, 3
1643, 12, 2, 21, 28, 3
1643, 15, 1, 21, 29, 3
1643, 17, 2, 21, 30, 3
1643, 15, 2, 21, 31, 3
1643, 12, 2, 21, 32, 3
1643, 12, 2, 21, 33, 3
1643, 12, 2, 21, 34, 3
1643, 17, 2, 22, 26, 3
1643, 17, 2, 22, 27, 3
1643, 17, 2, 22, 28, 3
1643, 17, 2, 22, 29, 3
1643, 17, 2, 22, 30, 3
1643, 17, 2, 22, 31, 3
1643, 17, 2, 22, 32, 3
1643, 17, 2, 22, 33, 3
1643, 17, 0, 22, 34, 3
1643, 12, 0, 23, 26, 3
1643, 12, 0, 23, 27, 3
1643, 12, 0, 23, 28, 3
1643, 12, 0, 23, 29, 3
1643, 12, 0, 23, 30, 3
1643, 12, 0, 23, 31, 3
1643, 12, 0, 23, 32, 3
1643, 12, 0, 23, 33, 3
1643, 12, 0, 23, 34, 3
1643, 16, 1, 32, 29, 3
1643, 12, 2, 32, 30, 3
1643, 12, 2, 32, 31, 3
1643, 12, 2, 32, 32, 3
1643, 12, 2, 32, 33, 3
1643, 12, 2, 32, 34, 3
1643, 12, 2, 32, 35, 3
1643, 12, 2, 32, 36, 3
1643, 12, 2, 32, 37, 3
1643, 12, 2, 32, 38, 3
1643, 12, 2, 32, 39, 3
1643, 12, 2, 32, 40, 3
1643, 12, 2, 32, 41, 3
1643, 16, 2, 32, 42, 3
1643, 12, 1, 33, 29, 3
1643, 17, 0, 33, 30, 3
1643, 17, 0, 33, 31, 3
1643, 17, 0, 33, 32, 3
1643, 17, 0, 33, 33, 3
1643, 17, 0, 33, 34, 3
1643, 17, 0, 33, 35, 3
1643, 17, 0, 33, 36, 3
1643, 17, 0, 33, 37, 3
1643, 17, 0, 33, 38, 3
1643, 17, 0, 33, 39, 3
1643, 17, 0, 33, 40, 3
1643, 17, 0, 33, 41, 3
1643, 12, 3, 33, 42, 3
1643, 12, 1, 34, 29, 3
1643, 17, 0, 34, 30, 3
1643, 17, 0, 34, 31, 3
1643, 17, 0, 34, 32, 3
1643, 17, 0, 34, 33, 3
1643, 17, 0, 34, 34, 3
1643, 17, 0, 34, 35, 3
1643, 17, 0, 34, 36, 3
1643, 17, 0, 34, 37, 3
1643, 17, 0, 34, 38, 3
1643, 17, 0, 34, 39, 3
1643, 17, 0, 34, 40, 3
1643, 17, 0, 34, 41, 3
1643, 12, 3, 34, 42, 3
1643, 12, 1, 35, 29, 3
1643, 17, 0, 35, 30, 3
1643, 17, 0, 35, 31, 3
1643, 17, 0, 35, 32, 3
1643, 17, 0, 35, 33, 3
1643, 17, 0, 35, 34, 3
1643, 17, 0, 35, 35, 3
1643, 17, 0, 35, 36, 3
1643, 17, 0, 35, 37, 3
1643, 17, 0, 35, 38, 3
1643, 17, 0, 35, 39, 3
1643, 17, 0, 35, 40, 3
1643, 17, 0, 35, 41, 3
1643, 12, 3, 35, 42, 3
1643, 12, 1, 36, 29, 3
1643, 17, 0, 36, 30, 3
1643, 17, 0, 36, 31, 3
1643, 17, 0, 36, 32, 3
1643, 17, 0, 36, 33, 3
1643, 17, 0, 36, 34, 3
1643, 17, 0, 36, 35, 3
1643, 17, 0, 36, 36, 3
1643, 17, 0, 36, 37, 3
1643, 17, 0, 36, 38, 3
1643, 17, 0, 36, 39, 3
1643, 17, 0, 36, 40, 3
1643, 17, 0, 36, 41, 3
1643, 12, 3, 36, 42, 3
1643, 12, 1, 37, 29, 3
1643, 17, 0, 37, 30, 3
1643, 17, 0, 37, 31, 3
1643, 17, 0, 37, 32, 3
1643, 17, 0, 37, 33, 3
1643, 17, 0, 37, 34, 3
1643, 17, 0, 37, 35, 3
1643, 17, 0, 37, 36, 3
1643, 17, 0, 37, 37, 3
1643, 17, 0, 37, 38, 3
1643, 17, 0, 37, 39, 3
1643, 17, 0, 37, 40, 3
1643, 17, 0, 37, 41, 3
1643, 12, 3, 37, 42, 3
1643, 12, 1, 38, 29, 3
1643, 17, 0, 38, 30, 3
1643, 17, 0, 38, 31, 3
1643, 17, 0, 38, 32, 3
1643, 17, 0, 38, 33, 3
1643, 17, 0, 38, 34, 3
1643, 17, 0, 38, 35, 3
1643, 17, 0, 38, 36, 3
1643, 17, 0, 38, 37, 3
1643, 17, 0, 38, 38, 3
1643, 17, 0, 38, 39, 3
1643, 17, 0, 38, 40, 3
1643, 17, 0, 38, 41, 3
1643, 12, 3, 38, 42, 3
1643, 12, 1, 39, 29, 3
1643, 17, 0, 39, 30, 3
1643, 17, 0, 39, 31, 3
1643, 17, 0, 39, 32, 3
1643, 17, 0, 39, 33, 3
1643, 17, 0, 39, 34, 3
1643, 17, 0, 39, 35, 3
1643, 17, 0, 39, 36, 3
1643, 17, 0, 39, 37, 3
1643, 17, 0, 39, 38, 3
1643, 17, 0, 39, 39, 3
1643, 17, 0, 39, 40, 3
1643, 17, 0, 39, 41, 3
1643, 12, 3, 39, 42, 3
1643, 16, 0, 40, 29, 3
1643, 12, 0, 40, 30, 3
1643, 12, 0, 40, 31, 3
1643, 12, 0, 40, 32, 3
1643, 12, 0, 40, 33, 3
1643, 12, 0, 40, 34, 3
1643, 12, 0, 40, 35, 3
1643, 12, 0, 40, 36, 3
1643, 12, 0, 40, 37, 3
1643, 12, 0, 40, 38, 3
1643, 12, 0, 40, 39, 3
1643, 12, 0, 40, 40, 3
1643, 12, 0, 40, 41, 3
1643, 16, 3, 40, 42, 3
1643, 12, 2, 50, 26, 3
1643, 12, 2, 50, 27, 3
1643, 12, 2, 50, 28, 3
1643, 12, 2, 50, 29, 3
1643, 12, 2, 50, 30, 3
1643, 12, 2, 50, 31, 3
1643, 17, 0, 51, 26, 3
1643, 17, 0, 51, 27, 3
1643, 17, 0, 51, 28, 3
1643, 17, 0, 51, 29, 3
1643, 17, 0, 51, 30, 3
1643, 17, 0, 51, 31, 3
1643, 12, 0, 52, 26, 3
1643, 15, 0, 52, 27, 3
1643, 17, 0, 52, 28, 3
1643, 17, 0, 52, 29, 3
1643, 15, 3, 52, 30, 3
1643, 12, 0, 52, 31, 3
1643, 12, 1, 53, 27, 3
1643, 17, 0, 53, 28, 3
1643, 17, 0, 53, 29, 3
1643, 12, 3, 53, 30, 3
1644, 0, 0, 20, 29, 2
1644, 0, 0, 20, 30, 2
1644, 0, 0, 20, 31, 2
1644, 0, 3, 21, 26, 2
1644, 0, 1, 21, 34, 2
1644, 0, 3, 22, 26, 2
1644, 0, 1, 22, 34, 2
1644, 0, 3, 23, 26, 2
1644, 0, 1, 23, 34, 2
1644, 0, 3, 50, 26, 2
1644, 0, 1, 50, 31, 2
1644, 0, 3, 51, 26, 2
1644, 0, 1, 51, 31, 2
1644, 0, 3, 52, 26, 2
1644, 0, 1, 52, 31, 2
1644, 0, 2, 53, 27, 2
1644, 0, 2, 53, 28, 2
1644, 0, 2, 53, 29, 2
1644, 0, 2, 53, 30, 2
1730, 10, 0, 36, 35, 0
1731, 10, 0, 36, 36, 1
1738, 10, 3, 32, 34, 1
1740, 10, 3, 33, 35, 2
1791, 19, 1, 21, 24, 1
1791, 18, 1, 22, 24, 1
1791, 19, 0, 23, 24, 1
1791, 19, 1, 25, 24, 1
1791, 18, 1, 26, 24, 1
1791, 19, 0, 27, 24, 1
1791, 19, 2, 31, 47, 1
1791, 18, 3, 32, 47, 1
1791, 19, 3, 33, 47, 1
1791, 19, 2, 39, 47, 1
1791, 18, 3, 40, 47, 1
1791, 19, 3, 41, 47, 1
1791, 19, 1, 45, 24, 1
1791, 18, 1, 46, 24, 1
1791, 19, 0, 47, 24, 1
1791, 19, 1, 49, 24, 1
1791, 18, 1, 50, 24, 1
1791, 19, 0, 51, 24, 1
1791, 18, 3, 26, 46, 2
1791, 18, 3, 27, 46, 2
1791, 18, 3, 28, 46, 2
1791, 18, 3, 29, 46, 2
1791, 18, 3, 30, 46, 2
1791, 18, 3, 31, 46, 2
1791, 18, 3, 32, 46, 2
1791, 18, 3, 33, 46, 2
1791, 18, 3, 34, 46, 2
1791, 18, 3, 35, 46, 2
1791, 18, 3, 36, 46, 2
1791, 18, 3, 37, 46, 2
1791, 18, 3, 38, 46, 2
1791, 18, 3, 39, 46, 2
1791, 18, 3, 40, 46, 2
1791, 18, 3, 41, 46, 2
1791, 18, 3, 42, 46, 2
1791, 18, 3, 43, 46, 2
1791, 18, 3, 44, 46, 2
1791, 18, 3, 45, 46, 2
1791, 18, 3, 46, 46, 2
1791, 21, 3, 47, 46, 2
1791, 19, 1, 31, 28, 3
1791, 18, 2, 31, 29, 3
1791, 18, 2, 31, 30, 3
1791, 18, 2, 31, 31, 3
1791, 18, 2, 31, 32, 3
1791, 18, 2, 31, 33, 3
1791, 18, 2, 31, 34, 3
1791, 18, 2, 31, 35, 3
1791, 18, 2, 31, 36, 3
1791, 18, 2, 31, 37, 3
1791, 18, 2, 31, 38, 3
1791, 18, 2, 31, 39, 3
1791, 18, 2, 31, 40, 3
1791, 18, 2, 31, 41, 3
1791, 18, 2, 31, 42, 3
1791, 19, 2, 31, 43, 3
1791, 18, 1, 32, 28, 3
1791, 18, 3, 32, 43, 3
1791, 18, 1, 33, 28, 3
1791, 18, 3, 33, 43, 3
1791, 18, 1, 34, 28, 3
1791, 18, 3, 34, 43, 3
1791, 18, 1, 35, 28, 3
1791, 18, 3, 35, 43, 3
1791, 18, 1, 36, 28, 3
1791, 18, 3, 36, 43, 3
1791, 18, 1, 37, 28, 3
1791, 18, 3, 37, 43, 3
1791, 18, 1, 38, 28, 3
1791, 18, 3, 38, 43, 3
1791, 18, 1, 39, 28, 3
1791, 18, 3, 39, 43, 3
1791, 18, 1, 40, 28, 3
1791, 18, 3, 40, 43, 3
1791, 19, 0, 41, 28, 3
1791, 18, 0, 41, 29, 3
1791, 18, 0, 41, 30, 3
1791, 18, 0, 41, 31, 3
1791, 18, 0, 41, 32, 3
1791, 18, 0, 41, 33, 3
1791, 18, 0, 41, 34, 3
1791, 18, 0, 41, 35, 3
1791, 18, 0, 41, 36, 3
1791, 18, 0, 41, 37, 3
1791, 18, 0, 41, 38, 3
1791, 18, 0, 41, 39, 3
1791, 18, 0, 41, 40, 3
1791, 18, 0, 41, 41, 3
1791, 18, 0, 41, 42, 3
1791, 19, 3, 41, 43, 3
1821, 4, 2, 24, 43, 0
1821, 5, 0, 25, 43, 0
1821, 5, 1, 26, 45, 0
1821, 4, 3, 26, 46, 0
1821, 5, 1, 28, 45, 0
1821, 4, 3, 28, 46, 0
1821, 4, 2, 19, 30, 2
1821, 4, 1, 22, 25, 2
1821, 4, 3, 22, 35, 2
1821, 4, 1, 51, 25, 2
1821, 4, 3, 51, 32, 2
1821, 4, 0, 54, 28, 2
1821, 4, 0, 54, 29, 2
1826, 8, 3, 21, 25, 0
1826, 4, 1, 22, 24, 0
1826, 5, 3, 22, 25, 0
1826, 8, 2, 23, 25, 0
1826, 8, 3, 25, 25, 0
1826, 4, 1, 26, 24, 0
1826, 5, 3, 26, 25, 0
1826, 8, 2, 27, 25, 0
1826, 8, 0, 31, 46, 0
1826, 5, 1, 32, 46, 0
1826, 4, 3, 32, 47, 0
1826, 8, 1, 33, 46, 0
1826, 8, 0, 39, 46, 0
1826, 5, 1, 40, 46, 0
1826, 4, 3, 40, 47, 0
1826, 8, 1, 41, 46, 0
1826, 8, 3, 45, 25, 0
1826, 4, 1, 46, 24, 0
1826, 5, 3, 46, 25, 0
1826, 8, 2, 47, 25, 0
1826, 8, 3, 49, 25, 0
1826, 4, 1, 50, 24, 0
1826, 5, 3, 50, 25, 0
1826, 8, 2, 51, 25, 0
1828, 4, 3, 28, 46, 1
1828, 4, 3, 35, 46, 1
1828, 4, 3, 37, 46, 1
1828, 4, 3, 44, 46, 1
1829, 5, 1, 28, 45, 1
1829, 5, 1, 35, 45, 1
1829, 5, 1, 37, 45, 1
1829, 5, 1, 44, 45, 1
1872, 5, 0, 20, 27, 1
1872, 5, 0, 20, 30, 1
1872, 5, 0, 20, 33, 1
1872, 5, 1, 22, 34, 1
1872, 5, 3, 23, 26, 1
1872, 5, 1, 25, 34, 1
1872, 5, 3, 26, 26, 1
1872, 5, 0, 26, 37, 1
1872, 5, 0, 26, 40, 1
1872, 5, 0, 26, 42, 1
1872, 5, 0, 26, 45, 1
1872, 5, 1, 27, 45, 1
1872, 5, 3, 29, 26, 1
1872, 5, 2, 31, 36, 1
1872, 5, 1, 31, 45, 1
1872, 4, 0, 32, 36, 1
1872, 4, 0, 32, 38, 1
1872, 4, 1, 33, 40, 1
1872, 5, 2, 34, 26, 1
1872, 5, 2, 34, 28, 1
1872, 5, 2, 34, 30, 1
1872, 5, 2, 34, 32, 1
1872, 4, 1, 36, 40, 1
1872, 5, 1, 36, 45, 1
1872, 5, 0, 39, 26, 1
1872, 5, 0, 39, 28, 1
1872, 5, 0, 39, 32, 1
1872, 4, 1, 39, 40, 1
1872, 5, 3, 40, 26, 1
1872, 5, 1, 41, 33, 1
1872, 4, 2, 41, 35, 1
1872, 4, 2, 41, 37, 1
1872, 5, 1, 41, 45, 1
1872, 5, 3, 42, 26, 1
1872, 5, 0, 42, 37, 1
1872, 5, 2, 46, 37, 1
1872, 5, 2, 46, 39, 1
1872, 5, 2, 46, 41, 1
1872, 5, 2, 46, 43, 1
1872, 5, 1, 46, 45, 1
1872, 5, 3, 48, 26, 1
1872, 5, 1, 48, 31, 1
1872, 5, 3, 50, 26, 1
1872, 5, 1, 50, 31, 1
1872, 5, 3, 52, 26, 1
1872, 5, 1, 52, 31, 1
1872, 5, 0, 32, 30, 2
1872, 5, 1, 32, 33, 2
1872, 5, 0, 32, 34, 2
1872, 5, 0, 32, 37, 2
1872, 5, 0, 32, 41, 2
1872, 5, 3, 34, 29, 2
1872, 5, 3, 36, 29, 2
1872, 5, 1, 36, 33, 2
1872, 5, 1, 38, 33, 2
1872, 5, 2, 40, 34, 2
1872, 5, 2, 40, 37, 2
1872, 5, 2, 40, 41, 2
1874, 5, 1, 21, 35, 0
2616, 10, 2, 43, 29, 0
2725, 10, 2, 32, 29, 0
2728, 10, 0, 25, 39, 0
2739, 22, 1, 38, 2, 0
2772, 22, 1, 25, 39, 0
