102, 0, 3, 40, 25, 0
184, 22, 2, 36, 22, 0
184, 22, 1, 36, 23, 0
184, 22, 0, 40, 24, 0
184, 22, 3, 41, 23, 0
185, 22, 0, 36, 19, 0
185, 22, 1, 37, 18, 0
185, 22, 1, 37, 23, 0
185, 22, 1, 37, 24, 0
185, 22, 0, 38, 24, 0
185, 22, 3, 39, 21, 0
185, 22, 2, 39, 22, 0
185, 22, 1, 39, 23, 0
185, 22, 3, 40, 18, 0
185, 22, 0, 40, 21, 0
185, 22, 1, 40, 23, 0
185, 22, 1, 41, 18, 0
185, 22, 3, 41, 19, 0
185, 22, 3, 41, 22, 0
185, 22, 2, 42, 18, 0
185, 22, 2, 42, 20, 0
185, 22, 0, 42, 21, 0
185, 22, 3, 42, 24, 0
185, 22, 2, 43, 24, 0
185, 22, 0, 44, 18, 0
185, 22, 0, 44, 22, 0
185, 22, 2, 44, 23, 0
185, 22, 0, 44, 24, 0
185, 22, 2, 45, 22, 0
185, 22, 2, 45, 23, 0
186, 22, 2, 36, 18, 0
186, 22, 0, 36, 24, 0
186, 22, 1, 39, 18, 0
186, 22, 3, 40, 22, 0
186, 22, 2, 42, 19, 0
186, 22, 0, 45, 18, 0
186, 22, 1, 45, 24, 0
196, 4, 0, 36, 20, 0
196, 4, 0, 36, 22, 0
196, 4, 3, 39, 18, 0
196, 4, 1, 39, 24, 0
196, 4, 1, 41, 24, 0
196, 4, 3, 42, 18, 0
196, 4, 3, 43, 18, 0
205, 5, 3, 39, 25, 0
205, 5, 3, 41, 25, 0
388, 10, 3, 38, 18, 0
388, 10, 3, 41, 18, 0
388, 10, 1, 42, 24, 0
432, 10, 1, 43, 19, 0
444, 10, 0, 31, 14, 0
444, 10, 0, 43, 31, 0
563, 10, 3, 52, 13, 0
563, 10, 3, 52, 16, 0
616, 10, 3, 36, 18, 0
616, 10, 2, 38, 21, 0
616, 10, 0, 45, 24, 0
705, 4, 3, 37, 18, 0
705, 4, 3, 44, 18, 0
706, 4, 0, 36, 21, 0
706, 4, 2, 45, 21, 0
825, 22, 3, 59, 18, 0
833, 5, 1, 41, 17, 1
833, 5, 3, 41, 25, 1
833, 5, 1, 42, 17, 1
833, 5, 3, 42, 25, 1
833, 5, 1, 44, 17, 1
833, 5, 3, 44, 25, 1
833, 5, 1, 45, 17, 1
833, 5, 3, 45, 25, 1
833, 5, 0, 46, 18, 1
833, 5, 0, 46, 19, 1
833, 5, 0, 46, 23, 1
833, 5, 0, 46, 24, 1
879, 10, 0, 54, 12, 0
879, 10, 0, 54, 16, 0
979, 0, 1, 0, 11, 0
979, 0, 1, 1, 11, 0
979, 0, 1, 2, 11, 0
979, 0, 1, 3, 11, 0
979, 0, 1, 4, 11, 0
979, 0, 1, 5, 11, 0
979, 0, 1, 6, 11, 0
979, 0, 1, 7, 11, 0
979, 0, 1, 8, 11, 0
979, 0, 1, 9, 11, 0
979, 0, 1, 10, 11, 0
979, 0, 1, 11, 11, 0
979, 0, 1, 12, 11, 0
979, 0, 1, 13, 11, 0
979, 0, 1, 14, 11, 0
979, 0, 1, 15, 11, 0
979, 0, 1, 16, 11, 0
979, 1, 1, 17, 10, 0
979, 9, 1, 17, 11, 0
979, 1, 1, 18, 9, 0
979, 9, 1, 18, 10, 0
979, 1, 1, 19, 8, 0
979, 9, 1, 19, 9, 0
979, 0, 1, 20, 8, 0
979, 0, 1, 21, 8, 0
979, 0, 1, 22, 8, 0
979, 0, 1, 23, 8, 0
979, 0, 1, 24, 8, 0
979, 0, 1, 25, 8, 0
979, 0, 1, 26, 8, 0
979, 0, 1, 27, 8, 0
979, 0, 1, 28, 8, 0
979, 0, 1, 29, 8, 0
979, 0, 1, 30, 8, 0
979, 0, 1, 31, 8, 0
979, 0, 1, 32, 8, 0
979, 0, 1, 33, 8, 0
979, 0, 1, 34, 8, 0
979, 0, 1, 35, 8, 0
979, 0, 1, 36, 8, 0
979, 0, 1, 37, 8, 0
979, 0, 1, 38, 8, 0
979, 1, 1, 39, 7, 0
979, 9, 1, 39, 8, 0
979, 1, 1, 40, 6, 0
979, 9, 1, 40, 7, 0
979, 1, 1, 41, 5, 0
979, 9, 1, 41, 6, 0
979, 0, 1, 42, 5, 0
979, 0, 1, 43, 5, 0
979, 0, 1, 44, 5, 0
979, 0, 1, 45, 5, 0
979, 0, 1, 46, 5, 0
979, 0, 1, 47, 5, 0
979, 0, 1, 48, 5, 0
982, 0, 1, 53, 11, 0
982, 0, 3, 53, 18, 0
982, 0, 1, 54, 11, 0
982, 0, 3, 54, 18, 0
982, 0, 1, 55, 11, 0
982, 0, 3, 55, 18, 0
982, 0, 1, 56, 11, 0
982, 0, 3, 56, 18, 0
982, 1, 0, 57, 11, 0
982, 9, 0, 57, 12, 0
982, 9, 3, 57, 17, 0
982, 1, 3, 57, 18, 0
982, 1, 0, 58, 12, 0
982, 0, 0, 58, 13, 0
982, 0, 0, 58, 16, 0
982, 1, 3, 58, 17, 0
1111, 10, 3, 37, 21, 0
1111, 10, 2, 38, 20, 0
1111, 10, 0, 38, 22, 0
1111, 10, 1, 39, 21, 0
1111, 10, 3, 44, 24, 0
1111, 10, 2, 45, 23, 0
1122, 10, 0, 6, 44, 0
1165, 10, 3, 42, 52, 0
1166, 10, 3, 40, 48, 0
1166, 10, 2, 41, 49, 0
1166, 10, 0, 43, 53, 0
1166, 10, 1, 44, 48, 0
1173, 10, 1, 16, 28, 0
1181, 10, 2, 10, 12, 0
1181, 10, 3, 11, 12, 0
1181, 10, 0, 12, 12, 0
1181, 10, 1, 13, 12, 0
1189, 10, 3, 13, 33, 0
1189, 10, 0, 13, 34, 0
1189, 10, 1, 13, 37, 0
1189, 10, 2, 14, 35, 0
1189, 10, 0, 15, 30, 0
1189, 10, 0, 15, 32, 0
1189, 10, 1, 16, 30, 0
1189, 10, 3, 17, 32, 0
1189, 10, 0, 18, 34, 0
1189, 10, 2, 19, 30, 0
1244, 22, 0, 26, 51, 0
1244, 22, 0, 27, 23, 0
1244, 22, 1, 29, 22, 0
1244, 22, 2, 30, 15, 0
1244, 22, 3, 30, 17, 0
1244, 22, 0, 31, 20, 0
1244, 22, 2, 32, 24, 0
1244, 22, 3, 32, 27, 0
1244, 22, 0, 34, 12, 0
1244, 22, 1, 34, 14, 0
1244, 22, 1, 36, 29, 0
1244, 22, 3, 37, 12, 0
1244, 22, 2, 39, 11, 0
1244, 22, 1, 42, 13, 0
1244, 22, 0, 44, 11, 0
1244, 22, 2, 44, 28, 0
1244, 22, 3, 47, 29, 0
1244, 22, 0, 47, 31, 0
1245, 22, 2, 27, 20, 0
1245, 22, 0, 27, 48, 0
1245, 22, 3, 29, 15, 0
1245, 22, 0, 30, 20, 0
1245, 22, 1, 30, 26, 0
1245, 22, 2, 33, 13, 0
1245, 22, 3, 34, 30, 0
1245, 22, 1, 37, 11, 0
1245, 22, 0, 43, 11, 0
1245, 22, 0, 47, 28, 0
1246, 22, 0, 3, 23, 0
1246, 22, 0, 3, 24, 0
1246, 22, 2, 3, 61, 0
1246, 22, 1, 4, 2, 0
1246, 22, 1, 4, 56, 0
1246, 22, 1, 4, 57, 0
1246, 22, 2, 6, 6, 0
1246, 22, 0, 6, 29, 0
1246, 22, 3, 7, 43, 0
1246, 22, 0, 9, 54, 0
1246, 22, 2, 10, 61, 0
1246, 22, 2, 11, 2, 0
1246, 22, 3, 12, 56, 0
1246, 22, 2, 13, 47, 0
1246, 22, 3, 18, 2, 0
1246, 22, 0, 20, 5, 0
1246, 22, 1, 22, 3, 0
1246, 22, 1, 25, 28, 0
1246, 22, 2, 27, 1, 0
1246, 22, 0, 29, 30, 0
1246, 22, 1, 29, 45, 0
1246, 22, 2, 31, 15, 0
1246, 22, 3, 31, 36, 0
1246, 22, 2, 31, 45, 0
1246, 22, 3, 32, 19, 0
1246, 22, 2, 32, 42, 0
1246, 22, 3, 34, 6, 0
1246, 22, 0, 36, 3, 0
1246, 22, 0, 37, 2, 0
1246, 22, 3, 40, 14, 0
1246, 22, 0, 42, 15, 0
1246, 22, 2, 44, 30, 0
1246, 22, 1, 51, 23, 0
1246, 22, 3, 54, 5, 0
1246, 22, 1, 56, 8, 0
1246, 22, 2, 57, 6, 0
1246, 22, 3, 59, 2, 0
1246, 22, 2, 59, 36, 0
1246, 22, 0, 60, 21, 0
1246, 22, 1, 60, 32, 0
1246, 22, 3, 61, 41, 0
1247, 22, 3, 0, 8, 0
1247, 22, 2, 1, 56, 0
1247, 22, 1, 1, 60, 0
1247, 22, 2, 2, 6, 0
1247, 22, 0, 2, 8, 0
1247, 22, 0, 2, 61, 0
1247, 22, 0, 3, 2, 0
1247, 22, 1, 3, 56, 0
1247, 22, 3, 3, 57, 0
1247, 22, 3, 3, 60, 0
1247, 22, 2, 4, 1, 0
1247, 22, 1, 4, 17, 0
1247, 22, 2, 4, 18, 0
1247, 22, 3, 4, 34, 0
1247, 22, 0, 4, 58, 0
1247, 22, 1, 5, 17, 0
1247, 22, 0, 5, 29, 0
1247, 22, 0, 5, 33, 0
1247, 22, 0, 5, 50, 0
1247, 22, 3, 5, 52, 0
1247, 22, 1, 5, 55, 0
1247, 22, 2, 6, 16, 0
1247, 22, 1, 6, 28, 0
1247, 22, 0, 6, 45, 0
1247, 22, 1, 7, 45, 0
1247, 22, 3, 7, 58, 0
1247, 22, 3, 8, 40, 0
1247, 22, 2, 8, 57, 0
1247, 22, 1, 8, 58, 0
1247, 22, 0, 9, 2, 0
1247, 22, 0, 9, 3, 0
1247, 22, 0, 9, 22, 0
1247, 22, 2, 9, 39, 0
1247, 22, 3, 10, 1, 0
1247, 22, 3, 10, 2, 0
1247, 22, 1, 10, 3, 0
1247, 22, 2, 10, 31, 0
1247, 22, 2, 11, 6, 0
1247, 22, 0, 11, 7, 0
1247, 22, 2, 11, 27, 0
1247, 22, 1, 11, 60, 0
1247, 22, 0, 11, 61, 0
1247, 22, 3, 12, 1, 0
1247, 22, 2, 12, 2, 0
1247, 22, 2, 12, 7, 0
1247, 22, 3, 12, 17, 0
1247, 22, 1, 12, 26, 0
1247, 22, 1, 12, 27, 0
1247, 22, 3, 12, 42, 0
1247, 22, 2, 13, 2, 0
1247, 22, 3, 13, 6, 0
1247, 22, 2, 13, 7, 0
1247, 22, 0, 13, 16, 0
1247, 22, 1, 13, 17, 0
1247, 22, 0, 13, 41, 0
1247, 22, 2, 13, 42, 0
1247, 22, 3, 13, 55, 0
1247, 22, 2, 14, 46, 0
1247, 22, 3, 14, 47, 0
1247, 22, 1, 15, 20, 0
1247, 22, 2, 15, 21, 0
1247, 22, 2, 16, 14, 0
1247, 22, 0, 16, 20, 0
1247, 22, 3, 17, 14, 0
1247, 22, 0, 18, 13, 0
1247, 22, 3, 19, 1, 0
1247, 22, 2, 19, 2, 0
1247, 22, 3, 19, 6, 0
1247, 22, 1, 19, 27, 0
1247, 22, 2, 19, 40, 0
1247, 22, 0, 20, 6, 0
1247, 22, 1, 20, 27, 0
1247, 22, 1, 21, 16, 0
1247, 22, 2, 21, 26, 0
1247, 22, 0, 22, 16, 0
1247, 22, 2, 22, 17, 0
1247, 22, 1, 23, 3, 0
1247, 22, 0, 23, 20, 0
1247, 22, 3, 23, 21, 0
1247, 22, 2, 24, 2, 0
1247, 22, 0, 24, 3, 0
1247, 22, 1, 24, 49, 0
1247, 22, 2, 25, 45, 0
1247, 22, 3, 26, 4, 0
1247, 22, 3, 26, 45, 0
1247, 22, 0, 27, 49, 0
1247, 22, 3, 28, 2, 0
1247, 22, 0, 28, 49, 0
1247, 22, 2, 29, 1, 0
1247, 22, 0, 29, 2, 0
1247, 22, 3, 29, 17, 0
1247, 22, 2, 30, 12, 0
1247, 22, 1, 30, 52, 0
1247, 22, 2, 30, 53, 0
1247, 22, 0, 31, 19, 0
1247, 22, 1, 31, 46, 0
1247, 22, 0, 31, 49, 0
1247, 22, 1, 32, 11, 0
1247, 22, 1, 32, 21, 0
1247, 22, 2, 32, 26, 0
1247, 22, 3, 32, 29, 0
1247, 22, 0, 32, 39, 0
1247, 22, 3, 32, 41, 0
1247, 22, 3, 32, 51, 0
1247, 22, 3, 32, 57, 0
1247, 22, 1, 33, 42, 0
1247, 22, 2, 33, 44, 0
1247, 22, 2, 33, 52, 0
1247, 22, 2, 33, 53, 0
1247, 22, 0, 33, 56, 0
1247, 22, 0, 33, 57, 0
1247, 22, 3, 34, 4, 0
1247, 22, 0, 34, 13, 0
1247, 22, 0, 34, 31, 0
1247, 22, 0, 34, 40, 0
1247, 22, 1, 34, 52, 0
1247, 22, 1, 35, 1, 0
1247, 22, 1, 35, 2, 0
1247, 22, 0, 35, 3, 0
1247, 22, 1, 35, 5, 0
1247, 22, 0, 35, 6, 0
1247, 22, 1, 36, 45, 0
1247, 22, 3, 37, 16, 0
1247, 22, 2, 39, 50, 0
1247, 22, 1, 42, 28, 0
1247, 22, 3, 43, 32, 0
1247, 22, 0, 44, 12, 0
1247, 22, 2, 45, 30, 0
1247, 22, 1, 47, 12, 0
1247, 22, 2, 47, 15, 0
1247, 22, 2, 56, 7, 0
1247, 22, 2, 57, 2, 0
1247, 22, 2, 57, 16, 0
1247, 22, 0, 57, 29, 0
1247, 22, 2, 58, 2, 0
1247, 22, 1, 58, 6, 0
1247, 22, 3, 58, 8, 0
1247, 22, 1, 58, 28, 0
1247, 22, 3, 58, 37, 0
1247, 22, 0, 59, 3, 0
1247, 22, 0, 59, 21, 0
1247, 22, 2, 59, 22, 0
1247, 22, 0, 59, 37, 0
1247, 22, 2, 60, 1, 0
1247, 22, 2, 60, 33, 0
1247, 22, 0, 60, 35, 0
1247, 22, 1, 60, 36, 0
1247, 22, 1, 61, 32, 0
1247, 22, 0, 61, 34, 0
1247, 22, 2, 61, 36, 0
1248, 22, 2, 2, 55, 0
1248, 22, 2, 3, 19, 0
1248, 22, 2, 8, 22, 0
1248, 22, 0, 22, 21, 0
1248, 22, 1, 23, 17, 0
1248, 22, 2, 23, 41, 0
1248, 22, 2, 24, 44, 0
1248, 22, 2, 25, 16, 0
1248, 22, 3, 26, 20, 0
1248, 22, 3, 27, 24, 0
1248, 22, 0, 28, 17, 0
1248, 22, 2, 28, 41, 0
1248, 22, 2, 30, 37, 0
1248, 22, 1, 32, 12, 0
1248, 22, 2, 36, 36, 0
1248, 22, 2, 38, 42, 0
1248, 22, 2, 39, 10, 0
1248, 22, 2, 40, 39, 0
1248, 22, 2, 42, 45, 0
1248, 22, 3, 43, 7, 0
1248, 22, 3, 44, 31, 0
1248, 22, 1, 47, 16, 0
1248, 22, 0, 48, 13, 0
1248, 22, 2, 50, 24, 0
1253, 22, 2, 1, 11, 0
1253, 22, 1, 2, 10, 0
1253, 22, 0, 3, 9, 0
1253, 22, 1, 3, 10, 0
1253, 22, 0, 4, 9, 0
1253, 22, 1, 4, 10, 0
1253, 22, 2, 4, 12, 0
1253, 22, 2, 4, 13, 0
1253, 22, 1, 5, 9, 0
1253, 22, 2, 5, 10, 0
1253, 22, 1, 5, 13, 0
1253, 22, 2, 6, 10, 0
1253, 22, 3, 6, 11, 0
1253, 22, 3, 6, 12, 0
1253, 22, 2, 6, 13, 0
1253, 22, 0, 7, 11, 0
1253, 22, 0, 7, 52, 0
1253, 22, 0, 19, 39, 0
1253, 22, 0, 21, 45, 0
1253, 22, 0, 22, 39, 0
1253, 22, 0, 26, 43, 0
1253, 22, 0, 27, 37, 0
1253, 22, 0, 27, 38, 0
1253, 22, 0, 28, 16, 0
1253, 22, 0, 28, 19, 0
1253, 22, 0, 28, 22, 0
1253, 22, 0, 28, 38, 0
1253, 22, 0, 29, 18, 0
1253, 22, 0, 29, 27, 0
1253, 22, 0, 30, 24, 0
1253, 22, 0, 30, 27, 0
1253, 22, 0, 30, 36, 0
1253, 22, 0, 31, 14, 0
1253, 22, 0, 32, 50, 0
1253, 22, 0, 33, 28, 0
1253, 22, 0, 34, 45, 0
1253, 22, 0, 35, 45, 0
1253, 22, 0, 36, 47, 0
1253, 22, 0, 38, 10, 0
1253, 22, 0, 44, 13, 0
1253, 22, 0, 44, 35, 0
1253, 22, 0, 45, 29, 0
1253, 22, 0, 46, 27, 0
1253, 22, 0, 46, 29, 0
1253, 22, 0, 46, 30, 0
1253, 22, 0, 47, 32, 0
1253, 22, 0, 49, 12, 0
1254, 22, 0, 2, 11, 0
1254, 22, 0, 3, 11, 0
1254, 22, 3, 4, 11, 0
1254, 22, 3, 5, 11, 0
1254, 22, 0, 5, 12, 0
1254, 22, 0, 7, 12, 0
1254, 22, 1, 8, 12, 0
1254, 22, 0, 26, 25, 0
1254, 22, 3, 28, 8, 0
1254, 22, 0, 30, 16, 0
1254, 22, 0, 30, 25, 0
1254, 22, 0, 31, 22, 0
1254, 22, 0, 31, 26, 0
1254, 22, 0, 36, 14, 0
1254, 22, 1, 37, 8, 0
1254, 22, 0, 42, 12, 0
1254, 22, 1, 43, 5, 0
1254, 22, 0, 45, 10, 0
1254, 22, 0, 48, 11, 0
1255, 22, 1, 36, 8, 0
1257, 22, 0, 4, 8, 0
1257, 22, 2, 5, 8, 0
1257, 22, 3, 6, 8, 0
1257, 22, 0, 6, 9, 0
1257, 22, 0, 6, 47, 0
1257, 22, 0, 6, 48, 0
1257, 22, 0, 7, 9, 0
1257, 22, 3, 7, 10, 0
1257, 22, 1, 7, 47, 0
1257, 22, 2, 7, 48, 0
1257, 22, 1, 7, 49, 0
1257, 22, 1, 8, 9, 0
1257, 22, 2, 8, 10, 0
1257, 22, 3, 8, 11, 0
1257, 22, 2, 8, 47, 0
1257, 22, 0, 8, 50, 0
1257, 22, 3, 9, 10, 0
1257, 22, 1, 9, 11, 0
1257, 22, 1, 9, 33, 0
1257, 22, 2, 9, 34, 0
1257, 22, 3, 9, 48, 0
1257, 22, 3, 9, 49, 0
1257, 22, 0, 9, 50, 0
1257, 22, 2, 9, 51, 0
1257, 22, 2, 9, 52, 0
1257, 22, 0, 10, 32, 0
1257, 22, 3, 10, 34, 0
1257, 22, 0, 10, 35, 0
1257, 22, 1, 10, 36, 0
1257, 22, 0, 10, 50, 0
1257, 22, 1, 10, 52, 0
1257, 22, 1, 11, 11, 0
1257, 22, 2, 11, 31, 0
1257, 22, 2, 11, 36, 0
1257, 22, 2, 11, 37, 0
1257, 22, 3, 11, 50, 0
1257, 22, 0, 11, 51, 0
1257, 22, 1, 11, 52, 0
1257, 22, 2, 11, 53, 0
1257, 22, 1, 11, 54, 0
1257, 22, 1, 12, 11, 0
1257, 22, 2, 12, 31, 0
1257, 22, 0, 12, 32, 0
1257, 22, 3, 12, 35, 0
1257, 22, 0, 12, 36, 0
1257, 22, 0, 12, 37, 0
1257, 22, 3, 12, 51, 0
1257, 22, 2, 12, 52, 0
1257, 22, 2, 12, 53, 0
1257, 22, 0, 13, 10, 0
1257, 22, 3, 13, 11, 0
1257, 22, 0, 13, 30, 0
1257, 22, 2, 13, 31, 0
1257, 22, 1, 13, 34, 0
1257, 22, 1, 13, 35, 0
1257, 22, 2, 13, 36, 0
1257, 22, 0, 14, 10, 0
1257, 22, 1, 14, 11, 0
1257, 22, 3, 14, 30, 0
1257, 22, 3, 14, 33, 0
1257, 22, 2, 14, 36, 0
1257, 22, 2, 15, 9, 0
1257, 22, 2, 15, 33, 0
1257, 22, 3, 15, 36, 0
1257, 22, 1, 15, 37, 0
1257, 22, 3, 15, 38, 0
1257, 22, 0, 15, 54, 0
1257, 22, 1, 16, 9, 0
1257, 22, 2, 16, 30, 0
1257, 22, 3, 16, 31, 0
1257, 22, 1, 16, 32, 0
1257, 22, 0, 16, 37, 0
1257, 22, 1, 16, 52, 0
1257, 22, 2, 16, 53, 0
1257, 22, 0, 16, 54, 0
1257, 22, 0, 16, 55, 0
1257, 22, 0, 17, 8, 0
1257, 22, 1, 17, 30, 0
1257, 22, 0, 17, 31, 0
1257, 22, 3, 17, 32, 0
1257, 22, 2, 17, 33, 0
1257, 22, 2, 17, 34, 0
1257, 22, 1, 17, 36, 0
1257, 22, 0, 17, 37, 0
1257, 22, 3, 17, 51, 0
1257, 22, 0, 17, 52, 0
1257, 22, 0, 17, 53, 0
1257, 22, 0, 17, 54, 0
1257, 22, 3, 17, 55, 0
1257, 22, 2, 17, 56, 0
1257, 22, 1, 18, 8, 0
1257, 22, 2, 18, 9, 0
1257, 22, 0, 18, 32, 0
1257, 22, 2, 18, 49, 0
1257, 22, 2, 18, 50, 0
1257, 22, 0, 18, 51, 0
1257, 22, 3, 18, 56, 0
1257, 22, 3, 19, 34, 0
1257, 22, 3, 19, 35, 0
1257, 22, 1, 19, 36, 0
1257, 22, 2, 19, 48, 0
1257, 22, 3, 19, 56, 0
1257, 22, 2, 19, 57, 0
1257, 22, 3, 20, 48, 0
1257, 22, 0, 20, 49, 0
1257, 22, 3, 20, 56, 0
1257, 22, 1, 20, 57, 0
1257, 22, 3, 21, 9, 0
1257, 22, 1, 21, 53, 0
1257, 22, 2, 21, 56, 0
1257, 22, 2, 22, 9, 0
1257, 22, 1, 22, 46, 0
1257, 22, 0, 22, 47, 0
1257, 22, 0, 22, 53, 0
1257, 22, 2, 22, 54, 0
1257, 22, 3, 22, 55, 0
1257, 22, 0, 22, 56, 0
1257, 22, 0, 22, 57, 0
1257, 22, 2, 23, 9, 0
1257, 22, 1, 23, 37, 0
1257, 22, 3, 23, 43, 0
1257, 22, 0, 23, 45, 0
1257, 22, 0, 23, 46, 0
1257, 22, 2, 23, 47, 0
1257, 22, 3, 23, 48, 0
1257, 22, 3, 23, 54, 0
1257, 22, 0, 23, 55, 0
1257, 22, 1, 23, 56, 0
1257, 22, 3, 23, 57, 0
1257, 22, 1, 24, 10, 0
1257, 22, 0, 24, 35, 0
1257, 22, 0, 24, 36, 0
1257, 22, 2, 24, 38, 0
1257, 22, 0, 24, 46, 0
1257, 22, 3, 24, 47, 0
1257, 22, 2, 24, 55, 0
1257, 22, 2, 24, 56, 0
1257, 22, 0, 25, 9, 0
1257, 22, 2, 25, 34, 0
1257, 22, 2, 25, 36, 0
1257, 22, 2, 25, 37, 0
1257, 22, 3, 25, 47, 0
1257, 22, 2, 25, 50, 0
1257, 22, 0, 25, 56, 0
1257, 22, 2, 26, 9, 0
1257, 22, 1, 26, 33, 0
1257, 22, 2, 26, 34, 0
1257, 22, 0, 26, 36, 0
1257, 22, 2, 26, 47, 0
1257, 22, 1, 26, 48, 0
1257, 22, 0, 26, 49, 0
1257, 22, 0, 26, 55, 0
1257, 22, 3, 26, 56, 0
1257, 22, 3, 27, 8, 0
1257, 22, 1, 27, 33, 0
1257, 22, 2, 27, 34, 0
1257, 22, 2, 27, 36, 0
1257, 22, 1, 27, 50, 0
1257, 22, 0, 27, 51, 0
1257, 22, 0, 27, 52, 0
1257, 22, 3, 27, 55, 0
1257, 22, 3, 27, 56, 0
1257, 22, 0, 28, 7, 0
1257, 22, 3, 28, 33, 0
1257, 22, 0, 28, 34, 0
1257, 22, 3, 28, 35, 0
1257, 22, 2, 28, 53, 0
1257, 22, 2, 28, 55, 0
1257, 22, 1, 29, 7, 0
1257, 22, 3, 29, 8, 0
1257, 22, 2, 29, 32, 0
1257, 22, 0, 29, 33, 0
1257, 22, 1, 29, 34, 0
1257, 22, 1, 30, 7, 0
1257, 22, 0, 30, 8, 0
1257, 22, 1, 30, 32, 0
1257, 22, 2, 30, 35, 0
1257, 22, 2, 31, 9, 0
1257, 22, 0, 31, 32, 0
1257, 22, 0, 31, 33, 0
1257, 22, 2, 31, 35, 0
1257, 22, 2, 32, 9, 0
1257, 22, 3, 32, 33, 0
1257, 22, 2, 32, 34, 0
1257, 22, 3, 32, 35, 0
1257, 22, 1, 33, 3, 0
1257, 22, 2, 33, 33, 0
1257, 22, 0, 33, 34, 0
1257, 22, 0, 33, 35, 0
1257, 22, 2, 34, 9, 0
1257, 22, 0, 34, 34, 0
1257, 22, 1, 34, 35, 0
1257, 22, 1, 35, 34, 0
1257, 22, 3, 35, 35, 0
1257, 22, 3, 36, 6, 0
1257, 22, 3, 36, 7, 0
1257, 22, 2, 36, 35, 0
1257, 22, 2, 37, 5, 0
1257, 22, 2, 37, 6, 0
1257, 22, 0, 37, 7, 0
1257, 22, 1, 38, 5, 0
1257, 22, 2, 38, 6, 0
1257, 22, 3, 38, 54, 0
1257, 22, 0, 39, 4, 0
1257, 22, 0, 39, 5, 0
1257, 22, 1, 39, 53, 0
1257, 22, 0, 39, 54, 0
1257, 22, 0, 40, 3, 0
1257, 22, 3, 40, 4, 0
1257, 22, 1, 40, 5, 0
1257, 22, 0, 40, 52, 0
1257, 22, 0, 40, 55, 0
1257, 22, 0, 41, 0, 0
1257, 22, 1, 41, 1, 0
1257, 22, 3, 41, 2, 0
1257, 22, 3, 41, 4, 0
1257, 22, 1, 41, 5, 0
1257, 22, 3, 41, 53, 0
1257, 22, 1, 41, 56, 0
1257, 22, 2, 42, 2, 0
1257, 22, 1, 42, 3, 0
1257, 22, 0, 42, 4, 0
1257, 22, 1, 42, 37, 0
1257, 22, 1, 42, 38, 0
1257, 22, 2, 43, 2, 0
1257, 22, 2, 43, 3, 0
1257, 22, 0, 43, 4, 0
1257, 22, 2, 43, 38, 0
1257, 22, 3, 43, 40, 0
1257, 22, 3, 43, 41, 0
1257, 22, 2, 43, 42, 0
1257, 22, 2, 43, 56, 0
1257, 22, 1, 44, 0, 0
1257, 22, 3, 44, 1, 0
1257, 22, 0, 44, 2, 0
1257, 22, 0, 44, 3, 0
1257, 22, 3, 44, 4, 0
1257, 22, 1, 44, 5, 0
1257, 22, 0, 44, 39, 0
1257, 22, 0, 44, 43, 0
1257, 22, 1, 45, 2, 0
1257, 22, 1, 45, 3, 0
1257, 22, 2, 45, 4, 0
1257, 22, 2, 45, 5, 0
1257, 22, 0, 45, 6, 0
1257, 22, 1, 45, 39, 0
1257, 22, 1, 45, 40, 0
1257, 22, 2, 45, 41, 0
1257, 22, 0, 45, 42, 0
1257, 22, 1, 45, 44, 0
1257, 22, 1, 45, 50, 0
1257, 22, 0, 45, 51, 0
1257, 22, 3, 45, 53, 0
1257, 22, 1, 45, 55, 0
1257, 22, 0, 46, 3, 0
1257, 22, 3, 46, 5, 0
1257, 22, 1, 46, 6, 0
1257, 22, 0, 46, 45, 0
1257, 22, 1, 46, 46, 0
1257, 22, 3, 46, 51, 0
1257, 22, 2, 46, 53, 0
1257, 22, 0, 46, 54, 0
1257, 22, 1, 46, 55, 0
1257, 22, 3, 47, 4, 0
1257, 22, 3, 47, 5, 0
1257, 22, 3, 47, 6, 0
1257, 22, 3, 47, 8, 0
1257, 22, 3, 47, 46, 0
1257, 22, 3, 47, 47, 0
1257, 22, 2, 47, 51, 0
1257, 22, 2, 47, 53, 0
1257, 22, 0, 47, 54, 0
1257, 22, 2, 48, 4, 0
1257, 22, 2, 48, 5, 0
1257, 22, 3, 48, 6, 0
1257, 22, 0, 48, 7, 0
1257, 22, 2, 48, 8, 0
1257, 22, 2, 48, 46, 0
1257, 22, 0, 48, 53, 0
1257, 22, 2, 49, 8, 0
1257, 22, 1, 49, 9, 0
1257, 22, 3, 49, 18, 0
1257, 22, 2, 49, 19, 0
1257, 22, 2, 49, 20, 0
1257, 22, 0, 49, 47, 0
1257, 22, 1, 49, 48, 0
1257, 22, 1, 49, 49, 0
1257, 22, 2, 50, 8, 0
1257, 22, 3, 50, 15, 0
1257, 22, 2, 50, 16, 0
1257, 22, 2, 50, 17, 0
1257, 22, 3, 50, 18, 0
1257, 22, 0, 50, 19, 0
1257, 22, 3, 50, 21, 0
1257, 22, 0, 51, 21, 0
1257, 22, 0, 51, 22, 0
1257, 22, 0, 52, 6, 0
1257, 22, 2, 52, 22, 0
1257, 22, 0, 52, 34, 0
1257, 22, 3, 52, 35, 0
1257, 22, 2, 53, 4, 0
1257, 22, 2, 53, 5, 0
1257, 22, 3, 53, 6, 0
1257, 22, 3, 53, 7, 0
1257, 22, 3, 53, 9, 0
1257, 22, 2, 53, 11, 0
1257, 22, 2, 53, 18, 0
1257, 22, 2, 53, 19, 0
1257, 22, 1, 53, 33, 0
1257, 22, 2, 53, 36, 0
1257, 22, 1, 53, 37, 0
1257, 22, 3, 54, 6, 0
1257, 22, 2, 54, 7, 0
1257, 22, 1, 54, 8, 0
1257, 22, 1, 54, 9, 0
1257, 22, 3, 54, 10, 0
1257, 22, 3, 54, 18, 0
1257, 22, 2, 54, 19, 0
1257, 22, 2, 55, 2, 0
1257, 22, 3, 55, 3, 0
1257, 22, 3, 55, 4, 0
1257, 22, 1, 55, 5, 0
1257, 22, 1, 55, 9, 0
1257, 22, 2, 55, 10, 0
1257, 22, 0, 55, 11, 0
1257, 22, 2, 55, 18, 0
1257, 22, 2, 55, 19, 0
1257, 22, 0, 55, 20, 0
1257, 22, 1, 55, 21, 0
1257, 22, 2, 55, 31, 0
1257, 22, 3, 55, 32, 0
1257, 22, 1, 55, 33, 0
1257, 22, 0, 55, 39, 0
1257, 22, 1, 56, 1, 0
1257, 22, 3, 56, 3, 0
1257, 22, 2, 56, 4, 0
1257, 22, 0, 56, 9, 0
1257, 22, 2, 56, 10, 0
1257, 22, 3, 56, 19, 0
1257, 22, 1, 56, 20, 0
1257, 22, 0, 56, 21, 0
1257, 22, 3, 56, 22, 0
1257, 22, 2, 56, 30, 0
1257, 22, 1, 56, 31, 0
1257, 22, 1, 56, 32, 0
1257, 22, 0, 56, 33, 0
1257, 22, 2, 56, 37, 0
1257, 22, 1, 56, 39, 0
1257, 22, 3, 56, 46, 0
1257, 22, 0, 57, 1, 0
1257, 22, 1, 57, 19, 0
1257, 22, 2, 57, 23, 0
1257, 22, 1, 57, 24, 0
1257, 22, 1, 57, 25, 0
1257, 22, 0, 57, 26, 0
1257, 22, 3, 57, 27, 0
1257, 22, 3, 57, 35, 0
1257, 22, 0, 57, 40, 0
1257, 22, 0, 57, 45, 0
1257, 22, 2, 57, 47, 0
1257, 22, 3, 58, 40, 0
1257, 22, 1, 58, 41, 0
1257, 22, 3, 58, 46, 0
1257, 22, 1, 58, 48, 0
1257, 22, 0, 58, 49, 0
1257, 22, 0, 59, 41, 0
1257, 22, 3, 59, 47, 0
1257, 22, 3, 59, 50, 0
1257, 22, 3, 60, 42, 0
1257, 22, 3, 60, 51, 0
1257, 22, 1, 61, 15, 0
1257, 22, 1, 61, 16, 0
1257, 22, 2, 61, 17, 0
1257, 22, 3, 61, 18, 0
1257, 22, 0, 61, 21, 0
1257, 22, 0, 61, 22, 0
1257, 22, 1, 61, 24, 0
1257, 22, 3, 61, 31, 0
1257, 22, 0, 61, 35, 0
1257, 22, 0, 61, 40, 0
1257, 22, 1, 61, 42, 0
1257, 22, 2, 61, 43, 0
1257, 22, 3, 61, 51, 0
1257, 22, 2, 62, 12, 0
1257, 22, 3, 62, 13, 0
1257, 22, 0, 62, 14, 0
1257, 22, 0, 62, 19, 0
1257, 22, 2, 62, 20, 0
1257, 22, 3, 62, 23, 0
1257, 22, 2, 62, 25, 0
1257, 22, 3, 62, 28, 0
1257, 22, 1, 62, 29, 0
1257, 22, 2, 62, 30, 0
1257, 22, 0, 62, 33, 0
1257, 22, 2, 62, 35, 0
1257, 22, 0, 62, 36, 0
1257, 22, 1, 62, 37, 0
1257, 22, 2, 62, 38, 0
1257, 22, 3, 62, 39, 0
1257, 22, 2, 62, 43, 0
1257, 22, 1, 62, 44, 0
1257, 22, 0, 62, 45, 0
1257, 22, 0, 62, 46, 0
1257, 22, 2, 62, 51, 0
1257, 22, 1, 62, 52, 0
1257, 22, 3, 63, 7, 0
1257, 22, 1, 63, 8, 0
1257, 22, 0, 63, 9, 0
1257, 22, 1, 63, 10, 0
1257, 22, 1, 63, 11, 0
1257, 22, 2, 63, 12, 0
1257, 22, 3, 63, 25, 0
1257, 22, 0, 63, 27, 0
1257, 22, 1, 63, 28, 0
1257, 22, 1, 63, 29, 0
1257, 22, 1, 63, 33, 0
1257, 22, 3, 63, 43, 0
1257, 22, 3, 63, 52, 0
1258, 22, 3, 1, 12, 0
1258, 22, 2, 2, 12, 0
1258, 22, 3, 2, 53, 0
1258, 22, 1, 3, 12, 0
1258, 22, 0, 3, 13, 0
1258, 22, 1, 4, 59, 0
1258, 22, 2, 5, 57, 0
1258, 22, 1, 5, 59, 0
1258, 22, 3, 8, 48, 0
1258, 22, 3, 8, 49, 0
1258, 22, 0, 10, 33, 0
1258, 22, 0, 10, 51, 0
1258, 22, 1, 10, 56, 0
1258, 22, 1, 11, 35, 0
1258, 22, 0, 12, 33, 0
1258, 22, 2, 12, 34, 0
1258, 22, 3, 12, 38, 0
1258, 22, 2, 13, 12, 0
1258, 22, 2, 13, 37, 0
1258, 22, 2, 14, 13, 0
1258, 22, 2, 14, 32, 0
1258, 22, 1, 14, 37, 0
1258, 22, 0, 15, 10, 0
1258, 22, 2, 15, 11, 0
1258, 22, 2, 15, 12, 0
1258, 22, 3, 15, 13, 0
1258, 22, 3, 15, 31, 0
1258, 22, 1, 16, 10, 0
1258, 22, 0, 16, 12, 0
1258, 22, 3, 16, 13, 0
1258, 22, 0, 17, 9, 0
1258, 22, 1, 17, 12, 0
1258, 22, 0, 17, 13, 0
1258, 22, 0, 17, 35, 0
1258, 22, 2, 18, 11, 0
1258, 22, 3, 18, 12, 0
1258, 22, 2, 18, 33, 0
1258, 22, 3, 18, 34, 0
1258, 22, 1, 18, 36, 0
1258, 22, 3, 18, 52, 0
1258, 22, 3, 18, 53, 0
1258, 22, 2, 18, 54, 0
1258, 22, 1, 18, 55, 0
1258, 22, 2, 19, 12, 0
1258, 22, 3, 19, 49, 0
1258, 22, 3, 19, 50, 0
1258, 22, 0, 19, 51, 0
1258, 22, 0, 19, 52, 0
1258, 22, 1, 19, 55, 0
1258, 22, 3, 20, 9, 0
1258, 22, 1, 20, 50, 0
1258, 22, 2, 20, 51, 0
1258, 22, 0, 20, 55, 0
1258, 22, 0, 21, 10, 0
1258, 22, 2, 21, 52, 0
1258, 22, 3, 21, 54, 0
1258, 22, 3, 21, 55, 0
1258, 22, 1, 22, 10, 0
1258, 22, 2, 23, 10, 0
1258, 22, 3, 24, 9, 0
1258, 22, 3, 25, 46, 0
1258, 22, 1, 26, 7, 0
1258, 22, 2, 26, 8, 0
1258, 22, 0, 27, 7, 0
1258, 22, 1, 27, 35, 0
1258, 22, 3, 29, 35, 0
1258, 22, 2, 30, 9, 0
1258, 22, 2, 30, 33, 0
1258, 22, 2, 30, 34, 0
1258, 22, 3, 31, 8, 0
1258, 22, 0, 31, 10, 0
1258, 22, 2, 31, 34, 0
1258, 22, 0, 32, 8, 0
1258, 22, 3, 32, 10, 0
1258, 22, 1, 33, 8, 0
1258, 22, 3, 33, 9, 0
1258, 22, 3, 33, 10, 0
1258, 22, 1, 34, 8, 0
1258, 22, 2, 34, 10, 0
1258, 22, 1, 35, 10, 0
1258, 22, 3, 36, 9, 0
1258, 22, 2, 38, 7, 0
1258, 22, 0, 38, 8, 0
1258, 22, 3, 39, 6, 0
1258, 22, 2, 40, 6, 0
1258, 22, 1, 40, 7, 0
1258, 22, 2, 40, 8, 0
1258, 22, 3, 40, 9, 0
1258, 22, 1, 41, 6, 0
1258, 22, 0, 41, 7, 0
1258, 22, 3, 42, 5, 0
1258, 22, 2, 42, 6, 0
1258, 22, 3, 42, 56, 0
1258, 22, 2, 43, 6, 0
1258, 22, 1, 43, 53, 0
1258, 22, 2, 44, 6, 0
1258, 22, 0, 44, 41, 0
1258, 22, 2, 44, 53, 0
1258, 22, 2, 44, 56, 0
1258, 22, 3, 45, 1, 0
1258, 22, 3, 45, 45, 0
1258, 22, 2, 45, 47, 0
1258, 22, 0, 45, 49, 0
1258, 22, 0, 46, 2, 0
1258, 22, 0, 46, 49, 0
1258, 22, 0, 46, 50, 0
1258, 22, 1, 47, 2, 0
1258, 22, 2, 47, 3, 0
1258, 22, 3, 47, 50, 0
1258, 22, 2, 48, 0, 0
1258, 22, 2, 48, 3, 0
1258, 22, 2, 49, 0, 0
1258, 22, 1, 50, 3, 0
1258, 22, 0, 50, 4, 0
1258, 22, 1, 51, 0, 0
1258, 22, 3, 51, 5, 0
1258, 22, 1, 52, 0, 0
1258, 22, 0, 52, 3, 0
1258, 22, 2, 52, 4, 0
1258, 22, 2, 52, 5, 0
1258, 22, 2, 52, 8, 0
1258, 22, 3, 52, 11, 0
1258, 22, 3, 52, 24, 0
1258, 22, 3, 52, 26, 0
1258, 22, 0, 52, 27, 0
1258, 22, 0, 52, 28, 0
1258, 22, 3, 52, 31, 0
1258, 22, 2, 52, 32, 0
1258, 22, 3, 52, 38, 0
1258, 22, 2, 52, 39, 0
1258, 22, 1, 52, 41, 0
1258, 22, 3, 53, 3, 0
1258, 22, 0, 53, 8, 0
1258, 22, 2, 53, 23, 0
1258, 22, 0, 53, 25, 0
1258, 22, 1, 53, 26, 0
1258, 22, 1, 53, 27, 0
1258, 22, 0, 53, 29, 0
1258, 22, 0, 53, 30, 0
1258, 22, 3, 53, 31, 0
1258, 22, 1, 53, 32, 0
1258, 22, 3, 53, 38, 0
1258, 22, 2, 54, 2, 0
1258, 22, 2, 54, 3, 0
1258, 22, 2, 54, 20, 0
1258, 22, 1, 54, 43, 0
1258, 22, 1, 55, 22, 0
1258, 22, 1, 55, 26, 0
1258, 22, 1, 55, 29, 0
1258, 22, 0, 55, 30, 0
1258, 22, 3, 55, 34, 0
1258, 22, 3, 55, 37, 0
1258, 22, 0, 56, 23, 0
1258, 22, 3, 56, 24, 0
1258, 22, 3, 56, 25, 0
1258, 22, 1, 56, 26, 0
1258, 22, 2, 56, 27, 0
1258, 22, 3, 56, 28, 0
1258, 22, 3, 56, 29, 0
1258, 22, 2, 56, 35, 0
1258, 22, 2, 56, 36, 0
1258, 22, 3, 56, 40, 0
1258, 22, 2, 57, 41, 0
1258, 22, 1, 57, 46, 0
1258, 22, 2, 58, 42, 0
1258, 22, 1, 59, 43, 0
1258, 22, 0, 61, 44, 0
1258, 22, 3, 61, 45, 0
1258, 22, 0, 62, 15, 0
1258, 22, 1, 62, 16, 0
1258, 22, 3, 62, 17, 0
1258, 22, 3, 62, 18, 0
1258, 22, 3, 62, 21, 0
1258, 22, 1, 62, 22, 0
1258, 22, 3, 62, 31, 0
1258, 22, 3, 62, 32, 0
1258, 22, 3, 62, 40, 0
1258, 22, 0, 62, 41, 0
1258, 22, 2, 63, 13, 0
1258, 22, 3, 63, 14, 0
1258, 22, 3, 63, 15, 0
1258, 22, 1, 63, 19, 0
1258, 22, 2, 63, 20, 0
1258, 22, 1, 63, 21, 0
1258, 22, 2, 63, 23, 0
1258, 22, 0, 63, 24, 0
1258, 22, 0, 63, 30, 0
1258, 22, 1, 63, 31, 0
1258, 22, 1, 63, 34, 0
1258, 22, 2, 63, 35, 0
1258, 22, 3, 63, 38, 0
1258, 22, 3, 63, 40, 0
1258, 22, 1, 63, 42, 0
1259, 22, 3, 2, 52, 0
1259, 22, 2, 11, 33, 0
1259, 22, 3, 11, 34, 0
1259, 22, 1, 13, 32, 0
1259, 22, 2, 13, 38, 0
1259, 22, 0, 14, 31, 0
1259, 22, 3, 14, 38, 0
1259, 22, 2, 16, 11, 0
1259, 22, 0, 17, 10, 0
1259, 22, 1, 18, 35, 0
1259, 22, 2, 19, 53, 0
1259, 22, 2, 19, 54, 0
1259, 22, 2, 20, 52, 0
1259, 22, 2, 20, 53, 0
1259, 22, 1, 20, 54, 0
1259, 22, 0, 25, 35, 0
1259, 22, 3, 26, 35, 0
1259, 22, 0, 36, 49, 0
1259, 22, 1, 37, 48, 0
1259, 22, 2, 38, 48, 0
1259, 22, 2, 39, 7, 0
1259, 22, 1, 40, 54, 0
1259, 22, 2, 41, 54, 0
1259, 22, 1, 41, 55, 0
1259, 22, 2, 42, 54, 0
1259, 22, 1, 42, 55, 0
1259, 22, 1, 43, 39, 0
1259, 22, 3, 43, 54, 0
1259, 22, 0, 43, 55, 0
1259, 22, 3, 44, 40, 0
1259, 22, 3, 44, 42, 0
1259, 22, 1, 44, 44, 0
1259, 22, 2, 44, 45, 0
1259, 22, 3, 44, 54, 0
1259, 22, 0, 44, 55, 0
1259, 22, 0, 45, 46, 0
1259, 22, 3, 45, 54, 0
1259, 22, 0, 46, 47, 0
1259, 22, 1, 46, 48, 0
1259, 22, 1, 47, 48, 0
1259, 22, 1, 47, 49, 0
1259, 22, 2, 48, 48, 0
1259, 22, 2, 49, 7, 0
1259, 22, 0, 50, 9, 0
1259, 22, 0, 50, 10, 0
1259, 22, 0, 50, 11, 0
1259, 22, 1, 50, 13, 0
1259, 22, 2, 50, 14, 0
1259, 22, 2, 50, 20, 0
1259, 22, 2, 51, 2, 0
1259, 22, 3, 51, 3, 0
1259, 22, 3, 51, 4, 0
1259, 22, 1, 52, 2, 0
1259, 22, 0, 52, 7, 0
1259, 22, 1, 52, 9, 0
1259, 22, 1, 52, 40, 0
1259, 22, 0, 53, 2, 0
1259, 22, 2, 53, 10, 0
1259, 22, 1, 53, 24, 0
1259, 22, 2, 53, 28, 0
1259, 22, 3, 53, 34, 0
1259, 22, 0, 53, 35, 0
1259, 22, 0, 53, 39, 0
1259, 22, 3, 53, 40, 0
1259, 22, 0, 53, 41, 0
1259, 22, 1, 54, 42, 0
1259, 22, 3, 54, 44, 0
1259, 22, 3, 55, 23, 0
1259, 22, 3, 55, 24, 0
1259, 22, 2, 55, 27, 0
1259, 22, 1, 55, 28, 0
1259, 22, 0, 55, 35, 0
1259, 22, 0, 55, 36, 0
1259, 22, 3, 55, 38, 0
1259, 22, 1, 55, 43, 0
1259, 22, 0, 55, 44, 0
1259, 22, 3, 56, 0, 0
1259, 22, 3, 56, 44, 0
1259, 22, 3, 57, 0, 0
1259, 22, 3, 58, 47, 0
1259, 22, 1, 59, 42, 0
1259, 22, 2, 59, 48, 0
1259, 22, 0, 60, 43, 0
1259, 22, 2, 60, 44, 0
1259, 22, 3, 60, 49, 0
1259, 22, 1, 60, 50, 0
1259, 22, 2, 61, 46, 0
1259, 22, 0, 61, 50, 0
1259, 22, 1, 62, 47, 0
1259, 22, 0, 63, 16, 0
1259, 22, 1, 63, 17, 0
1259, 22, 2, 63, 18, 0
1259, 22, 2, 63, 22, 0
1259, 22, 1, 63, 32, 0
1259, 22, 1, 63, 36, 0
1259, 22, 1, 63, 37, 0
1259, 22, 2, 63, 39, 0
1259, 22, 3, 63, 41, 0
1261, 22, 0, 23, 25, 0
1261, 22, 3, 23, 27, 0
1261, 22, 3, 24, 29, 0
1261, 22, 3, 26, 28, 0
1261, 22, 2, 29, 25, 0
1265, 22, 2, 2, 19, 0
1265, 22, 2, 3, 18, 0
1265, 22, 2, 4, 51, 0
1265, 22, 2, 6, 17, 0
1265, 22, 2, 7, 23, 0
1265, 22, 2, 7, 51, 0
1265, 22, 2, 21, 41, 0
1265, 22, 2, 22, 45, 0
1265, 22, 2, 23, 51, 0
1265, 22, 2, 27, 19, 0
1265, 22, 2, 28, 15, 0
1265, 22, 2, 29, 21, 0
1265, 22, 2, 29, 40, 0
1265, 22, 2, 31, 25, 0
1265, 22, 2, 31, 28, 0
1265, 22, 2, 32, 13, 0
1265, 22, 2, 32, 16, 0
1265, 22, 2, 34, 46, 0
1265, 22, 2, 34, 51, 0
1265, 22, 2, 37, 13, 0
1265, 22, 2, 38, 12, 0
1265, 22, 2, 42, 46, 0
1265, 22, 2, 43, 13, 0
1265, 22, 2, 45, 27, 0
1265, 22, 2, 46, 14, 0
1265, 22, 2, 47, 13, 0
1276, 10, 2, 0, 35, 0
1276, 10, 1, 1, 31, 0
1276, 10, 3, 1, 47, 0
1276, 10, 2, 2, 60, 0
1276, 10, 2, 3, 56, 0
1276, 10, 3, 5, 54, 0
1276, 10, 0, 6, 62, 0
1276, 10, 0, 7, 36, 0
1276, 10, 2, 9, 14, 0
1276, 10, 0, 10, 19, 0
1276, 10, 3, 10, 44, 0
1276, 10, 3, 10, 60, 0
1276, 10, 2, 12, 23, 0
1276, 10, 0, 12, 55, 0
1276, 10, 3, 13, 46, 0
1276, 10, 3, 15, 40, 0
1276, 10, 0, 15, 60, 0
1276, 10, 2, 16, 43, 0
1276, 10, 1, 17, 46, 0
1276, 10, 1, 17, 58, 0
1276, 10, 0, 20, 33, 0
1276, 10, 1, 21, 13, 0
1276, 10, 3, 22, 59, 0
1276, 10, 1, 25, 62, 0
1276, 10, 3, 28, 40, 0
1276, 10, 0, 31, 16, 0
1276, 10, 2, 31, 59, 0
1276, 10, 3, 33, 36, 0
1276, 10, 3, 35, 15, 0
1276, 10, 0, 35, 35, 0
1276, 10, 1, 35, 37, 0
1276, 10, 0, 37, 41, 0
1276, 11, 2, 38, 32, 0
1276, 10, 2, 38, 60, 0
1276, 11, 2, 39, 29, 0
1276, 10, 2, 41, 14, 0
1276, 10, 3, 42, 62, 0
1276, 10, 0, 45, 36, 0
1276, 10, 2, 47, 44, 0
1276, 10, 2, 47, 59, 0
1276, 10, 1, 48, 41, 0
1276, 10, 1, 49, 33, 0
1276, 10, 3, 49, 55, 0
1276, 10, 1, 50, 47, 0
1276, 10, 3, 52, 45, 0
1276, 10, 3, 54, 62, 0
1276, 10, 0, 57, 28, 0
1276, 10, 2, 58, 36, 0
1276, 10, 1, 59, 21, 0
1276, 10, 1, 59, 51, 0
1276, 10, 1, 60, 32, 0
1276, 10, 0, 61, 40, 0
1276, 10, 0, 62, 60, 0
1278, 10, 0, 1, 42, 0
1278, 10, 0, 1, 55, 0
1278, 10, 3, 3, 1, 0
1278, 10, 0, 4, 33, 0
1278, 10, 3, 4, 38, 0
1278, 10, 0, 4, 50, 0
1278, 10, 0, 5, 16, 0
1278, 10, 2, 6, 5, 0
1278, 10, 0, 6, 51, 0
1278, 10, 1, 7, 22, 0
1278, 10, 0, 7, 57, 0
1278, 10, 0, 8, 39, 0
1278, 10, 1, 8, 54, 0
1278, 10, 1, 9, 2, 0
1278, 10, 0, 10, 30, 0
1278, 10, 0, 12, 1, 0
1278, 10, 2, 12, 16, 0
1278, 10, 1, 12, 41, 0
1278, 10, 2, 14, 49, 0
1278, 10, 3, 15, 20, 0
1278, 10, 2, 17, 13, 0
1278, 10, 0, 18, 1, 0
1278, 10, 0, 18, 39, 0
1278, 10, 2, 19, 5, 0
1278, 10, 2, 20, 26, 0
1278, 10, 0, 20, 41, 0
1278, 10, 1, 20, 62, 0
1278, 10, 0, 21, 39, 0
1278, 10, 0, 21, 44, 0
1278, 10, 0, 22, 20, 0
1278, 10, 0, 22, 50, 0
1278, 10, 3, 23, 2, 0
1278, 10, 0, 23, 40, 0
1278, 10, 0, 24, 27, 0
1278, 10, 0, 24, 48, 0
1278, 10, 0, 25, 15, 0
1278, 10, 0, 25, 51, 0
1278, 10, 0, 26, 11, 0
1278, 10, 0, 26, 19, 0
1278, 10, 0, 26, 24, 0
1278, 10, 0, 27, 37, 0
1278, 10, 2, 28, 1, 0
1278, 10, 0, 28, 29, 0
1278, 10, 0, 29, 12, 0
1278, 10, 0, 29, 52, 0
1278, 10, 0, 30, 36, 0
1278, 10, 0, 31, 24, 0
1278, 10, 3, 31, 29, 0
1278, 10, 0, 32, 56, 0
1278, 10, 0, 33, 25, 0
1278, 10, 3, 33, 62, 0
1278, 10, 0, 34, 5, 0
1278, 10, 1, 36, 2, 0
1278, 10, 0, 36, 54, 0
1278, 10, 0, 38, 50, 0
1278, 10, 3, 40, 34, 0
1278, 10, 0, 40, 38, 0
1278, 10, 0, 41, 41, 0
1278, 10, 0, 41, 45, 0
1278, 10, 0, 42, 7, 0
1278, 10, 0, 44, 9, 0
1278, 10, 0, 44, 27, 0
1278, 10, 0, 44, 29, 0
1278, 10, 2, 44, 58, 0
1278, 10, 0, 46, 28, 0
1278, 10, 3, 46, 31, 0
1278, 10, 0, 47, 37, 0
1278, 10, 0, 49, 27, 0
1278, 10, 0, 50, 23, 0
1278, 10, 0, 50, 51, 0
1278, 10, 2, 50, 60, 0
1278, 10, 3, 54, 50, 0
1278, 10, 3, 58, 60, 0
1278, 10, 0, 60, 55, 0
1281, 10, 3, 24, 43, 0
1281, 10, 1, 27, 47, 0
1281, 10, 0, 28, 15, 0
1281, 10, 0, 29, 20, 0
1281, 10, 3, 29, 44, 0
1281, 10, 0, 30, 26, 0
1281, 10, 0, 32, 11, 0
1281, 10, 3, 32, 40, 0
1281, 10, 3, 32, 50, 0
1281, 10, 0, 34, 29, 0
1281, 10, 3, 34, 45, 0
1281, 10, 0, 37, 10, 0
1281, 10, 0, 42, 11, 0
1281, 10, 0, 47, 11, 0
1281, 10, 3, 53, 4, 0
1281, 10, 0, 55, 55, 0
1281, 10, 0, 56, 6, 0
1281, 10, 3, 58, 1, 0
1282, 10, 0, 30, 18, 0
1282, 10, 1, 32, 20, 0
1282, 10, 0, 33, 14, 0
1282, 10, 0, 35, 27, 0
1282, 10, 0, 37, 15, 0
1282, 10, 1, 39, 13, 0
1282, 10, 1, 41, 27, 0
1282, 10, 0, 45, 13, 0
1282, 10, 1, 46, 15, 0
1286, 10, 1, 33, 18, 0
1286, 10, 1, 37, 27, 0
1286, 10, 1, 40, 16, 0
1286, 10, 1, 44, 14, 0
1297, 10, 1, 1, 6, 0
1297, 10, 0, 10, 25, 0
1297, 10, 2, 11, 6, 0
1317, 10, 3, 41, 50, 0
1341, 10, 1, 9, 36, 0
1341, 10, 0, 12, 35, 0
1341, 10, 1, 16, 36, 0
1391, 10, 3, 2, 18, 0
1391, 10, 3, 2, 23, 0
1391, 10, 2, 5, 28, 0
1394, 10, 3, 22, 16, 0
1646, 7, 0, 52, 21, 0
1646, 7, 0, 55, 42, 0
1646, 7, 0, 58, 45, 0
1646, 7, 0, 61, 49, 0
1651, 9, 0, 47, 0, 1
1651, 0, 1, 48, 0, 1
1651, 0, 1, 49, 0, 1
1651, 0, 1, 50, 0, 1
1651, 9, 3, 50, 2, 1
1651, 0, 0, 50, 3, 1
1651, 0, 0, 50, 4, 1
1651, 9, 0, 50, 5, 1
1651, 0, 1, 51, 0, 1
1651, 1, 0, 51, 5, 1
1651, 9, 0, 51, 6, 1
1651, 0, 1, 52, 0, 1
1651, 1, 0, 52, 6, 1
1651, 0, 0, 52, 7, 1
1651, 0, 0, 52, 8, 1
1651, 0, 0, 52, 9, 1
1651, 0, 0, 52, 10, 1
1651, 0, 0, 52, 11, 1
1651, 0, 0, 52, 12, 1
1651, 0, 0, 52, 13, 1
1651, 0, 0, 52, 14, 1
1651, 0, 0, 52, 15, 1
1651, 0, 0, 52, 16, 1
1651, 0, 0, 52, 17, 1
1651, 0, 0, 52, 18, 1
1651, 9, 0, 52, 19, 1
1651, 0, 1, 53, 0, 1
1651, 1, 0, 53, 19, 1
1651, 9, 0, 53, 20, 1
1651, 9, 1, 54, 0, 1
1651, 1, 0, 54, 20, 1
1651, 9, 0, 54, 21, 1
1651, 1, 0, 55, 21, 1
1651, 0, 0, 55, 22, 1
1651, 0, 0, 55, 23, 1
1651, 0, 0, 55, 24, 1
1651, 0, 0, 55, 25, 1
1651, 0, 0, 55, 26, 1
1651, 0, 0, 55, 27, 1
1651, 0, 0, 55, 28, 1
1651, 0, 0, 55, 29, 1
1651, 0, 0, 55, 30, 1
1651, 0, 0, 55, 31, 1
1651, 0, 0, 55, 32, 1
1651, 0, 0, 55, 33, 1
1651, 0, 0, 55, 34, 1
1651, 0, 0, 55, 35, 1
1651, 0, 0, 55, 36, 1
1651, 0, 0, 55, 37, 1
1651, 0, 0, 55, 38, 1
1651, 0, 0, 55, 39, 1
1651, 9, 0, 55, 40, 1
1651, 1, 0, 56, 40, 1
1651, 9, 0, 56, 41, 1
1651, 1, 0, 57, 41, 1
1651, 9, 0, 57, 42, 1
1651, 1, 0, 58, 42, 1
1651, 9, 0, 58, 43, 1
1651, 1, 0, 59, 43, 1
1651, 9, 0, 59, 44, 1
1651, 1, 0, 60, 44, 1
1651, 9, 0, 60, 45, 1
1651, 1, 0, 61, 45, 1
1651, 0, 0, 61, 46, 1
1651, 9, 0, 61, 47, 1
1651, 1, 0, 62, 47, 1
1651, 9, 0, 62, 48, 1
1651, 1, 0, 63, 48, 1
1651, 9, 0, 63, 49, 1
1752, 10, 1, 45, 22, 0
1791, 21, 1, 35, 17, 1
1791, 18, 2, 35, 18, 1
1791, 18, 2, 35, 19, 1
1791, 18, 2, 35, 20, 1
1791, 18, 2, 35, 21, 1
1791, 18, 2, 35, 22, 1
1791, 18, 2, 35, 23, 1
1791, 18, 2, 35, 24, 1
1791, 21, 2, 35, 25, 1
1791, 18, 1, 36, 17, 1
1791, 18, 3, 36, 25, 1
1791, 18, 1, 37, 17, 1
1791, 18, 3, 37, 25, 1
1791, 18, 1, 38, 17, 1
1791, 18, 3, 38, 25, 1
1791, 18, 1, 39, 17, 1
1791, 18, 3, 39, 25, 1
1791, 18, 1, 40, 17, 1
1791, 18, 3, 40, 25, 1
1791, 21, 1, 40, 17, 2
1791, 18, 2, 40, 18, 2
1791, 18, 2, 40, 19, 2
1791, 18, 2, 40, 20, 2
1791, 18, 2, 40, 21, 2
1791, 18, 2, 40, 22, 2
1791, 18, 2, 40, 23, 2
1791, 18, 2, 40, 24, 2
1791, 21, 2, 40, 25, 2
1791, 18, 1, 41, 17, 2
1791, 18, 3, 41, 25, 2
1791, 18, 1, 42, 17, 2
1791, 18, 3, 42, 25, 2
1791, 18, 1, 43, 17, 2
1791, 18, 3, 43, 25, 2
1791, 18, 1, 44, 17, 2
1791, 18, 3, 44, 25, 2
1791, 18, 1, 45, 17, 2
1791, 18, 3, 45, 25, 2
1791, 21, 0, 46, 17, 2
1791, 18, 0, 46, 18, 2
1791, 18, 0, 46, 19, 2
1791, 18, 0, 46, 20, 2
1791, 18, 0, 46, 21, 2
1791, 18, 0, 46, 22, 2
1791, 18, 0, 46, 23, 2
1791, 18, 0, 46, 24, 2
1791, 21, 3, 46, 25, 2
1825, 5, 2, 35, 19, 0
1825, 5, 2, 35, 23, 0
1825, 4, 0, 36, 19, 0
1825, 4, 0, 36, 23, 0
1825, 4, 1, 37, 24, 0
1825, 5, 3, 37, 25, 0
1825, 4, 1, 44, 24, 0
1825, 5, 3, 44, 25, 0
1825, 4, 2, 45, 19, 0
1825, 4, 2, 45, 23, 0
1825, 5, 0, 46, 19, 0
1825, 5, 0, 46, 23, 0
1825, 5, 1, 43, 17, 1
1825, 4, 3, 43, 18, 1
1825, 4, 1, 43, 24, 1
1825, 5, 3, 43, 25, 1
1825, 4, 2, 45, 20, 1
1825, 4, 2, 45, 22, 1
1825, 5, 0, 46, 20, 1
1825, 5, 0, 46, 22, 1
1902, 3, 1, 35, 17, 0
1902, 0, 2, 35, 18, 0
1902, 0, 2, 35, 19, 0
1902, 0, 2, 35, 20, 0
1902, 0, 2, 35, 21, 0
1902, 0, 2, 35, 22, 0
1902, 0, 2, 35, 23, 0
1902, 0, 2, 35, 24, 0
1902, 3, 2, 35, 25, 0
1902, 0, 1, 36, 17, 0
1902, 0, 3, 36, 25, 0
1902, 0, 1, 37, 17, 0
1902, 0, 3, 37, 25, 0
1902, 0, 1, 38, 17, 0
1902, 0, 3, 38, 25, 0
1902, 0, 1, 39, 17, 0
1902, 0, 3, 39, 25, 0
1902, 0, 1, 40, 17, 0
1902, 0, 1, 41, 17, 0
1902, 0, 3, 41, 25, 0
1902, 0, 1, 42, 17, 0
1902, 0, 3, 42, 25, 0
1902, 0, 1, 43, 17, 0
1902, 0, 3, 43, 25, 0
1902, 0, 1, 44, 17, 0
1902, 0, 3, 44, 25, 0
1902, 9, 0, 45, 0, 0
1902, 0, 1, 45, 17, 0
1902, 0, 3, 45, 25, 0
1902, 1, 0, 46, 0, 0
1902, 9, 0, 46, 1, 0
1902, 3, 0, 46, 17, 0
1902, 0, 0, 46, 18, 0
1902, 0, 0, 46, 19, 0
1902, 0, 0, 46, 20, 0
1902, 0, 0, 46, 21, 0
1902, 0, 0, 46, 22, 0
1902, 0, 0, 46, 23, 0
1902, 0, 0, 46, 24, 0
1902, 3, 3, 46, 25, 0
1902, 9, 0, 47, 0, 0
1902, 0, 1, 47, 1, 0
1902, 0, 1, 48, 0, 0
1902, 1, 0, 48, 1, 0
1902, 9, 0, 48, 2, 0
1902, 0, 1, 49, 0, 0
1902, 1, 0, 49, 2, 0
1902, 0, 0, 49, 3, 0
1902, 0, 0, 49, 4, 0
1902, 0, 0, 49, 5, 0
1902, 9, 0, 49, 6, 0
1902, 0, 1, 50, 0, 0
1902, 9, 3, 50, 2, 0
1902, 0, 0, 50, 3, 0
1902, 0, 0, 50, 4, 0
1902, 9, 0, 50, 5, 0
1902, 1, 0, 50, 6, 0
1902, 9, 0, 50, 7, 0
1902, 0, 1, 51, 0, 0
1902, 0, 1, 51, 1, 0
1902, 1, 0, 51, 5, 0
1902, 9, 0, 51, 6, 0
1902, 1, 0, 51, 7, 0
1902, 0, 0, 51, 8, 0
1902, 0, 0, 51, 9, 0
1902, 0, 0, 51, 10, 0
1902, 0, 0, 51, 11, 0
1902, 0, 0, 51, 12, 0
1902, 0, 0, 51, 13, 0
1902, 0, 0, 51, 14, 0
1902, 0, 0, 51, 15, 0
1902, 0, 0, 51, 16, 0
1902, 0, 0, 51, 17, 0
1902, 0, 0, 51, 18, 0
1902, 0, 0, 51, 19, 0
1902, 9, 0, 51, 20, 0
1902, 0, 1, 52, 0, 0
1902, 0, 1, 52, 1, 0
1902, 1, 0, 52, 6, 0
1902, 0, 0, 52, 7, 0
1902, 0, 0, 52, 8, 0
1902, 0, 0, 52, 9, 0
1902, 0, 0, 52, 10, 0
1902, 0, 0, 52, 11, 0
1902, 0, 0, 52, 12, 0
1902, 0, 0, 52, 13, 0
1902, 0, 0, 52, 14, 0
1902, 0, 0, 52, 15, 0
1902, 0, 0, 52, 16, 0
1902, 0, 0, 52, 17, 0
1902, 0, 0, 52, 18, 0
1902, 9, 0, 52, 19, 0
1902, 1, 0, 52, 20, 0
1902, 9, 0, 52, 21, 0
1902, 0, 1, 53, 0, 0
1902, 0, 1, 53, 1, 0
1902, 1, 0, 53, 19, 0
1902, 9, 0, 53, 20, 0
1902, 1, 0, 53, 21, 0
1902, 9, 0, 53, 22, 0
1902, 9, 1, 54, 0, 0
1902, 0, 1, 54, 1, 0
1902, 1, 0, 54, 20, 0
1902, 9, 0, 54, 21, 0
1902, 1, 0, 54, 22, 0
1902, 0, 0, 54, 23, 0
1902, 0, 0, 54, 24, 0
1902, 0, 0, 54, 25, 0
1902, 0, 0, 54, 26, 0
1902, 0, 0, 54, 27, 0
1902, 0, 0, 54, 28, 0
1902, 0, 0, 54, 29, 0
1902, 0, 0, 54, 30, 0
1902, 0, 0, 54, 31, 0
1902, 0, 0, 54, 32, 0
1902, 0, 0, 54, 33, 0
1902, 0, 0, 54, 34, 0
1902, 0, 0, 54, 35, 0
1902, 0, 0, 54, 36, 0
1902, 0, 0, 54, 37, 0
1902, 0, 0, 54, 38, 0
1902, 0, 0, 54, 39, 0
1902, 0, 0, 54, 40, 0
1902, 9, 0, 54, 41, 0
1902, 1, 1, 55, 0, 0
1902, 9, 1, 55, 1, 0
1902, 1, 0, 55, 21, 0
1902, 0, 0, 55, 22, 0
1902, 0, 0, 55, 23, 0
1902, 0, 0, 55, 24, 0
1902, 0, 0, 55, 25, 0
1902, 0, 0, 55, 26, 0
1902, 0, 0, 55, 27, 0
1902, 0, 0, 55, 28, 0
1902, 0, 0, 55, 29, 0
1902, 0, 0, 55, 30, 0
1902, 0, 0, 55, 31, 0
1902, 0, 0, 55, 32, 0
1902, 0, 0, 55, 33, 0
1902, 0, 0, 55, 34, 0
1902, 0, 0, 55, 35, 0
1902, 0, 0, 55, 36, 0
1902, 0, 0, 55, 37, 0
1902, 0, 0, 55, 38, 0
1902, 0, 0, 55, 39, 0
1902, 9, 0, 55, 40, 0
1902, 1, 0, 55, 41, 0
1902, 9, 0, 55, 42, 0
1902, 9, 1, 56, 0, 0
1902, 1, 0, 56, 40, 0
1902, 9, 0, 56, 41, 0
1902, 1, 0, 56, 42, 0
1902, 9, 0, 56, 43, 0
1902, 1, 0, 57, 41, 0
1902, 9, 0, 57, 42, 0
1902, 1, 0, 57, 43, 0
1902, 9, 0, 57, 44, 0
1902, 1, 0, 58, 42, 0
1902, 9, 0, 58, 43, 0
1902, 1, 0, 58, 44, 0
1902, 9, 0, 58, 45, 0
1902, 1, 0, 59, 43, 0
1902, 9, 0, 59, 44, 0
1902, 1, 0, 59, 45, 0
1902, 9, 0, 59, 46, 0
1902, 1, 0, 60, 44, 0
1902, 9, 0, 60, 45, 0
1902, 1, 0, 60, 46, 0
1902, 0, 0, 60, 47, 0
1902, 9, 0, 60, 48, 0
1902, 1, 0, 61, 45, 0
1902, 0, 0, 61, 46, 0
1902, 9, 0, 61, 47, 0
1902, 1, 0, 61, 48, 0
1902, 9, 0, 61, 49, 0
1902, 1, 0, 62, 47, 0
1902, 9, 0, 62, 48, 0
1902, 1, 0, 62, 49, 0
1902, 9, 0, 62, 50, 0
1902, 1, 0, 63, 48, 0
1902, 9, 0, 63, 49, 0
1902, 1, 0, 63, 50, 0
1902, 9, 0, 63, 51, 0
1902, 0, 1, 41, 17, 1
1902, 0, 0, 41, 18, 1
1902, 0, 0, 41, 19, 1
1902, 0, 0, 41, 20, 1
1902, 0, 0, 41, 21, 1
1902, 0, 0, 41, 22, 1
1902, 0, 0, 41, 23, 1
1902, 0, 0, 41, 24, 1
1902, 0, 3, 41, 25, 1
1902, 0, 1, 42, 17, 1
1902, 0, 3, 42, 25, 1
1902, 0, 1, 43, 17, 1
1902, 0, 3, 43, 25, 1
1902, 0, 1, 44, 17, 1
1902, 0, 3, 44, 25, 1
1902, 0, 1, 45, 17, 1
1902, 0, 3, 45, 25, 1
1902, 3, 0, 46, 17, 1
1902, 0, 0, 46, 18, 1
1902, 0, 0, 46, 19, 1
1902, 0, 0, 46, 20, 1
1902, 0, 0, 46, 21, 1
1902, 0, 0, 46, 22, 1
1902, 0, 0, 46, 23, 1
1902, 0, 0, 46, 24, 1
1902, 3, 3, 46, 25, 1
1913, 1, 2, 44, 0, 1
1913, 9, 2, 45, 0, 1
1913, 1, 2, 45, 1, 1
1913, 9, 2, 46, 1, 1
1913, 1, 2, 46, 2, 1
1913, 0, 3, 47, 2, 1
1913, 9, 2, 48, 2, 1
1913, 0, 2, 48, 3, 1
1913, 0, 2, 48, 4, 1
1913, 0, 2, 48, 5, 1
1913, 1, 2, 48, 6, 1
1913, 9, 2, 49, 6, 1
1913, 1, 2, 49, 7, 1
1913, 9, 2, 50, 7, 1
1913, 0, 2, 50, 8, 1
1913, 0, 2, 50, 9, 1
1913, 0, 2, 50, 10, 1
1913, 0, 2, 50, 11, 1
1913, 0, 2, 50, 12, 1
1913, 0, 2, 50, 13, 1
1913, 0, 2, 50, 14, 1
1913, 0, 2, 50, 15, 1
1913, 0, 2, 50, 16, 1
1913, 0, 2, 50, 17, 1
1913, 0, 2, 50, 18, 1
1913, 0, 2, 50, 19, 1
1913, 1, 2, 50, 20, 1
1913, 0, 3, 51, 2, 1
1913, 9, 2, 51, 20, 1
1913, 1, 2, 51, 21, 1
1913, 0, 3, 52, 2, 1
1913, 9, 2, 52, 21, 1
1913, 1, 2, 52, 22, 1
1913, 0, 3, 53, 2, 1
1913, 9, 2, 53, 22, 1
1913, 0, 2, 53, 23, 1
1913, 0, 2, 53, 24, 1
1913, 0, 2, 53, 25, 1
1913, 0, 2, 53, 26, 1
1913, 0, 2, 53, 27, 1
1913, 0, 2, 53, 28, 1
1913, 0, 2, 53, 29, 1
1913, 0, 2, 53, 30, 1
1913, 0, 2, 53, 31, 1
1913, 0, 2, 53, 32, 1
1913, 0, 2, 53, 33, 1
1913, 0, 2, 53, 34, 1
1913, 0, 2, 53, 35, 1
1913, 0, 2, 53, 36, 1
1913, 0, 2, 53, 37, 1
1913, 0, 2, 53, 38, 1
1913, 0, 2, 53, 39, 1
1913, 0, 2, 53, 40, 1
1913, 1, 2, 53, 41, 1
1913, 0, 3, 54, 2, 1
1913, 9, 2, 54, 41, 1
1913, 1, 2, 54, 42, 1
1913, 9, 3, 55, 1, 1
1913, 1, 3, 55, 2, 1
1913, 9, 2, 55, 42, 1
1913, 1, 2, 55, 43, 1
1913, 9, 3, 56, 0, 1
1913, 1, 3, 56, 1, 1
1913, 9, 2, 56, 43, 1
1913, 1, 2, 56, 44, 1
1913, 1, 3, 57, 0, 1
1913, 9, 2, 57, 44, 1
1913, 1, 2, 57, 45, 1
1913, 9, 2, 58, 45, 1
1913, 1, 2, 58, 46, 1
1913, 9, 2, 59, 46, 1
1913, 0, 2, 59, 47, 1
1913, 1, 2, 59, 48, 1
1913, 9, 2, 60, 48, 1
1913, 1, 2, 60, 49, 1
1913, 9, 2, 61, 49, 1
1913, 1, 2, 61, 50, 1
1913, 9, 2, 62, 50, 1
1913, 1, 2, 62, 51, 1
1913, 9, 2, 63, 51, 1
1913, 1, 2, 63, 52, 1
1925, 16, 1, 36, 18, 1
1925, 12, 2, 36, 19, 1
1925, 12, 2, 36, 20, 1
1925, 12, 2, 36, 21, 1
1925, 12, 2, 36, 22, 1
1925, 12, 2, 36, 23, 1
1925, 16, 2, 36, 24, 1
1925, 12, 1, 37, 18, 1
1925, 17, 0, 37, 19, 1
1925, 17, 0, 37, 20, 1
1925, 17, 0, 37, 21, 1
1925, 17, 0, 37, 22, 1
1925, 17, 0, 37, 23, 1
1925, 12, 3, 37, 24, 1
1925, 12, 1, 38, 18, 1
1925, 17, 0, 38, 19, 1
1925, 17, 0, 38, 20, 1
1925, 17, 0, 38, 21, 1
1925, 17, 0, 38, 22, 1
1925, 17, 0, 38, 23, 1
1925, 12, 3, 38, 24, 1
1925, 12, 1, 39, 18, 1
1925, 17, 0, 39, 19, 1
1925, 17, 0, 39, 20, 1
1925, 17, 0, 39, 21, 1
1925, 17, 0, 39, 22, 1
1925, 17, 0, 39, 23, 1
1925, 12, 3, 39, 24, 1
1925, 12, 1, 40, 18, 1
1925, 17, 0, 40, 19, 1
1925, 17, 0, 40, 20, 1
1925, 17, 0, 40, 21, 1
1925, 17, 0, 40, 22, 1
1925, 17, 0, 40, 23, 1
1925, 12, 3, 40, 24, 1
1925, 16, 1, 41, 18, 2
1925, 12, 2, 41, 19, 2
1925, 12, 2, 41, 20, 2
1925, 12, 2, 41, 21, 2
1925, 12, 2, 41, 22, 2
1925, 12, 2, 41, 23, 2
1925, 16, 2, 41, 24, 2
1925, 12, 1, 42, 18, 2
1925, 17, 2, 42, 19, 2
1925, 17, 2, 42, 20, 2
1925, 17, 2, 42, 21, 2
1925, 17, 2, 42, 22, 2
1925, 17, 2, 42, 23, 2
1925, 12, 3, 42, 24, 2
1925, 12, 1, 43, 18, 2
1925, 17, 2, 43, 19, 2
1925, 17, 2, 43, 20, 2
1925, 17, 2, 43, 21, 2
1925, 17, 2, 43, 22, 2
1925, 17, 2, 43, 23, 2
1925, 12, 3, 43, 24, 2
1925, 12, 1, 44, 18, 2
1925, 17, 2, 44, 19, 2
1925, 17, 2, 44, 20, 2
1925, 17, 2, 44, 21, 2
1925, 17, 2, 44, 22, 2
1925, 17, 2, 44, 23, 2
1925, 12, 3, 44, 24, 2
1925, 16, 0, 45, 18, 2
1925, 12, 0, 45, 19, 2
1925, 12, 0, 45, 20, 2
1925, 12, 0, 45, 21, 2
1925, 12, 0, 45, 22, 2
1925, 12, 0, 45, 23, 2
1925, 16, 3, 45, 24, 2
1938, 7, 0, 46, 1, 0
1938, 4, 2, 48, 4, 0
1938, 4, 2, 50, 8, 0
1938, 4, 2, 50, 11, 0
1938, 4, 2, 50, 15, 0
1938, 4, 2, 50, 19, 0
1938, 4, 3, 52, 2, 0
1938, 4, 2, 53, 23, 0
1938, 4, 2, 53, 27, 0
1938, 4, 2, 53, 31, 0
1938, 4, 2, 53, 35, 0
1938, 4, 2, 53, 39, 0
1938, 7, 1, 55, 1, 0
2771, 22, 0, 54, 14, 0
