85, 9, 3, 2, 57, 0
85, 0, 0, 2, 58, 0
85, 0, 0, 2, 59, 0
85, 0, 0, 2, 60, 0
85, 9, 0, 2, 61, 0
85, 0, 3, 3, 57, 0
85, 0, 1, 3, 61, 0
85, 9, 3, 4, 56, 0
85, 0, 1, 4, 61, 0
85, 0, 3, 5, 56, 0
85, 9, 1, 5, 61, 0
85, 9, 3, 6, 55, 0
85, 0, 1, 6, 60, 0
85, 9, 3, 7, 54, 0
85, 9, 1, 7, 60, 0
85, 9, 3, 8, 51, 0
85, 0, 0, 8, 52, 0
85, 0, 0, 8, 53, 0
85, 9, 3, 8, 59, 0
85, 9, 3, 9, 48, 0
85, 0, 0, 9, 49, 0
85, 0, 0, 9, 50, 0
85, 9, 3, 9, 58, 0
85, 9, 3, 10, 45, 0
85, 0, 0, 10, 46, 0
85, 0, 0, 10, 47, 0
85, 0, 3, 10, 58, 0
85, 9, 3, 11, 42, 0
85, 0, 0, 11, 43, 0
85, 0, 0, 11, 44, 0
85, 9, 3, 11, 57, 0
85, 9, 3, 12, 40, 0
85, 0, 0, 12, 41, 0
85, 9, 3, 12, 56, 0
85, 9, 3, 13, 38, 0
85, 0, 0, 13, 39, 0
85, 0, 2, 13, 53, 0
85, 9, 3, 13, 54, 0
85, 0, 0, 13, 55, 0
85, 9, 1, 14, 28, 0
85, 0, 0, 14, 29, 0
85, 0, 0, 14, 30, 0
85, 0, 0, 14, 31, 0
85, 0, 0, 14, 32, 0
85, 0, 0, 14, 33, 0
85, 0, 0, 14, 34, 0
85, 0, 0, 14, 35, 0
85, 0, 0, 14, 36, 0
85, 0, 0, 14, 37, 0
85, 0, 2, 14, 49, 0
85, 0, 2, 14, 50, 0
85, 0, 2, 14, 51, 0
85, 9, 1, 14, 52, 0
85, 9, 1, 15, 27, 0
85, 0, 2, 15, 47, 0
85, 9, 1, 15, 48, 0
85, 9, 3, 16, 25, 0
85, 0, 0, 16, 26, 0
85, 0, 2, 16, 35, 0
85, 0, 2, 16, 36, 0
85, 0, 2, 16, 37, 0
85, 0, 2, 16, 38, 0
85, 0, 2, 16, 39, 0
85, 0, 2, 16, 45, 0
85, 9, 1, 16, 46, 0
85, 9, 3, 17, 24, 0
85, 0, 2, 17, 33, 0
85, 9, 1, 17, 34, 0
85, 9, 2, 17, 40, 0
85, 0, 2, 17, 41, 0
85, 0, 2, 17, 42, 0
85, 0, 2, 17, 43, 0
85, 9, 1, 17, 44, 0
85, 9, 3, 18, 23, 0
85, 0, 2, 18, 31, 0
85, 9, 1, 18, 32, 0
85, 9, 3, 19, 22, 0
85, 0, 2, 19, 29, 0
85, 9, 1, 19, 30, 0
85, 9, 3, 20, 21, 0
85, 9, 1, 20, 28, 0
85, 0, 3, 21, 21, 0
85, 0, 1, 21, 27, 0
85, 0, 3, 22, 21, 0
85, 9, 1, 22, 27, 0
85, 0, 3, 23, 21, 0
85, 9, 1, 23, 26, 0
85, 0, 3, 24, 21, 0
85, 0, 1, 24, 25, 0
85, 9, 3, 25, 20, 0
85, 9, 1, 25, 25, 0
85, 0, 3, 26, 20, 0
85, 9, 0, 26, 25, 0
85, 9, 3, 27, 19, 0
85, 0, 1, 27, 25, 0
85, 9, 3, 28, 18, 0
85, 9, 0, 28, 26, 0
85, 0, 3, 29, 18, 0
85, 9, 0, 29, 27, 0
85, 9, 3, 30, 17, 0
85, 0, 2, 30, 21, 0
85, 0, 2, 30, 23, 0
85, 0, 1, 30, 27, 0
85, 0, 3, 31, 17, 0
85, 0, 1, 31, 20, 0
85, 0, 0, 31, 22, 0
85, 9, 0, 31, 24, 0
85, 9, 0, 31, 28, 0
85, 0, 3, 32, 17, 0
85, 9, 1, 32, 20, 0
85, 0, 3, 32, 25, 0
85, 0, 1, 32, 28, 0
85, 9, 3, 33, 16, 0
85, 0, 1, 33, 19, 0
85, 9, 2, 33, 25, 0
85, 9, 0, 33, 29, 0
85, 0, 3, 34, 16, 0
85, 0, 3, 34, 20, 0
85, 0, 3, 34, 26, 0
85, 0, 1, 34, 29, 0
85, 0, 3, 35, 16, 0
85, 0, 3, 35, 20, 0
85, 0, 1, 35, 25, 0
85, 0, 1, 35, 29, 0
85, 0, 3, 36, 16, 0
85, 0, 3, 36, 20, 0
85, 0, 1, 36, 25, 0
85, 0, 1, 36, 29, 0
85, 0, 3, 37, 16, 0
85, 0, 3, 37, 20, 0
85, 9, 1, 37, 25, 0
85, 0, 1, 37, 29, 0
85, 9, 2, 38, 16, 0
85, 0, 3, 38, 20, 0
85, 0, 1, 38, 24, 0
85, 0, 1, 38, 29, 0
85, 0, 3, 39, 17, 0
85, 9, 0, 39, 20, 0
85, 0, 2, 39, 21, 0
85, 0, 2, 39, 22, 0
85, 0, 2, 39, 23, 0
85, 9, 1, 39, 24, 0
85, 9, 1, 39, 29, 0
85, 9, 2, 40, 17, 0
85, 0, 1, 40, 28, 0
85, 0, 3, 41, 18, 0
85, 9, 1, 41, 28, 0
85, 0, 3, 42, 18, 0
85, 9, 1, 42, 27, 0
85, 0, 3, 43, 18, 0
85, 0, 2, 43, 25, 0
85, 9, 1, 43, 26, 0
85, 0, 3, 44, 18, 0
85, 9, 3, 44, 24, 0
85, 0, 3, 45, 18, 0
85, 9, 3, 45, 23, 0
85, 0, 3, 46, 18, 0
85, 9, 3, 46, 22, 0
85, 9, 1, 47, 17, 0
85, 0, 3, 47, 22, 0
85, 0, 3, 48, 17, 0
85, 9, 3, 48, 21, 0
85, 9, 1, 49, 16, 0
85, 9, 3, 49, 19, 0
85, 0, 0, 49, 20, 0
85, 0, 3, 50, 16, 0
85, 9, 3, 50, 18, 0
85, 9, 1, 51, 15, 0
85, 0, 3, 51, 18, 0
85, 9, 1, 52, 14, 0
85, 0, 3, 52, 18, 0
85, 0, 3, 53, 14, 0
85, 0, 3, 53, 18, 0
85, 9, 1, 54, 13, 0
85, 0, 3, 54, 18, 0
85, 0, 3, 55, 13, 0
85, 9, 3, 55, 17, 0
85, 9, 1, 56, 12, 0
85, 0, 3, 56, 17, 0
85, 0, 3, 57, 12, 0
85, 9, 3, 57, 16, 0
85, 9, 1, 58, 11, 0
85, 0, 3, 58, 16, 0
85, 0, 3, 59, 11, 0
85, 9, 3, 59, 15, 0
85, 9, 1, 60, 10, 0
85, 0, 3, 60, 15, 0
85, 0, 1, 61, 9, 0
85, 0, 3, 61, 15, 0
85, 9, 0, 62, 10, 0
85, 9, 3, 62, 14, 0
85, 0, 0, 63, 11, 0
85, 0, 0, 63, 12, 0
85, 0, 0, 63, 13, 0
174, 22, 0, 43, 61, 0
174, 22, 0, 48, 55, 0
174, 22, 3, 55, 58, 0
175, 22, 3, 47, 59, 0
175, 22, 2, 49, 52, 0
175, 22, 3, 57, 54, 0
175, 22, 1, 61, 53, 0
179, 22, 1, 53, 59, 0
180, 22, 1, 10, 21, 0
196, 4, 0, 52, 30, 0
196, 4, 0, 52, 32, 0
196, 4, 3, 53, 24, 0
196, 4, 1, 54, 34, 0
196, 4, 3, 55, 27, 0
196, 4, 1, 56, 34, 0
196, 4, 3, 57, 24, 0
196, 5, 1, 57, 26, 0
196, 4, 3, 57, 27, 0
196, 5, 2, 58, 24, 0
196, 5, 2, 58, 26, 0
196, 5, 2, 58, 30, 0
196, 5, 2, 58, 32, 0
196, 4, 0, 52, 24, 1
196, 4, 1, 53, 34, 1
196, 4, 1, 57, 34, 1
196, 5, 2, 58, 24, 1
196, 5, 2, 58, 32, 1
197, 4, 0, 46, 59, 0
197, 4, 0, 46, 61, 0
197, 4, 0, 46, 63, 0
197, 4, 1, 48, 59, 0
197, 5, 3, 48, 60, 0
197, 5, 3, 50, 60, 0
197, 4, 2, 53, 55, 0
197, 4, 2, 53, 57, 0
197, 4, 1, 53, 59, 0
197, 5, 0, 54, 54, 0
197, 5, 0, 54, 61, 0
197, 5, 0, 54, 63, 0
197, 5, 3, 55, 60, 0
197, 4, 1, 57, 59, 0
197, 5, 3, 58, 60, 0
197, 4, 2, 59, 57, 0
197, 4, 0, 46, 55, 1
197, 4, 0, 46, 57, 1
197, 4, 0, 46, 59, 1
197, 5, 2, 53, 57, 1
197, 5, 2, 53, 59, 1
197, 4, 0, 54, 61, 1
197, 4, 0, 54, 63, 1
197, 5, 3, 55, 60, 1
197, 5, 3, 58, 60, 1
205, 5, 3, 54, 35, 0
205, 5, 3, 56, 35, 0
319, 22, 0, 0, 63, 0
319, 22, 0, 1, 56, 0
319, 22, 0, 4, 63, 0
319, 22, 0, 6, 52, 0
319, 22, 0, 8, 48, 0
319, 22, 0, 9, 45, 0
319, 22, 0, 10, 42, 0
319, 22, 0, 10, 59, 0
319, 22, 0, 11, 39, 0
319, 22, 0, 12, 32, 0
319, 22, 0, 13, 28, 0
319, 22, 0, 14, 55, 0
319, 22, 0, 15, 52, 0
319, 22, 0, 20, 19, 0
319, 22, 0, 20, 38, 0
319, 22, 0, 23, 28, 0
319, 22, 0, 26, 18, 0
319, 22, 0, 35, 30, 0
319, 22, 0, 42, 29, 0
319, 22, 0, 43, 17, 0
319, 22, 0, 45, 25, 0
319, 22, 0, 50, 21, 0
319, 22, 0, 54, 19, 0
319, 22, 0, 59, 17, 0
319, 22, 0, 61, 8, 0
319, 22, 3, 61, 20, 0
319, 22, 0, 63, 15, 0
320, 22, 0, 1, 63, 0
320, 22, 0, 2, 56, 0
320, 22, 0, 6, 53, 0
320, 22, 0, 6, 62, 0
320, 22, 0, 7, 50, 0
320, 22, 0, 8, 47, 0
320, 22, 0, 9, 44, 0
320, 22, 0, 10, 41, 0
320, 22, 0, 11, 38, 0
320, 22, 0, 12, 31, 0
320, 22, 0, 12, 35, 0
320, 22, 0, 12, 36, 0
320, 22, 0, 13, 57, 0
320, 22, 0, 14, 26, 0
320, 22, 0, 15, 50, 0
320, 22, 0, 15, 53, 0
320, 22, 0, 17, 46, 0
320, 22, 3, 17, 47, 0
320, 22, 3, 18, 35, 0
320, 22, 0, 18, 36, 0
320, 22, 2, 18, 37, 0
320, 22, 1, 18, 38, 0
320, 22, 0, 18, 39, 0
320, 22, 0, 18, 40, 0
320, 22, 0, 18, 42, 0
320, 22, 0, 18, 43, 0
320, 22, 0, 18, 44, 0
320, 22, 1, 19, 32, 0
320, 22, 0, 19, 33, 0
320, 22, 0, 19, 34, 0
320, 22, 0, 19, 41, 0
320, 22, 0, 20, 30, 0
320, 22, 2, 20, 31, 0
320, 22, 0, 20, 37, 0
320, 22, 0, 21, 19, 0
320, 22, 0, 22, 19, 0
320, 22, 0, 24, 19, 0
320, 22, 0, 24, 27, 0
320, 22, 3, 25, 26, 0
320, 22, 0, 27, 17, 0
320, 22, 0, 28, 16, 0
320, 22, 0, 32, 15, 0
320, 22, 1, 33, 15, 0
320, 22, 3, 34, 15, 0
320, 22, 0, 35, 15, 0
320, 22, 2, 36, 30, 0
320, 22, 1, 37, 15, 0
320, 22, 3, 38, 30, 0
320, 22, 3, 39, 15, 0
320, 22, 1, 40, 15, 0
320, 22, 0, 40, 30, 0
320, 22, 1, 41, 29, 0
320, 22, 2, 42, 17, 0
320, 22, 0, 44, 17, 0
320, 22, 2, 44, 27, 0
320, 22, 3, 45, 16, 0
320, 22, 3, 45, 26, 0
320, 22, 0, 46, 24, 0
320, 22, 1, 47, 23, 0
320, 22, 0, 48, 15, 0
320, 22, 2, 49, 14, 0
320, 22, 2, 49, 22, 0
320, 22, 3, 50, 20, 0
320, 22, 0, 52, 11, 0
320, 22, 0, 52, 20, 0
320, 22, 1, 54, 20, 0
320, 22, 2, 56, 19, 0
320, 22, 0, 57, 9, 0
320, 22, 3, 58, 18, 0
320, 22, 2, 58, 20, 0
320, 22, 1, 59, 20, 0
320, 22, 0, 60, 20, 0
320, 22, 0, 61, 16, 0
320, 22, 0, 62, 8, 0
320, 22, 3, 62, 20, 0
321, 22, 0, 2, 63, 0
321, 22, 0, 3, 55, 0
321, 22, 0, 5, 54, 0
321, 22, 0, 7, 49, 0
321, 22, 0, 7, 61, 0
321, 22, 0, 9, 43, 0
321, 22, 0, 9, 46, 0
321, 22, 0, 11, 40, 0
321, 22, 0, 12, 37, 0
321, 22, 0, 13, 30, 0
321, 22, 0, 13, 34, 0
321, 22, 0, 14, 54, 0
321, 22, 0, 14, 56, 0
321, 22, 0, 15, 24, 0
321, 22, 0, 16, 49, 0
321, 22, 0, 18, 41, 0
321, 22, 0, 18, 45, 0
321, 22, 0, 19, 40, 0
321, 22, 0, 21, 29, 0
321, 22, 3, 21, 36, 0
321, 22, 0, 22, 34, 0
321, 22, 2, 23, 34, 0
321, 22, 1, 25, 33, 0
321, 22, 0, 29, 16, 0
321, 22, 0, 37, 30, 0
321, 22, 0, 43, 28, 0
321, 22, 0, 46, 16, 0
321, 22, 0, 48, 23, 0
321, 22, 0, 53, 11, 0
321, 22, 0, 55, 19, 0
321, 22, 0, 59, 8, 0
321, 22, 0, 63, 8, 0
356, 10, 3, 46, 59, 0
356, 10, 0, 47, 54, 0
356, 10, 3, 54, 62, 0
356, 10, 2, 56, 60, 0
356, 10, 0, 58, 54, 0
356, 10, 1, 59, 58, 0
356, 10, 1, 46, 58, 1
356, 10, 0, 46, 59, 1
357, 10, 2, 46, 55, 0
357, 10, 2, 54, 61, 0
357, 10, 2, 54, 63, 0
357, 10, 1, 55, 60, 0
357, 10, 0, 55, 61, 0
357, 10, 3, 58, 59, 0
357, 10, 1, 59, 54, 0
357, 10, 0, 59, 55, 0
357, 10, 3, 59, 60, 0
357, 10, 2, 46, 55, 1
357, 10, 2, 46, 57, 1
357, 10, 1, 47, 56, 1
358, 10, 2, 46, 54, 0
358, 10, 3, 54, 60, 0
358, 10, 3, 59, 59, 0
358, 10, 3, 46, 56, 1
360, 10, 3, 58, 60, 0
360, 10, 2, 59, 61, 0
362, 10, 2, 53, 60, 1
365, 10, 0, 46, 58, 0
365, 10, 0, 48, 54, 0
365, 10, 3, 52, 54, 1
365, 10, 3, 53, 56, 1
374, 10, 2, 53, 54, 1
375, 10, 0, 50, 54, 0
375, 10, 0, 51, 54, 0
375, 10, 1, 52, 31, 1
391, 5, 1, 54, 26, 0
391, 5, 1, 55, 26, 0
444, 10, 3, 13, 61, 0
444, 10, 2, 21, 3, 0
444, 10, 3, 23, 5, 0
445, 10, 2, 16, 59, 0
445, 10, 1, 21, 5, 0
445, 10, 0, 24, 3, 0
447, 10, 0, 12, 62, 0
447, 10, 2, 14, 60, 0
447, 10, 3, 14, 63, 0
447, 10, 0, 16, 61, 0
447, 10, 1, 16, 62, 0
447, 10, 3, 18, 59, 0
447, 10, 0, 19, 3, 0
447, 10, 3, 20, 7, 0
447, 10, 1, 22, 1, 0
447, 10, 2, 22, 8, 0
447, 10, 0, 25, 0, 0
447, 10, 1, 27, 3, 0
452, 10, 0, 43, 44, 0
452, 10, 0, 44, 51, 0
452, 10, 1, 45, 42, 0
452, 10, 1, 45, 51, 0
452, 10, 1, 46, 45, 0
593, 10, 3, 53, 23, 1
594, 10, 3, 54, 33, 1
595, 10, 0, 50, 56, 0
595, 10, 2, 56, 57, 0
595, 10, 2, 57, 25, 0
595, 10, 0, 48, 57, 1
595, 10, 0, 48, 61, 1
595, 10, 0, 56, 61, 1
595, 10, 0, 56, 63, 1
596, 10, 3, 56, 29, 0
612, 10, 2, 56, 32, 1
686, 22, 1, 50, 61, 1
687, 22, 1, 47, 59, 1
688, 22, 1, 51, 56, 1
840, 4, 0, 52, 31, 0
840, 4, 0, 52, 33, 0
840, 5, 2, 58, 28, 0
840, 5, 2, 58, 31, 0
840, 5, 2, 58, 33, 0
840, 4, 0, 52, 25, 1
840, 4, 0, 52, 31, 1
840, 5, 3, 53, 22, 1
840, 5, 3, 57, 22, 1
840, 5, 2, 58, 25, 1
840, 5, 2, 58, 28, 1
840, 5, 2, 58, 31, 1
849, 10, 2, 44, 55, 0
849, 10, 2, 44, 56, 0
849, 10, 2, 44, 57, 0
849, 10, 2, 44, 58, 0
849, 10, 2, 44, 59, 0
849, 10, 2, 44, 60, 0
849, 10, 2, 44, 61, 0
849, 10, 1, 51, 51, 0
849, 10, 1, 52, 51, 0
849, 10, 1, 53, 51, 0
849, 10, 1, 57, 51, 0
849, 10, 1, 58, 51, 0
849, 10, 1, 59, 51, 0
849, 10, 1, 60, 51, 0
849, 10, 1, 61, 51, 0
849, 10, 1, 62, 51, 0
849, 10, 1, 63, 51, 0
850, 5, 2, 53, 55, 1
915, 10, 3, 52, 34, 0
915, 10, 3, 58, 34, 0
916, 22, 0, 49, 59, 0
916, 22, 1, 59, 56, 0
917, 22, 3, 47, 56, 0
917, 22, 0, 47, 57, 0
917, 22, 2, 52, 56, 0
917, 22, 1, 52, 57, 0
917, 22, 3, 54, 24, 0
917, 22, 0, 54, 26, 0
917, 22, 2, 55, 24, 0
917, 22, 1, 55, 26, 0
917, 22, 3, 56, 55, 0
917, 22, 0, 56, 58, 0
917, 22, 2, 57, 55, 0
917, 22, 1, 57, 58, 0
917, 22, 3, 48, 55, 1
917, 22, 0, 48, 63, 1
917, 22, 2, 49, 55, 1
917, 22, 1, 49, 63, 1
917, 22, 3, 51, 57, 1
917, 22, 0, 51, 59, 1
917, 22, 2, 52, 57, 1
917, 22, 1, 52, 59, 1
917, 22, 3, 55, 62, 1
917, 22, 0, 55, 63, 1
917, 22, 2, 59, 62, 1
917, 22, 1, 59, 63, 1
918, 22, 2, 48, 56, 0
918, 22, 0, 48, 57, 0
918, 22, 2, 49, 56, 0
918, 22, 0, 49, 57, 0
918, 22, 2, 50, 56, 0
918, 22, 0, 50, 57, 0
918, 22, 2, 51, 56, 0
918, 22, 0, 51, 57, 0
918, 22, 3, 54, 25, 0
918, 22, 1, 55, 25, 0
918, 22, 3, 56, 56, 0
918, 22, 3, 56, 57, 0
918, 22, 1, 57, 56, 0
918, 22, 1, 57, 57, 0
918, 22, 3, 48, 56, 1
918, 22, 3, 48, 57, 1
918, 22, 3, 48, 58, 1
918, 22, 3, 48, 59, 1
918, 22, 3, 48, 60, 1
918, 22, 3, 48, 61, 1
918, 22, 3, 48, 62, 1
918, 22, 1, 49, 56, 1
918, 22, 1, 49, 57, 1
918, 22, 1, 49, 58, 1
918, 22, 1, 49, 59, 1
918, 22, 1, 49, 60, 1
918, 22, 1, 49, 61, 1
918, 22, 1, 49, 62, 1
918, 22, 3, 51, 58, 1
918, 22, 1, 52, 58, 1
918, 22, 2, 56, 62, 1
918, 22, 0, 56, 63, 1
918, 22, 2, 57, 62, 1
918, 22, 0, 57, 63, 1
918, 22, 2, 58, 62, 1
918, 22, 0, 58, 63, 1
940, 22, 3, 47, 61, 0
940, 22, 2, 50, 61, 0
940, 22, 3, 53, 29, 0
940, 22, 0, 53, 33, 0
940, 22, 2, 57, 29, 0
940, 22, 1, 57, 33, 0
940, 22, 3, 56, 25, 1
940, 22, 0, 56, 30, 1
940, 22, 2, 57, 25, 1
940, 22, 1, 57, 30, 1
941, 22, 3, 47, 62, 0
941, 22, 3, 47, 63, 0
941, 22, 2, 48, 61, 0
941, 22, 2, 49, 61, 0
941, 22, 1, 50, 62, 0
941, 22, 1, 50, 63, 0
941, 22, 3, 53, 30, 0
941, 22, 3, 53, 31, 0
941, 22, 3, 53, 32, 0
941, 22, 2, 54, 29, 0
941, 22, 0, 54, 33, 0
941, 22, 2, 55, 29, 0
941, 22, 0, 55, 33, 0
941, 22, 2, 56, 29, 0
941, 22, 0, 56, 33, 0
941, 22, 1, 57, 30, 0
941, 22, 1, 57, 31, 0
941, 22, 1, 57, 32, 0
941, 22, 3, 56, 26, 1
941, 22, 3, 56, 27, 1
941, 22, 3, 56, 28, 1
941, 22, 3, 56, 29, 1
941, 22, 1, 57, 26, 1
941, 22, 1, 57, 27, 1
941, 22, 1, 57, 28, 1
941, 22, 1, 57, 29, 1
942, 22, 1, 48, 62, 0
942, 22, 1, 48, 63, 0
942, 22, 1, 49, 62, 0
942, 22, 1, 49, 63, 0
942, 22, 3, 54, 30, 0
942, 22, 3, 54, 31, 0
942, 22, 3, 54, 32, 0
942, 22, 3, 55, 30, 0
942, 22, 3, 55, 31, 0
942, 22, 3, 55, 32, 0
942, 22, 3, 56, 30, 0
942, 22, 3, 56, 31, 0
942, 22, 3, 56, 32, 0
962, 5, 0, 54, 55, 0
962, 5, 0, 54, 59, 0
980, 0, 2, 16, 0, 0
980, 0, 2, 16, 1, 0
980, 0, 2, 16, 2, 0
980, 0, 2, 16, 3, 0
980, 0, 2, 16, 4, 0
980, 0, 2, 16, 5, 0
980, 0, 2, 16, 6, 0
980, 0, 2, 16, 7, 0
980, 0, 2, 16, 8, 0
980, 0, 2, 16, 9, 0
980, 0, 2, 16, 10, 0
980, 0, 2, 16, 11, 0
980, 0, 2, 16, 12, 0
980, 0, 2, 16, 13, 0
980, 0, 2, 16, 14, 0
980, 0, 2, 16, 15, 0
980, 0, 2, 16, 16, 0
980, 0, 2, 16, 17, 0
980, 1, 2, 16, 18, 0
980, 9, 2, 17, 18, 0
980, 1, 2, 17, 19, 0
980, 9, 2, 18, 19, 0
980, 1, 2, 18, 20, 0
980, 9, 2, 19, 20, 0
980, 0, 2, 48, 25, 0
980, 0, 2, 48, 26, 0
980, 0, 2, 48, 27, 0
980, 0, 2, 48, 28, 0
980, 0, 2, 48, 29, 0
980, 0, 2, 48, 30, 0
980, 0, 2, 48, 31, 0
980, 0, 2, 48, 32, 0
980, 0, 2, 48, 33, 0
980, 0, 2, 48, 34, 0
980, 9, 2, 49, 35, 0
980, 9, 2, 50, 36, 0
980, 0, 3, 51, 37, 0
980, 0, 3, 52, 37, 0
980, 0, 3, 53, 37, 0
980, 0, 3, 57, 37, 0
980, 0, 3, 58, 37, 0
980, 0, 3, 59, 37, 0
980, 9, 3, 60, 36, 0
980, 9, 3, 61, 35, 0
980, 0, 3, 62, 35, 0
980, 9, 3, 63, 34, 0
981, 3, 1, 44, 54, 0
981, 3, 2, 44, 62, 0
981, 3, 1, 48, 24, 0
981, 3, 2, 48, 35, 0
981, 3, 2, 49, 36, 0
981, 3, 2, 50, 37, 0
981, 3, 1, 50, 51, 0
981, 3, 3, 54, 37, 0
981, 3, 0, 54, 51, 0
981, 3, 2, 56, 37, 0
981, 3, 1, 56, 51, 0
981, 3, 3, 60, 37, 0
981, 3, 3, 61, 36, 0
981, 3, 3, 63, 35, 0
982, 0, 1, 59, 23, 0
982, 0, 3, 59, 32, 0
982, 0, 1, 60, 23, 0
982, 0, 3, 60, 32, 0
982, 0, 1, 62, 23, 0
982, 0, 3, 62, 32, 0
982, 3, 0, 63, 23, 0
982, 0, 0, 63, 24, 0
982, 0, 0, 63, 26, 0
982, 0, 0, 63, 27, 0
982, 0, 0, 63, 28, 0
982, 0, 0, 63, 29, 0
982, 0, 0, 63, 31, 0
982, 3, 3, 63, 32, 0
983, 0, 1, 61, 23, 0
983, 0, 3, 61, 32, 0
983, 0, 0, 63, 25, 0
983, 0, 0, 63, 30, 0
987, 0, 1, 52, 30, 1
987, 1, 1, 53, 26, 1
987, 0, 1, 53, 30, 1
987, 0, 1, 54, 26, 1
987, 0, 1, 54, 30, 1
987, 1, 0, 55, 26, 1
987, 0, 0, 55, 27, 1
987, 0, 0, 55, 28, 1
987, 0, 0, 55, 29, 1
987, 0, 0, 55, 30, 1
994, 0, 2, 51, 61, 1
994, 0, 2, 51, 62, 1
994, 0, 2, 51, 63, 1
994, 0, 1, 52, 60, 1
1013, 10, 3, 54, 24, 0
1013, 10, 3, 55, 24, 0
1014, 10, 1, 55, 59, 0
1014, 10, 3, 56, 24, 0
1014, 10, 1, 56, 59, 0
1015, 10, 1, 51, 59, 0
1015, 10, 3, 49, 54, 1
1015, 10, 3, 51, 54, 1
1016, 10, 0, 46, 57, 0
1016, 10, 1, 50, 59, 0
1016, 10, 0, 46, 61, 1
1016, 10, 3, 48, 54, 1
1016, 10, 3, 50, 54, 1
1016, 10, 0, 52, 33, 1
1016, 10, 3, 56, 22, 1
1017, 10, 0, 46, 56, 0
1017, 10, 1, 52, 59, 0
1017, 10, 0, 54, 58, 0
1017, 10, 2, 59, 62, 0
1017, 10, 2, 60, 63, 0
1017, 10, 0, 46, 60, 1
1017, 10, 0, 46, 62, 1
1017, 10, 3, 47, 54, 1
1017, 10, 0, 52, 32, 1
1017, 10, 0, 52, 34, 1
1017, 10, 3, 55, 22, 1
1017, 10, 1, 55, 34, 1
1018, 10, 3, 49, 54, 0
1018, 10, 0, 54, 57, 0
1018, 10, 3, 56, 54, 0
1018, 10, 3, 57, 54, 0
1018, 10, 0, 46, 63, 1
1018, 10, 3, 54, 22, 1
1022, 4, 3, 47, 54, 0
1022, 5, 1, 53, 26, 0
1023, 4, 3, 50, 54, 0
1023, 4, 3, 51, 54, 0
1088, 10, 3, 49, 56, 0
1088, 10, 0, 51, 57, 0
1088, 11, 2, 48, 56, 1
1088, 11, 3, 48, 62, 1
1088, 11, 2, 52, 23, 1
1088, 11, 3, 52, 24, 1
1092, 10, 3, 55, 29, 0
1092, 10, 3, 55, 30, 0
1092, 10, 3, 55, 31, 0
1092, 10, 3, 55, 32, 0
1092, 10, 1, 57, 29, 0
1092, 10, 1, 57, 30, 0
1092, 10, 1, 57, 31, 0
1092, 10, 1, 57, 32, 0
1095, 10, 0, 52, 54, 0
1096, 11, 1, 52, 55, 1
1096, 11, 0, 58, 33, 1
1102, 10, 1, 53, 54, 0
1102, 10, 0, 54, 59, 0
1102, 10, 1, 57, 24, 0
1102, 10, 2, 58, 24, 0
1102, 10, 0, 58, 26, 0
1102, 10, 2, 48, 60, 1
1102, 10, 2, 49, 56, 1
1102, 10, 0, 49, 58, 1
1102, 10, 1, 49, 60, 1
1102, 10, 0, 49, 62, 1
1106, 10, 1, 58, 26, 1
1106, 10, 1, 58, 29, 1
1122, 10, 0, 2, 12, 0
1122, 10, 3, 6, 7, 0
1122, 10, 3, 7, 43, 0
1122, 10, 1, 8, 25, 0
1122, 10, 0, 9, 32, 0
1122, 10, 2, 11, 13, 0
1122, 10, 1, 13, 6, 0
1122, 10, 2, 46, 7, 0
1158, 10, 1, 52, 22, 1
1158, 10, 0, 58, 22, 1
1158, 10, 0, 58, 34, 1
1162, 10, 2, 27, 26, 0
1162, 11, 0, 30, 22, 0
1162, 11, 0, 30, 24, 0
1162, 11, 0, 31, 21, 0
1162, 10, 3, 31, 23, 0
1162, 10, 3, 32, 24, 0
1162, 11, 0, 32, 29, 0
1162, 11, 0, 33, 20, 0
1162, 11, 0, 34, 25, 0
1162, 11, 0, 35, 19, 0
1163, 10, 0, 2, 44, 0
1163, 10, 0, 6, 16, 0
1173, 10, 1, 34, 59, 0
1173, 11, 2, 60, 28, 0
1173, 11, 3, 61, 27, 0
1174, 10, 2, 56, 5, 0
1181, 11, 2, 1, 15, 0
1181, 10, 3, 1, 16, 0
1181, 10, 3, 2, 14, 0
1181, 10, 2, 2, 15, 0
1181, 11, 1, 2, 16, 0
1189, 10, 0, 19, 56, 0
1189, 10, 1, 19, 62, 0
1189, 10, 0, 20, 60, 0
1189, 10, 2, 21, 47, 0
1189, 10, 0, 21, 49, 0
1189, 10, 2, 22, 60, 0
1189, 10, 1, 23, 49, 0
1189, 10, 0, 24, 47, 0
1189, 10, 2, 26, 35, 0
1189, 10, 1, 28, 36, 0
1189, 10, 0, 29, 35, 0
1189, 10, 3, 30, 37, 0
1189, 10, 3, 31, 33, 0
1189, 10, 2, 33, 31, 0
1189, 10, 2, 47, 1, 0
1189, 10, 1, 56, 39, 0
1189, 10, 2, 58, 41, 0
1189, 10, 0, 59, 43, 0
1244, 22, 2, 25, 16, 0
1244, 22, 2, 48, 13, 0
1245, 22, 2, 16, 61, 0
1245, 22, 2, 21, 41, 0
1245, 22, 2, 56, 48, 0
1246, 22, 2, 1, 9, 0
1246, 22, 2, 1, 10, 0
1246, 22, 2, 2, 19, 0
1246, 22, 0, 2, 40, 0
1246, 22, 2, 2, 50, 0
1246, 22, 1, 3, 9, 0
1246, 22, 0, 3, 12, 0
1246, 22, 3, 3, 18, 0
1246, 22, 2, 3, 20, 0
1246, 22, 3, 3, 29, 0
1246, 22, 3, 3, 35, 0
1246, 22, 3, 3, 48, 0
1246, 22, 0, 4, 6, 0
1246, 22, 3, 4, 23, 0
1246, 22, 2, 4, 34, 0
1246, 22, 3, 5, 4, 0
1246, 22, 1, 5, 20, 0
1246, 22, 0, 5, 27, 0
1246, 22, 0, 5, 42, 0
1246, 22, 0, 6, 13, 0
1246, 22, 1, 6, 40, 0
1246, 22, 1, 7, 8, 0
1246, 22, 0, 8, 26, 0
1246, 22, 3, 8, 44, 0
1246, 22, 1, 10, 5, 0
1246, 22, 0, 11, 14, 0
1246, 22, 1, 13, 7, 0
1246, 22, 0, 13, 17, 0
1246, 22, 1, 15, 22, 0
1246, 22, 0, 21, 52, 0
1246, 22, 2, 24, 9, 0
1246, 22, 0, 24, 39, 0
1246, 22, 2, 24, 56, 0
1246, 22, 1, 26, 49, 0
1246, 22, 2, 26, 57, 0
1246, 22, 1, 27, 42, 0
1246, 22, 3, 27, 55, 0
1246, 22, 1, 28, 33, 0
1246, 22, 3, 29, 38, 0
1246, 22, 1, 29, 60, 0
1246, 22, 2, 30, 44, 0
1246, 22, 0, 30, 50, 0
1246, 22, 0, 32, 23, 0
1246, 22, 2, 32, 40, 0
1246, 22, 0, 33, 57, 0
1246, 22, 3, 34, 51, 0
1246, 22, 2, 36, 53, 0
1246, 22, 3, 37, 23, 0
1246, 22, 0, 39, 59, 0
1246, 22, 2, 40, 23, 0
1246, 22, 1, 47, 28, 0
1246, 22, 2, 55, 20, 0
1247, 22, 0, 2, 5, 0
1247, 22, 3, 2, 7, 0
1247, 22, 0, 2, 9, 0
1247, 22, 1, 2, 11, 0
1247, 22, 2, 2, 12, 0
1247, 22, 3, 2, 38, 0
1247, 22, 1, 3, 27, 0
1247, 22, 0, 4, 9, 0
1247, 22, 3, 4, 10, 0
1247, 22, 1, 4, 17, 0
1247, 22, 0, 4, 18, 0
1247, 22, 0, 4, 28, 0
1247, 22, 0, 4, 36, 0
1247, 22, 1, 5, 8, 0
1247, 22, 0, 5, 9, 0
1247, 22, 2, 5, 17, 0
1247, 22, 2, 6, 7, 0
1247, 22, 2, 6, 18, 0
1247, 22, 2, 6, 49, 0
1247, 22, 0, 7, 13, 0
1247, 22, 3, 8, 24, 0
1247, 22, 3, 8, 33, 0
1247, 22, 2, 9, 25, 0
1247, 22, 2, 9, 26, 0
1247, 22, 1, 9, 33, 0
1247, 22, 1, 10, 28, 0
1247, 22, 0, 10, 31, 0
1247, 22, 1, 10, 32, 0
1247, 22, 0, 11, 17, 0
1247, 22, 3, 11, 29, 0
1247, 22, 2, 12, 12, 0
1247, 22, 0, 12, 14, 0
1247, 22, 2, 12, 27, 0
1247, 22, 2, 12, 28, 0
1247, 22, 1, 13, 16, 0
1247, 22, 1, 20, 52, 0
1247, 22, 2, 21, 51, 0
1247, 22, 2, 24, 7, 0
1247, 22, 1, 24, 37, 0
1247, 22, 1, 25, 38, 0
1247, 22, 0, 25, 47, 0
1247, 22, 2, 25, 55, 0
1247, 22, 0, 26, 39, 0
1247, 22, 0, 26, 41, 0
1247, 22, 3, 26, 42, 0
1247, 22, 3, 27, 33, 0
1247, 22, 2, 27, 48, 0
1247, 22, 1, 27, 50, 0
1247, 22, 2, 27, 52, 0
1247, 22, 1, 27, 59, 0
1247, 22, 2, 27, 60, 0
1247, 22, 3, 28, 13, 0
1247, 22, 1, 28, 32, 0
1247, 22, 1, 28, 39, 0
1247, 22, 2, 28, 40, 0
1247, 22, 3, 28, 44, 0
1247, 22, 2, 28, 45, 0
1247, 22, 3, 28, 52, 0
1247, 22, 1, 28, 57, 0
1247, 22, 0, 28, 58, 0
1247, 22, 3, 29, 14, 0
1247, 22, 1, 29, 42, 0
1247, 22, 0, 29, 48, 0
1247, 22, 3, 29, 51, 0
1247, 22, 3, 29, 57, 0
1247, 22, 2, 29, 59, 0
1247, 22, 2, 30, 12, 0
1247, 22, 0, 30, 14, 0
1247, 22, 1, 30, 48, 0
1247, 22, 3, 30, 54, 0
1247, 22, 0, 30, 55, 0
1247, 22, 0, 31, 4, 0
1247, 22, 1, 31, 39, 0
1247, 22, 2, 31, 40, 0
1247, 22, 1, 31, 49, 0
1247, 22, 1, 31, 51, 0
1247, 22, 2, 31, 53, 0
1247, 22, 3, 31, 57, 0
1247, 22, 0, 31, 58, 0
1247, 22, 1, 31, 62, 0
1247, 22, 1, 32, 5, 0
1247, 22, 1, 32, 39, 0
1247, 22, 3, 32, 52, 0
1247, 22, 3, 32, 53, 0
1247, 22, 0, 32, 55, 0
1247, 22, 3, 33, 4, 0
1247, 22, 3, 33, 22, 0
1247, 22, 0, 33, 23, 0
1247, 22, 3, 33, 60, 0
1247, 22, 0, 33, 61, 0
1247, 22, 0, 33, 62, 0
1247, 22, 1, 34, 7, 0
1247, 22, 1, 35, 21, 0
1247, 22, 2, 35, 23, 0
1247, 22, 2, 35, 50, 0
1247, 22, 0, 36, 21, 0
1247, 22, 2, 37, 26, 0
1247, 22, 2, 45, 9, 0
1247, 22, 0, 45, 31, 0
1247, 22, 3, 45, 32, 0
1247, 22, 0, 46, 8, 0
1247, 22, 3, 47, 7, 0
1247, 22, 0, 47, 8, 0
1247, 22, 2, 57, 47, 0
1247, 22, 3, 58, 40, 0
1247, 22, 0, 59, 40, 0
1247, 22, 3, 59, 47, 0
1247, 22, 1, 60, 42, 0
1247, 22, 0, 61, 37, 0
1247, 22, 0, 61, 41, 0
1247, 22, 2, 62, 18, 0
1247, 22, 1, 62, 19, 0
1247, 22, 1, 62, 37, 0
1247, 22, 3, 62, 39, 0
1247, 22, 2, 62, 40, 0
1248, 22, 1, 8, 1, 0
1248, 22, 1, 10, 8, 0
1248, 22, 2, 24, 16, 0
1257, 22, 0, 1, 52, 0
1257, 22, 1, 1, 53, 0
1257, 22, 3, 1, 54, 0
1257, 22, 2, 1, 55, 0
1257, 22, 3, 2, 51, 0
1257, 22, 0, 2, 52, 0
1257, 22, 2, 3, 51, 0
1257, 22, 2, 4, 50, 0
1257, 22, 1, 4, 51, 0
1257, 22, 1, 4, 52, 0
1257, 22, 0, 5, 49, 0
1257, 22, 1, 5, 50, 0
1257, 22, 3, 5, 51, 0
1257, 22, 1, 6, 47, 0
1257, 22, 3, 6, 48, 0
1257, 22, 0, 7, 40, 0
1257, 22, 1, 7, 42, 0
1257, 22, 0, 7, 46, 0
1257, 22, 1, 7, 63, 0
1257, 22, 2, 8, 38, 0
1257, 22, 1, 8, 39, 0
1257, 22, 2, 8, 40, 0
1257, 22, 2, 8, 41, 0
1257, 22, 2, 8, 42, 0
1257, 22, 0, 8, 43, 0
1257, 22, 1, 8, 62, 0
1257, 22, 3, 8, 63, 0
1257, 22, 0, 9, 37, 0
1257, 22, 2, 9, 38, 0
1257, 22, 1, 9, 40, 0
1257, 22, 3, 9, 41, 0
1257, 22, 0, 9, 62, 0
1257, 22, 1, 9, 63, 0
1257, 22, 2, 10, 35, 0
1257, 22, 2, 10, 36, 0
1257, 22, 1, 10, 37, 0
1257, 22, 3, 10, 38, 0
1257, 22, 3, 10, 61, 0
1257, 22, 2, 10, 62, 0
1257, 22, 2, 11, 33, 0
1257, 22, 3, 11, 34, 0
1257, 22, 0, 11, 35, 0
1257, 22, 3, 11, 36, 0
1257, 22, 1, 11, 60, 0
1257, 22, 0, 11, 61, 0
1257, 22, 2, 11, 62, 0
1257, 22, 0, 12, 61, 0
1257, 22, 3, 12, 62, 0
1257, 22, 0, 13, 23, 0
1257, 22, 1, 13, 24, 0
1257, 22, 3, 13, 60, 0
1257, 22, 3, 13, 61, 0
1257, 22, 1, 14, 21, 0
1257, 22, 3, 14, 22, 0
1257, 22, 0, 14, 23, 0
1257, 22, 2, 14, 58, 0
1257, 22, 3, 14, 59, 0
1257, 22, 1, 14, 60, 0
1257, 22, 0, 14, 61, 0
1257, 22, 0, 15, 20, 0
1257, 22, 2, 15, 23, 0
1257, 22, 3, 15, 55, 0
1257, 22, 2, 15, 57, 0
1257, 22, 0, 15, 58, 0
1257, 22, 3, 15, 59, 0
1257, 22, 2, 15, 60, 0
1257, 22, 0, 16, 20, 0
1257, 22, 2, 16, 22, 0
1257, 22, 1, 16, 23, 0
1257, 22, 3, 16, 52, 0
1257, 22, 0, 16, 53, 0
1257, 22, 0, 16, 54, 0
1257, 22, 3, 16, 55, 0
1257, 22, 0, 16, 56, 0
1257, 22, 1, 16, 57, 0
1257, 22, 3, 16, 58, 0
1257, 22, 3, 17, 19, 0
1257, 22, 1, 17, 20, 0
1257, 22, 1, 17, 21, 0
1257, 22, 0, 17, 22, 0
1257, 22, 1, 17, 52, 0
1257, 22, 2, 17, 53, 0
1257, 22, 0, 17, 54, 0
1257, 22, 3, 17, 55, 0
1257, 22, 2, 17, 56, 0
1257, 22, 1, 17, 57, 0
1257, 22, 2, 17, 58, 0
1257, 22, 1, 18, 17, 0
1257, 22, 2, 18, 19, 0
1257, 22, 0, 18, 20, 0
1257, 22, 3, 18, 21, 0
1257, 22, 0, 18, 48, 0
1257, 22, 2, 18, 50, 0
1257, 22, 2, 18, 51, 0
1257, 22, 0, 18, 52, 0
1257, 22, 1, 18, 53, 0
1257, 22, 1, 19, 17, 0
1257, 22, 2, 19, 18, 0
1257, 22, 2, 19, 36, 0
1257, 22, 1, 19, 37, 0
1257, 22, 0, 19, 38, 0
1257, 22, 0, 19, 44, 0
1257, 22, 1, 19, 45, 0
1257, 22, 1, 19, 47, 0
1257, 22, 0, 19, 48, 0
1257, 22, 3, 19, 49, 0
1257, 22, 1, 19, 50, 0
1257, 22, 2, 19, 51, 0
1257, 22, 1, 20, 16, 0
1257, 22, 1, 20, 17, 0
1257, 22, 0, 20, 18, 0
1257, 22, 0, 20, 33, 0
1257, 22, 2, 20, 34, 0
1257, 22, 1, 20, 35, 0
1257, 22, 1, 20, 43, 0
1257, 22, 2, 20, 44, 0
1257, 22, 3, 20, 45, 0
1257, 22, 3, 20, 46, 0
1257, 22, 3, 20, 48, 0
1257, 22, 0, 20, 49, 0
1257, 22, 3, 21, 16, 0
1257, 22, 1, 21, 17, 0
1257, 22, 2, 21, 18, 0
1257, 22, 0, 21, 31, 0
1257, 22, 0, 21, 33, 0
1257, 22, 3, 21, 34, 0
1257, 22, 0, 21, 35, 0
1257, 22, 1, 21, 37, 0
1257, 22, 0, 21, 38, 0
1257, 22, 2, 21, 39, 0
1257, 22, 3, 21, 40, 0
1257, 22, 0, 21, 42, 0
1257, 22, 2, 21, 43, 0
1257, 22, 1, 21, 44, 0
1257, 22, 0, 21, 45, 0
1257, 22, 3, 21, 46, 0
1257, 22, 2, 21, 47, 0
1257, 22, 0, 22, 16, 0
1257, 22, 3, 22, 18, 0
1257, 22, 2, 22, 31, 0
1257, 22, 2, 22, 38, 0
1257, 22, 3, 22, 39, 0
1257, 22, 1, 22, 40, 0
1257, 22, 0, 22, 42, 0
1257, 22, 0, 22, 43, 0
1257, 22, 2, 22, 53, 0
1257, 22, 3, 23, 17, 0
1257, 22, 2, 23, 18, 0
1257, 22, 3, 23, 30, 0
1257, 22, 1, 23, 32, 0
1257, 22, 0, 23, 33, 0
1257, 22, 1, 23, 52, 0
1257, 22, 0, 23, 53, 0
1257, 22, 3, 23, 54, 0
1257, 22, 2, 24, 17, 0
1257, 22, 2, 24, 18, 0
1257, 22, 0, 24, 29, 0
1257, 22, 1, 24, 51, 0
1257, 22, 1, 24, 52, 0
1257, 22, 2, 24, 54, 0
1257, 22, 1, 24, 55, 0
1257, 22, 0, 25, 28, 0
1257, 22, 1, 25, 30, 0
1257, 22, 2, 25, 50, 0
1257, 22, 0, 25, 51, 0
1257, 22, 2, 25, 52, 0
1257, 22, 3, 26, 13, 0
1257, 22, 2, 26, 14, 0
1257, 22, 1, 26, 15, 0
1257, 22, 3, 26, 27, 0
1257, 22, 1, 26, 28, 0
1257, 22, 2, 26, 31, 0
1257, 22, 2, 26, 50, 0
1257, 22, 3, 26, 51, 0
1257, 22, 0, 26, 53, 0
1257, 22, 1, 26, 54, 0
1257, 22, 0, 26, 55, 0
1257, 22, 0, 27, 12, 0
1257, 22, 0, 27, 14, 0
1257, 22, 2, 27, 15, 0
1257, 22, 2, 27, 28, 0
1257, 22, 3, 27, 30, 0
1257, 22, 0, 27, 49, 0
1257, 22, 2, 28, 11, 0
1257, 22, 3, 28, 15, 0
1257, 22, 0, 28, 29, 0
1257, 22, 1, 28, 48, 0
1257, 22, 3, 28, 49, 0
1257, 22, 1, 29, 11, 0
1257, 22, 1, 29, 12, 0
1257, 22, 2, 29, 15, 0
1257, 22, 1, 29, 29, 0
1257, 22, 2, 29, 30, 0
1257, 22, 2, 29, 31, 0
1257, 22, 0, 29, 33, 0
1257, 22, 0, 29, 47, 0
1257, 22, 3, 30, 30, 0
1257, 22, 0, 30, 31, 0
1257, 22, 3, 30, 32, 0
1257, 22, 3, 30, 33, 0
1257, 22, 2, 30, 34, 0
1257, 22, 1, 30, 35, 0
1257, 22, 3, 30, 47, 0
1257, 22, 0, 31, 12, 0
1257, 22, 2, 31, 14, 0
1257, 22, 1, 31, 30, 0
1257, 22, 3, 31, 31, 0
1257, 22, 0, 31, 32, 0
1257, 22, 1, 31, 33, 0
1257, 22, 0, 31, 35, 0
1257, 22, 2, 31, 46, 0
1257, 22, 3, 31, 47, 0
1257, 22, 3, 31, 48, 0
1257, 22, 2, 32, 12, 0
1257, 22, 0, 32, 13, 0
1257, 22, 3, 32, 14, 0
1257, 22, 0, 32, 30, 0
1257, 22, 2, 32, 31, 0
1257, 22, 0, 32, 32, 0
1257, 22, 2, 32, 36, 0
1257, 22, 3, 32, 46, 0
1257, 22, 1, 32, 47, 0
1257, 22, 2, 32, 48, 0
1257, 22, 2, 32, 49, 0
1257, 22, 1, 33, 11, 0
1257, 22, 1, 33, 14, 0
1257, 22, 1, 33, 31, 0
1257, 22, 1, 33, 32, 0
1257, 22, 3, 33, 33, 0
1257, 22, 3, 33, 35, 0
1257, 22, 2, 33, 36, 0
1257, 22, 1, 33, 45, 0
1257, 22, 0, 33, 48, 0
1257, 22, 1, 33, 49, 0
1257, 22, 0, 34, 11, 0
1257, 22, 3, 34, 12, 0
1257, 22, 2, 34, 14, 0
1257, 22, 3, 34, 32, 0
1257, 22, 1, 34, 33, 0
1257, 22, 2, 34, 34, 0
1257, 22, 1, 34, 35, 0
1257, 22, 1, 34, 40, 0
1257, 22, 3, 34, 41, 0
1257, 22, 3, 34, 42, 0
1257, 22, 0, 34, 43, 0
1257, 22, 2, 34, 44, 0
1257, 22, 0, 34, 45, 0
1257, 22, 3, 34, 49, 0
1257, 22, 2, 35, 12, 0
1257, 22, 0, 35, 13, 0
1257, 22, 0, 35, 14, 0
1257, 22, 3, 35, 31, 0
1257, 22, 0, 35, 33, 0
1257, 22, 0, 35, 34, 0
1257, 22, 1, 35, 39, 0
1257, 22, 2, 35, 40, 0
1257, 22, 1, 35, 41, 0
1257, 22, 3, 35, 43, 0
1257, 22, 3, 35, 44, 0
1257, 22, 2, 35, 45, 0
1257, 22, 2, 35, 48, 0
1257, 22, 0, 35, 49, 0
1257, 22, 0, 36, 13, 0
1257, 22, 1, 36, 14, 0
1257, 22, 3, 36, 31, 0
1257, 22, 2, 36, 42, 0
1257, 22, 0, 36, 44, 0
1257, 22, 0, 36, 47, 0
1257, 22, 1, 36, 48, 0
1257, 22, 3, 36, 49, 0
1257, 22, 1, 37, 14, 0
1257, 22, 2, 37, 31, 0
1257, 22, 1, 37, 43, 0
1257, 22, 3, 37, 44, 0
1257, 22, 3, 37, 47, 0
1257, 22, 2, 37, 48, 0
1257, 22, 1, 38, 11, 0
1257, 22, 0, 38, 14, 0
1257, 22, 1, 38, 44, 0
1257, 22, 0, 38, 45, 0
1257, 22, 0, 38, 46, 0
1257, 22, 1, 38, 47, 0
1257, 22, 3, 38, 50, 0
1257, 22, 2, 39, 12, 0
1257, 22, 0, 39, 13, 0
1257, 22, 3, 39, 14, 0
1257, 22, 0, 39, 47, 0
1257, 22, 1, 39, 48, 0
1257, 22, 2, 39, 49, 0
1257, 22, 1, 39, 51, 0
1257, 22, 3, 40, 12, 0
1257, 22, 0, 40, 13, 0
1257, 22, 3, 40, 14, 0
1257, 22, 2, 40, 48, 0
1257, 22, 2, 40, 52, 0
1257, 22, 2, 41, 14, 0
1257, 22, 1, 41, 49, 0
1257, 22, 0, 41, 50, 0
1257, 22, 3, 41, 51, 0
1257, 22, 0, 41, 52, 0
1257, 22, 1, 42, 15, 0
1257, 22, 3, 42, 50, 0
1257, 22, 2, 42, 51, 0
1257, 22, 1, 42, 52, 0
1257, 22, 2, 42, 53, 0
1257, 22, 0, 43, 15, 0
1257, 22, 1, 43, 52, 0
1257, 22, 0, 43, 53, 0
1257, 22, 1, 44, 29, 0
1257, 22, 1, 44, 30, 0
1257, 22, 0, 45, 14, 0
1257, 22, 3, 45, 15, 0
1257, 22, 2, 45, 28, 0
1257, 22, 2, 45, 29, 0
1257, 22, 1, 45, 30, 0
1257, 22, 0, 46, 12, 0
1257, 22, 1, 46, 13, 0
1257, 22, 3, 46, 14, 0
1257, 22, 3, 46, 28, 0
1257, 22, 3, 46, 29, 0
1257, 22, 1, 46, 30, 0
1257, 22, 3, 47, 11, 0
1257, 22, 3, 47, 12, 0
1257, 22, 2, 47, 13, 0
1257, 22, 1, 47, 14, 0
1257, 22, 0, 47, 26, 0
1257, 22, 3, 47, 27, 0
1257, 22, 2, 47, 29, 0
1257, 22, 1, 48, 10, 0
1257, 22, 2, 48, 11, 0
1257, 22, 2, 48, 25, 0
1257, 22, 1, 48, 27, 0
1257, 22, 1, 48, 28, 0
1257, 22, 0, 49, 9, 0
1257, 22, 0, 49, 13, 0
1257, 22, 3, 49, 25, 0
1257, 22, 0, 49, 28, 0
1257, 22, 1, 49, 29, 0
1257, 22, 0, 49, 30, 0
1257, 22, 3, 49, 31, 0
1257, 22, 0, 49, 32, 0
1257, 22, 2, 50, 9, 0
1257, 22, 2, 50, 10, 0
1257, 22, 1, 50, 12, 0
1257, 22, 1, 50, 26, 0
1257, 22, 2, 50, 27, 0
1257, 22, 3, 50, 28, 0
1257, 22, 0, 50, 29, 0
1257, 22, 3, 50, 30, 0
1257, 22, 2, 50, 31, 0
1257, 22, 2, 50, 32, 0
1257, 22, 1, 50, 33, 0
1257, 22, 1, 50, 35, 0
1257, 22, 0, 50, 36, 0
1257, 22, 1, 51, 8, 0
1257, 22, 0, 51, 11, 0
1257, 22, 2, 51, 36, 0
1257, 22, 3, 51, 37, 0
1257, 22, 3, 51, 49, 0
1257, 22, 3, 52, 7, 0
1257, 22, 1, 52, 21, 0
1257, 22, 1, 52, 37, 0
1257, 22, 3, 52, 38, 0
1257, 22, 0, 52, 47, 0
1257, 22, 2, 52, 48, 0
1257, 22, 0, 52, 50, 0
1257, 22, 3, 53, 7, 0
1257, 22, 1, 53, 8, 0
1257, 22, 0, 53, 10, 0
1257, 22, 2, 53, 21, 0
1257, 22, 0, 53, 37, 0
1257, 22, 2, 53, 38, 0
1257, 22, 3, 53, 41, 0
1257, 22, 0, 53, 47, 0
1257, 22, 1, 53, 49, 0
1257, 22, 3, 54, 6, 0
1257, 22, 1, 54, 7, 0
1257, 22, 2, 54, 8, 0
1257, 22, 3, 54, 9, 0
1257, 22, 3, 54, 21, 0
1257, 22, 0, 54, 36, 0
1257, 22, 1, 54, 37, 0
1257, 22, 1, 54, 40, 0
1257, 22, 2, 54, 41, 0
1257, 22, 0, 54, 42, 0
1257, 22, 3, 54, 46, 0
1257, 22, 3, 54, 47, 0
1257, 22, 2, 54, 48, 0
1257, 22, 1, 55, 5, 0
1257, 22, 2, 55, 6, 0
1257, 22, 0, 55, 8, 0
1257, 22, 3, 55, 36, 0
1257, 22, 2, 55, 41, 0
1257, 22, 0, 55, 43, 0
1257, 22, 0, 55, 44, 0
1257, 22, 2, 55, 47, 0
1257, 22, 1, 55, 48, 0
1257, 22, 0, 55, 50, 0
1257, 22, 0, 56, 4, 0
1257, 22, 1, 56, 21, 0
1257, 22, 2, 56, 36, 0
1257, 22, 0, 56, 40, 0
1257, 22, 3, 56, 44, 0
1257, 22, 0, 56, 49, 0
1257, 22, 1, 56, 50, 0
1257, 22, 0, 57, 5, 0
1257, 22, 2, 57, 6, 0
1257, 22, 2, 57, 36, 0
1257, 22, 1, 57, 37, 0
1257, 22, 2, 57, 41, 0
1257, 22, 3, 57, 43, 0
1257, 22, 2, 57, 44, 0
1257, 22, 0, 57, 48, 0
1257, 22, 2, 57, 49, 0
1257, 22, 3, 58, 4, 0
1257, 22, 3, 58, 5, 0
1257, 22, 1, 58, 6, 0
1257, 22, 0, 58, 7, 0
1257, 22, 3, 58, 21, 0
1257, 22, 1, 58, 36, 0
1257, 22, 0, 58, 37, 0
1257, 22, 3, 58, 38, 0
1257, 22, 1, 58, 42, 0
1257, 22, 0, 58, 43, 0
1257, 22, 2, 58, 44, 0
1257, 22, 1, 58, 45, 0
1257, 22, 2, 58, 49, 0
1257, 22, 2, 59, 5, 0
1257, 22, 3, 59, 6, 0
1257, 22, 0, 59, 19, 0
1257, 22, 3, 59, 21, 0
1257, 22, 2, 59, 36, 0
1257, 22, 3, 59, 37, 0
1257, 22, 2, 59, 38, 0
1257, 22, 2, 59, 42, 0
1257, 22, 2, 59, 43, 0
1257, 22, 3, 59, 44, 0
1257, 22, 3, 59, 45, 0
1257, 22, 1, 59, 49, 0
1257, 22, 1, 60, 4, 0
1257, 22, 1, 60, 5, 0
1257, 22, 0, 60, 6, 0
1257, 22, 1, 60, 18, 0
1257, 22, 2, 60, 21, 0
1257, 22, 3, 60, 33, 0
1257, 22, 2, 60, 35, 0
1257, 22, 3, 60, 36, 0
1257, 22, 2, 60, 43, 0
1257, 22, 0, 60, 44, 0
1257, 22, 3, 60, 45, 0
1257, 22, 1, 61, 5, 0
1257, 22, 0, 61, 6, 0
1257, 22, 1, 61, 21, 0
1257, 22, 2, 61, 35, 0
1257, 22, 0, 61, 36, 0
1257, 22, 1, 61, 44, 0
1257, 22, 0, 61, 45, 0
1257, 22, 3, 62, 6, 0
1257, 22, 2, 62, 17, 0
1257, 22, 3, 62, 33, 0
1257, 22, 0, 62, 34, 0
1257, 22, 0, 62, 35, 0
1257, 22, 2, 62, 36, 0
1257, 22, 1, 63, 16, 0
1257, 22, 0, 63, 17, 0
1257, 22, 2, 63, 33, 0
1257, 22, 1, 63, 34, 0
1257, 22, 3, 63, 35, 0
1258, 22, 1, 2, 54, 0
1258, 22, 2, 10, 39, 0
1258, 22, 2, 12, 60, 0
1258, 22, 3, 13, 59, 0
1258, 22, 0, 15, 56, 0
1258, 22, 3, 16, 21, 0
1258, 22, 3, 17, 51, 0
1258, 22, 0, 18, 49, 0
1258, 22, 1, 19, 46, 0
1258, 22, 3, 20, 41, 0
1258, 22, 2, 20, 42, 0
1258, 22, 2, 20, 47, 0
1258, 22, 2, 21, 32, 0
1258, 22, 0, 22, 17, 0
1258, 22, 1, 22, 33, 0
1258, 22, 3, 24, 53, 0
1258, 22, 0, 25, 29, 0
1258, 22, 2, 25, 54, 0
1258, 22, 3, 26, 30, 0
1258, 22, 1, 27, 13, 0
1258, 22, 2, 27, 29, 0
1258, 22, 2, 28, 12, 0
1258, 22, 0, 28, 14, 0
1258, 22, 3, 29, 13, 0
1258, 22, 3, 31, 34, 0
1258, 22, 2, 32, 33, 0
1258, 22, 1, 32, 35, 0
1258, 22, 2, 33, 12, 0
1258, 22, 1, 33, 34, 0
1258, 22, 1, 33, 46, 0
1258, 22, 1, 33, 47, 0
1258, 22, 3, 34, 13, 0
1258, 22, 3, 34, 48, 0
1258, 22, 3, 35, 42, 0
1258, 22, 2, 35, 46, 0
1258, 22, 0, 35, 47, 0
1258, 22, 2, 36, 12, 0
1258, 22, 0, 36, 43, 0
1258, 22, 0, 37, 11, 0
1258, 22, 3, 37, 13, 0
1258, 22, 3, 38, 12, 0
1258, 22, 0, 38, 13, 0
1258, 22, 0, 39, 50, 0
1258, 22, 1, 40, 49, 0
1258, 22, 2, 40, 51, 0
1258, 22, 0, 46, 26, 0
1258, 22, 1, 47, 25, 0
1258, 22, 0, 48, 12, 0
1258, 22, 3, 48, 26, 0
1258, 22, 3, 49, 10, 0
1258, 22, 1, 49, 12, 0
1258, 22, 1, 49, 26, 0
1258, 22, 2, 49, 27, 0
1258, 22, 2, 50, 11, 0
1258, 22, 2, 50, 50, 0
1258, 22, 1, 51, 9, 0
1258, 22, 0, 51, 10, 0
1258, 22, 3, 52, 8, 0
1258, 22, 3, 52, 36, 0
1258, 22, 1, 52, 49, 0
1258, 22, 3, 53, 9, 0
1258, 22, 2, 53, 36, 0
1258, 22, 0, 53, 48, 0
1258, 22, 3, 53, 50, 0
1258, 22, 1, 54, 49, 0
1258, 22, 2, 54, 50, 0
1258, 22, 1, 55, 7, 0
1258, 22, 3, 55, 21, 0
1258, 22, 2, 55, 42, 0
1258, 22, 3, 55, 49, 0
1258, 22, 0, 56, 6, 0
1258, 22, 2, 56, 8, 0
1258, 22, 3, 56, 41, 0
1258, 22, 1, 56, 43, 0
1258, 22, 3, 57, 7, 0
1258, 22, 0, 57, 21, 0
1258, 22, 0, 57, 42, 0
1258, 22, 1, 60, 34, 0
1258, 22, 0, 61, 33, 0
1259, 22, 2, 2, 53, 0
1259, 22, 1, 3, 52, 0
1259, 22, 0, 3, 53, 0
1259, 22, 0, 4, 53, 0
1259, 22, 3, 9, 39, 0
1259, 22, 3, 22, 32, 0
1259, 22, 3, 25, 53, 0
1259, 22, 1, 26, 29, 0
1259, 22, 1, 32, 34, 0
1259, 22, 2, 33, 13, 0
1259, 22, 0, 34, 47, 0
1259, 22, 1, 37, 12, 0
1259, 22, 0, 40, 50, 0
1259, 22, 1, 49, 11, 0
1259, 22, 0, 52, 9, 0
1259, 22, 3, 56, 7, 0
1259, 22, 3, 56, 42, 0
1259, 22, 2, 61, 34, 0
1265, 22, 2, 28, 54, 0
1265, 22, 3, 28, 56, 0
1265, 22, 0, 29, 50, 0
1265, 22, 1, 30, 43, 0
1265, 22, 2, 35, 53, 0
1265, 22, 1, 36, 46, 0
1276, 10, 3, 20, 51, 0
1276, 10, 0, 24, 55, 0
1276, 10, 1, 26, 48, 0
1276, 10, 3, 27, 32, 0
1276, 10, 1, 27, 51, 0
1276, 10, 2, 27, 55, 0
1276, 10, 3, 27, 57, 0
1276, 10, 3, 28, 59, 0
1276, 10, 0, 29, 43, 0
1276, 10, 2, 30, 49, 0
1276, 10, 1, 31, 52, 0
1276, 10, 1, 32, 4, 0
1276, 10, 0, 32, 56, 0
1276, 10, 3, 34, 50, 0
1276, 10, 3, 41, 47, 0
1276, 10, 3, 49, 39, 0
1276, 10, 3, 57, 46, 0
1278, 11, 0, 12, 24, 0
1278, 10, 3, 24, 38, 0
1278, 10, 0, 26, 41, 0
1278, 10, 1, 27, 39, 0
1278, 10, 1, 29, 13, 0
1278, 10, 2, 31, 39, 0
1278, 10, 2, 35, 52, 0
1278, 10, 3, 36, 45, 0
1278, 10, 3, 44, 31, 0
1278, 10, 3, 58, 39, 0
1278, 10, 0, 60, 41, 0
1278, 11, 0, 61, 18, 0
1278, 10, 2, 61, 36, 0
1278, 10, 1, 61, 39, 0
1281, 10, 1, 29, 55, 0
1281, 10, 2, 31, 60, 0
1281, 11, 2, 35, 21, 0
1282, 10, 0, 1, 8, 0
1282, 10, 1, 1, 10, 0
1282, 10, 3, 1, 11, 0
1282, 10, 2, 2, 7, 0
1282, 10, 1, 2, 18, 0
1282, 10, 1, 2, 48, 0
1282, 10, 2, 3, 3, 0
1282, 10, 2, 3, 8, 0
1282, 10, 2, 3, 10, 0
1282, 10, 3, 3, 19, 0
1282, 10, 1, 3, 27, 0
1282, 10, 0, 3, 34, 0
1282, 10, 2, 4, 3, 0
1282, 10, 1, 4, 4, 0
1282, 10, 3, 4, 7, 0
1282, 10, 1, 4, 17, 0
1282, 10, 0, 4, 19, 0
1282, 10, 0, 5, 18, 0
1282, 10, 1, 5, 40, 0
1282, 10, 0, 6, 12, 0
1282, 10, 3, 10, 4, 0
1282, 10, 3, 11, 28, 0
1282, 10, 1, 12, 16, 0
1286, 10, 1, 0, 7, 0
1286, 10, 0, 2, 2, 0
1286, 10, 3, 2, 42, 0
1286, 10, 2, 3, 22, 0
1286, 10, 3, 5, 47, 0
1286, 10, 0, 6, 0, 0
1286, 10, 3, 6, 34, 0
1286, 10, 3, 8, 10, 0
1286, 10, 0, 9, 21, 0
1286, 10, 2, 13, 1, 0
1286, 10, 2, 14, 10, 0
1298, 10, 3, 15, 58, 0
1298, 10, 1, 26, 62, 0
1298, 10, 0, 27, 5, 0
1298, 10, 1, 30, 53, 0
1298, 10, 3, 34, 23, 0
1298, 10, 1, 37, 2, 0
1298, 10, 3, 40, 7, 0
1298, 10, 1, 40, 10, 0
1298, 10, 3, 45, 3, 0
1298, 11, 3, 61, 29, 0
1299, 10, 3, 23, 44, 0
1299, 10, 3, 26, 52, 0
1299, 11, 3, 60, 26, 0
1299, 11, 2, 60, 27, 0
1299, 11, 1, 60, 29, 0
1299, 11, 0, 61, 26, 0
1299, 11, 2, 61, 28, 0
1308, 11, 2, 32, 22, 0
1341, 10, 1, 7, 3, 0
1341, 10, 0, 9, 27, 0
1341, 10, 1, 9, 40, 0
1341, 10, 2, 11, 1, 0
1341, 10, 3, 13, 22, 0
1393, 10, 3, 22, 33, 0
1530, 0, 0, 54, 56, 0
1530, 0, 0, 60, 56, 0
1533, 0, 1, 56, 26, 0
1533, 0, 2, 58, 29, 0
1631, 1, 1, 45, 53, 0
1631, 0, 2, 45, 54, 0
1631, 0, 2, 45, 55, 0
1631, 0, 2, 45, 56, 0
1631, 0, 2, 45, 57, 0
1631, 0, 2, 45, 58, 0
1631, 0, 2, 45, 59, 0
1631, 0, 2, 45, 60, 0
1631, 0, 2, 45, 61, 0
1631, 0, 2, 45, 62, 0
1631, 0, 2, 45, 63, 0
1631, 0, 1, 46, 53, 0
1631, 0, 3, 46, 60, 0
1631, 0, 1, 47, 53, 0
1631, 0, 3, 47, 60, 0
1631, 0, 1, 48, 53, 0
1631, 0, 3, 48, 60, 0
1631, 0, 1, 49, 53, 0
1631, 0, 1, 50, 53, 0
1631, 0, 3, 50, 60, 0
1631, 0, 1, 51, 53, 0
1631, 0, 3, 51, 60, 0
1631, 0, 1, 52, 53, 0
1631, 0, 3, 52, 60, 0
1631, 0, 1, 53, 53, 0
1631, 0, 3, 53, 60, 0
1631, 0, 1, 54, 53, 0
1631, 0, 0, 54, 54, 0
1631, 0, 0, 54, 55, 0
1631, 0, 0, 54, 57, 0
1631, 0, 0, 54, 58, 0
1631, 0, 0, 54, 59, 0
1631, 2, 3, 54, 60, 0
1631, 0, 0, 54, 61, 0
1631, 0, 0, 54, 62, 0
1631, 0, 0, 54, 63, 0
1631, 0, 1, 55, 53, 0
1631, 0, 3, 55, 60, 0
1631, 0, 1, 56, 53, 0
1631, 0, 3, 56, 60, 0
1631, 0, 1, 57, 53, 0
1631, 0, 3, 57, 60, 0
1631, 0, 1, 58, 53, 0
1631, 0, 3, 58, 60, 0
1631, 0, 1, 59, 53, 0
1631, 0, 3, 59, 60, 0
1631, 0, 1, 60, 53, 0
1631, 0, 0, 60, 54, 0
1631, 0, 0, 60, 55, 0
1631, 0, 0, 60, 57, 0
1631, 0, 0, 60, 58, 0
1631, 0, 0, 60, 59, 0
1631, 0, 0, 60, 60, 0
1631, 0, 0, 60, 61, 0
1631, 9, 0, 60, 62, 0
1631, 0, 1, 61, 53, 0
1631, 1, 0, 61, 62, 0
1631, 9, 0, 61, 63, 0
1631, 0, 1, 62, 53, 0
1631, 1, 0, 62, 63, 0
1631, 0, 1, 63, 53, 0
1631, 1, 1, 45, 53, 1
1631, 0, 2, 45, 54, 1
1631, 0, 2, 45, 55, 1
1631, 0, 2, 45, 56, 1
1631, 0, 2, 45, 57, 1
1631, 0, 2, 45, 58, 1
1631, 0, 2, 45, 59, 1
1631, 0, 2, 45, 60, 1
1631, 0, 2, 45, 61, 1
1631, 0, 2, 45, 62, 1
1631, 0, 2, 45, 63, 1
1631, 0, 1, 46, 53, 1
1631, 0, 1, 47, 53, 1
1631, 0, 1, 48, 53, 1
1631, 0, 1, 49, 53, 1
1631, 0, 1, 50, 53, 1
1631, 0, 1, 51, 53, 1
1631, 0, 1, 52, 53, 1
1631, 0, 1, 53, 53, 1
1631, 0, 2, 53, 54, 1
1631, 0, 2, 53, 55, 1
1631, 0, 2, 53, 56, 1
1631, 0, 2, 53, 57, 1
1631, 0, 2, 53, 58, 1
1631, 0, 2, 53, 59, 1
1631, 0, 2, 53, 60, 1
1631, 0, 2, 53, 61, 1
1631, 0, 2, 53, 62, 1
1631, 0, 2, 53, 63, 1
1631, 0, 3, 54, 60, 1
1631, 0, 3, 55, 60, 1
1631, 0, 3, 56, 60, 1
1631, 0, 3, 57, 60, 1
1631, 0, 3, 58, 60, 1
1631, 0, 3, 59, 60, 1
1631, 0, 0, 60, 60, 1
1631, 0, 0, 60, 61, 1
1631, 9, 0, 60, 62, 1
1631, 1, 0, 61, 62, 1
1631, 9, 0, 61, 63, 1
1631, 1, 0, 62, 63, 1
1640, 12, 1, 54, 54, 1
1640, 17, 0, 54, 55, 1
1640, 17, 0, 54, 56, 1
1640, 17, 0, 54, 57, 1
1640, 17, 0, 54, 58, 1
1640, 17, 0, 54, 59, 1
1640, 12, 1, 55, 54, 1
1640, 17, 0, 55, 55, 1
1640, 17, 0, 55, 56, 1
1640, 17, 0, 55, 57, 1
1640, 17, 0, 55, 58, 1
1640, 17, 0, 55, 59, 1
1640, 12, 1, 56, 54, 1
1640, 17, 0, 56, 55, 1
1640, 17, 0, 56, 56, 1
1640, 17, 0, 56, 57, 1
1640, 17, 0, 56, 58, 1
1640, 17, 0, 56, 59, 1
1640, 12, 1, 57, 54, 1
1640, 17, 0, 57, 55, 1
1640, 17, 0, 57, 56, 1
1640, 17, 0, 57, 57, 1
1640, 17, 0, 57, 58, 1
1640, 17, 0, 57, 59, 1
1640, 12, 1, 58, 54, 1
1640, 17, 0, 58, 55, 1
1640, 17, 0, 58, 56, 1
1640, 17, 0, 58, 57, 1
1640, 17, 0, 58, 58, 1
1640, 17, 0, 58, 59, 1
1640, 16, 0, 59, 54, 1
1640, 12, 0, 59, 55, 1
1640, 12, 0, 59, 56, 1
1640, 12, 0, 59, 57, 1
1640, 12, 0, 59, 58, 1
1640, 12, 0, 59, 59, 1
1640, 16, 1, 46, 54, 2
1640, 12, 2, 46, 55, 2
1640, 12, 2, 46, 56, 2
1640, 12, 2, 46, 57, 2
1640, 12, 2, 46, 58, 2
1640, 12, 2, 46, 59, 2
1640, 12, 2, 46, 60, 2
1640, 12, 2, 46, 61, 2
1640, 12, 2, 46, 62, 2
1640, 12, 2, 46, 63, 2
1640, 12, 1, 47, 54, 2
1640, 17, 0, 47, 55, 2
1640, 17, 0, 47, 56, 2
1640, 17, 0, 47, 57, 2
1640, 17, 0, 47, 58, 2
1640, 17, 0, 47, 59, 2
1640, 17, 0, 47, 60, 2
1640, 17, 0, 47, 61, 2
1640, 17, 0, 47, 62, 2
1640, 17, 0, 47, 63, 2
1640, 12, 1, 48, 54, 2
1640, 17, 0, 48, 55, 2
1640, 17, 0, 48, 56, 2
1640, 17, 0, 48, 57, 2
1640, 17, 0, 48, 58, 2
1640, 17, 0, 48, 59, 2
1640, 17, 0, 48, 60, 2
1640, 17, 0, 48, 61, 2
1640, 17, 0, 48, 62, 2
1640, 17, 0, 48, 63, 2
1640, 12, 1, 49, 54, 2
1640, 17, 0, 49, 55, 2
1640, 17, 0, 49, 56, 2
1640, 17, 0, 49, 57, 2
1640, 17, 0, 49, 58, 2
1640, 17, 0, 49, 59, 2
1640, 17, 0, 49, 60, 2
1640, 17, 0, 49, 61, 2
1640, 17, 0, 49, 62, 2
1640, 17, 0, 49, 63, 2
1640, 12, 1, 50, 54, 2
1640, 17, 0, 50, 55, 2
1640, 17, 0, 50, 56, 2
1640, 17, 0, 50, 57, 2
1640, 17, 0, 50, 58, 2
1640, 17, 0, 50, 59, 2
1640, 17, 0, 50, 60, 2
1640, 17, 0, 50, 61, 2
1640, 17, 0, 50, 62, 2
1640, 17, 0, 50, 63, 2
1640, 12, 1, 51, 54, 2
1640, 17, 0, 51, 55, 2
1640, 17, 0, 51, 56, 2
1640, 17, 0, 51, 57, 2
1640, 17, 0, 51, 58, 2
1640, 17, 0, 51, 59, 2
1640, 17, 0, 51, 60, 2
1640, 17, 0, 51, 61, 2
1640, 17, 0, 51, 62, 2
1640, 17, 0, 51, 63, 2
1640, 12, 1, 52, 54, 2
1640, 17, 0, 52, 55, 2
1640, 17, 0, 52, 56, 2
1640, 17, 0, 52, 57, 2
1640, 17, 0, 52, 58, 2
1640, 17, 0, 52, 59, 2
1640, 17, 0, 52, 60, 2
1640, 17, 0, 52, 61, 2
1640, 17, 0, 52, 62, 2
1640, 17, 0, 52, 63, 2
1640, 16, 0, 53, 54, 2
1640, 12, 0, 53, 55, 2
1640, 12, 0, 53, 56, 2
1640, 12, 0, 53, 57, 2
1640, 12, 0, 53, 58, 2
1640, 12, 0, 53, 59, 2
1640, 15, 0, 53, 60, 2
1640, 17, 0, 53, 61, 2
1640, 17, 0, 53, 62, 2
1640, 17, 0, 53, 63, 2
1640, 12, 1, 54, 60, 2
1640, 17, 0, 54, 61, 2
1640, 17, 0, 54, 62, 2
1640, 17, 0, 54, 63, 2
1640, 12, 1, 55, 60, 2
1640, 17, 0, 55, 61, 2
1640, 17, 0, 55, 62, 2
1640, 17, 0, 55, 63, 2
1640, 12, 1, 56, 60, 2
1640, 17, 0, 56, 61, 2
1640, 17, 0, 56, 62, 2
1640, 17, 0, 56, 63, 2
1640, 12, 1, 57, 60, 2
1640, 17, 0, 57, 61, 2
1640, 17, 0, 57, 62, 2
1640, 17, 0, 57, 63, 2
1640, 12, 1, 58, 60, 2
1640, 17, 0, 58, 61, 2
1640, 17, 0, 58, 62, 2
1640, 17, 0, 58, 63, 2
1640, 16, 0, 59, 60, 2
1640, 12, 0, 59, 61, 2
1640, 14, 0, 59, 62, 2
1640, 17, 0, 59, 63, 2
1640, 13, 0, 60, 62, 2
1640, 14, 0, 60, 63, 2
1640, 13, 0, 61, 63, 2
1716, 10, 3, 52, 22, 0
1716, 10, 1, 58, 22, 0
1722, 10, 2, 52, 27, 0
1722, 10, 0, 52, 61, 0
1723, 10, 2, 52, 27, 1
1723, 10, 0, 52, 62, 1
1760, 10, 0, 53, 33, 1
1790, 21, 1, 51, 21, 2
1790, 18, 2, 51, 22, 2
1790, 18, 2, 51, 23, 2
1790, 18, 2, 51, 24, 2
1790, 18, 2, 51, 25, 2
1790, 18, 2, 51, 26, 2
1790, 18, 2, 51, 27, 2
1790, 18, 2, 51, 28, 2
1790, 18, 2, 51, 29, 2
1790, 18, 2, 51, 30, 2
1790, 18, 2, 51, 31, 2
1790, 18, 2, 51, 32, 2
1790, 18, 2, 51, 33, 2
1790, 18, 2, 51, 34, 2
1790, 21, 2, 51, 35, 2
1790, 18, 1, 52, 21, 2
1790, 18, 3, 52, 35, 2
1790, 18, 1, 53, 21, 2
1790, 18, 3, 53, 35, 2
1790, 18, 1, 54, 21, 2
1790, 18, 3, 54, 35, 2
1790, 18, 1, 55, 21, 2
1790, 18, 3, 55, 35, 2
1790, 18, 1, 56, 21, 2
1790, 18, 3, 56, 35, 2
1790, 18, 1, 57, 21, 2
1790, 18, 3, 57, 35, 2
1790, 18, 1, 58, 21, 2
1790, 18, 3, 58, 35, 2
1790, 21, 0, 59, 21, 2
1790, 18, 0, 59, 22, 2
1790, 18, 0, 59, 23, 2
1790, 18, 0, 59, 24, 2
1790, 18, 0, 59, 25, 2
1790, 18, 0, 59, 26, 2
1790, 18, 0, 59, 27, 2
1790, 18, 0, 59, 28, 2
1790, 18, 0, 59, 29, 2
1790, 18, 0, 59, 30, 2
1790, 18, 0, 59, 31, 2
1790, 18, 0, 59, 32, 2
1790, 18, 0, 59, 33, 2
1790, 18, 0, 59, 34, 2
1790, 21, 3, 59, 35, 2
1793, 18, 1, 54, 53, 1
1793, 18, 1, 55, 53, 1
1793, 18, 1, 56, 53, 1
1793, 18, 1, 57, 53, 1
1793, 18, 1, 58, 53, 1
1793, 18, 1, 59, 53, 1
1793, 19, 0, 60, 53, 1
1793, 18, 0, 60, 54, 1
1793, 18, 0, 60, 55, 1
1793, 18, 0, 60, 56, 1
1793, 18, 0, 60, 57, 1
1793, 18, 0, 60, 58, 1
1793, 18, 0, 60, 59, 1
1793, 21, 1, 45, 53, 2
1793, 18, 2, 45, 54, 2
1793, 18, 2, 45, 55, 2
1793, 18, 2, 45, 56, 2
1793, 18, 2, 45, 57, 2
1793, 18, 2, 45, 58, 2
1793, 18, 2, 45, 59, 2
1793, 18, 2, 45, 60, 2
1793, 18, 2, 45, 61, 2
1793, 18, 2, 45, 62, 2
1793, 18, 2, 45, 63, 2
1793, 18, 1, 46, 53, 2
1793, 18, 1, 47, 53, 2
1793, 18, 1, 48, 53, 2
1793, 18, 1, 49, 53, 2
1793, 18, 1, 50, 53, 2
1793, 18, 1, 51, 53, 2
1793, 18, 1, 52, 53, 2
1793, 18, 1, 53, 53, 2
1793, 21, 0, 54, 53, 2
1793, 18, 0, 54, 54, 2
1793, 18, 0, 54, 55, 2
1793, 18, 0, 54, 56, 2
1793, 18, 0, 54, 57, 2
1793, 18, 0, 54, 58, 2
1793, 20, 0, 54, 59, 2
1793, 18, 1, 55, 59, 2
1793, 18, 1, 56, 59, 2
1793, 18, 1, 57, 59, 2
1793, 18, 1, 58, 59, 2
1793, 18, 1, 59, 59, 2
1793, 21, 0, 60, 59, 2
1793, 18, 0, 60, 60, 2
1793, 18, 0, 60, 61, 2
1793, 19, 0, 61, 62, 2
1793, 19, 0, 62, 63, 2
1805, 0, 3, 55, 35, 0
1821, 5, 1, 48, 53, 0
1821, 4, 3, 48, 54, 0
1821, 5, 2, 51, 26, 0
1821, 5, 2, 51, 29, 0
1821, 4, 0, 52, 26, 0
1821, 4, 0, 52, 29, 0
1821, 5, 1, 52, 53, 0
1821, 4, 3, 52, 54, 0
1821, 4, 1, 53, 34, 0
1821, 5, 3, 53, 35, 0
1821, 5, 1, 55, 53, 0
1821, 4, 3, 55, 54, 0
1821, 4, 1, 57, 34, 0
1821, 5, 3, 57, 35, 0
1821, 5, 2, 58, 25, 0
1821, 5, 2, 58, 27, 0
1821, 5, 1, 58, 53, 0
1821, 4, 3, 58, 54, 0
1821, 4, 0, 59, 25, 0
1821, 4, 0, 59, 27, 0
1821, 4, 2, 59, 55, 0
1821, 5, 0, 60, 55, 0
1821, 5, 2, 45, 54, 1
1821, 5, 2, 45, 58, 1
1821, 5, 2, 45, 62, 1
1821, 4, 0, 46, 54, 1
1821, 4, 0, 46, 56, 1
1821, 4, 0, 46, 58, 1
1821, 4, 0, 46, 62, 1
1821, 4, 3, 47, 54, 1
1821, 5, 1, 49, 53, 1
1821, 4, 3, 49, 54, 1
1821, 5, 2, 51, 26, 1
1821, 5, 2, 51, 29, 1
1821, 4, 3, 51, 54, 1
1821, 4, 1, 52, 21, 1
1821, 5, 3, 52, 22, 1
1821, 4, 0, 52, 26, 1
1821, 4, 0, 52, 29, 1
1821, 4, 1, 52, 34, 1
1821, 5, 3, 52, 35, 1
1821, 4, 1, 54, 34, 1
1821, 5, 3, 54, 35, 1
1821, 4, 1, 56, 34, 1
1821, 5, 3, 56, 35, 1
1821, 4, 1, 58, 21, 1
1821, 5, 3, 58, 22, 1
1821, 5, 2, 58, 26, 1
1821, 5, 2, 58, 29, 1
1821, 4, 1, 58, 34, 1
1821, 5, 3, 58, 35, 1
1821, 4, 0, 59, 26, 1
1821, 4, 0, 59, 29, 1
1825, 5, 2, 45, 55, 0
1825, 5, 2, 45, 58, 0
1825, 4, 0, 46, 55, 0
1825, 4, 0, 46, 58, 0
1825, 4, 2, 59, 58, 0
1825, 5, 0, 60, 58, 0
1826, 4, 3, 56, 24, 0
1826, 5, 2, 45, 56, 1
1826, 5, 1, 47, 53, 1
1826, 5, 1, 51, 53, 1
1826, 4, 0, 54, 57, 1
1826, 4, 1, 55, 59, 1
1826, 4, 1, 57, 59, 1
1826, 5, 0, 60, 61, 1
1826, 6, 0, 60, 62, 1
1826, 6, 0, 61, 63, 1
1837, 4, 0, 54, 55, 1
1837, 4, 0, 54, 58, 1
1837, 5, 0, 60, 60, 1
1838, 5, 1, 56, 23, 0
1902, 3, 1, 51, 23, 0
1902, 0, 2, 51, 24, 0
1902, 0, 2, 51, 25, 0
1902, 0, 2, 51, 26, 0
1902, 0, 2, 51, 27, 0
1902, 0, 2, 51, 28, 0
1902, 0, 2, 51, 29, 0
1902, 0, 2, 51, 30, 0
1902, 0, 2, 51, 31, 0
1902, 0, 2, 51, 32, 0
1902, 0, 2, 51, 33, 0
1902, 0, 2, 51, 34, 0
1902, 3, 2, 51, 35, 0
1902, 0, 1, 52, 23, 0
1902, 0, 1, 52, 26, 0
1902, 0, 3, 52, 35, 0
1902, 0, 1, 53, 23, 0
1902, 0, 1, 53, 26, 0
1902, 0, 2, 53, 27, 0
1902, 0, 2, 53, 28, 0
1902, 0, 2, 53, 29, 0
1902, 0, 3, 53, 35, 0
1902, 0, 1, 54, 23, 0
1902, 0, 1, 54, 26, 0
1902, 0, 3, 54, 35, 0
1902, 0, 1, 55, 23, 0
1902, 0, 1, 55, 26, 0
1902, 0, 1, 56, 23, 0
1902, 0, 3, 56, 35, 0
1902, 0, 1, 57, 23, 0
1902, 0, 1, 57, 26, 0
1902, 0, 3, 57, 35, 0
1902, 0, 1, 58, 23, 0
1902, 0, 2, 58, 24, 0
1902, 0, 2, 58, 25, 0
1902, 2, 1, 58, 26, 0
1902, 0, 2, 58, 27, 0
1902, 0, 2, 58, 28, 0
1902, 0, 2, 58, 30, 0
1902, 0, 2, 58, 31, 0
1902, 0, 2, 58, 32, 0
1902, 0, 2, 58, 33, 0
1902, 0, 2, 58, 34, 0
1902, 0, 3, 58, 35, 0
1902, 0, 2, 51, 22, 1
1902, 0, 2, 51, 23, 1
1902, 0, 2, 51, 24, 1
1902, 0, 2, 51, 25, 1
1902, 0, 2, 51, 26, 1
1902, 0, 2, 51, 27, 1
1902, 0, 2, 51, 28, 1
1902, 0, 2, 51, 29, 1
1902, 0, 2, 51, 30, 1
1902, 0, 2, 51, 31, 1
1902, 0, 2, 51, 32, 1
1902, 0, 2, 51, 33, 1
1902, 0, 2, 51, 34, 1
1902, 3, 2, 51, 35, 1
1902, 0, 3, 52, 22, 1
1902, 0, 3, 52, 35, 1
1902, 0, 3, 53, 22, 1
1902, 0, 3, 53, 35, 1
1902, 0, 3, 54, 22, 1
1902, 0, 3, 54, 35, 1
1902, 0, 3, 55, 22, 1
1902, 0, 3, 55, 35, 1
1902, 0, 3, 56, 22, 1
1902, 0, 3, 56, 35, 1
1902, 0, 3, 57, 22, 1
1902, 0, 3, 57, 35, 1
1902, 2, 2, 58, 22, 1
1902, 0, 2, 58, 23, 1
1902, 0, 2, 58, 24, 1
1902, 0, 2, 58, 25, 1
1902, 0, 2, 58, 26, 1
1902, 0, 2, 58, 27, 1
1902, 0, 2, 58, 28, 1
1902, 0, 2, 58, 29, 1
1902, 0, 2, 58, 30, 1
1902, 0, 2, 58, 31, 1
1902, 0, 2, 58, 32, 1
1902, 0, 2, 58, 33, 1
1902, 0, 2, 58, 34, 1
1902, 0, 3, 58, 35, 1
1924, 16, 1, 52, 22, 2
1924, 12, 2, 52, 23, 2
1924, 12, 2, 52, 24, 2
1924, 12, 2, 52, 25, 2
1924, 12, 2, 52, 26, 2
1924, 12, 2, 52, 27, 2
1924, 12, 2, 52, 28, 2
1924, 12, 2, 52, 29, 2
1924, 12, 2, 52, 30, 2
1924, 12, 2, 52, 31, 2
1924, 12, 2, 52, 32, 2
1924, 12, 2, 52, 33, 2
1924, 16, 2, 52, 34, 2
1924, 12, 1, 53, 22, 2
1924, 12, 3, 53, 34, 2
1924, 12, 1, 54, 22, 2
1924, 12, 3, 54, 34, 2
1924, 12, 1, 55, 22, 2
1924, 12, 3, 55, 34, 2
1924, 12, 1, 56, 22, 2
1924, 12, 3, 56, 34, 2
1924, 12, 1, 57, 22, 2
1924, 12, 3, 57, 34, 2
1924, 16, 0, 58, 22, 2
1924, 12, 0, 58, 23, 2
1924, 12, 0, 58, 24, 2
1924, 12, 0, 58, 25, 2
1924, 12, 0, 58, 26, 2
1924, 12, 0, 58, 27, 2
1924, 12, 0, 58, 28, 2
1924, 12, 0, 58, 29, 2
1924, 12, 0, 58, 30, 2
1924, 12, 0, 58, 31, 2
1924, 12, 0, 58, 32, 2
1924, 12, 0, 58, 33, 2
1924, 16, 3, 58, 34, 2
1924, 16, 1, 53, 23, 3
1924, 12, 2, 53, 24, 3
1924, 12, 2, 53, 25, 3
1924, 12, 2, 53, 26, 3
1924, 12, 2, 53, 27, 3
1924, 12, 2, 53, 28, 3
1924, 12, 2, 53, 29, 3
1924, 12, 2, 53, 30, 3
1924, 12, 2, 53, 31, 3
1924, 12, 2, 53, 32, 3
1924, 16, 2, 53, 33, 3
1924, 12, 1, 54, 23, 3
1924, 17, 0, 54, 24, 3
1924, 17, 0, 54, 25, 3
1924, 17, 0, 54, 26, 3
1924, 17, 0, 54, 27, 3
1924, 17, 0, 54, 28, 3
1924, 17, 0, 54, 29, 3
1924, 17, 0, 54, 30, 3
1924, 17, 0, 54, 31, 3
1924, 17, 0, 54, 32, 3
1924, 12, 3, 54, 33, 3
1924, 12, 1, 55, 23, 3
1924, 17, 0, 55, 24, 3
1924, 17, 0, 55, 25, 3
1924, 17, 0, 55, 26, 3
1924, 17, 0, 55, 27, 3
1924, 17, 0, 55, 28, 3
1924, 17, 0, 55, 29, 3
1924, 17, 0, 55, 30, 3
1924, 17, 0, 55, 31, 3
1924, 17, 0, 55, 32, 3
1924, 12, 3, 55, 33, 3
1924, 12, 1, 56, 23, 3
1924, 17, 0, 56, 24, 3
1924, 17, 0, 56, 25, 3
1924, 17, 0, 56, 26, 3
1924, 17, 0, 56, 27, 3
1924, 17, 0, 56, 28, 3
1924, 17, 0, 56, 29, 3
1924, 17, 0, 56, 30, 3
1924, 17, 0, 56, 31, 3
1924, 17, 0, 56, 32, 3
1924, 12, 3, 56, 33, 3
1924, 16, 0, 57, 23, 3
1924, 12, 0, 57, 24, 3
1924, 12, 0, 57, 25, 3
1924, 12, 0, 57, 26, 3
1924, 12, 0, 57, 27, 3
1924, 12, 0, 57, 28, 3
1924, 12, 0, 57, 29, 3
1924, 12, 0, 57, 30, 3
1924, 12, 0, 57, 31, 3
1924, 12, 0, 57, 32, 3
1924, 16, 3, 57, 33, 3
2092, 10, 2, 39, 40, 0
2093, 10, 0, 39, 38, 0
2093, 10, 0, 45, 45, 0
2095, 10, 0, 36, 38, 0
2095, 10, 0, 37, 37, 0
2095, 10, 1, 37, 38, 0
2095, 10, 1, 40, 41, 0
2095, 10, 1, 45, 47, 0
2095, 10, 0, 45, 48, 0
2095, 10, 0, 45, 49, 0
2095, 10, 1, 47, 48, 0
2101, 10, 1, 40, 37, 0
2101, 10, 1, 41, 38, 0
2101, 10, 0, 41, 42, 0
2108, 10, 3, 44, 44, 0
2109, 10, 0, 43, 43, 0
2109, 10, 0, 47, 49, 0
2399, 0, 3, 49, 60, 0
2400, 10, 2, 52, 57, 1
2728, 10, 0, 52, 24, 0
2739, 22, 2, 55, 34, 0
2741, 22, 1, 42, 41, 0
2772, 22, 1, 52, 24, 0
