315, 22, 3, 31, 31, 0
315, 22, 0, 31, 33, 0
315, 22, 1, 32, 30, 0
315, 22, 3, 32, 32, 0
315, 22, 2, 32, 34, 0
315, 22, 0, 32, 35, 0
315, 22, 2, 32, 36, 0
315, 22, 3, 33, 28, 0
315, 22, 2, 33, 29, 0
315, 22, 0, 33, 30, 0
315, 22, 0, 33, 37, 0
315, 22, 1, 33, 38, 0
315, 22, 2, 33, 43, 0
315, 22, 3, 33, 45, 0
315, 22, 1, 33, 49, 0
315, 22, 0, 33, 50, 0
315, 22, 0, 34, 28, 0
315, 22, 2, 34, 29, 0
315, 22, 2, 34, 38, 0
315, 22, 0, 34, 40, 0
315, 22, 1, 34, 42, 0
315, 22, 0, 34, 43, 0
315, 22, 1, 34, 44, 0
315, 22, 0, 35, 28, 0
315, 22, 3, 35, 40, 0
315, 22, 2, 35, 41, 0
315, 22, 1, 35, 50, 0
315, 22, 2, 35, 51, 0
315, 22, 3, 36, 27, 0
315, 22, 1, 36, 57, 0
315, 22, 2, 37, 27, 0
315, 22, 1, 37, 28, 0
315, 22, 2, 37, 56, 0
315, 22, 0, 37, 58, 0
315, 22, 3, 38, 26, 0
315, 22, 0, 38, 52, 0
315, 22, 1, 38, 54, 0
315, 22, 3, 38, 56, 0
315, 22, 3, 38, 60, 0
315, 22, 2, 38, 61, 0
315, 22, 1, 38, 62, 0
315, 22, 0, 39, 24, 0
315, 22, 1, 39, 25, 0
315, 22, 0, 39, 37, 0
315, 22, 2, 39, 44, 0
315, 22, 2, 39, 54, 0
315, 22, 0, 39, 55, 0
315, 22, 2, 40, 34, 0
315, 22, 2, 40, 38, 0
315, 22, 1, 40, 39, 0
315, 22, 2, 40, 43, 0
315, 22, 3, 40, 45, 0
315, 22, 0, 40, 46, 0
315, 22, 1, 40, 47, 0
315, 22, 3, 40, 53, 0
315, 22, 2, 41, 24, 0
315, 22, 0, 41, 32, 0
315, 22, 0, 41, 39, 0
315, 22, 3, 41, 42, 0
315, 22, 1, 41, 43, 0
315, 22, 0, 41, 44, 0
315, 22, 3, 41, 46, 0
315, 22, 2, 41, 48, 0
315, 22, 3, 41, 49, 0
315, 22, 2, 42, 30, 0
315, 22, 0, 42, 49, 0
315, 22, 3, 43, 29, 0
315, 22, 0, 43, 31, 0
315, 22, 1, 43, 50, 0
315, 22, 2, 43, 51, 0
315, 22, 1, 44, 30, 0
315, 22, 3, 44, 50, 0
315, 22, 0, 45, 25, 0
315, 22, 2, 45, 29, 0
315, 22, 2, 45, 30, 0
315, 22, 0, 45, 51, 0
315, 22, 2, 45, 61, 0
315, 22, 1, 46, 25, 0
315, 22, 1, 46, 30, 0
315, 22, 1, 46, 50, 0
315, 22, 0, 46, 59, 0
315, 22, 3, 46, 60, 0
315, 22, 0, 46, 62, 0
315, 22, 2, 47, 25, 0
315, 22, 3, 47, 26, 0
315, 22, 2, 47, 47, 0
315, 22, 3, 47, 58, 0
315, 22, 1, 47, 60, 0
315, 22, 1, 47, 62, 0
315, 22, 3, 47, 63, 0
315, 22, 3, 48, 26, 0
315, 22, 1, 48, 56, 0
315, 22, 2, 48, 59, 0
315, 22, 1, 49, 23, 0
315, 22, 0, 49, 25, 0
315, 22, 2, 49, 55, 0
315, 22, 0, 49, 57, 0
315, 22, 2, 50, 24, 0
315, 22, 3, 50, 54, 0
315, 22, 0, 50, 55, 0
315, 22, 3, 51, 23, 0
315, 22, 0, 51, 24, 0
315, 22, 0, 51, 44, 0
315, 22, 1, 51, 55, 0
315, 22, 3, 52, 43, 0
315, 22, 2, 52, 45, 0
315, 22, 3, 52, 52, 0
315, 22, 2, 52, 54, 0
315, 22, 1, 53, 22, 0
315, 22, 1, 53, 46, 0
315, 22, 2, 53, 47, 0
315, 22, 3, 53, 51, 0
315, 22, 0, 53, 53, 0
315, 22, 0, 54, 22, 0
315, 22, 0, 54, 47, 0
315, 22, 0, 54, 48, 0
315, 22, 0, 54, 50, 0
315, 22, 2, 54, 51, 0
315, 22, 1, 54, 52, 0
315, 22, 1, 55, 22, 0
315, 22, 1, 55, 49, 0
315, 22, 0, 56, 21, 0
315, 22, 2, 56, 22, 0
315, 22, 2, 57, 22, 0
315, 22, 3, 57, 28, 0
315, 22, 2, 57, 29, 0
315, 22, 3, 58, 21, 0
315, 22, 2, 58, 23, 0
315, 22, 3, 58, 28, 0
315, 22, 0, 58, 30, 0
315, 22, 0, 59, 22, 0
315, 22, 2, 59, 24, 0
315, 22, 2, 59, 32, 0
315, 22, 3, 60, 24, 0
315, 22, 0, 60, 26, 0
315, 22, 3, 60, 31, 0
315, 22, 1, 60, 32, 0
315, 22, 0, 60, 33, 0
315, 22, 2, 61, 25, 0
315, 22, 1, 61, 26, 0
315, 22, 0, 61, 27, 0
315, 22, 3, 61, 34, 0
315, 22, 3, 62, 27, 0
315, 22, 3, 62, 35, 0
315, 22, 2, 63, 29, 0
315, 22, 1, 63, 35, 0
316, 22, 0, 31, 47, 0
316, 22, 0, 31, 48, 0
316, 22, 2, 32, 31, 0
316, 22, 1, 32, 33, 0
316, 22, 1, 32, 49, 0
316, 22, 0, 33, 36, 0
316, 22, 1, 33, 44, 0
316, 22, 3, 34, 39, 0
316, 22, 2, 34, 50, 0
316, 22, 2, 35, 42, 0
316, 22, 0, 36, 28, 0
316, 22, 3, 36, 51, 0
316, 22, 1, 37, 57, 0
316, 22, 2, 37, 63, 0
316, 22, 1, 38, 27, 0
316, 22, 2, 38, 55, 0
316, 22, 3, 38, 59, 0
316, 22, 0, 39, 26, 0
316, 22, 3, 39, 36, 0
316, 22, 0, 39, 38, 0
316, 22, 0, 39, 45, 0
316, 22, 0, 39, 53, 0
316, 22, 3, 39, 61, 0
316, 22, 2, 40, 25, 0
316, 22, 2, 40, 35, 0
316, 22, 3, 40, 44, 0
316, 22, 2, 40, 48, 0
316, 22, 1, 40, 54, 0
316, 22, 0, 41, 31, 0
316, 22, 1, 41, 40, 0
316, 22, 2, 41, 41, 0
316, 22, 1, 41, 47, 0
316, 22, 3, 42, 23, 0
316, 22, 2, 42, 31, 0
316, 22, 1, 42, 42, 0
316, 22, 0, 42, 50, 0
316, 22, 3, 43, 30, 0
316, 22, 3, 43, 49, 0
316, 22, 1, 44, 29, 0
316, 22, 1, 44, 51, 0
316, 22, 2, 45, 50, 0
316, 22, 3, 45, 60, 0
316, 22, 0, 46, 26, 0
316, 22, 0, 46, 61, 0
316, 22, 3, 47, 31, 0
316, 22, 0, 47, 59, 0
316, 22, 2, 47, 61, 0
316, 22, 1, 48, 25, 0
316, 22, 0, 48, 30, 0
316, 22, 3, 48, 46, 0
316, 22, 3, 48, 57, 0
316, 22, 1, 48, 58, 0
316, 22, 2, 49, 30, 0
316, 22, 3, 49, 56, 0
316, 22, 3, 50, 29, 0
316, 22, 1, 51, 28, 0
316, 22, 0, 51, 29, 0
316, 22, 0, 51, 54, 0
316, 22, 2, 52, 23, 0
316, 22, 0, 52, 44, 0
316, 22, 2, 53, 52, 0
316, 22, 0, 54, 27, 0
316, 22, 1, 54, 49, 0
316, 22, 3, 55, 21, 0
316, 22, 0, 55, 26, 0
316, 22, 2, 56, 25, 0
316, 22, 3, 56, 62, 0
316, 22, 1, 57, 27, 0
316, 22, 0, 58, 22, 0
316, 22, 3, 58, 29, 0
316, 22, 1, 58, 61, 0
316, 22, 2, 59, 30, 0
316, 22, 3, 59, 31, 0
316, 22, 2, 59, 60, 0
316, 22, 1, 60, 25, 0
316, 22, 1, 61, 33, 0
316, 22, 2, 62, 28, 0
316, 22, 0, 62, 34, 0
316, 22, 1, 62, 61, 0
320, 22, 3, 3, 53, 0
320, 22, 2, 16, 26, 0
324, 22, 3, 0, 54, 0
324, 22, 0, 3, 59, 0
324, 22, 1, 6, 60, 0
324, 22, 2, 6, 62, 0
324, 22, 3, 13, 63, 0
324, 22, 0, 15, 39, 0
324, 22, 2, 16, 45, 0
324, 22, 0, 16, 56, 0
324, 22, 3, 17, 43, 0
324, 22, 0, 18, 30, 0
324, 22, 3, 19, 11, 0
324, 22, 1, 19, 18, 0
324, 22, 0, 19, 26, 0
324, 22, 1, 19, 37, 0
324, 22, 0, 19, 55, 0
324, 22, 0, 21, 9, 0
324, 22, 2, 21, 31, 0
324, 22, 1, 21, 49, 0
324, 22, 2, 33, 2, 0
324, 22, 3, 40, 0, 0
324, 22, 3, 41, 0, 0
325, 22, 0, 0, 50, 0
325, 22, 1, 0, 51, 0
325, 22, 0, 0, 53, 0
325, 22, 3, 0, 55, 0
325, 22, 3, 0, 56, 0
325, 22, 2, 0, 57, 0
325, 22, 2, 1, 51, 0
325, 22, 3, 1, 52, 0
325, 22, 1, 1, 53, 0
325, 22, 2, 1, 54, 0
325, 22, 1, 1, 57, 0
325, 22, 0, 1, 58, 0
325, 22, 2, 2, 52, 0
325, 22, 3, 2, 53, 0
325, 22, 2, 2, 54, 0
325, 22, 2, 2, 55, 0
325, 22, 2, 2, 58, 0
325, 22, 3, 2, 59, 0
325, 22, 0, 3, 54, 0
325, 22, 1, 3, 55, 0
325, 22, 0, 3, 57, 0
325, 22, 3, 3, 58, 0
325, 22, 3, 4, 56, 0
325, 22, 3, 4, 57, 0
325, 22, 2, 4, 59, 0
325, 22, 1, 4, 60, 0
325, 22, 1, 4, 61, 0
325, 22, 0, 5, 57, 0
325, 22, 0, 5, 58, 0
325, 22, 3, 5, 59, 0
325, 22, 1, 5, 60, 0
325, 22, 3, 5, 61, 0
325, 22, 0, 5, 62, 0
325, 22, 1, 6, 58, 0
325, 22, 2, 6, 59, 0
325, 22, 3, 6, 61, 0
325, 22, 3, 6, 63, 0
325, 22, 2, 7, 59, 0
325, 22, 2, 7, 60, 0
325, 22, 2, 7, 61, 0
325, 22, 1, 7, 62, 0
325, 22, 0, 8, 60, 0
325, 22, 0, 8, 61, 0
325, 22, 1, 8, 62, 0
325, 22, 1, 9, 60, 0
325, 22, 0, 9, 61, 0
325, 22, 3, 9, 63, 0
325, 22, 2, 10, 63, 0
325, 22, 3, 11, 63, 0
325, 22, 2, 12, 61, 0
325, 22, 1, 12, 62, 0
325, 22, 0, 12, 63, 0
325, 22, 2, 13, 41, 0
325, 22, 2, 13, 42, 0
325, 22, 3, 13, 60, 0
325, 22, 2, 13, 61, 0
325, 22, 2, 13, 62, 0
325, 22, 1, 14, 39, 0
325, 22, 1, 14, 40, 0
325, 22, 1, 14, 41, 0
325, 22, 2, 14, 42, 0
325, 22, 3, 14, 43, 0
325, 22, 3, 14, 44, 0
325, 22, 0, 14, 45, 0
325, 22, 3, 14, 60, 0
325, 22, 2, 14, 61, 0
325, 22, 2, 14, 62, 0
325, 22, 0, 14, 63, 0
325, 22, 3, 15, 37, 0
325, 22, 3, 15, 38, 0
325, 22, 3, 15, 40, 0
325, 22, 0, 15, 41, 0
325, 22, 2, 15, 42, 0
325, 22, 1, 15, 43, 0
325, 22, 2, 15, 44, 0
325, 22, 2, 15, 45, 0
325, 22, 3, 15, 46, 0
325, 22, 1, 15, 47, 0
325, 22, 1, 15, 48, 0
325, 22, 2, 15, 54, 0
325, 22, 3, 15, 55, 0
325, 22, 3, 15, 56, 0
325, 22, 0, 15, 57, 0
325, 22, 1, 15, 58, 0
325, 22, 0, 15, 59, 0
325, 22, 2, 15, 61, 0
325, 22, 0, 15, 62, 0
325, 22, 2, 15, 63, 0
325, 22, 1, 16, 15, 0
325, 22, 2, 16, 17, 0
325, 22, 3, 16, 18, 0
325, 22, 3, 16, 19, 0
325, 22, 0, 16, 20, 0
325, 22, 1, 16, 21, 0
325, 22, 2, 16, 36, 0
325, 22, 3, 16, 37, 0
325, 22, 2, 16, 38, 0
325, 22, 2, 16, 39, 0
325, 22, 2, 16, 40, 0
325, 22, 3, 16, 42, 0
325, 22, 0, 16, 43, 0
325, 22, 1, 16, 44, 0
325, 22, 0, 16, 46, 0
325, 22, 0, 16, 47, 0
325, 22, 3, 16, 48, 0
325, 22, 2, 16, 49, 0
325, 22, 2, 16, 50, 0
325, 22, 0, 16, 51, 0
325, 22, 3, 16, 52, 0
325, 22, 3, 16, 53, 0
325, 22, 2, 16, 54, 0
325, 22, 1, 16, 55, 0
325, 22, 0, 16, 59, 0
325, 22, 1, 16, 60, 0
325, 22, 3, 16, 62, 0
325, 22, 1, 16, 63, 0
325, 22, 1, 17, 12, 0
325, 22, 2, 17, 13, 0
325, 22, 3, 17, 14, 0
325, 22, 1, 17, 15, 0
325, 22, 0, 17, 16, 0
325, 22, 3, 17, 17, 0
325, 22, 3, 17, 19, 0
325, 22, 1, 17, 21, 0
325, 22, 1, 17, 22, 0
325, 22, 3, 17, 23, 0
325, 22, 3, 17, 24, 0
325, 22, 3, 17, 25, 0
325, 22, 3, 17, 26, 0
325, 22, 3, 17, 28, 0
325, 22, 3, 17, 30, 0
325, 22, 3, 17, 31, 0
325, 22, 3, 17, 32, 0
325, 22, 3, 17, 33, 0
325, 22, 3, 17, 34, 0
325, 22, 1, 17, 35, 0
325, 22, 2, 17, 36, 0
325, 22, 2, 17, 38, 0
325, 22, 2, 17, 39, 0
325, 22, 2, 17, 40, 0
325, 22, 1, 17, 41, 0
325, 22, 2, 17, 42, 0
325, 22, 3, 17, 44, 0
325, 22, 0, 17, 45, 0
325, 22, 0, 17, 46, 0
325, 22, 1, 17, 47, 0
325, 22, 2, 17, 49, 0
325, 22, 1, 17, 50, 0
325, 22, 0, 17, 51, 0
325, 22, 1, 17, 53, 0
325, 22, 3, 17, 54, 0
325, 22, 0, 17, 55, 0
325, 22, 0, 17, 56, 0
325, 22, 0, 17, 59, 0
325, 22, 2, 17, 60, 0
325, 22, 3, 18, 9, 0
325, 22, 2, 18, 11, 0
325, 22, 1, 18, 12, 0
325, 22, 2, 18, 13, 0
325, 22, 1, 18, 15, 0
325, 22, 3, 18, 16, 0
325, 22, 0, 18, 17, 0
325, 22, 2, 18, 18, 0
325, 22, 0, 18, 19, 0
325, 22, 2, 18, 20, 0
325, 22, 1, 18, 21, 0
325, 22, 3, 18, 22, 0
325, 22, 3, 18, 24, 0
325, 22, 3, 18, 25, 0
325, 22, 1, 18, 26, 0
325, 22, 2, 18, 27, 0
325, 22, 0, 18, 28, 0
325, 22, 0, 18, 29, 0
325, 22, 2, 18, 31, 0
325, 22, 1, 18, 32, 0
325, 22, 0, 18, 34, 0
325, 22, 1, 18, 35, 0
325, 22, 1, 18, 36, 0
325, 22, 1, 18, 40, 0
325, 22, 1, 18, 42, 0
325, 22, 0, 18, 43, 0
325, 22, 2, 18, 46, 0
325, 22, 2, 18, 47, 0
325, 22, 3, 18, 48, 0
325, 22, 0, 18, 51, 0
325, 22, 3, 18, 54, 0
325, 22, 3, 18, 56, 0
325, 22, 1, 18, 57, 0
325, 22, 3, 18, 59, 0
325, 22, 0, 18, 60, 0
325, 22, 0, 18, 61, 0
325, 22, 1, 19, 9, 0
325, 22, 0, 19, 10, 0
325, 22, 0, 19, 12, 0
325, 22, 0, 19, 14, 0
325, 22, 2, 19, 15, 0
325, 22, 1, 19, 16, 0
325, 22, 1, 19, 17, 0
325, 22, 0, 19, 19, 0
325, 22, 1, 19, 21, 0
325, 22, 2, 19, 22, 0
325, 22, 2, 19, 23, 0
325, 22, 0, 19, 24, 0
325, 22, 0, 19, 25, 0
325, 22, 3, 19, 27, 0
325, 22, 1, 19, 28, 0
325, 22, 0, 19, 29, 0
325, 22, 2, 19, 30, 0
325, 22, 1, 19, 31, 0
325, 22, 0, 19, 33, 0
325, 22, 0, 19, 36, 0
325, 22, 1, 19, 38, 0
325, 22, 3, 19, 44, 0
325, 22, 0, 19, 47, 0
325, 22, 0, 19, 48, 0
325, 22, 0, 19, 49, 0
325, 22, 2, 19, 51, 0
325, 22, 1, 19, 53, 0
325, 22, 3, 19, 54, 0
325, 22, 0, 19, 56, 0
325, 22, 0, 19, 57, 0
325, 22, 1, 19, 58, 0
325, 22, 2, 19, 59, 0
325, 22, 3, 20, 8, 0
325, 22, 0, 20, 9, 0
325, 22, 3, 20, 10, 0
325, 22, 3, 20, 11, 0
325, 22, 3, 20, 12, 0
325, 22, 1, 20, 14, 0
325, 22, 1, 20, 24, 0
325, 22, 3, 20, 27, 0
325, 22, 2, 20, 28, 0
325, 22, 3, 20, 29, 0
325, 22, 2, 20, 30, 0
325, 22, 0, 20, 31, 0
325, 22, 1, 20, 32, 0
325, 22, 2, 20, 34, 0
325, 22, 3, 20, 35, 0
325, 22, 3, 20, 36, 0
325, 22, 0, 20, 37, 0
325, 22, 1, 20, 47, 0
325, 22, 1, 20, 48, 0
325, 22, 0, 20, 49, 0
325, 22, 1, 20, 50, 0
325, 22, 3, 20, 52, 0
325, 22, 0, 20, 53, 0
325, 22, 3, 21, 6, 0
325, 22, 0, 21, 7, 0
325, 22, 1, 21, 8, 0
325, 22, 1, 21, 10, 0
325, 22, 1, 21, 11, 0
325, 22, 1, 21, 12, 0
325, 22, 2, 21, 29, 0
325, 22, 3, 21, 30, 0
325, 22, 2, 21, 32, 0
325, 22, 1, 21, 33, 0
325, 22, 3, 21, 35, 0
325, 22, 2, 21, 48, 0
325, 22, 1, 21, 50, 0
325, 22, 2, 21, 51, 0
325, 22, 0, 22, 4, 0
325, 22, 1, 22, 5, 0
325, 22, 3, 22, 6, 0
325, 22, 0, 22, 7, 0
325, 22, 1, 22, 8, 0
325, 22, 3, 22, 10, 0
325, 22, 3, 22, 12, 0
325, 22, 0, 22, 31, 0
325, 22, 0, 22, 32, 0
325, 22, 3, 22, 33, 0
325, 22, 0, 22, 34, 0
325, 22, 0, 23, 3, 0
325, 22, 3, 23, 5, 0
325, 22, 3, 23, 6, 0
325, 22, 3, 23, 7, 0
325, 22, 3, 23, 8, 0
325, 22, 2, 23, 9, 0
325, 22, 3, 23, 11, 0
325, 22, 0, 23, 12, 0
325, 22, 3, 24, 3, 0
325, 22, 3, 24, 4, 0
325, 22, 3, 24, 5, 0
325, 22, 0, 24, 7, 0
325, 22, 1, 24, 8, 0
325, 22, 1, 24, 9, 0
325, 22, 2, 24, 10, 0
325, 22, 2, 25, 2, 0
325, 22, 3, 25, 4, 0
325, 22, 3, 25, 5, 0
325, 22, 2, 25, 7, 0
325, 22, 1, 25, 8, 0
325, 22, 2, 26, 2, 0
325, 22, 2, 26, 3, 0
325, 22, 0, 26, 4, 0
325, 22, 0, 26, 5, 0
325, 22, 3, 26, 6, 0
325, 22, 1, 26, 7, 0
325, 22, 1, 26, 8, 0
325, 22, 1, 27, 3, 0
325, 22, 1, 27, 4, 0
325, 22, 2, 27, 6, 0
325, 22, 1, 27, 7, 0
325, 22, 1, 27, 8, 0
325, 22, 0, 28, 1, 0
325, 22, 1, 28, 4, 0
325, 22, 1, 28, 5, 0
325, 22, 0, 28, 6, 0
325, 22, 3, 29, 0, 0
325, 22, 3, 29, 1, 0
325, 22, 1, 29, 4, 0
325, 22, 2, 29, 5, 0
325, 22, 3, 30, 0, 0
325, 22, 1, 30, 1, 0
325, 22, 2, 30, 2, 0
325, 22, 0, 30, 4, 0
325, 22, 2, 31, 0, 0
325, 22, 0, 31, 2, 0
325, 22, 3, 31, 3, 0
325, 22, 3, 31, 5, 0
325, 22, 1, 32, 0, 0
325, 22, 3, 32, 1, 0
325, 22, 0, 32, 3, 0
325, 22, 3, 32, 4, 0
325, 22, 1, 33, 0, 0
325, 22, 1, 33, 1, 0
325, 22, 3, 33, 3, 0
325, 22, 3, 33, 4, 0
325, 22, 0, 34, 0, 0
325, 22, 3, 34, 1, 0
325, 22, 2, 34, 3, 0
325, 22, 0, 34, 4, 0
325, 22, 0, 36, 0, 0
325, 22, 1, 36, 1, 0
325, 22, 1, 36, 2, 0
325, 22, 3, 37, 2, 0
325, 22, 1, 37, 3, 0
325, 22, 3, 39, 2, 0
325, 22, 2, 40, 1, 0
325, 22, 3, 41, 1, 0
325, 22, 2, 42, 0, 0
325, 22, 1, 43, 0, 0
325, 22, 3, 43, 1, 0
325, 22, 1, 44, 0, 0
325, 22, 0, 45, 0, 0
325, 22, 2, 45, 1, 0
325, 22, 2, 46, 1, 0
325, 22, 1, 47, 1, 0
325, 22, 0, 48, 0, 0
325, 22, 3, 49, 0, 0
326, 22, 2, 0, 52, 0
326, 22, 1, 3, 56, 0
326, 22, 0, 4, 58, 0
326, 22, 3, 11, 62, 0
326, 22, 3, 15, 60, 0
326, 22, 1, 16, 41, 0
326, 22, 1, 17, 18, 0
326, 22, 2, 17, 20, 0
326, 22, 2, 18, 23, 0
326, 22, 1, 18, 41, 0
326, 22, 3, 18, 55, 0
326, 22, 2, 19, 32, 0
326, 22, 2, 20, 51, 0
326, 22, 3, 21, 34, 0
326, 22, 3, 24, 6, 0
326, 22, 1, 27, 2, 0
326, 22, 1, 27, 5, 0
326, 22, 1, 31, 1, 0
326, 22, 2, 46, 0, 0
335, 22, 3, 22, 20, 0
335, 22, 2, 22, 41, 0
335, 22, 1, 22, 62, 0
335, 22, 3, 23, 45, 0
335, 22, 0, 23, 55, 0
335, 22, 0, 24, 26, 0
335, 22, 1, 24, 33, 0
335, 22, 0, 24, 58, 0
335, 22, 3, 25, 11, 0
335, 22, 1, 25, 50, 0
335, 22, 2, 27, 22, 0
335, 22, 2, 27, 28, 0
335, 22, 1, 28, 39, 0
335, 22, 1, 29, 31, 0
335, 22, 2, 29, 55, 0
335, 22, 3, 29, 59, 0
335, 22, 3, 29, 62, 0
335, 22, 0, 30, 13, 0
335, 22, 2, 31, 40, 0
335, 22, 0, 32, 26, 0
335, 22, 2, 33, 5, 0
335, 22, 1, 35, 9, 0
335, 22, 1, 35, 14, 0
335, 22, 1, 35, 58, 0
335, 22, 0, 35, 63, 0
335, 22, 3, 36, 22, 0
335, 22, 3, 40, 7, 0
335, 22, 3, 41, 18, 0
335, 22, 0, 42, 36, 0
335, 22, 3, 44, 33, 0
335, 22, 2, 45, 3, 0
335, 22, 3, 45, 20, 0
335, 22, 2, 46, 6, 0
335, 22, 2, 48, 12, 0
335, 22, 0, 48, 23, 0
335, 22, 2, 48, 37, 0
335, 22, 1, 49, 21, 0
335, 22, 0, 51, 9, 0
335, 22, 3, 51, 41, 0
335, 22, 0, 51, 62, 0
335, 22, 3, 52, 14, 0
335, 22, 1, 54, 1, 0
335, 22, 0, 54, 32, 0
335, 22, 3, 55, 17, 0
335, 22, 1, 55, 55, 0
335, 22, 1, 56, 5, 0
335, 22, 0, 58, 2, 0
335, 22, 0, 58, 18, 0
335, 22, 2, 58, 35, 0
335, 22, 0, 58, 57, 0
335, 22, 3, 61, 9, 0
335, 22, 3, 62, 2, 0
335, 22, 2, 62, 23, 0
335, 22, 2, 63, 49, 0
335, 22, 3, 63, 58, 0
336, 22, 0, 0, 59, 0
336, 22, 3, 0, 60, 0
336, 22, 2, 0, 61, 0
336, 22, 3, 0, 62, 0
336, 22, 3, 0, 63, 0
336, 22, 1, 1, 59, 0
336, 22, 1, 1, 60, 0
336, 22, 2, 1, 61, 0
336, 22, 0, 1, 63, 0
336, 22, 1, 2, 61, 0
336, 22, 1, 2, 62, 0
336, 22, 2, 3, 62, 0
336, 22, 0, 3, 63, 0
336, 22, 3, 4, 63, 0
336, 22, 0, 19, 62, 0
336, 22, 1, 19, 63, 0
336, 22, 2, 20, 42, 0
336, 22, 1, 20, 43, 0
336, 22, 0, 20, 61, 0
336, 22, 1, 20, 63, 0
336, 22, 2, 21, 16, 0
336, 22, 1, 21, 18, 0
336, 22, 0, 21, 20, 0
336, 22, 0, 21, 21, 0
336, 22, 3, 21, 22, 0
336, 22, 3, 21, 23, 0
336, 22, 2, 21, 40, 0
336, 22, 2, 21, 41, 0
336, 22, 1, 21, 44, 0
336, 22, 0, 21, 46, 0
336, 22, 2, 21, 56, 0
336, 22, 3, 21, 61, 0
336, 22, 3, 22, 15, 0
336, 22, 2, 22, 24, 0
336, 22, 2, 22, 25, 0
336, 22, 0, 22, 29, 0
336, 22, 3, 22, 38, 0
336, 22, 2, 22, 43, 0
336, 22, 3, 22, 44, 0
336, 22, 3, 22, 47, 0
336, 22, 0, 22, 48, 0
336, 22, 0, 22, 50, 0
336, 22, 3, 22, 53, 0
336, 22, 3, 22, 54, 0
336, 22, 1, 22, 55, 0
336, 22, 1, 22, 59, 0
336, 22, 0, 22, 61, 0
336, 22, 0, 22, 63, 0
336, 22, 0, 23, 13, 0
336, 22, 2, 23, 20, 0
336, 22, 0, 23, 22, 0
336, 22, 1, 23, 25, 0
336, 22, 1, 23, 27, 0
336, 22, 3, 23, 29, 0
336, 22, 3, 23, 35, 0
336, 22, 0, 23, 36, 0
336, 22, 0, 23, 37, 0
336, 22, 3, 23, 40, 0
336, 22, 3, 23, 42, 0
336, 22, 2, 23, 49, 0
336, 22, 1, 23, 50, 0
336, 22, 2, 23, 53, 0
336, 22, 2, 23, 54, 0
336, 22, 0, 23, 57, 0
336, 22, 3, 23, 63, 0
336, 22, 1, 24, 13, 0
336, 22, 0, 24, 14, 0
336, 22, 0, 24, 18, 0
336, 22, 1, 24, 21, 0
336, 22, 1, 24, 25, 0
336, 22, 1, 24, 28, 0
336, 22, 3, 24, 29, 0
336, 22, 1, 24, 31, 0
336, 22, 1, 24, 36, 0
336, 22, 2, 24, 43, 0
336, 22, 2, 24, 45, 0
336, 22, 3, 24, 47, 0
336, 22, 3, 24, 51, 0
336, 22, 3, 24, 52, 0
336, 22, 1, 24, 54, 0
336, 22, 3, 24, 56, 0
336, 22, 0, 24, 59, 0
336, 22, 0, 24, 60, 0
336, 22, 0, 24, 61, 0
336, 22, 3, 24, 63, 0
336, 22, 1, 25, 12, 0
336, 22, 2, 25, 13, 0
336, 22, 3, 25, 17, 0
336, 22, 3, 25, 18, 0
336, 22, 0, 25, 20, 0
336, 22, 1, 25, 21, 0
336, 22, 0, 25, 24, 0
336, 22, 3, 25, 25, 0
336, 22, 3, 25, 27, 0
336, 22, 1, 25, 30, 0
336, 22, 1, 25, 32, 0
336, 22, 1, 25, 33, 0
336, 22, 0, 25, 34, 0
336, 22, 0, 25, 37, 0
336, 22, 1, 25, 40, 0
336, 22, 1, 25, 42, 0
336, 22, 2, 25, 47, 0
336, 22, 3, 25, 51, 0
336, 22, 3, 25, 53, 0
336, 22, 0, 25, 55, 0
336, 22, 1, 25, 59, 0
336, 22, 3, 25, 60, 0
336, 22, 3, 25, 61, 0
336, 22, 2, 25, 63, 0
336, 22, 2, 26, 11, 0
336, 22, 1, 26, 14, 0
336, 22, 0, 26, 15, 0
336, 22, 1, 26, 17, 0
336, 22, 3, 26, 19, 0
336, 22, 1, 26, 20, 0
336, 22, 0, 26, 25, 0
336, 22, 3, 26, 27, 0
336, 22, 1, 26, 29, 0
336, 22, 0, 26, 33, 0
336, 22, 2, 26, 35, 0
336, 22, 3, 26, 38, 0
336, 22, 1, 26, 39, 0
336, 22, 1, 26, 43, 0
336, 22, 0, 26, 45, 0
336, 22, 1, 26, 46, 0
336, 22, 1, 26, 47, 0
336, 22, 1, 26, 49, 0
336, 22, 0, 26, 50, 0
336, 22, 2, 26, 53, 0
336, 22, 0, 26, 54, 0
336, 22, 1, 26, 55, 0
336, 22, 1, 26, 60, 0
336, 22, 2, 26, 61, 0
336, 22, 1, 26, 63, 0
336, 22, 3, 27, 10, 0
336, 22, 2, 27, 18, 0
336, 22, 2, 27, 20, 0
336, 22, 1, 27, 24, 0
336, 22, 1, 27, 25, 0
336, 22, 2, 27, 27, 0
336, 22, 0, 27, 30, 0
336, 22, 0, 27, 31, 0
336, 22, 2, 27, 32, 0
336, 22, 3, 27, 34, 0
336, 22, 2, 27, 35, 0
336, 22, 2, 27, 38, 0
336, 22, 1, 27, 40, 0
336, 22, 0, 27, 41, 0
336, 22, 3, 27, 42, 0
336, 22, 0, 27, 44, 0
336, 22, 1, 27, 45, 0
336, 22, 3, 27, 48, 0
336, 22, 1, 27, 52, 0
336, 22, 1, 27, 55, 0
336, 22, 1, 27, 56, 0
336, 22, 2, 27, 58, 0
336, 22, 2, 27, 59, 0
336, 22, 3, 28, 8, 0
336, 22, 2, 28, 9, 0
336, 22, 2, 28, 12, 0
336, 22, 2, 28, 13, 0
336, 22, 1, 28, 15, 0
336, 22, 2, 28, 16, 0
336, 22, 2, 28, 19, 0
336, 22, 3, 28, 21, 0
336, 22, 3, 28, 23, 0
336, 22, 1, 28, 25, 0
336, 22, 0, 28, 26, 0
336, 22, 2, 28, 27, 0
336, 22, 1, 28, 28, 0
336, 22, 1, 28, 29, 0
336, 22, 0, 28, 31, 0
336, 22, 3, 28, 32, 0
336, 22, 1, 28, 33, 0
336, 22, 3, 28, 37, 0
336, 22, 3, 28, 41, 0
336, 22, 3, 28, 42, 0
336, 22, 2, 28, 45, 0
336, 22, 3, 28, 50, 0
336, 22, 1, 28, 52, 0
336, 22, 2, 28, 54, 0
336, 22, 1, 28, 56, 0
336, 22, 3, 28, 57, 0
336, 22, 1, 28, 61, 0
336, 22, 0, 28, 63, 0
336, 22, 0, 29, 21, 0
336, 22, 1, 29, 23, 0
336, 22, 0, 29, 27, 0
336, 22, 3, 29, 29, 0
336, 22, 0, 29, 33, 0
336, 22, 0, 29, 34, 0
336, 22, 3, 29, 35, 0
336, 22, 3, 29, 36, 0
336, 22, 1, 29, 41, 0
336, 22, 2, 29, 44, 0
336, 22, 1, 29, 45, 0
336, 22, 2, 29, 60, 0
336, 22, 3, 30, 8, 0
336, 22, 0, 30, 10, 0
336, 22, 0, 30, 11, 0
336, 22, 3, 30, 12, 0
336, 22, 1, 30, 15, 0
336, 22, 1, 30, 17, 0
336, 22, 3, 30, 18, 0
336, 22, 1, 30, 19, 0
336, 22, 0, 30, 20, 0
336, 22, 2, 30, 22, 0
336, 22, 1, 30, 23, 0
336, 22, 3, 30, 27, 0
336, 22, 2, 30, 30, 0
336, 22, 1, 30, 31, 0
336, 22, 1, 30, 32, 0
336, 22, 0, 30, 33, 0
336, 22, 2, 30, 37, 0
336, 22, 3, 30, 38, 0
336, 22, 0, 30, 39, 0
336, 22, 0, 30, 41, 0
336, 22, 3, 30, 42, 0
336, 22, 1, 30, 45, 0
336, 22, 3, 30, 51, 0
336, 22, 2, 30, 52, 0
336, 22, 2, 30, 53, 0
336, 22, 0, 30, 56, 0
336, 22, 0, 30, 58, 0
336, 22, 2, 30, 60, 0
336, 22, 2, 30, 61, 0
336, 22, 0, 30, 63, 0
336, 22, 0, 31, 7, 0
336, 22, 1, 31, 8, 0
336, 22, 1, 31, 10, 0
336, 22, 3, 31, 12, 0
336, 22, 3, 31, 13, 0
336, 22, 1, 31, 16, 0
336, 22, 0, 31, 17, 0
336, 22, 1, 31, 20, 0
336, 22, 0, 31, 23, 0
336, 22, 0, 31, 24, 0
336, 22, 3, 31, 28, 0
336, 22, 2, 31, 38, 0
336, 22, 2, 31, 44, 0
336, 22, 1, 31, 54, 0
336, 22, 1, 31, 55, 0
336, 22, 3, 31, 59, 0
336, 22, 3, 31, 60, 0
336, 22, 3, 31, 61, 0
336, 22, 3, 31, 63, 0
336, 22, 1, 32, 12, 0
336, 22, 2, 32, 14, 0
336, 22, 1, 32, 15, 0
336, 22, 0, 32, 18, 0
336, 22, 0, 32, 19, 0
336, 22, 1, 32, 20, 0
336, 22, 3, 32, 24, 0
336, 22, 1, 32, 28, 0
336, 22, 1, 32, 39, 0
336, 22, 0, 32, 40, 0
336, 22, 3, 32, 42, 0
336, 22, 3, 32, 43, 0
336, 22, 2, 32, 44, 0
336, 22, 0, 32, 52, 0
336, 22, 1, 32, 57, 0
336, 22, 3, 32, 61, 0
336, 22, 2, 33, 7, 0
336, 22, 2, 33, 8, 0
336, 22, 1, 33, 10, 0
336, 22, 0, 33, 12, 0
336, 22, 1, 33, 14, 0
336, 22, 1, 33, 16, 0
336, 22, 2, 33, 21, 0
336, 22, 3, 33, 22, 0
336, 22, 0, 33, 41, 0
336, 22, 2, 33, 55, 0
336, 22, 2, 33, 56, 0
336, 22, 0, 33, 60, 0
336, 22, 2, 33, 63, 0
336, 22, 2, 34, 6, 0
336, 22, 3, 34, 13, 0
336, 22, 1, 34, 14, 0
336, 22, 2, 34, 17, 0
336, 22, 3, 34, 19, 0
336, 22, 2, 34, 20, 0
336, 22, 2, 34, 23, 0
336, 22, 2, 34, 24, 0
336, 22, 3, 34, 25, 0
336, 22, 1, 34, 26, 0
336, 22, 3, 34, 54, 0
336, 22, 3, 34, 57, 0
336, 22, 3, 34, 58, 0
336, 22, 2, 35, 7, 0
336, 22, 2, 35, 8, 0
336, 22, 0, 35, 11, 0
336, 22, 0, 35, 12, 0
336, 22, 2, 35, 13, 0
336, 22, 2, 35, 17, 0
336, 22, 0, 35, 18, 0
336, 22, 0, 35, 21, 0
336, 22, 1, 35, 23, 0
336, 22, 2, 35, 26, 0
336, 22, 0, 35, 56, 0
336, 22, 2, 35, 59, 0
336, 22, 3, 36, 5, 0
336, 22, 1, 36, 6, 0
336, 22, 1, 36, 10, 0
336, 22, 0, 36, 12, 0
336, 22, 2, 36, 15, 0
336, 22, 1, 36, 16, 0
336, 22, 0, 36, 18, 0
336, 22, 1, 36, 19, 0
336, 22, 0, 36, 21, 0
336, 22, 0, 36, 23, 0
336, 22, 2, 36, 25, 0
336, 22, 2, 36, 26, 0
336, 22, 1, 36, 55, 0
336, 22, 1, 36, 61, 0
336, 22, 0, 37, 7, 0
336, 22, 2, 37, 9, 0
336, 22, 2, 37, 10, 0
336, 22, 2, 37, 11, 0
336, 22, 0, 37, 12, 0
336, 22, 3, 37, 13, 0
336, 22, 3, 37, 16, 0
336, 22, 1, 37, 17, 0
336, 22, 1, 37, 19, 0
336, 22, 0, 37, 20, 0
336, 22, 3, 37, 22, 0
336, 22, 0, 37, 23, 0
336, 22, 3, 37, 25, 0
336, 22, 0, 38, 4, 0
336, 22, 0, 38, 6, 0
336, 22, 3, 38, 7, 0
336, 22, 3, 38, 8, 0
336, 22, 0, 38, 9, 0
336, 22, 3, 38, 14, 0
336, 22, 3, 38, 15, 0
336, 22, 1, 38, 16, 0
336, 22, 1, 38, 17, 0
336, 22, 2, 38, 19, 0
336, 22, 3, 38, 20, 0
336, 22, 3, 38, 21, 0
336, 22, 3, 38, 24, 0
336, 22, 1, 39, 6, 0
336, 22, 1, 39, 7, 0
336, 22, 3, 39, 12, 0
336, 22, 0, 39, 13, 0
336, 22, 3, 39, 16, 0
336, 22, 0, 39, 18, 0
336, 22, 2, 39, 19, 0
336, 22, 0, 39, 20, 0
336, 22, 3, 39, 21, 0
336, 22, 0, 39, 23, 0
336, 22, 1, 40, 3, 0
336, 22, 1, 40, 4, 0
336, 22, 1, 40, 9, 0
336, 22, 0, 40, 10, 0
336, 22, 2, 40, 11, 0
336, 22, 2, 40, 13, 0
336, 22, 3, 40, 15, 0
336, 22, 3, 40, 16, 0
336, 22, 1, 40, 17, 0
336, 22, 0, 40, 19, 0
336, 22, 2, 40, 21, 0
336, 22, 1, 40, 22, 0
336, 22, 0, 40, 23, 0
336, 22, 3, 41, 5, 0
336, 22, 2, 41, 7, 0
336, 22, 1, 41, 8, 0
336, 22, 3, 41, 11, 0
336, 22, 2, 41, 12, 0
336, 22, 1, 41, 13, 0
336, 22, 1, 41, 14, 0
336, 22, 2, 41, 15, 0
336, 22, 1, 41, 16, 0
336, 22, 0, 41, 19, 0
336, 22, 1, 41, 22, 0
336, 22, 3, 41, 36, 0
336, 22, 0, 42, 3, 0
336, 22, 0, 42, 5, 0
336, 22, 0, 42, 8, 0
336, 22, 1, 42, 9, 0
336, 22, 1, 42, 10, 0
336, 22, 2, 42, 12, 0
336, 22, 1, 42, 15, 0
336, 22, 1, 42, 16, 0
336, 22, 2, 42, 17, 0
336, 22, 1, 42, 18, 0
336, 22, 2, 42, 21, 0
336, 22, 2, 42, 34, 0
336, 22, 2, 42, 35, 0
336, 22, 1, 42, 38, 0
336, 22, 0, 43, 5, 0
336, 22, 1, 43, 6, 0
336, 22, 0, 43, 8, 0
336, 22, 2, 43, 10, 0
336, 22, 2, 43, 11, 0
336, 22, 1, 43, 13, 0
336, 22, 1, 43, 14, 0
336, 22, 1, 43, 16, 0
336, 22, 2, 43, 18, 0
336, 22, 3, 43, 19, 0
336, 22, 3, 43, 21, 0
336, 22, 1, 43, 34, 0
336, 22, 0, 43, 35, 0
336, 22, 0, 43, 37, 0
336, 22, 1, 43, 38, 0
336, 22, 2, 43, 43, 0
336, 22, 1, 44, 4, 0
336, 22, 1, 44, 6, 0
336, 22, 3, 44, 7, 0
336, 22, 3, 44, 10, 0
336, 22, 0, 44, 15, 0
336, 22, 0, 44, 17, 0
336, 22, 0, 44, 19, 0
336, 22, 3, 44, 20, 0
336, 22, 1, 44, 32, 0
336, 22, 0, 44, 35, 0
336, 22, 0, 44, 36, 0
336, 22, 3, 44, 37, 0
336, 22, 2, 44, 39, 0
336, 22, 3, 44, 40, 0
336, 22, 0, 44, 41, 0
336, 22, 1, 44, 42, 0
336, 22, 2, 44, 43, 0
336, 22, 0, 44, 45, 0
336, 22, 1, 45, 4, 0
336, 22, 2, 45, 6, 0
336, 22, 2, 45, 7, 0
336, 22, 3, 45, 8, 0
336, 22, 3, 45, 9, 0
336, 22, 1, 45, 11, 0
336, 22, 0, 45, 15, 0
336, 22, 3, 45, 18, 0
336, 22, 2, 45, 19, 0
336, 22, 1, 45, 21, 0
336, 22, 0, 45, 22, 0
336, 22, 1, 45, 32, 0
336, 22, 0, 45, 33, 0
336, 22, 0, 45, 36, 0
336, 22, 3, 45, 37, 0
336, 22, 1, 45, 39, 0
336, 22, 0, 45, 41, 0
336, 22, 1, 45, 42, 0
336, 22, 0, 45, 43, 0
336, 22, 1, 45, 44, 0
336, 22, 2, 45, 45, 0
336, 22, 2, 45, 46, 0
336, 22, 2, 46, 4, 0
336, 22, 2, 46, 5, 0
336, 22, 2, 46, 7, 0
336, 22, 1, 46, 10, 0
336, 22, 2, 46, 12, 0
336, 22, 3, 46, 13, 0
336, 22, 3, 46, 15, 0
336, 22, 2, 46, 17, 0
336, 22, 2, 46, 19, 0
336, 22, 1, 46, 20, 0
336, 22, 3, 46, 22, 0
336, 22, 0, 46, 23, 0
336, 22, 3, 46, 24, 0
336, 22, 2, 46, 34, 0
336, 22, 0, 46, 35, 0
336, 22, 1, 46, 37, 0
336, 22, 1, 46, 38, 0
336, 22, 3, 46, 40, 0
336, 22, 1, 46, 43, 0
336, 22, 3, 46, 44, 0
336, 22, 2, 47, 3, 0
336, 22, 2, 47, 5, 0
336, 22, 3, 47, 6, 0
336, 22, 3, 47, 7, 0
336, 22, 0, 47, 8, 0
336, 22, 0, 47, 9, 0
336, 22, 1, 47, 13, 0
336, 22, 2, 47, 14, 0
336, 22, 1, 47, 16, 0
336, 22, 1, 47, 17, 0
336, 22, 1, 47, 18, 0
336, 22, 2, 47, 20, 0
336, 22, 2, 47, 34, 0
336, 22, 3, 47, 35, 0
336, 22, 3, 47, 36, 0
336, 22, 2, 47, 38, 0
336, 22, 1, 47, 39, 0
336, 22, 3, 47, 42, 0
336, 22, 2, 48, 2, 0
336, 22, 0, 48, 4, 0
336, 22, 2, 48, 5, 0
336, 22, 1, 48, 7, 0
336, 22, 3, 48, 9, 0
336, 22, 1, 48, 10, 0
336, 22, 3, 48, 15, 0
336, 22, 2, 48, 18, 0
336, 22, 0, 48, 22, 0
336, 22, 1, 48, 24, 0
336, 22, 2, 48, 33, 0
336, 22, 2, 48, 38, 0
336, 22, 2, 48, 39, 0
336, 22, 2, 48, 40, 0
336, 22, 2, 48, 41, 0
336, 22, 3, 48, 42, 0
336, 22, 0, 48, 43, 0
336, 22, 3, 49, 2, 0
336, 22, 0, 49, 4, 0
336, 22, 1, 49, 7, 0
336, 22, 1, 49, 8, 0
336, 22, 3, 49, 9, 0
336, 22, 2, 49, 10, 0
336, 22, 0, 49, 12, 0
336, 22, 1, 49, 13, 0
336, 22, 3, 49, 14, 0
336, 22, 2, 49, 18, 0
336, 22, 3, 49, 19, 0
336, 22, 3, 49, 20, 0
336, 22, 2, 49, 32, 0
336, 22, 2, 49, 33, 0
336, 22, 3, 49, 34, 0
336, 22, 2, 49, 35, 0
336, 22, 0, 49, 37, 0
336, 22, 1, 49, 38, 0
336, 22, 1, 49, 40, 0
336, 22, 3, 50, 2, 0
336, 22, 0, 50, 4, 0
336, 22, 1, 50, 5, 0
336, 22, 1, 50, 8, 0
336, 22, 2, 50, 10, 0
336, 22, 1, 50, 11, 0
336, 22, 3, 50, 13, 0
336, 22, 3, 50, 15, 0
336, 22, 0, 50, 16, 0
336, 22, 3, 50, 17, 0
336, 22, 2, 50, 18, 0
336, 22, 2, 50, 20, 0
336, 22, 2, 50, 22, 0
336, 22, 2, 50, 23, 0
336, 22, 1, 50, 32, 0
336, 22, 1, 50, 36, 0
336, 22, 0, 50, 38, 0
336, 22, 1, 50, 43, 0
336, 22, 2, 50, 58, 0
336, 22, 2, 50, 60, 0
336, 22, 0, 51, 2, 0
336, 22, 1, 51, 4, 0
336, 22, 0, 51, 5, 0
336, 22, 0, 51, 7, 0
336, 22, 2, 51, 8, 0
336, 22, 1, 51, 10, 0
336, 22, 3, 51, 11, 0
336, 22, 0, 51, 12, 0
336, 22, 0, 51, 14, 0
336, 22, 3, 51, 16, 0
336, 22, 0, 51, 18, 0
336, 22, 2, 51, 22, 0
336, 22, 1, 51, 31, 0
336, 22, 3, 51, 33, 0
336, 22, 2, 51, 35, 0
336, 22, 2, 51, 37, 0
336, 22, 1, 51, 38, 0
336, 22, 0, 51, 39, 0
336, 22, 2, 51, 42, 0
336, 22, 1, 51, 58, 0
336, 22, 3, 51, 59, 0
336, 22, 0, 51, 60, 0
336, 22, 3, 51, 61, 0
336, 22, 0, 52, 2, 0
336, 22, 2, 52, 4, 0
336, 22, 0, 52, 6, 0
336, 22, 1, 52, 8, 0
336, 22, 0, 52, 9, 0
336, 22, 0, 52, 10, 0
336, 22, 2, 52, 12, 0
336, 22, 1, 52, 13, 0
336, 22, 2, 52, 15, 0
336, 22, 1, 52, 16, 0
336, 22, 2, 52, 18, 0
336, 22, 3, 52, 21, 0
336, 22, 0, 52, 30, 0
336, 22, 0, 52, 34, 0
336, 22, 3, 52, 37, 0
336, 22, 3, 52, 40, 0
336, 22, 1, 52, 57, 0
336, 22, 0, 52, 58, 0
336, 22, 2, 52, 59, 0
336, 22, 0, 52, 61, 0
336, 22, 0, 52, 62, 0
336, 22, 1, 53, 2, 0
336, 22, 2, 53, 4, 0
336, 22, 3, 53, 6, 0
336, 22, 3, 53, 7, 0
336, 22, 2, 53, 9, 0
336, 22, 3, 53, 11, 0
336, 22, 1, 53, 13, 0
336, 22, 2, 53, 14, 0
336, 22, 1, 53, 15, 0
336, 22, 1, 53, 17, 0
336, 22, 1, 53, 18, 0
336, 22, 1, 53, 20, 0
336, 22, 3, 53, 29, 0
336, 22, 0, 53, 32, 0
336, 22, 3, 53, 35, 0
336, 22, 3, 53, 36, 0
336, 22, 3, 53, 37, 0
336, 22, 2, 53, 38, 0
336, 22, 1, 53, 39, 0
336, 22, 0, 53, 40, 0
336, 22, 0, 53, 41, 0
336, 22, 3, 53, 42, 0
336, 22, 3, 53, 43, 0
336, 22, 2, 53, 55, 0
336, 22, 0, 53, 56, 0
336, 22, 1, 53, 58, 0
336, 22, 3, 53, 59, 0
336, 22, 3, 53, 60, 0
336, 22, 0, 53, 61, 0
336, 22, 3, 54, 3, 0
336, 22, 2, 54, 5, 0
336, 22, 3, 54, 8, 0
336, 22, 3, 54, 9, 0
336, 22, 2, 54, 10, 0
336, 22, 1, 54, 11, 0
336, 22, 0, 54, 13, 0
336, 22, 2, 54, 14, 0
336, 22, 1, 54, 15, 0
336, 22, 3, 54, 19, 0
336, 22, 0, 54, 20, 0
336, 22, 3, 54, 29, 0
336, 22, 1, 54, 31, 0
336, 22, 0, 54, 33, 0
336, 22, 3, 54, 34, 0
336, 22, 2, 54, 38, 0
336, 22, 1, 54, 40, 0
336, 22, 1, 54, 41, 0
336, 22, 3, 54, 44, 0
336, 22, 1, 54, 54, 0
336, 22, 3, 54, 55, 0
336, 22, 0, 54, 56, 0
336, 22, 0, 54, 57, 0
336, 22, 2, 54, 58, 0
336, 22, 2, 54, 59, 0
336, 22, 2, 55, 1, 0
336, 22, 2, 55, 2, 0
336, 22, 0, 55, 4, 0
336, 22, 3, 55, 8, 0
336, 22, 0, 55, 10, 0
336, 22, 3, 55, 12, 0
336, 22, 0, 55, 13, 0
336, 22, 1, 55, 15, 0
336, 22, 0, 55, 16, 0
336, 22, 3, 55, 19, 0
336, 22, 0, 55, 20, 0
336, 22, 2, 55, 29, 0
336, 22, 2, 55, 30, 0
336, 22, 1, 55, 31, 0
336, 22, 3, 55, 36, 0
336, 22, 1, 55, 37, 0
336, 22, 2, 55, 39, 0
336, 22, 0, 55, 40, 0
336, 22, 1, 55, 41, 0
336, 22, 2, 55, 42, 0
336, 22, 3, 55, 43, 0
336, 22, 0, 55, 45, 0
336, 22, 1, 55, 46, 0
336, 22, 2, 55, 54, 0
336, 22, 0, 55, 56, 0
336, 22, 2, 55, 57, 0
336, 22, 1, 55, 58, 0
336, 22, 2, 56, 1, 0
336, 22, 1, 56, 6, 0
336, 22, 0, 56, 8, 0
336, 22, 3, 56, 9, 0
336, 22, 3, 56, 12, 0
336, 22, 2, 56, 14, 0
336, 22, 3, 56, 16, 0
336, 22, 0, 56, 18, 0
336, 22, 2, 56, 19, 0
336, 22, 0, 56, 20, 0
336, 22, 2, 56, 31, 0
336, 22, 3, 56, 32, 0
336, 22, 2, 56, 33, 0
336, 22, 1, 56, 34, 0
336, 22, 2, 56, 39, 0
336, 22, 3, 56, 40, 0
336, 22, 0, 56, 43, 0
336, 22, 3, 56, 46, 0
336, 22, 2, 56, 48, 0
336, 22, 3, 56, 50, 0
336, 22, 3, 56, 52, 0
336, 22, 0, 56, 53, 0
336, 22, 3, 56, 55, 0
336, 22, 3, 56, 56, 0
336, 22, 3, 56, 57, 0
336, 22, 3, 56, 59, 0
336, 22, 0, 57, 1, 0
336, 22, 1, 57, 2, 0
336, 22, 2, 57, 3, 0
336, 22, 1, 57, 4, 0
336, 22, 0, 57, 5, 0
336, 22, 0, 57, 8, 0
336, 22, 3, 57, 9, 0
336, 22, 2, 57, 10, 0
336, 22, 1, 57, 11, 0
336, 22, 2, 57, 12, 0
336, 22, 2, 57, 13, 0
336, 22, 1, 57, 17, 0
336, 22, 2, 57, 20, 0
336, 22, 1, 57, 35, 0
336, 22, 2, 57, 36, 0
336, 22, 1, 57, 37, 0
336, 22, 3, 57, 40, 0
336, 22, 0, 57, 41, 0
336, 22, 1, 57, 43, 0
336, 22, 2, 57, 45, 0
336, 22, 3, 57, 46, 0
336, 22, 3, 57, 47, 0
336, 22, 0, 57, 49, 0
336, 22, 3, 57, 52, 0
336, 22, 2, 57, 53, 0
336, 22, 2, 57, 55, 0
336, 22, 3, 57, 56, 0
336, 22, 0, 57, 58, 0
336, 22, 2, 57, 59, 0
336, 22, 3, 58, 0, 0
336, 22, 3, 58, 6, 0
336, 22, 1, 58, 8, 0
336, 22, 2, 58, 9, 0
336, 22, 0, 58, 11, 0
336, 22, 3, 58, 12, 0
336, 22, 3, 58, 13, 0
336, 22, 2, 58, 15, 0
336, 22, 2, 58, 16, 0
336, 22, 1, 58, 17, 0
336, 22, 1, 58, 20, 0
336, 22, 0, 58, 33, 0
336, 22, 0, 58, 34, 0
336, 22, 0, 58, 38, 0
336, 22, 1, 58, 41, 0
336, 22, 1, 58, 44, 0
336, 22, 3, 58, 47, 0
336, 22, 3, 58, 50, 0
336, 22, 0, 58, 51, 0
336, 22, 0, 58, 54, 0
336, 22, 2, 58, 56, 0
336, 22, 1, 58, 58, 0
336, 22, 2, 58, 59, 0
336, 22, 3, 59, 0, 0
336, 22, 3, 59, 1, 0
336, 22, 2, 59, 3, 0
336, 22, 2, 59, 4, 0
336, 22, 3, 59, 5, 0
336, 22, 3, 59, 6, 0
336, 22, 2, 59, 8, 0
336, 22, 1, 59, 10, 0
336, 22, 1, 59, 11, 0
336, 22, 3, 59, 13, 0
336, 22, 2, 59, 17, 0
336, 22, 2, 59, 18, 0
336, 22, 3, 59, 19, 0
336, 22, 0, 59, 21, 0
336, 22, 3, 59, 34, 0
336, 22, 0, 59, 35, 0
336, 22, 1, 59, 36, 0
336, 22, 0, 59, 37, 0
336, 22, 3, 59, 38, 0
336, 22, 0, 59, 39, 0
336, 22, 2, 59, 41, 0
336, 22, 2, 59, 42, 0
336, 22, 0, 59, 43, 0
336, 22, 2, 59, 44, 0
336, 22, 0, 59, 45, 0
336, 22, 0, 59, 46, 0
336, 22, 2, 59, 47, 0
336, 22, 1, 59, 50, 0
336, 22, 3, 59, 51, 0
336, 22, 1, 59, 52, 0
336, 22, 1, 59, 53, 0
336, 22, 3, 59, 54, 0
336, 22, 0, 59, 55, 0
336, 22, 3, 59, 57, 0
336, 22, 2, 59, 59, 0
336, 22, 0, 60, 0, 0
336, 22, 3, 60, 1, 0
336, 22, 1, 60, 4, 0
336, 22, 2, 60, 5, 0
336, 22, 2, 60, 8, 0
336, 22, 3, 60, 9, 0
336, 22, 0, 60, 12, 0
336, 22, 1, 60, 13, 0
336, 22, 2, 60, 14, 0
336, 22, 2, 60, 15, 0
336, 22, 1, 60, 16, 0
336, 22, 0, 60, 21, 0
336, 22, 0, 60, 22, 0
336, 22, 3, 60, 35, 0
336, 22, 1, 60, 37, 0
336, 22, 2, 60, 38, 0
336, 22, 3, 60, 40, 0
336, 22, 1, 60, 41, 0
336, 22, 0, 60, 43, 0
336, 22, 3, 60, 44, 0
336, 22, 1, 60, 46, 0
336, 22, 1, 60, 47, 0
336, 22, 2, 60, 48, 0
336, 22, 2, 60, 49, 0
336, 22, 3, 60, 50, 0
336, 22, 0, 60, 51, 0
336, 22, 1, 60, 52, 0
336, 22, 0, 60, 53, 0
336, 22, 1, 60, 54, 0
336, 22, 1, 60, 56, 0
336, 22, 3, 60, 57, 0
336, 22, 1, 60, 58, 0
336, 22, 1, 60, 59, 0
336, 22, 2, 61, 1, 0
336, 22, 0, 61, 3, 0
336, 22, 3, 61, 6, 0
336, 22, 0, 61, 7, 0
336, 22, 2, 61, 10, 0
336, 22, 3, 61, 11, 0
336, 22, 0, 61, 12, 0
336, 22, 1, 61, 15, 0
336, 22, 0, 61, 16, 0
336, 22, 1, 61, 17, 0
336, 22, 0, 61, 18, 0
336, 22, 0, 61, 20, 0
336, 22, 3, 61, 24, 0
336, 22, 2, 61, 36, 0
336, 22, 2, 61, 39, 0
336, 22, 3, 61, 40, 0
336, 22, 2, 61, 42, 0
336, 22, 0, 61, 43, 0
336, 22, 3, 61, 44, 0
336, 22, 1, 61, 45, 0
336, 22, 2, 61, 46, 0
336, 22, 1, 61, 48, 0
336, 22, 2, 61, 49, 0
336, 22, 2, 61, 50, 0
336, 22, 0, 61, 51, 0
336, 22, 0, 61, 52, 0
336, 22, 2, 61, 53, 0
336, 22, 0, 61, 54, 0
336, 22, 2, 61, 56, 0
336, 22, 0, 61, 58, 0
336, 22, 2, 61, 59, 0
336, 22, 2, 62, 1, 0
336, 22, 0, 62, 3, 0
336, 22, 3, 62, 4, 0
336, 22, 2, 62, 5, 0
336, 22, 2, 62, 6, 0
336, 22, 2, 62, 7, 0
336, 22, 1, 62, 8, 0
336, 22, 1, 62, 9, 0
336, 22, 2, 62, 10, 0
336, 22, 3, 62, 11, 0
336, 22, 1, 62, 13, 0
336, 22, 2, 62, 14, 0
336, 22, 1, 62, 16, 0
336, 22, 1, 62, 17, 0
336, 22, 3, 62, 19, 0
336, 22, 1, 62, 21, 0
336, 22, 2, 62, 25, 0
336, 22, 2, 62, 37, 0
336, 22, 0, 62, 38, 0
336, 22, 1, 62, 39, 0
336, 22, 2, 62, 40, 0
336, 22, 3, 62, 41, 0
336, 22, 0, 62, 42, 0
336, 22, 0, 62, 43, 0
336, 22, 3, 62, 44, 0
336, 22, 0, 62, 46, 0
336, 22, 3, 62, 47, 0
336, 22, 2, 62, 49, 0
336, 22, 1, 62, 50, 0
336, 22, 3, 62, 51, 0
336, 22, 0, 62, 52, 0
336, 22, 1, 62, 53, 0
336, 22, 3, 62, 55, 0
336, 22, 2, 62, 56, 0
336, 22, 1, 62, 57, 0
336, 22, 0, 62, 58, 0
336, 22, 3, 62, 59, 0
336, 22, 3, 63, 3, 0
336, 22, 1, 63, 8, 0
336, 22, 0, 63, 9, 0
336, 22, 0, 63, 10, 0
336, 22, 3, 63, 12, 0
336, 22, 2, 63, 14, 0
336, 22, 2, 63, 15, 0
336, 22, 3, 63, 20, 0
336, 22, 2, 63, 22, 0
336, 22, 2, 63, 23, 0
336, 22, 3, 63, 37, 0
336, 22, 2, 63, 39, 0
336, 22, 2, 63, 40, 0
336, 22, 1, 63, 42, 0
336, 22, 1, 63, 43, 0
336, 22, 3, 63, 48, 0
336, 22, 3, 63, 50, 0
336, 22, 3, 63, 53, 0
336, 22, 1, 63, 55, 0
336, 22, 1, 63, 57, 0
336, 22, 3, 63, 60, 0
337, 22, 1, 21, 57, 0
337, 22, 3, 22, 26, 0
337, 22, 1, 23, 16, 0
337, 22, 2, 24, 23, 0
337, 22, 1, 24, 38, 0
337, 22, 0, 24, 48, 0
337, 22, 0, 25, 62, 0
337, 22, 0, 26, 30, 0
337, 22, 1, 26, 36, 0
337, 22, 2, 26, 42, 0
337, 22, 0, 26, 57, 0
337, 22, 3, 27, 46, 0
337, 22, 3, 27, 51, 0
337, 22, 2, 29, 10, 0
337, 22, 0, 29, 17, 0
337, 22, 1, 30, 21, 0
337, 22, 2, 30, 36, 0
337, 22, 1, 31, 21, 0
337, 22, 3, 31, 43, 0
337, 22, 0, 32, 55, 0
337, 22, 3, 32, 58, 0
337, 22, 0, 33, 11, 0
337, 22, 1, 34, 16, 0
337, 22, 0, 35, 24, 0
337, 22, 2, 35, 61, 0
337, 22, 3, 36, 4, 0
337, 22, 3, 37, 18, 0
337, 22, 2, 39, 10, 0
337, 22, 3, 39, 15, 0
337, 22, 1, 44, 8, 0
337, 22, 3, 44, 44, 0
337, 22, 0, 45, 16, 0
337, 22, 2, 49, 6, 0
337, 22, 2, 49, 16, 0
337, 22, 3, 49, 43, 0
337, 22, 3, 51, 3, 0
337, 22, 1, 51, 34, 0
337, 22, 0, 53, 5, 0
337, 22, 0, 53, 31, 0
337, 22, 1, 55, 7, 0
337, 22, 2, 55, 52, 0
337, 22, 3, 58, 14, 0
337, 22, 3, 58, 40, 0
337, 22, 2, 59, 7, 0
337, 22, 1, 61, 4, 0
337, 22, 0, 61, 14, 0
337, 22, 0, 61, 37, 0
337, 22, 3, 62, 54, 0
337, 22, 1, 63, 45, 0
462, 10, 3, 5, 7, 0
462, 10, 2, 9, 13, 0
462, 10, 3, 10, 8, 0
462, 10, 3, 10, 43, 0
463, 10, 3, 0, 39, 0
463, 10, 3, 11, 11, 0
463, 10, 1, 11, 42, 0
463, 10, 2, 11, 45, 0
659, 10, 1, 50, 37, 0
659, 10, 2, 57, 39, 0
659, 10, 3, 58, 53, 0
666, 10, 2, 52, 35, 0
666, 10, 1, 56, 34, 0
667, 10, 3, 55, 37, 0
731, 10, 3, 33, 47, 0
731, 10, 0, 34, 31, 0
731, 10, 0, 34, 34, 0
731, 10, 0, 34, 46, 0
731, 10, 3, 34, 48, 0
731, 10, 3, 35, 30, 0
731, 10, 1, 35, 34, 0
731, 10, 1, 35, 36, 0
731, 10, 2, 35, 45, 0
731, 10, 1, 35, 47, 0
731, 10, 3, 36, 32, 0
731, 10, 2, 36, 38, 0
731, 10, 2, 36, 40, 0
731, 10, 0, 36, 45, 0
731, 10, 1, 36, 48, 0
731, 10, 0, 37, 29, 0
731, 10, 3, 37, 30, 0
731, 10, 2, 37, 34, 0
731, 10, 2, 37, 36, 0
731, 10, 0, 37, 39, 0
731, 10, 1, 37, 42, 0
731, 10, 1, 37, 44, 0
731, 10, 0, 37, 45, 0
731, 10, 1, 37, 47, 0
731, 10, 2, 37, 49, 0
731, 10, 2, 38, 32, 0
731, 10, 3, 38, 41, 0
731, 10, 2, 38, 46, 0
731, 10, 2, 38, 48, 0
731, 10, 0, 39, 27, 0
731, 10, 1, 39, 30, 0
731, 10, 2, 39, 32, 0
731, 10, 0, 39, 50, 0
731, 10, 0, 39, 57, 0
731, 10, 1, 40, 29, 0
731, 10, 0, 40, 41, 0
731, 10, 1, 40, 50, 0
731, 10, 1, 40, 58, 0
731, 10, 1, 40, 60, 0
731, 10, 3, 40, 62, 0
731, 10, 3, 41, 26, 0
731, 10, 1, 41, 28, 0
731, 10, 3, 41, 52, 0
731, 10, 3, 41, 56, 0
731, 10, 0, 41, 57, 0
731, 10, 1, 41, 61, 0
731, 10, 2, 42, 54, 0
731, 10, 0, 42, 58, 0
731, 10, 1, 43, 26, 0
731, 10, 2, 43, 27, 0
731, 10, 1, 43, 53, 0
731, 10, 3, 43, 57, 0
731, 10, 2, 43, 59, 0
731, 10, 2, 43, 61, 0
731, 10, 2, 43, 63, 0
731, 10, 0, 44, 52, 0
731, 10, 3, 44, 54, 0
731, 10, 3, 44, 56, 0
731, 10, 1, 44, 58, 0
731, 10, 0, 45, 27, 0
731, 10, 3, 45, 53, 0
731, 10, 1, 46, 27, 0
731, 10, 0, 46, 54, 0
731, 10, 2, 47, 28, 0
731, 10, 2, 47, 55, 0
731, 10, 0, 48, 28, 0
731, 10, 3, 48, 29, 0
731, 10, 0, 48, 50, 0
731, 10, 1, 48, 53, 0
731, 10, 3, 49, 47, 0
731, 10, 3, 49, 48, 0
731, 10, 2, 49, 52, 0
731, 10, 3, 50, 27, 0
731, 10, 0, 50, 48, 0
731, 10, 2, 50, 50, 0
731, 10, 0, 51, 26, 0
731, 10, 1, 51, 46, 0
731, 10, 1, 51, 48, 0
731, 10, 1, 51, 50, 0
731, 10, 0, 51, 52, 0
731, 10, 3, 52, 25, 0
731, 10, 0, 52, 49, 0
731, 10, 3, 54, 24, 0
731, 10, 2, 58, 26, 0
731, 10, 3, 60, 29, 0
731, 10, 0, 61, 30, 0
731, 10, 2, 62, 31, 0
732, 10, 0, 32, 46, 0
732, 10, 2, 32, 47, 0
732, 10, 3, 33, 31, 0
732, 10, 0, 33, 34, 0
732, 10, 2, 33, 48, 0
732, 10, 1, 34, 36, 0
732, 10, 1, 35, 43, 0
732, 10, 2, 36, 29, 0
732, 10, 0, 36, 41, 0
732, 10, 0, 36, 49, 0
732, 10, 0, 38, 37, 0
732, 10, 3, 38, 51, 0
732, 10, 3, 38, 58, 0
732, 10, 2, 39, 33, 0
732, 10, 3, 39, 35, 0
732, 10, 0, 39, 40, 0
732, 10, 2, 39, 43, 0
732, 10, 2, 39, 52, 0
732, 10, 1, 40, 39, 0
732, 10, 3, 40, 42, 0
732, 10, 1, 40, 46, 0
732, 10, 0, 40, 49, 0
732, 10, 0, 40, 55, 0
732, 10, 0, 40, 59, 0
732, 10, 3, 40, 61, 0
732, 10, 3, 41, 50, 0
732, 10, 1, 42, 25, 0
732, 10, 3, 42, 29, 0
732, 10, 2, 42, 51, 0
732, 10, 0, 44, 25, 0
732, 10, 0, 44, 28, 0
732, 10, 2, 44, 59, 0
732, 10, 3, 44, 62, 0
732, 10, 1, 46, 57, 0
732, 10, 2, 47, 29, 0
732, 10, 1, 47, 48, 0
732, 10, 2, 47, 51, 0
732, 10, 3, 49, 45, 0
732, 10, 0, 49, 49, 0
732, 10, 0, 50, 45, 0
732, 10, 3, 50, 46, 0
732, 10, 2, 50, 53, 0
732, 10, 3, 51, 51, 0
732, 10, 1, 52, 27, 0
732, 10, 1, 53, 24, 0
732, 10, 1, 53, 49, 0
732, 10, 3, 56, 23, 0
732, 10, 1, 59, 25, 0
732, 10, 0, 59, 27, 0
732, 10, 3, 61, 28, 0
732, 10, 2, 62, 32, 0
732, 10, 1, 63, 33, 0
1119, 10, 2, 1, 10, 0
1119, 10, 0, 1, 46, 0
1119, 10, 3, 7, 56, 0
1120, 10, 1, 10, 51, 0
1121, 10, 2, 0, 7, 0
1121, 10, 3, 2, 49, 0
1121, 10, 0, 4, 10, 0
1121, 10, 2, 4, 53, 0
1121, 10, 0, 6, 30, 0
1121, 10, 0, 6, 44, 0
1121, 10, 1, 6, 53, 0
1121, 10, 2, 8, 46, 0
1121, 10, 3, 10, 55, 0
1162, 10, 2, 7, 21, 0
1162, 10, 3, 10, 17, 0
1175, 10, 2, 8, 18, 0
1176, 10, 2, 6, 19, 0
1177, 10, 2, 9, 20, 0
1184, 10, 1, 1, 3, 0
1184, 10, 1, 6, 8, 0
1184, 10, 1, 8, 54, 0
1249, 22, 1, 1, 56, 0
1249, 22, 0, 10, 62, 0
1249, 22, 0, 16, 58, 0
1249, 22, 0, 18, 37, 0
1249, 22, 2, 18, 50, 0
1249, 22, 1, 19, 45, 0
1249, 22, 3, 19, 52, 0
1249, 22, 3, 20, 33, 0
1249, 22, 0, 28, 3, 0
1249, 22, 2, 35, 2, 0
1249, 22, 1, 37, 1, 0
1250, 22, 2, 1, 55, 0
1250, 22, 3, 2, 57, 0
1250, 22, 0, 8, 63, 0
1250, 22, 1, 10, 61, 0
1250, 22, 1, 16, 61, 0
1250, 22, 1, 17, 37, 0
1250, 22, 1, 17, 48, 0
1250, 22, 0, 17, 52, 0
1250, 22, 3, 17, 57, 0
1250, 22, 1, 17, 62, 0
1250, 22, 0, 18, 14, 0
1250, 22, 3, 18, 33, 0
1250, 22, 0, 18, 39, 0
1250, 22, 0, 18, 44, 0
1250, 22, 0, 18, 53, 0
1250, 22, 2, 18, 58, 0
1250, 22, 2, 19, 35, 0
1250, 22, 3, 19, 46, 0
1250, 22, 2, 19, 50, 0
1250, 22, 1, 20, 13, 0
1250, 22, 2, 22, 9, 0
1250, 22, 0, 29, 2, 0
1250, 22, 1, 30, 3, 0
1250, 22, 3, 34, 2, 0
1250, 22, 0, 35, 0, 0
1250, 22, 2, 38, 0, 0
1250, 22, 1, 39, 1, 0
1259, 22, 3, 0, 2, 0
1259, 22, 0, 0, 3, 0
1259, 22, 1, 0, 4, 0
1259, 22, 2, 0, 6, 0
1259, 22, 3, 0, 7, 0
1259, 22, 2, 0, 8, 0
1259, 22, 1, 0, 10, 0
1259, 22, 2, 0, 11, 0
1259, 22, 2, 0, 12, 0
1259, 22, 3, 0, 13, 0
1259, 22, 0, 0, 14, 0
1259, 22, 0, 0, 16, 0
1259, 22, 1, 0, 17, 0
1259, 22, 1, 0, 18, 0
1259, 22, 2, 0, 19, 0
1259, 22, 3, 0, 25, 0
1259, 22, 0, 0, 26, 0
1259, 22, 1, 0, 27, 0
1259, 22, 2, 0, 29, 0
1259, 22, 2, 0, 30, 0
1259, 22, 0, 0, 31, 0
1259, 22, 0, 0, 33, 0
1259, 22, 1, 0, 34, 0
1259, 22, 2, 0, 36, 0
1259, 22, 2, 0, 39, 0
1259, 22, 2, 0, 40, 0
1259, 22, 3, 0, 41, 0
1259, 22, 2, 0, 42, 0
1259, 22, 0, 0, 43, 0
1259, 22, 1, 0, 44, 0
1259, 22, 3, 0, 48, 0
1259, 22, 1, 1, 1, 0
1259, 22, 3, 1, 2, 0
1259, 22, 3, 1, 4, 0
1259, 22, 0, 1, 6, 0
1259, 22, 2, 1, 9, 0
1259, 22, 3, 1, 13, 0
1259, 22, 2, 1, 15, 0
1259, 22, 2, 1, 16, 0
1259, 22, 0, 1, 19, 0
1259, 22, 3, 1, 20, 0
1259, 22, 0, 1, 21, 0
1259, 22, 0, 1, 22, 0
1259, 22, 1, 1, 23, 0
1259, 22, 2, 1, 24, 0
1259, 22, 3, 1, 25, 0
1259, 22, 2, 1, 29, 0
1259, 22, 1, 1, 30, 0
1259, 22, 0, 1, 32, 0
1259, 22, 0, 1, 33, 0
1259, 22, 3, 1, 35, 0
1259, 22, 3, 1, 37, 0
1259, 22, 1, 1, 38, 0
1259, 22, 1, 1, 39, 0
1259, 22, 0, 1, 42, 0
1259, 22, 2, 1, 43, 0
1259, 22, 1, 1, 45, 0
1259, 22, 0, 1, 48, 0
1259, 22, 3, 1, 49, 0
1259, 22, 1, 1, 50, 0
1259, 22, 0, 2, 0, 0
1259, 22, 3, 2, 2, 0
1259, 22, 2, 2, 3, 0
1259, 22, 2, 2, 4, 0
1259, 22, 2, 2, 6, 0
1259, 22, 3, 2, 8, 0
1259, 22, 3, 2, 9, 0
1259, 22, 2, 2, 10, 0
1259, 22, 0, 2, 11, 0
1259, 22, 3, 2, 12, 0
1259, 22, 1, 2, 13, 0
1259, 22, 0, 2, 14, 0
1259, 22, 1, 2, 16, 0
1259, 22, 3, 2, 17, 0
1259, 22, 2, 2, 18, 0
1259, 22, 2, 2, 21, 0
1259, 22, 2, 2, 23, 0
1259, 22, 0, 2, 24, 0
1259, 22, 3, 2, 25, 0
1259, 22, 0, 2, 26, 0
1259, 22, 1, 2, 27, 0
1259, 22, 1, 2, 28, 0
1259, 22, 2, 2, 30, 0
1259, 22, 3, 2, 31, 0
1259, 22, 1, 2, 32, 0
1259, 22, 3, 2, 33, 0
1259, 22, 2, 2, 36, 0
1259, 22, 2, 2, 39, 0
1259, 22, 2, 2, 40, 0
1259, 22, 3, 2, 42, 0
1259, 22, 2, 2, 44, 0
1259, 22, 2, 2, 45, 0
1259, 22, 1, 2, 46, 0
1259, 22, 2, 2, 48, 0
1259, 22, 0, 2, 50, 0
1259, 22, 0, 3, 1, 0
1259, 22, 0, 3, 2, 0
1259, 22, 1, 3, 4, 0
1259, 22, 1, 3, 6, 0
1259, 22, 3, 3, 7, 0
1259, 22, 3, 3, 8, 0
1259, 22, 3, 3, 9, 0
1259, 22, 0, 3, 11, 0
1259, 22, 1, 3, 12, 0
1259, 22, 3, 3, 13, 0
1259, 22, 2, 3, 14, 0
1259, 22, 0, 3, 15, 0
1259, 22, 0, 3, 16, 0
1259, 22, 3, 3, 17, 0
1259, 22, 1, 3, 18, 0
1259, 22, 0, 3, 19, 0
1259, 22, 0, 3, 20, 0
1259, 22, 3, 3, 21, 0
1259, 22, 0, 3, 22, 0
1259, 22, 3, 3, 23, 0
1259, 22, 2, 3, 24, 0
1259, 22, 2, 3, 27, 0
1259, 22, 2, 3, 28, 0
1259, 22, 1, 3, 29, 0
1259, 22, 1, 3, 34, 0
1259, 22, 2, 3, 36, 0
1259, 22, 2, 3, 38, 0
1259, 22, 1, 3, 39, 0
1259, 22, 2, 3, 40, 0
1259, 22, 3, 3, 42, 0
1259, 22, 2, 3, 44, 0
1259, 22, 3, 3, 46, 0
1259, 22, 3, 3, 47, 0
1259, 22, 2, 3, 48, 0
1259, 22, 1, 3, 49, 0
1259, 22, 1, 3, 51, 0
1259, 22, 2, 3, 52, 0
1259, 22, 2, 4, 1, 0
1259, 22, 3, 4, 2, 0
1259, 22, 1, 4, 3, 0
1259, 22, 1, 4, 6, 0
1259, 22, 0, 4, 7, 0
1259, 22, 2, 4, 9, 0
1259, 22, 0, 4, 13, 0
1259, 22, 2, 4, 14, 0
1259, 22, 0, 4, 16, 0
1259, 22, 1, 4, 18, 0
1259, 22, 3, 4, 19, 0
1259, 22, 3, 4, 21, 0
1259, 22, 1, 4, 22, 0
1259, 22, 3, 4, 24, 0
1259, 22, 1, 4, 26, 0
1259, 22, 1, 4, 27, 0
1259, 22, 0, 4, 32, 0
1259, 22, 0, 4, 33, 0
1259, 22, 1, 4, 34, 0
1259, 22, 2, 4, 35, 0
1259, 22, 2, 4, 36, 0
1259, 22, 2, 4, 37, 0
1259, 22, 2, 4, 38, 0
1259, 22, 0, 4, 39, 0
1259, 22, 2, 4, 40, 0
1259, 22, 2, 4, 41, 0
1259, 22, 2, 4, 42, 0
1259, 22, 0, 4, 45, 0
1259, 22, 2, 4, 46, 0
1259, 22, 3, 4, 47, 0
1259, 22, 0, 4, 48, 0
1259, 22, 3, 4, 49, 0
1259, 22, 0, 4, 50, 0
1259, 22, 0, 4, 51, 0
1259, 22, 0, 4, 52, 0
1259, 22, 2, 4, 55, 0
1259, 22, 0, 5, 1, 0
1259, 22, 3, 5, 3, 0
1259, 22, 0, 5, 4, 0
1259, 22, 0, 5, 11, 0
1259, 22, 0, 5, 12, 0
1259, 22, 1, 5, 14, 0
1259, 22, 1, 5, 16, 0
1259, 22, 1, 5, 21, 0
1259, 22, 0, 5, 25, 0
1259, 22, 0, 5, 26, 0
1259, 22, 2, 5, 30, 0
1259, 22, 1, 5, 32, 0
1259, 22, 2, 5, 33, 0
1259, 22, 0, 5, 35, 0
1259, 22, 0, 5, 36, 0
1259, 22, 3, 5, 37, 0
1259, 22, 2, 5, 38, 0
1259, 22, 2, 5, 39, 0
1259, 22, 2, 5, 41, 0
1259, 22, 1, 5, 43, 0
1259, 22, 2, 5, 45, 0
1259, 22, 2, 5, 46, 0
1259, 22, 1, 5, 47, 0
1259, 22, 0, 5, 48, 0
1259, 22, 1, 5, 51, 0
1259, 22, 2, 5, 52, 0
1259, 22, 0, 5, 53, 0
1259, 22, 1, 5, 54, 0
1259, 22, 2, 5, 56, 0
1259, 22, 1, 6, 0, 0
1259, 22, 1, 6, 1, 0
1259, 22, 3, 6, 2, 0
1259, 22, 2, 6, 3, 0
1259, 22, 1, 6, 5, 0
1259, 22, 2, 6, 9, 0
1259, 22, 3, 6, 10, 0
1259, 22, 0, 6, 11, 0
1259, 22, 3, 6, 12, 0
1259, 22, 2, 6, 13, 0
1259, 22, 3, 6, 15, 0
1259, 22, 1, 6, 16, 0
1259, 22, 1, 6, 21, 0
1259, 22, 1, 6, 22, 0
1259, 22, 2, 6, 24, 0
1259, 22, 0, 6, 28, 0
1259, 22, 3, 6, 31, 0
1259, 22, 1, 6, 33, 0
1259, 22, 2, 6, 37, 0
1259, 22, 0, 6, 38, 0
1259, 22, 2, 6, 39, 0
1259, 22, 2, 6, 40, 0
1259, 22, 2, 6, 41, 0
1259, 22, 2, 6, 44, 0
1259, 22, 3, 6, 45, 0
1259, 22, 2, 6, 46, 0
1259, 22, 3, 6, 48, 0
1259, 22, 0, 6, 49, 0
1259, 22, 1, 6, 50, 0
1259, 22, 3, 6, 51, 0
1259, 22, 1, 6, 52, 0
1259, 22, 3, 6, 53, 0
1259, 22, 2, 6, 54, 0
1259, 22, 1, 6, 55, 0
1259, 22, 2, 6, 56, 0
1259, 22, 1, 7, 0, 0
1259, 22, 1, 7, 1, 0
1259, 22, 2, 7, 2, 0
1259, 22, 1, 7, 3, 0
1259, 22, 1, 7, 4, 0
1259, 22, 2, 7, 5, 0
1259, 22, 0, 7, 6, 0
1259, 22, 1, 7, 7, 0
1259, 22, 3, 7, 8, 0
1259, 22, 1, 7, 9, 0
1259, 22, 1, 7, 11, 0
1259, 22, 1, 7, 13, 0
1259, 22, 2, 7, 15, 0
1259, 22, 3, 7, 22, 0
1259, 22, 0, 7, 24, 0
1259, 22, 3, 7, 25, 0
1259, 22, 0, 7, 26, 0
1259, 22, 0, 7, 28, 0
1259, 22, 0, 7, 29, 0
1259, 22, 3, 7, 32, 0
1259, 22, 2, 7, 33, 0
1259, 22, 3, 7, 34, 0
1259, 22, 1, 7, 35, 0
1259, 22, 3, 7, 37, 0
1259, 22, 3, 7, 38, 0
1259, 22, 0, 7, 39, 0
1259, 22, 2, 7, 40, 0
1259, 22, 2, 7, 42, 0
1259, 22, 0, 7, 43, 0
1259, 22, 2, 7, 45, 0
1259, 22, 3, 7, 46, 0
1259, 22, 1, 7, 48, 0
1259, 22, 2, 7, 49, 0
1259, 22, 3, 7, 51, 0
1259, 22, 3, 7, 52, 0
1259, 22, 2, 7, 54, 0
1259, 22, 0, 7, 57, 0
1259, 22, 2, 8, 2, 0
1259, 22, 1, 8, 3, 0
1259, 22, 1, 8, 4, 0
1259, 22, 2, 8, 5, 0
1259, 22, 0, 8, 6, 0
1259, 22, 3, 8, 9, 0
1259, 22, 3, 8, 10, 0
1259, 22, 3, 8, 11, 0
1259, 22, 1, 8, 12, 0
1259, 22, 1, 8, 13, 0
1259, 22, 2, 8, 15, 0
1259, 22, 0, 8, 22, 0
1259, 22, 2, 8, 23, 0
1259, 22, 1, 8, 24, 0
1259, 22, 3, 8, 25, 0
1259, 22, 1, 8, 26, 0
1259, 22, 1, 8, 27, 0
1259, 22, 3, 8, 28, 0
1259, 22, 2, 8, 29, 0
1259, 22, 3, 8, 30, 0
1259, 22, 0, 8, 31, 0
1259, 22, 2, 8, 32, 0
1259, 22, 0, 8, 33, 0
1259, 22, 1, 8, 34, 0
1259, 22, 2, 8, 37, 0
1259, 22, 3, 8, 38, 0
1259, 22, 2, 8, 39, 0
1259, 22, 2, 8, 40, 0
1259, 22, 0, 8, 41, 0
1259, 22, 0, 8, 42, 0
1259, 22, 2, 8, 43, 0
1259, 22, 1, 8, 44, 0
1259, 22, 0, 8, 46, 0
1259, 22, 0, 8, 47, 0
1259, 22, 2, 8, 49, 0
1259, 22, 1, 8, 50, 0
1259, 22, 1, 8, 52, 0
1259, 22, 0, 8, 53, 0
1259, 22, 2, 8, 55, 0
1259, 22, 2, 8, 56, 0
1259, 22, 2, 8, 57, 0
1259, 22, 2, 8, 58, 0
1259, 22, 3, 8, 59, 0
1259, 22, 2, 9, 0, 0
1259, 22, 1, 9, 1, 0
1259, 22, 3, 9, 2, 0
1259, 22, 2, 9, 3, 0
1259, 22, 0, 9, 4, 0
1259, 22, 3, 9, 5, 0
1259, 22, 1, 9, 6, 0
1259, 22, 3, 9, 7, 0
1259, 22, 2, 9, 8, 0
1259, 22, 0, 9, 9, 0
1259, 22, 0, 9, 10, 0
1259, 22, 3, 9, 11, 0
1259, 22, 0, 9, 12, 0
1259, 22, 2, 9, 15, 0
1259, 22, 1, 9, 23, 0
1259, 22, 3, 9, 24, 0
1259, 22, 2, 9, 25, 0
1259, 22, 3, 9, 27, 0
1259, 22, 3, 9, 28, 0
1259, 22, 3, 9, 30, 0
1259, 22, 3, 9, 32, 0
1259, 22, 3, 9, 33, 0
1259, 22, 0, 9, 34, 0
1259, 22, 3, 9, 35, 0
1259, 22, 0, 9, 36, 0
1259, 22, 3, 9, 37, 0
1259, 22, 2, 9, 38, 0
1259, 22, 1, 9, 39, 0
1259, 22, 2, 9, 40, 0
1259, 22, 0, 9, 41, 0
1259, 22, 1, 9, 42, 0
1259, 22, 2, 9, 44, 0
1259, 22, 2, 9, 45, 0
1259, 22, 1, 9, 46, 0
1259, 22, 0, 9, 47, 0
1259, 22, 1, 9, 48, 0
1259, 22, 3, 9, 49, 0
1259, 22, 3, 9, 51, 0
1259, 22, 1, 9, 52, 0
1259, 22, 3, 9, 53, 0
1259, 22, 2, 9, 54, 0
1259, 22, 0, 9, 57, 0
1259, 22, 1, 9, 58, 0
1259, 22, 1, 10, 0, 0
1259, 22, 1, 10, 1, 0
1259, 22, 0, 10, 3, 0
1259, 22, 3, 10, 4, 0
1259, 22, 0, 10, 5, 0
1259, 22, 3, 10, 6, 0
1259, 22, 0, 10, 7, 0
1259, 22, 0, 10, 10, 0
1259, 22, 3, 10, 11, 0
1259, 22, 3, 10, 15, 0
1259, 22, 3, 10, 16, 0
1259, 22, 3, 10, 23, 0
1259, 22, 1, 10, 26, 0
1259, 22, 2, 10, 27, 0
1259, 22, 2, 10, 30, 0
1259, 22, 1, 10, 31, 0
1259, 22, 2, 10, 32, 0
1259, 22, 2, 10, 33, 0
1259, 22, 3, 10, 36, 0
1259, 22, 3, 10, 37, 0
1259, 22, 2, 10, 38, 0
1259, 22, 1, 10, 40, 0
1259, 22, 1, 10, 41, 0
1259, 22, 2, 10, 42, 0
1259, 22, 3, 10, 44, 0
1259, 22, 2, 10, 45, 0
1259, 22, 0, 10, 47, 0
1259, 22, 3, 10, 50, 0
1259, 22, 3, 10, 53, 0
1259, 22, 2, 10, 54, 0
1259, 22, 2, 10, 55, 0
1259, 22, 0, 10, 57, 0
1259, 22, 2, 10, 59, 0
1259, 22, 1, 11, 0, 0
1259, 22, 0, 11, 1, 0
1259, 22, 3, 11, 2, 0
1259, 22, 1, 11, 5, 0
1259, 22, 3, 11, 6, 0
1259, 22, 2, 11, 10, 0
1259, 22, 3, 11, 11, 0
1259, 22, 0, 11, 12, 0
1259, 22, 2, 11, 13, 0
1259, 22, 3, 11, 14, 0
1259, 22, 1, 11, 17, 0
1259, 22, 1, 11, 18, 0
1259, 22, 2, 11, 21, 0
1259, 22, 3, 11, 22, 0
1259, 22, 0, 11, 24, 0
1259, 22, 3, 11, 25, 0
1259, 22, 0, 11, 27, 0
1259, 22, 2, 11, 28, 0
1259, 22, 3, 11, 29, 0
1259, 22, 1, 11, 30, 0
1259, 22, 1, 11, 32, 0
1259, 22, 3, 11, 33, 0
1259, 22, 3, 11, 34, 0
1259, 22, 0, 11, 35, 0
1259, 22, 1, 11, 36, 0
1259, 22, 2, 11, 39, 0
1259, 22, 2, 11, 40, 0
1259, 22, 2, 11, 41, 0
1259, 22, 1, 11, 42, 0
1259, 22, 3, 11, 44, 0
1259, 22, 0, 11, 45, 0
1259, 22, 3, 11, 46, 0
1259, 22, 2, 11, 47, 0
1259, 22, 3, 11, 49, 0
1259, 22, 2, 11, 50, 0
1259, 22, 2, 11, 51, 0
1259, 22, 1, 11, 53, 0
1259, 22, 2, 11, 54, 0
1259, 22, 2, 11, 55, 0
1259, 22, 2, 11, 56, 0
1259, 22, 3, 11, 57, 0
1259, 22, 2, 11, 59, 0
1259, 22, 2, 11, 60, 0
1259, 22, 3, 12, 0, 0
1259, 22, 1, 12, 2, 0
1259, 22, 3, 12, 3, 0
1259, 22, 1, 12, 5, 0
1259, 22, 2, 12, 6, 0
1259, 22, 3, 12, 7, 0
1259, 22, 0, 12, 8, 0
1259, 22, 2, 12, 9, 0
1259, 22, 1, 12, 11, 0
1259, 22, 0, 12, 17, 0
1259, 22, 0, 12, 19, 0
1259, 22, 2, 12, 20, 0
1259, 22, 2, 12, 21, 0
1259, 22, 0, 12, 22, 0
1259, 22, 0, 12, 23, 0
1259, 22, 0, 12, 25, 0
1259, 22, 0, 12, 26, 0
1259, 22, 2, 12, 29, 0
1259, 22, 2, 12, 32, 0
1259, 22, 0, 12, 33, 0
1259, 22, 2, 12, 35, 0
1259, 22, 1, 12, 37, 0
1259, 22, 2, 12, 39, 0
1259, 22, 3, 12, 41, 0
1259, 22, 0, 12, 43, 0
1259, 22, 0, 12, 45, 0
1259, 22, 0, 12, 47, 0
1259, 22, 1, 12, 48, 0
1259, 22, 1, 12, 49, 0
1259, 22, 1, 12, 50, 0
1259, 22, 2, 12, 51, 0
1259, 22, 2, 12, 52, 0
1259, 22, 2, 12, 53, 0
1259, 22, 2, 12, 54, 0
1259, 22, 2, 12, 56, 0
1259, 22, 3, 12, 57, 0
1259, 22, 3, 12, 58, 0
1259, 22, 2, 12, 59, 0
1259, 22, 1, 13, 2, 0
1259, 22, 1, 13, 3, 0
1259, 22, 2, 13, 4, 0
1259, 22, 1, 13, 5, 0
1259, 22, 3, 13, 6, 0
1259, 22, 0, 13, 7, 0
1259, 22, 0, 13, 8, 0
1259, 22, 0, 13, 9, 0
1259, 22, 0, 13, 10, 0
1259, 22, 3, 13, 11, 0
1259, 22, 2, 13, 13, 0
1259, 22, 1, 13, 15, 0
1259, 22, 1, 13, 17, 0
1259, 22, 2, 13, 18, 0
1259, 22, 2, 13, 20, 0
1259, 22, 0, 13, 22, 0
1259, 22, 1, 13, 23, 0
1259, 22, 0, 13, 25, 0
1259, 22, 2, 13, 26, 0
1259, 22, 1, 13, 27, 0
1259, 22, 0, 13, 28, 0
1259, 22, 1, 13, 29, 0
1259, 22, 1, 13, 30, 0
1259, 22, 0, 13, 32, 0
1259, 22, 1, 13, 35, 0
1259, 22, 1, 13, 36, 0
1259, 22, 1, 13, 37, 0
1259, 22, 2, 13, 38, 0
1259, 22, 1, 13, 46, 0
1259, 22, 2, 13, 47, 0
1259, 22, 2, 13, 49, 0
1259, 22, 0, 13, 50, 0
1259, 22, 2, 13, 52, 0
1259, 22, 1, 13, 53, 0
1259, 22, 1, 13, 54, 0
1259, 22, 0, 13, 56, 0
1259, 22, 2, 13, 57, 0
1259, 22, 2, 13, 58, 0
1259, 22, 2, 13, 59, 0
1259, 22, 0, 14, 0, 0
1259, 22, 0, 14, 1, 0
1259, 22, 0, 14, 2, 0
1259, 22, 2, 14, 4, 0
1259, 22, 3, 14, 5, 0
1259, 22, 0, 14, 6, 0
1259, 22, 1, 14, 7, 0
1259, 22, 0, 14, 8, 0
1259, 22, 3, 14, 9, 0
1259, 22, 1, 14, 11, 0
1259, 22, 1, 14, 12, 0
1259, 22, 1, 14, 13, 0
1259, 22, 2, 14, 15, 0
1259, 22, 2, 14, 18, 0
1259, 22, 2, 14, 22, 0
1259, 22, 2, 14, 24, 0
1259, 22, 3, 14, 27, 0
1259, 22, 2, 14, 29, 0
1259, 22, 2, 14, 33, 0
1259, 22, 0, 14, 34, 0
1259, 22, 1, 14, 35, 0
1259, 22, 1, 14, 36, 0
1259, 22, 2, 14, 47, 0
1259, 22, 2, 14, 48, 0
1259, 22, 3, 14, 49, 0
1259, 22, 0, 14, 50, 0
1259, 22, 3, 14, 52, 0
1259, 22, 2, 14, 53, 0
1259, 22, 2, 14, 54, 0
1259, 22, 2, 14, 55, 0
1259, 22, 2, 14, 56, 0
1259, 22, 1, 15, 0, 0
1259, 22, 0, 15, 1, 0
1259, 22, 3, 15, 2, 0
1259, 22, 3, 15, 4, 0
1259, 22, 3, 15, 5, 0
1259, 22, 0, 15, 6, 0
1259, 22, 0, 15, 8, 0
1259, 22, 0, 15, 10, 0
1259, 22, 1, 15, 11, 0
1259, 22, 2, 15, 14, 0
1259, 22, 3, 15, 15, 0
1259, 22, 3, 15, 16, 0
1259, 22, 0, 15, 17, 0
1259, 22, 0, 15, 21, 0
1259, 22, 2, 15, 22, 0
1259, 22, 1, 15, 23, 0
1259, 22, 2, 15, 25, 0
1259, 22, 0, 15, 26, 0
1259, 22, 3, 15, 29, 0
1259, 22, 3, 15, 31, 0
1259, 22, 3, 15, 33, 0
1259, 22, 3, 15, 35, 0
1259, 22, 2, 15, 52, 0
1259, 22, 2, 15, 53, 0
1259, 22, 1, 16, 0, 0
1259, 22, 3, 16, 1, 0
1259, 22, 1, 16, 2, 0
1259, 22, 3, 16, 3, 0
1259, 22, 2, 16, 4, 0
1259, 22, 0, 16, 7, 0
1259, 22, 1, 16, 8, 0
1259, 22, 1, 16, 10, 0
1259, 22, 1, 16, 11, 0
1259, 22, 2, 16, 13, 0
1259, 22, 0, 16, 24, 0
1259, 22, 3, 16, 27, 0
1259, 22, 0, 16, 29, 0
1259, 22, 1, 16, 32, 0
1259, 22, 1, 16, 33, 0
1259, 22, 1, 16, 34, 0
1259, 22, 2, 17, 1, 0
1259, 22, 3, 17, 2, 0
1259, 22, 3, 17, 3, 0
1259, 22, 0, 17, 4, 0
1259, 22, 2, 17, 6, 0
1259, 22, 0, 17, 8, 0
1259, 22, 0, 17, 9, 0
1259, 22, 2, 18, 0, 0
1259, 22, 3, 18, 2, 0
1259, 22, 0, 18, 4, 0
1259, 22, 1, 18, 5, 0
1259, 22, 2, 18, 7, 0
1259, 22, 1, 19, 0, 0
1259, 22, 2, 19, 1, 0
1259, 22, 0, 19, 2, 0
1259, 22, 0, 19, 3, 0
1259, 22, 1, 19, 5, 0
1259, 22, 3, 19, 6, 0
1259, 22, 2, 20, 0, 0
1259, 22, 3, 20, 2, 0
1259, 22, 0, 20, 3, 0
1259, 22, 2, 20, 5, 0
1259, 22, 2, 21, 0, 0
1259, 22, 3, 21, 1, 0
1259, 22, 3, 22, 0, 0
1259, 22, 1, 22, 1, 0
1259, 22, 0, 22, 3, 0
1259, 22, 3, 23, 1, 0
1259, 22, 1, 23, 2, 0
1259, 22, 3, 24, 0, 0
1259, 22, 1, 26, 0, 0
1286, 10, 1, 2, 56, 0
1286, 10, 0, 17, 61, 0
1286, 10, 3, 18, 45, 0
1286, 10, 2, 23, 8, 0
1341, 10, 3, 17, 58, 0
1341, 10, 1, 18, 38, 0
1341, 10, 2, 18, 49, 0
1341, 10, 0, 19, 13, 0
1341, 10, 3, 38, 1, 0
1383, 10, 0, 9, 62, 0
1383, 10, 1, 18, 52, 0
1383, 10, 2, 19, 34, 0
1383, 10, 3, 29, 3, 0
1383, 10, 1, 35, 1, 0
1384, 10, 0, 28, 35, 0
1384, 10, 1, 28, 43, 0
1384, 10, 3, 30, 25, 0
1384, 10, 2, 32, 53, 0
1384, 10, 0, 33, 12, 0
1384, 10, 3, 33, 19, 0
1384, 10, 0, 33, 61, 0
1384, 10, 3, 35, 9, 0
1384, 10, 3, 35, 55, 0
1384, 10, 2, 36, 16, 0
1384, 10, 1, 39, 13, 0
1384, 10, 2, 41, 20, 0
1384, 10, 2, 44, 13, 0
1384, 10, 2, 46, 5, 0
1384, 10, 3, 46, 10, 0
1384, 10, 1, 47, 41, 0
1384, 10, 0, 48, 36, 0
1384, 10, 2, 49, 8, 0
1384, 10, 1, 50, 3, 0
1384, 10, 3, 50, 11, 0
1384, 10, 0, 52, 11, 0
1384, 10, 1, 52, 19, 0
1384, 10, 0, 53, 7, 0
1384, 10, 0, 53, 16, 0
1384, 10, 1, 54, 5, 0
1384, 10, 1, 54, 13, 0
1384, 10, 0, 55, 8, 0
1384, 10, 3, 55, 35, 0
1384, 10, 2, 56, 11, 0
1384, 10, 0, 56, 14, 0
1384, 10, 0, 57, 3, 0
1384, 10, 2, 58, 7, 0
1384, 10, 1, 58, 48, 0
1384, 10, 3, 59, 10, 0
1384, 10, 1, 59, 14, 0
1384, 10, 1, 59, 15, 0
1384, 10, 3, 60, 4, 0
1384, 10, 0, 61, 19, 0
1384, 10, 3, 61, 42, 0
1384, 10, 2, 61, 57, 0
1384, 10, 2, 62, 12, 0
1390, 10, 3, 0, 47, 0
1390, 10, 0, 1, 27, 0
1390, 10, 1, 5, 4, 0
1390, 10, 1, 6, 41, 0
1390, 10, 1, 10, 48, 0
