184, 22, 2, 12, 17, 0
184, 22, 1, 12, 18, 0
184, 22, 0, 12, 19, 0
184, 22, 3, 12, 21, 0
184, 22, 2, 12, 22, 0
184, 22, 0, 12, 28, 0
184, 22, 1, 13, 13, 0
184, 22, 2, 18, 13, 0
184, 22, 3, 21, 12, 0
184, 22, 0, 24, 13, 0
184, 22, 2, 26, 12, 0
184, 22, 3, 35, 27, 0
184, 22, 0, 36, 27, 0
184, 22, 1, 38, 27, 0
184, 22, 2, 39, 27, 0
184, 22, 3, 42, 11, 0
184, 22, 0, 43, 27, 0
185, 22, 2, 2, 46, 0
185, 22, 2, 3, 44, 0
185, 22, 3, 4, 50, 0
185, 22, 0, 5, 45, 0
185, 22, 3, 6, 45, 0
185, 22, 1, 7, 46, 0
185, 22, 2, 9, 48, 0
185, 22, 2, 11, 10, 0
185, 22, 1, 11, 11, 0
185, 22, 1, 11, 13, 0
185, 22, 0, 11, 15, 0
185, 22, 1, 11, 18, 0
185, 22, 1, 11, 19, 0
185, 22, 0, 11, 21, 0
185, 22, 2, 11, 22, 0
185, 22, 3, 11, 25, 0
185, 22, 2, 11, 27, 0
185, 22, 3, 11, 28, 0
185, 22, 0, 11, 34, 0
185, 22, 3, 12, 10, 0
185, 22, 2, 12, 12, 0
185, 22, 0, 12, 13, 0
185, 22, 0, 12, 14, 0
185, 22, 3, 12, 16, 0
185, 22, 3, 12, 20, 0
185, 22, 3, 12, 23, 0
185, 22, 0, 12, 26, 0
185, 22, 0, 12, 29, 0
185, 22, 2, 13, 11, 0
185, 22, 1, 13, 12, 0
185, 22, 3, 13, 15, 0
185, 22, 2, 13, 16, 0
185, 22, 2, 13, 18, 0
185, 22, 3, 13, 20, 0
185, 22, 1, 13, 21, 0
185, 22, 3, 13, 27, 0
185, 22, 2, 13, 28, 0
185, 22, 1, 13, 29, 0
185, 22, 0, 13, 48, 0
185, 22, 3, 13, 54, 0
185, 22, 0, 14, 10, 0
185, 22, 1, 14, 12, 0
185, 22, 2, 14, 14, 0
185, 22, 2, 14, 28, 0
185, 22, 0, 14, 29, 0
185, 22, 0, 15, 12, 0
185, 22, 1, 15, 13, 0
185, 22, 3, 16, 29, 0
185, 22, 2, 17, 13, 0
185, 22, 1, 17, 47, 0
185, 22, 1, 18, 11, 0
185, 22, 0, 18, 12, 0
185, 22, 0, 18, 29, 0
185, 22, 1, 19, 13, 0
185, 22, 2, 19, 27, 0
185, 22, 1, 19, 28, 0
185, 22, 2, 20, 27, 0
185, 22, 1, 20, 28, 0
185, 22, 0, 21, 11, 0
185, 22, 2, 21, 13, 0
185, 22, 3, 21, 28, 0
185, 22, 0, 21, 29, 0
185, 22, 2, 22, 12, 0
185, 22, 2, 23, 53, 0
185, 22, 2, 24, 11, 0
185, 22, 1, 24, 12, 0
185, 22, 0, 25, 11, 0
185, 22, 0, 25, 12, 0
185, 22, 3, 25, 13, 0
185, 22, 1, 25, 29, 0
185, 22, 2, 26, 10, 0
185, 22, 0, 27, 10, 0
185, 22, 0, 27, 11, 0
185, 22, 2, 27, 12, 0
185, 22, 2, 27, 13, 0
185, 22, 1, 28, 12, 0
185, 22, 1, 28, 28, 0
185, 22, 3, 28, 48, 0
185, 22, 3, 29, 27, 0
185, 22, 2, 29, 29, 0
185, 22, 0, 29, 44, 0
185, 22, 2, 30, 12, 0
185, 22, 0, 30, 26, 0
185, 22, 2, 30, 27, 0
185, 22, 1, 31, 27, 0
185, 22, 3, 31, 28, 0
185, 22, 3, 31, 29, 0
185, 22, 1, 32, 12, 0
185, 22, 2, 32, 28, 0
185, 22, 0, 33, 11, 0
185, 22, 2, 33, 13, 0
185, 22, 3, 33, 27, 0
185, 22, 2, 33, 28, 0
185, 22, 3, 34, 12, 0
185, 22, 1, 34, 27, 0
185, 22, 3, 35, 11, 0
185, 22, 0, 35, 26, 0
185, 22, 2, 35, 28, 0
185, 22, 1, 35, 39, 0
185, 22, 1, 36, 28, 0
185, 22, 2, 36, 29, 0
185, 22, 1, 37, 26, 0
185, 22, 0, 37, 27, 0
185, 22, 2, 38, 26, 0
185, 22, 3, 38, 28, 0
185, 22, 1, 39, 10, 0
185, 22, 3, 39, 28, 0
185, 22, 0, 40, 10, 0
185, 22, 2, 40, 11, 0
185, 22, 0, 40, 27, 0
185, 22, 0, 41, 10, 0
185, 22, 3, 41, 11, 0
185, 22, 2, 41, 12, 0
185, 22, 0, 41, 27, 0
185, 22, 2, 41, 28, 0
185, 22, 2, 42, 12, 0
185, 22, 0, 42, 13, 0
185, 22, 2, 42, 23, 0
185, 22, 3, 42, 26, 0
185, 22, 0, 42, 27, 0
185, 22, 0, 42, 28, 0
185, 22, 1, 42, 29, 0
185, 22, 3, 43, 10, 0
185, 22, 0, 43, 11, 0
185, 22, 3, 43, 12, 0
185, 22, 0, 43, 25, 0
185, 22, 1, 43, 28, 0
185, 22, 1, 43, 29, 0
185, 22, 1, 44, 11, 0
185, 22, 1, 44, 12, 0
185, 22, 0, 44, 15, 0
185, 22, 1, 44, 18, 0
185, 22, 2, 44, 23, 0
185, 22, 1, 44, 25, 0
185, 22, 3, 44, 26, 0
185, 22, 2, 44, 28, 0
185, 22, 0, 44, 29, 0
185, 22, 1, 48, 3, 0
185, 22, 0, 48, 7, 0
185, 22, 2, 49, 3, 0
185, 22, 3, 49, 5, 0
185, 22, 1, 49, 9, 0
185, 22, 2, 50, 7, 0
186, 22, 3, 12, 27, 0
186, 22, 1, 13, 14, 0
186, 22, 0, 14, 13, 0
186, 22, 0, 26, 11, 0
186, 22, 2, 26, 13, 0
186, 22, 0, 29, 28, 0
186, 22, 2, 30, 28, 0
186, 22, 3, 30, 29, 0
186, 22, 1, 33, 12, 0
186, 22, 0, 42, 10, 0
186, 22, 3, 43, 26, 0
186, 22, 0, 44, 27, 0
354, 10, 1, 32, 37, 0
354, 10, 1, 33, 37, 0
354, 10, 0, 33, 41, 0
355, 10, 3, 32, 38, 0
355, 10, 0, 33, 36, 0
355, 10, 2, 33, 40, 0
355, 10, 1, 34, 36, 0
359, 10, 3, 32, 42, 0
360, 10, 3, 34, 41, 0
361, 10, 0, 32, 36, 0
366, 10, 3, 32, 39, 0
366, 10, 2, 32, 40, 0
366, 10, 3, 32, 41, 0
366, 10, 0, 33, 42, 0
366, 10, 1, 34, 42, 0
602, 10, 2, 46, 6, 0
652, 22, 0, 48, 49, 0
652, 22, 1, 51, 48, 0
653, 22, 3, 52, 45, 0
653, 22, 2, 56, 50, 0
654, 22, 0, 48, 45, 0
654, 22, 0, 54, 46, 0
671, 10, 2, 12, 39, 0
671, 10, 2, 15, 39, 0
671, 10, 2, 18, 39, 0
671, 10, 2, 21, 39, 0
671, 10, 2, 24, 39, 0
821, 10, 0, 12, 42, 0
821, 10, 0, 14, 42, 0
821, 10, 0, 16, 42, 0
821, 10, 0, 18, 42, 0
821, 10, 0, 20, 42, 0
821, 10, 0, 22, 42, 0
821, 10, 0, 24, 42, 0
822, 10, 0, 13, 42, 0
822, 10, 1, 15, 42, 0
822, 10, 2, 17, 42, 0
822, 10, 3, 19, 42, 0
822, 10, 0, 21, 42, 0
822, 10, 1, 23, 42, 0
822, 10, 2, 25, 42, 0
823, 10, 1, 54, 25, 0
823, 10, 1, 54, 27, 0
823, 10, 1, 54, 29, 0
823, 10, 1, 54, 31, 0
871, 10, 2, 35, 55, 0
871, 10, 2, 54, 36, 0
871, 10, 2, 54, 39, 0
871, 10, 2, 54, 42, 0
1088, 10, 2, 45, 6, 0
1088, 10, 2, 48, 44, 0
1088, 10, 0, 48, 50, 0
1088, 10, 2, 50, 44, 0
1088, 10, 0, 50, 50, 0
1088, 10, 2, 52, 44, 0
1088, 10, 0, 52, 50, 0
1088, 10, 2, 54, 44, 0
1088, 10, 0, 54, 50, 0
1530, 0, 2, 47, 47, 0
1620, 3, 1, 6, 6, 0
1620, 3, 2, 6, 7, 0
1620, 3, 1, 6, 8, 0
1620, 3, 2, 6, 9, 0
1620, 3, 1, 6, 40, 0
1620, 0, 2, 6, 41, 0
1620, 0, 2, 6, 42, 0
1620, 3, 2, 6, 43, 0
1620, 3, 0, 7, 6, 0
1620, 3, 3, 7, 7, 0
1620, 3, 0, 7, 8, 0
1620, 3, 3, 7, 9, 0
1620, 0, 1, 7, 40, 0
1620, 0, 3, 7, 43, 0
1620, 3, 1, 8, 6, 0
1620, 3, 2, 8, 7, 0
1620, 3, 1, 8, 8, 0
1620, 3, 2, 8, 9, 0
1620, 0, 1, 8, 40, 0
1620, 3, 0, 9, 6, 0
1620, 3, 3, 9, 7, 0
1620, 3, 0, 9, 8, 0
1620, 3, 3, 9, 9, 0
1620, 3, 0, 9, 40, 0
1620, 0, 0, 9, 41, 0
1620, 0, 0, 9, 42, 0
1620, 3, 3, 9, 43, 0
1620, 2, 3, 27, 25, 0
1620, 0, 0, 27, 27, 0
1620, 2, 0, 27, 29, 0
1620, 0, 3, 28, 25, 0
1620, 0, 1, 28, 29, 0
1620, 2, 2, 29, 25, 0
1620, 0, 2, 29, 27, 0
1620, 2, 1, 29, 29, 0
1620, 3, 1, 31, 35, 0
1620, 0, 2, 31, 36, 0
1620, 0, 2, 31, 37, 0
1620, 0, 2, 31, 38, 0
1620, 0, 2, 31, 39, 0
1620, 0, 2, 31, 40, 0
1620, 0, 2, 31, 41, 0
1620, 0, 2, 31, 42, 0
1620, 3, 2, 31, 43, 0
1620, 0, 1, 32, 35, 0
1620, 0, 3, 32, 43, 0
1620, 2, 3, 33, 10, 0
1620, 0, 0, 33, 12, 0
1620, 2, 0, 33, 14, 0
1620, 0, 1, 33, 35, 0
1620, 0, 3, 33, 43, 0
1620, 0, 3, 34, 10, 0
1620, 0, 1, 34, 14, 0
1620, 0, 1, 34, 35, 0
1620, 0, 3, 34, 43, 0
1620, 2, 2, 35, 10, 0
1620, 0, 2, 35, 12, 0
1620, 2, 1, 35, 14, 0
1620, 3, 0, 35, 35, 0
1620, 3, 0, 35, 37, 0
1620, 3, 3, 35, 41, 0
1620, 3, 3, 35, 43, 0
1620, 3, 1, 44, 5, 0
1620, 0, 2, 44, 6, 0
1620, 0, 2, 44, 7, 0
1620, 3, 2, 44, 8, 0
1620, 0, 1, 45, 5, 0
1620, 0, 3, 45, 8, 0
1620, 0, 1, 46, 5, 0
1620, 0, 3, 46, 8, 0
1620, 3, 0, 47, 5, 0
1620, 0, 0, 47, 6, 0
1620, 3, 3, 47, 8, 0
1620, 3, 1, 47, 43, 0
1620, 0, 2, 47, 44, 0
1620, 0, 2, 47, 45, 0
1620, 0, 2, 47, 46, 0
1620, 0, 2, 47, 48, 0
1620, 0, 2, 47, 49, 0
1620, 0, 2, 47, 50, 0
1620, 3, 2, 47, 51, 0
1620, 0, 1, 48, 43, 0
1620, 0, 3, 48, 51, 0
1620, 0, 1, 49, 43, 0
1620, 0, 3, 49, 51, 0
1620, 0, 1, 50, 43, 0
1620, 0, 3, 50, 51, 0
1620, 0, 1, 51, 43, 0
1620, 0, 3, 51, 51, 0
1620, 0, 1, 52, 43, 0
1620, 0, 3, 52, 51, 0
1620, 0, 1, 53, 43, 0
1620, 0, 3, 53, 51, 0
1620, 3, 1, 54, 5, 0
1620, 3, 2, 54, 6, 0
1620, 3, 1, 54, 7, 0
1620, 3, 2, 54, 8, 0
1620, 0, 1, 54, 43, 0
1620, 0, 3, 54, 51, 0
1620, 3, 0, 55, 5, 0
1620, 3, 3, 55, 6, 0
1620, 3, 0, 55, 7, 0
1620, 3, 3, 55, 8, 0
1620, 0, 1, 55, 43, 0
1620, 0, 3, 55, 51, 0
1620, 3, 1, 55, 56, 0
1620, 3, 2, 55, 57, 0
1620, 3, 1, 55, 58, 0
1620, 3, 2, 55, 59, 0
1620, 3, 1, 56, 5, 0
1620, 3, 2, 56, 6, 0
1620, 3, 1, 56, 7, 0
1620, 3, 2, 56, 8, 0
1620, 0, 1, 56, 43, 0
1620, 0, 3, 56, 51, 0
1620, 3, 0, 56, 56, 0
1620, 3, 3, 56, 57, 0
1620, 3, 0, 56, 58, 0
1620, 3, 3, 56, 59, 0
1620, 3, 0, 57, 5, 0
1620, 3, 3, 57, 6, 0
1620, 3, 0, 57, 7, 0
1620, 3, 3, 57, 8, 0
1620, 3, 0, 57, 43, 0
1620, 0, 0, 57, 44, 0
1620, 0, 0, 57, 45, 0
1620, 0, 0, 57, 46, 0
1620, 0, 0, 57, 47, 0
1620, 0, 0, 57, 48, 0
1620, 0, 0, 57, 49, 0
1620, 0, 0, 57, 50, 0
1620, 3, 3, 57, 51, 0
1620, 3, 1, 57, 56, 0
1620, 3, 2, 57, 57, 0
1620, 3, 1, 57, 58, 0
1620, 3, 2, 57, 59, 0
1620, 3, 0, 58, 56, 0
1620, 3, 3, 58, 57, 0
1620, 3, 0, 58, 58, 0
1620, 3, 3, 58, 59, 0
1620, 3, 1, 6, 40, 1
1620, 0, 2, 6, 41, 1
1620, 0, 2, 6, 42, 1
1620, 3, 2, 6, 43, 1
1620, 3, 3, 7, 7, 1
1620, 3, 0, 7, 8, 1
1620, 0, 1, 7, 40, 1
1620, 0, 3, 7, 43, 1
1620, 3, 2, 8, 7, 1
1620, 3, 1, 8, 8, 1
1620, 0, 1, 8, 40, 1
1620, 0, 3, 8, 43, 1
1620, 3, 0, 9, 40, 1
1620, 0, 0, 9, 41, 1
1620, 0, 0, 9, 42, 1
1620, 3, 3, 9, 43, 1
1620, 3, 3, 55, 6, 1
1620, 3, 0, 55, 7, 1
1620, 3, 2, 56, 6, 1
1620, 3, 1, 56, 7, 1
1620, 3, 3, 56, 57, 1
1620, 3, 0, 56, 58, 1
1620, 3, 2, 57, 57, 1
1620, 3, 1, 57, 58, 1
1620, 3, 3, 7, 7, 2
1620, 3, 0, 7, 8, 2
1620, 3, 3, 7, 41, 2
1620, 3, 0, 7, 42, 2
1620, 3, 2, 8, 7, 2
1620, 3, 1, 8, 8, 2
1620, 3, 2, 8, 41, 2
1620, 3, 1, 8, 42, 2
1620, 3, 3, 55, 6, 2
1620, 3, 0, 55, 7, 2
1620, 3, 2, 56, 6, 2
1620, 3, 1, 56, 7, 2
1620, 3, 3, 56, 57, 2
1620, 3, 0, 56, 58, 2
1620, 3, 2, 57, 57, 2
1620, 3, 1, 57, 58, 2
1640, 16, 1, 27, 25, 1
1640, 12, 2, 27, 26, 1
1640, 12, 2, 27, 27, 1
1640, 12, 2, 27, 28, 1
1640, 16, 2, 27, 29, 1
1640, 12, 1, 28, 25, 1
1640, 17, 3, 28, 26, 1
1640, 17, 3, 28, 27, 1
1640, 17, 3, 28, 28, 1
1640, 12, 3, 28, 29, 1
1640, 16, 0, 29, 25, 1
1640, 12, 0, 29, 26, 1
1640, 12, 0, 29, 27, 1
1640, 12, 0, 29, 28, 1
1640, 16, 3, 29, 29, 1
1640, 16, 1, 32, 36, 1
1640, 12, 2, 32, 37, 1
1640, 12, 2, 32, 38, 1
1640, 12, 2, 32, 39, 1
1640, 12, 2, 32, 40, 1
1640, 12, 2, 32, 41, 1
1640, 16, 2, 32, 42, 1
1640, 16, 1, 33, 10, 1
1640, 12, 2, 33, 11, 1
1640, 12, 2, 33, 12, 1
1640, 12, 2, 33, 13, 1
1640, 16, 2, 33, 14, 1
1640, 12, 1, 33, 36, 1
1640, 17, 3, 33, 37, 1
1640, 17, 3, 33, 38, 1
1640, 17, 3, 33, 39, 1
1640, 17, 3, 33, 40, 1
1640, 17, 3, 33, 41, 1
1640, 12, 3, 33, 42, 1
1640, 12, 1, 34, 10, 1
1640, 17, 2, 34, 11, 1
1640, 17, 2, 34, 12, 1
1640, 17, 2, 34, 13, 1
1640, 12, 3, 34, 14, 1
1640, 16, 0, 34, 36, 1
1640, 12, 0, 34, 37, 1
1640, 12, 0, 34, 38, 1
1640, 12, 0, 34, 39, 1
1640, 12, 0, 34, 40, 1
1640, 12, 0, 34, 41, 1
1640, 16, 3, 34, 42, 1
1640, 16, 0, 35, 10, 1
1640, 12, 0, 35, 11, 1
1640, 12, 0, 35, 12, 1
1640, 12, 0, 35, 13, 1
1640, 16, 3, 35, 14, 1
1640, 16, 1, 48, 44, 1
1640, 12, 2, 48, 45, 1
1640, 12, 2, 48, 46, 1
1640, 12, 2, 48, 47, 1
1640, 12, 2, 48, 48, 1
1640, 12, 2, 48, 49, 1
1640, 16, 2, 48, 50, 1
1640, 12, 1, 49, 44, 1
1640, 12, 3, 49, 50, 1
1640, 12, 1, 50, 44, 1
1640, 12, 3, 50, 50, 1
1640, 12, 1, 51, 44, 1
1640, 12, 3, 51, 50, 1
1640, 12, 1, 52, 44, 1
1640, 12, 3, 52, 50, 1
1640, 12, 1, 53, 44, 1
1640, 12, 3, 53, 50, 1
1640, 12, 1, 54, 44, 1
1640, 12, 3, 54, 50, 1
1640, 12, 1, 55, 44, 1
1640, 12, 3, 55, 50, 1
1640, 16, 0, 56, 44, 1
1640, 12, 0, 56, 45, 1
1640, 12, 0, 56, 46, 1
1640, 12, 0, 56, 47, 1
1640, 12, 0, 56, 48, 1
1640, 12, 0, 56, 49, 1
1640, 16, 3, 56, 50, 1
1640, 16, 1, 49, 45, 2
1640, 12, 2, 49, 46, 2
1640, 12, 2, 49, 47, 2
1640, 12, 2, 49, 48, 2
1640, 16, 2, 49, 49, 2
1640, 12, 1, 50, 45, 2
1640, 12, 3, 50, 49, 2
1640, 12, 1, 51, 45, 2
1640, 12, 3, 51, 49, 2
1640, 12, 1, 52, 45, 2
1640, 12, 3, 52, 49, 2
1640, 12, 1, 53, 45, 2
1640, 12, 3, 53, 49, 2
1640, 12, 1, 54, 45, 2
1640, 12, 3, 54, 49, 2
1640, 16, 0, 55, 45, 2
1640, 12, 0, 55, 46, 2
1640, 12, 0, 55, 47, 2
1640, 12, 0, 55, 48, 2
1640, 16, 3, 55, 49, 2
1640, 16, 1, 50, 46, 3
1640, 12, 2, 50, 47, 3
1640, 16, 2, 50, 48, 3
1640, 12, 1, 51, 46, 3
1640, 17, 3, 51, 47, 3
1640, 12, 3, 51, 48, 3
1640, 12, 1, 52, 46, 3
1640, 17, 3, 52, 47, 3
1640, 12, 3, 52, 48, 3
1640, 12, 1, 53, 46, 3
1640, 17, 3, 53, 47, 3
1640, 12, 3, 53, 48, 3
1640, 16, 0, 54, 46, 3
1640, 12, 0, 54, 47, 3
1640, 16, 3, 54, 48, 3
1640, 16, 1, 56, 57, 3
1640, 16, 2, 56, 58, 3
1640, 16, 0, 57, 57, 3
1640, 16, 3, 57, 58, 3
1695, 3, 1, 6, 6, 2
1695, 0, 2, 6, 7, 2
1695, 0, 2, 6, 8, 2
1695, 3, 2, 6, 9, 2
1695, 3, 1, 6, 40, 2
1695, 0, 2, 6, 41, 2
1695, 0, 2, 6, 42, 2
1695, 3, 2, 6, 43, 2
1695, 0, 1, 7, 6, 2
1695, 0, 3, 7, 9, 2
1695, 0, 1, 7, 40, 2
1695, 0, 3, 7, 43, 2
1695, 0, 1, 8, 6, 2
1695, 0, 3, 8, 9, 2
1695, 0, 1, 8, 40, 2
1695, 0, 3, 8, 43, 2
1695, 3, 0, 9, 6, 2
1695, 0, 0, 9, 7, 2
1695, 0, 0, 9, 8, 2
1695, 3, 3, 9, 9, 2
1695, 3, 0, 9, 40, 2
1695, 0, 0, 9, 41, 2
1695, 0, 0, 9, 42, 2
1695, 3, 3, 9, 43, 2
1695, 3, 1, 54, 5, 2
1695, 0, 2, 54, 6, 2
1695, 0, 2, 54, 7, 2
1695, 3, 2, 54, 8, 2
1695, 0, 1, 55, 5, 2
1695, 0, 3, 55, 8, 2
1695, 3, 1, 55, 56, 2
1695, 0, 2, 55, 57, 2
1695, 0, 2, 55, 58, 2
1695, 3, 2, 55, 59, 2
1695, 0, 1, 56, 5, 2
1695, 0, 3, 56, 8, 2
1695, 0, 1, 56, 56, 2
1695, 0, 3, 56, 59, 2
1695, 3, 0, 57, 5, 2
1695, 0, 0, 57, 6, 2
1695, 0, 0, 57, 7, 2
1695, 3, 3, 57, 8, 2
1695, 0, 1, 57, 56, 2
1695, 0, 3, 57, 59, 2
1695, 3, 0, 58, 56, 2
1695, 0, 0, 58, 57, 2
1695, 0, 0, 58, 58, 2
1695, 3, 3, 58, 59, 2
1793, 21, 1, 26, 24, 1
1793, 18, 2, 26, 25, 1
1793, 18, 2, 26, 26, 1
1793, 18, 2, 26, 27, 1
1793, 18, 2, 26, 28, 1
1793, 18, 2, 26, 29, 1
1793, 21, 2, 26, 30, 1
1793, 18, 1, 27, 24, 1
1793, 18, 3, 27, 30, 1
1793, 18, 1, 28, 24, 1
1793, 18, 3, 28, 30, 1
1793, 18, 1, 29, 24, 1
1793, 18, 3, 29, 30, 1
1793, 21, 0, 30, 24, 1
1793, 18, 0, 30, 25, 1
1793, 18, 0, 30, 26, 1
1793, 18, 0, 30, 27, 1
1793, 18, 0, 30, 28, 1
1793, 18, 0, 30, 29, 1
1793, 21, 3, 30, 30, 1
1793, 21, 1, 31, 35, 1
1793, 18, 2, 31, 36, 1
1793, 18, 2, 31, 37, 1
1793, 18, 2, 31, 38, 1
1793, 18, 2, 31, 39, 1
1793, 18, 2, 31, 40, 1
1793, 18, 2, 31, 41, 1
1793, 18, 2, 31, 42, 1
1793, 21, 2, 31, 43, 1
1793, 21, 1, 32, 9, 1
1793, 18, 2, 32, 10, 1
1793, 18, 2, 32, 11, 1
1793, 18, 2, 32, 12, 1
1793, 18, 2, 32, 13, 1
1793, 18, 2, 32, 14, 1
1793, 21, 2, 32, 15, 1
1793, 18, 1, 32, 35, 1
1793, 18, 3, 32, 43, 1
1793, 18, 1, 33, 9, 1
1793, 18, 3, 33, 15, 1
1793, 18, 1, 33, 35, 1
1793, 18, 3, 33, 43, 1
1793, 18, 1, 34, 9, 1
1793, 18, 3, 34, 15, 1
1793, 18, 1, 34, 35, 1
1793, 18, 3, 34, 43, 1
1793, 18, 1, 35, 9, 1
1793, 18, 3, 35, 15, 1
1793, 21, 0, 35, 35, 1
1793, 18, 0, 35, 36, 1
1793, 18, 0, 35, 37, 1
1793, 18, 0, 35, 38, 1
1793, 18, 0, 35, 39, 1
1793, 18, 0, 35, 40, 1
1793, 18, 0, 35, 41, 1
1793, 18, 0, 35, 42, 1
1793, 21, 3, 35, 43, 1
1793, 21, 0, 36, 9, 1
1793, 18, 0, 36, 10, 1
1793, 18, 0, 36, 11, 1
1793, 18, 0, 36, 12, 1
1793, 18, 0, 36, 13, 1
1793, 18, 0, 36, 14, 1
1793, 21, 3, 36, 15, 1
1793, 21, 1, 44, 5, 1
1793, 18, 2, 44, 6, 1
1793, 18, 2, 44, 7, 1
1793, 21, 2, 44, 8, 1
1793, 18, 1, 45, 5, 1
1793, 18, 3, 45, 8, 1
1793, 18, 1, 46, 5, 1
1793, 18, 3, 46, 8, 1
1793, 21, 0, 47, 5, 1
1793, 18, 0, 47, 6, 1
1793, 18, 0, 47, 7, 1
1793, 21, 3, 47, 8, 1
1793, 21, 1, 47, 43, 1
1793, 18, 2, 47, 44, 1
1793, 18, 2, 47, 45, 1
1793, 18, 2, 47, 46, 1
1793, 18, 2, 47, 47, 1
1793, 18, 2, 47, 48, 1
1793, 18, 2, 47, 49, 1
1793, 18, 2, 47, 50, 1
1793, 21, 2, 47, 51, 1
1793, 18, 1, 48, 43, 1
1793, 18, 3, 48, 51, 1
1793, 18, 1, 49, 43, 1
1793, 18, 3, 49, 51, 1
1793, 18, 1, 50, 43, 1
1793, 18, 3, 50, 51, 1
1793, 18, 1, 51, 43, 1
1793, 18, 3, 51, 51, 1
1793, 18, 1, 52, 43, 1
1793, 18, 3, 52, 51, 1
1793, 18, 1, 53, 43, 1
1793, 18, 3, 53, 51, 1
1793, 18, 1, 54, 43, 1
1793, 18, 3, 54, 51, 1
1793, 18, 1, 55, 43, 1
1793, 18, 3, 55, 51, 1
1793, 18, 1, 56, 43, 1
1793, 18, 3, 56, 51, 1
1793, 21, 0, 57, 43, 1
1793, 18, 0, 57, 44, 1
1793, 18, 0, 57, 45, 1
1793, 18, 0, 57, 46, 1
1793, 18, 0, 57, 47, 1
1793, 18, 0, 57, 48, 1
1793, 18, 0, 57, 49, 1
1793, 18, 0, 57, 50, 1
1793, 21, 3, 57, 51, 1
1793, 21, 1, 6, 6, 3
1793, 18, 2, 6, 7, 3
1793, 18, 2, 6, 8, 3
1793, 21, 2, 6, 9, 3
1793, 21, 1, 6, 40, 3
1793, 18, 2, 6, 41, 3
1793, 18, 2, 6, 42, 3
1793, 21, 2, 6, 43, 3
1793, 18, 1, 7, 6, 3
1793, 18, 3, 7, 9, 3
1793, 18, 1, 7, 40, 3
1793, 18, 3, 7, 43, 3
1793, 18, 1, 8, 6, 3
1793, 18, 3, 8, 9, 3
1793, 18, 1, 8, 40, 3
1793, 18, 3, 8, 43, 3
1793, 21, 0, 9, 6, 3
1793, 18, 0, 9, 7, 3
1793, 18, 0, 9, 8, 3
1793, 21, 3, 9, 9, 3
1793, 21, 0, 9, 40, 3
1793, 18, 0, 9, 41, 3
1793, 18, 0, 9, 42, 3
1793, 21, 3, 9, 43, 3
1793, 21, 1, 54, 5, 3
1793, 18, 2, 54, 6, 3
1793, 18, 2, 54, 7, 3
1793, 21, 2, 54, 8, 3
1793, 18, 1, 55, 5, 3
1793, 18, 3, 55, 8, 3
1793, 21, 1, 55, 56, 3
1793, 18, 2, 55, 57, 3
1793, 18, 2, 55, 58, 3
1793, 21, 2, 55, 59, 3
1793, 18, 1, 56, 5, 3
1793, 18, 3, 56, 8, 3
1793, 18, 1, 56, 56, 3
1793, 18, 3, 56, 59, 3
1793, 21, 0, 57, 5, 3
1793, 18, 0, 57, 6, 3
1793, 18, 0, 57, 7, 3
1793, 21, 3, 57, 8, 3
1793, 18, 1, 57, 56, 3
1793, 18, 3, 57, 59, 3
1793, 21, 0, 58, 56, 3
1793, 18, 0, 58, 57, 3
1793, 18, 0, 58, 58, 3
1793, 21, 3, 58, 59, 3
1821, 5, 2, 6, 41, 0
1821, 4, 0, 7, 41, 0
1821, 5, 1, 46, 5, 0
1821, 4, 3, 46, 6, 0
1821, 5, 2, 47, 45, 0
1821, 5, 2, 47, 49, 0
1821, 4, 0, 48, 45, 0
1821, 4, 0, 48, 49, 0
1821, 5, 1, 49, 43, 0
1821, 4, 3, 49, 44, 0
1821, 4, 1, 49, 50, 0
1821, 5, 3, 49, 51, 0
1821, 5, 1, 51, 43, 0
1821, 4, 3, 51, 44, 0
1821, 4, 1, 51, 50, 0
1821, 5, 3, 51, 51, 0
1821, 5, 1, 53, 43, 0
1821, 4, 3, 53, 44, 0
1821, 4, 1, 53, 50, 0
1821, 5, 3, 53, 51, 0
1821, 5, 1, 55, 43, 0
1821, 4, 3, 55, 44, 0
1821, 4, 1, 55, 50, 0
1821, 5, 3, 55, 51, 0
1821, 4, 2, 56, 45, 0
1821, 4, 2, 56, 49, 0
1821, 5, 0, 57, 45, 0
1821, 5, 0, 57, 49, 0
1933, 16, 1, 45, 6, 1
1933, 16, 2, 45, 7, 1
1933, 16, 0, 46, 6, 1
1933, 16, 3, 46, 7, 1
1933, 16, 1, 7, 7, 3
1933, 16, 2, 7, 8, 3
1933, 16, 1, 7, 41, 3
1933, 16, 2, 7, 42, 3
1933, 16, 0, 8, 7, 3
1933, 16, 3, 8, 8, 3
1933, 16, 0, 8, 41, 3
1933, 16, 3, 8, 42, 3
1933, 16, 1, 55, 6, 3
1933, 16, 2, 55, 7, 3
1933, 16, 0, 56, 6, 3
1933, 16, 3, 56, 7, 3
3159, 10, 2, 49, 44, 0
3159, 10, 0, 49, 49, 0
3159, 10, 2, 51, 44, 0
3159, 10, 0, 51, 49, 0
3159, 10, 2, 53, 44, 0
3159, 10, 0, 53, 49, 0
3159, 10, 2, 55, 44, 0
3159, 10, 0, 55, 49, 0
3471, 22, 2, 53, 27, 0
3471, 22, 1, 53, 28, 0
3471, 22, 3, 54, 24, 0
3472, 22, 0, 53, 22, 0
3732, 0, 1, 51, 13, 0
3732, 0, 3, 51, 23, 0
3732, 0, 1, 52, 13, 0
3732, 0, 3, 52, 23, 0
3732, 0, 1, 53, 13, 0
3732, 0, 3, 53, 23, 0
3732, 0, 1, 54, 13, 0
3732, 0, 3, 54, 23, 0
3732, 0, 1, 55, 13, 0
3732, 0, 3, 55, 23, 0
3732, 0, 0, 56, 14, 0
3732, 0, 0, 56, 15, 0
3732, 0, 0, 56, 16, 0
3732, 0, 0, 56, 17, 0
3732, 0, 0, 56, 18, 0
3732, 0, 0, 56, 19, 0
3732, 0, 0, 56, 20, 0
3732, 0, 0, 56, 21, 0
3732, 0, 0, 56, 22, 0
4735, 22, 0, 2, 5, 0
4735, 22, 3, 2, 10, 0
4735, 22, 0, 2, 19, 0
4735, 22, 2, 2, 25, 0
4735, 22, 1, 2, 27, 0
4735, 22, 0, 2, 33, 0
4735, 22, 3, 2, 37, 0
4735, 22, 1, 2, 40, 0
4735, 22, 0, 2, 42, 0
4735, 22, 1, 2, 50, 0
4735, 22, 3, 2, 55, 0
4735, 22, 2, 2, 58, 0
4735, 22, 1, 2, 60, 0
4735, 22, 1, 3, 3, 0
4735, 22, 2, 3, 12, 0
4735, 22, 1, 3, 15, 0
4735, 22, 3, 3, 22, 0
4735, 22, 1, 3, 25, 0
4735, 22, 1, 3, 27, 0
4735, 22, 0, 3, 29, 0
4735, 22, 3, 3, 32, 0
4735, 22, 2, 3, 35, 0
4735, 22, 2, 3, 38, 0
4735, 22, 2, 3, 42, 0
4735, 22, 3, 3, 47, 0
4735, 22, 2, 3, 48, 0
4735, 22, 0, 3, 52, 0
4735, 22, 0, 3, 56, 0
4735, 22, 3, 3, 57, 0
4735, 22, 2, 4, 3, 0
4735, 22, 2, 4, 15, 0
4735, 22, 3, 4, 17, 0
4735, 22, 2, 4, 19, 0
4735, 22, 3, 4, 28, 0
4735, 22, 3, 4, 41, 0
4735, 22, 0, 4, 43, 0
4735, 22, 1, 4, 48, 0
4735, 22, 3, 4, 54, 0
4735, 22, 2, 4, 55, 0
4735, 22, 2, 4, 56, 0
4735, 22, 3, 4, 57, 0
4735, 22, 0, 4, 61, 0
4735, 22, 2, 5, 3, 0
4735, 22, 1, 5, 5, 0
4735, 22, 0, 5, 7, 0
4735, 22, 3, 5, 9, 0
4735, 22, 1, 5, 11, 0
4735, 22, 2, 5, 16, 0
4735, 22, 2, 5, 17, 0
4735, 22, 3, 5, 18, 0
4735, 22, 0, 5, 19, 0
4735, 22, 2, 5, 27, 0
4735, 22, 0, 5, 29, 0
4735, 22, 0, 5, 30, 0
4735, 22, 2, 5, 35, 0
4735, 22, 2, 5, 36, 0
4735, 22, 2, 5, 38, 0
4735, 22, 0, 5, 41, 0
4735, 22, 3, 5, 43, 0
4735, 22, 2, 5, 48, 0
4735, 22, 2, 5, 49, 0
4735, 22, 0, 5, 50, 0
4735, 22, 0, 5, 51, 0
4735, 22, 3, 5, 52, 0
4735, 22, 2, 5, 54, 0
4735, 22, 1, 5, 57, 0
4735, 22, 3, 6, 2, 0
4735, 22, 1, 6, 7, 0
4735, 22, 2, 6, 8, 0
4735, 22, 3, 6, 10, 0
4735, 22, 1, 6, 17, 0
4735, 22, 2, 6, 19, 0
4735, 22, 2, 6, 20, 0
4735, 22, 1, 6, 22, 0
4735, 22, 2, 6, 23, 0
4735, 22, 2, 6, 24, 0
4735, 22, 1, 6, 28, 0
4735, 22, 0, 6, 29, 0
4735, 22, 3, 6, 30, 0
4735, 22, 2, 6, 32, 0
4735, 22, 1, 6, 35, 0
4735, 22, 3, 6, 37, 0
4735, 22, 0, 6, 59, 0
4735, 22, 1, 6, 60, 0
4735, 22, 1, 7, 5, 0
4735, 22, 3, 7, 9, 0
4735, 22, 2, 7, 11, 0
4735, 22, 0, 7, 16, 0
4735, 22, 1, 7, 17, 0
4735, 22, 0, 7, 18, 0
4735, 22, 3, 7, 19, 0
4735, 22, 0, 7, 22, 0
4735, 22, 1, 7, 24, 0
4735, 22, 3, 7, 27, 0
4735, 22, 2, 7, 28, 0
4735, 22, 0, 7, 29, 0
4735, 22, 1, 7, 33, 0
4735, 22, 0, 7, 34, 0
4735, 22, 0, 7, 36, 0
4735, 22, 1, 7, 38, 0
4735, 22, 0, 7, 48, 0
4735, 22, 2, 7, 60, 0
4735, 22, 0, 8, 5, 0
4735, 22, 2, 8, 9, 0
4735, 22, 2, 8, 10, 0
4735, 22, 0, 8, 22, 0
4735, 22, 2, 8, 24, 0
4735, 22, 0, 8, 25, 0
4735, 22, 1, 8, 29, 0
4735, 22, 2, 8, 33, 0
4735, 22, 2, 8, 58, 0
4735, 22, 2, 8, 60, 0
4735, 22, 3, 8, 61, 0
4735, 22, 1, 9, 5, 0
4735, 22, 3, 9, 10, 0
4735, 22, 1, 9, 18, 0
4735, 22, 3, 9, 23, 0
4735, 22, 1, 9, 24, 0
4735, 22, 2, 9, 28, 0
4735, 22, 3, 9, 33, 0
4735, 22, 0, 10, 2, 0
4735, 22, 2, 10, 5, 0
4735, 22, 2, 10, 6, 0
4735, 22, 0, 10, 7, 0
4735, 22, 3, 10, 8, 0
4735, 22, 2, 10, 13, 0
4735, 22, 1, 10, 15, 0
4735, 22, 0, 10, 17, 0
4735, 22, 3, 10, 21, 0
4735, 22, 2, 10, 22, 0
4735, 22, 1, 10, 28, 0
4735, 22, 3, 10, 29, 0
4735, 22, 3, 10, 30, 0
4735, 22, 0, 10, 31, 0
4735, 22, 0, 10, 34, 0
4735, 22, 3, 10, 36, 0
4735, 22, 2, 10, 38, 0
4735, 22, 0, 10, 41, 0
4735, 22, 3, 10, 43, 0
4735, 22, 1, 10, 58, 0
4735, 22, 3, 11, 30, 0
4735, 22, 3, 11, 32, 0
4735, 22, 1, 11, 39, 0
4735, 22, 1, 11, 40, 0
4735, 22, 2, 11, 44, 0
4735, 22, 3, 11, 60, 0
4735, 22, 2, 11, 61, 0
4735, 22, 3, 12, 7, 0
4735, 22, 2, 12, 31, 0
4735, 22, 0, 12, 34, 0
4735, 22, 1, 12, 48, 0
4735, 22, 0, 12, 58, 0
4735, 22, 0, 12, 60, 0
4735, 22, 1, 13, 3, 0
4735, 22, 0, 13, 9, 0
4735, 22, 0, 13, 30, 0
4735, 22, 3, 13, 45, 0
4735, 22, 2, 13, 49, 0
4735, 22, 3, 13, 57, 0
4735, 22, 3, 13, 60, 0
4735, 22, 2, 14, 4, 0
4735, 22, 1, 14, 5, 0
4735, 22, 2, 14, 31, 0
4735, 22, 1, 14, 35, 0
4735, 22, 3, 14, 45, 0
4735, 22, 2, 14, 49, 0
4735, 22, 1, 14, 52, 0
4735, 22, 0, 14, 55, 0
4735, 22, 0, 14, 56, 0
4735, 22, 3, 14, 58, 0
4735, 22, 1, 14, 60, 0
4735, 22, 0, 14, 61, 0
4735, 22, 0, 15, 7, 0
4735, 22, 0, 15, 18, 0
4735, 22, 2, 15, 21, 0
4735, 22, 1, 15, 35, 0
4735, 22, 0, 15, 44, 0
4735, 22, 2, 16, 3, 0
4735, 22, 0, 16, 5, 0
4735, 22, 2, 16, 6, 0
4735, 22, 1, 16, 9, 0
4735, 22, 1, 16, 19, 0
4735, 22, 3, 16, 20, 0
4735, 22, 1, 16, 21, 0
4735, 22, 0, 16, 22, 0
4735, 22, 2, 16, 32, 0
4735, 22, 2, 16, 34, 0
4735, 22, 3, 16, 48, 0
4735, 22, 0, 16, 61, 0
4735, 22, 0, 17, 5, 0
4735, 22, 2, 17, 17, 0
4735, 22, 0, 17, 21, 0
4735, 22, 0, 17, 22, 0
4735, 22, 0, 17, 30, 0
4735, 22, 1, 17, 31, 0
4735, 22, 3, 17, 32, 0
4735, 22, 3, 18, 2, 0
4735, 22, 0, 18, 15, 0
4735, 22, 3, 18, 16, 0
4735, 22, 3, 18, 19, 0
4735, 22, 3, 18, 21, 0
4735, 22, 3, 18, 22, 0
4735, 22, 3, 18, 23, 0
4735, 22, 1, 18, 24, 0
4735, 22, 0, 18, 25, 0
4735, 22, 0, 18, 30, 0
4735, 22, 2, 18, 31, 0
4735, 22, 3, 18, 32, 0
4735, 22, 0, 18, 33, 0
4735, 22, 3, 18, 35, 0
4735, 22, 0, 18, 58, 0
4735, 22, 1, 18, 59, 0
4735, 22, 2, 18, 60, 0
4735, 22, 3, 18, 61, 0
4735, 22, 0, 19, 5, 0
4735, 22, 0, 19, 20, 0
4735, 22, 2, 19, 22, 0
4735, 22, 1, 19, 23, 0
4735, 22, 1, 19, 24, 0
4735, 22, 1, 19, 25, 0
4735, 22, 1, 19, 45, 0
4735, 22, 0, 19, 48, 0
4735, 22, 1, 19, 59, 0
4735, 22, 0, 20, 5, 0
4735, 22, 2, 20, 6, 0
4735, 22, 1, 20, 15, 0
4735, 22, 0, 20, 29, 0
4735, 22, 1, 20, 30, 0
4735, 22, 1, 20, 34, 0
4735, 22, 1, 20, 48, 0
4735, 22, 3, 20, 60, 0
4735, 22, 0, 21, 3, 0
4735, 22, 3, 21, 4, 0
4735, 22, 0, 21, 5, 0
4735, 22, 1, 21, 6, 0
4735, 22, 3, 21, 8, 0
4735, 22, 3, 21, 20, 0
4735, 22, 3, 21, 24, 0
4735, 22, 2, 21, 25, 0
4735, 22, 1, 21, 30, 0
4735, 22, 0, 21, 34, 0
4735, 22, 2, 21, 58, 0
4735, 22, 2, 22, 15, 0
4735, 22, 2, 22, 18, 0
4735, 22, 1, 22, 20, 0
4735, 22, 0, 22, 24, 0
4735, 22, 2, 22, 48, 0
4735, 22, 3, 22, 50, 0
4735, 22, 0, 22, 55, 0
4735, 22, 1, 22, 58, 0
4735, 22, 3, 23, 4, 0
4735, 22, 3, 23, 8, 0
4735, 22, 3, 23, 17, 0
4735, 22, 1, 23, 22, 0
4735, 22, 1, 23, 23, 0
4735, 22, 2, 23, 30, 0
4735, 22, 1, 23, 32, 0
4735, 22, 0, 23, 33, 0
4735, 22, 2, 23, 45, 0
4735, 22, 2, 23, 48, 0
4735, 22, 1, 23, 51, 0
4735, 22, 0, 23, 55, 0
4735, 22, 2, 23, 61, 0
4735, 22, 3, 24, 4, 0
4735, 22, 0, 24, 8, 0
4735, 22, 2, 24, 9, 0
4735, 22, 1, 24, 21, 0
4735, 22, 1, 24, 34, 0
4735, 22, 3, 24, 44, 0
4735, 22, 3, 24, 48, 0
4735, 22, 3, 24, 58, 0
4735, 22, 2, 25, 5, 0
4735, 22, 1, 25, 7, 0
4735, 22, 3, 25, 15, 0
4735, 22, 1, 25, 17, 0
4735, 22, 0, 25, 18, 0
4735, 22, 2, 25, 35, 0
4735, 22, 3, 25, 48, 0
4735, 22, 1, 25, 60, 0
4735, 22, 1, 26, 3, 0
4735, 22, 2, 26, 6, 0
4735, 22, 1, 26, 17, 0
4735, 22, 2, 26, 18, 0
4735, 22, 2, 26, 21, 0
4735, 22, 0, 26, 23, 0
4735, 22, 1, 26, 32, 0
4735, 22, 1, 26, 43, 0
4735, 22, 0, 26, 44, 0
4735, 22, 2, 27, 15, 0
4735, 22, 3, 27, 18, 0
4735, 22, 3, 27, 19, 0
4735, 22, 0, 27, 32, 0
4735, 22, 2, 27, 35, 0
4735, 22, 1, 27, 37, 0
4735, 22, 3, 27, 41, 0
4735, 22, 0, 27, 42, 0
4735, 22, 1, 27, 60, 0
4735, 22, 2, 28, 6, 0
4735, 22, 3, 28, 17, 0
4735, 22, 3, 28, 21, 0
4735, 22, 2, 28, 22, 0
4735, 22, 3, 28, 33, 0
4735, 22, 3, 28, 37, 0
4735, 22, 2, 28, 41, 0
4735, 22, 2, 28, 44, 0
4735, 22, 2, 29, 3, 0
4735, 22, 2, 29, 6, 0
4735, 22, 0, 29, 15, 0
4735, 22, 1, 29, 18, 0
4735, 22, 0, 29, 20, 0
4735, 22, 3, 29, 36, 0
4735, 22, 0, 29, 37, 0
4735, 22, 1, 29, 41, 0
4735, 22, 0, 29, 42, 0
4735, 22, 2, 29, 59, 0
4735, 22, 0, 29, 60, 0
4735, 22, 0, 29, 61, 0
4735, 22, 2, 30, 2, 0
4735, 22, 3, 30, 5, 0
4735, 22, 2, 30, 6, 0
4735, 22, 1, 30, 7, 0
4735, 22, 2, 30, 15, 0
4735, 22, 0, 30, 22, 0
4735, 22, 1, 30, 23, 0
4735, 22, 0, 30, 30, 0
4735, 22, 0, 30, 38, 0
4735, 22, 3, 30, 39, 0
4735, 22, 1, 30, 41, 0
4735, 22, 0, 30, 48, 0
4735, 22, 2, 30, 59, 0
4735, 22, 3, 30, 60, 0
4735, 22, 0, 31, 4, 0
4735, 22, 1, 31, 7, 0
4735, 22, 1, 31, 8, 0
4735, 22, 2, 31, 18, 0
4735, 22, 3, 31, 22, 0
4735, 22, 3, 31, 32, 0
4735, 22, 3, 31, 36, 0
4735, 22, 1, 31, 40, 0
4735, 22, 0, 31, 42, 0
4735, 22, 1, 31, 49, 0
4735, 22, 2, 31, 52, 0
4735, 22, 3, 31, 55, 0
4735, 22, 2, 31, 56, 0
4735, 22, 3, 31, 57, 0
4735, 22, 3, 32, 4, 0
4735, 22, 3, 32, 6, 0
4735, 22, 0, 32, 7, 0
4735, 22, 0, 32, 9, 0
4735, 22, 1, 32, 16, 0
4735, 22, 3, 32, 18, 0
4735, 22, 2, 32, 22, 0
4735, 22, 0, 32, 30, 0
4735, 22, 3, 32, 31, 0
4735, 22, 2, 32, 32, 0
4735, 22, 2, 32, 33, 0
4735, 22, 2, 32, 35, 0
4735, 22, 1, 32, 43, 0
4735, 22, 0, 32, 57, 0
4735, 22, 2, 32, 61, 0
4735, 22, 2, 33, 5, 0
4735, 22, 2, 33, 6, 0
4735, 22, 2, 33, 7, 0
4735, 22, 3, 33, 19, 0
4735, 22, 0, 33, 20, 0
4735, 22, 1, 33, 21, 0
4735, 22, 1, 33, 32, 0
4735, 22, 1, 33, 34, 0
4735, 22, 1, 33, 35, 0
4735, 22, 2, 33, 43, 0
4735, 22, 1, 33, 57, 0
4735, 22, 3, 34, 3, 0
4735, 22, 1, 34, 9, 0
4735, 22, 3, 34, 15, 0
4735, 22, 3, 34, 24, 0
4735, 22, 1, 34, 25, 0
4735, 22, 0, 34, 32, 0
4735, 22, 2, 34, 43, 0
4735, 22, 0, 34, 45, 0
4735, 22, 2, 34, 57, 0
4735, 22, 0, 34, 58, 0
4735, 22, 0, 34, 59, 0
4735, 22, 1, 34, 60, 0
4735, 22, 0, 35, 15, 0
4735, 22, 0, 35, 18, 0
4735, 22, 0, 35, 20, 0
4735, 22, 2, 35, 22, 0
4735, 22, 0, 35, 32, 0
4735, 22, 2, 35, 56, 0
4735, 22, 1, 35, 58, 0
4735, 22, 1, 35, 59, 0
4735, 22, 2, 35, 60, 0
4735, 22, 2, 35, 61, 0
4735, 22, 0, 36, 3, 0
4735, 22, 0, 36, 6, 0
4735, 22, 2, 36, 9, 0
4735, 22, 0, 36, 17, 0
4735, 22, 0, 36, 30, 0
4735, 22, 0, 36, 31, 0
4735, 22, 3, 36, 32, 0
4735, 22, 1, 36, 36, 0
4735, 22, 0, 36, 39, 0
4735, 22, 3, 36, 43, 0
4735, 22, 0, 36, 58, 0
4735, 22, 1, 36, 59, 0
4735, 22, 0, 36, 60, 0
4735, 22, 1, 36, 61, 0
4735, 22, 2, 37, 15, 0
4735, 22, 1, 37, 16, 0
4735, 22, 0, 37, 17, 0
4735, 22, 2, 37, 23, 0
4735, 22, 2, 37, 25, 0
4735, 22, 1, 37, 33, 0
4735, 22, 0, 37, 34, 0
4735, 22, 0, 37, 35, 0
4735, 22, 1, 37, 38, 0
4735, 22, 0, 37, 43, 0
4735, 22, 3, 37, 57, 0
4735, 22, 3, 38, 18, 0
4735, 22, 1, 38, 21, 0
4735, 22, 2, 38, 23, 0
4735, 22, 2, 38, 30, 0
4735, 22, 1, 38, 31, 0
4735, 22, 1, 38, 32, 0
4735, 22, 2, 38, 33, 0
4735, 22, 3, 38, 36, 0
4735, 22, 1, 38, 39, 0
4735, 22, 1, 38, 40, 0
4735, 22, 1, 38, 41, 0
4735, 22, 0, 38, 42, 0
4735, 22, 2, 38, 54, 0
4735, 22, 3, 38, 55, 0
4735, 22, 3, 38, 56, 0
4735, 22, 1, 39, 3, 0
4735, 22, 3, 39, 5, 0
4735, 22, 2, 39, 18, 0
4735, 22, 1, 39, 19, 0
4735, 22, 2, 39, 39, 0
4735, 22, 3, 39, 45, 0
4735, 22, 3, 39, 56, 0
4735, 22, 2, 39, 60, 0
4735, 22, 3, 39, 61, 0
4735, 22, 2, 40, 1, 0
4735, 22, 2, 40, 2, 0
4735, 22, 1, 40, 3, 0
4735, 22, 2, 40, 6, 0
4735, 22, 0, 40, 18, 0
4735, 22, 1, 40, 19, 0
4735, 22, 0, 40, 20, 0
4735, 22, 2, 40, 21, 0
4735, 22, 3, 40, 22, 0
4735, 22, 1, 40, 23, 0
4735, 22, 0, 40, 24, 0
4735, 22, 3, 40, 30, 0
4735, 22, 1, 40, 31, 0
4735, 22, 1, 40, 34, 0
4735, 22, 3, 40, 41, 0
4735, 22, 1, 40, 54, 0
4735, 22, 0, 40, 55, 0
4735, 22, 3, 40, 57, 0
4735, 22, 2, 41, 6, 0
4735, 22, 2, 41, 7, 0
4735, 22, 3, 41, 9, 0
4735, 22, 1, 41, 53, 0
4735, 22, 1, 41, 56, 0
4735, 22, 1, 41, 57, 0
4735, 22, 2, 42, 7, 0
4735, 22, 3, 42, 9, 0
4735, 22, 2, 42, 51, 0
4735, 22, 0, 42, 54, 0
4735, 22, 3, 42, 55, 0
4735, 22, 0, 42, 56, 0
4735, 22, 1, 42, 57, 0
4735, 22, 2, 42, 59, 0
4735, 22, 0, 42, 61, 0
4735, 22, 3, 43, 4, 0
4735, 22, 1, 43, 6, 0
4735, 22, 0, 43, 8, 0
4735, 22, 3, 43, 9, 0
4735, 22, 1, 43, 30, 0
4735, 22, 1, 43, 52, 0
4735, 22, 3, 43, 56, 0
4735, 22, 2, 43, 58, 0
4735, 22, 2, 44, 9, 0
4735, 22, 2, 44, 51, 0
4735, 22, 3, 44, 52, 0
4735, 22, 3, 44, 56, 0
4735, 22, 0, 44, 57, 0
4735, 22, 2, 44, 58, 0
4735, 22, 1, 44, 60, 0
4735, 22, 1, 45, 1, 0
4735, 22, 3, 45, 2, 0
4735, 22, 2, 45, 9, 0
4735, 22, 3, 45, 10, 0
4735, 22, 0, 45, 13, 0
4735, 22, 2, 45, 19, 0
4735, 22, 2, 45, 20, 0
4735, 22, 3, 45, 25, 0
4735, 22, 0, 45, 27, 0
4735, 22, 0, 45, 28, 0
4735, 22, 3, 45, 49, 0
4735, 22, 0, 45, 52, 0
4735, 22, 0, 45, 57, 0
4735, 22, 3, 46, 2, 0
4735, 22, 0, 46, 3, 0
4735, 22, 0, 46, 4, 0
4735, 22, 1, 46, 9, 0
4735, 22, 1, 46, 15, 0
4735, 22, 1, 46, 48, 0
4735, 22, 0, 46, 53, 0
4735, 22, 2, 46, 54, 0
4735, 22, 2, 46, 56, 0
4735, 22, 1, 46, 57, 0
4735, 22, 0, 46, 59, 0
4735, 22, 0, 46, 60, 0
4735, 22, 2, 47, 2, 0
4735, 22, 0, 47, 3, 0
4735, 22, 0, 47, 4, 0
4735, 22, 1, 47, 6, 0
4735, 22, 0, 47, 32, 0
4735, 22, 1, 47, 55, 0
4735, 22, 3, 47, 56, 0
4735, 22, 3, 47, 61, 0
4735, 22, 0, 48, 28, 0
4735, 22, 2, 48, 33, 0
4735, 22, 0, 48, 42, 0
4735, 22, 0, 48, 53, 0
4735, 22, 3, 48, 55, 0
4735, 22, 1, 48, 57, 0
4735, 22, 3, 48, 58, 0
4735, 22, 2, 48, 59, 0
4735, 22, 3, 49, 30, 0
4735, 22, 0, 49, 56, 0
4735, 22, 1, 49, 60, 0
4735, 22, 2, 50, 25, 0
4735, 22, 2, 50, 32, 0
4735, 22, 0, 50, 56, 0
4735, 22, 2, 50, 60, 0
4735, 22, 0, 51, 2, 0
4735, 22, 1, 51, 3, 0
4735, 22, 1, 51, 5, 0
4735, 22, 3, 51, 28, 0
4735, 22, 0, 51, 29, 0
4735, 22, 1, 51, 30, 0
4735, 22, 1, 51, 31, 0
4735, 22, 3, 51, 53, 0
4735, 22, 3, 51, 55, 0
4735, 22, 1, 51, 56, 0
4735, 22, 1, 51, 60, 0
4735, 22, 2, 52, 2, 0
4735, 22, 3, 52, 7, 0
4735, 22, 0, 52, 9, 0
4735, 22, 1, 52, 23, 0
4735, 22, 2, 52, 28, 0
4735, 22, 2, 52, 52, 0
4735, 22, 0, 52, 54, 0
4735, 22, 2, 52, 57, 0
4735, 22, 3, 52, 59, 0
4735, 22, 3, 52, 60, 0
4735, 22, 3, 53, 1, 0
4735, 22, 1, 53, 5, 0
4735, 22, 3, 53, 10, 0
4735, 22, 3, 53, 18, 0
4735, 22, 2, 53, 32, 0
4735, 22, 1, 53, 53, 0
4735, 22, 0, 53, 54, 0
4735, 22, 0, 53, 59, 0
4735, 22, 0, 54, 2, 0
4735, 22, 2, 54, 7, 0
4735, 22, 3, 54, 10, 0
4735, 22, 2, 54, 12, 0
4735, 22, 3, 54, 26, 0
4735, 22, 3, 54, 32, 0
4735, 22, 0, 54, 53, 0
4735, 22, 1, 54, 58, 0
4735, 22, 3, 55, 3, 0
4735, 22, 0, 55, 15, 0
4735, 22, 2, 55, 20, 0
4735, 22, 2, 55, 22, 0
4735, 22, 2, 55, 23, 0
4735, 22, 0, 55, 27, 0
4735, 22, 1, 55, 29, 0
4735, 22, 0, 55, 30, 0
4735, 22, 3, 56, 3, 0
4735, 22, 2, 56, 8, 0
4735, 22, 3, 56, 13, 0
4735, 22, 0, 56, 14, 0
4735, 22, 1, 56, 16, 0
4735, 22, 1, 56, 20, 0
4735, 22, 2, 56, 21, 0
4735, 22, 3, 56, 22, 0
4735, 22, 1, 56, 29, 0
4735, 22, 0, 56, 32, 0
4735, 22, 1, 56, 34, 0
4735, 22, 1, 56, 36, 0
4735, 22, 3, 56, 38, 0
4735, 22, 2, 56, 40, 0
4735, 22, 2, 56, 42, 0
4735, 22, 2, 56, 60, 0
4735, 22, 3, 57, 0, 0
4735, 22, 0, 57, 2, 0
4735, 22, 3, 57, 4, 0
4735, 22, 3, 57, 7, 0
4735, 22, 3, 57, 13, 0
4735, 22, 1, 57, 14, 0
4735, 22, 1, 57, 15, 0
4735, 22, 0, 57, 19, 0
4735, 22, 1, 57, 22, 0
4735, 22, 0, 57, 23, 0
4735, 22, 2, 57, 29, 0
4735, 22, 1, 57, 30, 0
4735, 22, 3, 57, 31, 0
4735, 22, 1, 57, 36, 0
4735, 22, 0, 57, 37, 0
4735, 22, 2, 57, 42, 0
4735, 22, 0, 58, 3, 0
4735, 22, 0, 58, 4, 0
4735, 22, 0, 58, 5, 0
4735, 22, 2, 58, 13, 0
4735, 22, 3, 58, 14, 0
4735, 22, 2, 58, 15, 0
4735, 22, 3, 58, 20, 0
4735, 22, 3, 58, 21, 0
4735, 22, 2, 58, 22, 0
4735, 22, 3, 58, 27, 0
4735, 22, 0, 58, 28, 0
4735, 22, 2, 58, 31, 0
4735, 22, 3, 58, 35, 0
4735, 22, 0, 58, 36, 0
4735, 22, 0, 58, 38, 0
4735, 22, 3, 58, 42, 0
4735, 22, 2, 58, 46, 0
4735, 22, 1, 58, 48, 0
4735, 22, 1, 58, 61, 0
4735, 22, 1, 59, 3, 0
4735, 22, 1, 59, 5, 0
4735, 22, 1, 59, 6, 0
4735, 22, 1, 59, 19, 0
4735, 22, 3, 59, 30, 0
4735, 22, 1, 59, 32, 0
4735, 22, 2, 59, 35, 0
4735, 22, 3, 59, 36, 0
4735, 22, 1, 59, 37, 0
4735, 22, 1, 59, 38, 0
4735, 22, 0, 59, 42, 0
4735, 22, 0, 59, 43, 0
4735, 22, 1, 59, 45, 0
4735, 22, 3, 59, 46, 0
4735, 22, 2, 60, 4, 0
4735, 22, 0, 60, 8, 0
4735, 22, 1, 60, 12, 0
4735, 22, 2, 60, 14, 0
4735, 22, 1, 60, 22, 0
4735, 22, 2, 60, 26, 0
4735, 22, 3, 60, 30, 0
4735, 22, 0, 60, 31, 0
4735, 22, 0, 60, 32, 0
4735, 22, 0, 60, 33, 0
4735, 22, 2, 60, 38, 0
4735, 22, 1, 60, 39, 0
4735, 22, 3, 60, 41, 0
4735, 22, 2, 60, 44, 0
4735, 22, 3, 60, 48, 0
4735, 22, 2, 60, 56, 0
4735, 22, 3, 60, 58, 0
4735, 22, 3, 61, 9, 0
4735, 22, 3, 61, 18, 0
4735, 22, 0, 61, 20, 0
4735, 22, 0, 61, 31, 0
4735, 22, 1, 61, 37, 0
4735, 22, 2, 61, 40, 0
4735, 22, 0, 61, 50, 0
4735, 22, 1, 61, 53, 0
4735, 22, 0, 61, 60, 0
4736, 22, 3, 3, 58, 0
4736, 22, 2, 5, 58, 0
4736, 22, 1, 5, 60, 0
4736, 22, 3, 7, 6, 0
4736, 22, 0, 7, 8, 0
4736, 22, 3, 7, 30, 0
4736, 22, 0, 7, 32, 0
4736, 22, 2, 9, 6, 0
4736, 22, 1, 9, 8, 0
4736, 22, 2, 9, 30, 0
4736, 22, 1, 9, 32, 0
4736, 22, 3, 15, 15, 0
4736, 22, 0, 15, 17, 0
4736, 22, 3, 15, 23, 0
4736, 22, 0, 15, 25, 0
4736, 22, 3, 15, 58, 0
4736, 22, 0, 15, 60, 0
4736, 22, 2, 17, 15, 0
4736, 22, 2, 17, 23, 0
4736, 22, 1, 17, 25, 0
4736, 22, 2, 17, 58, 0
4736, 22, 1, 17, 60, 0
4736, 22, 3, 19, 31, 0
4736, 22, 0, 19, 33, 0
4736, 22, 3, 20, 21, 0
4736, 22, 0, 20, 23, 0
4736, 22, 3, 22, 5, 0
4736, 22, 0, 22, 7, 0
4736, 22, 2, 22, 21, 0
4736, 22, 1, 22, 23, 0
4736, 22, 2, 22, 31, 0
4736, 22, 1, 22, 33, 0
4736, 22, 2, 24, 5, 0
4736, 22, 1, 24, 7, 0
4736, 22, 3, 27, 38, 0
4736, 22, 0, 27, 40, 0
4736, 22, 2, 29, 38, 0
4736, 22, 1, 29, 40, 0
4736, 22, 0, 30, 21, 0
4736, 22, 2, 31, 58, 0
4736, 22, 3, 31, 60, 0
4736, 22, 2, 32, 19, 0
4736, 22, 1, 32, 21, 0
4736, 22, 1, 33, 58, 0
4736, 22, 0, 33, 60, 0
4736, 22, 3, 34, 33, 0
4736, 22, 0, 34, 35, 0
4736, 22, 3, 35, 40, 0
4736, 22, 0, 35, 42, 0
4736, 22, 2, 36, 33, 0
4736, 22, 1, 36, 35, 0
4736, 22, 2, 37, 40, 0
4736, 22, 1, 37, 42, 0
4736, 22, 3, 38, 15, 0
4736, 22, 0, 38, 17, 0
4736, 22, 2, 39, 23, 0
4736, 22, 1, 39, 25, 0
4736, 22, 2, 40, 15, 0
4736, 22, 1, 40, 17, 0
4736, 22, 3, 40, 25, 0
4736, 22, 3, 43, 53, 0
4736, 22, 0, 43, 55, 0
4736, 22, 3, 44, 5, 0
4736, 22, 0, 44, 8, 0
4736, 22, 2, 45, 53, 0
4736, 22, 1, 45, 55, 0
4736, 22, 3, 49, 57, 0
4736, 22, 0, 49, 59, 0
4736, 22, 2, 51, 57, 0
4736, 22, 1, 51, 59, 0
4736, 22, 3, 52, 29, 0
4736, 22, 0, 52, 31, 0
4736, 22, 2, 54, 29, 0
4736, 22, 1, 54, 31, 0
4736, 22, 3, 55, 6, 0
4736, 22, 0, 55, 7, 0
4736, 22, 2, 56, 6, 0
4736, 22, 1, 56, 7, 0
4736, 22, 3, 56, 57, 0
4736, 22, 0, 56, 58, 0
4736, 22, 3, 57, 32, 0
4736, 22, 0, 57, 34, 0
4736, 22, 3, 57, 39, 0
4736, 22, 0, 57, 41, 0
4736, 22, 2, 57, 57, 0
4736, 22, 1, 57, 58, 0
4736, 22, 1, 59, 34, 0
4736, 22, 2, 59, 39, 0
4736, 22, 1, 59, 41, 0
4737, 22, 3, 3, 59, 0
4737, 22, 2, 4, 58, 0
4737, 22, 0, 4, 60, 0
4737, 22, 1, 5, 59, 0
4737, 22, 3, 7, 7, 0
4737, 22, 3, 7, 31, 0
4737, 22, 2, 8, 6, 0
4737, 22, 0, 8, 8, 0
4737, 22, 2, 8, 30, 0
4737, 22, 0, 8, 32, 0
4737, 22, 1, 9, 7, 0
4737, 22, 1, 9, 31, 0
4737, 22, 3, 15, 16, 0
4737, 22, 3, 15, 24, 0
4737, 22, 3, 15, 59, 0
4737, 22, 2, 16, 15, 0
4737, 22, 0, 16, 17, 0
4737, 22, 2, 16, 23, 0
4737, 22, 0, 16, 25, 0
4737, 22, 2, 16, 58, 0
4737, 22, 0, 16, 60, 0
4737, 22, 1, 17, 16, 0
4737, 22, 1, 17, 24, 0
4737, 22, 1, 17, 59, 0
4737, 22, 3, 19, 32, 0
4737, 22, 3, 20, 22, 0
4737, 22, 2, 20, 31, 0
4737, 22, 0, 20, 33, 0
4737, 22, 2, 21, 21, 0
4737, 22, 0, 21, 23, 0
4737, 22, 2, 21, 31, 0
4737, 22, 0, 21, 33, 0
4737, 22, 3, 22, 6, 0
4737, 22, 1, 22, 22, 0
4737, 22, 1, 22, 32, 0
4737, 22, 2, 23, 5, 0
4737, 22, 0, 23, 7, 0
4737, 22, 1, 24, 6, 0
4737, 22, 3, 27, 39, 0
4737, 22, 2, 28, 38, 0
4737, 22, 0, 28, 40, 0
4737, 22, 1, 29, 39, 0
4737, 22, 2, 31, 19, 0
4737, 22, 0, 31, 21, 0
4737, 22, 3, 31, 59, 0
4737, 22, 1, 32, 20, 0
4737, 22, 2, 32, 58, 0
4737, 22, 0, 32, 60, 0
4737, 22, 1, 33, 59, 0
4737, 22, 3, 34, 34, 0
4737, 22, 2, 35, 33, 0
4737, 22, 0, 35, 35, 0
4737, 22, 3, 35, 41, 0
4737, 22, 1, 36, 34, 0
4737, 22, 2, 36, 40, 0
4737, 22, 0, 36, 42, 0
4737, 22, 3, 37, 24, 0
4737, 22, 1, 37, 41, 0
4737, 22, 3, 38, 16, 0
4737, 22, 0, 38, 25, 0
4737, 22, 2, 39, 15, 0
4737, 22, 0, 39, 17, 0
4737, 22, 1, 39, 24, 0
4737, 22, 1, 40, 16, 0
4737, 22, 3, 43, 54, 0
4737, 22, 3, 44, 6, 0
4737, 22, 3, 44, 7, 0
4737, 22, 2, 44, 53, 0
4737, 22, 0, 44, 55, 0
4737, 22, 2, 45, 5, 0
4737, 22, 0, 45, 8, 0
4737, 22, 1, 45, 54, 0
4737, 22, 2, 46, 5, 0
4737, 22, 0, 46, 8, 0
4737, 22, 3, 49, 58, 0
4737, 22, 2, 50, 57, 0
4737, 22, 0, 50, 59, 0
4737, 22, 1, 51, 58, 0
4737, 22, 3, 52, 30, 0
4737, 22, 2, 53, 29, 0
4737, 22, 3, 53, 30, 0
4737, 22, 0, 53, 31, 0
4737, 22, 1, 54, 30, 0
4737, 22, 3, 57, 33, 0
4737, 22, 3, 57, 40, 0
4737, 22, 1, 58, 32, 0
4737, 22, 0, 58, 34, 0
4737, 22, 2, 58, 39, 0
4737, 22, 0, 58, 41, 0
4737, 22, 0, 59, 33, 0
4737, 22, 1, 59, 40, 0
4738, 22, 1, 4, 59, 0
4738, 22, 2, 8, 7, 0
4738, 22, 3, 8, 31, 0
4738, 22, 3, 16, 16, 0
4738, 22, 2, 16, 24, 0
4738, 22, 2, 16, 59, 0
4738, 22, 3, 20, 32, 0
4738, 22, 3, 21, 22, 0
4738, 22, 2, 21, 32, 0
4738, 22, 1, 23, 6, 0
4738, 22, 2, 28, 39, 0
4738, 22, 2, 31, 20, 0
4738, 22, 3, 32, 59, 0
4738, 22, 2, 35, 34, 0
4738, 22, 1, 36, 41, 0
4738, 22, 1, 38, 24, 0
4738, 22, 0, 39, 16, 0
4738, 22, 2, 44, 54, 0
4738, 22, 0, 50, 58, 0
4738, 22, 0, 58, 33, 0
4738, 22, 3, 58, 40, 0
5352, 10, 2, 12, 36, 0
5352, 10, 2, 15, 36, 0
5352, 10, 2, 18, 36, 0
5352, 10, 2, 21, 36, 0
5352, 10, 2, 24, 36, 0
5564, 10, 3, 7, 49, 0
5564, 10, 3, 7, 51, 0
5564, 10, 3, 7, 53, 0
5564, 10, 3, 7, 55, 0
5564, 10, 3, 7, 57, 0
5564, 10, 1, 10, 49, 0
5564, 10, 1, 10, 51, 0
5564, 10, 1, 10, 53, 0
5564, 10, 1, 10, 55, 0
5564, 10, 1, 10, 57, 0
5564, 10, 3, 16, 49, 0
5564, 10, 3, 16, 51, 0
5564, 10, 3, 16, 53, 0
5564, 10, 3, 16, 55, 0
5564, 10, 3, 16, 57, 0
5564, 10, 1, 19, 49, 0
5564, 10, 1, 19, 51, 0
5564, 10, 1, 19, 53, 0
5564, 10, 1, 19, 55, 0
5564, 10, 1, 19, 57, 0
5564, 10, 3, 25, 49, 0
5564, 10, 3, 25, 51, 0
5564, 10, 3, 25, 53, 0
5564, 10, 3, 25, 55, 0
5564, 10, 3, 25, 57, 0
5564, 10, 1, 28, 49, 0
5564, 10, 1, 28, 51, 0
5564, 10, 1, 28, 53, 0
5564, 10, 1, 28, 55, 0
5564, 10, 1, 28, 57, 0
5622, 10, 0, 7, 50, 0
5622, 10, 0, 7, 52, 0
5622, 10, 0, 7, 54, 0
5622, 10, 0, 7, 56, 0
5622, 10, 2, 11, 50, 0
5622, 10, 2, 11, 52, 0
5622, 10, 2, 11, 54, 0
5622, 10, 2, 11, 56, 0
5622, 10, 0, 16, 50, 0
5622, 10, 0, 16, 52, 0
5622, 10, 0, 16, 54, 0
5622, 10, 0, 16, 56, 0
5622, 10, 2, 20, 50, 0
5622, 10, 2, 20, 52, 0
5622, 10, 2, 20, 54, 0
5622, 10, 2, 20, 56, 0
5622, 10, 0, 25, 50, 0
5622, 10, 0, 25, 52, 0
5622, 10, 0, 25, 54, 0
5622, 10, 0, 25, 56, 0
5622, 10, 2, 29, 50, 0
5622, 10, 2, 29, 52, 0
5622, 10, 2, 29, 54, 0
5622, 10, 2, 29, 56, 0
10042, 0, 0, 6, 49, 0
10042, 0, 0, 6, 50, 0
10042, 0, 0, 6, 51, 0
10042, 0, 0, 6, 52, 0
10042, 0, 0, 6, 53, 0
10042, 0, 0, 6, 54, 0
10042, 0, 0, 6, 55, 0
10042, 0, 0, 6, 56, 0
10042, 0, 0, 6, 57, 0
10042, 0, 2, 12, 49, 0
10042, 0, 2, 12, 50, 0
10042, 0, 2, 12, 51, 0
10042, 0, 2, 12, 52, 0
10042, 0, 2, 12, 53, 0
10042, 0, 2, 12, 54, 0
10042, 0, 2, 12, 55, 0
10042, 0, 2, 12, 56, 0
10042, 0, 2, 12, 57, 0
10042, 0, 0, 15, 49, 0
10042, 0, 0, 15, 50, 0
10042, 0, 0, 15, 51, 0
10042, 0, 0, 15, 52, 0
10042, 0, 0, 15, 53, 0
10042, 0, 0, 15, 54, 0
10042, 0, 0, 15, 55, 0
10042, 0, 0, 15, 56, 0
10042, 0, 0, 15, 57, 0
10042, 0, 2, 21, 49, 0
10042, 0, 2, 21, 50, 0
10042, 0, 2, 21, 51, 0
10042, 0, 2, 21, 52, 0
10042, 0, 2, 21, 53, 0
10042, 0, 2, 21, 54, 0
10042, 0, 2, 21, 55, 0
10042, 0, 2, 21, 56, 0
10042, 0, 2, 21, 57, 0
10042, 0, 0, 24, 49, 0
10042, 0, 0, 24, 50, 0
10042, 0, 0, 24, 51, 0
10042, 0, 0, 24, 52, 0
10042, 0, 0, 24, 53, 0
10042, 0, 0, 24, 54, 0
10042, 0, 0, 24, 55, 0
10042, 0, 0, 24, 56, 0
10042, 0, 0, 24, 57, 0
10042, 0, 2, 30, 49, 0
10042, 0, 2, 30, 50, 0
10042, 0, 2, 30, 51, 0
10042, 0, 2, 30, 52, 0
10042, 0, 2, 30, 53, 0
10042, 0, 2, 30, 54, 0
10042, 0, 2, 30, 55, 0
10042, 0, 2, 30, 56, 0
10042, 0, 2, 30, 57, 0
10043, 10, 0, 7, 49, 1
10043, 10, 0, 7, 50, 1
10043, 10, 0, 7, 51, 1
10043, 10, 0, 7, 52, 1
10043, 10, 0, 7, 53, 1
10043, 10, 0, 7, 54, 1
10043, 10, 0, 7, 55, 1
10043, 10, 0, 7, 56, 1
10043, 10, 0, 7, 57, 1
10043, 10, 2, 10, 49, 1
10043, 10, 2, 10, 50, 1
10043, 10, 2, 10, 51, 1
10043, 10, 2, 10, 52, 1
10043, 10, 2, 10, 53, 1
10043, 10, 2, 10, 54, 1
10043, 10, 2, 10, 55, 1
10043, 10, 2, 10, 56, 1
10043, 10, 2, 10, 57, 1
10043, 10, 0, 16, 49, 1
10043, 10, 0, 16, 50, 1
10043, 10, 0, 16, 51, 1
10043, 10, 0, 16, 52, 1
10043, 10, 0, 16, 53, 1
10043, 10, 0, 16, 54, 1
10043, 10, 0, 16, 55, 1
10043, 10, 0, 16, 56, 1
10043, 10, 0, 16, 57, 1
10043, 10, 2, 19, 49, 1
10043, 10, 2, 19, 50, 1
10043, 10, 2, 19, 51, 1
10043, 10, 2, 19, 52, 1
10043, 10, 2, 19, 53, 1
10043, 10, 2, 19, 54, 1
10043, 10, 2, 19, 55, 1
10043, 10, 2, 19, 56, 1
10043, 10, 2, 19, 57, 1
10043, 10, 0, 25, 49, 1
10043, 10, 0, 25, 50, 1
10043, 10, 0, 25, 51, 1
10043, 10, 0, 25, 52, 1
10043, 10, 0, 25, 53, 1
10043, 10, 0, 25, 54, 1
10043, 10, 0, 25, 55, 1
10043, 10, 0, 25, 56, 1
10043, 10, 0, 25, 57, 1
10043, 10, 2, 28, 49, 1
10043, 10, 2, 28, 50, 1
10043, 10, 2, 28, 51, 1
10043, 10, 2, 28, 52, 1
10043, 10, 2, 28, 53, 1
10043, 10, 2, 28, 54, 1
10043, 10, 2, 28, 55, 1
10043, 10, 2, 28, 56, 1
10043, 10, 2, 28, 57, 1
10044, 0, 1, 6, 48, 0
10044, 0, 3, 12, 58, 0
10044, 0, 1, 15, 48, 0
10044, 0, 3, 21, 58, 0
10044, 0, 1, 24, 48, 0
10044, 0, 3, 30, 58, 0
10045, 0, 1, 7, 48, 0
10045, 0, 3, 8, 58, 0
10045, 0, 1, 10, 48, 0
10045, 0, 3, 11, 58, 0
10045, 0, 1, 16, 48, 0
10045, 0, 3, 17, 58, 0
10045, 0, 1, 19, 48, 0
10045, 0, 3, 20, 58, 0
10045, 0, 1, 25, 48, 0
10045, 0, 3, 26, 58, 0
10045, 0, 1, 28, 48, 0
10045, 0, 3, 29, 58, 0
10046, 10, 0, 7, 48, 1
10046, 10, 2, 10, 58, 1
10046, 10, 0, 16, 48, 1
10046, 10, 2, 19, 58, 1
10046, 10, 0, 25, 48, 1
10046, 10, 2, 28, 58, 1
10047, 0, 3, 6, 58, 0
10047, 0, 1, 12, 48, 0
10047, 0, 3, 15, 58, 0
10047, 0, 1, 21, 48, 0
10047, 0, 3, 24, 58, 0
10047, 0, 1, 30, 48, 0
10048, 0, 3, 7, 58, 0
10048, 0, 1, 8, 48, 0
10048, 0, 3, 10, 58, 0
10048, 0, 1, 11, 48, 0
10048, 0, 3, 16, 58, 0
10048, 0, 1, 17, 48, 0
10048, 0, 3, 19, 58, 0
10048, 0, 1, 20, 48, 0
10048, 0, 3, 25, 58, 0
10048, 0, 1, 26, 48, 0
10048, 0, 3, 28, 58, 0
10048, 0, 1, 29, 48, 0
10049, 10, 0, 7, 58, 1
10049, 10, 2, 10, 48, 1
10049, 10, 0, 16, 58, 1
10049, 10, 2, 19, 48, 1
10049, 10, 0, 25, 58, 1
10049, 10, 2, 28, 48, 1
10050, 0, 0, 9, 48, 0
10050, 0, 1, 9, 57, 0
10050, 0, 3, 18, 49, 0
10050, 0, 2, 18, 58, 0
10050, 0, 0, 27, 48, 0
10050, 0, 1, 27, 57, 0
10051, 10, 1, 9, 48, 1
10051, 10, 3, 9, 58, 1
10051, 10, 1, 18, 48, 1
10051, 10, 3, 18, 58, 1
10051, 10, 1, 27, 48, 1
10051, 10, 3, 27, 58, 1
10052, 10, 0, 9, 49, 1
10052, 10, 0, 9, 50, 1
10052, 10, 0, 9, 51, 1
10052, 10, 0, 9, 52, 1
10052, 10, 0, 9, 53, 1
10052, 10, 0, 9, 54, 1
10052, 10, 0, 9, 55, 1
10052, 10, 0, 9, 56, 1
10052, 10, 0, 9, 57, 1
10052, 10, 0, 18, 49, 1
10052, 10, 0, 18, 50, 1
10052, 10, 0, 18, 51, 1
10052, 10, 0, 18, 52, 1
10052, 10, 0, 18, 53, 1
10052, 10, 0, 18, 54, 1
10052, 10, 0, 18, 55, 1
10052, 10, 0, 18, 56, 1
10052, 10, 0, 18, 57, 1
10052, 10, 0, 27, 49, 1
10052, 10, 0, 27, 50, 1
10052, 10, 0, 27, 51, 1
10052, 10, 0, 27, 52, 1
10052, 10, 0, 27, 53, 1
10052, 10, 0, 27, 54, 1
10052, 10, 0, 27, 55, 1
10052, 10, 0, 27, 56, 1
10052, 10, 0, 27, 57, 1
10053, 9, 3, 3, 3, 0
10053, 0, 0, 3, 4, 0
10053, 0, 0, 3, 5, 0
10053, 0, 0, 3, 6, 0
10053, 0, 0, 3, 7, 0
10053, 0, 0, 3, 8, 0
10053, 0, 0, 3, 9, 0
10053, 0, 0, 3, 10, 0
10053, 0, 0, 3, 11, 0
10053, 0, 0, 3, 12, 0
10053, 0, 0, 3, 13, 0
10053, 0, 0, 3, 14, 0
10053, 0, 0, 3, 15, 0
10053, 0, 0, 3, 16, 0
10053, 0, 0, 3, 17, 0
10053, 0, 0, 3, 18, 0
10053, 0, 0, 3, 19, 0
10053, 0, 0, 3, 20, 0
10053, 0, 0, 3, 21, 0
10053, 0, 0, 3, 22, 0
10053, 0, 0, 3, 23, 0
10053, 0, 0, 3, 24, 0
10053, 0, 0, 3, 25, 0
10053, 0, 0, 3, 26, 0
10053, 0, 0, 3, 27, 0
10053, 0, 0, 3, 28, 0
10053, 0, 0, 3, 29, 0
10053, 0, 0, 3, 30, 0
10053, 0, 0, 3, 31, 0
10053, 0, 0, 3, 32, 0
10053, 0, 0, 3, 33, 0
10053, 0, 0, 3, 34, 0
10053, 0, 0, 3, 35, 0
10053, 0, 0, 3, 36, 0
10053, 0, 0, 3, 37, 0
10053, 0, 0, 3, 38, 0
10053, 0, 0, 3, 39, 0
10053, 0, 0, 3, 40, 0
10053, 0, 0, 3, 41, 0
10053, 0, 0, 3, 42, 0
10053, 9, 0, 3, 43, 0
10053, 9, 3, 3, 47, 0
10053, 0, 0, 3, 48, 0
10053, 0, 0, 3, 49, 0
10053, 0, 0, 3, 50, 0
10053, 0, 0, 3, 51, 0
10053, 0, 0, 3, 52, 0
10053, 0, 0, 3, 53, 0
10053, 0, 0, 3, 54, 0
10053, 0, 0, 3, 55, 0
10053, 0, 0, 3, 56, 0
10053, 0, 0, 3, 57, 0
10053, 0, 0, 3, 58, 0
10053, 0, 0, 3, 59, 0
10053, 9, 0, 3, 60, 0
10053, 0, 3, 4, 3, 0
10053, 0, 1, 4, 60, 0
10053, 0, 3, 5, 3, 0
10053, 0, 1, 5, 60, 0
10053, 0, 3, 6, 3, 0
10053, 0, 1, 6, 60, 0
10053, 0, 3, 7, 3, 0
10053, 0, 1, 7, 60, 0
10053, 0, 3, 8, 3, 0
10053, 0, 1, 8, 60, 0
10053, 0, 3, 9, 3, 0
10053, 0, 1, 9, 60, 0
10053, 0, 3, 10, 3, 0
10053, 0, 2, 10, 36, 0
10053, 0, 2, 10, 37, 0
10053, 0, 2, 10, 38, 0
10053, 0, 2, 10, 41, 0
10053, 0, 2, 10, 42, 0
10053, 0, 2, 10, 43, 0
10053, 0, 1, 10, 60, 0
10053, 0, 3, 11, 3, 0
10053, 9, 1, 11, 35, 0
10053, 9, 2, 11, 44, 0
10053, 0, 1, 11, 60, 0
10053, 0, 3, 12, 3, 0
10053, 0, 1, 12, 34, 0
10053, 0, 3, 12, 45, 0
10053, 0, 1, 12, 60, 0
10053, 0, 3, 13, 3, 0
10053, 0, 1, 13, 34, 0
10053, 0, 3, 13, 45, 0
10053, 0, 1, 13, 60, 0
10053, 0, 3, 14, 3, 0
10053, 0, 1, 14, 34, 0
10053, 0, 3, 14, 45, 0
10053, 0, 1, 14, 60, 0
10053, 0, 3, 15, 3, 0
10053, 0, 1, 15, 34, 0
10053, 0, 3, 15, 45, 0
10053, 0, 1, 15, 60, 0
10053, 0, 3, 16, 3, 0
10053, 0, 1, 16, 34, 0
10053, 0, 3, 16, 45, 0
10053, 0, 1, 16, 60, 0
10053, 0, 3, 17, 3, 0
10053, 0, 1, 17, 34, 0
10053, 0, 3, 17, 45, 0
10053, 0, 1, 17, 60, 0
10053, 0, 3, 18, 3, 0
10053, 0, 1, 18, 34, 0
10053, 0, 3, 18, 45, 0
10053, 0, 1, 18, 60, 0
10053, 0, 3, 19, 3, 0
10053, 0, 1, 19, 34, 0
10053, 0, 3, 19, 45, 0
10053, 0, 1, 19, 60, 0
10053, 0, 3, 20, 3, 0
10053, 0, 1, 20, 34, 0
10053, 0, 3, 20, 45, 0
10053, 0, 1, 20, 60, 0
10053, 0, 3, 21, 3, 0
10053, 0, 1, 21, 34, 0
10053, 0, 3, 21, 45, 0
10053, 0, 1, 21, 60, 0
10053, 0, 3, 22, 3, 0
10053, 0, 1, 22, 34, 0
10053, 0, 3, 22, 45, 0
10053, 0, 1, 22, 60, 0
10053, 0, 3, 23, 3, 0
10053, 0, 1, 23, 34, 0
10053, 0, 3, 23, 45, 0
10053, 0, 1, 23, 60, 0
10053, 0, 3, 24, 3, 0
10053, 0, 1, 24, 34, 0
10053, 0, 3, 24, 45, 0
10053, 0, 1, 24, 60, 0
10053, 0, 3, 25, 3, 0
10053, 0, 1, 25, 34, 0
10053, 0, 3, 25, 45, 0
10053, 0, 1, 25, 60, 0
10053, 0, 3, 26, 3, 0
10053, 9, 0, 26, 35, 0
10053, 9, 3, 26, 44, 0
10053, 0, 1, 26, 60, 0
10053, 0, 3, 27, 3, 0
10053, 0, 0, 27, 36, 0
10053, 0, 0, 27, 37, 0
10053, 0, 0, 27, 38, 0
10053, 0, 0, 27, 39, 0
10053, 0, 0, 27, 40, 0
10053, 0, 0, 27, 41, 0
10053, 0, 0, 27, 42, 0
10053, 0, 0, 27, 43, 0
10053, 0, 1, 27, 60, 0
10053, 0, 3, 28, 3, 0
10053, 0, 1, 28, 60, 0
10053, 0, 3, 29, 3, 0
10053, 0, 1, 29, 60, 0
10053, 0, 3, 30, 3, 0
10053, 0, 1, 30, 60, 0
10053, 0, 3, 31, 3, 0
10053, 0, 1, 31, 60, 0
10053, 0, 3, 32, 3, 0
10053, 0, 1, 32, 60, 0
10053, 0, 3, 33, 3, 0
10053, 0, 1, 33, 60, 0
10053, 0, 3, 34, 3, 0
10053, 0, 1, 34, 60, 0
10053, 0, 3, 35, 3, 0
10053, 0, 1, 35, 60, 0
10053, 0, 3, 36, 3, 0
10053, 0, 1, 36, 60, 0
10053, 0, 3, 37, 3, 0
10053, 0, 1, 37, 60, 0
10053, 0, 3, 38, 3, 0
10053, 0, 1, 38, 60, 0
10053, 0, 3, 39, 3, 0
10053, 0, 1, 39, 60, 0
10053, 0, 3, 40, 3, 0
10053, 0, 1, 40, 60, 0
10053, 0, 3, 41, 3, 0
10053, 0, 1, 41, 60, 0
10053, 0, 3, 42, 3, 0
10053, 0, 1, 42, 60, 0
10053, 0, 3, 43, 3, 0
10053, 0, 1, 43, 60, 0
10053, 0, 3, 44, 3, 0
10053, 0, 1, 44, 60, 0
10053, 0, 3, 45, 3, 0
10053, 0, 1, 45, 60, 0
10053, 0, 3, 46, 3, 0
10053, 0, 1, 46, 60, 0
10053, 9, 2, 47, 3, 0
10053, 0, 1, 47, 60, 0
10053, 0, 1, 48, 60, 0
10053, 9, 3, 49, 33, 0
10053, 0, 0, 49, 34, 0
10053, 0, 0, 49, 35, 0
10053, 0, 0, 49, 37, 0
10053, 0, 0, 49, 38, 0
10053, 0, 0, 49, 40, 0
10053, 0, 0, 49, 41, 0
10053, 9, 0, 49, 42, 0
10053, 0, 1, 49, 60, 0
10053, 0, 3, 50, 33, 0
10053, 0, 1, 50, 42, 0
10053, 0, 1, 50, 60, 0
10053, 9, 3, 51, 3, 0
10053, 0, 3, 51, 33, 0
10053, 0, 1, 51, 42, 0
10053, 0, 1, 51, 60, 0
10053, 0, 3, 52, 3, 0
10053, 0, 3, 52, 33, 0
10053, 0, 1, 52, 42, 0
10053, 0, 1, 52, 60, 0
10053, 0, 3, 53, 3, 0
10053, 0, 3, 53, 33, 0
10053, 0, 1, 53, 42, 0
10053, 0, 1, 53, 60, 0
10053, 0, 3, 54, 3, 0
10053, 0, 3, 54, 33, 0
10053, 0, 1, 54, 42, 0
10053, 0, 1, 54, 60, 0
10053, 0, 3, 55, 3, 0
10053, 9, 2, 55, 33, 0
10053, 0, 2, 55, 34, 0
10053, 0, 2, 55, 35, 0
10053, 0, 2, 55, 36, 0
10053, 0, 2, 55, 37, 0
10053, 0, 2, 55, 38, 0
10053, 0, 2, 55, 39, 0
10053, 0, 2, 55, 40, 0
10053, 0, 2, 55, 41, 0
10053, 9, 1, 55, 42, 0
10053, 0, 1, 55, 60, 0
10053, 0, 3, 56, 3, 0
10053, 0, 1, 56, 60, 0
10053, 0, 3, 57, 3, 0
10053, 0, 1, 57, 60, 0
10053, 0, 3, 58, 3, 0
10053, 0, 1, 58, 60, 0
10053, 0, 3, 59, 3, 0
10053, 0, 1, 59, 60, 0
10053, 9, 2, 60, 3, 0
10053, 0, 2, 60, 4, 0
10053, 0, 2, 60, 5, 0
10053, 0, 2, 60, 6, 0
10053, 0, 2, 60, 7, 0
10053, 0, 2, 60, 8, 0
10053, 0, 2, 60, 9, 0
10053, 0, 2, 60, 10, 0
10053, 0, 2, 60, 11, 0
10053, 0, 2, 60, 12, 0
10053, 0, 2, 60, 13, 0
10053, 0, 2, 60, 14, 0
10053, 0, 2, 60, 15, 0
10053, 0, 2, 60, 16, 0
10053, 0, 2, 60, 17, 0
10053, 0, 2, 60, 18, 0
10053, 0, 2, 60, 19, 0
10053, 0, 2, 60, 20, 0
10053, 0, 2, 60, 21, 0
10053, 0, 2, 60, 22, 0
10053, 0, 2, 60, 23, 0
10053, 0, 2, 60, 24, 0
10053, 0, 2, 60, 25, 0
10053, 0, 2, 60, 26, 0
10053, 0, 2, 60, 27, 0
10053, 0, 2, 60, 28, 0
10053, 0, 2, 60, 29, 0
10053, 0, 2, 60, 30, 0
10053, 0, 2, 60, 31, 0
10053, 0, 2, 60, 32, 0
10053, 0, 2, 60, 33, 0
10053, 0, 2, 60, 34, 0
10053, 0, 2, 60, 35, 0
10053, 0, 2, 60, 36, 0
10053, 0, 2, 60, 37, 0
10053, 0, 2, 60, 38, 0
10053, 0, 2, 60, 39, 0
10053, 0, 2, 60, 40, 0
10053, 0, 2, 60, 41, 0
10053, 0, 2, 60, 42, 0
10053, 0, 2, 60, 43, 0
10053, 0, 2, 60, 44, 0
10053, 0, 2, 60, 45, 0
10053, 0, 2, 60, 46, 0
10053, 0, 2, 60, 47, 0
10053, 0, 2, 60, 48, 0
10053, 0, 2, 60, 49, 0
10053, 0, 2, 60, 50, 0
10053, 0, 2, 60, 51, 0
10053, 0, 2, 60, 52, 0
10053, 0, 2, 60, 53, 0
10053, 0, 2, 60, 54, 0
10053, 0, 2, 60, 55, 0
10053, 0, 2, 60, 56, 0
10053, 0, 2, 60, 57, 0
10053, 0, 2, 60, 58, 0
10053, 0, 2, 60, 59, 0
10053, 9, 1, 60, 60, 0
10054, 10, 2, 33, 51, 0
10054, 10, 2, 33, 52, 0
10054, 10, 2, 33, 53, 0
10054, 10, 2, 33, 54, 0
10054, 10, 2, 33, 55, 0
10054, 10, 1, 50, 34, 0
10054, 10, 1, 50, 37, 0
10054, 10, 1, 50, 40, 0
10054, 10, 1, 51, 34, 0
10054, 10, 1, 51, 37, 0
10054, 10, 1, 51, 40, 0
10054, 10, 1, 52, 34, 0
10054, 10, 1, 52, 37, 0
10054, 10, 1, 52, 40, 0
10054, 10, 1, 53, 34, 0
10054, 10, 1, 53, 37, 0
10054, 10, 1, 53, 40, 0
10054, 10, 1, 54, 34, 0
10054, 10, 1, 54, 37, 0
10054, 10, 1, 54, 40, 0
10055, 10, 2, 4, 42, 0
10055, 10, 3, 46, 4, 0
10056, 10, 2, 4, 45, 0
10056, 10, 2, 4, 46, 0
10056, 10, 2, 4, 47, 0
10056, 10, 3, 49, 4, 0
10056, 10, 3, 50, 4, 0
10056, 10, 3, 51, 4, 0
10057, 10, 0, 5, 43, 0
10057, 10, 0, 5, 47, 0
10057, 10, 0, 31, 48, 0
10057, 10, 0, 46, 46, 0
10057, 10, 0, 46, 48, 0
10057, 10, 0, 47, 9, 0
10058, 10, 2, 11, 17, 1
10058, 10, 0, 11, 20, 1
10058, 10, 1, 34, 26, 1
10058, 10, 3, 37, 26, 1
10059, 10, 1, 11, 17, 0
10059, 10, 0, 11, 18, 0
10059, 10, 1, 11, 19, 0
10059, 10, 3, 11, 20, 0
10059, 10, 2, 11, 21, 0
10059, 10, 1, 11, 22, 0
10059, 10, 2, 13, 17, 0
10059, 10, 3, 13, 18, 0
10059, 10, 2, 13, 19, 0
10059, 10, 3, 13, 20, 0
10059, 10, 2, 13, 21, 0
10059, 10, 1, 13, 22, 0
10059, 10, 0, 34, 26, 0
10059, 10, 1, 34, 28, 0
10059, 10, 1, 35, 26, 0
10059, 10, 2, 35, 28, 0
10059, 10, 2, 36, 26, 0
10059, 10, 3, 36, 28, 0
10059, 10, 2, 37, 26, 0
10059, 10, 3, 37, 28, 0
10059, 10, 3, 38, 26, 0
10059, 10, 0, 38, 28, 0
10059, 10, 0, 39, 26, 0
10059, 10, 1, 39, 28, 0
10060, 10, 1, 11, 9, 0
10060, 10, 1, 11, 16, 0
10060, 10, 1, 11, 24, 0
10060, 10, 1, 11, 29, 0
10060, 10, 1, 15, 14, 0
10060, 10, 1, 15, 17, 0
10060, 10, 1, 15, 22, 0
10060, 10, 1, 15, 25, 0
10060, 10, 1, 18, 14, 0
10060, 10, 1, 19, 9, 0
10060, 10, 1, 19, 25, 0
10060, 10, 1, 19, 29, 0
10060, 10, 1, 28, 29, 0
10060, 10, 1, 29, 9, 0
10060, 10, 1, 38, 9, 0
10060, 10, 1, 38, 14, 0
10060, 10, 1, 38, 25, 0
10060, 10, 1, 38, 29, 0
10060, 10, 1, 41, 14, 0
10060, 10, 1, 41, 17, 0
10060, 10, 1, 41, 22, 0
10060, 10, 1, 41, 25, 0
10060, 10, 1, 45, 9, 0
10060, 10, 1, 45, 16, 0
10060, 10, 1, 45, 23, 0
10060, 10, 1, 45, 29, 0
10061, 0, 2, 10, 10, 0
10061, 0, 2, 10, 11, 0
10061, 0, 2, 10, 12, 0
10061, 0, 2, 10, 13, 0
10061, 0, 2, 10, 14, 0
10061, 0, 2, 10, 15, 0
10061, 0, 2, 10, 16, 0
10061, 0, 2, 10, 17, 0
10061, 0, 2, 10, 18, 0
10061, 0, 2, 10, 19, 0
10061, 0, 2, 10, 20, 0
10061, 0, 2, 10, 21, 0
10061, 0, 2, 10, 22, 0
10061, 0, 2, 10, 23, 0
10061, 0, 2, 10, 24, 0
10061, 0, 2, 10, 25, 0
10061, 0, 2, 10, 26, 0
10061, 0, 2, 10, 27, 0
10061, 0, 2, 10, 28, 0
10061, 0, 2, 10, 29, 0
10061, 0, 3, 11, 10, 0
10061, 0, 1, 11, 29, 0
10061, 0, 3, 12, 10, 0
10061, 0, 1, 12, 29, 0
10061, 0, 3, 13, 10, 0
10061, 0, 1, 13, 29, 0
10061, 0, 3, 14, 10, 0
10061, 0, 2, 14, 23, 0
10061, 0, 2, 14, 24, 0
10061, 0, 2, 14, 25, 0
10061, 0, 1, 14, 29, 0
10061, 0, 3, 15, 10, 0
10061, 0, 1, 15, 14, 0
10061, 0, 0, 15, 15, 0
10061, 0, 0, 15, 16, 0
10061, 0, 0, 15, 17, 0
10061, 0, 1, 15, 25, 0
10061, 0, 1, 15, 29, 0
10061, 0, 3, 16, 10, 0
10061, 0, 1, 16, 14, 0
10061, 0, 1, 16, 25, 0
10061, 0, 1, 16, 29, 0
10061, 0, 3, 17, 10, 0
10061, 0, 1, 17, 14, 0
10061, 0, 1, 17, 25, 0
10061, 0, 1, 17, 29, 0
10061, 0, 3, 18, 10, 0
10061, 0, 1, 18, 25, 0
10061, 0, 1, 18, 29, 0
10061, 0, 3, 19, 10, 0
10061, 0, 1, 19, 29, 0
10061, 0, 3, 20, 10, 0
10061, 0, 1, 20, 29, 0
10061, 0, 3, 21, 10, 0
10061, 0, 1, 21, 29, 0
10061, 0, 3, 22, 10, 0
10061, 0, 1, 22, 29, 0
10061, 0, 3, 23, 10, 0
10061, 0, 1, 23, 29, 0
10061, 0, 3, 24, 10, 0
10061, 0, 1, 24, 24, 0
10061, 0, 1, 24, 29, 0
10061, 0, 3, 25, 10, 0
10061, 0, 1, 25, 24, 0
10061, 0, 1, 25, 29, 0
10061, 0, 3, 26, 10, 0
10061, 0, 1, 26, 24, 0
10061, 0, 1, 26, 29, 0
10061, 0, 3, 27, 10, 0
10061, 0, 3, 28, 10, 0
10061, 0, 3, 29, 10, 0
10061, 0, 3, 30, 10, 0
10061, 0, 1, 30, 14, 0
10061, 0, 3, 30, 25, 0
10061, 0, 1, 30, 29, 0
10061, 0, 3, 31, 10, 0
10061, 0, 1, 31, 14, 0
10061, 0, 3, 31, 25, 0
10061, 0, 1, 31, 29, 0
10061, 0, 3, 32, 10, 0
10061, 0, 1, 32, 14, 0
10061, 0, 3, 32, 25, 0
10061, 0, 1, 32, 29, 0
10061, 0, 1, 33, 29, 0
10061, 0, 1, 34, 29, 0
10061, 0, 1, 35, 29, 0
10061, 0, 3, 36, 10, 0
10061, 0, 1, 36, 14, 0
10061, 0, 1, 36, 29, 0
10061, 0, 3, 37, 10, 0
10061, 0, 1, 37, 14, 0
10061, 0, 1, 37, 29, 0
10061, 0, 3, 38, 10, 0
10061, 0, 1, 38, 14, 0
10061, 0, 1, 38, 25, 0
10061, 0, 1, 38, 29, 0
10061, 0, 3, 39, 10, 0
10061, 0, 1, 39, 14, 0
10061, 0, 1, 39, 25, 0
10061, 0, 1, 39, 29, 0
10061, 0, 3, 40, 10, 0
10061, 0, 1, 40, 14, 0
10061, 0, 2, 40, 15, 0
10061, 0, 2, 40, 16, 0
10061, 0, 2, 40, 17, 0
10061, 0, 1, 40, 25, 0
10061, 0, 1, 40, 29, 0
10061, 0, 3, 41, 10, 0
10061, 0, 0, 41, 23, 0
10061, 0, 0, 41, 24, 0
10061, 0, 0, 41, 25, 0
10061, 0, 1, 41, 29, 0
10061, 0, 3, 42, 10, 0
10061, 0, 1, 42, 29, 0
10061, 0, 3, 43, 10, 0
10061, 0, 1, 43, 29, 0
10061, 0, 3, 44, 10, 0
10061, 0, 1, 44, 29, 0
10061, 0, 0, 45, 10, 0
10061, 0, 0, 45, 11, 0
10061, 0, 0, 45, 12, 0
10061, 0, 0, 45, 13, 0
10061, 0, 0, 45, 14, 0
10061, 0, 0, 45, 15, 0
10061, 0, 0, 45, 24, 0
10061, 0, 0, 45, 25, 0
10061, 0, 0, 45, 26, 0
10061, 0, 0, 45, 27, 0
10061, 0, 0, 45, 28, 0
10061, 0, 0, 45, 29, 0
10062, 10, 3, 19, 26, 0
10062, 10, 3, 19, 28, 0
10062, 10, 1, 40, 10, 0
10062, 10, 1, 40, 13, 0
10063, 10, 2, 26, 26, 0
10063, 10, 2, 26, 28, 0
10063, 10, 0, 29, 26, 0
10063, 10, 0, 29, 28, 0
10063, 10, 2, 32, 11, 0
10063, 10, 2, 32, 13, 0
10063, 10, 0, 35, 11, 0
10063, 10, 0, 35, 13, 0
10064, 10, 0, 16, 11, 0
10064, 10, 2, 19, 11, 1
10064, 10, 0, 25, 11, 1
10065, 10, 0, 22, 11, 0
10066, 10, 2, 19, 11, 0
10066, 10, 0, 25, 14, 0
10067, 10, 2, 19, 14, 0
10067, 10, 0, 25, 11, 0
10068, 10, 0, 24, 21, 0
10069, 10, 0, 26, 21, 0
10070, 10, 0, 28, 21, 0
10071, 10, 0, 30, 21, 0
10076, 22, 0, 24, 19, 0
10076, 22, 2, 24, 20, 0
10077, 22, 0, 26, 19, 0
10077, 22, 2, 26, 20, 0
10078, 22, 0, 28, 19, 0
10078, 22, 2, 28, 20, 0
10079, 22, 0, 30, 19, 0
10079, 22, 2, 30, 20, 0
10080, 10, 3, 54, 15, 0
10080, 10, 3, 54, 17, 0
10080, 10, 3, 54, 19, 0
10080, 10, 3, 54, 21, 0
10081, 10, 2, 5, 28, 0
10081, 10, 2, 5, 36, 0
10081, 10, 2, 15, 5, 0
10081, 10, 2, 35, 57, 0
10081, 10, 2, 40, 5, 0
10081, 10, 2, 52, 53, 0
10081, 10, 2, 57, 13, 0
10081, 10, 2, 57, 27, 0
10081, 10, 2, 58, 46, 0
10082, 10, 2, 5, 10, 0
10082, 10, 2, 7, 23, 0
10082, 10, 2, 20, 4, 0
10082, 10, 2, 39, 55, 0
10082, 10, 2, 58, 4, 0
10083, 10, 2, 5, 17, 0
10083, 10, 2, 30, 5, 0
10083, 10, 2, 42, 56, 0
10083, 10, 2, 57, 20, 0
10084, 10, 1, 56, 32, 0
10085, 10, 2, 51, 14, 0
10085, 10, 2, 51, 22, 0
10085, 10, 2, 53, 14, 0
10085, 10, 2, 53, 22, 0
10085, 10, 1, 55, 14, 0
10085, 10, 1, 55, 16, 0
10085, 10, 1, 55, 18, 0
10085, 10, 1, 55, 20, 0
