728, 22, 2, 7, 4, 0
728, 22, 2, 7, 5, 0
728, 22, 1, 7, 29, 0
728, 22, 2, 8, 1, 0
728, 22, 3, 8, 6, 0
728, 22, 0, 8, 8, 0
728, 22, 2, 8, 11, 0
728, 22, 1, 8, 53, 0
728, 22, 2, 9, 2, 0
728, 22, 1, 9, 9, 0
728, 22, 2, 9, 15, 0
728, 22, 2, 9, 16, 0
728, 22, 2, 9, 18, 0
728, 22, 3, 9, 26, 0
728, 22, 1, 9, 27, 0
728, 22, 2, 9, 31, 0
728, 22, 1, 10, 14, 0
728, 22, 3, 10, 16, 0
728, 22, 2, 10, 17, 0
728, 22, 2, 10, 19, 0
728, 22, 1, 10, 20, 0
728, 22, 0, 10, 24, 0
728, 22, 0, 10, 25, 0
728, 22, 2, 10, 28, 0
728, 22, 3, 10, 30, 0
728, 22, 2, 10, 32, 0
728, 22, 1, 10, 34, 0
728, 22, 2, 11, 17, 0
728, 22, 1, 11, 19, 0
728, 22, 1, 11, 22, 0
728, 22, 3, 11, 23, 0
728, 22, 3, 11, 25, 0
728, 22, 2, 11, 26, 0
728, 22, 3, 11, 27, 0
728, 22, 1, 11, 28, 0
728, 22, 3, 11, 34, 0
728, 22, 3, 11, 48, 0
728, 22, 2, 11, 54, 0
728, 22, 0, 12, 2, 0
728, 22, 3, 12, 11, 0
728, 22, 0, 12, 17, 0
728, 22, 2, 12, 18, 0
728, 22, 2, 12, 21, 0
728, 22, 3, 12, 35, 0
728, 22, 3, 12, 36, 0
728, 22, 1, 13, 16, 0
728, 22, 1, 13, 21, 0
728, 22, 1, 13, 26, 0
728, 22, 3, 13, 27, 0
728, 22, 2, 13, 37, 0
728, 22, 3, 13, 43, 0
728, 22, 3, 14, 1, 0
728, 22, 0, 14, 12, 0
728, 22, 3, 14, 20, 0
728, 22, 0, 14, 36, 0
728, 22, 1, 14, 44, 0
728, 22, 3, 15, 12, 0
728, 22, 2, 15, 15, 0
728, 22, 0, 15, 20, 0
728, 22, 1, 15, 37, 0
728, 22, 2, 16, 2, 0
728, 22, 0, 16, 16, 0
728, 22, 3, 16, 17, 0
728, 22, 0, 16, 28, 0
728, 22, 2, 16, 37, 0
728, 22, 1, 16, 57, 0
728, 22, 2, 17, 10, 0
728, 22, 3, 17, 18, 0
728, 22, 2, 17, 19, 0
728, 22, 1, 17, 20, 0
728, 22, 0, 17, 28, 0
728, 22, 1, 17, 29, 0
728, 22, 3, 17, 30, 0
728, 22, 3, 17, 35, 0
728, 22, 3, 17, 37, 0
728, 22, 1, 17, 57, 0
728, 22, 2, 17, 58, 0
728, 22, 1, 18, 2, 0
728, 22, 1, 18, 10, 0
728, 22, 0, 18, 17, 0
728, 22, 3, 18, 29, 0
728, 22, 3, 18, 31, 0
728, 22, 0, 18, 32, 0
728, 22, 1, 18, 33, 0
728, 22, 0, 18, 34, 0
728, 22, 3, 18, 36, 0
728, 22, 1, 18, 59, 0
728, 22, 1, 19, 10, 0
728, 22, 3, 19, 17, 0
728, 22, 2, 19, 18, 0
728, 22, 1, 19, 29, 0
728, 22, 0, 19, 32, 0
728, 22, 3, 19, 34, 0
728, 22, 2, 20, 3, 0
728, 22, 2, 20, 19, 0
728, 22, 3, 20, 26, 0
728, 22, 0, 20, 27, 0
728, 22, 2, 20, 28, 0
728, 22, 0, 20, 31, 0
728, 22, 0, 20, 33, 0
728, 22, 2, 20, 36, 0
728, 22, 1, 20, 38, 0
728, 22, 2, 20, 54, 0
728, 22, 0, 20, 55, 0
728, 22, 0, 20, 58, 0
728, 22, 3, 21, 4, 0
728, 22, 3, 21, 18, 0
728, 22, 1, 21, 19, 0
728, 22, 1, 21, 20, 0
728, 22, 2, 21, 53, 0
728, 22, 2, 21, 55, 0
728, 22, 0, 21, 56, 0
728, 22, 3, 21, 57, 0
728, 22, 2, 22, 7, 0
728, 22, 2, 22, 21, 0
728, 22, 2, 22, 25, 0
728, 22, 1, 22, 26, 0
728, 22, 2, 22, 27, 0
728, 22, 0, 22, 38, 0
728, 22, 0, 22, 42, 0
728, 22, 2, 22, 56, 0
728, 22, 0, 22, 58, 0
728, 22, 2, 22, 59, 0
728, 22, 1, 23, 21, 0
728, 22, 1, 23, 23, 0
728, 22, 2, 23, 24, 0
728, 22, 0, 23, 26, 0
728, 22, 0, 23, 53, 0
728, 22, 0, 24, 22, 0
728, 22, 3, 24, 23, 0
728, 22, 0, 24, 25, 0
728, 22, 0, 24, 43, 0
728, 22, 0, 24, 52, 0
728, 22, 1, 24, 55, 0
728, 22, 1, 24, 56, 0
728, 22, 1, 24, 57, 0
728, 22, 3, 24, 59, 0
728, 22, 0, 25, 12, 0
728, 22, 2, 25, 24, 0
728, 22, 2, 25, 38, 0
728, 22, 0, 25, 52, 0
728, 22, 3, 25, 55, 0
728, 22, 0, 25, 56, 0
728, 22, 1, 25, 57, 0
728, 22, 3, 25, 60, 0
728, 22, 3, 26, 10, 0
728, 22, 3, 26, 15, 0
728, 22, 2, 26, 20, 0
728, 22, 0, 26, 42, 0
728, 22, 1, 26, 56, 0
728, 22, 0, 26, 57, 0
728, 22, 0, 27, 5, 0
728, 22, 1, 27, 16, 0
728, 22, 0, 27, 19, 0
728, 22, 3, 27, 49, 0
728, 22, 0, 27, 53, 0
728, 22, 0, 27, 59, 0
728, 22, 2, 27, 60, 0
728, 22, 1, 28, 18, 0
728, 22, 1, 28, 46, 0
728, 22, 0, 28, 47, 0
728, 22, 2, 28, 50, 0
728, 22, 1, 28, 51, 0
728, 22, 1, 28, 54, 0
728, 22, 3, 28, 56, 0
728, 22, 2, 28, 58, 0
728, 22, 2, 29, 15, 0
728, 22, 1, 29, 45, 0
728, 22, 1, 29, 51, 0
728, 22, 1, 29, 52, 0
728, 22, 1, 29, 53, 0
728, 22, 2, 29, 54, 0
728, 22, 0, 29, 56, 0
728, 22, 0, 29, 58, 0
728, 22, 3, 30, 6, 0
728, 22, 2, 30, 13, 0
728, 22, 0, 30, 45, 0
728, 22, 0, 30, 46, 0
728, 22, 2, 30, 55, 0
728, 22, 1, 31, 9, 0
728, 22, 0, 31, 46, 0
728, 22, 3, 31, 53, 0
728, 22, 0, 31, 57, 0
728, 22, 1, 32, 10, 0
728, 22, 3, 32, 46, 0
728, 22, 0, 32, 53, 0
728, 22, 0, 32, 55, 0
728, 22, 0, 32, 58, 0
728, 22, 2, 32, 60, 0
728, 22, 3, 33, 46, 0
728, 22, 3, 33, 53, 0
728, 22, 1, 33, 54, 0
728, 22, 2, 33, 60, 0
728, 22, 0, 34, 4, 0
728, 22, 0, 34, 46, 0
728, 22, 1, 34, 47, 0
728, 22, 1, 34, 52, 0
728, 22, 1, 34, 53, 0
728, 22, 0, 34, 55, 0
728, 22, 2, 35, 47, 0
728, 22, 3, 35, 48, 0
728, 22, 0, 35, 54, 0
728, 22, 3, 35, 60, 0
728, 22, 0, 36, 48, 0
728, 22, 3, 36, 50, 0
728, 22, 2, 36, 54, 0
728, 22, 3, 37, 54, 0
728, 22, 1, 37, 59, 0
728, 22, 1, 37, 60, 0
728, 22, 3, 38, 7, 0
728, 22, 3, 38, 54, 0
728, 22, 2, 38, 55, 0
728, 22, 3, 38, 56, 0
728, 22, 0, 38, 59, 0
728, 22, 2, 39, 4, 0
728, 22, 0, 39, 5, 0
728, 22, 3, 39, 7, 0
728, 22, 0, 39, 8, 0
728, 22, 2, 39, 13, 0
728, 22, 3, 39, 56, 0
728, 22, 1, 39, 57, 0
728, 22, 3, 40, 3, 0
728, 22, 0, 40, 5, 0
728, 22, 3, 40, 6, 0
728, 22, 0, 40, 7, 0
728, 22, 2, 40, 12, 0
728, 22, 2, 40, 14, 0
728, 22, 3, 40, 15, 0
728, 22, 0, 40, 17, 0
728, 22, 0, 41, 2, 0
728, 22, 3, 41, 3, 0
728, 22, 2, 41, 10, 0
728, 22, 0, 41, 12, 0
728, 22, 2, 41, 13, 0
728, 22, 1, 42, 2, 0
728, 22, 3, 42, 3, 0
728, 22, 1, 42, 4, 0
728, 22, 0, 42, 10, 0
728, 22, 3, 42, 13, 0
728, 22, 0, 42, 14, 0
728, 22, 2, 42, 16, 0
728, 22, 1, 42, 48, 0
728, 22, 3, 43, 1, 0
728, 22, 2, 43, 2, 0
728, 22, 0, 43, 10, 0
728, 22, 2, 43, 11, 0
728, 22, 2, 43, 15, 0
728, 22, 2, 44, 3, 0
728, 22, 1, 44, 9, 0
728, 22, 2, 44, 10, 0
728, 22, 3, 44, 13, 0
728, 22, 2, 44, 14, 0
728, 22, 3, 44, 15, 0
728, 22, 2, 44, 17, 0
728, 22, 0, 44, 18, 0
728, 22, 1, 44, 47, 0
728, 22, 3, 44, 52, 0
728, 22, 3, 45, 3, 0
728, 22, 3, 45, 4, 0
728, 22, 2, 45, 16, 0
728, 22, 2, 45, 17, 0
728, 22, 3, 45, 18, 0
728, 22, 2, 45, 45, 0
728, 22, 0, 46, 2, 0
728, 22, 2, 46, 4, 0
728, 22, 3, 46, 43, 0
728, 22, 0, 46, 52, 0
728, 22, 1, 47, 2, 0
728, 22, 0, 47, 3, 0
728, 22, 3, 47, 42, 0
728, 22, 0, 48, 40, 0
728, 22, 1, 48, 53, 0
728, 22, 0, 49, 54, 0
728, 22, 1, 49, 56, 0
728, 22, 3, 50, 7, 0
728, 22, 2, 50, 9, 0
728, 22, 1, 50, 39, 0
728, 22, 3, 50, 47, 0
728, 22, 1, 50, 49, 0
728, 22, 3, 51, 5, 0
728, 22, 3, 51, 26, 0
728, 22, 3, 51, 31, 0
728, 22, 1, 51, 40, 0
728, 22, 0, 51, 57, 0
728, 22, 1, 52, 4, 0
728, 22, 1, 52, 21, 0
728, 22, 2, 52, 31, 0
728, 22, 3, 53, 11, 0
728, 22, 3, 53, 20, 0
728, 22, 0, 53, 21, 0
728, 22, 0, 53, 23, 0
728, 22, 3, 53, 41, 0
728, 22, 1, 53, 43, 0
728, 22, 0, 53, 46, 0
728, 22, 0, 54, 4, 0
728, 22, 3, 54, 5, 0
728, 22, 3, 54, 12, 0
728, 22, 0, 54, 13, 0
728, 22, 3, 54, 21, 0
728, 22, 1, 54, 22, 0
728, 22, 3, 54, 31, 0
728, 22, 1, 54, 45, 0
728, 22, 3, 55, 6, 0
728, 22, 0, 55, 11, 0
728, 22, 0, 55, 13, 0
728, 22, 2, 55, 23, 0
728, 22, 1, 55, 25, 0
728, 22, 3, 55, 26, 0
728, 22, 2, 56, 7, 0
728, 22, 3, 56, 9, 0
728, 22, 2, 56, 10, 0
728, 22, 3, 56, 19, 0
728, 22, 3, 56, 20, 0
728, 22, 2, 56, 21, 0
728, 22, 2, 56, 24, 0
728, 22, 1, 57, 3, 0
728, 22, 2, 57, 5, 0
728, 22, 2, 57, 7, 0
728, 22, 0, 57, 9, 0
728, 22, 1, 57, 31, 0
728, 22, 2, 57, 45, 0
728, 22, 2, 58, 10, 0
728, 22, 0, 58, 19, 0
728, 22, 1, 58, 22, 0
728, 22, 2, 58, 24, 0
728, 22, 3, 58, 30, 0
728, 22, 0, 58, 46, 0
728, 22, 3, 59, 5, 0
728, 22, 1, 59, 8, 0
728, 22, 3, 59, 21, 0
728, 22, 3, 59, 29, 0
728, 22, 2, 59, 30, 0
728, 22, 3, 59, 32, 0
728, 22, 0, 59, 33, 0
728, 22, 1, 59, 52, 0
728, 22, 1, 60, 32, 0
728, 22, 3, 60, 48, 0
728, 22, 1, 60, 50, 0
728, 22, 2, 61, 30, 0
729, 22, 0, 4, 12, 0
729, 22, 1, 4, 13, 0
729, 22, 2, 5, 5, 0
729, 22, 3, 5, 6, 0
729, 22, 2, 5, 12, 0
729, 22, 1, 5, 15, 0
729, 22, 1, 5, 30, 0
729, 22, 3, 5, 52, 0
729, 22, 0, 5, 53, 0
729, 22, 3, 6, 1, 0
729, 22, 3, 6, 2, 0
729, 22, 1, 6, 3, 0
729, 22, 0, 6, 4, 0
729, 22, 1, 6, 5, 0
729, 22, 0, 6, 6, 0
729, 22, 0, 6, 7, 0
729, 22, 2, 6, 14, 0
729, 22, 3, 6, 18, 0
729, 22, 3, 6, 19, 0
729, 22, 1, 6, 20, 0
729, 22, 0, 6, 29, 0
729, 22, 2, 6, 30, 0
729, 22, 3, 6, 31, 0
729, 22, 3, 6, 50, 0
729, 22, 3, 7, 0, 0
729, 22, 0, 7, 1, 0
729, 22, 1, 7, 2, 0
729, 22, 2, 7, 3, 0
729, 22, 2, 7, 6, 0
729, 22, 2, 7, 7, 0
729, 22, 3, 7, 8, 0
729, 22, 2, 7, 9, 0
729, 22, 0, 7, 10, 0
729, 22, 1, 7, 11, 0
729, 22, 2, 7, 12, 0
729, 22, 1, 7, 13, 0
729, 22, 0, 7, 14, 0
729, 22, 3, 7, 16, 0
729, 22, 0, 7, 17, 0
729, 22, 1, 7, 18, 0
729, 22, 3, 7, 20, 0
729, 22, 2, 7, 21, 0
729, 22, 3, 7, 28, 0
729, 22, 0, 7, 30, 0
729, 22, 0, 7, 31, 0
729, 22, 2, 7, 50, 0
729, 22, 2, 7, 51, 0
729, 22, 0, 7, 52, 0
729, 22, 0, 7, 53, 0
729, 22, 1, 7, 54, 0
729, 22, 0, 7, 55, 0
729, 22, 2, 8, 0, 0
729, 22, 0, 8, 2, 0
729, 22, 1, 8, 3, 0
729, 22, 2, 8, 9, 0
729, 22, 0, 8, 10, 0
729, 22, 1, 8, 12, 0
729, 22, 3, 8, 13, 0
729, 22, 0, 8, 14, 0
729, 22, 1, 8, 15, 0
729, 22, 1, 8, 16, 0
729, 22, 3, 8, 17, 0
729, 22, 1, 8, 18, 0
729, 22, 3, 8, 19, 0
729, 22, 2, 8, 20, 0
729, 22, 0, 8, 21, 0
729, 22, 3, 8, 22, 0
729, 22, 2, 8, 25, 0
729, 22, 2, 8, 26, 0
729, 22, 1, 8, 27, 0
729, 22, 0, 8, 28, 0
729, 22, 1, 8, 29, 0
729, 22, 0, 8, 30, 0
729, 22, 0, 8, 31, 0
729, 22, 1, 8, 32, 0
729, 22, 2, 8, 33, 0
729, 22, 0, 8, 51, 0
729, 22, 2, 8, 54, 0
729, 22, 1, 8, 55, 0
729, 22, 3, 9, 0, 0
729, 22, 2, 9, 1, 0
729, 22, 2, 9, 10, 0
729, 22, 1, 9, 11, 0
729, 22, 2, 9, 12, 0
729, 22, 0, 9, 13, 0
729, 22, 3, 9, 14, 0
729, 22, 0, 9, 19, 0
729, 22, 2, 9, 20, 0
729, 22, 3, 9, 21, 0
729, 22, 2, 9, 22, 0
729, 22, 1, 9, 23, 0
729, 22, 0, 9, 24, 0
729, 22, 2, 9, 25, 0
729, 22, 2, 9, 29, 0
729, 22, 1, 9, 30, 0
729, 22, 3, 9, 33, 0
729, 22, 2, 9, 34, 0
729, 22, 3, 9, 48, 0
729, 22, 0, 9, 49, 0
729, 22, 2, 9, 50, 0
729, 22, 0, 9, 52, 0
729, 22, 3, 9, 54, 0
729, 22, 2, 9, 55, 0
729, 22, 1, 10, 1, 0
729, 22, 3, 10, 12, 0
729, 22, 2, 10, 13, 0
729, 22, 0, 10, 21, 0
729, 22, 1, 10, 22, 0
729, 22, 2, 10, 35, 0
729, 22, 2, 10, 36, 0
729, 22, 1, 10, 44, 0
729, 22, 2, 10, 45, 0
729, 22, 2, 10, 46, 0
729, 22, 2, 10, 47, 0
729, 22, 1, 10, 48, 0
729, 22, 3, 10, 50, 0
729, 22, 0, 10, 51, 0
729, 22, 0, 10, 52, 0
729, 22, 1, 10, 53, 0
729, 22, 1, 10, 54, 0
729, 22, 0, 10, 55, 0
729, 22, 3, 10, 56, 0
729, 22, 1, 11, 0, 0
729, 22, 2, 11, 1, 0
729, 22, 1, 11, 2, 0
729, 22, 3, 11, 12, 0
729, 22, 3, 11, 13, 0
729, 22, 1, 11, 20, 0
729, 22, 1, 11, 21, 0
729, 22, 0, 11, 36, 0
729, 22, 2, 11, 37, 0
729, 22, 1, 11, 43, 0
729, 22, 1, 11, 45, 0
729, 22, 3, 11, 46, 0
729, 22, 2, 11, 47, 0
729, 22, 2, 11, 50, 0
729, 22, 2, 11, 53, 0
729, 22, 2, 11, 55, 0
729, 22, 1, 11, 56, 0
729, 22, 0, 12, 0, 0
729, 22, 0, 12, 13, 0
729, 22, 0, 12, 19, 0
729, 22, 3, 12, 20, 0
729, 22, 0, 12, 31, 0
729, 22, 3, 12, 32, 0
729, 22, 3, 12, 37, 0
729, 22, 0, 12, 38, 0
729, 22, 1, 12, 42, 0
729, 22, 0, 12, 44, 0
729, 22, 3, 12, 46, 0
729, 22, 0, 12, 47, 0
729, 22, 0, 12, 49, 0
729, 22, 0, 12, 50, 0
729, 22, 2, 12, 54, 0
729, 22, 2, 12, 55, 0
729, 22, 2, 12, 56, 0
729, 22, 1, 13, 0, 0
729, 22, 3, 13, 1, 0
729, 22, 3, 13, 14, 0
729, 22, 1, 13, 17, 0
729, 22, 0, 13, 18, 0
729, 22, 2, 13, 19, 0
729, 22, 3, 13, 29, 0
729, 22, 0, 13, 30, 0
729, 22, 2, 13, 31, 0
729, 22, 3, 13, 32, 0
729, 22, 0, 13, 38, 0
729, 22, 2, 13, 40, 0
729, 22, 3, 13, 42, 0
729, 22, 3, 13, 44, 0
729, 22, 3, 13, 45, 0
729, 22, 1, 13, 46, 0
729, 22, 2, 13, 47, 0
729, 22, 0, 13, 48, 0
729, 22, 2, 13, 49, 0
729, 22, 0, 14, 0, 0
729, 22, 0, 14, 13, 0
729, 22, 1, 14, 14, 0
729, 22, 2, 14, 17, 0
729, 22, 3, 14, 18, 0
729, 22, 1, 14, 23, 0
729, 22, 3, 14, 24, 0
729, 22, 1, 14, 29, 0
729, 22, 1, 14, 30, 0
729, 22, 3, 14, 34, 0
729, 22, 0, 14, 35, 0
729, 22, 3, 14, 38, 0
729, 22, 1, 14, 42, 0
729, 22, 1, 14, 45, 0
729, 22, 3, 14, 48, 0
729, 22, 1, 14, 49, 0
729, 22, 1, 14, 50, 0
729, 22, 3, 14, 56, 0
729, 22, 0, 14, 57, 0
729, 22, 0, 15, 0, 0
729, 22, 2, 15, 1, 0
729, 22, 0, 15, 13, 0
729, 22, 0, 15, 17, 0
729, 22, 1, 15, 18, 0
729, 22, 2, 15, 19, 0
729, 22, 2, 15, 23, 0
729, 22, 2, 15, 24, 0
729, 22, 0, 15, 34, 0
729, 22, 2, 15, 35, 0
729, 22, 3, 15, 38, 0
729, 22, 2, 15, 39, 0
729, 22, 2, 15, 42, 0
729, 22, 3, 15, 43, 0
729, 22, 0, 15, 45, 0
729, 22, 2, 15, 47, 0
729, 22, 3, 15, 49, 0
729, 22, 1, 15, 54, 0
729, 22, 1, 15, 55, 0
729, 22, 0, 15, 56, 0
729, 22, 2, 15, 57, 0
729, 22, 1, 15, 58, 0
729, 22, 3, 15, 59, 0
729, 22, 2, 16, 0, 0
729, 22, 1, 16, 1, 0
729, 22, 2, 16, 13, 0
729, 22, 2, 16, 14, 0
729, 22, 0, 16, 15, 0
729, 22, 1, 16, 19, 0
729, 22, 1, 16, 22, 0
729, 22, 0, 16, 23, 0
729, 22, 2, 16, 39, 0
729, 22, 0, 16, 41, 0
729, 22, 1, 16, 43, 0
729, 22, 3, 16, 44, 0
729, 22, 0, 16, 45, 0
729, 22, 1, 16, 48, 0
729, 22, 0, 16, 54, 0
729, 22, 0, 16, 55, 0
729, 22, 1, 16, 56, 0
729, 22, 3, 16, 58, 0
729, 22, 2, 16, 59, 0
729, 22, 3, 17, 0, 0
729, 22, 1, 17, 1, 0
729, 22, 3, 17, 12, 0
729, 22, 1, 17, 13, 0
729, 22, 3, 17, 14, 0
729, 22, 0, 17, 15, 0
729, 22, 0, 17, 16, 0
729, 22, 2, 17, 22, 0
729, 22, 1, 17, 23, 0
729, 22, 2, 17, 25, 0
729, 22, 0, 17, 26, 0
729, 22, 1, 17, 38, 0
729, 22, 2, 17, 39, 0
729, 22, 3, 17, 41, 0
729, 22, 0, 17, 42, 0
729, 22, 0, 17, 43, 0
729, 22, 0, 17, 48, 0
729, 22, 3, 17, 49, 0
729, 22, 0, 17, 53, 0
729, 22, 0, 17, 55, 0
729, 22, 1, 17, 60, 0
729, 22, 1, 18, 0, 0
729, 22, 3, 18, 1, 0
729, 22, 1, 18, 12, 0
729, 22, 3, 18, 13, 0
729, 22, 1, 18, 15, 0
729, 22, 0, 18, 16, 0
729, 22, 2, 18, 19, 0
729, 22, 3, 18, 25, 0
729, 22, 3, 18, 26, 0
729, 22, 3, 18, 41, 0
729, 22, 2, 18, 42, 0
729, 22, 1, 18, 43, 0
729, 22, 0, 18, 52, 0
729, 22, 0, 18, 55, 0
729, 22, 1, 18, 56, 0
729, 22, 0, 18, 57, 0
729, 22, 3, 18, 60, 0
729, 22, 1, 19, 0, 0
729, 22, 1, 19, 1, 0
729, 22, 3, 19, 11, 0
729, 22, 2, 19, 12, 0
729, 22, 1, 19, 13, 0
729, 22, 0, 19, 14, 0
729, 22, 3, 19, 16, 0
729, 22, 1, 19, 22, 0
729, 22, 0, 19, 23, 0
729, 22, 1, 19, 30, 0
729, 22, 0, 19, 31, 0
729, 22, 1, 19, 35, 0
729, 22, 3, 19, 36, 0
729, 22, 1, 19, 37, 0
729, 22, 2, 19, 38, 0
729, 22, 3, 19, 39, 0
729, 22, 1, 19, 51, 0
729, 22, 1, 19, 52, 0
729, 22, 1, 19, 53, 0
729, 22, 3, 19, 54, 0
729, 22, 0, 19, 55, 0
729, 22, 0, 19, 56, 0
729, 22, 2, 19, 60, 0
729, 22, 3, 20, 1, 0
729, 22, 2, 20, 2, 0
729, 22, 1, 20, 11, 0
729, 22, 1, 20, 13, 0
729, 22, 1, 20, 14, 0
729, 22, 1, 20, 15, 0
729, 22, 0, 20, 16, 0
729, 22, 1, 20, 17, 0
729, 22, 3, 20, 21, 0
729, 22, 0, 20, 22, 0
729, 22, 3, 20, 23, 0
729, 22, 2, 20, 24, 0
729, 22, 2, 20, 29, 0
729, 22, 3, 20, 30, 0
729, 22, 1, 20, 32, 0
729, 22, 1, 20, 34, 0
729, 22, 1, 20, 35, 0
729, 22, 2, 20, 37, 0
729, 22, 0, 20, 39, 0
729, 22, 2, 20, 40, 0
729, 22, 1, 20, 41, 0
729, 22, 1, 20, 51, 0
729, 22, 0, 20, 52, 0
729, 22, 2, 20, 53, 0
729, 22, 3, 20, 57, 0
729, 22, 1, 20, 59, 0
729, 22, 3, 20, 60, 0
729, 22, 1, 21, 2, 0
729, 22, 3, 21, 3, 0
729, 22, 1, 21, 10, 0
729, 22, 0, 21, 11, 0
729, 22, 1, 21, 17, 0
729, 22, 0, 21, 21, 0
729, 22, 1, 21, 22, 0
729, 22, 1, 21, 23, 0
729, 22, 0, 21, 24, 0
729, 22, 3, 21, 28, 0
729, 22, 1, 21, 29, 0
729, 22, 3, 21, 30, 0
729, 22, 2, 21, 31, 0
729, 22, 0, 21, 32, 0
729, 22, 0, 21, 33, 0
729, 22, 0, 21, 34, 0
729, 22, 0, 21, 35, 0
729, 22, 3, 21, 37, 0
729, 22, 0, 21, 40, 0
729, 22, 1, 21, 42, 0
729, 22, 0, 21, 50, 0
729, 22, 0, 21, 51, 0
729, 22, 3, 21, 52, 0
729, 22, 0, 21, 58, 0
729, 22, 0, 21, 59, 0
729, 22, 3, 21, 60, 0
729, 22, 2, 22, 3, 0
729, 22, 1, 22, 9, 0
729, 22, 0, 22, 10, 0
729, 22, 1, 22, 11, 0
729, 22, 3, 22, 13, 0
729, 22, 3, 22, 14, 0
729, 22, 0, 22, 15, 0
729, 22, 0, 22, 17, 0
729, 22, 0, 22, 18, 0
729, 22, 3, 22, 19, 0
729, 22, 3, 22, 22, 0
729, 22, 2, 22, 23, 0
729, 22, 0, 22, 24, 0
729, 22, 2, 22, 28, 0
729, 22, 1, 22, 33, 0
729, 22, 2, 22, 34, 0
729, 22, 0, 22, 35, 0
729, 22, 3, 22, 37, 0
729, 22, 1, 22, 41, 0
729, 22, 2, 22, 43, 0
729, 22, 1, 22, 48, 0
729, 22, 3, 22, 50, 0
729, 22, 3, 22, 51, 0
729, 22, 0, 22, 52, 0
729, 22, 0, 22, 60, 0
729, 22, 2, 23, 4, 0
729, 22, 2, 23, 7, 0
729, 22, 2, 23, 8, 0
729, 22, 0, 23, 9, 0
729, 22, 1, 23, 11, 0
729, 22, 0, 23, 13, 0
729, 22, 0, 23, 14, 0
729, 22, 1, 23, 15, 0
729, 22, 0, 23, 19, 0
729, 22, 2, 23, 20, 0
729, 22, 1, 23, 27, 0
729, 22, 3, 23, 28, 0
729, 22, 2, 23, 35, 0
729, 22, 1, 23, 36, 0
729, 22, 0, 23, 37, 0
729, 22, 2, 23, 38, 0
729, 22, 2, 23, 39, 0
729, 22, 1, 23, 40, 0
729, 22, 3, 23, 41, 0
729, 22, 3, 23, 42, 0
729, 22, 1, 23, 43, 0
729, 22, 3, 23, 44, 0
729, 22, 0, 23, 50, 0
729, 22, 0, 23, 51, 0
729, 22, 0, 23, 60, 0
729, 22, 1, 24, 2, 0
729, 22, 3, 24, 3, 0
729, 22, 0, 24, 4, 0
729, 22, 2, 24, 7, 0
729, 22, 1, 24, 8, 0
729, 22, 2, 24, 10, 0
729, 22, 0, 24, 11, 0
729, 22, 1, 24, 12, 0
729, 22, 0, 24, 13, 0
729, 22, 2, 24, 14, 0
729, 22, 1, 24, 16, 0
729, 22, 2, 24, 17, 0
729, 22, 2, 24, 18, 0
729, 22, 1, 24, 20, 0
729, 22, 0, 24, 21, 0
729, 22, 2, 24, 26, 0
729, 22, 0, 24, 27, 0
729, 22, 2, 24, 28, 0
729, 22, 1, 24, 34, 0
729, 22, 3, 24, 37, 0
729, 22, 1, 24, 38, 0
729, 22, 2, 24, 39, 0
729, 22, 3, 24, 40, 0
729, 22, 0, 24, 42, 0
729, 22, 0, 24, 44, 0
729, 22, 3, 24, 47, 0
729, 22, 0, 24, 48, 0
729, 22, 0, 24, 49, 0
729, 22, 0, 24, 50, 0
729, 22, 3, 24, 51, 0
729, 22, 1, 24, 60, 0
729, 22, 3, 24, 61, 0
729, 22, 2, 25, 1, 0
729, 22, 3, 25, 2, 0
729, 22, 0, 25, 5, 0
729, 22, 0, 25, 6, 0
729, 22, 0, 25, 7, 0
729, 22, 0, 25, 8, 0
729, 22, 0, 25, 9, 0
729, 22, 1, 25, 14, 0
729, 22, 1, 25, 15, 0
729, 22, 0, 25, 16, 0
729, 22, 0, 25, 18, 0
729, 22, 1, 25, 21, 0
729, 22, 3, 25, 22, 0
729, 22, 1, 25, 25, 0
729, 22, 0, 25, 26, 0
729, 22, 0, 25, 36, 0
729, 22, 1, 25, 37, 0
729, 22, 3, 25, 40, 0
729, 22, 0, 25, 41, 0
729, 22, 1, 25, 42, 0
729, 22, 0, 25, 44, 0
729, 22, 2, 25, 47, 0
729, 22, 0, 25, 48, 0
729, 22, 0, 25, 49, 0
729, 22, 3, 25, 50, 0
729, 22, 2, 25, 51, 0
729, 22, 1, 25, 61, 0
729, 22, 3, 26, 2, 0
729, 22, 2, 26, 3, 0
729, 22, 1, 26, 4, 0
729, 22, 1, 26, 5, 0
729, 22, 2, 26, 7, 0
729, 22, 3, 26, 8, 0
729, 22, 1, 26, 9, 0
729, 22, 0, 26, 11, 0
729, 22, 2, 26, 12, 0
729, 22, 3, 26, 13, 0
729, 22, 1, 26, 16, 0
729, 22, 0, 26, 17, 0
729, 22, 0, 26, 18, 0
729, 22, 1, 26, 19, 0
729, 22, 0, 26, 22, 0
729, 22, 1, 26, 23, 0
729, 22, 1, 26, 24, 0
729, 22, 2, 26, 25, 0
729, 22, 1, 26, 36, 0
729, 22, 0, 26, 37, 0
729, 22, 0, 26, 38, 0
729, 22, 0, 26, 39, 0
729, 22, 3, 26, 40, 0
729, 22, 2, 26, 41, 0
729, 22, 2, 26, 43, 0
729, 22, 2, 26, 44, 0
729, 22, 3, 26, 46, 0
729, 22, 1, 26, 47, 0
729, 22, 3, 26, 48, 0
729, 22, 2, 26, 49, 0
729, 22, 3, 26, 50, 0
729, 22, 2, 26, 51, 0
729, 22, 3, 26, 52, 0
729, 22, 0, 26, 61, 0
729, 22, 3, 26, 62, 0
729, 22, 3, 27, 0, 0
729, 22, 2, 27, 3, 0
729, 22, 2, 27, 4, 0
729, 22, 2, 27, 6, 0
729, 22, 0, 27, 7, 0
729, 22, 0, 27, 9, 0
729, 22, 3, 27, 11, 0
729, 22, 2, 27, 13, 0
729, 22, 3, 27, 14, 0
729, 22, 2, 27, 15, 0
729, 22, 1, 27, 17, 0
729, 22, 2, 27, 20, 0
729, 22, 3, 27, 21, 0
729, 22, 3, 27, 41, 0
729, 22, 0, 27, 42, 0
729, 22, 1, 27, 43, 0
729, 22, 2, 27, 45, 0
729, 22, 1, 27, 46, 0
729, 22, 1, 27, 51, 0
729, 22, 0, 27, 52, 0
729, 22, 3, 27, 61, 0
729, 22, 1, 27, 62, 0
729, 22, 0, 28, 0, 0
729, 22, 3, 28, 2, 0
729, 22, 0, 28, 3, 0
729, 22, 1, 28, 4, 0
729, 22, 3, 28, 5, 0
729, 22, 3, 28, 6, 0
729, 22, 1, 28, 10, 0
729, 22, 1, 28, 11, 0
729, 22, 3, 28, 14, 0
729, 22, 3, 28, 16, 0
729, 22, 3, 28, 17, 0
729, 22, 0, 28, 20, 0
729, 22, 2, 28, 45, 0
729, 22, 1, 28, 52, 0
729, 22, 2, 28, 60, 0
729, 22, 3, 28, 61, 0
729, 22, 2, 29, 0, 0
729, 22, 0, 29, 2, 0
729, 22, 2, 29, 3, 0
729, 22, 3, 29, 4, 0
729, 22, 3, 29, 5, 0
729, 22, 3, 29, 7, 0
729, 22, 2, 29, 8, 0
729, 22, 2, 29, 9, 0
729, 22, 0, 29, 10, 0
729, 22, 2, 29, 11, 0
729, 22, 0, 29, 12, 0
729, 22, 3, 29, 13, 0
729, 22, 2, 29, 14, 0
729, 22, 1, 29, 16, 0
729, 22, 0, 29, 18, 0
729, 22, 1, 29, 19, 0
729, 22, 2, 29, 20, 0
729, 22, 1, 29, 44, 0
729, 22, 2, 29, 59, 0
729, 22, 1, 29, 60, 0
729, 22, 2, 29, 62, 0
729, 22, 3, 30, 2, 0
729, 22, 0, 30, 4, 0
729, 22, 0, 30, 8, 0
729, 22, 1, 30, 12, 0
729, 22, 1, 30, 15, 0
729, 22, 0, 30, 16, 0
729, 22, 2, 30, 17, 0
729, 22, 1, 30, 19, 0
729, 22, 1, 30, 44, 0
729, 22, 3, 30, 53, 0
729, 22, 0, 30, 54, 0
729, 22, 3, 30, 56, 0
729, 22, 3, 30, 57, 0
729, 22, 3, 30, 58, 0
729, 22, 0, 30, 59, 0
729, 22, 1, 30, 60, 0
729, 22, 1, 31, 0, 0
729, 22, 1, 31, 3, 0
729, 22, 3, 31, 4, 0
729, 22, 1, 31, 5, 0
729, 22, 3, 31, 6, 0
729, 22, 0, 31, 7, 0
729, 22, 2, 31, 11, 0
729, 22, 3, 31, 12, 0
729, 22, 1, 31, 13, 0
729, 22, 2, 31, 14, 0
729, 22, 1, 31, 15, 0
729, 22, 0, 31, 16, 0
729, 22, 2, 31, 44, 0
729, 22, 1, 31, 54, 0
729, 22, 0, 31, 55, 0
729, 22, 1, 31, 56, 0
729, 22, 3, 31, 59, 0
729, 22, 3, 31, 60, 0
729, 22, 2, 31, 61, 0
729, 22, 0, 32, 5, 0
729, 22, 0, 32, 6, 0
729, 22, 0, 32, 7, 0
729, 22, 2, 32, 8, 0
729, 22, 1, 32, 11, 0
729, 22, 3, 32, 14, 0
729, 22, 0, 32, 17, 0
729, 22, 3, 32, 44, 0
729, 22, 1, 32, 45, 0
729, 22, 2, 32, 54, 0
729, 22, 0, 32, 56, 0
729, 22, 3, 32, 61, 0
729, 22, 2, 32, 62, 0
729, 22, 2, 33, 1, 0
729, 22, 3, 33, 4, 0
729, 22, 2, 33, 5, 0
729, 22, 1, 33, 6, 0
729, 22, 2, 33, 8, 0
729, 22, 2, 33, 9, 0
729, 22, 1, 33, 10, 0
729, 22, 3, 33, 11, 0
729, 22, 1, 33, 13, 0
729, 22, 0, 33, 17, 0
729, 22, 0, 33, 45, 0
729, 22, 1, 33, 56, 0
729, 22, 1, 33, 57, 0
729, 22, 2, 33, 61, 0
729, 22, 1, 33, 62, 0
729, 22, 3, 34, 3, 0
729, 22, 1, 34, 6, 0
729, 22, 0, 34, 9, 0
729, 22, 3, 34, 10, 0
729, 22, 0, 34, 12, 0
729, 22, 2, 34, 13, 0
729, 22, 0, 34, 14, 0
729, 22, 3, 34, 15, 0
729, 22, 2, 34, 45, 0
729, 22, 0, 34, 56, 0
729, 22, 3, 34, 57, 0
729, 22, 2, 34, 61, 0
729, 22, 3, 35, 2, 0
729, 22, 1, 35, 3, 0
729, 22, 2, 35, 4, 0
729, 22, 2, 35, 5, 0
729, 22, 2, 35, 12, 0
729, 22, 3, 35, 13, 0
729, 22, 3, 35, 15, 0
729, 22, 0, 35, 16, 0
729, 22, 3, 35, 45, 0
729, 22, 1, 35, 46, 0
729, 22, 3, 35, 53, 0
729, 22, 3, 35, 61, 0
729, 22, 3, 36, 1, 0
729, 22, 0, 36, 2, 0
729, 22, 3, 36, 3, 0
729, 22, 2, 36, 5, 0
729, 22, 0, 36, 7, 0
729, 22, 2, 36, 8, 0
729, 22, 2, 36, 12, 0
729, 22, 0, 36, 13, 0
729, 22, 1, 36, 14, 0
729, 22, 1, 36, 47, 0
729, 22, 3, 36, 52, 0
729, 22, 1, 36, 53, 0
729, 22, 3, 36, 61, 0
729, 22, 2, 36, 62, 0
729, 22, 0, 37, 4, 0
729, 22, 0, 37, 7, 0
729, 22, 2, 37, 8, 0
729, 22, 2, 37, 9, 0
729, 22, 3, 37, 11, 0
729, 22, 0, 37, 16, 0
729, 22, 1, 37, 49, 0
729, 22, 3, 37, 50, 0
729, 22, 3, 37, 51, 0
729, 22, 3, 37, 52, 0
729, 22, 3, 37, 53, 0
729, 22, 1, 37, 61, 0
729, 22, 3, 38, 3, 0
729, 22, 2, 38, 4, 0
729, 22, 0, 38, 5, 0
729, 22, 0, 38, 6, 0
729, 22, 1, 38, 8, 0
729, 22, 1, 38, 9, 0
729, 22, 2, 38, 16, 0
729, 22, 1, 38, 52, 0
729, 22, 0, 38, 53, 0
729, 22, 3, 38, 60, 0
729, 22, 1, 38, 61, 0
729, 22, 0, 39, 3, 0
729, 22, 2, 39, 9, 0
729, 22, 3, 39, 12, 0
729, 22, 0, 39, 18, 0
729, 22, 1, 39, 49, 0
729, 22, 2, 39, 51, 0
729, 22, 0, 39, 53, 0
729, 22, 1, 39, 54, 0
729, 22, 2, 39, 55, 0
729, 22, 0, 39, 59, 0
729, 22, 1, 39, 60, 0
729, 22, 3, 40, 1, 0
729, 22, 0, 40, 2, 0
729, 22, 0, 40, 8, 0
729, 22, 1, 40, 10, 0
729, 22, 2, 40, 11, 0
729, 22, 2, 40, 18, 0
729, 22, 3, 40, 50, 0
729, 22, 2, 40, 51, 0
729, 22, 3, 40, 52, 0
729, 22, 1, 40, 53, 0
729, 22, 2, 40, 54, 0
729, 22, 3, 40, 55, 0
729, 22, 0, 40, 56, 0
729, 22, 2, 40, 57, 0
729, 22, 3, 40, 58, 0
729, 22, 0, 40, 61, 0
729, 22, 0, 41, 1, 0
729, 22, 0, 41, 5, 0
729, 22, 0, 41, 6, 0
729, 22, 0, 41, 7, 0
729, 22, 1, 41, 8, 0
729, 22, 1, 41, 9, 0
729, 22, 3, 41, 11, 0
729, 22, 0, 41, 18, 0
729, 22, 0, 41, 45, 0
729, 22, 2, 41, 46, 0
729, 22, 0, 41, 48, 0
729, 22, 3, 41, 49, 0
729, 22, 2, 41, 50, 0
729, 22, 2, 41, 52, 0
729, 22, 3, 41, 53, 0
729, 22, 1, 41, 58, 0
729, 22, 2, 41, 59, 0
729, 22, 2, 41, 60, 0
729, 22, 0, 42, 0, 0
729, 22, 1, 42, 1, 0
729, 22, 2, 42, 5, 0
729, 22, 1, 42, 8, 0
729, 22, 3, 42, 9, 0
729, 22, 0, 42, 17, 0
729, 22, 1, 42, 18, 0
729, 22, 1, 42, 43, 0
729, 22, 0, 42, 46, 0
729, 22, 3, 42, 47, 0
729, 22, 1, 42, 50, 0
729, 22, 3, 42, 51, 0
729, 22, 1, 42, 52, 0
729, 22, 3, 43, 0, 0
729, 22, 0, 43, 4, 0
729, 22, 2, 43, 5, 0
729, 22, 2, 43, 8, 0
729, 22, 3, 43, 9, 0
729, 22, 1, 43, 18, 0
729, 22, 2, 43, 19, 0
729, 22, 2, 43, 20, 0
729, 22, 3, 43, 44, 0
729, 22, 3, 43, 45, 0
729, 22, 1, 43, 46, 0
729, 22, 0, 44, 0, 0
729, 22, 3, 44, 4, 0
729, 22, 1, 44, 5, 0
729, 22, 2, 44, 7, 0
729, 22, 3, 44, 8, 0
729, 22, 3, 44, 11, 0
729, 22, 1, 44, 20, 0
729, 22, 2, 44, 44, 0
729, 22, 3, 45, 0, 0
729, 22, 1, 45, 1, 0
729, 22, 0, 45, 5, 0
729, 22, 1, 45, 7, 0
729, 22, 0, 45, 8, 0
729, 22, 2, 45, 9, 0
729, 22, 3, 45, 10, 0
729, 22, 1, 45, 11, 0
729, 22, 0, 45, 12, 0
729, 22, 0, 45, 13, 0
729, 22, 0, 45, 14, 0
729, 22, 1, 45, 15, 0
729, 22, 0, 45, 19, 0
729, 22, 0, 45, 20, 0
729, 22, 0, 45, 42, 0
729, 22, 3, 45, 43, 0
729, 22, 3, 45, 44, 0
729, 22, 1, 46, 0, 0
729, 22, 3, 46, 1, 0
729, 22, 1, 46, 5, 0
729, 22, 1, 46, 8, 0
729, 22, 2, 46, 10, 0
729, 22, 0, 46, 11, 0
729, 22, 0, 46, 15, 0
729, 22, 2, 46, 16, 0
729, 22, 2, 46, 17, 0
729, 22, 0, 46, 18, 0
729, 22, 2, 46, 24, 0
729, 22, 1, 46, 25, 0
729, 22, 2, 46, 40, 0
729, 22, 0, 46, 41, 0
729, 22, 1, 47, 1, 0
729, 22, 0, 47, 4, 0
729, 22, 2, 47, 5, 0
729, 22, 3, 47, 9, 0
729, 22, 1, 47, 20, 0
729, 22, 1, 47, 24, 0
729, 22, 3, 47, 29, 0
729, 22, 0, 47, 39, 0
729, 22, 1, 47, 40, 0
729, 22, 2, 47, 56, 0
729, 22, 0, 47, 57, 0
729, 22, 3, 48, 1, 0
729, 22, 2, 48, 2, 0
729, 22, 1, 48, 3, 0
729, 22, 2, 48, 4, 0
729, 22, 3, 48, 6, 0
729, 22, 1, 48, 7, 0
729, 22, 0, 48, 8, 0
729, 22, 2, 48, 9, 0
729, 22, 1, 48, 21, 0
729, 22, 0, 48, 23, 0
729, 22, 3, 48, 27, 0
729, 22, 0, 48, 30, 0
729, 22, 3, 48, 39, 0
729, 22, 2, 48, 57, 0
729, 22, 1, 49, 1, 0
729, 22, 2, 49, 5, 0
729, 22, 2, 49, 10, 0
729, 22, 1, 49, 19, 0
729, 22, 3, 49, 20, 0
729, 22, 0, 49, 21, 0
729, 22, 2, 49, 27, 0
729, 22, 3, 49, 29, 0
729, 22, 3, 49, 30, 0
729, 22, 2, 49, 31, 0
729, 22, 1, 49, 32, 0
729, 22, 1, 49, 39, 0
729, 22, 2, 49, 57, 0
729, 22, 0, 49, 58, 0
729, 22, 2, 50, 1, 0
729, 22, 1, 50, 2, 0
729, 22, 2, 50, 4, 0
729, 22, 3, 50, 5, 0
729, 22, 0, 50, 6, 0
729, 22, 0, 50, 8, 0
729, 22, 1, 50, 10, 0
729, 22, 2, 50, 11, 0
729, 22, 1, 50, 15, 0
729, 22, 0, 50, 16, 0
729, 22, 0, 50, 20, 0
729, 22, 0, 50, 21, 0
729, 22, 3, 50, 22, 0
729, 22, 0, 50, 23, 0
729, 22, 1, 50, 24, 0
729, 22, 0, 50, 25, 0
729, 22, 2, 50, 26, 0
729, 22, 0, 50, 27, 0
729, 22, 1, 50, 29, 0
729, 22, 3, 50, 32, 0
729, 22, 2, 50, 33, 0
729, 22, 0, 50, 38, 0
729, 22, 1, 50, 58, 0
729, 22, 0, 51, 3, 0
729, 22, 3, 51, 4, 0
729, 22, 1, 51, 11, 0
729, 22, 3, 51, 15, 0
729, 22, 3, 51, 19, 0
729, 22, 1, 51, 20, 0
729, 22, 3, 51, 23, 0
729, 22, 2, 51, 24, 0
729, 22, 1, 51, 25, 0
729, 22, 3, 51, 27, 0
729, 22, 0, 51, 29, 0
729, 22, 0, 51, 30, 0
729, 22, 3, 51, 32, 0
729, 22, 3, 51, 33, 0
729, 22, 0, 51, 38, 0
729, 22, 2, 51, 58, 0
729, 22, 0, 52, 1, 0
729, 22, 3, 52, 2, 0
729, 22, 2, 52, 3, 0
729, 22, 0, 52, 5, 0
729, 22, 2, 52, 7, 0
729, 22, 2, 52, 8, 0
729, 22, 2, 52, 9, 0
729, 22, 0, 52, 11, 0
729, 22, 3, 52, 12, 0
729, 22, 1, 52, 18, 0
729, 22, 1, 52, 19, 0
729, 22, 0, 52, 22, 0
729, 22, 2, 52, 24, 0
729, 22, 0, 52, 25, 0
729, 22, 1, 52, 27, 0
729, 22, 1, 52, 29, 0
729, 22, 2, 52, 30, 0
729, 22, 3, 52, 33, 0
729, 22, 2, 52, 38, 0
729, 22, 3, 52, 39, 0
729, 22, 3, 52, 56, 0
729, 22, 3, 52, 57, 0
729, 22, 3, 52, 58, 0
729, 22, 2, 53, 2, 0
729, 22, 1, 53, 3, 0
729, 22, 2, 53, 7, 0
729, 22, 0, 53, 9, 0
729, 22, 1, 53, 12, 0
729, 22, 1, 53, 13, 0
729, 22, 1, 53, 14, 0
729, 22, 0, 53, 15, 0
729, 22, 1, 53, 18, 0
729, 22, 2, 53, 19, 0
729, 22, 3, 53, 24, 0
729, 22, 2, 53, 26, 0
729, 22, 2, 53, 27, 0
729, 22, 1, 53, 28, 0
729, 22, 3, 53, 29, 0
729, 22, 0, 53, 32, 0
729, 22, 1, 53, 33, 0
729, 22, 2, 53, 39, 0
729, 22, 2, 53, 55, 0
729, 22, 2, 54, 1, 0
729, 22, 2, 54, 3, 0
729, 22, 1, 54, 7, 0
729, 22, 2, 54, 8, 0
729, 22, 3, 54, 9, 0
729, 22, 1, 54, 15, 0
729, 22, 2, 54, 17, 0
729, 22, 2, 54, 23, 0
729, 22, 0, 54, 26, 0
729, 22, 0, 54, 27, 0
729, 22, 0, 54, 29, 0
729, 22, 2, 54, 30, 0
729, 22, 2, 54, 32, 0
729, 22, 3, 54, 33, 0
729, 22, 0, 54, 34, 0
729, 22, 3, 54, 38, 0
729, 22, 0, 54, 39, 0
729, 22, 0, 54, 40, 0
729, 22, 3, 54, 41, 0
729, 22, 1, 54, 42, 0
729, 22, 0, 54, 43, 0
729, 22, 0, 54, 44, 0
729, 22, 1, 54, 55, 0
729, 22, 2, 55, 1, 0
729, 22, 1, 55, 3, 0
729, 22, 2, 55, 15, 0
729, 22, 3, 55, 17, 0
729, 22, 0, 55, 18, 0
729, 22, 2, 55, 19, 0
729, 22, 1, 55, 20, 0
729, 22, 2, 55, 21, 0
729, 22, 3, 55, 22, 0
729, 22, 0, 55, 24, 0
729, 22, 3, 55, 27, 0
729, 22, 1, 55, 28, 0
729, 22, 3, 55, 29, 0
729, 22, 0, 55, 30, 0
729, 22, 3, 55, 33, 0
729, 22, 2, 55, 34, 0
729, 22, 3, 55, 35, 0
729, 22, 0, 55, 38, 0
729, 22, 2, 55, 42, 0
729, 22, 1, 55, 43, 0
729, 22, 2, 55, 44, 0
729, 22, 1, 56, 1, 0
729, 22, 3, 56, 14, 0
729, 22, 0, 56, 17, 0
729, 22, 2, 56, 18, 0
729, 22, 0, 56, 26, 0
729, 22, 2, 56, 28, 0
729, 22, 1, 56, 29, 0
729, 22, 1, 56, 33, 0
729, 22, 1, 56, 35, 0
729, 22, 1, 56, 37, 0
729, 22, 2, 56, 38, 0
729, 22, 3, 56, 42, 0
729, 22, 2, 56, 43, 0
729, 22, 0, 56, 44, 0
729, 22, 2, 57, 1, 0
729, 22, 3, 57, 12, 0
729, 22, 2, 57, 13, 0
729, 22, 1, 57, 17, 0
729, 22, 0, 57, 18, 0
729, 22, 2, 57, 20, 0
729, 22, 1, 57, 21, 0
729, 22, 1, 57, 22, 0
729, 22, 2, 57, 24, 0
729, 22, 1, 57, 25, 0
729, 22, 0, 57, 27, 0
729, 22, 1, 57, 28, 0
729, 22, 0, 57, 33, 0
729, 22, 2, 57, 35, 0
729, 22, 1, 57, 37, 0
729, 22, 2, 57, 39, 0
729, 22, 3, 57, 40, 0
729, 22, 3, 57, 44, 0
729, 22, 3, 58, 2, 0
729, 22, 2, 58, 9, 0
729, 22, 2, 58, 12, 0
729, 22, 0, 58, 16, 0
729, 22, 1, 58, 17, 0
729, 22, 3, 58, 18, 0
729, 22, 2, 58, 20, 0
729, 22, 1, 58, 21, 0
729, 22, 1, 58, 23, 0
729, 22, 0, 58, 26, 0
729, 22, 3, 58, 27, 0
729, 22, 2, 58, 31, 0
729, 22, 2, 58, 32, 0
729, 22, 2, 58, 35, 0
729, 22, 0, 58, 37, 0
729, 22, 3, 58, 40, 0
729, 22, 1, 58, 43, 0
729, 22, 3, 58, 44, 0
729, 22, 2, 58, 63, 0
729, 22, 3, 59, 3, 0
729, 22, 0, 59, 4, 0
729, 22, 3, 59, 11, 0
729, 22, 1, 59, 14, 0
729, 22, 2, 59, 17, 0
729, 22, 0, 59, 18, 0
729, 22, 3, 59, 22, 0
729, 22, 2, 59, 23, 0
729, 22, 2, 59, 26, 0
729, 22, 1, 59, 27, 0
729, 22, 0, 59, 35, 0
729, 22, 1, 59, 37, 0
729, 22, 1, 59, 40, 0
729, 22, 0, 59, 41, 0
729, 22, 3, 59, 42, 0
729, 22, 1, 59, 43, 0
729, 22, 0, 59, 45, 0
729, 22, 1, 59, 61, 0
729, 22, 0, 59, 62, 0
729, 22, 3, 59, 63, 0
729, 22, 1, 60, 2, 0
729, 22, 3, 60, 4, 0
729, 22, 1, 60, 5, 0
729, 22, 0, 60, 8, 0
729, 22, 3, 60, 9, 0
729, 22, 2, 60, 10, 0
729, 22, 2, 60, 15, 0
729, 22, 3, 60, 18, 0
729, 22, 1, 60, 19, 0
729, 22, 0, 60, 23, 0
729, 22, 0, 60, 26, 0
729, 22, 1, 60, 27, 0
729, 22, 1, 60, 35, 0
729, 22, 3, 60, 36, 0
729, 22, 3, 60, 38, 0
729, 22, 2, 60, 39, 0
729, 22, 2, 60, 40, 0
729, 22, 3, 60, 46, 0
729, 22, 2, 60, 51, 0
729, 22, 1, 60, 52, 0
729, 22, 0, 60, 61, 0
729, 22, 2, 61, 2, 0
729, 22, 0, 61, 3, 0
729, 22, 0, 61, 6, 0
729, 22, 3, 61, 7, 0
729, 22, 2, 61, 11, 0
729, 22, 3, 61, 12, 0
729, 22, 0, 61, 16, 0
729, 22, 2, 61, 19, 0
729, 22, 0, 61, 20, 0
729, 22, 2, 61, 21, 0
729, 22, 1, 61, 22, 0
729, 22, 2, 61, 23, 0
729, 22, 1, 61, 24, 0
729, 22, 1, 61, 25, 0
729, 22, 2, 61, 26, 0
729, 22, 2, 61, 27, 0
729, 22, 3, 61, 28, 0
729, 22, 2, 61, 33, 0
729, 22, 0, 61, 34, 0
729, 22, 3, 61, 36, 0
729, 22, 3, 61, 47, 0
729, 22, 3, 61, 48, 0
729, 22, 1, 61, 49, 0
729, 22, 1, 61, 50, 0
729, 22, 0, 61, 51, 0
729, 22, 2, 61, 52, 0
729, 22, 2, 61, 61, 0
729, 22, 2, 61, 63, 0
729, 22, 1, 62, 2, 0
729, 22, 2, 62, 3, 0
729, 22, 3, 62, 4, 0
729, 22, 3, 62, 7, 0
729, 22, 1, 62, 12, 0
729, 22, 0, 62, 14, 0
729, 22, 2, 62, 15, 0
729, 22, 2, 62, 17, 0
729, 22, 1, 62, 19, 0
729, 22, 2, 62, 20, 0
729, 22, 1, 62, 21, 0
729, 22, 0, 62, 23, 0
729, 22, 0, 62, 26, 0
729, 22, 2, 62, 28, 0
729, 22, 0, 62, 29, 0
729, 22, 2, 62, 30, 0
729, 22, 0, 62, 31, 0
729, 22, 1, 62, 32, 0
729, 22, 3, 62, 33, 0
729, 22, 0, 62, 34, 0
729, 22, 0, 62, 35, 0
729, 22, 0, 62, 60, 0
729, 22, 3, 62, 61, 0
729, 22, 2, 63, 29, 0
729, 22, 3, 63, 30, 0
729, 22, 3, 63, 60, 0
729, 22, 3, 63, 61, 0
729, 22, 1, 63, 62, 0
729, 22, 3, 63, 63, 0
730, 22, 3, 8, 4, 0
730, 22, 1, 8, 5, 0
730, 22, 0, 8, 7, 0
730, 22, 2, 8, 52, 0
730, 22, 1, 9, 8, 0
730, 22, 0, 9, 17, 0
730, 22, 0, 9, 28, 0
730, 22, 0, 9, 32, 0
730, 22, 2, 9, 53, 0
730, 22, 2, 10, 2, 0
730, 22, 0, 10, 9, 0
730, 22, 3, 10, 10, 0
730, 22, 2, 10, 15, 0
730, 22, 1, 10, 18, 0
730, 22, 2, 10, 23, 0
730, 22, 0, 10, 26, 0
730, 22, 1, 10, 27, 0
730, 22, 1, 10, 29, 0
730, 22, 0, 10, 33, 0
730, 22, 3, 10, 49, 0
730, 22, 0, 11, 10, 0
730, 22, 3, 11, 11, 0
730, 22, 0, 11, 14, 0
730, 22, 1, 11, 15, 0
730, 22, 2, 11, 16, 0
730, 22, 1, 11, 18, 0
730, 22, 1, 11, 24, 0
730, 22, 2, 11, 35, 0
730, 22, 0, 11, 49, 0
730, 22, 2, 12, 1, 0
730, 22, 1, 12, 14, 0
730, 22, 0, 12, 15, 0
730, 22, 3, 12, 16, 0
730, 22, 0, 12, 22, 0
730, 22, 1, 12, 27, 0
730, 22, 3, 12, 43, 0
730, 22, 1, 12, 45, 0
730, 22, 3, 12, 48, 0
730, 22, 2, 13, 2, 0
730, 22, 3, 13, 11, 0
730, 22, 0, 13, 12, 0
730, 22, 1, 13, 15, 0
730, 22, 2, 13, 20, 0
730, 22, 0, 13, 36, 0
730, 22, 1, 14, 2, 0
730, 22, 3, 14, 15, 0
730, 22, 2, 14, 16, 0
730, 22, 0, 14, 19, 0
730, 22, 0, 14, 37, 0
730, 22, 3, 14, 43, 0
730, 22, 3, 15, 2, 0
730, 22, 1, 15, 14, 0
730, 22, 3, 15, 16, 0
730, 22, 3, 15, 44, 0
730, 22, 2, 16, 12, 0
730, 22, 0, 16, 18, 0
730, 22, 3, 16, 20, 0
730, 22, 0, 16, 38, 0
730, 22, 3, 17, 2, 0
730, 22, 3, 17, 17, 0
730, 22, 1, 17, 31, 0
730, 22, 3, 17, 36, 0
730, 22, 0, 17, 59, 0
730, 22, 1, 18, 28, 0
730, 22, 0, 18, 30, 0
730, 22, 3, 18, 35, 0
730, 22, 1, 18, 58, 0
730, 22, 3, 19, 2, 0
730, 22, 2, 19, 28, 0
730, 22, 2, 19, 33, 0
730, 22, 1, 19, 57, 0
730, 22, 2, 19, 58, 0
730, 22, 3, 19, 59, 0
730, 22, 3, 20, 4, 0
730, 22, 3, 20, 9, 0
730, 22, 0, 20, 10, 0
730, 22, 0, 20, 18, 0
730, 22, 0, 20, 20, 0
730, 22, 2, 20, 56, 0
730, 22, 1, 21, 8, 0
730, 22, 0, 21, 9, 0
730, 22, 0, 21, 26, 0
730, 22, 3, 21, 27, 0
730, 22, 0, 21, 38, 0
730, 22, 0, 21, 54, 0
730, 22, 3, 22, 4, 0
730, 22, 2, 22, 5, 0
730, 22, 3, 22, 6, 0
730, 22, 3, 22, 8, 0
730, 22, 1, 22, 20, 0
730, 22, 2, 22, 39, 0
730, 22, 2, 22, 53, 0
730, 22, 1, 22, 57, 0
730, 22, 1, 23, 10, 0
730, 22, 3, 23, 22, 0
730, 22, 1, 23, 25, 0
730, 22, 0, 23, 52, 0
730, 22, 1, 23, 59, 0
730, 22, 3, 24, 9, 0
730, 22, 0, 24, 24, 0
730, 22, 0, 25, 3, 0
730, 22, 1, 25, 4, 0
730, 22, 2, 25, 10, 0
730, 22, 2, 25, 11, 0
730, 22, 1, 25, 13, 0
730, 22, 0, 25, 23, 0
730, 22, 2, 25, 39, 0
730, 22, 0, 25, 43, 0
730, 22, 2, 26, 6, 0
730, 22, 1, 26, 14, 0
730, 22, 2, 26, 53, 0
730, 22, 0, 26, 60, 0
730, 22, 1, 27, 10, 0
730, 22, 3, 27, 18, 0
730, 22, 0, 27, 47, 0
730, 22, 1, 27, 48, 0
730, 22, 0, 27, 50, 0
730, 22, 3, 28, 15, 0
730, 22, 0, 28, 19, 0
730, 22, 2, 28, 53, 0
730, 22, 3, 28, 59, 0
730, 22, 0, 29, 6, 0
730, 22, 2, 29, 46, 0
730, 22, 2, 29, 55, 0
730, 22, 0, 29, 57, 0
730, 22, 3, 30, 3, 0
730, 22, 3, 30, 7, 0
730, 22, 2, 30, 9, 0
730, 22, 2, 30, 10, 0
730, 22, 3, 30, 11, 0
730, 22, 3, 30, 14, 0
730, 22, 2, 30, 52, 0
730, 22, 0, 31, 8, 0
730, 22, 1, 31, 10, 0
730, 22, 2, 32, 9, 0
730, 22, 2, 32, 57, 0
730, 22, 3, 32, 59, 0
730, 22, 3, 33, 55, 0
730, 22, 2, 34, 5, 0
730, 22, 3, 34, 54, 0
730, 22, 2, 34, 60, 0
730, 22, 2, 35, 52, 0
730, 22, 0, 36, 49, 0
730, 22, 0, 36, 51, 0
730, 22, 3, 36, 55, 0
730, 22, 0, 36, 60, 0
730, 22, 2, 38, 57, 0
730, 22, 3, 38, 58, 0
730, 22, 2, 39, 6, 0
730, 22, 2, 39, 14, 0
730, 22, 2, 39, 16, 0
730, 22, 3, 39, 17, 0
730, 22, 2, 40, 4, 0
730, 22, 3, 40, 13, 0
730, 22, 1, 40, 16, 0
730, 22, 3, 41, 4, 0
730, 22, 0, 41, 14, 0
730, 22, 0, 41, 15, 0
730, 22, 1, 41, 16, 0
730, 22, 0, 41, 17, 0
730, 22, 2, 42, 11, 0
730, 22, 0, 42, 12, 0
730, 22, 1, 42, 15, 0
730, 22, 1, 42, 49, 0
730, 22, 1, 43, 3, 0
730, 22, 2, 43, 12, 0
730, 22, 0, 43, 13, 0
730, 22, 2, 43, 14, 0
730, 22, 1, 43, 16, 0
730, 22, 1, 43, 47, 0
730, 22, 1, 43, 48, 0
730, 22, 0, 43, 52, 0
730, 22, 0, 44, 1, 0
730, 22, 2, 44, 2, 0
730, 22, 2, 44, 12, 0
730, 22, 3, 44, 16, 0
730, 22, 3, 44, 46, 0
730, 22, 3, 45, 2, 0
730, 22, 0, 45, 52, 0
730, 22, 2, 45, 53, 0
730, 22, 1, 46, 3, 0
730, 22, 1, 46, 42, 0
730, 22, 1, 46, 44, 0
730, 22, 1, 46, 45, 0
730, 22, 1, 47, 41, 0
730, 22, 3, 47, 52, 0
730, 22, 2, 48, 41, 0
730, 22, 2, 48, 52, 0
730, 22, 3, 49, 6, 0
730, 22, 1, 49, 7, 0
730, 22, 2, 49, 8, 0
730, 22, 2, 49, 40, 0
730, 22, 1, 49, 47, 0
730, 22, 2, 49, 53, 0
730, 22, 3, 49, 55, 0
730, 22, 0, 50, 30, 0
730, 22, 3, 50, 31, 0
730, 22, 3, 50, 40, 0
730, 22, 0, 50, 48, 0
730, 22, 0, 50, 56, 0
730, 22, 2, 50, 57, 0
730, 22, 1, 51, 6, 0
730, 22, 1, 51, 7, 0
730, 22, 2, 51, 8, 0
730, 22, 0, 51, 9, 0
730, 22, 0, 51, 10, 0
730, 22, 2, 51, 39, 0
730, 22, 1, 52, 6, 0
730, 22, 2, 52, 10, 0
730, 22, 3, 52, 20, 0
730, 22, 0, 52, 23, 0
730, 22, 2, 52, 26, 0
730, 22, 3, 52, 32, 0
730, 22, 1, 52, 40, 0
730, 22, 1, 52, 41, 0
730, 22, 1, 53, 4, 0
730, 22, 3, 53, 5, 0
730, 22, 1, 53, 6, 0
730, 22, 0, 53, 10, 0
730, 22, 1, 53, 22, 0
730, 22, 1, 53, 30, 0
730, 22, 3, 53, 31, 0
730, 22, 0, 53, 40, 0
730, 22, 3, 53, 42, 0
730, 22, 1, 53, 44, 0
730, 22, 2, 53, 45, 0
730, 22, 1, 53, 54, 0
730, 22, 3, 54, 2, 0
730, 22, 1, 54, 6, 0
730, 22, 2, 54, 10, 0
730, 22, 1, 54, 11, 0
730, 22, 2, 54, 14, 0
730, 22, 3, 54, 18, 0
730, 22, 0, 54, 19, 0
730, 22, 2, 54, 20, 0
730, 22, 2, 54, 28, 0
730, 22, 3, 54, 46, 0
730, 22, 0, 54, 54, 0
730, 22, 1, 55, 2, 0
730, 22, 1, 55, 4, 0
730, 22, 2, 55, 5, 0
730, 22, 3, 55, 7, 0
730, 22, 2, 55, 8, 0
730, 22, 3, 55, 9, 0
730, 22, 0, 55, 10, 0
730, 22, 3, 55, 12, 0
730, 22, 0, 55, 14, 0
730, 22, 3, 55, 31, 0
730, 22, 2, 55, 32, 0
730, 22, 3, 55, 45, 0
730, 22, 3, 56, 2, 0
730, 22, 1, 56, 3, 0
730, 22, 0, 56, 4, 0
730, 22, 2, 56, 5, 0
730, 22, 1, 56, 6, 0
730, 22, 0, 56, 8, 0
730, 22, 0, 56, 11, 0
730, 22, 2, 56, 12, 0
730, 22, 3, 56, 13, 0
730, 22, 2, 56, 22, 0
730, 22, 0, 56, 25, 0
730, 22, 3, 56, 27, 0
730, 22, 0, 56, 30, 0
730, 22, 3, 56, 31, 0
730, 22, 1, 56, 32, 0
730, 22, 0, 56, 34, 0
730, 22, 3, 56, 45, 0
730, 22, 0, 57, 2, 0
730, 22, 0, 57, 4, 0
730, 22, 1, 57, 6, 0
730, 22, 3, 57, 8, 0
730, 22, 3, 57, 10, 0
730, 22, 0, 57, 11, 0
730, 22, 3, 57, 19, 0
730, 22, 1, 57, 23, 0
730, 22, 1, 57, 29, 0
730, 22, 3, 57, 30, 0
730, 22, 0, 57, 32, 0
730, 22, 2, 57, 34, 0
730, 22, 3, 58, 3, 0
730, 22, 2, 58, 4, 0
730, 22, 3, 58, 5, 0
730, 22, 2, 58, 6, 0
730, 22, 0, 58, 7, 0
730, 22, 0, 58, 8, 0
730, 22, 1, 58, 11, 0
730, 22, 2, 58, 25, 0
730, 22, 2, 58, 28, 0
730, 22, 2, 58, 29, 0
730, 22, 0, 58, 33, 0
730, 22, 0, 58, 34, 0
730, 22, 1, 58, 45, 0
730, 22, 0, 58, 53, 0
730, 22, 0, 59, 6, 0
730, 22, 3, 59, 7, 0
730, 22, 1, 59, 9, 0
730, 22, 3, 59, 10, 0
730, 22, 2, 59, 19, 0
730, 22, 3, 59, 20, 0
730, 22, 3, 59, 28, 0
730, 22, 3, 59, 31, 0
730, 22, 3, 59, 34, 0
730, 22, 0, 59, 46, 0
730, 22, 1, 59, 47, 0
730, 22, 1, 59, 50, 0
730, 22, 3, 59, 51, 0
730, 22, 3, 60, 20, 0
730, 22, 2, 60, 21, 0
730, 22, 1, 60, 22, 0
730, 22, 3, 60, 28, 0
730, 22, 2, 60, 29, 0
730, 22, 0, 60, 30, 0
730, 22, 3, 60, 31, 0
730, 22, 3, 60, 33, 0
730, 22, 2, 60, 34, 0
730, 22, 3, 60, 49, 0
730, 22, 0, 60, 62, 0
730, 22, 3, 60, 63, 0
730, 22, 2, 61, 29, 0
730, 22, 0, 61, 31, 0
730, 22, 0, 61, 32, 0
730, 22, 2, 61, 35, 0
730, 22, 3, 61, 62, 0
730, 22, 3, 62, 62, 0
730, 22, 3, 62, 63, 0
1396, 10, 2, 12, 51, 0
1396, 10, 3, 13, 51, 0
1396, 10, 0, 14, 55, 0
1396, 10, 3, 16, 52, 0
1396, 10, 1, 17, 47, 0
1396, 10, 0, 18, 39, 0
1396, 10, 1, 21, 43, 0
1396, 10, 3, 22, 46, 0
1396, 10, 3, 25, 20, 0
1396, 10, 0, 27, 6, 0
1396, 10, 0, 29, 13, 0
1396, 10, 2, 31, 45, 0
1396, 10, 0, 35, 51, 0
1396, 10, 3, 43, 53, 0
1396, 10, 2, 44, 45, 0
1396, 10, 1, 44, 52, 0
1396, 10, 0, 44, 53, 0
1396, 10, 3, 44, 54, 0
1396, 10, 1, 44, 56, 0
1396, 10, 3, 45, 57, 0
1396, 10, 3, 46, 12, 0
1396, 10, 2, 46, 55, 0
1396, 10, 0, 46, 56, 0
1396, 10, 2, 47, 16, 0
1396, 10, 3, 47, 21, 0
1396, 10, 0, 48, 14, 0
1396, 10, 0, 48, 15, 0
1396, 10, 1, 48, 16, 0
1396, 10, 3, 48, 17, 0
1396, 10, 0, 51, 56, 0
1396, 10, 1, 52, 15, 0
1396, 10, 1, 55, 41, 0
1396, 10, 1, 57, 38, 0
1396, 10, 2, 57, 43, 0
1403, 10, 2, 20, 45, 0
1403, 10, 3, 42, 55, 0
1403, 10, 0, 46, 13, 0
1403, 10, 2, 50, 17, 0
1403, 10, 2, 53, 24, 0
1403, 10, 0, 57, 26, 0
1404, 10, 2, 17, 44, 0
1404, 10, 1, 23, 5, 0
1404, 10, 3, 46, 53, 0
1404, 10, 1, 49, 13, 0
1404, 10, 1, 55, 39, 0
1404, 10, 1, 57, 41, 0
1405, 10, 1, 13, 52, 0
1405, 10, 0, 26, 7, 0
1405, 10, 3, 51, 21, 0
1405, 10, 2, 52, 28, 0
1405, 10, 3, 58, 38, 0
1405, 10, 1, 59, 7, 0
1405, 10, 2, 59, 24, 0
1406, 10, 2, 19, 48, 0
1406, 10, 0, 27, 12, 0
1406, 10, 1, 48, 11, 0
1406, 10, 2, 48, 55, 0
2670, 10, 2, 54, 26, 0
2670, 10, 0, 56, 23, 0
2670, 10, 1, 57, 21, 0
2739, 22, 0, 55, 46, 0
2741, 22, 0, 36, 32, 0
10946, 10, 2, 27, 26, 0
10946, 10, 3, 27, 35, 0
10946, 10, 2, 28, 25, 0
10946, 10, 0, 28, 26, 0
10946, 10, 3, 28, 34, 0
10946, 10, 1, 28, 35, 0
10946, 10, 0, 30, 33, 0
10946, 10, 3, 31, 32, 0
10946, 10, 1, 31, 33, 0
10946, 10, 3, 33, 25, 0
10946, 10, 2, 33, 26, 0
10946, 10, 3, 33, 41, 0
10946, 10, 2, 33, 42, 0
10946, 10, 3, 34, 41, 0
10946, 10, 1, 34, 42, 0
10946, 10, 3, 38, 21, 0
10946, 10, 2, 39, 21, 0
10946, 10, 1, 39, 38, 0
10946, 10, 2, 39, 39, 0
10946, 10, 3, 40, 21, 0
10946, 10, 2, 40, 27, 0
10946, 10, 1, 40, 38, 0
10946, 10, 1, 40, 42, 0
10946, 10, 3, 41, 41, 0
10946, 10, 0, 41, 42, 0
10946, 10, 2, 42, 22, 0
10946, 10, 1, 43, 23, 0
10946, 10, 1, 43, 35, 0
10946, 10, 3, 43, 36, 0
10946, 10, 3, 44, 23, 0
10946, 10, 3, 44, 35, 0
10946, 10, 0, 44, 36, 0
10947, 10, 0, 28, 29, 0
10947, 10, 0, 28, 30, 0
10947, 10, 3, 29, 28, 0
10947, 10, 2, 29, 29, 0
10947, 10, 1, 29, 30, 0
10947, 10, 1, 30, 35, 0
10947, 10, 3, 30, 36, 0
10947, 10, 2, 31, 23, 0
10947, 10, 0, 31, 24, 0
10947, 10, 1, 31, 31, 0
10947, 10, 0, 31, 35, 0
10947, 10, 1, 31, 36, 0
10947, 10, 2, 32, 23, 0
10947, 10, 3, 32, 24, 0
10947, 10, 0, 36, 22, 0
10947, 10, 3, 36, 23, 0
10947, 10, 3, 36, 40, 0
10947, 10, 1, 37, 22, 0
10947, 10, 0, 37, 23, 0
10947, 10, 3, 37, 39, 0
10947, 10, 0, 37, 40, 0
10947, 10, 3, 38, 40, 0
10947, 10, 0, 42, 38, 0
10947, 10, 3, 42, 39, 0
10947, 10, 3, 43, 38, 0
10947, 10, 1, 43, 39, 0
10948, 10, 2, 37, 35, 0
10948, 10, 0, 38, 35, 0
10949, 10, 1, 38, 36, 0
10949, 10, 2, 39, 36, 0
10952, 10, 0, 53, 45, 0
11045, 10, 0, 12, 57, 0
11046, 10, 3, 58, 45, 0
11047, 10, 1, 53, 8, 0
11048, 10, 1, 10, 28, 0
11072, 10, 3, 46, 9, 0
11072, 10, 3, 47, 6, 0
11073, 10, 2, 35, 6, 0
11073, 10, 0, 42, 5, 0
11073, 10, 3, 43, 10, 0
11073, 10, 3, 49, 7, 0
11074, 10, 2, 36, 8, 0
11074, 10, 0, 39, 2, 0
11074, 10, 0, 39, 11, 0
11074, 10, 0, 45, 4, 0
11075, 10, 2, 37, 6, 0
11075, 10, 1, 38, 9, 0
11075, 10, 1, 45, 7, 0
11080, 10, 0, 38, 20, 0
11080, 10, 1, 43, 28, 0
11081, 10, 1, 40, 25, 0
11082, 10, 0, 38, 31, 0
11082, 10, 2, 41, 35, 0
11084, 10, 0, 29, 31, 0
11084, 10, 1, 32, 27, 0
11084, 10, 0, 36, 24, 0
11084, 10, 2, 38, 27, 0
11085, 10, 0, 31, 37, 0
11085, 10, 2, 36, 26, 0
11085, 10, 3, 39, 33, 0
11086, 10, 0, 33, 36, 0
11086, 10, 1, 38, 25, 0
11087, 10, 0, 32, 29, 0
11088, 22, 3, 28, 29, 0
11088, 22, 3, 28, 30, 0
11088, 22, 3, 28, 31, 0
11088, 22, 0, 28, 32, 0
11088, 22, 1, 28, 33, 0
11088, 22, 3, 29, 28, 0
11088, 22, 1, 29, 29, 0
11088, 22, 1, 29, 33, 0
11088, 22, 2, 30, 27, 0
11088, 22, 2, 30, 28, 0
11088, 22, 3, 30, 33, 0
11088, 22, 3, 30, 38, 0
11088, 22, 3, 31, 26, 0
11088, 22, 0, 31, 27, 0
11088, 22, 0, 31, 33, 0
11088, 22, 1, 32, 26, 0
11088, 22, 1, 32, 31, 0
11088, 22, 0, 32, 32, 0
11088, 22, 0, 32, 39, 0
11088, 22, 1, 33, 26, 0
11088, 22, 1, 33, 35, 0
11088, 22, 0, 34, 26, 0
11088, 22, 1, 34, 27, 0
11088, 22, 3, 34, 28, 0
11088, 22, 0, 34, 31, 0
11088, 22, 1, 34, 36, 0
11088, 22, 0, 34, 38, 0
11088, 22, 2, 35, 23, 0
11088, 22, 1, 35, 24, 0
11088, 22, 2, 35, 25, 0
11088, 22, 1, 35, 28, 0
11088, 22, 1, 35, 32, 0
11088, 22, 3, 35, 34, 0
11088, 22, 2, 35, 36, 0
11088, 22, 3, 36, 28, 0
11088, 22, 1, 36, 29, 0
11088, 22, 2, 36, 36, 0
11088, 22, 3, 36, 37, 0
11088, 22, 1, 36, 38, 0
11088, 22, 2, 37, 29, 0
11088, 22, 3, 37, 30, 0
11088, 22, 2, 37, 31, 0
11088, 22, 3, 37, 36, 0
11088, 22, 1, 37, 39, 0
11088, 22, 0, 38, 30, 0
11088, 22, 3, 39, 24, 0
11088, 22, 0, 39, 29, 0
11088, 22, 0, 39, 35, 0
11088, 22, 2, 39, 37, 0
11088, 22, 0, 39, 38, 0
11088, 22, 1, 39, 39, 0
11088, 22, 0, 40, 26, 0
11088, 22, 3, 40, 30, 0
11088, 22, 0, 40, 31, 0
11088, 22, 2, 40, 35, 0
11088, 22, 0, 40, 36, 0
11088, 22, 3, 41, 25, 0
11088, 22, 3, 41, 26, 0
11088, 22, 2, 41, 28, 0
11088, 22, 3, 41, 31, 0
11088, 22, 1, 41, 37, 0
11088, 22, 0, 41, 39, 0
11088, 22, 0, 42, 34, 0
11089, 22, 2, 30, 37, 0
11089, 22, 2, 31, 32, 0
11089, 22, 3, 31, 39, 0
11089, 22, 1, 32, 35, 0
11089, 22, 3, 33, 31, 0
11089, 22, 3, 33, 39, 0
11089, 22, 1, 34, 29, 0
11089, 22, 3, 34, 30, 0
11089, 22, 1, 34, 35, 0
11089, 22, 0, 35, 26, 0
11089, 22, 2, 35, 27, 0
11089, 22, 3, 35, 33, 0
11089, 22, 3, 35, 37, 0
11089, 22, 0, 36, 23, 0
11089, 22, 1, 36, 35, 0
11089, 22, 0, 36, 39, 0
11089, 22, 1, 36, 42, 0
11089, 22, 0, 37, 32, 0
11089, 22, 0, 37, 37, 0
11089, 22, 0, 37, 41, 0
11089, 22, 1, 38, 24, 0
11089, 22, 1, 38, 29, 0
11089, 22, 3, 38, 39, 0
11089, 22, 0, 38, 41, 0
11089, 22, 2, 39, 30, 0
11089, 22, 3, 39, 42, 0
11089, 22, 3, 40, 25, 0
11089, 22, 2, 40, 28, 0
11089, 22, 0, 40, 37, 0
11089, 22, 0, 40, 39, 0
11089, 22, 2, 41, 27, 0
11089, 22, 2, 41, 32, 0
11089, 22, 0, 41, 34, 0
11089, 22, 2, 41, 38, 0
11089, 22, 0, 42, 37, 0
11089, 22, 2, 43, 36, 0
11090, 22, 3, 27, 28, 0
11090, 22, 2, 27, 29, 0
11090, 22, 3, 27, 31, 0
11090, 22, 0, 28, 28, 0
11090, 22, 1, 28, 34, 0
11090, 22, 0, 29, 26, 0
11090, 22, 3, 29, 27, 0
11090, 22, 1, 30, 26, 0
11090, 22, 0, 30, 34, 0
11090, 22, 1, 31, 25, 0
11090, 22, 1, 32, 23, 0
11090, 22, 1, 32, 25, 0
11090, 22, 0, 33, 23, 0
11090, 22, 2, 33, 25, 0
11090, 22, 1, 33, 32, 0
11090, 22, 2, 34, 23, 0
11090, 22, 3, 34, 24, 0
11090, 22, 1, 34, 25, 0
11090, 22, 2, 34, 40, 0
11090, 22, 0, 35, 22, 0
11090, 22, 3, 35, 29, 0
11090, 22, 2, 35, 30, 0
11090, 22, 0, 35, 39, 0
11090, 22, 3, 36, 22, 0
11090, 22, 1, 36, 30, 0
11090, 22, 0, 36, 41, 0
11090, 22, 2, 37, 22, 0
11090, 22, 2, 37, 23, 0
11090, 22, 2, 37, 40, 0
11090, 22, 1, 38, 23, 0
11090, 22, 0, 39, 40, 0
11090, 22, 0, 39, 41, 0
11090, 22, 0, 40, 23, 0
11090, 22, 3, 40, 40, 0
11090, 22, 1, 41, 30, 0
11090, 22, 3, 42, 28, 0
11090, 22, 3, 42, 32, 0
11090, 22, 3, 42, 39, 0
11090, 22, 3, 43, 33, 0
11090, 22, 3, 43, 35, 0
11090, 22, 1, 43, 37, 0
11090, 22, 0, 43, 38, 0
11090, 22, 3, 44, 36, 0
11090, 22, 1, 46, 35, 0
11090, 22, 1, 46, 36, 0
11091, 22, 1, 23, 29, 0
11091, 22, 2, 23, 30, 0
11091, 22, 2, 24, 29, 0
11091, 22, 1, 24, 30, 0
11091, 22, 0, 24, 31, 0
11091, 22, 3, 25, 29, 0
11091, 22, 2, 25, 30, 0
11091, 22, 2, 25, 31, 0
11091, 22, 0, 25, 32, 0
11091, 22, 2, 26, 27, 0
11091, 22, 3, 26, 28, 0
11091, 22, 0, 26, 29, 0
11091, 22, 1, 26, 32, 0
11091, 22, 3, 27, 26, 0
11091, 22, 1, 27, 27, 0
11091, 22, 3, 27, 32, 0
11091, 22, 1, 27, 33, 0
11091, 22, 0, 27, 34, 0
11091, 22, 1, 27, 35, 0
11091, 22, 1, 28, 25, 0
11091, 22, 0, 28, 26, 0
11091, 22, 3, 28, 35, 0
11091, 22, 2, 28, 36, 0
11091, 22, 0, 29, 25, 0
11091, 22, 2, 29, 35, 0
11091, 22, 1, 29, 36, 0
11091, 22, 2, 29, 37, 0
11091, 22, 0, 30, 23, 0
11091, 22, 0, 30, 24, 0
11091, 22, 3, 30, 29, 0
11091, 22, 1, 30, 30, 0
11091, 22, 1, 30, 39, 0
11091, 22, 1, 31, 22, 0
11091, 22, 2, 31, 23, 0
11091, 22, 0, 31, 29, 0
11091, 22, 0, 31, 30, 0
11091, 22, 2, 31, 37, 0
11091, 22, 1, 31, 38, 0
11091, 22, 3, 31, 40, 0
11091, 22, 2, 32, 22, 0
11091, 22, 0, 32, 34, 0
11091, 22, 3, 32, 36, 0
11091, 22, 3, 32, 37, 0
11091, 22, 3, 32, 38, 0
11091, 22, 3, 32, 40, 0
11091, 22, 2, 32, 41, 0
11091, 22, 2, 32, 42, 0
11091, 22, 0, 32, 43, 0
11091, 22, 1, 33, 22, 0
11091, 22, 2, 33, 34, 0
11091, 22, 0, 33, 40, 0
11091, 22, 2, 33, 41, 0
11091, 22, 1, 33, 43, 0
11091, 22, 0, 34, 17, 0
11091, 22, 3, 34, 18, 0
11091, 22, 3, 34, 20, 0
11091, 22, 1, 34, 21, 0
11091, 22, 1, 34, 22, 0
11091, 22, 1, 34, 34, 0
11091, 22, 1, 34, 41, 0
11091, 22, 0, 34, 42, 0
11091, 22, 0, 34, 43, 0
11091, 22, 1, 35, 19, 0
11091, 22, 0, 35, 35, 0
11091, 22, 2, 35, 42, 0
11091, 22, 0, 35, 43, 0
11091, 22, 2, 36, 16, 0
11091, 22, 1, 36, 17, 0
11091, 22, 0, 36, 43, 0
11091, 22, 0, 36, 45, 0
11091, 22, 1, 36, 46, 0
11091, 22, 0, 37, 17, 0
11091, 22, 2, 37, 18, 0
11091, 22, 0, 37, 19, 0
11091, 22, 1, 37, 20, 0
11091, 22, 0, 37, 21, 0
11091, 22, 0, 37, 38, 0
11091, 22, 1, 37, 43, 0
11091, 22, 0, 37, 46, 0
11091, 22, 1, 37, 47, 0
11091, 22, 2, 37, 48, 0
11091, 22, 2, 38, 21, 0
11091, 22, 2, 38, 22, 0
11091, 22, 1, 38, 43, 0
11091, 22, 1, 38, 47, 0
11091, 22, 0, 38, 48, 0
11091, 22, 0, 39, 22, 0
11091, 22, 2, 39, 33, 0
11091, 22, 0, 39, 34, 0
11091, 22, 3, 39, 43, 0
11091, 22, 1, 39, 44, 0
11091, 22, 3, 39, 45, 0
11091, 22, 0, 39, 46, 0
11091, 22, 0, 39, 47, 0
11091, 22, 2, 40, 22, 0
11091, 22, 1, 40, 33, 0
11091, 22, 2, 40, 34, 0
11091, 22, 0, 40, 42, 0
11091, 22, 0, 40, 43, 0
11091, 22, 1, 41, 22, 0
11091, 22, 3, 41, 23, 0
11091, 22, 3, 41, 35, 0
11091, 22, 0, 41, 36, 0
11091, 22, 1, 41, 41, 0
11091, 22, 2, 41, 42, 0
11091, 22, 2, 42, 22, 0
11091, 22, 0, 42, 23, 0
11091, 22, 3, 42, 24, 0
11091, 22, 1, 42, 25, 0
11091, 22, 0, 42, 30, 0
11091, 22, 2, 42, 31, 0
11091, 22, 0, 42, 35, 0
11091, 22, 2, 42, 36, 0
11091, 22, 0, 42, 40, 0
11091, 22, 2, 42, 41, 0
11091, 22, 3, 43, 23, 0
11091, 22, 0, 43, 24, 0
11091, 22, 3, 43, 25, 0
11091, 22, 2, 43, 26, 0
11091, 22, 0, 43, 27, 0
11091, 22, 1, 43, 28, 0
11091, 22, 2, 43, 29, 0
11091, 22, 1, 43, 30, 0
11091, 22, 0, 43, 31, 0
11091, 22, 2, 43, 32, 0
11091, 22, 2, 43, 39, 0
11091, 22, 2, 43, 40, 0
11091, 22, 0, 44, 27, 0
11091, 22, 3, 44, 28, 0
11091, 22, 2, 44, 29, 0
11091, 22, 3, 44, 30, 0
11091, 22, 3, 44, 31, 0
11091, 22, 1, 44, 32, 0
11091, 22, 2, 44, 33, 0
11091, 22, 3, 44, 34, 0
11091, 22, 1, 44, 38, 0
11091, 22, 2, 44, 39, 0
11091, 22, 0, 45, 32, 0
11091, 22, 1, 45, 33, 0
11091, 22, 2, 45, 34, 0
11091, 22, 2, 45, 35, 0
11091, 22, 2, 45, 36, 0
11091, 22, 0, 45, 37, 0
11091, 22, 3, 45, 38, 0
11091, 22, 0, 46, 33, 0
11091, 22, 2, 46, 34, 0
11091, 22, 3, 47, 33, 0
11091, 22, 2, 47, 37, 0
11091, 22, 2, 48, 34, 0
11091, 22, 3, 48, 36, 0
11091, 22, 2, 48, 37, 0
11091, 22, 2, 49, 34, 0
11091, 22, 2, 49, 37, 0
11091, 22, 0, 50, 34, 0
11091, 22, 2, 50, 36, 0
11091, 22, 2, 50, 37, 0
11091, 22, 1, 51, 34, 0
11091, 22, 1, 51, 37, 0
11091, 22, 3, 52, 34, 0
11091, 22, 3, 52, 36, 0
11091, 22, 3, 52, 37, 0
11091, 22, 0, 53, 34, 0
11091, 22, 3, 53, 35, 0
11091, 22, 1, 53, 36, 0
11091, 22, 1, 54, 35, 0
11091, 22, 2, 54, 36, 0
11091, 22, 3, 55, 36, 0
11092, 22, 3, 26, 30, 0
11092, 22, 1, 26, 31, 0
11092, 22, 2, 27, 30, 0
11092, 22, 1, 28, 27, 0
11092, 22, 3, 29, 34, 0
11092, 22, 1, 30, 25, 0
11092, 22, 0, 31, 24, 0
11092, 22, 1, 31, 34, 0
11092, 22, 1, 32, 24, 0
11092, 22, 2, 32, 33, 0
11092, 22, 1, 33, 24, 0
11092, 22, 1, 33, 33, 0
11092, 22, 0, 34, 32, 0
11092, 22, 0, 34, 33, 0
11092, 22, 3, 34, 39, 0
11092, 22, 0, 35, 17, 0
11092, 22, 1, 35, 18, 0
11092, 22, 0, 35, 20, 0
11092, 22, 2, 35, 21, 0
11092, 22, 0, 35, 31, 0
11092, 22, 0, 35, 40, 0
11092, 22, 3, 35, 41, 0
11092, 22, 1, 36, 18, 0
11092, 22, 2, 36, 19, 0
11092, 22, 1, 36, 20, 0
11092, 22, 0, 36, 21, 0
11092, 22, 1, 36, 31, 0
11092, 22, 2, 36, 40, 0
11092, 22, 0, 36, 44, 0
11092, 22, 0, 37, 42, 0
11092, 22, 0, 37, 44, 0
11092, 22, 1, 37, 45, 0
11092, 22, 0, 38, 40, 0
11092, 22, 3, 38, 42, 0
11092, 22, 2, 38, 44, 0
11092, 22, 1, 38, 45, 0
11092, 22, 1, 38, 46, 0
11092, 22, 3, 39, 23, 0
11092, 22, 1, 40, 24, 0
11092, 22, 1, 40, 29, 0
11092, 22, 0, 40, 41, 0
11092, 22, 3, 41, 24, 0
11092, 22, 3, 41, 29, 0
11092, 22, 3, 41, 40, 0
11092, 22, 0, 42, 26, 0
11092, 22, 3, 42, 27, 0
11092, 22, 3, 42, 29, 0
11092, 22, 2, 42, 33, 0
11092, 22, 3, 42, 38, 0
11092, 22, 3, 43, 34, 0
11092, 22, 0, 44, 35, 0
11092, 22, 2, 44, 37, 0
11092, 22, 3, 47, 34, 0
11092, 22, 2, 47, 35, 0
11092, 22, 3, 47, 36, 0
11092, 22, 1, 48, 35, 0
11092, 22, 3, 49, 35, 0
11092, 22, 2, 49, 36, 0
11092, 22, 2, 50, 35, 0
11092, 22, 1, 51, 35, 0
11092, 22, 1, 51, 36, 0
11092, 22, 3, 52, 35, 0
11093, 10, 1, 40, 32, 0
11094, 10, 1, 32, 36, 0
11094, 10, 3, 37, 28, 0
11094, 10, 2, 38, 33, 0
11095, 10, 1, 36, 34, 0
11095, 10, 2, 38, 37, 0
11095, 10, 3, 41, 33, 0
11096, 10, 0, 33, 38, 0
11096, 10, 1, 36, 33, 0
11097, 10, 0, 37, 38, 0
11098, 10, 1, 37, 33, 0
11099, 10, 2, 12, 5, 0
11099, 10, 1, 46, 47, 0
11100, 10, 0, 14, 8, 0
11101, 10, 1, 30, 48, 0
11101, 10, 2, 32, 49, 0
11102, 10, 0, 17, 5, 0
11103, 22, 2, 9, 4, 0
11103, 22, 0, 9, 6, 0
11103, 22, 1, 10, 3, 0
11103, 22, 2, 10, 5, 0
11103, 22, 0, 10, 7, 0
11103, 22, 3, 10, 31, 0
11103, 22, 1, 11, 3, 0
11103, 22, 2, 11, 8, 0
11103, 22, 2, 11, 9, 0
11103, 22, 2, 11, 30, 0
11103, 22, 2, 11, 32, 0
11103, 22, 3, 12, 4, 0
11103, 22, 3, 12, 23, 0
11103, 22, 2, 12, 24, 0
11103, 22, 2, 12, 25, 0
11103, 22, 3, 12, 29, 0
11103, 22, 0, 12, 33, 0
11103, 22, 1, 13, 3, 0
11103, 22, 0, 13, 4, 0
11103, 22, 2, 13, 22, 0
11103, 22, 2, 13, 23, 0
11103, 22, 0, 13, 25, 0
11103, 22, 0, 13, 28, 0
11103, 22, 0, 13, 34, 0
11103, 22, 1, 14, 3, 0
11103, 22, 1, 14, 4, 0
11103, 22, 0, 14, 11, 0
11103, 22, 0, 14, 21, 0
11103, 22, 3, 14, 22, 0
11103, 22, 2, 14, 26, 0
11103, 22, 1, 14, 31, 0
11103, 22, 3, 15, 4, 0
11103, 22, 2, 15, 6, 0
11103, 22, 0, 15, 21, 0
11103, 22, 0, 15, 25, 0
11103, 22, 3, 15, 26, 0
11103, 22, 2, 15, 29, 0
11103, 22, 3, 15, 30, 0
11103, 22, 3, 15, 33, 0
11103, 22, 2, 16, 3, 0
11103, 22, 3, 16, 7, 0
11103, 22, 0, 16, 10, 0
11103, 22, 3, 16, 11, 0
11103, 22, 2, 16, 21, 0
11103, 22, 3, 16, 25, 0
11103, 22, 0, 16, 26, 0
11103, 22, 1, 16, 27, 0
11103, 22, 1, 16, 29, 0
11103, 22, 0, 16, 31, 0
11103, 22, 3, 16, 32, 0
11103, 22, 0, 16, 34, 0
11103, 22, 1, 16, 35, 0
11103, 22, 0, 16, 36, 0
11103, 22, 1, 17, 8, 0
11103, 22, 1, 17, 21, 0
11103, 22, 3, 17, 27, 0
11103, 22, 3, 17, 32, 0
11103, 22, 3, 18, 3, 0
11103, 22, 2, 18, 5, 0
11103, 22, 2, 18, 7, 0
11103, 22, 3, 18, 8, 0
11103, 22, 0, 18, 9, 0
11103, 22, 2, 18, 21, 0
11103, 22, 2, 18, 22, 0
11103, 22, 1, 18, 23, 0
11103, 22, 1, 18, 24, 0
11103, 22, 2, 18, 27, 0
11103, 22, 2, 19, 3, 0
11103, 22, 3, 19, 5, 0
11103, 22, 1, 19, 6, 0
11103, 22, 2, 19, 7, 0
11103, 22, 1, 19, 8, 0
11103, 22, 1, 19, 20, 0
11103, 22, 1, 19, 21, 0
11103, 22, 2, 19, 24, 0
11103, 22, 3, 19, 25, 0
11103, 22, 3, 19, 26, 0
11103, 22, 1, 19, 27, 0
11103, 22, 2, 20, 5, 0
11103, 22, 2, 20, 6, 0
11103, 22, 2, 20, 8, 0
11103, 22, 2, 20, 25, 0
11103, 22, 0, 21, 5, 0
11103, 22, 1, 21, 7, 0
11103, 22, 1, 23, 54, 0
11103, 22, 2, 23, 56, 0
11103, 22, 0, 23, 57, 0
11103, 22, 2, 24, 58, 0
11103, 22, 1, 25, 53, 0
11103, 22, 3, 25, 54, 0
11103, 22, 0, 26, 58, 0
11103, 22, 3, 27, 54, 0
11103, 22, 2, 27, 56, 0
11103, 22, 3, 28, 48, 0
11103, 22, 2, 28, 49, 0
11103, 22, 0, 28, 57, 0
11103, 22, 2, 29, 50, 0
11103, 22, 0, 31, 51, 0
11103, 22, 2, 32, 47, 0
11103, 22, 1, 33, 59, 0
11103, 22, 2, 34, 48, 0
11103, 22, 2, 34, 51, 0
11103, 22, 0, 35, 49, 0
11103, 22, 2, 35, 55, 0
11103, 22, 3, 35, 59, 0
11103, 22, 0, 36, 57, 0
11103, 22, 2, 37, 55, 0
11103, 22, 2, 37, 58, 0
11103, 22, 1, 43, 49, 0
11103, 22, 1, 43, 51, 0
11103, 22, 2, 44, 51, 0
11103, 22, 0, 45, 46, 0
11103, 22, 0, 45, 47, 0
11103, 22, 2, 45, 48, 0
11103, 22, 0, 46, 51, 0
11103, 22, 0, 47, 43, 0
11103, 22, 3, 47, 45, 0
11103, 22, 1, 47, 46, 0
11103, 22, 1, 48, 45, 0
11103, 22, 2, 48, 47, 0
11103, 22, 3, 48, 48, 0
11103, 22, 3, 48, 50, 0
11103, 22, 1, 48, 51, 0
11103, 22, 0, 49, 41, 0
11103, 22, 0, 49, 42, 0
11103, 22, 0, 49, 46, 0
11103, 22, 1, 49, 49, 0
11103, 22, 2, 49, 51, 0
11103, 22, 1, 50, 41, 0
11103, 22, 2, 50, 45, 0
11103, 22, 0, 50, 50, 0
11103, 22, 1, 50, 52, 0
11103, 22, 1, 50, 53, 0
11103, 22, 3, 50, 55, 0
11103, 22, 3, 51, 42, 0
11103, 22, 2, 51, 45, 0
11103, 22, 1, 51, 54, 0
11103, 22, 0, 51, 55, 0
11103, 22, 3, 52, 42, 0
11103, 22, 2, 52, 43, 0
11103, 22, 3, 52, 44, 0
11103, 22, 2, 52, 45, 0
11103, 22, 0, 52, 52, 0
11103, 22, 2, 52, 53, 0
11103, 22, 1, 52, 54, 0
11103, 22, 0, 53, 48, 0
11103, 22, 3, 53, 49, 0
11103, 22, 3, 53, 50, 0
11103, 22, 0, 53, 51, 0
11103, 22, 3, 53, 52, 0
11103, 22, 1, 53, 53, 0
11103, 22, 0, 54, 47, 0
11103, 22, 3, 54, 48, 0
11103, 22, 3, 54, 50, 0
11103, 22, 3, 54, 51, 0
11103, 22, 1, 54, 53, 0
11103, 22, 2, 55, 47, 0
11103, 22, 1, 55, 51, 0
11103, 22, 2, 55, 52, 0
11103, 22, 0, 55, 53, 0
11103, 22, 0, 56, 47, 0
11103, 22, 2, 56, 53, 0
11103, 22, 0, 57, 46, 0
11103, 22, 0, 57, 50, 0
11103, 22, 2, 57, 51, 0
11103, 22, 3, 57, 52, 0
11103, 22, 3, 57, 53, 0
11103, 22, 1, 58, 51, 0
11103, 22, 0, 58, 52, 0
11103, 22, 3, 59, 48, 0
11103, 22, 0, 59, 49, 0
11104, 22, 3, 9, 3, 0
11104, 22, 2, 9, 5, 0
11104, 22, 1, 9, 7, 0
11104, 22, 2, 10, 4, 0
11104, 22, 0, 10, 8, 0
11104, 22, 3, 11, 31, 0
11104, 22, 3, 11, 33, 0
11104, 22, 3, 12, 3, 0
11104, 22, 2, 12, 9, 0
11104, 22, 0, 12, 28, 0
11104, 22, 2, 12, 30, 0
11104, 22, 1, 12, 34, 0
11104, 22, 1, 13, 7, 0
11104, 22, 3, 13, 10, 0
11104, 22, 0, 13, 35, 0
11104, 22, 2, 15, 3, 0
11104, 22, 2, 15, 5, 0
11104, 22, 3, 15, 7, 0
11104, 22, 1, 15, 11, 0
11104, 22, 2, 15, 32, 0
11104, 22, 0, 15, 36, 0
11104, 22, 3, 16, 30, 0
11104, 22, 2, 17, 3, 0
11104, 22, 3, 17, 9, 0
11104, 22, 1, 17, 33, 0
11104, 22, 3, 18, 20, 0
11104, 22, 0, 19, 4, 0
11104, 22, 3, 19, 9, 0
11104, 22, 0, 19, 19, 0
11104, 22, 1, 20, 7, 0
11104, 22, 2, 21, 6, 0
11104, 22, 1, 21, 25, 0
11104, 22, 0, 22, 54, 0
11104, 22, 0, 22, 55, 0
11104, 22, 0, 24, 53, 0
11104, 22, 0, 24, 54, 0
11104, 22, 3, 25, 58, 0
11104, 22, 3, 26, 54, 0
11104, 22, 0, 27, 58, 0
11104, 22, 0, 28, 55, 0
11104, 22, 3, 29, 47, 0
11104, 22, 3, 30, 51, 0
11104, 22, 0, 32, 52, 0
11104, 22, 0, 33, 47, 0
11104, 22, 3, 33, 52, 0
11104, 22, 0, 33, 58, 0
11104, 22, 0, 34, 59, 0
11104, 22, 0, 35, 50, 0
11104, 22, 0, 35, 58, 0
11104, 22, 0, 36, 56, 0
11104, 22, 0, 36, 59, 0
11104, 22, 0, 37, 57, 0
11104, 22, 0, 43, 50, 0
11104, 22, 3, 44, 48, 0
11104, 22, 3, 45, 51, 0
11104, 22, 3, 46, 46, 0
11104, 22, 0, 47, 44, 0
11104, 22, 0, 47, 51, 0
11104, 22, 0, 48, 42, 0
11104, 22, 1, 48, 46, 0
11104, 22, 3, 49, 48, 0
11104, 22, 1, 49, 50, 0
11104, 22, 0, 49, 52, 0
11104, 22, 1, 50, 46, 0
11104, 22, 0, 50, 54, 0
11104, 22, 3, 51, 41, 0
11104, 22, 0, 51, 52, 0
11104, 22, 3, 51, 53, 0
11104, 22, 3, 52, 55, 0
11104, 22, 1, 53, 47, 0
11104, 22, 2, 54, 49, 0
11104, 22, 2, 54, 52, 0
11104, 22, 0, 56, 46, 0
11104, 22, 1, 56, 51, 0
11104, 22, 3, 58, 47, 0
11104, 22, 1, 58, 50, 0
11105, 10, 1, 14, 25, 0
11105, 10, 3, 14, 32, 0
11105, 10, 2, 16, 24, 0
11105, 10, 3, 16, 33, 0
11105, 10, 2, 24, 57, 0
11105, 10, 0, 26, 55, 0
11105, 10, 0, 27, 57, 0
11105, 10, 1, 29, 49, 0
11105, 10, 1, 30, 50, 0
11105, 10, 1, 34, 50, 0
11105, 10, 3, 48, 49, 0
11105, 10, 0, 53, 51, 0
11105, 10, 3, 56, 52, 0
11105, 10, 2, 57, 47, 0
11106, 10, 2, 11, 5, 0
11106, 10, 0, 11, 7, 0
11106, 10, 3, 12, 7, 0
11106, 10, 2, 13, 3, 0
11106, 10, 3, 13, 24, 0
11106, 10, 2, 14, 5, 0
11106, 10, 1, 14, 7, 0
11106, 10, 3, 14, 33, 0
11106, 10, 0, 15, 10, 0
11106, 10, 2, 15, 22, 0
11106, 10, 1, 17, 4, 0
11106, 10, 3, 19, 5, 0
11106, 10, 1, 20, 5, 0
11106, 10, 2, 20, 6, 0
11106, 10, 1, 23, 55, 0
11106, 10, 0, 27, 55, 0
11106, 10, 1, 31, 47, 0
11106, 10, 1, 32, 48, 0
11106, 10, 1, 33, 51, 0
11106, 10, 1, 34, 58, 0
11107, 10, 0, 11, 4, 0
11107, 10, 1, 12, 8, 0
11107, 10, 1, 13, 8, 0
11107, 10, 3, 13, 33, 0
11107, 10, 1, 14, 4, 0
11107, 10, 2, 14, 6, 0
11107, 10, 1, 14, 10, 0
11107, 10, 3, 15, 6, 0
11107, 10, 0, 15, 31, 0
11107, 10, 2, 16, 5, 0
11107, 10, 3, 16, 6, 0
11107, 10, 1, 16, 9, 0
11107, 10, 3, 17, 7, 0
11107, 10, 3, 18, 4, 0
11107, 10, 2, 18, 8, 0
11107, 10, 3, 19, 7, 0
11107, 10, 0, 30, 47, 0
11107, 10, 2, 32, 51, 0
11107, 10, 1, 34, 49, 0
11107, 10, 3, 35, 57, 0
11107, 10, 2, 36, 58, 0
11107, 10, 3, 49, 45, 0
11107, 10, 2, 50, 42, 0
11107, 10, 1, 53, 49, 0
11107, 10, 0, 57, 52, 0
11108, 10, 3, 10, 6, 0
11108, 10, 2, 11, 6, 0
11108, 10, 1, 13, 4, 0
11108, 10, 3, 13, 9, 0
11108, 10, 0, 16, 4, 0
11108, 10, 2, 16, 8, 0
11108, 10, 3, 17, 24, 0
11108, 10, 3, 18, 7, 0
11108, 10, 3, 19, 6, 0
11108, 10, 3, 29, 48, 0
11108, 10, 1, 31, 50, 0
11108, 10, 3, 33, 48, 0
11108, 10, 1, 35, 56, 0
11108, 10, 3, 37, 56, 0
11108, 10, 0, 50, 51, 0
11108, 10, 1, 56, 50, 0
11109, 1, 1, 25, 26, 0
11109, 0, 2, 25, 27, 0
11109, 0, 2, 25, 33, 0
11109, 1, 2, 25, 35, 0
11109, 1, 1, 26, 25, 0
11109, 9, 1, 26, 26, 0
11109, 9, 2, 26, 35, 0
11109, 1, 2, 26, 36, 0
11109, 1, 1, 27, 23, 0
11109, 0, 2, 27, 24, 0
11109, 9, 1, 27, 25, 0
11109, 9, 2, 27, 36, 0
11109, 1, 2, 27, 37, 0
11109, 1, 1, 28, 22, 0
11109, 9, 1, 28, 23, 0
11109, 9, 2, 28, 37, 0
11109, 0, 2, 28, 38, 0
11109, 1, 2, 28, 39, 0
11109, 0, 1, 29, 22, 0
11109, 9, 2, 29, 39, 0
11109, 0, 2, 29, 40, 0
11109, 1, 2, 29, 41, 0
11109, 1, 1, 30, 20, 0
11109, 9, 1, 30, 22, 0
11109, 9, 2, 30, 41, 0
11109, 1, 2, 30, 42, 0
11109, 1, 1, 31, 19, 0
11109, 9, 1, 31, 20, 0
11109, 9, 2, 31, 42, 0
11109, 1, 2, 31, 43, 0
11109, 0, 1, 32, 19, 0
11109, 9, 2, 32, 43, 0
11109, 1, 2, 32, 44, 0
11109, 1, 1, 33, 18, 0
11109, 9, 1, 33, 19, 0
11109, 9, 2, 34, 44, 0
11109, 1, 2, 34, 45, 0
11109, 0, 3, 35, 45, 0
11109, 0, 1, 38, 18, 0
11109, 1, 0, 39, 18, 0
11109, 9, 0, 39, 19, 0
11109, 0, 3, 40, 45, 0
11109, 1, 0, 41, 19, 0
11109, 9, 0, 41, 20, 0
11109, 9, 3, 41, 44, 0
11109, 1, 3, 41, 45, 0
11109, 1, 0, 42, 20, 0
11109, 9, 0, 42, 21, 0
11109, 9, 3, 42, 42, 0
11109, 0, 0, 42, 43, 0
11109, 1, 3, 42, 44, 0
11109, 0, 1, 43, 21, 0
11109, 0, 3, 43, 42, 0
11109, 1, 0, 44, 21, 0
11109, 9, 0, 44, 22, 0
11109, 1, 0, 45, 22, 0
11109, 0, 0, 45, 24, 0
11109, 9, 0, 45, 26, 0
11109, 9, 3, 45, 40, 0
11109, 1, 3, 45, 42, 0
11109, 1, 0, 46, 26, 0
11109, 0, 0, 46, 27, 0
11109, 9, 0, 46, 28, 0
11109, 9, 3, 46, 30, 0
11109, 0, 0, 46, 31, 0
11109, 0, 0, 46, 32, 0
11109, 0, 0, 46, 33, 0
11109, 9, 0, 46, 37, 0
11109, 9, 3, 46, 38, 0
11109, 0, 0, 46, 39, 0
11109, 1, 3, 46, 40, 0
11109, 1, 0, 47, 28, 0
11109, 0, 0, 47, 29, 0
11109, 1, 3, 47, 30, 0
11109, 1, 0, 47, 37, 0
11109, 1, 3, 47, 38, 0
11110, 0, 2, 25, 28, 0
11110, 0, 3, 33, 44, 0
11110, 0, 1, 40, 19, 0
11110, 0, 3, 44, 42, 0
11110, 0, 0, 45, 23, 0
11111, 0, 2, 25, 34, 0
11111, 0, 2, 30, 21, 0
11111, 0, 1, 34, 18, 0
11111, 0, 0, 45, 25, 0
11111, 0, 0, 45, 41, 0
11112, 10, 0, 24, 55, 0
11113, 10, 2, 12, 17, 0
11113, 10, 0, 14, 23, 0
11113, 10, 3, 16, 18, 0
11113, 10, 1, 16, 22, 0
11113, 10, 2, 17, 25, 0
11114, 10, 3, 44, 49, 0
11114, 10, 1, 47, 50, 0
11114, 10, 1, 51, 44, 0
11114, 10, 0, 51, 51, 0
11114, 10, 3, 55, 48, 0
11114, 10, 1, 58, 49, 0
11115, 10, 3, 44, 50, 0
11115, 10, 1, 47, 49, 0
11115, 10, 1, 51, 43, 0
11115, 10, 0, 52, 51, 0
11115, 10, 3, 55, 49, 0
11115, 10, 1, 58, 48, 0
11116, 10, 3, 45, 49, 0
11116, 10, 1, 46, 50, 0
11116, 10, 1, 50, 44, 0
11116, 10, 0, 51, 50, 0
11116, 10, 3, 56, 48, 0
11116, 10, 1, 57, 49, 0
11117, 10, 3, 45, 50, 0
11117, 10, 1, 46, 49, 0
11117, 10, 1, 50, 43, 0
11117, 10, 0, 52, 50, 0
11117, 10, 3, 56, 49, 0
11117, 10, 1, 57, 48, 0
11118, 10, 3, 48, 43, 0
11118, 10, 2, 52, 48, 0
11119, 10, 3, 48, 44, 0
11119, 10, 2, 51, 48, 0
11120, 10, 3, 49, 43, 0
11120, 10, 2, 52, 49, 0
11121, 10, 3, 49, 44, 0
11121, 10, 2, 51, 49, 0
11122, 10, 1, 9, 28, 0
11122, 10, 0, 10, 27, 0
11122, 10, 2, 10, 29, 0
11122, 10, 3, 11, 28, 0
11122, 10, 1, 11, 57, 0
11122, 10, 0, 12, 56, 0
11122, 10, 2, 12, 58, 0
11122, 10, 3, 13, 57, 0
11122, 10, 1, 52, 8, 0
11122, 10, 0, 53, 7, 0
11122, 10, 2, 53, 9, 0
11122, 10, 3, 54, 8, 0
11122, 10, 1, 57, 45, 0
11122, 10, 0, 58, 44, 0
11122, 10, 2, 58, 46, 0
11122, 10, 3, 59, 45, 0
11123, 10, 1, 9, 27, 0
11123, 10, 2, 9, 29, 0
11123, 10, 0, 11, 27, 0
11123, 10, 3, 11, 29, 0
11123, 10, 1, 11, 56, 0
11123, 10, 2, 11, 58, 0
11123, 10, 0, 13, 56, 0
11123, 10, 3, 13, 58, 0
11123, 10, 1, 52, 7, 0
11123, 10, 2, 52, 9, 0
11123, 10, 0, 54, 7, 0
11123, 10, 3, 54, 9, 0
11123, 10, 1, 57, 44, 0
11123, 10, 2, 57, 46, 0
11123, 10, 0, 59, 44, 0
11123, 10, 3, 59, 46, 0
