315, 22, 1, 26, 23, 0
315, 22, 0, 27, 24, 0
315, 22, 3, 28, 23, 0
315, 22, 2, 29, 23, 0
315, 22, 1, 31, 21, 0
315, 22, 1, 32, 21, 0
315, 22, 2, 33, 20, 0
315, 22, 0, 33, 21, 0
315, 22, 2, 34, 5, 0
315, 22, 1, 34, 6, 0
315, 22, 0, 34, 19, 0
315, 22, 3, 35, 7, 0
315, 22, 0, 35, 9, 0
315, 22, 3, 35, 10, 0
315, 22, 2, 35, 12, 0
315, 22, 3, 35, 19, 0
315, 22, 0, 36, 6, 0
315, 22, 2, 36, 8, 0
315, 22, 2, 36, 18, 0
315, 22, 1, 37, 7, 0
315, 22, 1, 38, 18, 0
315, 22, 0, 39, 17, 0
315, 22, 3, 40, 18, 0
315, 22, 3, 41, 12, 0
315, 22, 2, 41, 19, 0
315, 22, 1, 41, 20, 0
315, 22, 0, 42, 13, 0
315, 22, 3, 42, 14, 0
315, 22, 2, 43, 14, 0
315, 22, 3, 43, 21, 0
315, 22, 1, 44, 15, 0
315, 22, 0, 46, 22, 0
315, 22, 2, 48, 23, 0
315, 22, 3, 48, 24, 0
315, 22, 2, 49, 0, 0
315, 22, 3, 50, 1, 0
315, 22, 3, 51, 1, 0
315, 22, 0, 52, 1, 0
315, 22, 0, 52, 2, 0
315, 22, 1, 53, 0, 0
315, 22, 3, 53, 8, 0
315, 22, 3, 54, 7, 0
315, 22, 2, 54, 8, 0
315, 22, 0, 55, 7, 0
315, 22, 1, 55, 9, 0
315, 22, 1, 55, 23, 0
315, 22, 2, 55, 24, 0
315, 22, 1, 56, 7, 0
315, 22, 0, 56, 9, 0
315, 22, 3, 56, 23, 0
315, 22, 2, 57, 6, 0
315, 22, 3, 57, 10, 0
315, 22, 2, 57, 11, 0
315, 22, 3, 58, 5, 0
315, 22, 1, 58, 12, 0
315, 22, 0, 58, 22, 0
315, 22, 0, 59, 6, 0
315, 22, 0, 59, 13, 0
315, 22, 2, 59, 20, 0
315, 22, 1, 59, 21, 0
315, 22, 2, 60, 5, 0
315, 22, 1, 60, 6, 0
315, 22, 0, 60, 14, 0
315, 22, 3, 60, 20, 0
315, 22, 2, 61, 14, 0
315, 22, 1, 61, 15, 0
315, 22, 0, 62, 16, 0
315, 22, 0, 62, 18, 0
316, 22, 3, 27, 23, 0
316, 22, 1, 30, 22, 0
316, 22, 3, 35, 6, 0
316, 22, 3, 35, 11, 0
316, 22, 2, 36, 7, 0
316, 22, 0, 36, 9, 0
316, 22, 1, 37, 8, 0
316, 22, 0, 37, 18, 0
316, 22, 3, 38, 17, 0
316, 22, 2, 39, 18, 0
316, 22, 1, 40, 12, 0
316, 22, 0, 41, 13, 0
316, 22, 0, 42, 20, 0
316, 22, 0, 43, 15, 0
316, 22, 3, 44, 21, 0
316, 22, 0, 47, 23, 0
316, 22, 0, 48, 0, 0
316, 22, 0, 49, 1, 0
316, 22, 1, 51, 2, 0
316, 22, 2, 52, 3, 0
316, 22, 2, 53, 1, 0
316, 22, 3, 53, 2, 0
316, 22, 2, 54, 0, 0
316, 22, 0, 54, 9, 0
316, 22, 0, 56, 10, 0
316, 22, 3, 57, 12, 0
316, 22, 1, 57, 22, 0
316, 22, 3, 58, 6, 0
316, 22, 2, 58, 13, 0
316, 22, 2, 58, 21, 0
316, 22, 0, 59, 5, 0
316, 22, 1, 59, 14, 0
316, 22, 2, 61, 5, 0
316, 22, 3, 61, 19, 0
324, 22, 3, 21, 44, 0
324, 22, 0, 22, 48, 0
324, 22, 1, 23, 41, 0
324, 22, 2, 25, 35, 0
324, 22, 0, 25, 40, 0
324, 22, 3, 25, 53, 0
324, 22, 3, 26, 37, 0
324, 22, 0, 27, 55, 0
324, 22, 2, 28, 50, 0
324, 22, 0, 31, 43, 0
324, 22, 3, 33, 34, 0
324, 22, 3, 33, 46, 0
324, 22, 1, 33, 50, 0
324, 22, 1, 35, 39, 0
324, 22, 0, 35, 52, 0
324, 22, 1, 35, 56, 0
324, 22, 2, 36, 52, 0
324, 22, 1, 37, 34, 0
324, 22, 2, 37, 41, 0
324, 22, 3, 37, 44, 0
324, 22, 2, 37, 46, 0
324, 22, 2, 39, 50, 0
324, 22, 1, 40, 40, 0
324, 22, 0, 42, 38, 0
324, 22, 3, 43, 50, 0
324, 22, 2, 44, 40, 0
324, 22, 0, 44, 44, 0
325, 22, 3, 20, 40, 0
325, 22, 0, 20, 41, 0
325, 22, 1, 20, 42, 0
325, 22, 1, 20, 43, 0
325, 22, 1, 20, 44, 0
325, 22, 2, 20, 45, 0
325, 22, 2, 21, 38, 0
325, 22, 2, 21, 42, 0
325, 22, 3, 21, 46, 0
325, 22, 0, 21, 48, 0
325, 22, 1, 21, 49, 0
325, 22, 1, 21, 50, 0
325, 22, 2, 21, 51, 0
325, 22, 2, 21, 52, 0
325, 22, 1, 22, 37, 0
325, 22, 2, 22, 39, 0
325, 22, 0, 22, 40, 0
325, 22, 3, 22, 42, 0
325, 22, 1, 22, 43, 0
325, 22, 1, 22, 45, 0
325, 22, 0, 22, 46, 0
325, 22, 0, 22, 49, 0
325, 22, 0, 22, 50, 0
325, 22, 3, 22, 52, 0
325, 22, 0, 23, 35, 0
325, 22, 3, 23, 39, 0
325, 22, 3, 23, 40, 0
325, 22, 0, 23, 43, 0
325, 22, 1, 23, 44, 0
325, 22, 3, 23, 46, 0
325, 22, 3, 23, 47, 0
325, 22, 3, 23, 49, 0
325, 22, 1, 23, 53, 0
325, 22, 3, 24, 34, 0
325, 22, 1, 24, 37, 0
325, 22, 0, 24, 39, 0
325, 22, 3, 24, 41, 0
325, 22, 0, 24, 43, 0
325, 22, 1, 24, 44, 0
325, 22, 1, 24, 45, 0
325, 22, 2, 24, 48, 0
325, 22, 0, 24, 50, 0
325, 22, 2, 24, 51, 0
325, 22, 2, 24, 52, 0
325, 22, 1, 24, 54, 0
325, 22, 3, 25, 34, 0
325, 22, 3, 25, 36, 0
325, 22, 1, 25, 38, 0
325, 22, 1, 25, 39, 0
325, 22, 2, 25, 43, 0
325, 22, 1, 25, 44, 0
325, 22, 2, 25, 45, 0
325, 22, 2, 25, 48, 0
325, 22, 2, 25, 52, 0
325, 22, 2, 25, 55, 0
325, 22, 2, 26, 34, 0
325, 22, 0, 26, 36, 0
325, 22, 2, 26, 39, 0
325, 22, 3, 26, 40, 0
325, 22, 3, 26, 41, 0
325, 22, 0, 26, 46, 0
325, 22, 3, 26, 47, 0
325, 22, 1, 26, 49, 0
325, 22, 0, 26, 50, 0
325, 22, 1, 26, 52, 0
325, 22, 1, 26, 53, 0
325, 22, 3, 26, 56, 0
325, 22, 1, 27, 33, 0
325, 22, 3, 27, 37, 0
325, 22, 0, 27, 38, 0
325, 22, 2, 27, 39, 0
325, 22, 0, 27, 41, 0
325, 22, 0, 27, 42, 0
325, 22, 1, 27, 47, 0
325, 22, 1, 27, 48, 0
325, 22, 1, 27, 50, 0
325, 22, 1, 27, 51, 0
325, 22, 3, 27, 52, 0
325, 22, 1, 28, 35, 0
325, 22, 2, 28, 36, 0
325, 22, 2, 28, 40, 0
325, 22, 1, 28, 41, 0
325, 22, 0, 28, 46, 0
325, 22, 2, 28, 49, 0
325, 22, 3, 28, 53, 0
325, 22, 3, 28, 54, 0
325, 22, 1, 28, 55, 0
325, 22, 1, 28, 56, 0
325, 22, 0, 29, 33, 0
325, 22, 3, 29, 37, 0
325, 22, 0, 29, 38, 0
325, 22, 3, 29, 43, 0
325, 22, 1, 29, 44, 0
325, 22, 2, 29, 45, 0
325, 22, 2, 29, 46, 0
325, 22, 1, 29, 47, 0
325, 22, 3, 29, 48, 0
325, 22, 0, 29, 49, 0
325, 22, 0, 29, 50, 0
325, 22, 0, 29, 54, 0
325, 22, 1, 29, 55, 0
325, 22, 2, 29, 57, 0
325, 22, 0, 30, 33, 0
325, 22, 1, 30, 34, 0
325, 22, 0, 30, 35, 0
325, 22, 3, 30, 36, 0
325, 22, 0, 30, 39, 0
325, 22, 0, 30, 43, 0
325, 22, 3, 30, 44, 0
325, 22, 3, 30, 48, 0
325, 22, 0, 30, 49, 0
325, 22, 3, 30, 50, 0
325, 22, 0, 30, 53, 0
325, 22, 3, 30, 57, 0
325, 22, 0, 31, 33, 0
325, 22, 1, 31, 34, 0
325, 22, 1, 31, 35, 0
325, 22, 2, 31, 38, 0
325, 22, 1, 31, 39, 0
325, 22, 1, 31, 42, 0
325, 22, 1, 31, 48, 0
325, 22, 2, 31, 50, 0
325, 22, 3, 31, 53, 0
325, 22, 3, 31, 54, 0
325, 22, 1, 31, 55, 0
325, 22, 1, 31, 56, 0
325, 22, 1, 31, 57, 0
325, 22, 3, 32, 33, 0
325, 22, 2, 32, 35, 0
325, 22, 2, 32, 42, 0
325, 22, 2, 32, 43, 0
325, 22, 0, 32, 45, 0
325, 22, 1, 32, 46, 0
325, 22, 2, 32, 47, 0
325, 22, 3, 32, 48, 0
325, 22, 2, 32, 49, 0
325, 22, 2, 32, 50, 0
325, 22, 2, 32, 51, 0
325, 22, 1, 32, 55, 0
325, 22, 0, 32, 57, 0
325, 22, 3, 33, 36, 0
325, 22, 2, 33, 39, 0
325, 22, 1, 33, 41, 0
325, 22, 1, 33, 42, 0
325, 22, 3, 33, 43, 0
325, 22, 0, 33, 44, 0
325, 22, 0, 33, 45, 0
325, 22, 2, 33, 47, 0
325, 22, 1, 33, 52, 0
325, 22, 1, 33, 54, 0
325, 22, 1, 33, 58, 0
325, 22, 1, 34, 32, 0
325, 22, 1, 34, 34, 0
325, 22, 2, 34, 35, 0
325, 22, 3, 34, 37, 0
325, 22, 1, 34, 41, 0
325, 22, 3, 34, 43, 0
325, 22, 0, 34, 44, 0
325, 22, 2, 34, 46, 0
325, 22, 1, 34, 47, 0
325, 22, 2, 34, 49, 0
325, 22, 3, 34, 50, 0
325, 22, 0, 34, 52, 0
325, 22, 2, 34, 53, 0
325, 22, 3, 34, 54, 0
325, 22, 0, 34, 55, 0
325, 22, 0, 34, 56, 0
325, 22, 1, 34, 57, 0
325, 22, 2, 34, 58, 0
325, 22, 2, 35, 33, 0
325, 22, 0, 35, 37, 0
325, 22, 0, 35, 41, 0
325, 22, 0, 35, 44, 0
325, 22, 1, 35, 47, 0
325, 22, 3, 35, 48, 0
325, 22, 3, 35, 49, 0
325, 22, 3, 35, 50, 0
325, 22, 0, 35, 53, 0
325, 22, 1, 35, 54, 0
325, 22, 1, 35, 55, 0
325, 22, 2, 35, 58, 0
325, 22, 2, 36, 33, 0
325, 22, 2, 36, 35, 0
325, 22, 1, 36, 36, 0
325, 22, 3, 36, 37, 0
325, 22, 0, 36, 38, 0
325, 22, 3, 36, 40, 0
325, 22, 1, 36, 42, 0
325, 22, 2, 36, 43, 0
325, 22, 2, 36, 44, 0
325, 22, 3, 36, 45, 0
325, 22, 0, 36, 46, 0
325, 22, 0, 36, 47, 0
325, 22, 2, 36, 49, 0
325, 22, 0, 36, 53, 0
325, 22, 3, 36, 54, 0
325, 22, 1, 36, 57, 0
325, 22, 1, 37, 33, 0
325, 22, 2, 37, 36, 0
325, 22, 1, 37, 38, 0
325, 22, 2, 37, 40, 0
325, 22, 0, 37, 45, 0
325, 22, 0, 37, 47, 0
325, 22, 2, 37, 49, 0
325, 22, 3, 37, 52, 0
325, 22, 0, 37, 54, 0
325, 22, 1, 37, 55, 0
325, 22, 1, 38, 33, 0
325, 22, 1, 38, 36, 0
325, 22, 0, 38, 42, 0
325, 22, 1, 38, 44, 0
325, 22, 0, 38, 45, 0
325, 22, 2, 38, 46, 0
325, 22, 2, 38, 47, 0
325, 22, 0, 38, 48, 0
325, 22, 2, 38, 50, 0
325, 22, 3, 38, 52, 0
325, 22, 2, 38, 54, 0
325, 22, 2, 38, 55, 0
325, 22, 2, 38, 57, 0
325, 22, 3, 39, 34, 0
325, 22, 0, 39, 35, 0
325, 22, 1, 39, 37, 0
325, 22, 1, 39, 38, 0
325, 22, 3, 39, 39, 0
325, 22, 3, 39, 40, 0
325, 22, 0, 39, 41, 0
325, 22, 2, 39, 42, 0
325, 22, 2, 39, 43, 0
325, 22, 1, 39, 44, 0
325, 22, 0, 39, 45, 0
325, 22, 0, 39, 46, 0
325, 22, 3, 39, 49, 0
325, 22, 1, 39, 51, 0
325, 22, 1, 39, 52, 0
325, 22, 1, 39, 53, 0
325, 22, 1, 39, 54, 0
325, 22, 2, 39, 55, 0
325, 22, 3, 39, 56, 0
325, 22, 3, 39, 57, 0
325, 22, 2, 40, 38, 0
325, 22, 2, 40, 39, 0
325, 22, 0, 40, 41, 0
325, 22, 3, 40, 49, 0
325, 22, 0, 40, 50, 0
325, 22, 0, 40, 51, 0
325, 22, 0, 40, 52, 0
325, 22, 1, 40, 54, 0
325, 22, 0, 40, 55, 0
325, 22, 0, 41, 34, 0
325, 22, 2, 41, 36, 0
325, 22, 0, 41, 37, 0
325, 22, 3, 41, 38, 0
325, 22, 2, 41, 39, 0
325, 22, 2, 41, 40, 0
325, 22, 1, 41, 41, 0
325, 22, 1, 41, 46, 0
325, 22, 2, 41, 48, 0
325, 22, 3, 41, 49, 0
325, 22, 3, 41, 50, 0
325, 22, 0, 42, 34, 0
325, 22, 2, 42, 36, 0
325, 22, 0, 42, 37, 0
325, 22, 2, 42, 40, 0
325, 22, 3, 42, 42, 0
325, 22, 3, 42, 44, 0
325, 22, 0, 42, 45, 0
325, 22, 1, 42, 46, 0
325, 22, 2, 42, 47, 0
325, 22, 3, 42, 49, 0
325, 22, 0, 42, 51, 0
325, 22, 2, 42, 53, 0
325, 22, 1, 42, 54, 0
325, 22, 3, 43, 35, 0
325, 22, 1, 43, 37, 0
325, 22, 2, 43, 38, 0
325, 22, 3, 43, 39, 0
325, 22, 1, 43, 41, 0
325, 22, 3, 43, 42, 0
325, 22, 1, 43, 43, 0
325, 22, 2, 43, 44, 0
325, 22, 2, 43, 45, 0
325, 22, 1, 43, 49, 0
325, 22, 3, 43, 52, 0
325, 22, 2, 43, 53, 0
325, 22, 3, 44, 36, 0
325, 22, 0, 44, 42, 0
325, 22, 3, 44, 46, 0
325, 22, 0, 44, 47, 0
325, 22, 1, 44, 48, 0
325, 22, 0, 44, 50, 0
325, 22, 3, 44, 51, 0
325, 22, 2, 45, 38, 0
325, 22, 1, 45, 43, 0
325, 22, 2, 45, 44, 0
325, 22, 2, 45, 45, 0
325, 22, 3, 45, 46, 0
325, 22, 1, 46, 40, 0
325, 22, 0, 46, 42, 0
325, 22, 3, 46, 44, 0
325, 22, 2, 46, 46, 0
325, 22, 1, 46, 47, 0
326, 22, 1, 21, 40, 0
326, 22, 1, 23, 51, 0
326, 22, 2, 24, 46, 0
326, 22, 3, 25, 47, 0
326, 22, 0, 26, 42, 0
326, 22, 2, 27, 35, 0
326, 22, 3, 28, 38, 0
326, 22, 2, 28, 47, 0
326, 22, 3, 29, 42, 0
326, 22, 2, 30, 55, 0
326, 22, 1, 31, 49, 0
326, 22, 1, 33, 38, 0
326, 22, 2, 34, 40, 0
326, 22, 3, 34, 42, 0
326, 22, 2, 34, 51, 0
326, 22, 0, 35, 35, 0
326, 22, 0, 36, 50, 0
326, 22, 3, 37, 56, 0
326, 22, 1, 38, 43, 0
326, 22, 0, 39, 47, 0
326, 22, 3, 40, 36, 0
326, 22, 0, 40, 48, 0
326, 22, 0, 41, 53, 0
326, 22, 2, 45, 42, 0
326, 22, 1, 45, 49, 0
335, 22, 2, 1, 3, 0
335, 22, 1, 1, 22, 0
335, 22, 0, 2, 54, 0
335, 22, 1, 3, 13, 0
335, 22, 1, 3, 62, 0
335, 22, 2, 4, 30, 0
335, 22, 1, 5, 42, 0
335, 22, 3, 7, 3, 0
335, 22, 3, 8, 11, 0
335, 22, 3, 9, 53, 0
335, 22, 2, 9, 60, 0
335, 22, 0, 10, 21, 0
335, 22, 0, 10, 38, 0
335, 22, 1, 12, 6, 0
335, 22, 3, 13, 14, 0
335, 22, 3, 13, 33, 0
335, 22, 0, 16, 38, 0
335, 22, 2, 16, 60, 0
335, 22, 2, 17, 31, 0
335, 22, 3, 17, 51, 0
335, 22, 0, 20, 9, 0
335, 22, 2, 21, 2, 0
335, 22, 2, 22, 19, 0
335, 22, 1, 27, 27, 0
335, 22, 1, 28, 12, 0
335, 22, 2, 31, 24, 0
335, 22, 1, 31, 27, 0
335, 22, 0, 37, 25, 0
335, 22, 0, 39, 27, 0
335, 22, 1, 44, 25, 0
335, 22, 0, 45, 61, 0
335, 22, 3, 46, 53, 0
335, 22, 1, 47, 28, 0
335, 22, 0, 48, 34, 0
335, 22, 2, 50, 53, 0
335, 22, 1, 51, 46, 0
335, 22, 0, 53, 31, 0
335, 22, 3, 54, 42, 0
335, 22, 1, 55, 60, 0
335, 22, 3, 57, 31, 0
335, 22, 2, 57, 38, 0
335, 22, 2, 57, 58, 0
335, 22, 3, 59, 9, 0
335, 22, 0, 59, 40, 0
335, 22, 1, 60, 50, 0
335, 22, 2, 62, 11, 0
335, 22, 0, 62, 61, 0
336, 22, 3, 0, 2, 0
336, 22, 3, 0, 4, 0
336, 22, 0, 0, 5, 0
336, 22, 3, 0, 7, 0
336, 22, 3, 0, 8, 0
336, 22, 0, 0, 9, 0
336, 22, 0, 0, 10, 0
336, 22, 1, 0, 11, 0
336, 22, 3, 0, 16, 0
336, 22, 1, 0, 17, 0
336, 22, 1, 0, 18, 0
336, 22, 2, 0, 19, 0
336, 22, 2, 0, 20, 0
336, 22, 1, 0, 21, 0
336, 22, 2, 0, 23, 0
336, 22, 2, 0, 25, 0
336, 22, 2, 0, 26, 0
336, 22, 3, 0, 27, 0
336, 22, 3, 0, 28, 0
336, 22, 0, 0, 30, 0
336, 22, 0, 0, 31, 0
336, 22, 1, 0, 32, 0
336, 22, 1, 0, 33, 0
336, 22, 1, 0, 34, 0
336, 22, 2, 0, 35, 0
336, 22, 2, 0, 36, 0
336, 22, 1, 0, 37, 0
336, 22, 2, 0, 40, 0
336, 22, 2, 0, 44, 0
336, 22, 3, 0, 45, 0
336, 22, 3, 0, 50, 0
336, 22, 0, 0, 51, 0
336, 22, 1, 0, 53, 0
336, 22, 1, 0, 54, 0
336, 22, 1, 0, 57, 0
336, 22, 1, 1, 0, 0
336, 22, 3, 1, 1, 0
336, 22, 1, 1, 5, 0
336, 22, 2, 1, 6, 0
336, 22, 3, 1, 7, 0
336, 22, 1, 1, 12, 0
336, 22, 2, 1, 14, 0
336, 22, 3, 1, 15, 0
336, 22, 0, 1, 16, 0
336, 22, 1, 1, 17, 0
336, 22, 3, 1, 20, 0
336, 22, 0, 1, 21, 0
336, 22, 3, 1, 23, 0
336, 22, 2, 1, 24, 0
336, 22, 2, 1, 26, 0
336, 22, 3, 1, 29, 0
336, 22, 2, 1, 30, 0
336, 22, 3, 1, 31, 0
336, 22, 0, 1, 33, 0
336, 22, 1, 1, 35, 0
336, 22, 1, 1, 41, 0
336, 22, 2, 1, 42, 0
336, 22, 2, 1, 43, 0
336, 22, 3, 1, 46, 0
336, 22, 1, 1, 51, 0
336, 22, 2, 1, 52, 0
336, 22, 2, 1, 54, 0
336, 22, 1, 1, 57, 0
336, 22, 3, 1, 61, 0
336, 22, 0, 1, 62, 0
336, 22, 1, 2, 0, 0
336, 22, 2, 2, 2, 0
336, 22, 3, 2, 5, 0
336, 22, 3, 2, 6, 0
336, 22, 3, 2, 8, 0
336, 22, 3, 2, 9, 0
336, 22, 2, 2, 10, 0
336, 22, 1, 2, 11, 0
336, 22, 1, 2, 15, 0
336, 22, 0, 2, 16, 0
336, 22, 3, 2, 19, 0
336, 22, 0, 2, 20, 0
336, 22, 2, 2, 22, 0
336, 22, 1, 2, 24, 0
336, 22, 3, 2, 26, 0
336, 22, 3, 2, 27, 0
336, 22, 0, 2, 28, 0
336, 22, 1, 2, 30, 0
336, 22, 1, 2, 32, 0
336, 22, 1, 2, 33, 0
336, 22, 0, 2, 34, 0
336, 22, 0, 2, 35, 0
336, 22, 0, 2, 36, 0
336, 22, 1, 2, 41, 0
336, 22, 1, 2, 43, 0
336, 22, 3, 2, 46, 0
336, 22, 0, 2, 48, 0
336, 22, 3, 2, 51, 0
336, 22, 0, 2, 52, 0
336, 22, 3, 2, 56, 0
336, 22, 0, 2, 58, 0
336, 22, 1, 3, 3, 0
336, 22, 3, 3, 5, 0
336, 22, 2, 3, 8, 0
336, 22, 2, 3, 9, 0
336, 22, 3, 3, 10, 0
336, 22, 0, 3, 12, 0
336, 22, 1, 3, 15, 0
336, 22, 0, 3, 18, 0
336, 22, 3, 3, 19, 0
336, 22, 1, 3, 20, 0
336, 22, 3, 3, 21, 0
336, 22, 3, 3, 22, 0
336, 22, 0, 3, 23, 0
336, 22, 1, 3, 24, 0
336, 22, 0, 3, 25, 0
336, 22, 3, 3, 27, 0
336, 22, 2, 3, 30, 0
336, 22, 3, 3, 31, 0
336, 22, 3, 3, 36, 0
336, 22, 1, 3, 38, 0
336, 22, 1, 3, 40, 0
336, 22, 2, 3, 42, 0
336, 22, 2, 3, 44, 0
336, 22, 0, 3, 47, 0
336, 22, 0, 3, 49, 0
336, 22, 2, 3, 51, 0
336, 22, 1, 3, 53, 0
336, 22, 2, 3, 55, 0
336, 22, 3, 3, 58, 0
336, 22, 2, 3, 60, 0
336, 22, 0, 4, 1, 0
336, 22, 1, 4, 2, 0
336, 22, 2, 4, 3, 0
336, 22, 3, 4, 4, 0
336, 22, 0, 4, 5, 0
336, 22, 0, 4, 6, 0
336, 22, 2, 4, 8, 0
336, 22, 2, 4, 9, 0
336, 22, 3, 4, 10, 0
336, 22, 1, 4, 14, 0
336, 22, 3, 4, 16, 0
336, 22, 3, 4, 17, 0
336, 22, 0, 4, 18, 0
336, 22, 2, 4, 20, 0
336, 22, 1, 4, 22, 0
336, 22, 1, 4, 24, 0
336, 22, 3, 4, 26, 0
336, 22, 0, 4, 28, 0
336, 22, 2, 4, 29, 0
336, 22, 3, 4, 32, 0
336, 22, 0, 4, 33, 0
336, 22, 0, 4, 39, 0
336, 22, 2, 4, 41, 0
336, 22, 3, 4, 44, 0
336, 22, 2, 4, 51, 0
336, 22, 1, 4, 52, 0
336, 22, 3, 4, 56, 0
336, 22, 3, 4, 57, 0
336, 22, 2, 4, 60, 0
336, 22, 0, 5, 1, 0
336, 22, 1, 5, 3, 0
336, 22, 1, 5, 6, 0
336, 22, 1, 5, 7, 0
336, 22, 1, 5, 9, 0
336, 22, 0, 5, 10, 0
336, 22, 3, 5, 11, 0
336, 22, 0, 5, 12, 0
336, 22, 3, 5, 13, 0
336, 22, 2, 5, 15, 0
336, 22, 3, 5, 17, 0
336, 22, 3, 5, 20, 0
336, 22, 2, 5, 21, 0
336, 22, 0, 5, 22, 0
336, 22, 0, 5, 24, 0
336, 22, 0, 5, 25, 0
336, 22, 1, 5, 27, 0
336, 22, 1, 5, 28, 0
336, 22, 1, 5, 30, 0
336, 22, 3, 5, 31, 0
336, 22, 0, 5, 33, 0
336, 22, 0, 5, 34, 0
336, 22, 3, 5, 35, 0
336, 22, 3, 5, 36, 0
336, 22, 3, 5, 37, 0
336, 22, 0, 5, 38, 0
336, 22, 2, 5, 40, 0
336, 22, 3, 5, 46, 0
336, 22, 0, 5, 47, 0
336, 22, 0, 5, 48, 0
336, 22, 1, 5, 51, 0
336, 22, 1, 5, 52, 0
336, 22, 1, 5, 53, 0
336, 22, 2, 5, 54, 0
336, 22, 1, 5, 59, 0
336, 22, 0, 5, 63, 0
336, 22, 0, 6, 0, 0
336, 22, 1, 6, 2, 0
336, 22, 3, 6, 4, 0
336, 22, 0, 6, 8, 0
336, 22, 0, 6, 10, 0
336, 22, 0, 6, 12, 0
336, 22, 1, 6, 21, 0
336, 22, 0, 6, 23, 0
336, 22, 1, 6, 27, 0
336, 22, 1, 6, 30, 0
336, 22, 1, 6, 33, 0
336, 22, 1, 6, 40, 0
336, 22, 1, 6, 42, 0
336, 22, 2, 6, 44, 0
336, 22, 1, 6, 48, 0
336, 22, 2, 6, 49, 0
336, 22, 2, 6, 51, 0
336, 22, 3, 6, 53, 0
336, 22, 2, 6, 54, 0
336, 22, 3, 6, 56, 0
336, 22, 1, 6, 58, 0
336, 22, 0, 6, 61, 0
336, 22, 0, 7, 1, 0
336, 22, 2, 7, 4, 0
336, 22, 3, 7, 5, 0
336, 22, 3, 7, 6, 0
336, 22, 0, 7, 7, 0
336, 22, 2, 7, 8, 0
336, 22, 1, 7, 9, 0
336, 22, 0, 7, 10, 0
336, 22, 1, 7, 13, 0
336, 22, 1, 7, 14, 0
336, 22, 0, 7, 16, 0
336, 22, 0, 7, 17, 0
336, 22, 3, 7, 20, 0
336, 22, 0, 7, 21, 0
336, 22, 0, 7, 22, 0
336, 22, 3, 7, 24, 0
336, 22, 1, 7, 26, 0
336, 22, 0, 7, 28, 0
336, 22, 1, 7, 29, 0
336, 22, 2, 7, 32, 0
336, 22, 1, 7, 34, 0
336, 22, 0, 7, 35, 0
336, 22, 1, 7, 37, 0
336, 22, 2, 7, 39, 0
336, 22, 1, 7, 43, 0
336, 22, 2, 7, 44, 0
336, 22, 1, 7, 52, 0
336, 22, 1, 7, 53, 0
336, 22, 2, 7, 54, 0
336, 22, 0, 7, 55, 0
336, 22, 3, 7, 56, 0
336, 22, 1, 8, 0, 0
336, 22, 3, 8, 1, 0
336, 22, 2, 8, 3, 0
336, 22, 2, 8, 4, 0
336, 22, 2, 8, 7, 0
336, 22, 1, 8, 9, 0
336, 22, 1, 8, 10, 0
336, 22, 2, 8, 12, 0
336, 22, 2, 8, 14, 0
336, 22, 3, 8, 16, 0
336, 22, 0, 8, 19, 0
336, 22, 0, 8, 20, 0
336, 22, 3, 8, 22, 0
336, 22, 3, 8, 25, 0
336, 22, 2, 8, 26, 0
336, 22, 2, 8, 27, 0
336, 22, 3, 8, 28, 0
336, 22, 1, 8, 29, 0
336, 22, 1, 8, 31, 0
336, 22, 2, 8, 34, 0
336, 22, 0, 8, 37, 0
336, 22, 1, 8, 38, 0
336, 22, 1, 8, 41, 0
336, 22, 2, 8, 45, 0
336, 22, 1, 8, 48, 0
336, 22, 2, 8, 50, 0
336, 22, 2, 8, 52, 0
336, 22, 0, 8, 57, 0
336, 22, 0, 8, 58, 0
336, 22, 2, 8, 60, 0
336, 22, 0, 8, 62, 0
336, 22, 2, 9, 1, 0
336, 22, 1, 9, 2, 0
336, 22, 2, 9, 4, 0
336, 22, 3, 9, 7, 0
336, 22, 1, 9, 10, 0
336, 22, 1, 9, 11, 0
336, 22, 3, 9, 14, 0
336, 22, 2, 9, 17, 0
336, 22, 2, 9, 22, 0
336, 22, 2, 9, 23, 0
336, 22, 0, 9, 27, 0
336, 22, 2, 9, 32, 0
336, 22, 3, 9, 35, 0
336, 22, 3, 9, 36, 0
336, 22, 1, 9, 39, 0
336, 22, 3, 9, 40, 0
336, 22, 0, 9, 42, 0
336, 22, 0, 9, 44, 0
336, 22, 3, 9, 46, 0
336, 22, 0, 9, 48, 0
336, 22, 2, 9, 54, 0
336, 22, 3, 9, 56, 0
336, 22, 3, 9, 57, 0
336, 22, 2, 9, 59, 0
336, 22, 0, 9, 62, 0
336, 22, 2, 10, 0, 0
336, 22, 0, 10, 2, 0
336, 22, 3, 10, 7, 0
336, 22, 1, 10, 11, 0
336, 22, 0, 10, 12, 0
336, 22, 0, 10, 13, 0
336, 22, 3, 10, 14, 0
336, 22, 0, 10, 20, 0
336, 22, 2, 10, 24, 0
336, 22, 2, 10, 26, 0
336, 22, 3, 10, 28, 0
336, 22, 0, 10, 29, 0
336, 22, 3, 10, 30, 0
336, 22, 1, 10, 33, 0
336, 22, 3, 10, 35, 0
336, 22, 3, 10, 36, 0
336, 22, 3, 10, 41, 0
336, 22, 3, 10, 42, 0
336, 22, 0, 10, 43, 0
336, 22, 0, 10, 46, 0
336, 22, 0, 10, 50, 0
336, 22, 0, 10, 51, 0
336, 22, 2, 10, 52, 0
336, 22, 2, 10, 55, 0
336, 22, 1, 10, 58, 0
336, 22, 3, 10, 60, 0
336, 22, 0, 10, 61, 0
336, 22, 2, 11, 0, 0
336, 22, 1, 11, 4, 0
336, 22, 0, 11, 5, 0
336, 22, 0, 11, 6, 0
336, 22, 0, 11, 8, 0
336, 22, 2, 11, 10, 0
336, 22, 0, 11, 13, 0
336, 22, 1, 11, 15, 0
336, 22, 1, 11, 16, 0
336, 22, 1, 11, 18, 0
336, 22, 2, 11, 23, 0
336, 22, 2, 11, 25, 0
336, 22, 0, 11, 28, 0
336, 22, 0, 11, 29, 0
336, 22, 0, 11, 31, 0
336, 22, 1, 11, 33, 0
336, 22, 0, 11, 35, 0
336, 22, 2, 11, 36, 0
336, 22, 3, 11, 39, 0
336, 22, 2, 11, 40, 0
336, 22, 0, 11, 43, 0
336, 22, 0, 11, 45, 0
336, 22, 3, 11, 46, 0
336, 22, 0, 11, 51, 0
336, 22, 1, 11, 54, 0
336, 22, 0, 11, 58, 0
336, 22, 3, 11, 60, 0
336, 22, 3, 11, 62, 0
336, 22, 3, 12, 1, 0
336, 22, 0, 12, 3, 0
336, 22, 1, 12, 4, 0
336, 22, 3, 12, 8, 0
336, 22, 2, 12, 9, 0
336, 22, 3, 12, 11, 0
336, 22, 3, 12, 12, 0
336, 22, 1, 12, 17, 0
336, 22, 1, 12, 18, 0
336, 22, 1, 12, 20, 0
336, 22, 1, 12, 21, 0
336, 22, 1, 12, 22, 0
336, 22, 0, 12, 23, 0
336, 22, 1, 12, 24, 0
336, 22, 1, 12, 25, 0
336, 22, 0, 12, 28, 0
336, 22, 3, 12, 29, 0
336, 22, 1, 12, 31, 0
336, 22, 0, 12, 34, 0
336, 22, 2, 12, 36, 0
336, 22, 3, 12, 37, 0
336, 22, 0, 12, 40, 0
336, 22, 3, 12, 47, 0
336, 22, 2, 12, 48, 0
336, 22, 1, 12, 50, 0
336, 22, 1, 12, 54, 0
336, 22, 0, 12, 57, 0
336, 22, 3, 12, 62, 0
336, 22, 1, 13, 0, 0
336, 22, 0, 13, 1, 0
336, 22, 3, 13, 7, 0
336, 22, 3, 13, 9, 0
336, 22, 3, 13, 11, 0
336, 22, 0, 13, 16, 0
336, 22, 0, 13, 20, 0
336, 22, 1, 13, 21, 0
336, 22, 1, 13, 23, 0
336, 22, 0, 13, 24, 0
336, 22, 0, 13, 29, 0
336, 22, 0, 13, 34, 0
336, 22, 0, 13, 35, 0
336, 22, 3, 13, 39, 0
336, 22, 1, 13, 41, 0
336, 22, 1, 13, 42, 0
336, 22, 1, 13, 45, 0
336, 22, 3, 13, 46, 0
336, 22, 1, 13, 49, 0
336, 22, 3, 13, 51, 0
336, 22, 3, 13, 52, 0
336, 22, 3, 13, 56, 0
336, 22, 2, 13, 62, 0
336, 22, 1, 14, 1, 0
336, 22, 0, 14, 2, 0
336, 22, 3, 14, 3, 0
336, 22, 1, 14, 4, 0
336, 22, 1, 14, 5, 0
336, 22, 2, 14, 6, 0
336, 22, 0, 14, 8, 0
336, 22, 2, 14, 10, 0
336, 22, 1, 14, 11, 0
336, 22, 1, 14, 12, 0
336, 22, 0, 14, 15, 0
336, 22, 3, 14, 18, 0
336, 22, 0, 14, 19, 0
336, 22, 1, 14, 22, 0
336, 22, 0, 14, 24, 0
336, 22, 0, 14, 26, 0
336, 22, 0, 14, 28, 0
336, 22, 0, 14, 29, 0
336, 22, 3, 14, 30, 0
336, 22, 2, 14, 31, 0
336, 22, 3, 14, 34, 0
336, 22, 2, 14, 36, 0
336, 22, 2, 14, 39, 0
336, 22, 2, 14, 41, 0
336, 22, 2, 14, 42, 0
336, 22, 2, 14, 45, 0
336, 22, 1, 14, 48, 0
336, 22, 2, 14, 51, 0
336, 22, 3, 14, 52, 0
336, 22, 2, 14, 53, 0
336, 22, 2, 14, 55, 0
336, 22, 3, 14, 56, 0
336, 22, 3, 14, 58, 0
336, 22, 3, 14, 59, 0
336, 22, 0, 14, 60, 0
336, 22, 2, 15, 1, 0
336, 22, 3, 15, 2, 0
336, 22, 2, 15, 4, 0
336, 22, 2, 15, 6, 0
336, 22, 0, 15, 7, 0
336, 22, 2, 15, 9, 0
336, 22, 2, 15, 13, 0
336, 22, 3, 15, 14, 0
336, 22, 0, 15, 18, 0
336, 22, 1, 15, 22, 0
336, 22, 3, 15, 24, 0
336, 22, 2, 15, 25, 0
336, 22, 1, 15, 28, 0
336, 22, 1, 15, 29, 0
336, 22, 3, 15, 33, 0
336, 22, 2, 15, 35, 0
336, 22, 2, 15, 36, 0
336, 22, 3, 15, 40, 0
336, 22, 0, 15, 41, 0
336, 22, 3, 15, 43, 0
336, 22, 2, 15, 46, 0
336, 22, 2, 15, 47, 0
336, 22, 2, 15, 48, 0
336, 22, 2, 15, 50, 0
336, 22, 3, 15, 52, 0
336, 22, 3, 15, 53, 0
336, 22, 1, 15, 54, 0
336, 22, 3, 15, 57, 0
336, 22, 1, 15, 62, 0
336, 22, 0, 16, 0, 0
336, 22, 2, 16, 1, 0
336, 22, 2, 16, 2, 0
336, 22, 3, 16, 3, 0
336, 22, 1, 16, 5, 0
336, 22, 1, 16, 9, 0
336, 22, 3, 16, 15, 0
336, 22, 3, 16, 16, 0
336, 22, 2, 16, 20, 0
336, 22, 2, 16, 21, 0
336, 22, 0, 16, 22, 0
336, 22, 2, 16, 23, 0
336, 22, 0, 16, 24, 0
336, 22, 3, 16, 27, 0
336, 22, 1, 16, 28, 0
336, 22, 3, 16, 30, 0
336, 22, 3, 16, 32, 0
336, 22, 2, 16, 33, 0
336, 22, 3, 16, 37, 0
336, 22, 1, 16, 43, 0
336, 22, 3, 16, 44, 0
336, 22, 1, 16, 50, 0
336, 22, 0, 16, 52, 0
336, 22, 0, 16, 54, 0
336, 22, 2, 16, 56, 0
336, 22, 3, 17, 0, 0
336, 22, 3, 17, 1, 0
336, 22, 3, 17, 2, 0
336, 22, 0, 17, 4, 0
336, 22, 0, 17, 8, 0
336, 22, 3, 17, 10, 0
336, 22, 2, 17, 12, 0
336, 22, 3, 17, 14, 0
336, 22, 3, 17, 18, 0
336, 22, 3, 17, 20, 0
336, 22, 3, 17, 21, 0
336, 22, 3, 17, 22, 0
336, 22, 1, 17, 25, 0
336, 22, 3, 17, 26, 0
336, 22, 0, 17, 27, 0
336, 22, 2, 17, 29, 0
336, 22, 2, 17, 30, 0
336, 22, 3, 17, 32, 0
336, 22, 0, 17, 34, 0
336, 22, 1, 17, 35, 0
336, 22, 3, 17, 37, 0
336, 22, 3, 17, 45, 0
336, 22, 1, 17, 48, 0
336, 22, 0, 17, 50, 0
336, 22, 1, 17, 58, 0
336, 22, 2, 17, 59, 0
336, 22, 2, 17, 62, 0
336, 22, 3, 18, 1, 0
336, 22, 1, 18, 3, 0
336, 22, 0, 18, 5, 0
336, 22, 1, 18, 6, 0
336, 22, 0, 18, 8, 0
336, 22, 0, 18, 10, 0
336, 22, 3, 18, 11, 0
336, 22, 0, 18, 13, 0
336, 22, 0, 18, 14, 0
336, 22, 1, 18, 15, 0
336, 22, 2, 18, 18, 0
336, 22, 3, 18, 20, 0
336, 22, 2, 18, 23, 0
336, 22, 2, 18, 26, 0
336, 22, 2, 18, 29, 0
336, 22, 2, 18, 30, 0
336, 22, 0, 18, 32, 0
336, 22, 2, 18, 33, 0
336, 22, 2, 18, 35, 0
336, 22, 1, 18, 36, 0
336, 22, 2, 18, 38, 0
336, 22, 2, 18, 39, 0
336, 22, 3, 18, 41, 0
336, 22, 0, 18, 42, 0
336, 22, 1, 18, 44, 0
336, 22, 1, 18, 45, 0
336, 22, 0, 18, 47, 0
336, 22, 3, 18, 49, 0
336, 22, 0, 18, 51, 0
336, 22, 1, 18, 53, 0
336, 22, 0, 18, 54, 0
336, 22, 3, 18, 55, 0
336, 22, 0, 18, 56, 0
336, 22, 3, 18, 61, 0
336, 22, 3, 19, 0, 0
336, 22, 0, 19, 1, 0
336, 22, 2, 19, 2, 0
336, 22, 3, 19, 3, 0
336, 22, 3, 19, 4, 0
336, 22, 3, 19, 5, 0
336, 22, 3, 19, 8, 0
336, 22, 0, 19, 10, 0
336, 22, 0, 19, 12, 0
336, 22, 1, 19, 16, 0
336, 22, 1, 19, 17, 0
336, 22, 2, 19, 18, 0
336, 22, 3, 19, 19, 0
336, 22, 0, 19, 20, 0
336, 22, 3, 19, 21, 0
336, 22, 3, 19, 23, 0
336, 22, 2, 19, 27, 0
336, 22, 3, 19, 29, 0
336, 22, 0, 19, 31, 0
336, 22, 1, 19, 33, 0
336, 22, 0, 19, 36, 0
336, 22, 2, 19, 47, 0
336, 22, 2, 19, 48, 0
336, 22, 0, 19, 51, 0
336, 22, 0, 19, 52, 0
336, 22, 2, 19, 53, 0
336, 22, 2, 19, 54, 0
336, 22, 3, 19, 55, 0
336, 22, 3, 19, 57, 0
336, 22, 0, 19, 58, 0
336, 22, 0, 19, 63, 0
336, 22, 1, 20, 1, 0
336, 22, 1, 20, 4, 0
336, 22, 2, 20, 7, 0
336, 22, 0, 20, 11, 0
336, 22, 0, 20, 12, 0
336, 22, 0, 20, 13, 0
336, 22, 1, 20, 15, 0
336, 22, 0, 20, 16, 0
336, 22, 1, 20, 17, 0
336, 22, 2, 20, 18, 0
336, 22, 3, 20, 23, 0
336, 22, 1, 20, 28, 0
336, 22, 3, 20, 29, 0
336, 22, 2, 20, 30, 0
336, 22, 1, 20, 32, 0
336, 22, 3, 20, 34, 0
336, 22, 1, 20, 53, 0
336, 22, 1, 20, 54, 0
336, 22, 3, 20, 57, 0
336, 22, 3, 20, 60, 0
336, 22, 2, 20, 62, 0
336, 22, 2, 21, 0, 0
336, 22, 1, 21, 1, 0
336, 22, 0, 21, 4, 0
336, 22, 3, 21, 10, 0
336, 22, 3, 21, 13, 0
336, 22, 3, 21, 14, 0
336, 22, 0, 21, 20, 0
336, 22, 0, 21, 22, 0
336, 22, 2, 21, 27, 0
336, 22, 1, 21, 28, 0
336, 22, 1, 21, 30, 0
336, 22, 1, 21, 33, 0
336, 22, 2, 21, 55, 0
336, 22, 2, 21, 57, 0
336, 22, 2, 21, 58, 0
336, 22, 2, 21, 59, 0
336, 22, 3, 21, 61, 0
336, 22, 1, 21, 63, 0
336, 22, 0, 22, 3, 0
336, 22, 1, 22, 6, 0
336, 22, 2, 22, 7, 0
336, 22, 3, 22, 8, 0
336, 22, 3, 22, 9, 0
336, 22, 0, 22, 14, 0
336, 22, 0, 22, 15, 0
336, 22, 1, 22, 16, 0
336, 22, 1, 22, 17, 0
336, 22, 2, 22, 27, 0
336, 22, 1, 22, 28, 0
336, 22, 0, 22, 29, 0
336, 22, 1, 22, 31, 0
336, 22, 0, 22, 34, 0
336, 22, 2, 22, 56, 0
336, 22, 1, 22, 57, 0
336, 22, 3, 22, 59, 0
336, 22, 2, 22, 61, 0
336, 22, 2, 23, 0, 0
336, 22, 2, 23, 1, 0
336, 22, 2, 23, 5, 0
336, 22, 2, 23, 6, 0
336, 22, 1, 23, 8, 0
336, 22, 3, 23, 13, 0
336, 22, 2, 23, 15, 0
336, 22, 1, 23, 17, 0
336, 22, 3, 23, 28, 0
336, 22, 0, 23, 31, 0
336, 22, 2, 23, 33, 0
336, 22, 3, 23, 56, 0
336, 22, 0, 23, 58, 0
336, 22, 3, 23, 59, 0
336, 22, 3, 23, 60, 0
336, 22, 2, 23, 61, 0
336, 22, 2, 23, 62, 0
336, 22, 1, 24, 0, 0
336, 22, 2, 24, 1, 0
336, 22, 3, 24, 3, 0
336, 22, 3, 24, 4, 0
336, 22, 1, 24, 5, 0
336, 22, 0, 24, 7, 0
336, 22, 3, 24, 8, 0
336, 22, 0, 24, 9, 0
336, 22, 2, 24, 11, 0
336, 22, 2, 24, 12, 0
336, 22, 2, 24, 14, 0
336, 22, 1, 24, 18, 0
336, 22, 2, 24, 27, 0
336, 22, 0, 24, 30, 0
336, 22, 0, 24, 58, 0
336, 22, 3, 24, 60, 0
336, 22, 2, 24, 62, 0
336, 22, 3, 25, 1, 0
336, 22, 0, 25, 4, 0
336, 22, 1, 25, 5, 0
336, 22, 0, 25, 9, 0
336, 22, 2, 25, 13, 0
336, 22, 2, 25, 16, 0
336, 22, 2, 25, 17, 0
336, 22, 3, 25, 27, 0
336, 22, 0, 25, 28, 0
336, 22, 0, 25, 29, 0
336, 22, 1, 25, 58, 0
336, 22, 0, 25, 60, 0
336, 22, 1, 26, 0, 0
336, 22, 3, 26, 2, 0
336, 22, 0, 26, 4, 0
336, 22, 0, 26, 5, 0
336, 22, 0, 26, 10, 0
336, 22, 1, 26, 14, 0
336, 22, 3, 26, 16, 0
336, 22, 3, 26, 17, 0
336, 22, 2, 26, 25, 0
336, 22, 2, 26, 26, 0
336, 22, 3, 26, 27, 0
336, 22, 3, 26, 28, 0
336, 22, 1, 26, 29, 0
336, 22, 2, 26, 30, 0
336, 22, 3, 26, 31, 0
336, 22, 3, 26, 32, 0
336, 22, 2, 26, 59, 0
336, 22, 1, 26, 63, 0
336, 22, 0, 27, 0, 0
336, 22, 3, 27, 1, 0
336, 22, 0, 27, 3, 0
336, 22, 3, 27, 5, 0
336, 22, 3, 27, 7, 0
336, 22, 1, 27, 10, 0
336, 22, 0, 27, 11, 0
336, 22, 0, 27, 12, 0
336, 22, 0, 27, 14, 0
336, 22, 3, 27, 16, 0
336, 22, 1, 27, 25, 0
336, 22, 2, 27, 58, 0
336, 22, 3, 27, 60, 0
336, 22, 0, 27, 61, 0
336, 22, 0, 27, 62, 0
336, 22, 0, 28, 0, 0
336, 22, 0, 28, 1, 0
336, 22, 3, 28, 4, 0
336, 22, 2, 28, 8, 0
336, 22, 1, 28, 11, 0
336, 22, 0, 28, 14, 0
336, 22, 1, 28, 25, 0
336, 22, 1, 28, 26, 0
336, 22, 1, 28, 27, 0
336, 22, 2, 28, 30, 0
336, 22, 3, 28, 60, 0
336, 22, 1, 28, 63, 0
336, 22, 0, 29, 1, 0
336, 22, 2, 29, 4, 0
336, 22, 2, 29, 6, 0
336, 22, 3, 29, 7, 0
336, 22, 1, 29, 10, 0
336, 22, 3, 29, 13, 0
336, 22, 0, 29, 24, 0
336, 22, 1, 29, 31, 0
336, 22, 2, 29, 59, 0
336, 22, 3, 29, 61, 0
336, 22, 0, 29, 62, 0
336, 22, 3, 30, 0, 0
336, 22, 2, 30, 3, 0
336, 22, 2, 30, 5, 0
336, 22, 3, 30, 9, 0
336, 22, 1, 30, 10, 0
336, 22, 0, 30, 25, 0
336, 22, 2, 30, 27, 0
336, 22, 2, 30, 29, 0
336, 22, 1, 30, 59, 0
336, 22, 1, 31, 1, 0
336, 22, 1, 31, 2, 0
336, 22, 1, 31, 4, 0
336, 22, 1, 31, 6, 0
336, 22, 1, 31, 7, 0
336, 22, 0, 31, 8, 0
336, 22, 0, 31, 10, 0
336, 22, 2, 31, 11, 0
336, 22, 3, 31, 12, 0
336, 22, 3, 31, 23, 0
336, 22, 1, 31, 31, 0
336, 22, 1, 31, 62, 0
336, 22, 2, 31, 63, 0
336, 22, 2, 32, 0, 0
336, 22, 1, 32, 2, 0
336, 22, 0, 32, 5, 0
336, 22, 1, 32, 10, 0
336, 22, 2, 32, 22, 0
336, 22, 1, 32, 23, 0
336, 22, 3, 32, 25, 0
336, 22, 0, 32, 28, 0
336, 22, 0, 32, 30, 0
336, 22, 1, 32, 59, 0
336, 22, 1, 32, 61, 0
336, 22, 3, 32, 63, 0
336, 22, 0, 33, 6, 0
336, 22, 0, 33, 7, 0
336, 22, 1, 33, 10, 0
336, 22, 2, 33, 22, 0
336, 22, 0, 33, 27, 0
336, 22, 1, 33, 59, 0
336, 22, 0, 33, 60, 0
336, 22, 0, 33, 61, 0
336, 22, 0, 33, 62, 0
336, 22, 1, 33, 63, 0
336, 22, 3, 34, 8, 0
336, 22, 2, 34, 9, 0
336, 22, 2, 34, 21, 0
336, 22, 2, 34, 23, 0
336, 22, 2, 34, 25, 0
336, 22, 3, 34, 31, 0
336, 22, 0, 34, 59, 0
336, 22, 0, 34, 61, 0
336, 22, 2, 35, 23, 0
336, 22, 1, 35, 25, 0
336, 22, 1, 35, 27, 0
336, 22, 0, 35, 29, 0
336, 22, 0, 35, 59, 0
336, 22, 3, 35, 61, 0
336, 22, 3, 35, 63, 0
336, 22, 1, 36, 20, 0
336, 22, 3, 36, 22, 0
336, 22, 1, 36, 23, 0
336, 22, 1, 36, 24, 0
336, 22, 2, 36, 27, 0
336, 22, 0, 36, 29, 0
336, 22, 3, 36, 30, 0
336, 22, 3, 36, 59, 0
336, 22, 1, 36, 62, 0
336, 22, 0, 36, 63, 0
336, 22, 0, 37, 19, 0
336, 22, 0, 37, 20, 0
336, 22, 3, 37, 27, 0
336, 22, 3, 37, 28, 0
336, 22, 2, 37, 30, 0
336, 22, 2, 37, 60, 0
336, 22, 2, 37, 62, 0
336, 22, 0, 37, 63, 0
336, 22, 0, 38, 19, 0
336, 22, 3, 38, 23, 0
336, 22, 2, 38, 30, 0
336, 22, 2, 38, 58, 0
336, 22, 0, 38, 60, 0
336, 22, 1, 38, 61, 0
336, 22, 1, 38, 62, 0
336, 22, 3, 39, 19, 0
336, 22, 2, 39, 21, 0
336, 22, 3, 39, 25, 0
336, 22, 1, 39, 26, 0
336, 22, 0, 39, 28, 0
336, 22, 2, 39, 58, 0
336, 22, 0, 39, 59, 0
336, 22, 2, 39, 60, 0
336, 22, 0, 39, 61, 0
336, 22, 0, 39, 63, 0
336, 22, 2, 40, 20, 0
336, 22, 2, 40, 22, 0
336, 22, 3, 40, 23, 0
336, 22, 0, 40, 24, 0
336, 22, 0, 40, 25, 0
336, 22, 1, 40, 27, 0
336, 22, 0, 40, 28, 0
336, 22, 0, 40, 57, 0
336, 22, 3, 40, 59, 0
336, 22, 1, 40, 61, 0
336, 22, 3, 40, 63, 0
336, 22, 2, 41, 26, 0
336, 22, 1, 41, 27, 0
336, 22, 0, 41, 29, 0
336, 22, 2, 41, 32, 0
336, 22, 0, 41, 57, 0
336, 22, 3, 41, 59, 0
336, 22, 2, 41, 61, 0
336, 22, 2, 41, 63, 0
336, 22, 3, 42, 23, 0
336, 22, 0, 42, 24, 0
336, 22, 0, 42, 29, 0
336, 22, 0, 42, 31, 0
336, 22, 2, 42, 33, 0
336, 22, 3, 42, 56, 0
336, 22, 3, 42, 57, 0
336, 22, 2, 42, 58, 0
336, 22, 1, 42, 59, 0
336, 22, 1, 42, 60, 0
336, 22, 1, 42, 61, 0
336, 22, 3, 42, 62, 0
336, 22, 1, 42, 63, 0
336, 22, 0, 43, 26, 0
336, 22, 3, 43, 27, 0
336, 22, 1, 43, 28, 0
336, 22, 1, 43, 32, 0
336, 22, 1, 43, 33, 0
336, 22, 2, 43, 55, 0
336, 22, 3, 43, 57, 0
336, 22, 1, 43, 59, 0
336, 22, 1, 43, 60, 0
336, 22, 0, 43, 61, 0
336, 22, 1, 44, 26, 0
336, 22, 0, 44, 30, 0
336, 22, 1, 44, 35, 0
336, 22, 1, 44, 54, 0
336, 22, 0, 44, 56, 0
336, 22, 3, 44, 57, 0
336, 22, 1, 44, 60, 0
336, 22, 1, 44, 61, 0
336, 22, 2, 44, 62, 0
336, 22, 3, 44, 63, 0
336, 22, 1, 45, 27, 0
336, 22, 0, 45, 29, 0
336, 22, 2, 45, 33, 0
336, 22, 2, 45, 34, 0
336, 22, 0, 45, 36, 0
336, 22, 3, 45, 37, 0
336, 22, 0, 45, 55, 0
336, 22, 3, 45, 57, 0
336, 22, 0, 45, 58, 0
336, 22, 3, 45, 59, 0
336, 22, 0, 45, 60, 0
336, 22, 2, 45, 62, 0
336, 22, 0, 46, 25, 0
336, 22, 0, 46, 26, 0
336, 22, 1, 46, 27, 0
336, 22, 2, 46, 28, 0
336, 22, 2, 46, 29, 0
336, 22, 1, 46, 32, 0
336, 22, 3, 46, 34, 0
336, 22, 3, 46, 35, 0
336, 22, 2, 46, 51, 0
336, 22, 3, 46, 56, 0
336, 22, 2, 46, 57, 0
336, 22, 1, 46, 58, 0
336, 22, 2, 46, 60, 0
336, 22, 3, 46, 62, 0
336, 22, 0, 46, 63, 0
336, 22, 2, 47, 27, 0
336, 22, 2, 47, 30, 0
336, 22, 2, 47, 33, 0
336, 22, 0, 47, 36, 0
336, 22, 3, 47, 39, 0
336, 22, 2, 47, 52, 0
336, 22, 3, 47, 53, 0
336, 22, 3, 47, 54, 0
336, 22, 1, 47, 55, 0
336, 22, 1, 47, 56, 0
336, 22, 1, 47, 57, 0
336, 22, 1, 47, 61, 0
336, 22, 0, 48, 26, 0
336, 22, 0, 48, 27, 0
336, 22, 2, 48, 29, 0
336, 22, 2, 48, 30, 0
336, 22, 3, 48, 32, 0
336, 22, 0, 48, 36, 0
336, 22, 3, 48, 37, 0
336, 22, 1, 48, 40, 0
336, 22, 1, 48, 41, 0
336, 22, 2, 48, 46, 0
336, 22, 1, 48, 47, 0
336, 22, 1, 48, 50, 0
336, 22, 2, 48, 53, 0
336, 22, 2, 48, 54, 0
336, 22, 2, 48, 55, 0
336, 22, 0, 48, 57, 0
336, 22, 1, 48, 59, 0
336, 22, 2, 48, 62, 0
336, 22, 0, 48, 63, 0
336, 22, 3, 49, 27, 0
336, 22, 1, 49, 29, 0
336, 22, 0, 49, 30, 0
336, 22, 0, 49, 31, 0
336, 22, 3, 49, 32, 0
336, 22, 1, 49, 33, 0
336, 22, 0, 49, 37, 0
336, 22, 1, 49, 38, 0
336, 22, 2, 49, 41, 0
336, 22, 0, 49, 43, 0
336, 22, 3, 49, 44, 0
336, 22, 1, 49, 47, 0
336, 22, 0, 49, 51, 0
336, 22, 2, 49, 52, 0
336, 22, 1, 49, 54, 0
336, 22, 0, 49, 57, 0
336, 22, 0, 49, 58, 0
336, 22, 0, 49, 60, 0
336, 22, 2, 49, 62, 0
336, 22, 2, 49, 63, 0
336, 22, 0, 50, 26, 0
336, 22, 2, 50, 28, 0
336, 22, 0, 50, 30, 0
336, 22, 2, 50, 32, 0
336, 22, 1, 50, 33, 0
336, 22, 0, 50, 35, 0
336, 22, 2, 50, 37, 0
336, 22, 0, 50, 40, 0
336, 22, 2, 50, 42, 0
336, 22, 3, 50, 44, 0
336, 22, 0, 50, 45, 0
336, 22, 0, 50, 46, 0
336, 22, 3, 50, 49, 0
336, 22, 3, 50, 50, 0
336, 22, 3, 50, 52, 0
336, 22, 1, 50, 54, 0
336, 22, 3, 50, 55, 0
336, 22, 1, 50, 56, 0
336, 22, 2, 50, 57, 0
336, 22, 1, 50, 62, 0
336, 22, 0, 51, 26, 0
336, 22, 3, 51, 29, 0
336, 22, 0, 51, 30, 0
336, 22, 1, 51, 32, 0
336, 22, 2, 51, 34, 0
336, 22, 0, 51, 36, 0
336, 22, 2, 51, 37, 0
336, 22, 0, 51, 38, 0
336, 22, 0, 51, 40, 0
336, 22, 3, 51, 41, 0
336, 22, 2, 51, 43, 0
336, 22, 2, 51, 47, 0
336, 22, 2, 51, 48, 0
336, 22, 3, 51, 51, 0
336, 22, 0, 51, 52, 0
336, 22, 0, 51, 53, 0
336, 22, 0, 51, 54, 0
336, 22, 1, 51, 55, 0
336, 22, 0, 51, 57, 0
336, 22, 1, 51, 60, 0
336, 22, 3, 51, 61, 0
336, 22, 2, 51, 62, 0
336, 22, 1, 52, 26, 0
336, 22, 3, 52, 27, 0
336, 22, 3, 52, 29, 0
336, 22, 0, 52, 33, 0
336, 22, 2, 52, 34, 0
336, 22, 3, 52, 35, 0
336, 22, 1, 52, 39, 0
336, 22, 1, 52, 40, 0
336, 22, 2, 52, 41, 0
336, 22, 0, 52, 42, 0
336, 22, 0, 52, 44, 0
336, 22, 0, 52, 45, 0
336, 22, 0, 52, 48, 0
336, 22, 3, 52, 49, 0
336, 22, 2, 52, 50, 0
336, 22, 0, 52, 51, 0
336, 22, 0, 52, 52, 0
336, 22, 0, 52, 53, 0
336, 22, 2, 52, 54, 0
336, 22, 1, 52, 55, 0
336, 22, 2, 52, 58, 0
336, 22, 1, 52, 60, 0
336, 22, 2, 52, 62, 0
336, 22, 2, 53, 29, 0
336, 22, 3, 53, 32, 0
336, 22, 2, 53, 34, 0
336, 22, 2, 53, 35, 0
336, 22, 3, 53, 36, 0
336, 22, 1, 53, 37, 0
336, 22, 0, 53, 39, 0
336, 22, 2, 53, 43, 0
336, 22, 1, 53, 44, 0
336, 22, 1, 53, 46, 0
336, 22, 1, 53, 47, 0
336, 22, 1, 53, 50, 0
336, 22, 2, 53, 51, 0
336, 22, 3, 53, 53, 0
336, 22, 3, 53, 54, 0
336, 22, 0, 53, 55, 0
336, 22, 3, 53, 58, 0
336, 22, 3, 53, 59, 0
336, 22, 3, 53, 60, 0
336, 22, 0, 53, 61, 0
336, 22, 2, 54, 26, 0
336, 22, 2, 54, 27, 0
336, 22, 0, 54, 28, 0
336, 22, 0, 54, 30, 0
336, 22, 0, 54, 33, 0
336, 22, 0, 54, 34, 0
336, 22, 2, 54, 35, 0
336, 22, 2, 54, 36, 0
336, 22, 2, 54, 37, 0
336, 22, 1, 54, 38, 0
336, 22, 0, 54, 39, 0
336, 22, 3, 54, 40, 0
336, 22, 0, 54, 43, 0
336, 22, 3, 54, 45, 0
336, 22, 1, 54, 46, 0
336, 22, 0, 54, 48, 0
336, 22, 1, 54, 49, 0
336, 22, 1, 54, 51, 0
336, 22, 0, 54, 52, 0
336, 22, 2, 54, 53, 0
336, 22, 0, 54, 55, 0
336, 22, 2, 54, 57, 0
336, 22, 0, 54, 59, 0
336, 22, 3, 54, 62, 0
336, 22, 2, 55, 26, 0
336, 22, 2, 55, 27, 0
336, 22, 1, 55, 28, 0
336, 22, 0, 55, 30, 0
336, 22, 3, 55, 31, 0
336, 22, 3, 55, 32, 0
336, 22, 0, 55, 33, 0
336, 22, 1, 55, 36, 0
336, 22, 3, 55, 42, 0
336, 22, 3, 55, 43, 0
336, 22, 2, 55, 44, 0
336, 22, 0, 55, 46, 0
336, 22, 0, 55, 48, 0
336, 22, 1, 55, 53, 0
336, 22, 3, 55, 54, 0
336, 22, 0, 55, 55, 0
336, 22, 0, 55, 57, 0
336, 22, 1, 55, 58, 0
336, 22, 2, 55, 59, 0
336, 22, 0, 55, 62, 0
336, 22, 3, 55, 63, 0
336, 22, 3, 56, 25, 0
336, 22, 0, 56, 26, 0
336, 22, 1, 56, 27, 0
336, 22, 2, 56, 28, 0
336, 22, 3, 56, 29, 0
336, 22, 0, 56, 34, 0
336, 22, 2, 56, 37, 0
336, 22, 1, 56, 39, 0
336, 22, 3, 56, 40, 0
336, 22, 2, 56, 42, 0
336, 22, 0, 56, 43, 0
336, 22, 1, 56, 45, 0
336, 22, 3, 56, 47, 0
336, 22, 0, 56, 49, 0
336, 22, 0, 56, 50, 0
336, 22, 1, 56, 52, 0
336, 22, 1, 56, 53, 0
336, 22, 0, 56, 54, 0
336, 22, 2, 56, 56, 0
336, 22, 0, 56, 57, 0
336, 22, 0, 56, 58, 0
336, 22, 1, 56, 59, 0
336, 22, 2, 56, 61, 0
336, 22, 0, 56, 63, 0
336, 22, 2, 57, 9, 0
336, 22, 0, 57, 24, 0
336, 22, 0, 57, 25, 0
336, 22, 0, 57, 26, 0
336, 22, 3, 57, 29, 0
336, 22, 2, 57, 30, 0
336, 22, 1, 57, 33, 0
336, 22, 0, 57, 35, 0
336, 22, 1, 57, 36, 0
336, 22, 2, 57, 37, 0
336, 22, 0, 57, 40, 0
336, 22, 2, 57, 42, 0
336, 22, 3, 57, 43, 0
336, 22, 0, 57, 45, 0
336, 22, 0, 57, 47, 0
336, 22, 0, 57, 50, 0
336, 22, 0, 57, 54, 0
336, 22, 3, 57, 57, 0
336, 22, 1, 57, 59, 0
336, 22, 2, 57, 60, 0
336, 22, 3, 57, 62, 0
336, 22, 1, 58, 8, 0
336, 22, 3, 58, 10, 0
336, 22, 0, 58, 11, 0
336, 22, 3, 58, 23, 0
336, 22, 3, 58, 25, 0
336, 22, 2, 58, 27, 0
336, 22, 2, 58, 28, 0
336, 22, 2, 58, 29, 0
336, 22, 1, 58, 32, 0
336, 22, 1, 58, 34, 0
336, 22, 2, 58, 35, 0
336, 22, 3, 58, 36, 0
336, 22, 1, 58, 38, 0
336, 22, 0, 58, 40, 0
336, 22, 3, 58, 41, 0
336, 22, 3, 58, 43, 0
336, 22, 3, 58, 44, 0
336, 22, 0, 58, 45, 0
336, 22, 3, 58, 48, 0
336, 22, 1, 58, 49, 0
336, 22, 2, 58, 51, 0
336, 22, 0, 58, 53, 0
336, 22, 1, 58, 55, 0
336, 22, 2, 58, 56, 0
336, 22, 2, 58, 57, 0
336, 22, 0, 58, 58, 0
336, 22, 1, 58, 59, 0
336, 22, 0, 58, 60, 0
336, 22, 0, 58, 61, 0
336, 22, 2, 59, 7, 0
336, 22, 2, 59, 8, 0
336, 22, 1, 59, 11, 0
336, 22, 0, 59, 12, 0
336, 22, 2, 59, 22, 0
336, 22, 2, 59, 23, 0
336, 22, 0, 59, 30, 0
336, 22, 3, 59, 31, 0
336, 22, 2, 59, 34, 0
336, 22, 1, 59, 35, 0
336, 22, 0, 59, 36, 0
336, 22, 1, 59, 38, 0
336, 22, 2, 59, 39, 0
336, 22, 0, 59, 41, 0
336, 22, 3, 59, 42, 0
336, 22, 0, 59, 44, 0
336, 22, 2, 59, 47, 0
336, 22, 2, 59, 49, 0
336, 22, 2, 59, 51, 0
336, 22, 3, 59, 54, 0
336, 22, 3, 59, 55, 0
336, 22, 2, 59, 56, 0
336, 22, 2, 59, 57, 0
336, 22, 0, 59, 58, 0
336, 22, 2, 59, 60, 0
336, 22, 2, 59, 62, 0
336, 22, 0, 59, 63, 0
336, 22, 1, 60, 7, 0
336, 22, 2, 60, 9, 0
336, 22, 0, 60, 10, 0
336, 22, 2, 60, 11, 0
336, 22, 1, 60, 13, 0
336, 22, 2, 60, 22, 0
336, 22, 0, 60, 24, 0
336, 22, 3, 60, 25, 0
336, 22, 0, 60, 26, 0
336, 22, 0, 60, 28, 0
336, 22, 0, 60, 30, 0
336, 22, 3, 60, 31, 0
336, 22, 0, 60, 37, 0
336, 22, 2, 60, 39, 0
336, 22, 2, 60, 40, 0
336, 22, 3, 60, 41, 0
336, 22, 2, 60, 43, 0
336, 22, 2, 60, 45, 0
336, 22, 0, 60, 46, 0
336, 22, 0, 60, 47, 0
336, 22, 2, 60, 49, 0
336, 22, 1, 60, 51, 0
336, 22, 3, 60, 52, 0
336, 22, 3, 60, 53, 0
336, 22, 3, 60, 54, 0
336, 22, 3, 60, 58, 0
336, 22, 1, 60, 59, 0
336, 22, 1, 60, 60, 0
336, 22, 3, 60, 61, 0
336, 22, 1, 60, 63, 0
336, 22, 0, 61, 6, 0
336, 22, 3, 61, 9, 0
336, 22, 0, 61, 10, 0
336, 22, 2, 61, 12, 0
336, 22, 2, 61, 13, 0
336, 22, 1, 61, 21, 0
336, 22, 0, 61, 22, 0
336, 22, 0, 61, 23, 0
336, 22, 2, 61, 24, 0
336, 22, 2, 61, 25, 0
336, 22, 2, 61, 26, 0
336, 22, 2, 61, 27, 0
336, 22, 2, 61, 29, 0
336, 22, 0, 61, 30, 0
336, 22, 2, 61, 31, 0
336, 22, 3, 61, 34, 0
336, 22, 3, 61, 35, 0
336, 22, 0, 61, 36, 0
336, 22, 1, 61, 38, 0
336, 22, 1, 61, 39, 0
336, 22, 1, 61, 40, 0
336, 22, 1, 61, 45, 0
336, 22, 1, 61, 48, 0
336, 22, 0, 61, 53, 0
336, 22, 0, 61, 56, 0
336, 22, 1, 61, 57, 0
336, 22, 2, 61, 59, 0
336, 22, 2, 61, 60, 0
336, 22, 0, 61, 62, 0
336, 22, 2, 61, 63, 0
336, 22, 2, 62, 6, 0
336, 22, 3, 62, 9, 0
336, 22, 3, 62, 10, 0
336, 22, 3, 62, 12, 0
336, 22, 3, 62, 14, 0
336, 22, 0, 62, 20, 0
336, 22, 1, 62, 22, 0
336, 22, 2, 62, 25, 0
336, 22, 0, 62, 28, 0
336, 22, 2, 62, 29, 0
336, 22, 1, 62, 32, 0
336, 22, 0, 62, 34, 0
336, 22, 3, 62, 37, 0
336, 22, 1, 62, 39, 0
336, 22, 2, 62, 40, 0
336, 22, 2, 62, 41, 0
336, 22, 0, 62, 44, 0
336, 22, 0, 62, 46, 0
336, 22, 2, 62, 49, 0
336, 22, 1, 62, 51, 0
336, 22, 0, 62, 52, 0
336, 22, 0, 62, 53, 0
336, 22, 2, 62, 55, 0
336, 22, 2, 62, 58, 0
336, 22, 3, 62, 59, 0
336, 22, 2, 62, 60, 0
336, 22, 0, 62, 62, 0
336, 22, 3, 62, 63, 0
336, 22, 2, 63, 6, 0
336, 22, 2, 63, 7, 0
336, 22, 1, 63, 8, 0
336, 22, 0, 63, 9, 0
336, 22, 1, 63, 10, 0
336, 22, 1, 63, 11, 0
336, 22, 0, 63, 13, 0
336, 22, 3, 63, 19, 0
336, 22, 2, 63, 20, 0
336, 22, 2, 63, 21, 0
336, 22, 1, 63, 22, 0
336, 22, 1, 63, 23, 0
336, 22, 2, 63, 24, 0
336, 22, 3, 63, 25, 0
336, 22, 3, 63, 26, 0
336, 22, 0, 63, 27, 0
336, 22, 0, 63, 28, 0
336, 22, 1, 63, 30, 0
336, 22, 1, 63, 31, 0
336, 22, 1, 63, 34, 0
336, 22, 3, 63, 38, 0
336, 22, 3, 63, 39, 0
336, 22, 2, 63, 41, 0
336, 22, 3, 63, 42, 0
336, 22, 3, 63, 43, 0
336, 22, 3, 63, 47, 0
336, 22, 3, 63, 48, 0
336, 22, 2, 63, 50, 0
336, 22, 3, 63, 51, 0
336, 22, 3, 63, 52, 0
336, 22, 2, 63, 55, 0
336, 22, 1, 63, 56, 0
336, 22, 0, 63, 57, 0
336, 22, 3, 63, 58, 0
336, 22, 0, 63, 61, 0
336, 22, 0, 63, 62, 0
336, 22, 3, 63, 63, 0
337, 22, 2, 0, 48, 0
337, 22, 3, 1, 59, 0
337, 22, 0, 2, 17, 0
337, 22, 1, 2, 39, 0
337, 22, 1, 6, 22, 0
337, 22, 1, 7, 46, 0
337, 22, 0, 9, 6, 0
337, 22, 3, 9, 13, 0
337, 22, 2, 9, 31, 0
337, 22, 1, 11, 2, 0
337, 22, 2, 11, 41, 0
337, 22, 0, 12, 55, 0
337, 22, 1, 12, 60, 0
337, 22, 0, 16, 46, 0
337, 22, 2, 17, 3, 0
337, 22, 3, 17, 41, 0
337, 22, 3, 17, 55, 0
337, 22, 3, 19, 6, 0
337, 22, 3, 19, 24, 0
337, 22, 2, 19, 62, 0
337, 22, 3, 20, 35, 0
337, 22, 0, 22, 11, 0
337, 22, 2, 28, 29, 0
337, 22, 3, 31, 60, 0
337, 22, 1, 32, 8, 0
337, 22, 3, 34, 24, 0
337, 22, 0, 34, 29, 0
337, 22, 0, 40, 62, 0
337, 22, 0, 43, 58, 0
337, 22, 2, 45, 31, 0
337, 22, 2, 48, 49, 0
337, 22, 1, 52, 28, 0
337, 22, 2, 52, 56, 0
337, 22, 0, 55, 35, 0
337, 22, 3, 56, 55, 0
337, 22, 2, 57, 51, 0
337, 22, 2, 59, 27, 0
337, 22, 0, 61, 7, 0
337, 22, 3, 62, 23, 0
337, 22, 1, 62, 35, 0
337, 22, 3, 62, 42, 0
337, 22, 1, 62, 54, 0
659, 10, 0, 43, 12, 0
659, 10, 2, 52, 16, 0
664, 10, 3, 13, 43, 0
664, 10, 0, 44, 9, 0
664, 10, 2, 50, 59, 0
666, 10, 2, 46, 7, 0
666, 10, 1, 60, 32, 0
667, 10, 3, 3, 33, 0
720, 10, 1, 27, 43, 0
720, 10, 2, 29, 51, 0
720, 10, 0, 30, 40, 0
731, 10, 2, 23, 24, 0
731, 10, 0, 24, 23, 0
731, 10, 3, 26, 22, 0
731, 10, 3, 27, 21, 0
731, 11, 1, 28, 21, 0
731, 10, 2, 29, 19, 0
731, 10, 1, 30, 20, 0
731, 11, 0, 31, 18, 0
731, 10, 0, 33, 17, 0
731, 10, 2, 34, 15, 0
731, 10, 3, 34, 18, 0
731, 10, 2, 35, 3, 0
731, 10, 1, 35, 14, 0
731, 11, 3, 35, 16, 0
731, 10, 1, 36, 2, 0
731, 10, 1, 36, 12, 0
731, 10, 0, 36, 15, 0
731, 11, 0, 37, 3, 0
731, 10, 0, 37, 5, 0
731, 10, 0, 37, 11, 0
731, 10, 3, 38, 0, 0
731, 10, 3, 38, 4, 0
731, 10, 2, 38, 10, 0
731, 11, 2, 38, 13, 0
731, 10, 1, 38, 16, 0
731, 11, 0, 39, 1, 0
731, 10, 0, 39, 5, 0
731, 10, 2, 39, 12, 0
731, 10, 2, 39, 15, 0
731, 11, 2, 40, 3, 0
731, 11, 1, 40, 7, 0
731, 10, 3, 40, 9, 0
731, 10, 0, 41, 0, 0
731, 10, 1, 41, 5, 0
731, 10, 0, 41, 16, 0
731, 11, 3, 42, 1, 0
731, 10, 3, 42, 17, 0
731, 10, 2, 43, 3, 0
731, 10, 2, 43, 19, 0
731, 11, 2, 44, 4, 0
731, 11, 1, 44, 17, 0
731, 10, 1, 45, 0, 0
731, 10, 3, 45, 2, 0
731, 10, 1, 45, 18, 0
731, 10, 2, 46, 1, 0
731, 10, 0, 46, 5, 0
731, 11, 2, 46, 19, 0
731, 11, 3, 47, 3, 0
731, 10, 0, 47, 20, 0
731, 10, 1, 48, 5, 0
731, 10, 3, 49, 4, 0
731, 10, 0, 49, 6, 0
731, 11, 3, 49, 21, 0
731, 10, 3, 50, 22, 0
731, 11, 0, 51, 6, 0
731, 10, 2, 51, 8, 0
731, 10, 1, 52, 7, 0
731, 10, 3, 52, 9, 0
731, 11, 0, 52, 21, 0
731, 10, 2, 52, 23, 0
731, 11, 1, 53, 5, 0
731, 10, 0, 53, 10, 0
731, 10, 1, 53, 20, 0
731, 10, 1, 54, 12, 0
731, 10, 1, 54, 18, 0
731, 10, 0, 54, 22, 0
731, 10, 3, 55, 2, 0
731, 10, 2, 55, 5, 0
731, 11, 0, 55, 14, 0
731, 10, 1, 55, 16, 0
731, 11, 1, 55, 20, 0
731, 10, 2, 56, 13, 0
731, 10, 2, 56, 17, 0
731, 11, 1, 57, 1, 0
731, 11, 0, 57, 3, 0
731, 11, 3, 57, 16, 0
731, 10, 3, 57, 20, 0
731, 10, 3, 58, 0, 0
731, 10, 0, 58, 15, 0
731, 11, 2, 58, 18, 0
731, 11, 3, 59, 2, 0
731, 10, 0, 59, 16, 0
731, 10, 1, 60, 3, 0
731, 10, 3, 60, 18, 0
731, 11, 2, 61, 0, 0
731, 10, 0, 62, 1, 0
732, 10, 2, 25, 21, 0
732, 10, 3, 28, 19, 0
732, 10, 0, 28, 22, 0
732, 10, 1, 32, 16, 0
732, 10, 2, 32, 19, 0
732, 10, 0, 33, 15, 0
732, 10, 2, 35, 4, 0
732, 10, 3, 36, 5, 0
732, 10, 2, 37, 1, 0
732, 10, 3, 37, 13, 0
732, 10, 0, 37, 16, 0
732, 10, 1, 38, 2, 0
732, 10, 2, 38, 7, 0
732, 10, 0, 38, 8, 0
732, 10, 2, 38, 14, 0
732, 10, 1, 39, 10, 0
732, 10, 3, 40, 0, 0
732, 10, 0, 40, 2, 0
732, 10, 1, 40, 4, 0
732, 10, 1, 40, 15, 0
732, 10, 0, 41, 18, 0
732, 10, 2, 42, 3, 0
732, 10, 3, 42, 7, 0
732, 10, 3, 43, 5, 0
732, 10, 0, 43, 6, 0
732, 10, 0, 44, 1, 0
732, 10, 2, 44, 6, 0
732, 10, 3, 45, 3, 0
732, 10, 3, 47, 21, 0
732, 10, 0, 48, 1, 0
732, 10, 0, 48, 2, 0
732, 10, 3, 48, 22, 0
732, 10, 3, 50, 3, 0
732, 10, 1, 50, 6, 0
732, 10, 2, 51, 4, 0
732, 10, 2, 51, 20, 0
732, 10, 2, 51, 23, 0
732, 10, 3, 53, 13, 0
732, 10, 0, 53, 24, 0
732, 10, 0, 54, 3, 0
732, 10, 0, 54, 11, 0
732, 10, 3, 54, 19, 0
732, 10, 2, 55, 11, 0
732, 10, 2, 56, 0, 0
732, 10, 1, 56, 3, 0
732, 10, 2, 56, 12, 0
732, 10, 0, 56, 18, 0
732, 10, 3, 56, 22, 0
732, 10, 3, 57, 5, 0
732, 10, 1, 57, 14, 0
732, 10, 1, 59, 0, 0
732, 10, 2, 59, 4, 0
732, 10, 1, 59, 17, 0
732, 10, 2, 59, 19, 0
732, 10, 2, 60, 16, 0
732, 10, 0, 61, 2, 0
732, 10, 3, 62, 3, 0
732, 10, 2, 63, 0, 0
825, 22, 0, 6, 18, 0
825, 22, 0, 59, 46, 0
826, 22, 3, 16, 11, 0
826, 22, 3, 25, 61, 0
827, 22, 2, 5, 50, 0
827, 22, 2, 41, 24, 0
828, 22, 1, 12, 27, 0
997, 0, 3, 63, 16, 0
1171, 10, 3, 18, 41, 0
1171, 10, 0, 19, 35, 0
1172, 10, 2, 24, 38, 0
1172, 10, 0, 29, 35, 0
1172, 10, 2, 32, 44, 0
1172, 10, 1, 35, 46, 0
1383, 10, 3, 23, 43, 0
1383, 10, 2, 32, 36, 0
1383, 10, 0, 33, 56, 0
1383, 10, 1, 43, 47, 0
1384, 10, 2, 4, 7, 0
1384, 10, 1, 5, 26, 0
1384, 10, 0, 5, 56, 0
1384, 10, 2, 11, 49, 0
1384, 10, 1, 17, 19, 0
1384, 10, 3, 21, 5, 0
1384, 10, 3, 22, 58, 0
1384, 10, 3, 23, 32, 0
1384, 10, 0, 26, 8, 0
1384, 10, 1, 37, 21, 0
1384, 10, 2, 40, 31, 0
1384, 10, 0, 49, 55, 0
1384, 10, 1, 50, 39, 0
1384, 10, 3, 55, 47, 0
1384, 10, 0, 59, 25, 0
1384, 10, 2, 60, 56, 0
