196, 7, 3, 15, 54, 0
196, 7, 2, 38, 60, 0
196, 7, 1, 48, 53, 0
196, 7, 3, 59, 61, 0
197, 4, 3, 0, 32, 0
197, 4, 1, 0, 34, 0
197, 4, 0, 1, 21, 0
197, 4, 0, 1, 26, 0
197, 4, 0, 1, 51, 0
197, 4, 0, 1, 54, 0
197, 4, 1, 2, 55, 0
197, 4, 3, 3, 32, 0
197, 4, 1, 3, 34, 0
197, 4, 3, 4, 21, 0
197, 4, 1, 4, 27, 0
197, 4, 1, 4, 55, 0
197, 4, 0, 5, 49, 0
197, 4, 3, 6, 32, 0
197, 4, 1, 6, 34, 0
197, 4, 2, 7, 26, 0
197, 7, 1, 7, 47, 0
197, 4, 1, 7, 52, 0
197, 4, 1, 8, 23, 0
197, 4, 0, 8, 31, 0
197, 4, 0, 8, 35, 0
197, 7, 0, 10, 29, 0
197, 4, 1, 11, 23, 0
197, 4, 3, 14, 33, 0
197, 4, 1, 14, 34, 0
197, 7, 0, 14, 47, 0
197, 4, 3, 16, 33, 0
197, 4, 1, 16, 34, 0
197, 4, 0, 17, 8, 0
197, 4, 0, 17, 13, 0
197, 4, 3, 17, 51, 0
197, 4, 1, 17, 52, 0
197, 7, 1, 19, 5, 0
197, 4, 2, 20, 10, 0
197, 4, 2, 20, 12, 0
197, 4, 0, 20, 17, 0
197, 4, 3, 20, 51, 0
197, 4, 1, 20, 52, 0
197, 7, 0, 23, 2, 0
197, 4, 1, 23, 7, 0
197, 4, 3, 24, 16, 0
197, 4, 1, 24, 54, 0
197, 4, 0, 25, 47, 0
197, 4, 1, 26, 21, 0
197, 4, 1, 26, 54, 0
197, 4, 0, 27, 12, 0
197, 4, 1, 28, 54, 0
197, 7, 0, 29, 5, 0
197, 7, 2, 29, 23, 0
197, 4, 1, 30, 13, 0
197, 7, 0, 30, 20, 0
197, 4, 1, 30, 52, 0
197, 7, 0, 32, 22, 0
197, 4, 1, 32, 52, 0
197, 4, 1, 33, 13, 0
197, 4, 3, 34, 49, 0
197, 4, 1, 34, 52, 0
197, 7, 1, 35, 6, 0
197, 4, 1, 35, 17, 0
197, 4, 3, 36, 49, 0
197, 4, 1, 36, 52, 0
197, 7, 0, 38, 5, 0
197, 7, 3, 38, 16, 0
197, 4, 1, 40, 14, 0
197, 4, 0, 41, 35, 0
197, 4, 0, 41, 38, 0
197, 4, 1, 41, 62, 0
197, 4, 1, 42, 14, 0
197, 4, 0, 42, 18, 0
197, 4, 0, 42, 20, 0
197, 4, 0, 42, 23, 0
197, 4, 0, 42, 25, 0
197, 4, 0, 42, 28, 0
197, 4, 0, 42, 30, 0
197, 4, 3, 42, 34, 0
197, 4, 1, 42, 39, 0
197, 4, 1, 44, 62, 0
197, 4, 1, 45, 14, 0
197, 4, 2, 45, 18, 0
197, 4, 2, 45, 20, 0
197, 4, 2, 45, 23, 0
197, 4, 2, 45, 25, 0
197, 4, 2, 45, 28, 0
197, 4, 2, 45, 30, 0
197, 4, 3, 45, 34, 0
197, 4, 1, 45, 39, 0
197, 4, 2, 46, 35, 0
197, 4, 2, 46, 38, 0
197, 4, 1, 47, 14, 0
197, 4, 1, 47, 62, 0
197, 4, 3, 48, 36, 0
197, 4, 1, 48, 37, 0
197, 4, 1, 49, 14, 0
197, 4, 0, 49, 39, 0
197, 4, 0, 49, 42, 0
197, 4, 1, 50, 62, 0
197, 7, 0, 51, 5, 0
197, 7, 2, 51, 16, 0
197, 4, 3, 51, 36, 0
197, 7, 0, 53, 7, 0
197, 4, 2, 53, 39, 0
197, 4, 2, 53, 42, 0
197, 4, 2, 53, 45, 0
197, 4, 1, 53, 62, 0
197, 4, 3, 54, 36, 0
197, 4, 1, 54, 37, 0
197, 7, 2, 55, 17, 0
197, 4, 1, 56, 62, 0
197, 4, 3, 57, 35, 0
197, 4, 2, 57, 55, 0
197, 4, 1, 58, 36, 0
197, 7, 1, 59, 7, 0
197, 7, 3, 60, 17, 0
197, 4, 1, 60, 36, 0
197, 4, 3, 61, 35, 0
197, 4, 1, 61, 59, 0
197, 4, 3, 63, 36, 0
197, 4, 1, 63, 37, 0
324, 22, 2, 1, 26, 0
324, 22, 2, 5, 54, 0
324, 22, 0, 12, 30, 0
324, 22, 1, 13, 31, 0
324, 22, 0, 15, 53, 0
324, 22, 2, 20, 19, 0
324, 22, 3, 27, 54, 0
324, 22, 0, 28, 53, 0
324, 22, 2, 34, 17, 0
324, 22, 3, 35, 16, 0
324, 22, 3, 36, 17, 0
324, 22, 0, 38, 58, 0
324, 22, 2, 41, 14, 0
324, 22, 0, 41, 38, 0
324, 22, 1, 42, 34, 0
324, 22, 1, 42, 39, 0
324, 22, 2, 45, 20, 0
324, 22, 1, 45, 34, 0
324, 22, 1, 45, 39, 0
324, 22, 1, 46, 34, 0
324, 22, 0, 46, 35, 0
324, 22, 0, 46, 38, 0
324, 22, 0, 46, 39, 0
324, 22, 3, 47, 45, 0
324, 22, 3, 50, 51, 0
324, 22, 1, 53, 38, 0
324, 22, 0, 59, 47, 0
324, 22, 1, 59, 48, 0
324, 22, 2, 1, 19, 1
324, 22, 3, 4, 19, 1
324, 22, 0, 4, 42, 1
324, 22, 3, 9, 15, 1
324, 22, 0, 9, 25, 1
324, 22, 1, 11, 28, 1
324, 22, 2, 13, 20, 1
324, 22, 1, 13, 25, 1
324, 22, 0, 14, 36, 1
324, 22, 0, 15, 12, 1
324, 22, 0, 15, 29, 1
324, 22, 3, 15, 31, 1
324, 22, 3, 15, 36, 1
324, 22, 1, 16, 21, 1
324, 22, 1, 16, 36, 1
324, 22, 1, 17, 37, 1
324, 22, 1, 17, 57, 1
324, 22, 0, 18, 40, 1
324, 22, 2, 20, 42, 1
324, 22, 0, 20, 44, 1
324, 22, 2, 21, 21, 1
324, 22, 1, 21, 38, 1
324, 22, 0, 22, 28, 1
324, 22, 3, 23, 23, 1
324, 22, 2, 25, 23, 1
324, 22, 1, 28, 24, 1
324, 22, 2, 29, 25, 1
324, 22, 3, 29, 40, 1
324, 22, 2, 30, 39, 1
324, 22, 2, 31, 17, 1
324, 22, 3, 32, 15, 1
324, 22, 3, 35, 44, 1
324, 22, 0, 35, 56, 1
324, 22, 0, 38, 18, 1
324, 22, 2, 39, 17, 1
324, 22, 1, 39, 48, 1
324, 22, 1, 40, 19, 1
324, 22, 1, 40, 28, 1
324, 22, 0, 41, 32, 1
324, 22, 1, 46, 32, 1
324, 22, 0, 47, 28, 1
324, 22, 3, 50, 16, 1
324, 22, 2, 54, 18, 1
324, 22, 0, 55, 41, 1
324, 22, 0, 56, 19, 1
324, 22, 1, 61, 19, 1
324, 22, 3, 61, 51, 1
324, 22, 2, 62, 17, 1
325, 22, 2, 1, 22, 0
325, 22, 0, 1, 23, 0
325, 22, 0, 1, 24, 0
325, 22, 2, 1, 25, 0
325, 22, 3, 1, 51, 0
325, 22, 0, 1, 53, 0
325, 22, 2, 1, 54, 0
325, 22, 1, 2, 21, 0
325, 22, 1, 2, 22, 0
325, 22, 1, 2, 25, 0
325, 22, 1, 2, 26, 0
325, 22, 3, 2, 50, 0
325, 22, 2, 2, 51, 0
325, 22, 3, 2, 52, 0
325, 22, 3, 2, 53, 0
325, 22, 0, 2, 54, 0
325, 22, 3, 2, 55, 0
325, 22, 2, 3, 21, 0
325, 22, 2, 3, 27, 0
325, 22, 2, 3, 52, 0
325, 22, 3, 3, 55, 0
325, 22, 0, 4, 54, 0
325, 22, 3, 5, 24, 0
325, 22, 1, 5, 51, 0
325, 22, 0, 5, 53, 0
325, 22, 3, 6, 24, 0
325, 22, 0, 6, 26, 0
325, 22, 2, 6, 48, 0
325, 22, 1, 6, 50, 0
325, 22, 2, 6, 52, 0
325, 22, 0, 7, 28, 0
325, 22, 3, 7, 52, 0
325, 22, 2, 8, 49, 0
325, 22, 0, 8, 52, 0
325, 22, 0, 9, 23, 0
325, 22, 3, 9, 29, 0
325, 22, 3, 9, 37, 0
325, 22, 1, 9, 46, 0
325, 22, 2, 9, 51, 0
325, 22, 2, 9, 53, 0
325, 22, 3, 9, 54, 0
325, 22, 0, 10, 21, 0
325, 22, 3, 10, 22, 0
325, 22, 1, 10, 23, 0
325, 22, 0, 10, 31, 0
325, 22, 1, 10, 39, 0
325, 22, 0, 10, 41, 0
325, 22, 3, 10, 44, 0
325, 22, 2, 10, 45, 0
325, 22, 0, 10, 47, 0
325, 22, 1, 10, 54, 0
325, 22, 1, 11, 20, 0
325, 22, 2, 11, 21, 0
325, 22, 0, 11, 22, 0
325, 22, 0, 11, 30, 0
325, 22, 3, 11, 31, 0
325, 22, 3, 11, 37, 0
325, 22, 3, 11, 46, 0
325, 22, 0, 11, 54, 0
325, 22, 1, 12, 31, 0
325, 22, 0, 12, 36, 0
325, 22, 3, 12, 50, 0
325, 22, 1, 13, 32, 0
325, 22, 2, 13, 34, 0
325, 22, 0, 13, 48, 0
325, 22, 2, 13, 54, 0
325, 22, 1, 14, 52, 0
325, 22, 3, 14, 53, 0
325, 22, 2, 15, 34, 0
325, 22, 1, 15, 52, 0
325, 22, 0, 16, 52, 0
325, 22, 0, 16, 53, 0
325, 22, 0, 17, 10, 0
325, 22, 1, 17, 11, 0
325, 22, 2, 17, 31, 0
325, 22, 3, 18, 11, 0
325, 22, 2, 18, 12, 0
325, 22, 1, 18, 13, 0
325, 22, 0, 18, 14, 0
325, 22, 1, 18, 30, 0
325, 22, 2, 18, 35, 0
325, 22, 1, 19, 14, 0
325, 22, 0, 19, 15, 0
325, 22, 0, 19, 33, 0
325, 22, 1, 19, 34, 0
325, 22, 0, 19, 51, 0
325, 22, 2, 20, 16, 0
325, 22, 1, 20, 17, 0
325, 22, 1, 20, 18, 0
325, 22, 0, 20, 30, 0
325, 22, 0, 20, 31, 0
325, 22, 0, 21, 18, 0
325, 22, 1, 21, 19, 0
325, 22, 1, 21, 31, 0
325, 22, 1, 21, 32, 0
325, 22, 2, 21, 52, 0
325, 22, 2, 21, 53, 0
325, 22, 2, 22, 19, 0
325, 22, 0, 22, 41, 0
325, 22, 1, 22, 44, 0
325, 22, 2, 22, 49, 0
325, 22, 3, 22, 54, 0
325, 22, 0, 23, 19, 0
325, 22, 2, 23, 20, 0
325, 22, 1, 23, 41, 0
325, 22, 2, 23, 45, 0
325, 22, 3, 23, 48, 0
325, 22, 3, 23, 49, 0
325, 22, 2, 23, 54, 0
325, 22, 1, 24, 17, 0
325, 22, 1, 24, 20, 0
325, 22, 0, 24, 40, 0
325, 22, 1, 24, 41, 0
325, 22, 1, 24, 45, 0
325, 22, 2, 24, 48, 0
325, 22, 1, 25, 20, 0
325, 22, 0, 25, 21, 0
325, 22, 3, 25, 54, 0
325, 22, 3, 26, 21, 0
325, 22, 3, 26, 43, 0
325, 22, 0, 26, 49, 0
325, 22, 2, 26, 50, 0
325, 22, 2, 27, 16, 0
325, 22, 0, 27, 21, 0
325, 22, 0, 27, 50, 0
325, 22, 0, 27, 53, 0
325, 22, 2, 28, 19, 0
325, 22, 1, 28, 47, 0
325, 22, 0, 28, 48, 0
325, 22, 0, 28, 52, 0
325, 22, 3, 29, 14, 0
325, 22, 2, 29, 18, 0
325, 22, 3, 29, 19, 0
325, 22, 3, 30, 22, 0
325, 22, 2, 31, 24, 0
325, 22, 1, 32, 28, 0
325, 22, 0, 32, 32, 0
325, 22, 3, 32, 36, 0
325, 22, 1, 32, 52, 0
325, 22, 0, 33, 51, 0
325, 22, 2, 34, 14, 0
325, 22, 3, 34, 15, 0
325, 22, 2, 34, 52, 0
325, 22, 2, 35, 11, 0
325, 22, 2, 35, 15, 0
325, 22, 3, 35, 17, 0
325, 22, 3, 35, 52, 0
325, 22, 2, 36, 12, 0
325, 22, 3, 36, 16, 0
325, 22, 2, 36, 49, 0
325, 22, 2, 36, 51, 0
325, 22, 3, 36, 52, 0
325, 22, 3, 37, 17, 0
325, 22, 1, 37, 49, 0
325, 22, 2, 37, 50, 0
325, 22, 1, 37, 51, 0
325, 22, 1, 38, 10, 0
325, 22, 0, 38, 57, 0
325, 22, 1, 38, 59, 0
325, 22, 3, 39, 50, 0
325, 22, 1, 39, 57, 0
325, 22, 1, 39, 58, 0
325, 22, 0, 39, 59, 0
325, 22, 0, 39, 60, 0
325, 22, 2, 40, 13, 0
325, 22, 0, 40, 50, 0
325, 22, 1, 40, 59, 0
325, 22, 2, 41, 11, 0
325, 22, 1, 41, 12, 0
325, 22, 2, 41, 13, 0
325, 22, 0, 41, 36, 0
325, 22, 0, 41, 37, 0
325, 22, 0, 41, 51, 0
325, 22, 1, 42, 13, 0
325, 22, 2, 42, 19, 0
325, 22, 1, 42, 24, 0
325, 22, 2, 42, 29, 0
325, 22, 1, 42, 35, 0
325, 22, 1, 42, 38, 0
325, 22, 2, 42, 57, 0
325, 22, 0, 43, 15, 0
325, 22, 3, 43, 16, 0
325, 22, 2, 43, 20, 0
325, 22, 2, 43, 25, 0
325, 22, 2, 43, 30, 0
325, 22, 1, 43, 39, 0
325, 22, 3, 43, 58, 0
325, 22, 3, 44, 14, 0
325, 22, 3, 44, 18, 0
325, 22, 0, 44, 39, 0
325, 22, 0, 44, 61, 0
325, 22, 0, 44, 62, 0
325, 22, 0, 45, 25, 0
325, 22, 1, 45, 29, 0
325, 22, 0, 45, 30, 0
325, 22, 0, 45, 38, 0
325, 22, 1, 45, 60, 0
325, 22, 1, 45, 61, 0
325, 22, 2, 46, 10, 0
325, 22, 2, 46, 14, 0
325, 22, 2, 46, 59, 0
325, 22, 2, 46, 60, 0
325, 22, 0, 47, 13, 0
325, 22, 0, 47, 49, 0
325, 22, 0, 47, 50, 0
325, 22, 0, 47, 51, 0
325, 22, 1, 47, 57, 0
325, 22, 1, 47, 58, 0
325, 22, 3, 47, 59, 0
325, 22, 0, 47, 62, 0
325, 22, 1, 48, 14, 0
325, 22, 3, 48, 48, 0
325, 22, 1, 48, 51, 0
325, 22, 3, 48, 62, 0
325, 22, 3, 49, 11, 0
325, 22, 0, 49, 36, 0
325, 22, 0, 49, 39, 0
325, 22, 1, 49, 40, 0
325, 22, 3, 49, 53, 0
325, 22, 3, 50, 12, 0
325, 22, 1, 50, 36, 0
325, 22, 3, 50, 38, 0
325, 22, 3, 50, 58, 0
325, 22, 0, 51, 13, 0
325, 22, 1, 51, 15, 0
325, 22, 1, 51, 50, 0
325, 22, 0, 51, 58, 0
325, 22, 2, 52, 15, 0
325, 22, 3, 52, 39, 0
325, 22, 1, 52, 44, 0
325, 22, 0, 52, 45, 0
325, 22, 0, 53, 16, 0
325, 22, 3, 53, 37, 0
325, 22, 0, 53, 40, 0
325, 22, 1, 53, 41, 0
325, 22, 2, 53, 43, 0
325, 22, 1, 53, 46, 0
325, 22, 2, 53, 59, 0
325, 22, 0, 54, 47, 0
325, 22, 2, 54, 52, 0
325, 22, 3, 55, 48, 0
325, 22, 1, 56, 17, 0
325, 22, 2, 56, 37, 0
325, 22, 3, 56, 48, 0
325, 22, 0, 57, 17, 0
325, 22, 0, 57, 47, 0
325, 22, 1, 57, 49, 0
325, 22, 2, 57, 53, 0
325, 22, 3, 58, 18, 0
325, 22, 3, 58, 48, 0
325, 22, 2, 58, 50, 0
325, 22, 3, 58, 52, 0
325, 22, 3, 58, 53, 0
325, 22, 2, 59, 49, 0
325, 22, 2, 59, 52, 0
325, 22, 0, 60, 16, 0
325, 22, 1, 61, 15, 0
325, 22, 3, 61, 58, 0
325, 22, 2, 62, 15, 0
325, 22, 0, 62, 58, 0
325, 22, 3, 63, 37, 0
325, 22, 1, 2, 48, 1
325, 22, 1, 2, 49, 1
325, 22, 3, 3, 36, 1
325, 22, 2, 3, 42, 1
325, 22, 0, 4, 30, 1
325, 22, 3, 4, 31, 1
325, 22, 2, 4, 41, 1
325, 22, 2, 4, 48, 1
325, 22, 0, 5, 36, 1
325, 22, 3, 5, 42, 1
325, 22, 1, 5, 47, 1
325, 22, 2, 7, 17, 1
325, 22, 0, 7, 37, 1
325, 22, 1, 9, 26, 1
325, 22, 0, 10, 24, 1
325, 22, 2, 10, 28, 1
325, 22, 1, 10, 56, 1
325, 22, 0, 11, 15, 1
325, 22, 3, 12, 17, 1
325, 22, 2, 12, 28, 1
325, 22, 3, 13, 29, 1
325, 22, 2, 13, 38, 1
325, 22, 3, 13, 39, 1
325, 22, 1, 14, 39, 1
325, 22, 3, 14, 46, 1
325, 22, 0, 15, 47, 1
325, 22, 0, 15, 55, 1
325, 22, 0, 16, 37, 1
325, 22, 1, 16, 48, 1
325, 22, 3, 16, 54, 1
325, 22, 2, 18, 29, 1
325, 22, 1, 18, 37, 1
325, 22, 1, 19, 1, 1
325, 22, 0, 19, 39, 1
325, 22, 1, 19, 40, 1
325, 22, 2, 20, 35, 1
325, 22, 3, 20, 38, 1
325, 22, 1, 20, 40, 1
325, 22, 0, 20, 43, 1
325, 22, 0, 20, 46, 1
325, 22, 3, 20, 47, 1
325, 22, 2, 20, 48, 1
325, 22, 2, 20, 56, 1
325, 22, 0, 22, 0, 1
325, 22, 2, 22, 33, 1
325, 22, 3, 22, 47, 1
325, 22, 3, 23, 33, 1
325, 22, 3, 23, 42, 1
325, 22, 2, 23, 56, 1
325, 22, 2, 24, 47, 1
325, 22, 1, 25, 27, 1
325, 22, 3, 26, 2, 1
325, 22, 0, 26, 23, 1
325, 22, 1, 26, 38, 1
325, 22, 1, 28, 34, 1
325, 22, 2, 28, 38, 1
325, 22, 1, 28, 56, 1
325, 22, 3, 29, 38, 1
325, 22, 3, 29, 55, 1
325, 22, 0, 30, 30, 1
325, 22, 0, 30, 36, 1
325, 22, 1, 30, 38, 1
325, 22, 3, 30, 54, 1
325, 22, 0, 30, 56, 1
325, 22, 1, 33, 5, 1
325, 22, 1, 33, 21, 1
325, 22, 2, 34, 19, 1
325, 22, 1, 34, 40, 1
325, 22, 2, 34, 41, 1
325, 22, 1, 34, 43, 1
325, 22, 1, 34, 46, 1
325, 22, 2, 35, 19, 1
325, 22, 3, 35, 20, 1
325, 22, 2, 35, 26, 1
325, 22, 3, 35, 29, 1
325, 22, 3, 35, 30, 1
325, 22, 0, 35, 31, 1
325, 22, 1, 35, 32, 1
325, 22, 0, 35, 33, 1
325, 22, 3, 35, 39, 1
325, 22, 1, 35, 47, 1
325, 22, 2, 35, 54, 1
325, 22, 2, 36, 18, 1
325, 22, 1, 36, 20, 1
325, 22, 2, 36, 21, 1
325, 22, 2, 36, 31, 1
325, 22, 2, 36, 32, 1
325, 22, 1, 36, 33, 1
325, 22, 1, 36, 54, 1
325, 22, 3, 36, 60, 1
325, 22, 0, 37, 19, 1
325, 22, 0, 37, 20, 1
325, 22, 2, 37, 44, 1
325, 22, 2, 37, 57, 1
325, 22, 1, 38, 3, 1
325, 22, 3, 38, 19, 1
325, 22, 3, 38, 54, 1
325, 22, 1, 39, 23, 1
325, 22, 2, 39, 26, 1
325, 22, 2, 39, 63, 1
325, 22, 2, 40, 3, 1
325, 22, 2, 40, 18, 1
325, 22, 0, 40, 23, 1
325, 22, 0, 40, 24, 1
325, 22, 1, 40, 25, 1
325, 22, 3, 40, 27, 1
325, 22, 0, 40, 31, 1
325, 22, 3, 40, 34, 1
325, 22, 2, 40, 37, 1
325, 22, 0, 40, 48, 1
325, 22, 0, 41, 47, 1
325, 22, 2, 41, 48, 1
325, 22, 3, 42, 15, 1
325, 22, 2, 42, 41, 1
325, 22, 3, 42, 47, 1
325, 22, 0, 42, 49, 1
325, 22, 3, 43, 50, 1
325, 22, 3, 43, 54, 1
325, 22, 1, 44, 41, 1
325, 22, 0, 44, 55, 1
325, 22, 2, 45, 21, 1
325, 22, 3, 45, 54, 1
325, 22, 1, 47, 17, 1
325, 22, 2, 47, 18, 1
325, 22, 1, 47, 22, 1
325, 22, 3, 47, 23, 1
325, 22, 2, 47, 24, 1
325, 22, 0, 47, 27, 1
325, 22, 3, 47, 29, 1
325, 22, 1, 47, 31, 1
325, 22, 1, 48, 16, 1
325, 22, 0, 48, 17, 1
325, 22, 0, 48, 22, 1
325, 22, 0, 48, 23, 1
325, 22, 1, 48, 27, 1
325, 22, 2, 48, 29, 1
325, 22, 0, 48, 30, 1
325, 22, 2, 49, 16, 1
325, 22, 1, 50, 34, 1
325, 22, 2, 51, 17, 1
325, 22, 1, 51, 19, 1
325, 22, 2, 54, 34, 1
325, 22, 2, 55, 39, 1
325, 22, 0, 55, 43, 1
325, 22, 1, 56, 33, 1
325, 22, 0, 56, 45, 1
325, 22, 3, 57, 32, 1
325, 22, 3, 57, 40, 1
325, 22, 0, 58, 32, 1
325, 22, 0, 58, 33, 1
325, 22, 1, 59, 45, 1
325, 22, 2, 60, 47, 1
325, 22, 1, 60, 53, 1
325, 22, 2, 60, 63, 1
326, 22, 3, 1, 21, 0
326, 22, 2, 1, 55, 0
326, 22, 1, 4, 55, 0
326, 22, 2, 5, 55, 0
326, 22, 0, 8, 53, 0
326, 22, 0, 10, 46, 0
326, 22, 0, 11, 23, 0
326, 22, 1, 13, 30, 0
326, 22, 2, 14, 54, 0
326, 22, 1, 17, 12, 0
326, 22, 2, 17, 13, 0
326, 22, 2, 17, 30, 0
326, 22, 2, 17, 35, 0
326, 22, 3, 19, 35, 0
326, 22, 3, 21, 30, 0
326, 22, 0, 21, 54, 0
326, 22, 3, 22, 40, 0
326, 22, 2, 22, 45, 0
326, 22, 0, 22, 48, 0
326, 22, 3, 23, 21, 0
326, 22, 2, 23, 44, 0
326, 22, 2, 24, 21, 0
326, 22, 2, 28, 21, 0
326, 22, 1, 28, 54, 0
326, 22, 3, 30, 21, 0
326, 22, 2, 30, 23, 0
326, 22, 1, 32, 23, 0
326, 22, 2, 33, 52, 0
326, 22, 0, 34, 16, 0
326, 22, 3, 37, 52, 0
326, 22, 3, 40, 14, 0
326, 22, 0, 41, 34, 0
326, 22, 1, 41, 35, 0
326, 22, 3, 41, 39, 0
326, 22, 1, 41, 50, 0
326, 22, 0, 42, 14, 0
326, 22, 3, 42, 18, 0
326, 22, 3, 42, 20, 0
326, 22, 0, 42, 25, 0
326, 22, 3, 42, 30, 0
326, 22, 0, 45, 18, 0
326, 22, 0, 45, 23, 0
326, 22, 3, 45, 28, 0
326, 22, 1, 45, 62, 0
326, 22, 2, 46, 58, 0
326, 22, 1, 46, 62, 0
326, 22, 0, 47, 14, 0
326, 22, 0, 47, 37, 0
326, 22, 3, 47, 48, 0
326, 22, 2, 49, 38, 0
326, 22, 3, 52, 16, 0
326, 22, 0, 53, 39, 0
326, 22, 1, 53, 44, 0
326, 22, 2, 53, 45, 0
326, 22, 0, 55, 47, 0
326, 22, 0, 56, 47, 0
326, 22, 0, 57, 18, 0
326, 22, 1, 57, 35, 0
326, 22, 1, 58, 47, 0
326, 22, 3, 59, 53, 0
326, 22, 3, 61, 16, 0
326, 22, 0, 61, 35, 0
326, 22, 3, 0, 56, 1
326, 22, 2, 1, 28, 1
326, 22, 2, 1, 31, 1
326, 22, 3, 3, 30, 1
326, 22, 0, 3, 48, 1
326, 22, 0, 4, 36, 1
326, 22, 1, 6, 30, 1
326, 22, 0, 7, 55, 1
326, 22, 1, 8, 39, 1
326, 22, 2, 8, 44, 1
326, 22, 1, 11, 56, 1
326, 22, 2, 12, 16, 1
326, 22, 1, 12, 40, 1
326, 22, 0, 12, 44, 1
326, 22, 1, 15, 7, 1
326, 22, 2, 15, 11, 1
326, 22, 0, 15, 46, 1
326, 22, 2, 16, 5, 1
326, 22, 3, 17, 17, 1
326, 22, 3, 17, 49, 1
326, 22, 3, 18, 4, 1
326, 22, 0, 18, 54, 1
326, 22, 2, 20, 39, 1
326, 22, 3, 20, 53, 1
326, 22, 1, 21, 0, 1
326, 22, 3, 21, 12, 1
326, 22, 3, 21, 56, 1
326, 22, 0, 23, 8, 1
326, 22, 1, 23, 11, 1
326, 22, 1, 23, 46, 1
326, 22, 0, 24, 14, 1
326, 22, 2, 24, 23, 1
326, 22, 0, 24, 43, 1
326, 22, 0, 27, 2, 1
326, 22, 3, 27, 38, 1
326, 22, 1, 29, 39, 1
326, 22, 0, 29, 56, 1
326, 22, 1, 30, 27, 1
326, 22, 0, 30, 37, 1
326, 22, 3, 32, 5, 1
326, 22, 3, 32, 54, 1
326, 22, 3, 33, 41, 1
326, 22, 2, 33, 48, 1
326, 22, 2, 34, 5, 1
326, 22, 2, 34, 27, 1
326, 22, 1, 34, 31, 1
326, 22, 1, 34, 39, 1
326, 22, 2, 34, 47, 1
326, 22, 2, 35, 38, 1
326, 22, 0, 36, 19, 1
326, 22, 1, 37, 61, 1
326, 22, 0, 39, 39, 1
326, 22, 3, 39, 53, 1
326, 22, 2, 40, 17, 1
326, 22, 1, 40, 21, 1
326, 22, 0, 40, 26, 1
326, 22, 2, 42, 3, 1
326, 22, 3, 42, 26, 1
326, 22, 3, 42, 48, 1
326, 22, 2, 43, 41, 1
326, 22, 0, 45, 15, 1
326, 22, 2, 45, 27, 1
326, 22, 3, 45, 32, 1
326, 22, 1, 45, 56, 1
326, 22, 3, 47, 16, 1
326, 22, 1, 47, 19, 1
326, 22, 0, 47, 25, 1
326, 22, 2, 47, 30, 1
326, 22, 2, 47, 38, 1
326, 22, 3, 47, 41, 1
326, 22, 2, 47, 46, 1
326, 22, 2, 48, 34, 1
326, 22, 1, 50, 3, 1
326, 22, 1, 52, 34, 1
326, 22, 0, 54, 5, 1
326, 22, 0, 55, 45, 1
326, 22, 1, 56, 39, 1
326, 22, 2, 57, 33, 1
326, 22, 3, 58, 5, 1
326, 22, 0, 59, 55, 1
326, 22, 2, 61, 33, 1
326, 22, 3, 61, 61, 1
356, 10, 1, 1, 54, 0
356, 10, 3, 2, 52, 0
356, 10, 2, 2, 54, 0
357, 10, 3, 1, 51, 0
357, 10, 0, 1, 53, 0
357, 10, 3, 3, 55, 0
358, 10, 0, 1, 52, 0
422, 10, 0, 49, 61, 0
650, 4, 3, 18, 51, 0
650, 4, 1, 18, 52, 0
650, 4, 3, 19, 51, 0
650, 4, 1, 19, 52, 0
655, 4, 3, 4, 50, 0
655, 4, 1, 24, 41, 0
656, 4, 1, 22, 41, 0
656, 4, 1, 23, 41, 0
656, 4, 3, 24, 40, 0
657, 4, 3, 26, 40, 0
658, 10, 2, 22, 44, 0
658, 10, 3, 23, 45, 0
658, 10, 3, 59, 47, 0
660, 10, 0, 18, 51, 0
660, 10, 0, 22, 40, 0
660, 10, 0, 22, 41, 0
660, 10, 3, 23, 40, 0
660, 10, 1, 23, 41, 0
660, 10, 1, 23, 44, 0
660, 10, 2, 24, 41, 0
660, 10, 1, 33, 33, 0
660, 10, 2, 33, 37, 0
660, 10, 1, 38, 8, 0
660, 10, 2, 45, 6, 0
660, 10, 2, 50, 10, 0
660, 10, 0, 58, 14, 0
660, 10, 3, 59, 13, 0
705, 4, 0, 10, 40, 0
705, 4, 3, 12, 30, 0
705, 4, 2, 13, 32, 0
705, 4, 0, 17, 32, 0
705, 4, 3, 18, 30, 0
705, 4, 1, 18, 35, 0
705, 4, 2, 19, 33, 0
705, 4, 2, 19, 35, 0
705, 4, 3, 20, 30, 0
705, 4, 1, 20, 32, 0
706, 4, 2, 13, 31, 0
706, 4, 2, 13, 36, 0
706, 4, 3, 15, 33, 0
706, 4, 1, 15, 34, 0
706, 4, 1, 17, 35, 0
733, 10, 1, 10, 42, 0
825, 22, 0, 57, 13, 0
827, 22, 1, 57, 15, 0
877, 4, 3, 25, 40, 0
877, 4, 3, 31, 7, 0
877, 4, 3, 34, 7, 0
877, 4, 3, 45, 4, 0
877, 4, 3, 47, 4, 0
877, 4, 3, 49, 4, 0
877, 4, 3, 57, 9, 0
1089, 10, 0, 40, 56, 0
1089, 10, 3, 41, 61, 0
1246, 22, 0, 47, 60, 0
1247, 22, 1, 1, 52, 0
1247, 22, 2, 5, 33, 0
1247, 22, 2, 9, 49, 0
1247, 22, 3, 10, 19, 0
1247, 22, 3, 18, 32, 0
1247, 22, 0, 24, 19, 0
1247, 22, 1, 28, 20, 0
1247, 22, 1, 41, 61, 0
1247, 22, 3, 43, 24, 0
1247, 22, 0, 44, 36, 0
1247, 22, 1, 46, 61, 0
1247, 22, 3, 47, 43, 0
1247, 22, 0, 50, 47, 0
1247, 22, 0, 54, 55, 0
1247, 22, 3, 55, 54, 0
1247, 22, 3, 56, 60, 0
1247, 22, 2, 57, 14, 0
1247, 22, 0, 57, 57, 0
1247, 22, 0, 57, 59, 0
1248, 22, 2, 12, 53, 0
1248, 22, 1, 21, 49, 0
1248, 22, 0, 26, 52, 0
1248, 22, 2, 31, 51, 0
1248, 22, 1, 36, 50, 0
1286, 10, 0, 47, 61, 0
1286, 10, 3, 55, 55, 0
1286, 10, 2, 57, 60, 0
1530, 0, 1, 41, 54, 0
1530, 0, 2, 45, 60, 0
1530, 0, 0, 47, 36, 0
1620, 3, 3, 1, 22, 0
1620, 3, 0, 1, 25, 0
1620, 3, 3, 1, 51, 0
1620, 3, 0, 1, 54, 0
1620, 3, 3, 2, 21, 0
1620, 3, 0, 2, 55, 0
1620, 3, 1, 4, 55, 0
1620, 3, 2, 5, 21, 0
1620, 3, 2, 5, 53, 0
1620, 3, 3, 8, 30, 0
1620, 3, 0, 8, 36, 0
1620, 3, 0, 9, 23, 0
1620, 3, 2, 11, 21, 0
1620, 3, 1, 11, 23, 0
1620, 3, 0, 11, 54, 0
1620, 3, 1, 12, 54, 0
1620, 3, 2, 13, 30, 0
1620, 3, 1, 13, 36, 0
1620, 3, 3, 17, 8, 0
1620, 3, 0, 17, 10, 0
1620, 3, 0, 17, 13, 0
1620, 3, 3, 17, 30, 0
1620, 3, 0, 17, 32, 0
1620, 3, 0, 17, 35, 0
1620, 3, 1, 19, 35, 0
1620, 3, 0, 20, 19, 0
1620, 3, 2, 21, 30, 0
1620, 3, 1, 21, 32, 0
1620, 3, 3, 21, 49, 0
1620, 3, 0, 21, 50, 0
1620, 3, 3, 21, 53, 0
1620, 3, 0, 21, 54, 0
1620, 3, 3, 22, 40, 0
1620, 3, 0, 22, 41, 0
1620, 3, 3, 22, 44, 0
1620, 3, 0, 22, 45, 0
1620, 3, 0, 26, 21, 0
1620, 3, 1, 27, 21, 0
1620, 3, 2, 27, 40, 0
1620, 3, 1, 28, 54, 0
1620, 3, 1, 29, 19, 0
1620, 3, 0, 31, 52, 0
1620, 3, 0, 33, 52, 0
1620, 3, 0, 34, 17, 0
1620, 3, 0, 35, 52, 0
1620, 3, 3, 41, 34, 0
1620, 3, 3, 41, 36, 0
1620, 3, 0, 41, 37, 0
1620, 3, 0, 41, 39, 0
1620, 3, 1, 42, 14, 0
1620, 3, 3, 42, 18, 0
1620, 3, 0, 42, 20, 0
1620, 3, 3, 42, 23, 0
1620, 3, 0, 42, 25, 0
1620, 3, 3, 42, 28, 0
1620, 3, 0, 42, 30, 0
1620, 3, 0, 43, 39, 0
1620, 3, 1, 44, 39, 0
1620, 3, 0, 45, 14, 0
1620, 3, 2, 45, 18, 0
1620, 3, 1, 45, 20, 0
1620, 3, 2, 45, 23, 0
1620, 3, 1, 45, 25, 0
1620, 3, 2, 45, 28, 0
1620, 3, 1, 45, 30, 0
1620, 3, 2, 46, 34, 0
1620, 3, 1, 46, 39, 0
1620, 3, 0, 46, 59, 0
1620, 3, 3, 46, 61, 0
1620, 0, 0, 47, 37, 0
1620, 3, 1, 48, 62, 0
1620, 3, 1, 51, 62, 0
1620, 3, 0, 52, 16, 0
1620, 3, 1, 54, 16, 0
1620, 3, 1, 54, 62, 0
1620, 3, 1, 56, 62, 0
1620, 3, 0, 57, 18, 0
1620, 3, 1, 58, 18, 0
1624, 0, 0, 23, 54, 0
1624, 0, 3, 25, 42, 0
1624, 0, 3, 25, 46, 0
1624, 0, 1, 32, 45, 0
1624, 0, 1, 32, 48, 0
1624, 0, 0, 43, 62, 0
1624, 0, 2, 48, 48, 0
1624, 0, 3, 49, 46, 0
1624, 0, 3, 49, 52, 0
1624, 0, 1, 53, 45, 0
1624, 0, 2, 55, 47, 0
1624, 3, 1, 55, 49, 0
1624, 0, 1, 59, 50, 0
1626, 0, 1, 25, 43, 0
1626, 0, 3, 26, 42, 0
1626, 0, 3, 26, 46, 0
1626, 0, 2, 29, 41, 0
1626, 3, 3, 29, 46, 0
1626, 0, 0, 29, 51, 0
1626, 0, 3, 30, 42, 0
1626, 0, 1, 31, 45, 0
1626, 0, 3, 38, 58, 0
1626, 0, 3, 39, 58, 0
1626, 0, 2, 48, 49, 0
1626, 3, 2, 48, 51, 0
1626, 0, 3, 50, 38, 0
1626, 0, 1, 50, 42, 0
1626, 0, 3, 51, 46, 0
1626, 3, 0, 52, 40, 0
1626, 3, 3, 52, 43, 0
1626, 3, 2, 52, 54, 0
1626, 0, 3, 53, 38, 0
1626, 3, 2, 54, 54, 0
1626, 0, 2, 55, 48, 0
1626, 0, 2, 55, 50, 0
1626, 3, 2, 55, 54, 0
1626, 0, 3, 57, 54, 0
1629, 22, 3, 10, 35, 0
1629, 22, 0, 11, 34, 0
1629, 22, 2, 23, 51, 0
1629, 22, 2, 23, 52, 0
1629, 22, 3, 27, 42, 0
1629, 22, 2, 27, 45, 0
1629, 22, 3, 27, 46, 0
1629, 22, 3, 28, 42, 0
1629, 22, 3, 29, 46, 0
1629, 22, 0, 29, 48, 0
1629, 22, 0, 29, 49, 0
1629, 22, 0, 29, 50, 0
1629, 22, 3, 40, 58, 0
1629, 22, 3, 40, 61, 0
1629, 22, 0, 43, 60, 0
1629, 22, 0, 43, 61, 0
1629, 22, 0, 48, 44, 0
1629, 22, 1, 51, 42, 0
1629, 22, 3, 52, 38, 0
1629, 22, 1, 53, 53, 0
1629, 22, 1, 54, 50, 0
1629, 22, 1, 55, 50, 0
1630, 22, 3, 9, 35, 0
1630, 22, 2, 23, 50, 0
1630, 22, 2, 23, 53, 0
1630, 22, 3, 26, 44, 0
1630, 22, 2, 27, 44, 0
1630, 22, 0, 29, 47, 0
1630, 22, 3, 41, 58, 0
1630, 22, 0, 48, 43, 0
1630, 22, 0, 48, 45, 0
1630, 22, 1, 49, 42, 0
1630, 22, 3, 50, 46, 0
1630, 22, 3, 51, 38, 0
1630, 22, 3, 52, 46, 0
1630, 22, 1, 53, 42, 0
1630, 22, 1, 53, 50, 0
1630, 22, 2, 55, 51, 0
1630, 22, 2, 55, 52, 0
1630, 22, 2, 55, 53, 0
1631, 1, 0, 31, 39, 0
1631, 0, 2, 45, 58, 0
1631, 0, 2, 45, 59, 0
1631, 0, 2, 45, 61, 0
1631, 0, 2, 45, 62, 0
1631, 0, 3, 49, 38, 0
1658, 1, 1, 0, 20, 0
1658, 0, 2, 0, 21, 0
1658, 0, 2, 0, 22, 0
1658, 0, 2, 0, 23, 0
1658, 0, 2, 0, 24, 0
1658, 0, 2, 0, 25, 0
1658, 0, 2, 0, 26, 0
1658, 1, 2, 0, 27, 0
1658, 0, 1, 0, 31, 0
1658, 0, 3, 0, 35, 0
1658, 1, 1, 0, 50, 0
1658, 0, 2, 0, 51, 0
1658, 0, 2, 0, 52, 0
1658, 0, 2, 0, 53, 0
1658, 0, 2, 0, 54, 0
1658, 1, 2, 0, 55, 0
1658, 0, 1, 1, 20, 0
1658, 0, 3, 1, 27, 0
1658, 0, 1, 1, 31, 0
1658, 0, 3, 1, 35, 0
1658, 1, 1, 1, 49, 0
1658, 9, 1, 1, 50, 0
1658, 9, 2, 1, 55, 0
1658, 1, 2, 1, 56, 0
1658, 0, 1, 2, 20, 0
1658, 1, 2, 2, 28, 0
1658, 0, 1, 2, 31, 0
1658, 0, 3, 2, 35, 0
1658, 0, 1, 2, 49, 0
1658, 0, 3, 2, 56, 0
1658, 0, 1, 3, 20, 0
1658, 0, 3, 3, 28, 0
1658, 0, 1, 3, 31, 0
1658, 0, 3, 3, 35, 0
1658, 0, 1, 3, 49, 0
1658, 0, 3, 3, 56, 0
1658, 0, 1, 4, 20, 0
1658, 0, 3, 4, 28, 0
1658, 0, 1, 4, 31, 0
1658, 0, 3, 4, 35, 0
1658, 1, 1, 4, 48, 0
1658, 0, 3, 4, 56, 0
1658, 0, 1, 5, 20, 0
1658, 0, 3, 5, 28, 0
1658, 0, 1, 5, 31, 0
1658, 0, 3, 5, 35, 0
1658, 1, 1, 5, 47, 0
1658, 9, 1, 5, 48, 0
1658, 9, 3, 5, 55, 0
1658, 1, 3, 5, 56, 0
1658, 1, 1, 6, 19, 0
1658, 9, 1, 6, 20, 0
1658, 9, 2, 6, 28, 0
1658, 1, 2, 6, 29, 0
1658, 0, 1, 6, 31, 0
1658, 0, 3, 6, 35, 0
1658, 0, 1, 6, 47, 0
1658, 0, 0, 6, 54, 0
1658, 1, 3, 6, 55, 0
1658, 1, 1, 7, 18, 0
1658, 9, 1, 7, 19, 0
1658, 9, 2, 7, 29, 0
1658, 0, 2, 7, 30, 0
1658, 0, 2, 7, 36, 0
1658, 1, 2, 7, 37, 0
1658, 1, 1, 7, 46, 0
1658, 9, 1, 7, 47, 0
1658, 1, 2, 7, 54, 0
1658, 1, 1, 8, 17, 0
1658, 9, 1, 8, 18, 0
1658, 0, 0, 8, 25, 0
1658, 0, 0, 8, 26, 0
1658, 9, 0, 8, 27, 0
1658, 9, 2, 8, 37, 0
1658, 1, 2, 8, 38, 0
1658, 1, 1, 8, 45, 0
1658, 9, 1, 8, 46, 0
1658, 9, 2, 8, 54, 0
1658, 1, 2, 8, 55, 0
1658, 1, 1, 9, 16, 0
1658, 9, 1, 9, 17, 0
1658, 0, 3, 9, 24, 0
1658, 1, 0, 9, 27, 0
1658, 9, 0, 9, 28, 0
1658, 9, 2, 9, 38, 0
1658, 0, 2, 9, 39, 0
1658, 0, 2, 9, 40, 0
1658, 0, 2, 9, 41, 0
1658, 0, 2, 9, 42, 0
1658, 0, 2, 9, 43, 0
1658, 0, 2, 9, 44, 0
1658, 9, 1, 9, 45, 0
1658, 1, 1, 10, 15, 0
1658, 9, 1, 10, 16, 0
1658, 0, 3, 10, 24, 0
1658, 1, 0, 10, 28, 0
1658, 9, 0, 10, 29, 0
1658, 1, 1, 11, 14, 0
1658, 9, 1, 11, 15, 0
1658, 0, 3, 11, 24, 0
1658, 0, 1, 11, 29, 0
1658, 9, 3, 11, 39, 0
1658, 0, 0, 11, 40, 0
1658, 0, 0, 11, 41, 0
1658, 0, 0, 11, 42, 0
1658, 0, 0, 11, 43, 0
1658, 0, 0, 11, 44, 0
1658, 9, 0, 11, 45, 0
1658, 0, 3, 11, 55, 0
1658, 0, 1, 12, 14, 0
1658, 9, 3, 12, 17, 0
1658, 0, 0, 12, 18, 0
1658, 0, 0, 12, 19, 0
1658, 0, 0, 12, 20, 0
1658, 0, 0, 12, 21, 0
1658, 0, 0, 12, 22, 0
1658, 0, 0, 12, 23, 0
1658, 1, 3, 12, 24, 0
1658, 0, 1, 12, 29, 0
1658, 9, 3, 12, 38, 0
1658, 1, 3, 12, 39, 0
1658, 1, 0, 12, 45, 0
1658, 9, 0, 12, 46, 0
1658, 0, 3, 12, 55, 0
1658, 1, 0, 13, 14, 0
1658, 1, 3, 13, 17, 0
1658, 0, 1, 13, 29, 0
1658, 9, 3, 13, 37, 0
1658, 1, 3, 13, 38, 0
1658, 0, 1, 13, 46, 0
1658, 1, 0, 14, 29, 0
1658, 0, 0, 14, 30, 0
1658, 0, 0, 14, 31, 0
1658, 0, 0, 14, 36, 0
1658, 1, 3, 14, 37, 0
1658, 1, 0, 14, 46, 0
1658, 9, 0, 14, 47, 0
1658, 0, 1, 15, 32, 0
1658, 0, 3, 15, 35, 0
1658, 1, 0, 15, 47, 0
1658, 9, 0, 15, 48, 0
1658, 9, 3, 15, 54, 0
1658, 1, 3, 15, 55, 0
1658, 1, 1, 16, 7, 0
1658, 0, 2, 16, 8, 0
1658, 0, 2, 16, 9, 0
1658, 0, 2, 16, 10, 0
1658, 0, 2, 16, 11, 0
1658, 0, 2, 16, 12, 0
1658, 0, 2, 16, 13, 0
1658, 1, 2, 16, 14, 0
1658, 1, 1, 16, 29, 0
1658, 0, 2, 16, 30, 0
1658, 0, 2, 16, 31, 0
1658, 1, 2, 16, 36, 0
1658, 1, 0, 16, 48, 0
1658, 0, 0, 16, 49, 0
1658, 9, 0, 16, 50, 0
1658, 9, 3, 16, 53, 0
1658, 1, 3, 16, 54, 0
1658, 1, 1, 17, 6, 0
1658, 9, 1, 17, 7, 0
1658, 9, 2, 17, 14, 0
1658, 1, 2, 17, 15, 0
1658, 0, 1, 17, 29, 0
1658, 0, 3, 17, 36, 0
1658, 0, 1, 17, 50, 0
1658, 0, 3, 17, 53, 0
1658, 1, 1, 18, 5, 0
1658, 9, 1, 18, 6, 0
1658, 9, 2, 18, 15, 0
1658, 1, 2, 18, 16, 0
1658, 0, 1, 18, 29, 0
1658, 0, 3, 18, 36, 0
1658, 0, 1, 18, 50, 0
1658, 0, 3, 18, 53, 0
1658, 1, 1, 19, 1, 0
1658, 0, 2, 19, 2, 0
1658, 0, 2, 19, 3, 0
1658, 0, 2, 19, 4, 0
1658, 9, 1, 19, 5, 0
1658, 9, 2, 19, 16, 0
1658, 0, 2, 19, 17, 0
1658, 0, 2, 19, 18, 0
1658, 0, 2, 19, 19, 0
1658, 1, 2, 19, 20, 0
1658, 0, 1, 19, 29, 0
1658, 0, 3, 19, 36, 0
1658, 0, 1, 19, 50, 0
1658, 0, 3, 19, 53, 0
1658, 0, 1, 20, 1, 0
1658, 0, 3, 20, 20, 0
1658, 0, 1, 20, 29, 0
1658, 0, 0, 20, 34, 0
1658, 0, 0, 20, 35, 0
1658, 1, 3, 20, 36, 0
1658, 1, 1, 20, 48, 0
1658, 0, 2, 20, 49, 0
1658, 0, 2, 20, 54, 0
1658, 1, 2, 20, 55, 0
1658, 0, 1, 21, 1, 0
1658, 9, 3, 21, 9, 0
1658, 0, 0, 21, 10, 0
1658, 0, 0, 21, 11, 0
1658, 0, 0, 21, 12, 0
1658, 9, 0, 21, 13, 0
1658, 0, 3, 21, 20, 0
1658, 0, 1, 21, 29, 0
1658, 0, 3, 21, 33, 0
1658, 1, 1, 21, 39, 0
1658, 1, 2, 21, 42, 0
1658, 1, 1, 21, 43, 0
1658, 1, 2, 21, 46, 0
1658, 1, 1, 21, 47, 0
1658, 0, 3, 21, 55, 0
1658, 0, 1, 22, 1, 0
1658, 9, 3, 22, 8, 0
1658, 1, 3, 22, 9, 0
1658, 1, 0, 22, 13, 0
1658, 9, 0, 22, 14, 0
1658, 1, 2, 22, 22, 0
1658, 1, 0, 22, 29, 0
1658, 0, 0, 22, 30, 0
1658, 0, 0, 22, 31, 0
1658, 0, 0, 22, 32, 0
1658, 1, 3, 22, 33, 0
1658, 0, 1, 22, 39, 0
1658, 0, 3, 22, 42, 0
1658, 0, 1, 22, 43, 0
1658, 0, 3, 22, 46, 0
1658, 0, 1, 22, 47, 0
1658, 0, 3, 22, 55, 0
1658, 1, 0, 23, 1, 0
1658, 9, 0, 23, 2, 0
1658, 0, 3, 23, 8, 0
1658, 1, 0, 23, 14, 0
1658, 9, 0, 23, 15, 0
1658, 0, 1, 23, 39, 0
1658, 0, 3, 23, 42, 0
1658, 0, 1, 23, 43, 0
1658, 0, 3, 23, 46, 0
1658, 0, 1, 23, 47, 0
1658, 0, 3, 23, 55, 0
1658, 1, 0, 24, 2, 0
1658, 9, 0, 24, 3, 0
1658, 9, 2, 24, 8, 0
1658, 0, 2, 24, 9, 0
1658, 1, 2, 24, 10, 0
1658, 0, 1, 24, 15, 0
1658, 0, 1, 24, 39, 0
1658, 0, 3, 24, 55, 0
1658, 0, 1, 25, 3, 0
1658, 9, 2, 25, 10, 0
1658, 1, 2, 25, 11, 0
1658, 1, 1, 25, 14, 0
1658, 9, 1, 25, 15, 0
1658, 0, 3, 25, 22, 0
1658, 0, 1, 25, 39, 0
1658, 0, 3, 25, 55, 0
1658, 1, 0, 26, 3, 0
1658, 9, 0, 26, 4, 0
1658, 9, 2, 26, 11, 0
1658, 0, 2, 26, 12, 0
1658, 0, 2, 26, 13, 0
1658, 9, 1, 26, 14, 0
1658, 0, 3, 26, 22, 0
1658, 0, 1, 26, 39, 0
1658, 0, 3, 26, 55, 0
1658, 0, 1, 27, 4, 0
1658, 0, 3, 27, 22, 0
1658, 0, 1, 27, 39, 0
1658, 0, 3, 27, 55, 0
1658, 0, 1, 28, 4, 0
1658, 9, 2, 28, 22, 0
1658, 1, 2, 28, 23, 0
1658, 1, 0, 28, 39, 0
1658, 0, 3, 28, 55, 0
1658, 1, 0, 29, 4, 0
1658, 9, 0, 29, 5, 0
1658, 9, 2, 29, 23, 0
1658, 1, 2, 29, 24, 0
1658, 0, 1, 29, 40, 0
1658, 0, 0, 29, 54, 0
1658, 1, 3, 29, 55, 0
1658, 1, 0, 30, 5, 0
1658, 9, 0, 30, 6, 0
1658, 0, 0, 30, 17, 0
1658, 0, 0, 30, 18, 0
1658, 0, 0, 30, 19, 0
1658, 9, 0, 30, 20, 0
1658, 9, 2, 30, 24, 0
1658, 0, 2, 30, 25, 0
1658, 0, 2, 30, 26, 0
1658, 0, 2, 30, 27, 0
1658, 0, 2, 30, 28, 0
1658, 0, 2, 30, 29, 0
1658, 0, 2, 30, 30, 0
1658, 0, 2, 30, 31, 0
1658, 0, 2, 30, 32, 0
1658, 0, 2, 30, 33, 0
1658, 0, 2, 30, 34, 0
1658, 0, 2, 30, 35, 0
1658, 0, 2, 30, 36, 0
1658, 0, 2, 30, 37, 0
1658, 0, 2, 30, 38, 0
1658, 0, 2, 30, 39, 0
1658, 0, 1, 30, 40, 0
1658, 0, 3, 30, 53, 0
1658, 0, 1, 31, 6, 0
1658, 0, 3, 31, 14, 0
1658, 1, 0, 31, 20, 0
1658, 9, 0, 31, 21, 0
1658, 0, 3, 31, 53, 0
1658, 0, 1, 32, 6, 0
1658, 0, 3, 32, 14, 0
1658, 1, 0, 32, 21, 0
1658, 9, 0, 32, 22, 0
1658, 0, 3, 32, 53, 0
1658, 0, 1, 33, 6, 0
1658, 0, 2, 33, 15, 0
1658, 0, 2, 33, 16, 0
1658, 0, 2, 33, 17, 0
1658, 1, 2, 33, 18, 0
1658, 1, 0, 33, 22, 0
1658, 9, 0, 33, 23, 0
1658, 0, 0, 33, 27, 0
1658, 0, 0, 33, 31, 0
1658, 0, 0, 33, 35, 0
1658, 0, 0, 33, 39, 0
1658, 0, 0, 33, 40, 0
1658, 0, 0, 33, 41, 0
1658, 0, 0, 33, 42, 0
1658, 0, 0, 33, 43, 0
1658, 0, 0, 33, 44, 0
1658, 0, 0, 33, 45, 0
1658, 0, 3, 33, 53, 0
1658, 0, 1, 34, 6, 0
1658, 0, 3, 34, 18, 0
1658, 1, 0, 34, 23, 0
1658, 0, 0, 34, 24, 0
1658, 0, 0, 34, 25, 0
1658, 1, 3, 34, 26, 0
1658, 1, 0, 34, 28, 0
1658, 0, 0, 34, 29, 0
1658, 1, 3, 34, 30, 0
1658, 1, 0, 34, 32, 0
1658, 0, 0, 34, 33, 0
1658, 1, 3, 34, 34, 0
1658, 1, 0, 34, 36, 0
1658, 0, 0, 34, 37, 0
1658, 1, 3, 34, 38, 0
1658, 0, 1, 34, 48, 0
1658, 0, 3, 34, 53, 0
1658, 1, 1, 35, 0, 0
1658, 0, 2, 35, 1, 0
1658, 0, 2, 35, 2, 0
1658, 0, 2, 35, 3, 0
1658, 1, 2, 35, 4, 0
1658, 1, 1, 35, 5, 0
1658, 9, 1, 35, 6, 0
1658, 0, 3, 35, 18, 0
1658, 0, 1, 35, 48, 0
1658, 0, 3, 35, 53, 0
1658, 0, 1, 36, 0, 0
1658, 9, 1, 36, 5, 0
1658, 0, 3, 36, 18, 0
1658, 0, 1, 36, 48, 0
1658, 0, 3, 36, 53, 0
1658, 0, 1, 37, 0, 0
1658, 9, 3, 37, 17, 0
1658, 1, 3, 37, 18, 0
1658, 0, 1, 37, 48, 0
1658, 0, 3, 37, 53, 0
1658, 1, 1, 37, 57, 0
1658, 0, 2, 37, 58, 0
1658, 0, 2, 37, 59, 0
1658, 1, 2, 37, 60, 0
1658, 0, 1, 38, 0, 0
1658, 9, 0, 38, 5, 0
1658, 9, 3, 38, 16, 0
1658, 1, 3, 38, 17, 0
1658, 1, 0, 38, 48, 0
1658, 1, 3, 38, 53, 0
1658, 1, 1, 38, 56, 0
1658, 9, 1, 38, 57, 0
1658, 9, 2, 38, 60, 0
1658, 1, 2, 38, 61, 0
1658, 1, 0, 39, 0, 0
1658, 0, 0, 39, 1, 0
1658, 0, 0, 39, 2, 0
1658, 0, 0, 39, 3, 0
1658, 1, 3, 39, 4, 0
1658, 1, 0, 39, 5, 0
1658, 9, 0, 39, 6, 0
1658, 9, 3, 39, 15, 0
1658, 1, 3, 39, 16, 0
1658, 0, 1, 39, 49, 0
1658, 0, 3, 39, 52, 0
1658, 1, 1, 39, 55, 0
1658, 9, 1, 39, 56, 0
1658, 9, 2, 39, 61, 0
1658, 1, 2, 39, 62, 0
1658, 0, 1, 40, 6, 0
1658, 0, 3, 40, 15, 0
1658, 1, 1, 40, 33, 0
1658, 0, 2, 40, 34, 0
1658, 0, 2, 40, 35, 0
1658, 0, 2, 40, 36, 0
1658, 0, 2, 40, 37, 0
1658, 0, 2, 40, 38, 0
1658, 0, 2, 40, 39, 0
1658, 1, 2, 40, 40, 0
1658, 0, 1, 40, 49, 0
1658, 0, 2, 40, 53, 0
1658, 0, 2, 40, 54, 0
1658, 9, 1, 40, 55, 0
1658, 9, 2, 40, 62, 0
1658, 1, 2, 40, 63, 0
1658, 1, 1, 41, 5, 0
1658, 9, 1, 41, 6, 0
1658, 0, 3, 41, 15, 0
1658, 1, 1, 41, 17, 0
1658, 0, 2, 41, 18, 0
1658, 0, 2, 41, 19, 0
1658, 0, 2, 41, 20, 0
1658, 1, 2, 41, 21, 0
1658, 1, 1, 41, 22, 0
1658, 0, 2, 41, 23, 0
1658, 0, 2, 41, 24, 0
1658, 0, 2, 41, 25, 0
1658, 1, 2, 41, 26, 0
1658, 1, 1, 41, 27, 0
1658, 0, 2, 41, 28, 0
1658, 0, 2, 41, 29, 0
1658, 0, 2, 41, 30, 0
1658, 1, 2, 41, 31, 0
1658, 0, 1, 41, 33, 0
1658, 0, 3, 41, 40, 0
1658, 0, 1, 41, 49, 0
1658, 0, 3, 41, 63, 0
1658, 1, 1, 42, 4, 0
1658, 9, 1, 42, 5, 0
1658, 0, 2, 42, 16, 0
1658, 0, 2, 42, 32, 0
1658, 0, 3, 42, 40, 0
1658, 1, 0, 42, 49, 0
1658, 0, 0, 42, 50, 0
1658, 0, 0, 42, 51, 0
1658, 0, 0, 42, 52, 0
1658, 0, 0, 42, 53, 0
1658, 0, 0, 42, 54, 0
1658, 9, 0, 42, 55, 0
1658, 0, 3, 42, 63, 0
1658, 0, 1, 43, 4, 0
1658, 0, 3, 43, 40, 0
1658, 1, 0, 43, 55, 0
1658, 9, 0, 43, 56, 0
1658, 0, 3, 43, 63, 0
1658, 1, 1, 44, 3, 0
1658, 9, 1, 44, 4, 0
1658, 0, 3, 44, 40, 0
1658, 1, 0, 44, 56, 0
1658, 9, 0, 44, 57, 0
1658, 0, 3, 44, 63, 0
1658, 0, 1, 45, 3, 0
1658, 0, 0, 45, 16, 0
1658, 0, 0, 45, 32, 0
1658, 0, 3, 45, 40, 0
1658, 0, 1, 45, 57, 0
1658, 0, 3, 45, 63, 0
1658, 0, 1, 46, 3, 0
1658, 0, 3, 46, 15, 0
1658, 1, 0, 46, 17, 0
1658, 0, 0, 46, 18, 0
1658, 0, 0, 46, 19, 0
1658, 0, 0, 46, 20, 0
1658, 1, 3, 46, 21, 0
1658, 1, 0, 46, 22, 0
1658, 0, 0, 46, 23, 0
1658, 0, 0, 46, 24, 0
1658, 0, 0, 46, 25, 0
1658, 1, 3, 46, 26, 0
1658, 1, 0, 46, 27, 0
1658, 0, 0, 46, 28, 0
1658, 0, 0, 46, 29, 0
1658, 0, 0, 46, 30, 0
1658, 1, 3, 46, 31, 0
1658, 0, 1, 46, 33, 0
1658, 0, 3, 46, 40, 0
1658, 1, 1, 46, 42, 0
1658, 0, 2, 46, 43, 0
1658, 0, 2, 46, 44, 0
1658, 0, 2, 46, 45, 0
1658, 1, 2, 46, 46, 0
1658, 1, 1, 46, 47, 0
1658, 0, 2, 46, 48, 0
1658, 0, 2, 46, 49, 0
1658, 0, 2, 46, 50, 0
1658, 0, 2, 46, 51, 0
1658, 1, 2, 46, 52, 0
1658, 1, 1, 46, 55, 0
1658, 0, 2, 46, 56, 0
1658, 9, 1, 46, 57, 0
1658, 0, 3, 46, 63, 0
1658, 0, 1, 47, 3, 0
1658, 0, 3, 47, 15, 0
1658, 1, 0, 47, 33, 0
1658, 0, 0, 47, 34, 0
1658, 0, 0, 47, 39, 0
1658, 1, 3, 47, 40, 0
1658, 0, 1, 47, 42, 0
1658, 0, 3, 47, 46, 0
1658, 0, 1, 47, 47, 0
1658, 0, 3, 47, 52, 0
1658, 1, 1, 47, 53, 0
1658, 0, 2, 47, 54, 0
1658, 9, 1, 47, 55, 0
1658, 0, 3, 47, 63, 0
1658, 0, 1, 48, 3, 0
1658, 0, 3, 48, 15, 0
1658, 0, 1, 48, 35, 0
1658, 0, 2, 48, 39, 0
1658, 0, 2, 48, 40, 0
1658, 0, 2, 48, 41, 0
1658, 9, 1, 48, 53, 0
1658, 0, 3, 48, 63, 0
1658, 0, 1, 49, 3, 0
1658, 0, 3, 49, 15, 0
1658, 0, 1, 49, 35, 0
1658, 0, 3, 49, 63, 0
1658, 1, 0, 50, 3, 0
1658, 9, 0, 50, 4, 0
1658, 9, 2, 50, 15, 0
1658, 1, 2, 50, 16, 0
1658, 0, 1, 50, 35, 0
1658, 0, 3, 50, 63, 0
1658, 1, 0, 51, 4, 0
1658, 9, 0, 51, 5, 0
1658, 9, 2, 51, 16, 0
1658, 1, 2, 51, 17, 0
1658, 0, 1, 51, 35, 0
1658, 0, 3, 51, 63, 0
1658, 1, 0, 52, 5, 0
1658, 9, 0, 52, 6, 0
1658, 0, 3, 52, 17, 0
1658, 0, 1, 52, 35, 0
1658, 0, 3, 52, 63, 0
1658, 1, 0, 53, 6, 0
1658, 9, 0, 53, 7, 0
1658, 0, 3, 53, 17, 0
1658, 0, 1, 53, 35, 0
1658, 0, 3, 53, 63, 0
1658, 0, 1, 54, 7, 0
1658, 0, 3, 54, 17, 0
1658, 0, 1, 54, 35, 0
1658, 0, 0, 54, 39, 0
1658, 0, 0, 54, 40, 0
1658, 0, 0, 54, 41, 0
1658, 0, 0, 54, 42, 0
1658, 0, 0, 54, 43, 0
1658, 0, 0, 54, 44, 0
1658, 0, 0, 54, 45, 0
1658, 9, 0, 54, 46, 0
1658, 0, 3, 54, 63, 0
1658, 1, 0, 55, 7, 0
1658, 9, 0, 55, 8, 0
1658, 9, 2, 55, 17, 0
1658, 1, 2, 55, 18, 0
1658, 0, 1, 55, 35, 0
1658, 0, 3, 55, 38, 0
1658, 0, 1, 55, 46, 0
1658, 0, 3, 55, 63, 0
1658, 0, 1, 56, 8, 0
1658, 9, 2, 56, 18, 0
1658, 1, 2, 56, 19, 0
1658, 1, 1, 56, 34, 0
1658, 9, 1, 56, 35, 0
1658, 0, 3, 56, 38, 0
1658, 0, 1, 56, 46, 0
1658, 0, 3, 56, 63, 0
1658, 0, 1, 57, 8, 0
1658, 0, 3, 57, 19, 0
1658, 0, 1, 57, 34, 0
1658, 9, 3, 57, 37, 0
1658, 1, 3, 57, 38, 0
1658, 0, 1, 57, 46, 0
1658, 9, 3, 57, 62, 0
1658, 1, 3, 57, 63, 0
1658, 1, 1, 58, 7, 0
1658, 9, 1, 58, 8, 0
1658, 0, 3, 58, 19, 0
1658, 0, 1, 58, 34, 0
1658, 0, 3, 58, 37, 0
1658, 0, 1, 58, 46, 0
1658, 0, 0, 58, 55, 0
1658, 9, 0, 58, 56, 0
1658, 0, 3, 58, 62, 0
1658, 1, 1, 59, 6, 0
1658, 9, 1, 59, 7, 0
1658, 9, 3, 59, 18, 0
1658, 1, 3, 59, 19, 0
1658, 0, 1, 59, 34, 0
1658, 0, 3, 59, 37, 0
1658, 0, 1, 59, 46, 0
1658, 0, 3, 59, 54, 0
1658, 0, 1, 59, 56, 0
1658, 9, 3, 59, 61, 0
1658, 1, 3, 59, 62, 0
1658, 1, 1, 60, 5, 0
1658, 9, 1, 60, 6, 0
1658, 9, 3, 60, 17, 0
1658, 1, 3, 60, 18, 0
1658, 0, 1, 60, 34, 0
1658, 0, 3, 60, 37, 0
1658, 1, 0, 60, 46, 0
1658, 0, 0, 60, 47, 0
1658, 0, 0, 60, 48, 0
1658, 0, 0, 60, 49, 0
1658, 0, 0, 60, 50, 0
1658, 0, 0, 60, 51, 0
1658, 0, 0, 60, 52, 0
1658, 0, 0, 60, 53, 0
1658, 1, 3, 60, 54, 0
1658, 0, 1, 60, 56, 0
1658, 9, 3, 60, 60, 0
1658, 1, 3, 60, 61, 0
1658, 0, 1, 61, 5, 0
1658, 0, 3, 61, 17, 0
1658, 0, 1, 61, 34, 0
1658, 9, 2, 61, 37, 0
1658, 1, 2, 61, 38, 0
1658, 0, 1, 61, 56, 0
1658, 0, 3, 61, 60, 0
1658, 1, 1, 62, 4, 0
1658, 9, 1, 62, 5, 0
1658, 9, 3, 62, 16, 0
1658, 1, 3, 62, 17, 0
1658, 1, 0, 62, 34, 0
1658, 9, 0, 62, 35, 0
1658, 0, 3, 62, 38, 0
1658, 0, 1, 62, 56, 0
1658, 0, 3, 62, 60, 0
1658, 1, 1, 63, 3, 0
1658, 9, 1, 63, 4, 0
1658, 9, 3, 63, 15, 0
1658, 1, 3, 63, 16, 0
1658, 0, 1, 63, 35, 0
1658, 0, 3, 63, 38, 0
1658, 0, 1, 63, 56, 0
1658, 0, 3, 63, 60, 0
1659, 2, 2, 2, 27, 0
1659, 2, 1, 4, 49, 0
1659, 2, 3, 6, 53, 0
1659, 2, 1, 7, 31, 0
1659, 2, 2, 7, 35, 0
1659, 2, 2, 7, 53, 0
1659, 2, 3, 8, 24, 0
1659, 2, 0, 14, 32, 0
1659, 2, 3, 14, 35, 0
1659, 2, 1, 16, 32, 0
1659, 2, 2, 16, 35, 0
1659, 2, 3, 20, 33, 0
1659, 2, 1, 20, 50, 0
1659, 2, 2, 20, 53, 0
1659, 2, 1, 21, 48, 0
1659, 0, 1, 22, 19, 0
1659, 2, 2, 24, 42, 0
1659, 2, 1, 24, 43, 0
1659, 2, 2, 24, 46, 0
1659, 2, 1, 24, 47, 0
1659, 2, 0, 28, 40, 0
1659, 2, 3, 29, 53, 0
1659, 2, 3, 30, 14, 0
1659, 0, 0, 31, 40, 0
1659, 2, 2, 33, 14, 0
1659, 2, 3, 33, 26, 0
1659, 2, 0, 33, 28, 0
1659, 2, 3, 33, 30, 0
1659, 2, 0, 33, 32, 0
1659, 2, 3, 33, 34, 0
1659, 2, 0, 33, 36, 0
1659, 2, 3, 33, 38, 0
1659, 2, 0, 33, 48, 0
1659, 2, 2, 36, 4, 0
1659, 2, 3, 38, 4, 0
1659, 2, 0, 38, 49, 0
1659, 2, 3, 38, 52, 0
1659, 2, 2, 40, 52, 0
1659, 2, 2, 42, 15, 0
1659, 2, 1, 42, 17, 0
1659, 2, 2, 42, 21, 0
1659, 2, 1, 42, 22, 0
1659, 2, 2, 42, 26, 0
1659, 2, 1, 42, 27, 0
1659, 2, 2, 42, 31, 0
1659, 2, 1, 42, 33, 0
1659, 2, 3, 45, 15, 0
1659, 2, 0, 45, 17, 0
1659, 2, 3, 45, 21, 0
1659, 2, 0, 45, 22, 0
1659, 2, 3, 45, 26, 0
1659, 2, 0, 45, 27, 0
1659, 2, 3, 45, 31, 0
1659, 2, 0, 45, 33, 0
1659, 2, 0, 47, 35, 0
1659, 2, 3, 47, 38, 0
1659, 2, 2, 48, 38, 0
1659, 2, 1, 48, 42, 0
1659, 2, 2, 48, 46, 0
1659, 2, 1, 48, 47, 0
1659, 2, 2, 48, 52, 0
1659, 2, 3, 54, 38, 0
1659, 2, 3, 58, 54, 0
1755, 10, 3, 30, 48, 0
1755, 10, 0, 37, 2, 0
1873, 4, 3, 2, 21, 0
1873, 4, 1, 2, 26, 0
1873, 4, 3, 3, 21, 0
1873, 4, 2, 7, 25, 0
1873, 4, 3, 23, 48, 0
1878, 0, 0, 33, 47, 0
1879, 0, 0, 33, 46, 0
1880, 0, 3, 9, 55, 0
1880, 0, 0, 13, 16, 0
1880, 0, 3, 13, 55, 0
1880, 0, 2, 21, 40, 0
1880, 0, 2, 21, 44, 0
1880, 0, 2, 22, 20, 0
1880, 0, 3, 23, 22, 0
1880, 0, 0, 30, 16, 0
1881, 0, 3, 10, 55, 0
1881, 0, 0, 13, 15, 0
1881, 0, 3, 14, 55, 0
1881, 0, 2, 21, 41, 0
1881, 0, 2, 21, 45, 0
1881, 0, 2, 22, 21, 0
1881, 0, 3, 24, 22, 0
1881, 0, 0, 30, 15, 0
2530, 10, 0, 21, 54, 0
