174, 22, 3, 38, 20, 0
188, 10, 1, 58, 36, 0
196, 4, 0, 14, 3, 0
196, 4, 1, 14, 14, 0
196, 5, 1, 16, 8, 0
196, 4, 3, 17, 9, 0
196, 5, 1, 18, 8, 0
196, 4, 2, 19, 5, 0
196, 4, 2, 19, 7, 0
196, 4, 2, 19, 11, 0
196, 5, 3, 15, 3, 1
196, 5, 1, 15, 8, 1
196, 5, 3, 18, 3, 1
196, 5, 1, 18, 8, 1
196, 4, 2, 19, 4, 1
196, 4, 2, 19, 7, 1
297, 10, 0, 17, 2, 0
327, 10, 1, 10, 14, 0
336, 22, 2, 17, 37, 0
336, 22, 3, 20, 35, 0
336, 22, 1, 21, 42, 0
336, 22, 0, 21, 50, 0
336, 22, 3, 22, 56, 0
336, 22, 0, 23, 9, 0
336, 22, 2, 24, 27, 0
336, 22, 1, 26, 16, 0
348, 10, 0, 14, 4, 1
348, 10, 0, 14, 5, 1
354, 10, 0, 10, 28, 0
354, 10, 2, 15, 14, 0
354, 10, 3, 16, 13, 0
355, 10, 3, 11, 28, 0
355, 10, 0, 17, 13, 0
357, 10, 2, 8, 17, 0
357, 10, 2, 8, 22, 0
362, 10, 0, 6, 17, 0
362, 10, 0, 7, 17, 0
362, 10, 1, 8, 23, 0
364, 10, 0, 2, 2, 0
364, 10, 2, 9, 28, 0
366, 10, 2, 16, 14, 0
366, 10, 2, 18, 12, 0
374, 10, 0, 19, 8, 1
375, 10, 3, 8, 20, 0
417, 10, 1, 18, 9, 0
417, 10, 3, 14, 7, 1
444, 10, 0, 3, 7, 0
444, 10, 2, 3, 41, 0
444, 10, 3, 5, 40, 0
444, 10, 0, 9, 9, 0
444, 10, 1, 17, 47, 0
444, 10, 2, 17, 49, 0
445, 10, 0, 1, 41, 0
445, 10, 1, 2, 9, 0
445, 10, 1, 2, 39, 0
445, 10, 2, 4, 32, 0
445, 10, 3, 6, 30, 0
445, 10, 3, 9, 11, 0
445, 10, 3, 19, 47, 0
446, 10, 3, 5, 39, 0
447, 10, 3, 2, 8, 0
447, 10, 1, 2, 11, 0
447, 10, 0, 3, 30, 0
447, 10, 2, 3, 38, 0
447, 10, 2, 4, 10, 0
447, 10, 1, 4, 31, 0
447, 10, 2, 4, 39, 0
447, 10, 3, 4, 40, 0
447, 10, 3, 5, 29, 0
447, 10, 2, 5, 31, 0
447, 10, 3, 8, 10, 0
447, 10, 0, 8, 11, 0
447, 10, 2, 9, 13, 0
447, 10, 1, 11, 10, 0
447, 10, 0, 11, 11, 0
591, 10, 0, 16, 4, 1
594, 10, 2, 10, 31, 0
601, 10, 3, 14, 9, 0
604, 10, 1, 19, 10, 0
604, 10, 0, 14, 6, 1
607, 10, 1, 16, 4, 0
612, 10, 0, 4, 0, 0
612, 10, 2, 7, 21, 0
612, 10, 1, 16, 6, 0
635, 10, 1, 5, 18, 0
687, 22, 2, 15, 14, 0
694, 10, 0, 15, 8, 0
694, 10, 1, 19, 3, 0
695, 10, 0, 14, 8, 0
771, 22, 0, 58, 38, 0
772, 22, 0, 60, 38, 0
773, 22, 0, 58, 36, 0
774, 22, 0, 60, 36, 0
817, 10, 0, 16, 2, 0
827, 22, 3, 19, 38, 0
845, 5, 0, 10, 33, 0
845, 5, 0, 10, 40, 0
850, 5, 0, 9, 29, 0
850, 5, 0, 9, 30, 0
868, 10, 3, 11, 34, 0
868, 10, 3, 11, 39, 0
868, 10, 3, 13, 35, 0
868, 10, 3, 13, 38, 0
884, 10, 0, 6, 14, 0
884, 10, 0, 59, 4, 0
885, 10, 1, 6, 0, 0
885, 10, 1, 7, 0, 0
887, 4, 0, 14, 4, 1
887, 5, 1, 16, 8, 1
916, 22, 3, 14, 5, 0
917, 22, 3, 15, 4, 0
917, 22, 0, 15, 5, 0
917, 22, 3, 16, 10, 0
917, 22, 0, 16, 11, 0
917, 22, 2, 18, 4, 0
917, 22, 1, 18, 5, 0
917, 22, 2, 18, 10, 0
917, 22, 1, 18, 11, 0
917, 22, 3, 16, 5, 1
917, 22, 0, 16, 7, 1
917, 22, 2, 17, 5, 1
917, 22, 1, 17, 7, 1
918, 22, 2, 16, 4, 0
918, 22, 0, 16, 5, 0
918, 22, 2, 17, 4, 0
918, 22, 0, 17, 5, 0
918, 22, 2, 17, 10, 0
918, 22, 0, 17, 11, 0
918, 22, 3, 16, 6, 1
918, 22, 1, 17, 6, 1
980, 0, 1, 12, 35, 0
980, 0, 3, 12, 38, 0
980, 0, 1, 13, 35, 0
980, 0, 3, 13, 38, 0
980, 0, 1, 14, 35, 0
980, 0, 3, 14, 38, 0
980, 0, 1, 15, 35, 0
980, 0, 3, 15, 38, 0
980, 0, 1, 16, 35, 0
980, 0, 3, 16, 38, 0
980, 0, 1, 17, 35, 0
980, 0, 3, 17, 38, 0
980, 1, 1, 18, 34, 0
980, 9, 1, 18, 35, 0
980, 9, 2, 18, 38, 0
980, 1, 2, 18, 39, 0
980, 0, 2, 19, 33, 0
980, 9, 1, 19, 34, 0
980, 9, 2, 19, 39, 0
980, 0, 2, 19, 40, 0
980, 1, 2, 19, 41, 0
980, 1, 1, 19, 49, 0
980, 0, 2, 19, 50, 0
980, 0, 2, 19, 51, 0
980, 0, 2, 19, 52, 0
980, 1, 1, 20, 31, 0
980, 9, 1, 20, 32, 0
980, 9, 2, 20, 41, 0
980, 0, 2, 20, 44, 0
980, 0, 2, 20, 45, 0
980, 0, 2, 20, 46, 0
980, 0, 2, 20, 47, 0
980, 0, 2, 20, 48, 0
980, 9, 1, 20, 49, 0
980, 1, 1, 21, 30, 0
980, 9, 1, 21, 31, 0
980, 9, 3, 21, 35, 0
980, 0, 0, 21, 36, 0
980, 9, 0, 21, 37, 0
980, 1, 1, 22, 29, 0
980, 9, 1, 22, 30, 0
980, 9, 3, 22, 33, 0
980, 0, 0, 22, 34, 0
980, 1, 0, 22, 37, 0
980, 0, 0, 22, 38, 0
980, 0, 0, 22, 39, 0
980, 9, 0, 22, 40, 0
980, 9, 1, 23, 29, 0
980, 9, 3, 23, 32, 0
980, 1, 3, 23, 33, 0
980, 0, 0, 23, 41, 0
980, 9, 0, 23, 42, 0
980, 9, 3, 23, 48, 0
980, 0, 0, 23, 49, 0
980, 9, 0, 23, 50, 0
980, 9, 3, 24, 31, 0
980, 1, 3, 24, 32, 0
980, 0, 0, 24, 43, 0
980, 0, 0, 24, 46, 0
980, 0, 0, 24, 47, 0
980, 9, 3, 25, 30, 0
980, 1, 3, 25, 31, 0
980, 0, 0, 26, 29, 0
980, 1, 3, 26, 30, 0
980, 0, 0, 32, 0, 0
980, 0, 0, 32, 1, 0
980, 0, 0, 32, 2, 0
980, 0, 0, 32, 3, 0
980, 0, 0, 32, 5, 0
980, 0, 0, 32, 8, 0
980, 0, 0, 32, 9, 0
980, 0, 0, 32, 10, 0
980, 0, 0, 32, 11, 0
980, 0, 0, 32, 14, 0
980, 0, 0, 32, 15, 0
980, 0, 0, 32, 16, 0
980, 0, 0, 32, 17, 0
980, 0, 0, 32, 18, 0
980, 0, 0, 32, 19, 0
980, 0, 0, 32, 20, 0
980, 0, 0, 32, 21, 0
980, 0, 0, 32, 22, 0
980, 0, 0, 32, 23, 0
980, 0, 0, 32, 24, 0
980, 0, 0, 32, 25, 0
980, 0, 0, 32, 26, 0
980, 0, 0, 32, 27, 0
980, 0, 0, 32, 28, 0
980, 0, 0, 32, 29, 0
980, 0, 0, 32, 30, 0
980, 0, 0, 32, 31, 0
980, 0, 0, 32, 32, 0
980, 0, 0, 32, 33, 0
980, 0, 0, 32, 34, 0
980, 0, 0, 32, 35, 0
980, 0, 0, 32, 36, 0
980, 0, 0, 32, 37, 0
980, 0, 0, 32, 38, 0
980, 0, 0, 32, 39, 0
980, 0, 0, 32, 40, 0
980, 0, 0, 32, 41, 0
980, 0, 0, 32, 42, 0
980, 0, 0, 32, 43, 0
980, 0, 0, 32, 44, 0
980, 9, 0, 32, 45, 0
980, 9, 3, 32, 48, 0
980, 0, 0, 32, 49, 0
980, 0, 0, 32, 50, 0
980, 0, 0, 32, 51, 0
980, 0, 0, 32, 52, 0
980, 0, 0, 32, 53, 0
980, 0, 0, 32, 54, 0
980, 0, 0, 32, 55, 0
980, 0, 0, 32, 56, 0
980, 0, 0, 32, 57, 0
980, 0, 0, 32, 58, 0
980, 0, 0, 32, 59, 0
980, 9, 0, 32, 60, 0
980, 9, 3, 32, 63, 0
980, 1, 0, 33, 45, 0
980, 0, 0, 33, 46, 0
980, 0, 0, 33, 47, 0
980, 1, 3, 33, 48, 0
980, 1, 0, 33, 60, 0
980, 0, 0, 33, 61, 0
980, 0, 0, 33, 62, 0
980, 1, 3, 33, 63, 0
981, 0, 0, 0, 12, 0
981, 0, 0, 0, 15, 0
981, 0, 3, 0, 16, 0
981, 0, 3, 1, 16, 0
981, 0, 3, 2, 16, 0
981, 0, 3, 3, 16, 0
981, 0, 3, 4, 16, 0
981, 0, 3, 5, 16, 0
981, 0, 3, 6, 16, 0
981, 0, 3, 7, 16, 0
981, 0, 3, 8, 16, 0
981, 0, 3, 9, 16, 0
981, 0, 3, 10, 16, 0
981, 3, 1, 11, 35, 0
981, 3, 2, 11, 38, 0
981, 3, 1, 19, 32, 0
981, 3, 2, 19, 53, 0
981, 3, 2, 20, 42, 0
981, 3, 1, 20, 43, 0
981, 3, 3, 22, 35, 0
981, 3, 1, 23, 28, 0
981, 3, 0, 23, 40, 0
981, 3, 0, 24, 42, 0
981, 3, 3, 24, 44, 0
981, 3, 0, 24, 45, 0
981, 3, 3, 24, 48, 0
981, 3, 0, 24, 50, 0
981, 3, 0, 26, 28, 0
991, 0, 0, 32, 7, 0
991, 0, 0, 32, 13, 0
992, 0, 0, 32, 4, 0
992, 0, 0, 32, 6, 0
992, 0, 0, 32, 12, 0
994, 0, 1, 19, 5, 1
994, 0, 3, 19, 7, 1
1011, 10, 1, 4, 2, 0
1022, 4, 2, 8, 18, 0
1025, 10, 0, 14, 6, 0
1025, 10, 2, 19, 8, 0
1064, 5, 2, 13, 6, 1
1065, 4, 3, 4, 3, 1
1076, 5, 3, 9, 0, 0
1088, 10, 0, 14, 11, 0
1088, 10, 1, 16, 9, 0
1088, 10, 1, 16, 10, 0
1088, 10, 1, 17, 7, 0
1088, 10, 2, 16, 3, 1
1102, 10, 2, 4, 19, 0
1102, 10, 0, 5, 17, 0
1102, 10, 2, 6, 21, 0
1102, 10, 0, 16, 5, 1
1102, 10, 0, 17, 5, 1
1107, 4, 2, 8, 19, 0
1118, 10, 3, 44, 42, 0
1124, 10, 1, 17, 35, 0
1124, 10, 1, 17, 38, 0
1163, 10, 1, 44, 35, 0
1163, 10, 0, 46, 32, 0
1163, 10, 0, 55, 31, 0
1163, 10, 3, 56, 19, 0
1163, 10, 2, 58, 22, 0
1163, 10, 1, 59, 29, 0
1170, 10, 2, 20, 14, 0
1170, 10, 2, 21, 8, 0
1170, 10, 3, 21, 11, 0
1170, 10, 3, 22, 6, 0
1170, 10, 2, 22, 9, 0
1170, 10, 0, 22, 13, 0
1173, 10, 1, 22, 28, 0
1173, 10, 1, 24, 20, 0
1173, 10, 2, 25, 36, 0
1174, 10, 1, 10, 19, 0
1189, 10, 0, 9, 47, 0
1189, 10, 0, 16, 47, 0
1244, 22, 0, 24, 13, 0
1244, 22, 1, 27, 11, 0
1244, 22, 0, 32, 55, 0
1244, 22, 3, 32, 61, 0
1244, 22, 2, 35, 43, 0
1244, 22, 3, 36, 43, 0
1244, 22, 1, 38, 31, 0
1244, 22, 2, 38, 61, 0
1244, 22, 0, 40, 36, 0
1244, 22, 1, 40, 45, 0
1244, 22, 3, 41, 32, 0
1244, 22, 3, 44, 20, 0
1244, 22, 2, 44, 50, 0
1244, 22, 0, 46, 39, 0
1244, 22, 2, 47, 34, 0
1244, 22, 0, 49, 57, 0
1244, 22, 1, 50, 47, 0
1244, 22, 2, 51, 28, 0
1244, 22, 3, 53, 55, 0
1244, 22, 2, 56, 26, 0
1244, 22, 1, 62, 12, 0
1245, 22, 1, 8, 48, 0
1245, 22, 0, 11, 58, 0
1245, 22, 0, 33, 47, 0
1245, 22, 0, 42, 36, 0
1245, 22, 2, 42, 37, 0
1246, 22, 2, 5, 34, 0
1246, 22, 3, 7, 27, 0
1246, 22, 3, 9, 59, 0
1246, 22, 0, 12, 24, 0
1246, 22, 0, 13, 57, 0
1246, 22, 2, 13, 62, 0
1246, 22, 0, 16, 23, 0
1246, 22, 1, 17, 22, 0
1246, 22, 3, 18, 26, 0
1246, 22, 3, 20, 48, 0
1246, 22, 0, 34, 52, 0
1246, 22, 0, 48, 40, 0
1247, 22, 1, 2, 28, 0
1247, 22, 3, 3, 41, 0
1247, 22, 2, 6, 10, 0
1247, 22, 1, 9, 56, 0
1247, 22, 0, 9, 57, 0
1247, 22, 0, 9, 62, 0
1247, 22, 3, 10, 5, 0
1247, 22, 1, 10, 61, 0
1247, 22, 2, 11, 54, 0
1247, 22, 3, 11, 56, 0
1247, 22, 3, 12, 46, 0
1247, 22, 2, 12, 60, 0
1247, 22, 2, 13, 23, 0
1247, 22, 1, 13, 24, 0
1247, 22, 2, 13, 40, 0
1247, 22, 0, 13, 45, 0
1247, 22, 1, 13, 48, 0
1247, 22, 3, 13, 49, 0
1247, 22, 3, 13, 60, 0
1247, 22, 2, 14, 24, 0
1247, 22, 0, 14, 53, 0
1247, 22, 3, 15, 22, 0
1247, 22, 1, 15, 26, 0
1247, 22, 3, 15, 31, 0
1247, 22, 1, 15, 39, 0
1247, 22, 3, 15, 52, 0
1247, 22, 0, 15, 59, 0
1247, 22, 3, 16, 21, 0
1247, 22, 3, 16, 24, 0
1247, 22, 0, 16, 30, 0
1247, 22, 0, 16, 39, 0
1247, 22, 2, 16, 42, 0
1247, 22, 2, 16, 55, 0
1247, 22, 1, 16, 56, 0
1247, 22, 1, 16, 58, 0
1247, 22, 1, 17, 20, 0
1247, 22, 1, 17, 29, 0
1247, 22, 3, 17, 40, 0
1247, 22, 3, 17, 42, 0
1247, 22, 0, 17, 48, 0
1247, 22, 2, 17, 56, 0
1247, 22, 3, 18, 25, 0
1247, 22, 0, 18, 29, 0
1247, 22, 1, 18, 47, 0
1247, 22, 3, 18, 48, 0
1247, 22, 2, 18, 50, 0
1247, 22, 2, 19, 24, 0
1247, 22, 2, 19, 40, 0
1247, 22, 1, 20, 18, 0
1247, 22, 3, 20, 19, 0
1247, 22, 0, 21, 19, 0
1247, 22, 1, 25, 49, 0
1247, 22, 3, 33, 31, 0
1247, 22, 0, 36, 26, 0
1247, 22, 2, 36, 36, 0
1247, 22, 1, 37, 22, 0
1247, 22, 2, 40, 23, 0
1247, 22, 2, 43, 45, 0
1247, 22, 3, 43, 48, 0
1247, 22, 3, 45, 26, 0
1247, 22, 0, 45, 31, 0
1247, 22, 2, 46, 19, 0
1247, 22, 3, 47, 17, 0
1247, 22, 1, 48, 31, 0
1247, 22, 1, 49, 42, 0
1247, 22, 1, 49, 48, 0
1247, 22, 1, 50, 20, 0
1247, 22, 2, 52, 31, 0
1247, 22, 3, 53, 51, 0
1247, 22, 3, 55, 25, 0
1247, 22, 0, 57, 54, 0
1248, 22, 0, 1, 36, 0
1248, 22, 3, 1, 52, 0
1248, 22, 1, 4, 22, 0
1248, 22, 2, 4, 33, 0
1248, 22, 0, 9, 37, 0
1248, 22, 1, 14, 37, 0
1248, 22, 2, 16, 49, 0
1248, 22, 0, 17, 52, 0
1248, 22, 0, 18, 43, 0
1248, 22, 3, 18, 55, 0
1248, 22, 1, 19, 22, 0
1248, 22, 1, 20, 38, 0
1248, 22, 2, 21, 15, 0
1248, 22, 1, 22, 21, 0
1248, 22, 0, 22, 31, 0
1248, 22, 3, 22, 45, 0
1248, 22, 3, 22, 46, 0
1248, 22, 2, 22, 58, 0
1248, 22, 2, 24, 19, 0
1248, 22, 0, 27, 15, 0
1248, 22, 3, 27, 29, 0
1248, 22, 1, 27, 37, 0
1248, 22, 2, 27, 58, 0
1248, 22, 2, 29, 33, 0
1248, 22, 0, 31, 57, 0
1248, 22, 3, 32, 21, 0
1248, 22, 3, 32, 22, 0
1248, 22, 1, 33, 32, 0
1248, 22, 0, 33, 55, 0
1248, 22, 3, 34, 38, 0
1248, 22, 1, 35, 48, 0
1248, 22, 1, 37, 26, 0
1248, 22, 2, 37, 35, 0
1248, 22, 2, 37, 53, 0
1248, 22, 0, 38, 40, 0
1248, 22, 3, 38, 55, 0
1248, 22, 0, 39, 45, 0
1248, 22, 0, 40, 46, 0
1248, 22, 3, 41, 28, 0
1248, 22, 3, 41, 45, 0
1248, 22, 1, 41, 50, 0
1248, 22, 1, 42, 60, 0
1248, 22, 1, 43, 41, 0
1248, 22, 2, 43, 49, 0
1248, 22, 0, 44, 33, 0
1248, 22, 3, 45, 60, 0
1248, 22, 2, 46, 27, 0
1248, 22, 2, 47, 42, 0
1248, 22, 3, 47, 48, 0
1248, 22, 3, 47, 55, 0
1248, 22, 2, 48, 53, 0
1248, 22, 0, 52, 52, 0
1248, 22, 0, 53, 57, 0
1248, 22, 1, 54, 51, 0
1248, 22, 2, 56, 13, 0
1248, 22, 1, 56, 55, 0
1248, 22, 0, 57, 60, 0
1248, 22, 2, 58, 56, 0
1248, 22, 1, 59, 27, 0
1248, 22, 3, 59, 51, 0
1248, 22, 0, 61, 49, 0
1248, 22, 1, 3, 61, 1
1248, 22, 0, 4, 44, 1
1248, 22, 2, 5, 53, 1
1248, 22, 2, 9, 21, 1
1248, 22, 3, 9, 41, 1
1248, 22, 1, 11, 16, 1
1248, 22, 3, 14, 8, 1
1248, 22, 0, 19, 4, 1
1253, 22, 2, 17, 19, 0
1253, 22, 2, 17, 54, 0
1253, 22, 2, 18, 27, 0
1253, 22, 2, 19, 29, 0
1253, 22, 2, 19, 42, 0
1253, 22, 2, 20, 16, 0
1253, 22, 2, 20, 17, 0
1253, 22, 2, 25, 61, 0
1253, 22, 2, 27, 60, 0
1253, 22, 0, 33, 14, 0
1253, 22, 1, 35, 12, 0
1253, 22, 2, 35, 32, 0
1253, 22, 2, 36, 31, 0
1253, 22, 2, 37, 9, 0
1253, 22, 2, 37, 34, 0
1253, 22, 2, 37, 37, 0
1253, 22, 2, 37, 48, 0
1253, 22, 2, 38, 23, 0
1253, 22, 2, 38, 37, 0
1253, 22, 2, 38, 39, 0
1253, 22, 2, 38, 42, 0
1253, 22, 2, 38, 43, 0
1253, 22, 2, 38, 46, 0
1253, 22, 2, 39, 19, 0
1253, 22, 2, 39, 20, 0
1253, 22, 2, 39, 26, 0
1253, 22, 2, 39, 27, 0
1253, 22, 2, 39, 28, 0
1253, 22, 2, 39, 35, 0
1253, 22, 2, 39, 39, 0
1253, 22, 2, 39, 46, 0
1253, 22, 2, 39, 51, 0
1253, 22, 2, 40, 27, 0
1253, 22, 2, 40, 37, 0
1253, 22, 2, 40, 51, 0
1253, 22, 2, 41, 34, 0
1253, 22, 2, 41, 41, 0
1253, 22, 2, 41, 43, 0
1253, 22, 2, 41, 44, 0
1253, 22, 2, 42, 15, 0
1253, 22, 2, 42, 25, 0
1253, 22, 2, 42, 33, 0
1253, 22, 2, 42, 40, 0
1253, 22, 2, 42, 51, 0
1253, 22, 2, 43, 25, 0
1253, 22, 2, 43, 28, 0
1253, 22, 2, 43, 29, 0
1253, 22, 2, 43, 39, 0
1253, 22, 2, 43, 44, 0
1253, 22, 2, 43, 50, 0
1253, 22, 2, 44, 24, 0
1253, 22, 2, 44, 45, 0
1253, 22, 2, 45, 22, 0
1253, 22, 2, 45, 23, 0
1253, 22, 2, 45, 24, 0
1253, 22, 2, 45, 45, 0
1253, 22, 2, 45, 46, 0
1253, 22, 2, 45, 48, 0
1253, 22, 2, 46, 22, 0
1253, 22, 2, 46, 30, 0
1253, 22, 2, 46, 36, 0
1253, 22, 2, 46, 46, 0
1253, 22, 2, 46, 48, 0
1253, 22, 2, 47, 14, 0
1253, 22, 2, 47, 22, 0
1253, 22, 2, 47, 50, 0
1253, 22, 2, 48, 14, 0
1253, 22, 2, 48, 20, 0
1253, 22, 2, 48, 24, 0
1253, 22, 2, 49, 29, 0
1253, 22, 1, 49, 40, 0
1253, 22, 2, 50, 52, 0
1253, 22, 2, 51, 16, 0
1253, 22, 2, 51, 18, 0
1253, 22, 2, 51, 19, 0
1253, 22, 2, 51, 23, 0
1253, 22, 2, 51, 24, 0
1253, 22, 2, 51, 53, 0
1253, 22, 2, 52, 49, 0
1253, 22, 2, 53, 50, 0
1253, 22, 2, 56, 52, 0
1253, 22, 2, 56, 53, 0
1254, 22, 2, 16, 57, 0
1254, 22, 2, 18, 20, 0
1254, 22, 2, 19, 18, 0
1254, 22, 2, 22, 18, 0
1254, 22, 2, 27, 63, 0
1254, 22, 2, 32, 36, 0
1254, 22, 2, 34, 33, 0
1254, 22, 2, 35, 8, 0
1254, 22, 2, 35, 35, 0
1254, 22, 2, 35, 36, 0
1254, 22, 2, 35, 41, 0
1254, 22, 2, 35, 42, 0
1254, 22, 2, 37, 44, 0
1254, 22, 2, 38, 45, 0
1254, 22, 2, 39, 21, 0
1254, 22, 2, 39, 22, 0
1254, 22, 2, 40, 21, 0
1254, 22, 2, 40, 29, 0
1254, 22, 3, 41, 12, 0
1254, 22, 2, 42, 47, 0
1254, 22, 2, 43, 30, 0
1254, 22, 2, 43, 43, 0
1254, 22, 2, 44, 16, 0
1254, 22, 2, 44, 36, 0
1254, 22, 2, 44, 40, 0
1254, 22, 2, 46, 45, 0
1254, 22, 2, 47, 51, 0
1254, 22, 2, 47, 52, 0
1254, 22, 2, 48, 45, 0
1254, 22, 2, 48, 47, 0
1254, 22, 2, 49, 49, 0
1254, 22, 2, 49, 50, 0
1254, 22, 2, 50, 27, 0
1254, 22, 2, 51, 15, 0
1254, 22, 2, 52, 27, 0
1254, 22, 2, 53, 18, 0
1254, 22, 2, 53, 19, 0
1255, 22, 0, 38, 12, 0
1255, 22, 2, 39, 33, 0
1255, 22, 1, 40, 9, 0
1255, 22, 2, 40, 24, 0
1255, 22, 2, 40, 34, 0
1255, 22, 2, 40, 55, 0
1255, 22, 2, 41, 22, 0
1255, 22, 2, 41, 23, 0
1255, 22, 2, 41, 26, 0
1255, 22, 2, 41, 35, 0
1255, 22, 2, 42, 26, 0
1255, 22, 2, 43, 20, 0
1255, 22, 2, 43, 55, 0
1255, 22, 2, 44, 29, 0
1255, 22, 2, 44, 35, 0
1255, 22, 2, 45, 34, 0
1255, 22, 2, 46, 41, 0
1255, 22, 2, 46, 42, 0
1255, 22, 2, 47, 25, 0
1255, 22, 2, 47, 27, 0
1255, 22, 2, 48, 25, 0
1255, 22, 2, 48, 28, 0
1255, 22, 2, 49, 28, 0
1255, 22, 2, 49, 31, 0
1255, 22, 2, 49, 43, 0
1255, 22, 2, 49, 44, 0
1255, 22, 2, 49, 45, 0
1255, 22, 2, 51, 25, 0
1255, 22, 2, 51, 30, 0
1255, 22, 2, 51, 57, 0
1255, 22, 2, 52, 30, 0
1255, 22, 2, 53, 25, 0
1255, 22, 2, 53, 26, 0
1255, 22, 2, 53, 30, 0
1255, 22, 2, 55, 24, 0
1256, 22, 2, 45, 37, 0
1257, 22, 0, 0, 3, 0
1257, 22, 1, 0, 4, 0
1257, 22, 0, 0, 5, 0
1257, 22, 0, 0, 6, 0
1257, 22, 3, 0, 7, 0
1257, 22, 1, 0, 9, 0
1257, 22, 0, 0, 10, 0
1257, 22, 1, 0, 11, 0
1257, 22, 2, 0, 12, 0
1257, 22, 0, 0, 15, 0
1257, 22, 1, 0, 16, 0
1257, 22, 0, 0, 32, 0
1257, 22, 3, 0, 33, 0
1257, 22, 0, 0, 34, 0
1257, 22, 3, 0, 39, 0
1257, 22, 1, 0, 40, 0
1257, 22, 0, 0, 42, 0
1257, 22, 0, 0, 61, 0
1257, 22, 3, 1, 3, 0
1257, 22, 2, 1, 4, 0
1257, 22, 2, 1, 6, 0
1257, 22, 3, 1, 10, 0
1257, 22, 3, 1, 11, 0
1257, 22, 2, 1, 12, 0
1257, 22, 2, 1, 15, 0
1257, 22, 1, 1, 32, 0
1257, 22, 2, 1, 34, 0
1257, 22, 2, 1, 38, 0
1257, 22, 2, 1, 39, 0
1257, 22, 0, 1, 40, 0
1257, 22, 1, 1, 41, 0
1257, 22, 0, 1, 42, 0
1257, 22, 0, 1, 60, 0
1257, 22, 1, 1, 61, 0
1257, 22, 1, 1, 62, 0
1257, 22, 3, 2, 8, 0
1257, 22, 2, 2, 9, 0
1257, 22, 0, 2, 10, 0
1257, 22, 1, 2, 11, 0
1257, 22, 1, 2, 12, 0
1257, 22, 3, 2, 15, 0
1257, 22, 3, 2, 16, 0
1257, 22, 2, 2, 31, 0
1257, 22, 2, 2, 39, 0
1257, 22, 1, 2, 41, 0
1257, 22, 1, 2, 43, 0
1257, 22, 0, 2, 44, 0
1257, 22, 2, 2, 46, 0
1257, 22, 2, 2, 47, 0
1257, 22, 1, 2, 48, 0
1257, 22, 1, 2, 52, 0
1257, 22, 0, 2, 58, 0
1257, 22, 1, 2, 59, 0
1257, 22, 2, 2, 60, 0
1257, 22, 1, 2, 61, 0
1257, 22, 2, 2, 62, 0
1257, 22, 3, 2, 63, 0
1257, 22, 0, 3, 7, 0
1257, 22, 0, 3, 8, 0
1257, 22, 1, 3, 9, 0
1257, 22, 0, 3, 12, 0
1257, 22, 2, 3, 15, 0
1257, 22, 3, 3, 30, 0
1257, 22, 3, 3, 31, 0
1257, 22, 0, 3, 32, 0
1257, 22, 1, 3, 33, 0
1257, 22, 2, 3, 34, 0
1257, 22, 3, 3, 40, 0
1257, 22, 1, 3, 43, 0
1257, 22, 1, 3, 52, 0
1257, 22, 1, 3, 53, 0
1257, 22, 0, 3, 54, 0
1257, 22, 2, 3, 55, 0
1257, 22, 0, 3, 56, 0
1257, 22, 2, 4, 4, 0
1257, 22, 3, 4, 8, 0
1257, 22, 0, 4, 9, 0
1257, 22, 0, 4, 15, 0
1257, 22, 0, 4, 17, 0
1257, 22, 3, 4, 30, 0
1257, 22, 0, 4, 31, 0
1257, 22, 1, 4, 34, 0
1257, 22, 3, 4, 35, 0
1257, 22, 1, 4, 39, 0
1257, 22, 2, 4, 40, 0
1257, 22, 2, 4, 41, 0
1257, 22, 2, 4, 49, 0
1257, 22, 0, 4, 53, 0
1257, 22, 2, 4, 54, 0
1257, 22, 3, 4, 55, 0
1257, 22, 0, 4, 56, 0
1257, 22, 0, 4, 61, 0
1257, 22, 0, 4, 63, 0
1257, 22, 3, 5, 3, 0
1257, 22, 0, 5, 4, 0
1257, 22, 3, 5, 5, 0
1257, 22, 3, 5, 8, 0
1257, 22, 3, 5, 9, 0
1257, 22, 1, 5, 10, 0
1257, 22, 1, 5, 17, 0
1257, 22, 3, 5, 18, 0
1257, 22, 1, 5, 19, 0
1257, 22, 2, 5, 31, 0
1257, 22, 2, 5, 32, 0
1257, 22, 2, 5, 35, 0
1257, 22, 2, 5, 38, 0
1257, 22, 0, 5, 40, 0
1257, 22, 2, 5, 43, 0
1257, 22, 3, 5, 46, 0
1257, 22, 0, 5, 48, 0
1257, 22, 1, 5, 49, 0
1257, 22, 0, 5, 50, 0
1257, 22, 1, 5, 59, 0
1257, 22, 1, 5, 60, 0
1257, 22, 1, 6, 3, 0
1257, 22, 2, 6, 4, 0
1257, 22, 0, 6, 5, 0
1257, 22, 3, 6, 21, 0
1257, 22, 3, 6, 30, 0
1257, 22, 0, 6, 31, 0
1257, 22, 0, 6, 34, 0
1257, 22, 2, 6, 43, 0
1257, 22, 2, 6, 45, 0
1257, 22, 3, 6, 46, 0
1257, 22, 3, 6, 47, 0
1257, 22, 3, 6, 48, 0
1257, 22, 0, 6, 51, 0
1257, 22, 2, 6, 53, 0
1257, 22, 2, 6, 54, 0
1257, 22, 1, 6, 55, 0
1257, 22, 0, 6, 56, 0
1257, 22, 3, 6, 57, 0
1257, 22, 2, 7, 4, 0
1257, 22, 0, 7, 21, 0
1257, 22, 2, 7, 22, 0
1257, 22, 1, 7, 24, 0
1257, 22, 0, 7, 30, 0
1257, 22, 1, 7, 33, 0
1257, 22, 0, 7, 34, 0
1257, 22, 1, 7, 39, 0
1257, 22, 0, 7, 40, 0
1257, 22, 3, 7, 41, 0
1257, 22, 0, 7, 42, 0
1257, 22, 1, 7, 45, 0
1257, 22, 0, 7, 46, 0
1257, 22, 2, 8, 2, 0
1257, 22, 1, 8, 3, 0
1257, 22, 3, 8, 15, 0
1257, 22, 2, 8, 16, 0
1257, 22, 0, 8, 21, 0
1257, 22, 3, 8, 22, 0
1257, 22, 0, 8, 23, 0
1257, 22, 2, 8, 24, 0
1257, 22, 1, 8, 25, 0
1257, 22, 0, 8, 27, 0
1257, 22, 3, 8, 28, 0
1257, 22, 3, 8, 29, 0
1257, 22, 2, 8, 30, 0
1257, 22, 2, 8, 31, 0
1257, 22, 1, 8, 32, 0
1257, 22, 0, 8, 38, 0
1257, 22, 2, 8, 40, 0
1257, 22, 3, 8, 41, 0
1257, 22, 1, 9, 0, 0
1257, 22, 0, 9, 1, 0
1257, 22, 0, 9, 14, 0
1257, 22, 3, 9, 15, 0
1257, 22, 1, 9, 16, 0
1257, 22, 3, 9, 34, 0
1257, 22, 3, 9, 38, 0
1257, 22, 0, 9, 39, 0
1257, 22, 2, 9, 47, 0
1257, 22, 3, 10, 12, 0
1257, 22, 3, 10, 13, 0
1257, 22, 3, 10, 14, 0
1257, 22, 2, 10, 15, 0
1257, 22, 2, 10, 19, 0
1257, 22, 0, 10, 20, 0
1257, 22, 1, 10, 21, 0
1257, 22, 0, 10, 22, 0
1257, 22, 0, 10, 23, 0
1257, 22, 2, 10, 24, 0
1257, 22, 3, 10, 25, 0
1257, 22, 2, 10, 32, 0
1257, 22, 2, 10, 33, 0
1257, 22, 2, 10, 34, 0
1257, 22, 2, 10, 38, 0
1257, 22, 3, 10, 39, 0
1257, 22, 2, 10, 40, 0
1257, 22, 1, 10, 41, 0
1257, 22, 0, 10, 42, 0
1257, 22, 3, 10, 43, 0
1257, 22, 1, 10, 46, 0
1257, 22, 1, 10, 47, 0
1257, 22, 3, 10, 48, 0
1257, 22, 2, 11, 11, 0
1257, 22, 3, 11, 12, 0
1257, 22, 0, 11, 13, 0
1257, 22, 2, 11, 19, 0
1257, 22, 1, 11, 20, 0
1257, 22, 1, 11, 22, 0
1257, 22, 0, 11, 26, 0
1257, 22, 0, 11, 32, 0
1257, 22, 0, 11, 33, 0
1257, 22, 1, 11, 34, 0
1257, 22, 0, 11, 38, 0
1257, 22, 1, 11, 39, 0
1257, 22, 2, 11, 42, 0
1257, 22, 0, 11, 43, 0
1257, 22, 3, 11, 44, 0
1257, 22, 0, 12, 8, 0
1257, 22, 1, 12, 9, 0
1257, 22, 2, 12, 10, 0
1257, 22, 2, 12, 11, 0
1257, 22, 0, 12, 17, 0
1257, 22, 0, 12, 19, 0
1257, 22, 0, 12, 27, 0
1257, 22, 2, 12, 32, 0
1257, 22, 3, 12, 33, 0
1257, 22, 1, 12, 34, 0
1257, 22, 0, 12, 35, 0
1257, 22, 1, 12, 39, 0
1257, 22, 0, 12, 42, 0
1257, 22, 3, 12, 43, 0
1257, 22, 1, 13, 7, 0
1257, 22, 2, 13, 8, 0
1257, 22, 3, 13, 9, 0
1257, 22, 0, 13, 16, 0
1257, 22, 3, 13, 17, 0
1257, 22, 0, 13, 18, 0
1257, 22, 1, 13, 19, 0
1257, 22, 3, 13, 28, 0
1257, 22, 0, 13, 30, 0
1257, 22, 1, 13, 31, 0
1257, 22, 1, 13, 32, 0
1257, 22, 2, 13, 33, 0
1257, 22, 1, 13, 34, 0
1257, 22, 3, 13, 38, 0
1257, 22, 1, 13, 41, 0
1257, 22, 1, 14, 2, 0
1257, 22, 1, 14, 16, 0
1257, 22, 2, 14, 17, 0
1257, 22, 2, 14, 18, 0
1257, 22, 3, 14, 31, 0
1257, 22, 0, 14, 33, 0
1257, 22, 3, 14, 34, 0
1257, 22, 3, 14, 38, 0
1257, 22, 0, 14, 41, 0
1257, 22, 2, 14, 42, 0
1257, 22, 0, 14, 43, 0
1257, 22, 2, 15, 1, 0
1257, 22, 3, 15, 16, 0
1257, 22, 1, 15, 17, 0
1257, 22, 3, 15, 32, 0
1257, 22, 1, 15, 33, 0
1257, 22, 2, 15, 35, 0
1257, 22, 3, 15, 42, 0
1257, 22, 2, 15, 43, 0
1257, 22, 3, 16, 0, 0
1257, 22, 3, 16, 16, 0
1257, 22, 2, 16, 17, 0
1257, 22, 0, 16, 32, 0
1257, 22, 1, 16, 35, 0
1257, 22, 0, 17, 0, 0
1257, 22, 0, 17, 15, 0
1257, 22, 2, 17, 31, 0
1257, 22, 0, 17, 35, 0
1257, 22, 0, 18, 14, 0
1257, 22, 2, 18, 15, 0
1257, 22, 2, 18, 31, 0
1257, 22, 1, 18, 32, 0
1257, 22, 3, 18, 33, 0
1257, 22, 0, 18, 34, 0
1257, 22, 3, 18, 57, 0
1257, 22, 2, 18, 58, 0
1257, 22, 2, 19, 13, 0
1257, 22, 3, 19, 14, 0
1257, 22, 0, 19, 15, 0
1257, 22, 3, 19, 31, 0
1257, 22, 3, 19, 54, 0
1257, 22, 1, 19, 55, 0
1257, 22, 2, 19, 56, 0
1257, 22, 0, 19, 58, 0
1257, 22, 1, 19, 59, 0
1257, 22, 0, 19, 60, 0
1257, 22, 3, 19, 61, 0
1257, 22, 3, 20, 8, 0
1257, 22, 2, 20, 9, 0
1257, 22, 1, 20, 10, 0
1257, 22, 2, 20, 12, 0
1257, 22, 1, 20, 13, 0
1257, 22, 1, 20, 14, 0
1257, 22, 2, 20, 25, 0
1257, 22, 0, 20, 26, 0
1257, 22, 3, 20, 27, 0
1257, 22, 1, 20, 29, 0
1257, 22, 0, 20, 30, 0
1257, 22, 0, 20, 55, 0
1257, 22, 1, 20, 59, 0
1257, 22, 2, 20, 60, 0
1257, 22, 3, 21, 7, 0
1257, 22, 0, 21, 8, 0
1257, 22, 0, 21, 11, 0
1257, 22, 2, 21, 14, 0
1257, 22, 1, 21, 29, 0
1257, 22, 3, 21, 30, 0
1257, 22, 3, 21, 36, 0
1257, 22, 2, 21, 58, 0
1257, 22, 1, 22, 1, 0
1257, 22, 0, 22, 2, 0
1257, 22, 2, 22, 3, 0
1257, 22, 3, 22, 4, 0
1257, 22, 0, 22, 5, 0
1257, 22, 1, 22, 13, 0
1257, 22, 3, 22, 14, 0
1257, 22, 1, 22, 26, 0
1257, 22, 3, 22, 27, 0
1257, 22, 0, 22, 28, 0
1257, 22, 1, 22, 29, 0
1257, 22, 0, 22, 35, 0
1257, 22, 1, 22, 37, 0
1257, 22, 2, 22, 39, 0
1257, 22, 3, 22, 51, 0
1257, 22, 1, 22, 52, 0
1257, 22, 3, 22, 61, 0
1257, 22, 1, 23, 0, 0
1257, 22, 2, 23, 1, 0
1257, 22, 1, 23, 2, 0
1257, 22, 1, 23, 3, 0
1257, 22, 0, 23, 4, 0
1257, 22, 3, 23, 13, 0
1257, 22, 2, 23, 21, 0
1257, 22, 1, 23, 22, 0
1257, 22, 3, 23, 27, 0
1257, 22, 0, 23, 28, 0
1257, 22, 1, 23, 33, 0
1257, 22, 2, 23, 34, 0
1257, 22, 2, 23, 36, 0
1257, 22, 3, 23, 38, 0
1257, 22, 1, 23, 39, 0
1257, 22, 3, 23, 51, 0
1257, 22, 2, 23, 60, 0
1257, 22, 2, 23, 62, 0
1257, 22, 3, 24, 0, 0
1257, 22, 2, 24, 1, 0
1257, 22, 1, 24, 3, 0
1257, 22, 0, 24, 4, 0
1257, 22, 1, 24, 14, 0
1257, 22, 2, 24, 15, 0
1257, 22, 3, 24, 16, 0
1257, 22, 1, 24, 21, 0
1257, 22, 3, 24, 22, 0
1257, 22, 3, 24, 33, 0
1257, 22, 3, 24, 34, 0
1257, 22, 0, 24, 35, 0
1257, 22, 1, 24, 36, 0
1257, 22, 2, 24, 37, 0
1257, 22, 3, 24, 38, 0
1257, 22, 1, 24, 39, 0
1257, 22, 2, 24, 40, 0
1257, 22, 2, 24, 41, 0
1257, 22, 0, 24, 55, 0
1257, 22, 0, 24, 57, 0
1257, 22, 3, 24, 58, 0
1257, 22, 2, 24, 59, 0
1257, 22, 0, 24, 60, 0
1257, 22, 1, 24, 61, 0
1257, 22, 2, 25, 7, 0
1257, 22, 3, 25, 9, 0
1257, 22, 1, 25, 13, 0
1257, 22, 0, 25, 14, 0
1257, 22, 0, 25, 15, 0
1257, 22, 3, 25, 16, 0
1257, 22, 3, 25, 20, 0
1257, 22, 0, 25, 21, 0
1257, 22, 2, 25, 23, 0
1257, 22, 1, 25, 24, 0
1257, 22, 0, 25, 33, 0
1257, 22, 0, 25, 34, 0
1257, 22, 1, 25, 35, 0
1257, 22, 2, 25, 36, 0
1257, 22, 2, 25, 37, 0
1257, 22, 3, 25, 38, 0
1257, 22, 2, 25, 54, 0
1257, 22, 2, 25, 55, 0
1257, 22, 3, 25, 56, 0
1257, 22, 0, 25, 58, 0
1257, 22, 1, 26, 7, 0
1257, 22, 0, 26, 10, 0
1257, 22, 1, 26, 19, 0
1257, 22, 1, 26, 20, 0
1257, 22, 3, 26, 21, 0
1257, 22, 0, 26, 22, 0
1257, 22, 0, 26, 23, 0
1257, 22, 3, 26, 24, 0
1257, 22, 3, 26, 27, 0
1257, 22, 3, 26, 28, 0
1257, 22, 0, 26, 29, 0
1257, 22, 0, 26, 31, 0
1257, 22, 1, 26, 52, 0
1257, 22, 0, 26, 54, 0
1257, 22, 1, 26, 55, 0
1257, 22, 3, 27, 6, 0
1257, 22, 3, 27, 7, 0
1257, 22, 2, 27, 8, 0
1257, 22, 3, 27, 9, 0
1257, 22, 3, 27, 10, 0
1257, 22, 2, 27, 18, 0
1257, 22, 0, 27, 19, 0
1257, 22, 2, 27, 20, 0
1257, 22, 0, 27, 22, 0
1257, 22, 3, 27, 26, 0
1257, 22, 2, 27, 27, 0
1257, 22, 3, 27, 30, 0
1257, 22, 1, 27, 32, 0
1257, 22, 1, 28, 5, 0
1257, 22, 3, 28, 6, 0
1257, 22, 0, 28, 7, 0
1257, 22, 0, 28, 8, 0
1257, 22, 3, 28, 9, 0
1257, 22, 2, 28, 10, 0
1257, 22, 2, 28, 20, 0
1257, 22, 3, 28, 27, 0
1257, 22, 0, 28, 28, 0
1257, 22, 2, 28, 29, 0
1257, 22, 3, 28, 30, 0
1257, 22, 2, 28, 31, 0
1257, 22, 1, 29, 9, 0
1257, 22, 0, 29, 26, 0
1257, 22, 1, 29, 28, 0
1257, 22, 1, 30, 27, 0
1257, 22, 2, 30, 28, 0
1257, 22, 1, 30, 29, 0
1257, 22, 1, 49, 37, 0
1257, 22, 0, 49, 38, 0
1257, 22, 3, 49, 39, 0
1257, 22, 1, 50, 41, 0
1257, 22, 1, 50, 42, 0
1257, 22, 3, 51, 34, 0
1257, 22, 0, 51, 35, 0
1257, 22, 2, 51, 40, 0
1257, 22, 3, 51, 41, 0
1257, 22, 0, 51, 43, 0
1257, 22, 0, 52, 33, 0
1257, 22, 2, 52, 34, 0
1257, 22, 2, 52, 35, 0
1257, 22, 2, 52, 41, 0
1257, 22, 2, 52, 42, 0
1257, 22, 0, 52, 43, 0
1257, 22, 1, 53, 32, 0
1257, 22, 1, 53, 33, 0
1257, 22, 2, 53, 35, 0
1257, 22, 2, 53, 41, 0
1257, 22, 3, 53, 42, 0
1257, 22, 3, 54, 33, 0
1257, 22, 3, 54, 34, 0
1257, 22, 3, 54, 35, 0
1257, 22, 3, 54, 39, 0
1257, 22, 2, 54, 40, 0
1257, 22, 0, 55, 35, 0
1257, 22, 1, 55, 44, 0
1257, 22, 1, 56, 44, 0
1257, 22, 1, 56, 45, 0
1257, 22, 1, 56, 46, 0
1257, 22, 3, 57, 37, 0
1257, 22, 1, 57, 43, 0
1257, 22, 1, 57, 44, 0
1257, 22, 1, 57, 45, 0
1257, 22, 1, 57, 46, 0
1257, 22, 1, 58, 35, 0
1257, 22, 3, 58, 37, 0
1257, 22, 1, 58, 45, 0
1257, 22, 1, 58, 46, 0
1257, 22, 2, 59, 35, 0
1257, 22, 0, 59, 39, 0
1257, 22, 1, 59, 46, 0
1257, 22, 1, 60, 39, 0
1257, 22, 3, 61, 37, 0
1258, 22, 1, 0, 0, 0
1258, 22, 2, 0, 2, 0
1258, 22, 0, 1, 1, 0
1258, 22, 3, 1, 2, 0
1258, 22, 3, 1, 33, 0
1258, 22, 2, 2, 3, 0
1258, 22, 2, 2, 32, 0
1258, 22, 0, 2, 34, 0
1258, 22, 3, 2, 45, 0
1258, 22, 3, 3, 4, 0
1258, 22, 3, 3, 10, 0
1258, 22, 2, 3, 11, 0
1258, 22, 3, 4, 3, 0
1258, 22, 3, 4, 10, 0
1258, 22, 1, 4, 11, 0
1258, 22, 2, 4, 47, 0
1258, 22, 1, 4, 48, 0
1258, 22, 0, 5, 45, 0
1258, 22, 3, 5, 47, 0
1258, 22, 1, 7, 2, 0
1258, 22, 0, 7, 3, 0
1258, 22, 3, 7, 43, 0
1258, 22, 2, 8, 1, 0
1258, 22, 3, 8, 33, 0
1258, 22, 2, 8, 34, 0
1258, 22, 2, 8, 39, 0
1258, 22, 0, 8, 42, 0
1258, 22, 2, 10, 26, 0
1258, 22, 3, 11, 14, 0
1258, 22, 1, 11, 27, 0
1258, 22, 2, 12, 12, 0
1258, 22, 3, 12, 13, 0
1258, 22, 1, 12, 18, 0
1258, 22, 0, 13, 10, 0
1258, 22, 1, 13, 11, 0
1258, 22, 0, 13, 42, 0
1258, 22, 2, 15, 34, 0
1258, 22, 0, 16, 1, 0
1258, 22, 2, 16, 33, 0
1258, 22, 3, 16, 34, 0
1258, 22, 1, 17, 1, 0
1258, 22, 1, 17, 33, 0
1258, 22, 3, 18, 0, 0
1258, 22, 2, 18, 1, 0
1258, 22, 0, 19, 57, 0
1258, 22, 2, 20, 6, 0
1258, 22, 1, 20, 7, 0
1258, 22, 2, 20, 28, 0
1258, 22, 3, 20, 56, 0
1258, 22, 3, 21, 27, 0
1258, 22, 3, 21, 57, 0
1258, 22, 0, 23, 14, 0
1258, 22, 1, 23, 15, 0
1258, 22, 3, 23, 35, 0
1258, 22, 0, 23, 53, 0
1258, 22, 0, 23, 61, 0
1258, 22, 0, 24, 32, 0
1258, 22, 1, 24, 51, 0
1258, 22, 1, 25, 8, 0
1258, 22, 2, 25, 52, 0
1258, 22, 3, 25, 53, 0
1258, 22, 0, 26, 9, 0
1258, 22, 0, 27, 31, 0
1258, 22, 0, 29, 29, 0
1258, 22, 2, 50, 37, 0
1258, 22, 1, 50, 38, 0
1258, 22, 0, 50, 39, 0
1258, 22, 0, 50, 40, 0
1258, 22, 3, 51, 36, 0
1258, 22, 0, 52, 36, 0
1258, 22, 2, 52, 40, 0
1258, 22, 0, 53, 36, 0
1258, 22, 3, 53, 39, 0
1258, 22, 1, 53, 40, 0
1258, 22, 1, 54, 36, 0
1258, 22, 2, 54, 38, 0
1259, 22, 1, 0, 1, 0
1259, 22, 3, 1, 0, 0
1259, 22, 1, 2, 33, 0
1259, 22, 0, 3, 3, 0
1259, 22, 0, 4, 46, 0
1259, 22, 3, 10, 27, 0
1259, 22, 2, 11, 18, 0
1259, 22, 2, 12, 14, 0
1259, 22, 0, 13, 12, 0
1259, 22, 1, 13, 13, 0
1259, 22, 0, 20, 4, 0
1259, 22, 3, 20, 5, 0
1259, 22, 1, 20, 58, 0
1259, 22, 3, 21, 28, 0
1259, 22, 1, 22, 36, 0
1259, 22, 0, 23, 37, 0
1259, 22, 3, 23, 52, 0
1259, 22, 2, 23, 54, 0
1259, 22, 1, 24, 54, 0
1259, 22, 0, 25, 22, 0
1259, 22, 2, 26, 8, 0
1259, 22, 2, 51, 37, 0
1259, 22, 3, 51, 38, 0
1259, 22, 2, 51, 39, 0
1259, 22, 1, 52, 37, 0
1259, 22, 1, 52, 39, 0
1259, 22, 0, 53, 37, 0
1259, 22, 2, 53, 38, 0
1260, 22, 1, 4, 45, 0
1260, 22, 3, 8, 43, 0
1260, 22, 3, 13, 14, 0
1260, 22, 1, 20, 3, 0
1260, 22, 2, 20, 57, 0
1260, 22, 0, 24, 52, 0
1260, 22, 1, 24, 53, 0
1260, 22, 0, 52, 38, 0
1264, 22, 1, 30, 41, 0
1264, 22, 2, 30, 53, 0
1264, 22, 0, 36, 18, 0
1264, 22, 1, 38, 26, 0
1264, 22, 2, 38, 29, 0
1264, 22, 3, 38, 35, 0
1264, 22, 2, 38, 56, 0
1264, 22, 1, 41, 49, 0
1264, 22, 0, 42, 44, 0
1264, 22, 0, 43, 34, 0
1264, 22, 0, 44, 27, 0
1264, 22, 0, 46, 16, 0
1264, 22, 3, 48, 22, 0
1264, 22, 2, 48, 49, 0
1264, 22, 3, 48, 52, 0
1264, 22, 1, 49, 27, 0
1264, 22, 3, 49, 34, 0
1264, 22, 3, 49, 41, 0
1264, 22, 2, 53, 31, 0
1264, 22, 0, 54, 52, 0
1264, 22, 1, 54, 56, 0
1265, 22, 1, 17, 21, 0
1265, 22, 0, 18, 17, 0
1265, 22, 1, 19, 28, 0
1265, 22, 0, 19, 43, 0
1265, 22, 2, 21, 17, 0
1265, 22, 3, 23, 17, 0
1265, 22, 3, 24, 50, 0
1265, 22, 0, 26, 59, 0
1265, 22, 2, 26, 61, 0
1265, 22, 3, 35, 27, 0
1265, 22, 2, 35, 28, 0
1265, 22, 3, 38, 36, 0
1265, 22, 0, 38, 47, 0
1265, 22, 3, 39, 25, 0
1265, 22, 0, 40, 39, 0
1265, 22, 0, 42, 2, 0
1265, 22, 3, 42, 46, 0
1265, 22, 3, 45, 28, 0
1265, 22, 3, 47, 41, 0
1265, 22, 3, 47, 49, 0
1265, 22, 0, 51, 2, 0
1265, 22, 3, 53, 53, 0
1265, 22, 3, 54, 17, 0
1265, 22, 1, 58, 2, 0
1265, 22, 1, 58, 10, 0
1265, 22, 2, 61, 20, 0
1276, 10, 0, 8, 58, 0
1276, 11, 3, 9, 61, 0
1276, 10, 3, 10, 55, 0
1276, 11, 1, 10, 57, 0
1276, 10, 3, 11, 40, 0
1276, 11, 2, 12, 48, 0
1276, 10, 2, 12, 59, 0
1276, 11, 2, 12, 62, 0
1276, 10, 2, 13, 39, 0
1276, 10, 1, 13, 56, 0
1276, 10, 2, 14, 52, 0
1276, 10, 1, 14, 60, 0
1276, 11, 0, 15, 55, 0
1276, 11, 1, 15, 58, 0
1276, 11, 1, 16, 28, 0
1276, 11, 3, 16, 41, 0
1276, 11, 2, 18, 40, 0
1276, 11, 1, 18, 42, 0
1276, 10, 2, 20, 18, 0
1276, 10, 3, 23, 16, 0
1276, 10, 1, 31, 61, 0
1276, 10, 3, 33, 42, 0
1276, 10, 1, 34, 48, 0
1276, 10, 1, 35, 14, 0
1276, 10, 1, 35, 26, 0
1276, 10, 2, 37, 40, 0
1276, 10, 1, 37, 61, 0
1276, 10, 0, 40, 22, 0
1276, 10, 2, 41, 10, 0
1276, 10, 3, 41, 15, 0
1276, 10, 2, 42, 37, 0
1276, 10, 0, 43, 6, 0
1276, 10, 1, 44, 21, 0
1276, 10, 0, 47, 30, 0
1276, 10, 3, 49, 33, 0
1276, 10, 3, 50, 24, 0
1276, 10, 1, 51, 61, 0
1276, 10, 0, 53, 21, 0
1276, 10, 2, 53, 46, 0
1276, 10, 1, 54, 16, 0
1276, 10, 3, 58, 56, 0
1276, 10, 0, 59, 51, 0
1276, 10, 3, 60, 25, 0
1276, 10, 1, 61, 48, 0
1278, 10, 0, 12, 23, 0
1278, 10, 3, 14, 25, 0
1278, 10, 0, 16, 20, 0
1278, 10, 2, 18, 28, 0
1278, 10, 1, 24, 49, 0
1278, 10, 2, 25, 60, 0
1278, 10, 2, 26, 58, 0
1278, 10, 1, 32, 31, 0
1278, 10, 1, 32, 54, 0
1278, 10, 3, 33, 38, 0
1278, 10, 0, 34, 5, 0
1278, 10, 1, 36, 1, 0
1278, 10, 1, 36, 22, 0
1278, 10, 1, 37, 29, 0
1278, 10, 0, 37, 52, 0
1278, 10, 1, 37, 55, 0
1278, 10, 1, 38, 45, 0
1278, 10, 3, 40, 28, 0
1278, 10, 1, 40, 33, 0
1278, 10, 2, 40, 49, 0
1278, 10, 1, 42, 18, 0
1278, 10, 0, 42, 40, 0
1278, 10, 0, 42, 48, 0
1278, 10, 3, 42, 53, 0
1278, 10, 3, 44, 30, 0
1278, 10, 2, 46, 14, 0
1278, 10, 2, 46, 36, 0
1278, 10, 0, 46, 55, 0
1278, 10, 0, 47, 23, 0
1278, 10, 3, 47, 52, 0
1278, 10, 2, 48, 27, 0
1278, 10, 3, 49, 15, 0
1278, 10, 3, 50, 19, 0
1278, 10, 0, 51, 45, 0
1278, 10, 1, 53, 56, 0
1278, 10, 0, 54, 5, 0
1278, 10, 0, 54, 25, 0
1278, 10, 1, 56, 50, 0
1278, 10, 2, 56, 54, 0
1278, 10, 1, 57, 47, 0
1281, 10, 3, 12, 44, 0
1281, 10, 2, 14, 22, 0
1281, 10, 2, 15, 38, 0
1281, 10, 1, 17, 32, 0
1281, 10, 0, 18, 24, 0
1281, 10, 2, 36, 35, 0
1281, 10, 1, 37, 24, 0
1281, 10, 1, 41, 44, 0
1281, 10, 2, 43, 33, 0
1281, 10, 0, 44, 26, 0
1281, 10, 2, 45, 17, 0
1281, 10, 3, 47, 40, 0
1281, 10, 0, 47, 47, 0
1281, 10, 3, 52, 51, 0
1282, 10, 2, 40, 38, 0
1282, 10, 2, 45, 51, 0
1282, 10, 2, 47, 44, 0
1282, 10, 2, 50, 54, 0
1282, 10, 2, 51, 48, 0
1282, 10, 2, 52, 42, 0
1286, 10, 0, 37, 32, 0
1286, 10, 1, 40, 41, 0
1286, 10, 2, 43, 23, 0
1286, 10, 3, 45, 39, 0
1297, 10, 3, 29, 36, 0
1297, 10, 0, 30, 46, 0
1298, 10, 2, 13, 17, 0
1298, 10, 3, 22, 34, 0
1298, 10, 0, 26, 27, 0
1299, 10, 2, 28, 18, 0
1300, 10, 1, 28, 5, 0
1300, 10, 2, 47, 1, 0
1300, 10, 3, 47, 5, 0
1300, 10, 3, 47, 9, 0
1341, 10, 2, 25, 3, 0
1341, 10, 3, 26, 9, 0
1341, 10, 3, 29, 7, 0
1341, 10, 3, 29, 14, 0
1391, 10, 3, 52, 30, 0
1392, 10, 3, 1, 46, 0
1392, 10, 2, 1, 59, 0
1393, 10, 0, 8, 41, 0
1393, 10, 1, 11, 54, 0
1393, 10, 2, 14, 49, 0
1393, 10, 3, 29, 3, 0
1393, 10, 2, 30, 7, 0
1393, 10, 1, 30, 12, 0
1393, 10, 3, 34, 11, 0
1393, 10, 0, 39, 8, 0
1393, 10, 0, 44, 11, 0
1393, 10, 3, 50, 35, 0
1393, 10, 3, 55, 41, 0
1393, 10, 2, 58, 44, 0
1530, 0, 0, 20, 4, 0
1531, 0, 1, 12, 29, 0
1531, 0, 3, 14, 5, 0
1531, 0, 3, 14, 12, 0
1568, 22, 0, 14, 42, 2
1591, 0, 1, 4, 43, 0
1591, 0, 0, 9, 25, 0
1630, 22, 2, 13, 1, 0
1630, 22, 1, 15, 0, 0
1630, 22, 3, 20, 0, 0
1630, 22, 2, 31, 3, 0
1651, 0, 1, 3, 43, 1
1651, 0, 0, 3, 44, 1
1651, 0, 0, 3, 45, 1
1651, 0, 0, 3, 46, 1
1651, 0, 0, 3, 47, 1
1651, 0, 0, 3, 48, 1
1651, 0, 0, 3, 49, 1
1651, 0, 0, 3, 50, 1
1651, 9, 2, 3, 51, 1
1651, 1, 2, 3, 52, 1
1651, 1, 1, 3, 57, 1
1651, 9, 1, 3, 58, 1
1651, 0, 0, 3, 59, 1
1651, 0, 0, 3, 60, 1
1651, 0, 0, 3, 61, 1
1651, 0, 0, 3, 62, 1
1651, 0, 0, 3, 63, 1
1651, 0, 1, 4, 43, 1
1651, 9, 2, 4, 52, 1
1651, 0, 2, 4, 53, 1
1651, 0, 2, 4, 54, 1
1651, 0, 2, 4, 55, 1
1651, 0, 2, 4, 56, 1
1651, 9, 1, 4, 57, 1
1651, 0, 1, 5, 43, 1
1651, 0, 1, 6, 43, 1
1651, 0, 1, 7, 43, 1
1651, 0, 1, 8, 43, 1
1651, 9, 3, 9, 17, 1
1651, 0, 0, 9, 18, 1
1651, 0, 0, 9, 19, 1
1651, 0, 0, 9, 20, 1
1651, 0, 0, 9, 21, 1
1651, 0, 0, 9, 22, 1
1651, 0, 0, 9, 23, 1
1651, 0, 0, 9, 24, 1
1651, 0, 0, 9, 25, 1
1651, 0, 0, 9, 26, 1
1651, 0, 0, 9, 33, 1
1651, 0, 0, 9, 40, 1
1651, 0, 0, 9, 41, 1
1651, 0, 0, 9, 42, 1
1651, 0, 0, 9, 43, 1
1651, 9, 3, 10, 16, 1
1651, 1, 3, 10, 17, 1
1651, 9, 3, 11, 15, 1
1651, 1, 3, 11, 16, 1
1651, 0, 3, 12, 15, 1
1651, 1, 1, 18, 1, 1
1651, 1, 1, 19, 0, 1
1651, 9, 1, 19, 1, 1
1651, 9, 1, 20, 0, 1
1746, 10, 1, 19, 6, 1
1747, 10, 1, 19, 6, 0
1770, 3, 3, 13, 41, 2
1770, 3, 0, 13, 43, 2
1770, 3, 2, 15, 41, 2
1770, 3, 1, 15, 43, 2
1773, 10, 3, 13, 41, 0
1773, 10, 1, 13, 43, 0
1773, 10, 3, 15, 41, 0
1773, 10, 1, 15, 43, 0
1774, 10, 3, 13, 41, 1
1774, 10, 1, 13, 43, 1
1774, 10, 3, 15, 41, 1
1774, 10, 1, 15, 43, 1
1775, 10, 1, 13, 42, 1
1775, 10, 1, 15, 42, 1
1790, 19, 3, 6, 3, 1
1790, 19, 3, 7, 2, 1
1790, 19, 3, 8, 1, 1
1790, 18, 3, 9, 0, 1
1790, 18, 3, 10, 0, 1
1790, 21, 3, 11, 0, 1
1790, 18, 2, 13, 9, 1
1790, 18, 2, 13, 10, 1
1790, 18, 2, 13, 11, 1
1790, 18, 2, 13, 12, 1
1790, 18, 2, 13, 13, 1
1790, 18, 2, 13, 14, 1
1790, 19, 2, 13, 15, 1
1790, 18, 3, 14, 15, 1
1790, 19, 1, 15, 1, 1
1790, 18, 3, 15, 15, 1
1790, 18, 1, 16, 1, 1
1790, 18, 3, 16, 15, 1
1790, 18, 1, 17, 1, 1
1790, 19, 3, 17, 15, 1
1790, 19, 0, 18, 1, 1
1790, 19, 3, 18, 14, 1
1790, 19, 3, 19, 13, 1
1790, 18, 0, 20, 9, 1
1790, 18, 0, 20, 10, 1
1790, 18, 0, 20, 11, 1
1790, 19, 3, 20, 12, 1
1790, 18, 2, 1, 0, 2
1790, 18, 2, 1, 1, 2
1790, 18, 2, 1, 2, 2
1790, 21, 2, 1, 3, 2
1790, 18, 3, 2, 3, 2
1790, 18, 3, 3, 3, 2
1790, 18, 3, 4, 3, 2
1790, 18, 3, 5, 3, 2
1790, 18, 0, 6, 0, 2
1790, 18, 0, 6, 1, 2
1790, 18, 0, 6, 2, 2
1790, 21, 3, 6, 3, 2
1790, 21, 1, 13, 2, 2
1790, 18, 2, 13, 3, 2
1790, 18, 2, 13, 4, 2
1790, 18, 2, 13, 5, 2
1790, 18, 2, 13, 6, 2
1790, 18, 2, 13, 7, 2
1790, 18, 2, 13, 8, 2
1790, 21, 2, 13, 9, 2
1790, 18, 1, 14, 2, 2
1790, 18, 3, 14, 9, 2
1790, 18, 1, 15, 2, 2
1790, 18, 3, 15, 9, 2
1790, 18, 1, 16, 2, 2
1790, 18, 3, 16, 9, 2
1790, 18, 1, 17, 2, 2
1790, 18, 3, 17, 9, 2
1790, 18, 1, 18, 2, 2
1790, 18, 3, 18, 9, 2
1790, 18, 1, 19, 2, 2
1790, 18, 3, 19, 9, 2
1790, 21, 0, 20, 2, 2
1790, 18, 0, 20, 3, 2
1790, 18, 0, 20, 4, 2
1790, 18, 0, 20, 5, 2
1790, 18, 0, 20, 6, 2
1790, 18, 0, 20, 7, 2
1790, 18, 0, 20, 8, 2
1790, 21, 3, 20, 9, 2
1791, 21, 1, 8, 27, 1
1791, 18, 2, 8, 28, 1
1791, 18, 2, 8, 29, 1
1791, 18, 2, 8, 30, 1
1791, 18, 2, 8, 31, 1
1791, 21, 2, 8, 32, 1
1791, 18, 1, 9, 27, 1
1791, 18, 3, 9, 32, 1
1791, 18, 1, 10, 27, 1
1791, 18, 3, 10, 32, 1
1791, 18, 1, 11, 27, 1
1791, 18, 3, 11, 32, 1
1791, 18, 1, 12, 27, 1
1791, 18, 3, 12, 32, 1
1791, 21, 0, 13, 27, 1
1791, 18, 0, 13, 28, 1
1791, 18, 0, 13, 29, 1
1791, 18, 0, 13, 30, 1
1791, 18, 0, 13, 31, 1
1791, 21, 3, 13, 32, 1
1793, 18, 0, 0, 0, 1
1793, 18, 0, 0, 1, 1
1793, 18, 0, 0, 2, 1
1793, 18, 0, 0, 3, 1
1793, 21, 0, 0, 3, 2
1793, 18, 0, 0, 4, 2
1793, 18, 0, 0, 5, 2
1793, 18, 0, 0, 6, 2
1793, 18, 0, 0, 7, 2
1793, 18, 0, 0, 8, 2
1793, 18, 0, 0, 9, 2
1793, 18, 0, 0, 10, 2
1793, 18, 0, 0, 11, 2
1793, 21, 3, 0, 12, 2
1793, 21, 1, 12, 40, 3
1793, 18, 2, 12, 41, 3
1793, 18, 2, 12, 42, 3
1793, 18, 2, 12, 43, 3
1793, 21, 2, 12, 44, 3
1793, 18, 1, 13, 40, 3
1793, 18, 3, 13, 44, 3
1793, 18, 1, 14, 40, 3
1793, 18, 3, 14, 44, 3
1793, 18, 1, 15, 40, 3
1793, 18, 3, 15, 44, 3
1793, 21, 0, 16, 40, 3
1793, 18, 0, 16, 41, 3
1793, 18, 0, 16, 42, 3
1793, 18, 0, 16, 43, 3
1793, 21, 3, 16, 44, 3
1821, 4, 0, 0, 6, 0
1821, 4, 0, 0, 11, 0
1821, 4, 2, 1, 1, 0
1821, 5, 0, 2, 1, 0
1821, 5, 1, 12, 27, 0
1821, 4, 3, 12, 28, 0
1821, 4, 1, 12, 31, 0
1821, 5, 3, 12, 32, 0
1823, 4, 1, 3, 2, 0
1823, 5, 3, 3, 3, 0
1823, 4, 1, 5, 2, 0
1823, 5, 3, 5, 3, 0
1823, 8, 3, 7, 1, 0
1823, 5, 1, 3, 2, 1
1823, 4, 3, 3, 3, 1
1825, 5, 2, 13, 10, 0
1825, 5, 2, 13, 13, 0
1825, 4, 0, 14, 10, 0
1825, 4, 0, 14, 13, 0
1825, 8, 3, 18, 13, 0
1825, 4, 2, 19, 10, 0
1825, 5, 0, 20, 10, 0
1854, 0, 2, 13, 4, 0
1854, 0, 2, 13, 7, 0
1854, 9, 1, 15, 2, 0
1854, 0, 1, 16, 1, 0
1854, 0, 1, 17, 1, 0
1854, 9, 0, 18, 2, 0
1871, 5, 0, 9, 33, 0
1871, 5, 0, 9, 40, 0
1902, 0, 0, 2, 0, 0
1902, 0, 0, 2, 1, 0
1902, 0, 0, 2, 2, 0
1902, 0, 3, 2, 3, 0
1902, 0, 3, 3, 3, 0
1902, 0, 1, 3, 43, 0
1902, 0, 0, 3, 44, 0
1902, 0, 0, 3, 45, 0
1902, 0, 0, 3, 46, 0
1902, 0, 0, 3, 47, 0
1902, 0, 0, 3, 48, 0
1902, 0, 0, 3, 49, 0
1902, 0, 0, 3, 50, 0
1902, 9, 2, 3, 51, 0
1902, 1, 2, 3, 52, 0
1902, 1, 1, 3, 57, 0
1902, 9, 1, 3, 58, 0
1902, 0, 0, 3, 59, 0
1902, 0, 0, 3, 60, 0
1902, 0, 0, 3, 61, 0
1902, 0, 0, 3, 62, 0
1902, 0, 0, 3, 63, 0
1902, 0, 3, 4, 3, 0
1902, 2, 3, 4, 45, 0
1902, 0, 0, 4, 46, 0
1902, 0, 0, 4, 47, 0
1902, 0, 0, 4, 48, 0
1902, 0, 0, 4, 49, 0
1902, 9, 0, 4, 50, 0
1902, 9, 2, 4, 52, 0
1902, 0, 2, 4, 53, 0
1902, 0, 2, 4, 54, 0
1902, 0, 2, 4, 55, 0
1902, 0, 2, 4, 56, 0
1902, 9, 1, 4, 57, 0
1902, 9, 3, 4, 59, 0
1902, 0, 0, 4, 60, 0
1902, 0, 0, 4, 61, 0
1902, 0, 0, 4, 62, 0
1902, 0, 0, 4, 63, 0
1902, 0, 3, 5, 3, 0
1902, 0, 1, 5, 43, 0
1902, 0, 3, 5, 45, 0
1902, 1, 0, 5, 50, 0
1902, 9, 0, 5, 51, 0
1902, 9, 3, 5, 58, 0
1902, 1, 3, 5, 59, 0
1902, 9, 3, 6, 2, 0
1902, 1, 3, 6, 3, 0
1902, 0, 1, 6, 43, 0
1902, 0, 3, 6, 45, 0
1902, 1, 0, 6, 51, 0
1902, 0, 0, 6, 52, 0
1902, 0, 0, 6, 53, 0
1902, 0, 0, 6, 54, 0
1902, 0, 0, 6, 55, 0
1902, 0, 0, 6, 56, 0
1902, 0, 0, 6, 57, 0
1902, 1, 3, 6, 58, 0
1902, 9, 3, 7, 1, 0
1902, 1, 3, 7, 2, 0
1902, 0, 1, 7, 43, 0
1902, 0, 3, 7, 45, 0
1902, 9, 3, 8, 0, 0
1902, 1, 3, 8, 1, 0
1902, 0, 1, 8, 43, 0
1902, 0, 3, 8, 45, 0
1902, 0, 3, 9, 0, 0
1902, 9, 3, 9, 17, 0
1902, 0, 0, 9, 18, 0
1902, 0, 0, 9, 19, 0
1902, 0, 0, 9, 20, 0
1902, 0, 0, 9, 21, 0
1902, 0, 0, 9, 22, 0
1902, 0, 0, 9, 23, 0
1902, 0, 0, 9, 24, 0
1902, 0, 0, 9, 26, 0
1902, 2, 0, 9, 27, 0
1902, 0, 0, 9, 28, 0
1902, 0, 0, 9, 29, 0
1902, 0, 0, 9, 30, 0
1902, 0, 0, 9, 31, 0
1902, 2, 3, 9, 32, 0
1902, 0, 0, 9, 33, 0
1902, 0, 3, 9, 34, 0
1902, 0, 1, 9, 39, 0
1902, 0, 0, 9, 40, 0
1902, 0, 0, 9, 41, 0
1902, 0, 0, 9, 42, 0
1902, 0, 0, 9, 43, 0
1902, 0, 3, 9, 45, 0
1902, 0, 3, 10, 0, 0
1902, 9, 3, 10, 16, 0
1902, 1, 3, 10, 17, 0
1902, 9, 3, 10, 18, 0
1902, 0, 0, 10, 19, 0
1902, 0, 0, 10, 20, 0
1902, 0, 0, 10, 21, 0
1902, 0, 0, 10, 22, 0
1902, 0, 0, 10, 23, 0
1902, 0, 0, 10, 24, 0
1902, 0, 0, 10, 25, 0
1902, 0, 0, 10, 26, 0
1902, 2, 0, 10, 27, 0
1902, 2, 3, 10, 32, 0
1902, 0, 0, 10, 33, 0
1902, 3, 3, 10, 34, 0
1902, 3, 0, 10, 39, 0
1902, 0, 0, 10, 40, 0
1902, 0, 0, 10, 41, 0
1902, 0, 0, 10, 42, 0
1902, 0, 0, 10, 43, 0
1902, 0, 0, 10, 44, 0
1902, 3, 3, 10, 45, 0
1902, 9, 3, 11, 15, 0
1902, 1, 3, 11, 16, 0
1902, 9, 3, 11, 17, 0
1902, 1, 3, 11, 18, 0
1902, 0, 1, 11, 27, 0
1902, 0, 3, 11, 32, 0
1902, 0, 3, 12, 15, 0
1902, 9, 3, 12, 16, 0
1902, 1, 3, 12, 17, 0
1902, 0, 1, 12, 27, 0
1902, 0, 3, 12, 32, 0
1902, 0, 2, 13, 3, 0
1902, 0, 2, 13, 6, 0
1902, 0, 2, 13, 8, 0
1902, 0, 2, 13, 9, 0
1902, 0, 2, 13, 10, 0
1902, 0, 2, 13, 11, 0
1902, 0, 2, 13, 13, 0
1902, 0, 2, 13, 14, 0
1902, 0, 3, 13, 15, 0
1902, 0, 3, 13, 16, 0
1902, 3, 0, 13, 27, 0
1902, 0, 0, 13, 28, 0
1902, 0, 0, 13, 30, 0
1902, 0, 0, 13, 31, 0
1902, 3, 3, 13, 32, 0
1902, 1, 1, 14, 2, 0
1902, 0, 3, 14, 3, 0
1902, 0, 1, 14, 8, 0
1902, 0, 3, 14, 15, 0
1902, 0, 3, 14, 16, 0
1902, 1, 1, 15, 1, 0
1902, 0, 1, 15, 8, 0
1902, 0, 3, 15, 15, 0
1902, 0, 3, 15, 16, 0
1902, 0, 1, 16, 8, 0
1902, 0, 3, 16, 15, 0
1902, 9, 3, 16, 15, 0
1902, 0, 3, 16, 16, 0
1902, 0, 1, 17, 8, 0
1902, 9, 3, 17, 14, 0
1902, 1, 3, 17, 15, 0
1902, 0, 3, 17, 16, 0
1902, 1, 0, 18, 1, 0
1902, 0, 1, 18, 8, 0
1902, 9, 3, 18, 13, 0
1902, 1, 3, 18, 14, 0
1902, 0, 3, 18, 16, 0
1902, 1, 1, 19, 0, 0
1902, 9, 1, 19, 1, 0
1902, 0, 0, 19, 2, 0
1902, 0, 3, 19, 3, 0
1902, 0, 1, 19, 8, 0
1902, 9, 3, 19, 12, 0
1902, 1, 3, 19, 13, 0
1902, 0, 3, 19, 16, 0
1902, 9, 1, 20, 0, 0
1902, 9, 3, 20, 2, 0
1902, 0, 0, 20, 3, 0
1902, 0, 0, 20, 5, 0
1902, 0, 0, 20, 6, 0
1902, 0, 0, 20, 7, 0
1902, 0, 0, 20, 8, 0
1902, 0, 0, 20, 9, 0
1902, 0, 0, 20, 10, 0
1902, 0, 0, 20, 11, 0
1902, 1, 3, 20, 12, 0
1902, 0, 3, 20, 16, 0
1902, 9, 3, 21, 1, 0
1902, 1, 3, 21, 2, 0
1902, 0, 3, 21, 16, 0
1902, 9, 3, 22, 0, 0
1902, 1, 3, 22, 1, 0
1902, 0, 3, 22, 16, 0
1902, 1, 3, 23, 0, 0
1902, 9, 3, 23, 15, 0
1902, 3, 3, 23, 16, 0
1902, 0, 0, 24, 0, 0
1902, 0, 0, 24, 1, 0
1902, 0, 0, 24, 2, 0
1902, 0, 0, 24, 3, 0
1902, 0, 0, 24, 4, 0
1902, 0, 0, 24, 5, 0
1902, 0, 0, 24, 6, 0
1902, 0, 0, 24, 7, 0
1902, 0, 0, 24, 8, 0
1902, 0, 0, 24, 9, 0
1902, 0, 0, 24, 10, 0
1902, 0, 0, 24, 11, 0
1902, 0, 0, 24, 12, 0
1902, 0, 0, 24, 13, 0
1902, 0, 0, 24, 14, 0
1902, 3, 3, 24, 15, 0
1902, 0, 0, 2, 0, 1
1902, 0, 0, 2, 1, 1
1902, 2, 0, 2, 2, 1
1902, 0, 1, 3, 2, 1
1902, 0, 1, 4, 2, 1
1902, 0, 2, 5, 0, 1
1902, 0, 2, 5, 1, 1
1902, 2, 1, 5, 2, 1
1902, 0, 2, 13, 3, 1
1902, 0, 2, 13, 4, 1
1902, 0, 2, 13, 5, 1
1902, 0, 2, 13, 6, 1
1902, 0, 2, 13, 7, 1
1902, 0, 2, 13, 8, 1
1902, 0, 3, 14, 3, 1
1902, 0, 1, 14, 8, 1
1902, 0, 3, 15, 3, 1
1902, 0, 1, 15, 8, 1
1902, 0, 3, 16, 3, 1
1902, 0, 1, 16, 8, 1
1902, 0, 3, 17, 3, 1
1902, 0, 1, 17, 8, 1
1902, 0, 3, 18, 3, 1
1902, 0, 1, 18, 8, 1
1902, 0, 3, 19, 3, 1
1902, 0, 1, 19, 8, 1
1902, 0, 0, 20, 3, 1
1902, 0, 0, 20, 4, 1
1902, 0, 0, 20, 5, 1
1902, 0, 0, 20, 6, 1
1902, 0, 0, 20, 7, 1
1902, 0, 0, 20, 8, 1
1913, 2, 3, 4, 45, 1
1913, 0, 0, 4, 46, 1
1913, 0, 0, 4, 47, 1
1913, 0, 0, 4, 48, 1
1913, 0, 0, 4, 49, 1
1913, 9, 0, 4, 50, 1
1913, 9, 3, 4, 59, 1
1913, 0, 0, 4, 60, 1
1913, 0, 0, 4, 61, 1
1913, 0, 0, 4, 62, 1
1913, 0, 0, 4, 63, 1
1913, 0, 3, 5, 45, 1
1913, 1, 0, 5, 50, 1
1913, 9, 0, 5, 51, 1
1913, 9, 3, 5, 58, 1
1913, 1, 3, 5, 59, 1
1913, 0, 3, 6, 45, 1
1913, 1, 0, 6, 51, 1
1913, 0, 0, 6, 52, 1
1913, 0, 0, 6, 53, 1
1913, 0, 0, 6, 54, 1
1913, 0, 0, 6, 55, 1
1913, 0, 0, 6, 56, 1
1913, 0, 0, 6, 57, 1
1913, 1, 3, 6, 58, 1
1913, 0, 3, 7, 45, 1
1913, 0, 3, 8, 45, 1
1913, 0, 3, 9, 27, 1
1913, 0, 1, 9, 32, 1
1913, 0, 3, 9, 34, 1
1913, 0, 1, 9, 39, 1
1913, 0, 3, 9, 45, 1
1913, 9, 3, 10, 18, 1
1913, 0, 0, 10, 19, 1
1913, 0, 0, 10, 20, 1
1913, 0, 0, 10, 21, 1
1913, 0, 0, 10, 22, 1
1913, 0, 0, 10, 23, 1
1913, 0, 0, 10, 24, 1
1913, 0, 0, 10, 25, 1
1913, 0, 0, 10, 26, 1
1913, 3, 3, 10, 27, 1
1913, 3, 0, 10, 32, 1
1913, 0, 0, 10, 33, 1
1913, 3, 3, 10, 34, 1
1913, 3, 0, 10, 39, 1
1913, 0, 0, 10, 40, 1
1913, 0, 0, 10, 41, 1
1913, 0, 0, 10, 42, 1
1913, 0, 0, 10, 43, 1
1913, 0, 0, 10, 44, 1
1913, 1, 3, 10, 45, 1
1913, 9, 3, 11, 17, 1
1913, 1, 3, 11, 18, 1
1913, 9, 3, 12, 16, 1
1913, 1, 3, 12, 17, 1
1913, 0, 3, 13, 16, 1
1913, 0, 3, 14, 16, 1
1913, 0, 3, 15, 16, 1
1913, 0, 3, 16, 16, 1
1913, 0, 3, 17, 16, 1
1913, 0, 3, 18, 16, 1
1913, 0, 3, 19, 16, 1
1913, 9, 3, 20, 2, 1
1913, 0, 3, 20, 16, 1
1913, 9, 3, 21, 1, 1
1913, 1, 3, 21, 2, 1
1913, 0, 3, 21, 16, 1
1913, 9, 3, 22, 0, 1
1913, 1, 3, 22, 1, 1
1913, 0, 3, 22, 16, 1
1913, 1, 3, 23, 0, 1
1913, 9, 3, 23, 15, 1
1913, 1, 3, 23, 16, 1
1913, 0, 0, 24, 0, 1
1913, 0, 0, 24, 1, 1
1913, 0, 0, 24, 2, 1
1913, 0, 0, 24, 3, 1
1913, 0, 0, 24, 4, 1
1913, 0, 0, 24, 5, 1
1913, 0, 0, 24, 6, 1
1913, 0, 0, 24, 7, 1
1913, 0, 0, 24, 8, 1
1913, 0, 0, 24, 9, 1
1913, 0, 0, 24, 10, 1
1913, 0, 0, 24, 11, 1
1913, 0, 0, 24, 12, 1
1913, 0, 0, 24, 13, 1
1913, 0, 0, 24, 14, 1
1913, 1, 3, 24, 15, 1
1924, 17, 3, 6, 0, 1
1924, 14, 3, 6, 1, 1
1924, 13, 3, 6, 2, 1
1924, 14, 3, 7, 0, 1
1924, 13, 3, 7, 1, 1
1924, 13, 3, 8, 0, 1
1924, 12, 2, 14, 9, 1
1924, 12, 2, 14, 10, 1
1924, 12, 2, 14, 11, 1
1924, 12, 2, 14, 12, 1
1924, 12, 2, 14, 13, 1
1924, 16, 2, 14, 14, 1
1924, 13, 1, 15, 2, 1
1924, 17, 2, 15, 9, 1
1924, 17, 2, 15, 10, 1
1924, 17, 2, 15, 11, 1
1924, 17, 2, 15, 12, 1
1924, 17, 2, 15, 13, 1
1924, 12, 3, 15, 14, 1
1924, 12, 1, 16, 2, 1
1924, 17, 2, 16, 9, 1
1924, 17, 2, 16, 10, 1
1924, 17, 2, 16, 11, 1
1924, 17, 2, 16, 12, 1
1924, 17, 2, 16, 13, 1
1924, 12, 3, 16, 14, 1
1924, 12, 1, 17, 2, 1
1924, 17, 2, 17, 9, 1
1924, 17, 2, 17, 10, 1
1924, 17, 2, 17, 11, 1
1924, 17, 2, 17, 12, 1
1924, 14, 3, 17, 13, 1
1924, 13, 3, 17, 14, 1
1924, 13, 0, 18, 2, 1
1924, 17, 2, 18, 9, 1
1924, 17, 2, 18, 10, 1
1924, 17, 2, 18, 11, 1
1924, 14, 3, 18, 12, 1
1924, 13, 3, 18, 13, 1
1924, 12, 0, 19, 9, 1
1924, 12, 0, 19, 10, 1
1924, 12, 0, 19, 11, 1
1924, 13, 3, 19, 12, 1
1924, 12, 2, 2, 0, 2
1924, 12, 2, 2, 1, 2
1924, 16, 2, 2, 2, 2
1924, 17, 2, 3, 0, 2
1924, 17, 2, 3, 1, 2
1924, 12, 3, 3, 2, 2
1924, 17, 2, 4, 0, 2
1924, 17, 2, 4, 1, 2
1924, 12, 3, 4, 2, 2
1924, 12, 0, 5, 0, 2
1924, 12, 0, 5, 1, 2
1924, 16, 3, 5, 2, 2
1924, 16, 1, 14, 3, 2
1924, 12, 2, 14, 4, 2
1924, 12, 2, 14, 5, 2
1924, 12, 2, 14, 6, 2
1924, 12, 2, 14, 7, 2
1924, 16, 2, 14, 8, 2
1924, 12, 1, 15, 3, 2
1924, 17, 0, 15, 4, 2
1924, 17, 0, 15, 5, 2
1924, 17, 0, 15, 6, 2
1924, 17, 0, 15, 7, 2
1924, 12, 3, 15, 8, 2
1924, 12, 1, 16, 3, 2
1924, 17, 0, 16, 4, 2
1924, 17, 0, 16, 5, 2
1924, 17, 0, 16, 6, 2
1924, 17, 0, 16, 7, 2
1924, 12, 3, 16, 8, 2
1924, 12, 1, 17, 3, 2
1924, 17, 0, 17, 4, 2
1924, 17, 0, 17, 5, 2
1924, 17, 0, 17, 6, 2
1924, 17, 0, 17, 7, 2
1924, 12, 3, 17, 8, 2
1924, 12, 1, 18, 3, 2
1924, 17, 0, 18, 4, 2
1924, 17, 0, 18, 5, 2
1924, 17, 0, 18, 6, 2
1924, 17, 0, 18, 7, 2
1924, 12, 3, 18, 8, 2
1924, 16, 0, 19, 3, 2
1924, 12, 0, 19, 4, 2
1924, 12, 0, 19, 5, 2
1924, 12, 0, 19, 6, 2
1924, 12, 0, 19, 7, 2
1924, 16, 3, 19, 8, 2
1925, 16, 1, 9, 28, 1
1925, 12, 2, 9, 29, 1
1925, 12, 2, 9, 30, 1
1925, 16, 2, 9, 31, 1
1925, 12, 1, 10, 28, 1
1925, 17, 1, 10, 29, 1
1925, 17, 1, 10, 30, 1
1925, 12, 3, 10, 31, 1
1925, 12, 1, 11, 28, 1
1925, 17, 1, 11, 29, 1
1925, 17, 1, 11, 30, 1
1925, 12, 3, 11, 31, 1
1925, 16, 0, 12, 28, 1
1925, 12, 0, 12, 29, 1
1925, 12, 0, 12, 30, 1
1925, 16, 3, 12, 31, 1
1933, 16, 1, 13, 41, 3
1933, 12, 2, 13, 42, 3
1933, 16, 2, 13, 43, 3
1933, 12, 1, 14, 41, 3
1933, 17, 3, 14, 42, 3
1933, 12, 3, 14, 43, 3
1933, 16, 0, 15, 41, 3
1933, 12, 0, 15, 42, 3
1933, 16, 3, 15, 43, 3
1938, 5, 0, 4, 46, 0
1938, 5, 0, 4, 49, 0
1938, 5, 0, 4, 62, 0
1938, 6, 0, 5, 51, 0
1938, 6, 3, 5, 58, 0
1938, 5, 3, 6, 45, 0
1938, 5, 0, 6, 53, 0
1938, 5, 0, 6, 56, 0
1938, 5, 3, 8, 45, 0
1938, 5, 0, 10, 20, 0
1938, 5, 0, 10, 23, 0
1938, 5, 0, 10, 26, 0
1938, 5, 0, 10, 41, 0
1938, 5, 0, 10, 43, 0
1938, 6, 3, 11, 17, 0
1938, 6, 3, 20, 2, 0
1938, 6, 3, 22, 0, 0
1983, 0, 2, 12, 41, 2
1983, 0, 2, 12, 42, 2
1983, 0, 2, 12, 43, 2
1983, 0, 1, 13, 40, 2
1983, 0, 3, 13, 44, 2
1983, 0, 1, 14, 40, 2
1983, 0, 3, 14, 44, 2
1983, 0, 1, 15, 40, 2
1983, 0, 3, 15, 44, 2
1983, 0, 0, 16, 41, 2
1983, 0, 0, 16, 42, 2
1983, 0, 0, 16, 43, 2
1984, 3, 1, 12, 40, 2
1984, 3, 2, 12, 44, 2
1984, 3, 0, 16, 40, 2
1984, 3, 3, 16, 44, 2
2050, 0, 0, 0, 13, 0
2051, 0, 0, 0, 14, 0
2739, 22, 0, 15, 12, 0
2760, 22, 0, 17, 6, 0
2764, 22, 0, 4, 0, 0
2771, 22, 0, 6, 15, 0
2771, 22, 0, 59, 4, 0
