176, 22, 1, 31, 38, 0
196, 4, 2, 28, 30, 0
202, 10, 2, 17, 35, 0
202, 10, 1, 19, 24, 0
202, 10, 2, 21, 31, 0
202, 10, 3, 24, 24, 0
203, 10, 2, 27, 24, 0
205, 4, 2, 26, 40, 0
301, 10, 2, 30, 42, 0
324, 22, 0, 11, 35, 0
324, 22, 3, 12, 33, 0
324, 22, 3, 13, 23, 0
324, 22, 0, 14, 25, 0
324, 22, 1, 14, 30, 0
324, 22, 2, 15, 21, 0
324, 22, 1, 15, 38, 0
324, 22, 1, 16, 19, 0
324, 22, 1, 18, 20, 0
324, 22, 2, 18, 38, 0
324, 22, 3, 19, 18, 0
324, 22, 3, 20, 40, 0
324, 22, 2, 21, 20, 0
324, 22, 1, 23, 18, 0
324, 22, 0, 25, 20, 0
324, 22, 0, 25, 40, 0
324, 22, 2, 27, 19, 0
324, 22, 1, 28, 21, 0
324, 22, 0, 30, 21, 0
324, 22, 3, 30, 23, 0
324, 22, 2, 30, 25, 0
324, 22, 1, 30, 33, 0
324, 22, 2, 30, 37, 0
324, 22, 0, 32, 25, 0
324, 22, 0, 32, 36, 0
324, 22, 3, 32, 40, 0
324, 22, 3, 33, 27, 0
324, 22, 2, 33, 34, 0
325, 22, 1, 11, 24, 0
325, 22, 1, 11, 30, 0
325, 22, 1, 11, 32, 0
325, 22, 0, 11, 33, 0
325, 22, 3, 11, 34, 0
325, 22, 0, 12, 22, 0
325, 22, 1, 12, 23, 0
325, 22, 1, 12, 24, 0
325, 22, 3, 12, 30, 0
325, 22, 0, 12, 31, 0
325, 22, 1, 12, 32, 0
325, 22, 2, 12, 34, 0
325, 22, 3, 12, 36, 0
325, 22, 0, 13, 22, 0
325, 22, 0, 13, 24, 0
325, 22, 3, 13, 31, 0
325, 22, 2, 13, 33, 0
325, 22, 2, 13, 34, 0
325, 22, 0, 13, 35, 0
325, 22, 0, 13, 36, 0
325, 22, 0, 14, 21, 0
325, 22, 3, 14, 24, 0
325, 22, 2, 14, 26, 0
325, 22, 3, 14, 27, 0
325, 22, 3, 14, 29, 0
325, 22, 1, 14, 36, 0
325, 22, 1, 14, 37, 0
325, 22, 0, 14, 38, 0
325, 22, 1, 15, 19, 0
325, 22, 1, 15, 20, 0
325, 22, 0, 15, 22, 0
325, 22, 2, 15, 24, 0
325, 22, 2, 15, 25, 0
325, 22, 1, 15, 26, 0
325, 22, 1, 15, 27, 0
325, 22, 2, 15, 28, 0
325, 22, 0, 15, 29, 0
325, 22, 0, 15, 36, 0
325, 22, 3, 15, 37, 0
325, 22, 2, 15, 39, 0
325, 22, 1, 16, 18, 0
325, 22, 1, 16, 20, 0
325, 22, 3, 16, 21, 0
325, 22, 3, 16, 22, 0
325, 22, 0, 16, 23, 0
325, 22, 3, 16, 36, 0
325, 22, 3, 16, 38, 0
325, 22, 3, 16, 39, 0
325, 22, 3, 16, 40, 0
325, 22, 3, 16, 41, 0
325, 22, 1, 17, 18, 0
325, 22, 3, 17, 20, 0
325, 22, 0, 17, 22, 0
325, 22, 0, 17, 36, 0
325, 22, 3, 17, 37, 0
325, 22, 2, 17, 38, 0
325, 22, 2, 17, 39, 0
325, 22, 3, 17, 41, 0
325, 22, 3, 18, 18, 0
325, 22, 3, 18, 19, 0
325, 22, 1, 18, 21, 0
325, 22, 3, 18, 37, 0
325, 22, 0, 18, 39, 0
325, 22, 1, 18, 40, 0
325, 22, 0, 18, 41, 0
325, 22, 1, 19, 19, 0
325, 22, 1, 19, 21, 0
325, 22, 0, 19, 37, 0
325, 22, 3, 19, 38, 0
325, 22, 2, 19, 39, 0
325, 22, 0, 20, 18, 0
325, 22, 0, 20, 20, 0
325, 22, 2, 20, 21, 0
325, 22, 0, 20, 38, 0
325, 22, 3, 20, 39, 0
325, 22, 2, 20, 41, 0
325, 22, 3, 20, 42, 0
325, 22, 3, 21, 19, 0
325, 22, 0, 21, 21, 0
325, 22, 3, 22, 18, 0
325, 22, 0, 22, 19, 0
325, 22, 3, 22, 20, 0
325, 22, 3, 22, 21, 0
325, 22, 1, 22, 39, 0
325, 22, 3, 22, 41, 0
325, 22, 2, 22, 42, 0
325, 22, 2, 23, 19, 0
325, 22, 2, 23, 21, 0
325, 22, 0, 23, 37, 0
325, 22, 1, 23, 38, 0
325, 22, 0, 23, 41, 0
325, 22, 3, 23, 42, 0
325, 22, 1, 24, 18, 0
325, 22, 1, 24, 19, 0
325, 22, 2, 24, 20, 0
325, 22, 1, 24, 21, 0
325, 22, 0, 24, 36, 0
325, 22, 1, 24, 39, 0
325, 22, 3, 24, 40, 0
325, 22, 0, 24, 42, 0
325, 22, 0, 25, 18, 0
325, 22, 0, 25, 21, 0
325, 22, 3, 25, 37, 0
325, 22, 2, 25, 38, 0
325, 22, 1, 25, 39, 0
325, 22, 1, 25, 41, 0
325, 22, 2, 25, 42, 0
325, 22, 0, 26, 18, 0
325, 22, 3, 26, 19, 0
325, 22, 3, 26, 20, 0
325, 22, 3, 26, 21, 0
325, 22, 0, 26, 37, 0
325, 22, 2, 26, 39, 0
325, 22, 3, 26, 40, 0
325, 22, 0, 26, 41, 0
325, 22, 2, 27, 18, 0
325, 22, 2, 27, 21, 0
325, 22, 3, 27, 23, 0
325, 22, 2, 27, 33, 0
325, 22, 1, 27, 35, 0
325, 22, 3, 27, 36, 0
325, 22, 3, 27, 37, 0
325, 22, 3, 27, 38, 0
325, 22, 0, 28, 18, 0
325, 22, 0, 28, 19, 0
325, 22, 2, 28, 22, 0
325, 22, 1, 28, 23, 0
325, 22, 2, 28, 33, 0
325, 22, 0, 28, 34, 0
325, 22, 3, 28, 36, 0
325, 22, 1, 28, 37, 0
325, 22, 1, 28, 39, 0
325, 22, 2, 29, 20, 0
325, 22, 2, 29, 21, 0
325, 22, 2, 29, 22, 0
325, 22, 0, 29, 23, 0
325, 22, 2, 29, 25, 0
325, 22, 2, 29, 27, 0
325, 22, 1, 29, 32, 0
325, 22, 3, 29, 34, 0
325, 22, 3, 29, 37, 0
325, 22, 0, 29, 38, 0
325, 22, 1, 30, 20, 0
325, 22, 3, 30, 24, 0
325, 22, 2, 30, 32, 0
325, 22, 2, 30, 34, 0
325, 22, 3, 30, 36, 0
325, 22, 1, 30, 38, 0
325, 22, 3, 31, 22, 0
325, 22, 0, 31, 23, 0
325, 22, 3, 31, 24, 0
325, 22, 1, 31, 25, 0
325, 22, 2, 31, 27, 0
325, 22, 3, 31, 32, 0
325, 22, 3, 31, 33, 0
325, 22, 1, 31, 34, 0
325, 22, 1, 31, 36, 0
325, 22, 2, 31, 37, 0
325, 22, 0, 31, 40, 0
325, 22, 2, 32, 24, 0
325, 22, 1, 32, 26, 0
325, 22, 1, 32, 27, 0
325, 22, 3, 32, 32, 0
325, 22, 1, 32, 34, 0
325, 22, 0, 32, 35, 0
325, 22, 3, 32, 37, 0
325, 22, 0, 32, 38, 0
325, 22, 2, 32, 39, 0
325, 22, 3, 32, 41, 0
325, 22, 1, 32, 42, 0
325, 22, 2, 33, 23, 0
325, 22, 1, 33, 24, 0
325, 22, 2, 33, 25, 0
325, 22, 0, 33, 26, 0
325, 22, 3, 33, 28, 0
325, 22, 2, 33, 29, 0
325, 22, 1, 33, 30, 0
325, 22, 0, 33, 32, 0
325, 22, 2, 33, 36, 0
325, 22, 0, 33, 37, 0
325, 22, 3, 33, 39, 0
325, 22, 1, 33, 40, 0
325, 22, 0, 33, 41, 0
325, 22, 3, 33, 42, 0
326, 22, 3, 11, 23, 0
326, 22, 2, 11, 31, 0
326, 22, 3, 12, 35, 0
326, 22, 2, 13, 21, 0
326, 22, 1, 13, 30, 0
326, 22, 0, 14, 28, 0
326, 22, 1, 15, 23, 0
326, 22, 1, 16, 37, 0
326, 22, 3, 17, 19, 0
326, 22, 0, 17, 21, 0
326, 22, 2, 17, 40, 0
326, 22, 3, 19, 20, 0
326, 22, 3, 19, 42, 0
326, 22, 2, 20, 19, 0
326, 22, 2, 21, 18, 0
326, 22, 2, 22, 40, 0
326, 22, 1, 23, 20, 0
326, 22, 1, 24, 38, 0
326, 22, 0, 25, 19, 0
326, 22, 0, 26, 38, 0
326, 22, 3, 27, 20, 0
326, 22, 1, 27, 22, 0
326, 22, 3, 28, 35, 0
326, 22, 2, 28, 38, 0
326, 22, 2, 29, 19, 0
326, 22, 0, 29, 33, 0
326, 22, 0, 30, 22, 0
326, 22, 2, 30, 27, 0
326, 22, 2, 30, 35, 0
326, 22, 1, 31, 26, 0
326, 22, 3, 32, 23, 0
326, 22, 1, 32, 33, 0
326, 22, 0, 33, 31, 0
326, 22, 3, 33, 38, 0
365, 10, 3, 14, 32, 3
365, 10, 0, 14, 33, 3
391, 4, 0, 16, 29, 0
391, 5, 1, 17, 29, 0
422, 10, 0, 20, 35, 0
456, 10, 3, 7, 61, 0
456, 10, 3, 8, 60, 0
456, 10, 3, 9, 58, 0
456, 10, 3, 10, 56, 0
456, 10, 3, 10, 58, 0
456, 10, 3, 10, 59, 0
456, 10, 3, 10, 60, 0
456, 10, 3, 11, 55, 0
456, 10, 3, 11, 56, 0
456, 10, 3, 12, 53, 0
456, 10, 3, 12, 59, 0
456, 10, 3, 13, 52, 0
456, 10, 3, 15, 51, 0
456, 10, 3, 16, 50, 0
456, 10, 3, 17, 50, 0
456, 10, 3, 18, 49, 0
456, 10, 3, 26, 47, 0
456, 10, 3, 27, 47, 0
456, 10, 3, 29, 46, 0
456, 10, 3, 30, 47, 0
456, 10, 3, 31, 47, 0
456, 10, 3, 31, 49, 0
456, 10, 3, 32, 46, 0
456, 10, 3, 32, 48, 0
456, 10, 3, 33, 46, 0
456, 10, 3, 34, 45, 0
456, 10, 3, 34, 46, 0
456, 10, 3, 34, 47, 0
456, 10, 3, 35, 46, 0
457, 10, 3, 7, 59, 0
457, 10, 3, 9, 54, 0
457, 10, 3, 12, 56, 0
457, 10, 3, 14, 54, 0
457, 10, 3, 15, 53, 0
457, 10, 3, 17, 52, 0
457, 10, 3, 18, 51, 0
457, 10, 3, 19, 50, 0
457, 10, 3, 20, 49, 0
457, 10, 3, 22, 48, 0
457, 10, 3, 23, 48, 0
457, 10, 3, 25, 48, 0
457, 10, 3, 26, 48, 0
457, 10, 3, 27, 48, 0
457, 10, 3, 28, 47, 0
458, 10, 3, 11, 58, 0
458, 10, 3, 11, 59, 0
458, 10, 3, 12, 57, 0
458, 10, 3, 12, 58, 0
458, 10, 3, 12, 61, 0
458, 10, 3, 13, 53, 0
458, 10, 3, 13, 54, 0
458, 10, 3, 13, 58, 0
458, 10, 3, 13, 59, 0
458, 10, 3, 13, 60, 0
458, 10, 3, 13, 61, 0
458, 10, 3, 14, 59, 0
458, 10, 3, 17, 51, 0
458, 10, 3, 17, 59, 0
458, 10, 3, 18, 59, 0
458, 10, 3, 19, 58, 0
458, 10, 3, 19, 59, 0
458, 10, 3, 20, 50, 0
458, 10, 3, 20, 57, 0
458, 10, 3, 21, 49, 0
458, 10, 3, 22, 50, 0
458, 10, 3, 22, 55, 0
458, 10, 3, 23, 49, 0
458, 10, 3, 23, 50, 0
458, 10, 3, 24, 53, 0
458, 10, 3, 24, 54, 0
458, 10, 3, 25, 52, 0
458, 10, 3, 25, 53, 0
458, 10, 3, 26, 52, 0
458, 10, 3, 26, 53, 0
458, 10, 3, 27, 51, 0
458, 10, 3, 28, 51, 0
458, 10, 3, 28, 52, 0
458, 10, 3, 29, 50, 0
458, 10, 3, 29, 51, 0
458, 10, 3, 30, 49, 0
458, 10, 3, 30, 50, 0
458, 10, 3, 31, 50, 0
459, 10, 3, 14, 55, 0
459, 10, 3, 14, 61, 0
459, 10, 3, 15, 60, 0
459, 10, 3, 15, 61, 0
459, 10, 3, 16, 53, 0
459, 10, 3, 16, 59, 0
459, 10, 3, 16, 60, 0
459, 10, 3, 16, 61, 0
459, 10, 3, 17, 53, 0
459, 10, 3, 17, 56, 0
459, 10, 3, 17, 58, 0
459, 10, 3, 18, 55, 0
459, 10, 3, 18, 56, 0
459, 10, 3, 18, 57, 0
459, 10, 3, 18, 58, 0
459, 10, 3, 19, 55, 0
459, 10, 3, 19, 56, 0
459, 10, 3, 19, 57, 0
459, 10, 3, 20, 55, 0
459, 10, 3, 21, 52, 0
459, 10, 3, 21, 54, 0
459, 10, 3, 21, 55, 0
459, 10, 3, 21, 56, 0
459, 10, 3, 23, 54, 0
459, 10, 3, 23, 55, 0
459, 10, 3, 24, 55, 0
459, 10, 3, 26, 54, 0
459, 10, 3, 27, 54, 0
460, 10, 2, 11, 57, 0
460, 10, 3, 11, 60, 0
460, 10, 3, 11, 61, 0
460, 10, 3, 11, 62, 0
460, 10, 2, 12, 55, 0
460, 10, 3, 12, 60, 0
460, 10, 3, 12, 62, 0
460, 10, 2, 13, 55, 0
460, 10, 3, 14, 58, 0
460, 10, 3, 14, 60, 0
460, 10, 3, 15, 57, 0
460, 10, 3, 15, 58, 0
460, 10, 3, 15, 59, 0
460, 10, 3, 16, 56, 0
460, 10, 3, 16, 58, 0
460, 10, 3, 17, 55, 0
460, 10, 3, 17, 57, 0
460, 10, 3, 18, 54, 0
460, 10, 3, 19, 54, 0
460, 10, 3, 20, 53, 0
460, 10, 3, 20, 54, 0
460, 10, 3, 21, 53, 0
460, 10, 3, 22, 52, 0
460, 10, 3, 22, 53, 0
460, 10, 3, 23, 52, 0
460, 10, 3, 23, 53, 0
460, 10, 3, 25, 50, 0
460, 10, 3, 25, 51, 0
460, 10, 3, 27, 50, 0
461, 10, 3, 13, 56, 0
461, 10, 3, 13, 57, 0
461, 10, 3, 14, 56, 0
461, 10, 3, 14, 57, 0
461, 10, 3, 15, 54, 0
461, 10, 3, 15, 55, 0
461, 10, 3, 15, 56, 0
461, 10, 3, 16, 54, 0
461, 10, 3, 16, 55, 0
461, 10, 3, 16, 57, 0
461, 10, 3, 17, 54, 0
461, 10, 3, 18, 52, 0
461, 10, 3, 18, 53, 0
461, 10, 3, 19, 51, 0
461, 10, 3, 19, 52, 0
461, 10, 3, 19, 53, 0
461, 10, 3, 20, 51, 0
461, 10, 3, 20, 52, 0
461, 10, 3, 21, 50, 0
461, 10, 3, 21, 51, 0
461, 10, 3, 22, 51, 0
461, 10, 3, 23, 51, 0
461, 10, 3, 24, 49, 0
461, 10, 3, 24, 50, 0
461, 10, 3, 24, 51, 0
461, 10, 3, 26, 49, 0
461, 10, 3, 26, 50, 0
461, 10, 3, 26, 51, 0
461, 10, 3, 27, 49, 0
461, 10, 3, 28, 49, 0
461, 10, 3, 28, 50, 0
461, 10, 3, 29, 48, 0
461, 10, 3, 31, 48, 0
461, 10, 3, 32, 47, 0
461, 10, 3, 33, 47, 0
693, 10, 0, 23, 35, 0
770, 22, 1, 15, 32, 1
770, 22, 1, 15, 33, 1
770, 22, 0, 16, 31, 1
770, 22, 2, 16, 34, 1
770, 22, 0, 17, 31, 1
770, 22, 2, 17, 34, 1
770, 22, 3, 18, 32, 1
770, 22, 3, 18, 33, 1
770, 22, 1, 15, 32, 2
770, 22, 1, 15, 33, 2
770, 22, 0, 16, 31, 2
770, 22, 2, 16, 34, 2
770, 22, 0, 17, 31, 2
770, 22, 2, 17, 34, 2
770, 22, 3, 18, 32, 2
770, 22, 3, 18, 33, 2
770, 22, 1, 15, 32, 3
770, 22, 1, 15, 33, 3
770, 22, 0, 16, 31, 3
770, 22, 2, 16, 34, 3
770, 22, 0, 17, 31, 3
770, 22, 2, 17, 34, 3
770, 22, 3, 18, 32, 3
770, 22, 3, 18, 33, 3
821, 10, 0, 20, 22, 1
821, 10, 0, 24, 22, 1
822, 10, 0, 21, 22, 1
822, 10, 3, 23, 22, 1
822, 10, 1, 26, 22, 1
851, 11, 3, 26, 25, 2
909, 7, 1, 18, 29, 0
917, 22, 3, 21, 24, 0
917, 22, 0, 21, 29, 0
917, 22, 2, 22, 24, 0
917, 22, 1, 22, 29, 0
917, 22, 3, 25, 26, 0
917, 22, 0, 25, 28, 0
917, 22, 2, 27, 26, 0
917, 22, 1, 27, 28, 0
918, 22, 3, 21, 25, 0
918, 22, 3, 21, 26, 0
918, 22, 3, 21, 27, 0
918, 22, 3, 21, 28, 0
918, 22, 1, 22, 25, 0
918, 22, 1, 22, 26, 0
918, 22, 1, 22, 27, 0
918, 22, 1, 22, 28, 0
918, 22, 3, 25, 27, 0
918, 22, 2, 26, 26, 0
918, 22, 0, 26, 28, 0
918, 22, 1, 27, 27, 0
1022, 4, 0, 16, 28, 0
1022, 7, 0, 19, 25, 0
1023, 4, 0, 16, 27, 0
1023, 7, 0, 18, 24, 0
1023, 5, 2, 19, 26, 0
1023, 5, 2, 32, 29, 0
1023, 5, 2, 32, 30, 0
1247, 22, 2, 15, 31, 0
1247, 22, 1, 17, 26, 0
1247, 22, 2, 23, 31, 0
1247, 22, 0, 17, 30, 2
1248, 22, 2, 15, 32, 0
1248, 22, 1, 15, 34, 0
1248, 22, 1, 15, 35, 0
1248, 22, 0, 17, 27, 0
1248, 22, 1, 19, 23, 0
1248, 22, 1, 20, 37, 0
1248, 22, 3, 27, 25, 0
1530, 0, 2, 24, 26, 0
1539, 0, 3, 21, 34, 0
1539, 0, 1, 22, 31, 0
1547, 0, 1, 21, 21, 0
1548, 0, 1, 22, 21, 0
1862, 22, 1, 40, 11, 0
1862, 22, 1, 40, 12, 0
1862, 22, 1, 40, 13, 0
1862, 22, 0, 42, 9, 0
1862, 22, 2, 42, 15, 0
1862, 22, 0, 43, 9, 0
1862, 22, 2, 43, 15, 0
1862, 22, 0, 44, 9, 0
1862, 22, 2, 44, 15, 0
1862, 22, 3, 46, 11, 0
1862, 22, 3, 46, 12, 0
1862, 22, 3, 46, 13, 0
1900, 10, 3, 14, 32, 0
1900, 10, 3, 14, 33, 0
1900, 10, 3, 18, 22, 0
1900, 10, 1, 19, 32, 0
1900, 10, 1, 19, 33, 0
1900, 10, 2, 20, 22, 0
1900, 10, 2, 23, 22, 0
1900, 10, 0, 24, 31, 0
1900, 10, 1, 26, 22, 0
1900, 10, 2, 26, 25, 1
1900, 10, 0, 26, 28, 1
2772, 22, 0, 16, 26, 0
3474, 5, 0, 11, 28, 0
3474, 5, 2, 13, 26, 0
3474, 7, 1, 14, 31, 0
3474, 4, 3, 17, 24, 0
3474, 5, 0, 18, 23, 0
3474, 7, 3, 18, 35, 0
3474, 5, 0, 19, 35, 0
3474, 5, 1, 20, 31, 0
3474, 5, 2, 26, 23, 0
3474, 5, 2, 28, 25, 0
3474, 6, 3, 29, 28, 0
3474, 6, 0, 29, 31, 0
3474, 6, 2, 32, 28, 0
3474, 6, 1, 32, 31, 0
3474, 4, 0, 14, 32, 1
3474, 4, 0, 14, 33, 1
3474, 7, 2, 14, 34, 1
3474, 4, 3, 16, 30, 1
3474, 4, 1, 16, 35, 1
3474, 4, 3, 17, 30, 1
3474, 4, 1, 17, 35, 1
3474, 4, 2, 19, 32, 1
3474, 4, 2, 19, 33, 1
3474, 5, 0, 19, 36, 1
3474, 5, 2, 22, 36, 1
3474, 4, 1, 23, 28, 1
3474, 4, 1, 25, 28, 1
3474, 6, 3, 29, 28, 1
3474, 6, 1, 32, 31, 1
3474, 7, 1, 14, 31, 2
3474, 7, 2, 14, 34, 2
3474, 7, 1, 15, 30, 2
3474, 7, 2, 15, 35, 2
3474, 7, 0, 18, 30, 2
3474, 7, 3, 18, 35, 2
3474, 7, 0, 19, 31, 2
3474, 7, 3, 19, 34, 2
3664, 10, 1, 16, 16, 0
3664, 10, 1, 17, 16, 0
3664, 10, 1, 18, 16, 0
3664, 10, 1, 18, 21, 0
3664, 10, 1, 19, 16, 0
3664, 10, 1, 19, 21, 0
3664, 10, 1, 23, 21, 0
3664, 10, 1, 24, 21, 0
3664, 10, 1, 25, 16, 0
3664, 10, 1, 25, 21, 0
3664, 10, 1, 26, 16, 0
3664, 10, 1, 27, 16, 0
5243, 22, 1, 26, 27, 0
9682, 10, 0, 16, 25, 0
10627, 22, 0, 21, 38, 0
14461, 10, 3, 4, 53, 0
14461, 10, 3, 15, 9, 0
14462, 10, 3, 4, 30, 0
14462, 10, 3, 49, 12, 0
14463, 10, 3, 6, 12, 0
14463, 10, 3, 39, 41, 0
14464, 10, 3, 4, 55, 0
14464, 10, 1, 5, 12, 0
14464, 10, 0, 6, 31, 0
14464, 10, 1, 14, 10, 0
14464, 10, 3, 40, 43, 0
14464, 10, 0, 51, 12, 0
14465, 10, 3, 3, 30, 0
14465, 10, 0, 6, 54, 0
14465, 10, 2, 7, 11, 0
14465, 10, 1, 16, 11, 0
14465, 10, 3, 41, 41, 0
14465, 10, 2, 49, 11, 0
14466, 10, 1, 3, 53, 0
14466, 10, 2, 4, 32, 0
14466, 10, 3, 8, 14, 0
14466, 10, 2, 15, 8, 0
14466, 10, 0, 38, 41, 0
14466, 10, 1, 49, 14, 0
14467, 22, 0, 3, 31, 0
14467, 22, 3, 3, 53, 0
14467, 22, 0, 3, 54, 0
14467, 22, 1, 4, 29, 0
14467, 22, 3, 5, 12, 0
14467, 22, 2, 5, 32, 0
14467, 22, 2, 5, 52, 0
14467, 22, 1, 5, 55, 0
14467, 22, 2, 6, 11, 0
14467, 22, 0, 6, 14, 0
14467, 22, 1, 8, 13, 0
14467, 22, 0, 14, 9, 0
14467, 22, 3, 15, 11, 0
14467, 22, 2, 16, 8, 0
14467, 22, 1, 17, 10, 0
14467, 22, 3, 38, 42, 0
14467, 22, 2, 39, 40, 0
14467, 22, 0, 39, 43, 0
14467, 22, 1, 41, 42, 0
14467, 22, 1, 48, 13, 0
14467, 22, 2, 50, 11, 0
14467, 22, 0, 50, 14, 0
14468, 22, 2, 2, 31, 0
14468, 22, 0, 3, 29, 0
14468, 22, 1, 3, 30, 0
14468, 22, 3, 3, 32, 0
14468, 22, 0, 4, 12, 0
14468, 22, 3, 4, 28, 0
14468, 22, 3, 4, 32, 0
14468, 22, 0, 4, 52, 0
14468, 22, 1, 4, 55, 0
14468, 22, 1, 5, 11, 0
14468, 22, 3, 5, 13, 0
14468, 22, 0, 5, 14, 0
14468, 22, 2, 5, 29, 0
14468, 22, 0, 5, 33, 0
14468, 22, 2, 6, 10, 0
14468, 22, 1, 6, 15, 0
14468, 22, 1, 6, 32, 0
14468, 22, 3, 6, 52, 0
14468, 22, 2, 6, 53, 0
14468, 22, 0, 7, 11, 0
14468, 22, 2, 7, 14, 0
14468, 22, 3, 8, 12, 0
14468, 22, 2, 13, 9, 0
14468, 22, 3, 14, 8, 0
14468, 22, 1, 14, 10, 0
14468, 22, 0, 14, 11, 0
14468, 22, 0, 15, 8, 0
14468, 22, 3, 15, 12, 0
14468, 22, 1, 16, 7, 0
14468, 22, 2, 16, 11, 0
14468, 22, 2, 17, 8, 0
14468, 22, 3, 17, 9, 0
14468, 22, 1, 17, 11, 0
14468, 22, 0, 18, 10, 0
14468, 22, 3, 38, 41, 0
14468, 22, 2, 38, 43, 0
14468, 22, 1, 39, 44, 0
14468, 22, 0, 40, 40, 0
14468, 22, 0, 40, 43, 0
14468, 22, 1, 41, 41, 0
14468, 22, 3, 47, 13, 0
14468, 22, 1, 48, 12, 0
14468, 22, 2, 48, 14, 0
14468, 22, 0, 49, 11, 0
14468, 22, 2, 49, 14, 0
14468, 22, 3, 50, 10, 0
14468, 22, 3, 50, 15, 0
14468, 22, 2, 51, 11, 0
14468, 22, 0, 51, 13, 0
14470, 22, 3, 4, 30, 0
14470, 22, 0, 4, 31, 0
14470, 22, 3, 4, 53, 0
14470, 22, 0, 4, 54, 0
14470, 22, 2, 5, 30, 0
14470, 22, 1, 5, 31, 0
14470, 22, 2, 5, 53, 0
14470, 22, 1, 5, 54, 0
14470, 22, 3, 6, 12, 0
14470, 22, 0, 6, 13, 0
14470, 22, 2, 7, 12, 0
14470, 22, 1, 7, 13, 0
14470, 22, 3, 15, 9, 0
14470, 22, 0, 15, 10, 0
14470, 22, 2, 16, 9, 0
14470, 22, 1, 16, 10, 0
14470, 22, 3, 39, 41, 0
14470, 22, 0, 39, 42, 0
14470, 22, 2, 40, 41, 0
14470, 22, 1, 40, 42, 0
14470, 22, 3, 49, 12, 0
14470, 22, 0, 49, 13, 0
14470, 22, 2, 50, 12, 0
14470, 22, 1, 50, 13, 0
14471, 22, 3, 1, 31, 0
14471, 22, 1, 2, 29, 0
14471, 22, 0, 2, 30, 0
14471, 22, 2, 2, 32, 0
14471, 22, 1, 2, 53, 0
14471, 22, 2, 2, 54, 0
14471, 22, 2, 3, 12, 0
14471, 22, 2, 3, 28, 0
14471, 22, 0, 3, 52, 0
14471, 22, 3, 3, 55, 0
14471, 22, 1, 4, 11, 0
14471, 22, 3, 4, 13, 0
14471, 22, 0, 4, 14, 0
14471, 22, 3, 4, 27, 0
14471, 22, 1, 4, 33, 0
14471, 22, 3, 4, 51, 0
14471, 22, 0, 4, 56, 0
14471, 22, 0, 5, 10, 0
14471, 22, 1, 5, 15, 0
14471, 22, 2, 5, 28, 0
14471, 22, 0, 5, 34, 0
14471, 22, 2, 5, 51, 0
14471, 22, 1, 5, 56, 0
14471, 22, 3, 6, 9, 0
14471, 22, 0, 6, 16, 0
14471, 22, 3, 6, 29, 0
14471, 22, 0, 6, 30, 0
14471, 22, 3, 6, 33, 0
14471, 22, 1, 6, 51, 0
14471, 22, 2, 6, 55, 0
14471, 22, 2, 7, 10, 0
14471, 22, 1, 7, 15, 0
14471, 22, 1, 7, 31, 0
14471, 22, 2, 7, 32, 0
14471, 22, 0, 7, 52, 0
14471, 22, 3, 7, 53, 0
14471, 22, 1, 8, 11, 0
14471, 22, 2, 8, 14, 0
14471, 22, 0, 9, 12, 0
14471, 22, 3, 9, 13, 0
14471, 22, 0, 12, 9, 0
14471, 22, 1, 13, 8, 0
14471, 22, 3, 13, 10, 0
14471, 22, 2, 13, 11, 0
14471, 22, 2, 14, 7, 0
14471, 22, 1, 14, 12, 0
14471, 22, 3, 15, 7, 0
14471, 22, 0, 15, 13, 0
14471, 22, 0, 16, 6, 0
14471, 22, 3, 16, 13, 0
14471, 22, 1, 17, 7, 0
14471, 22, 2, 17, 12, 0
14471, 22, 2, 18, 8, 0
14471, 22, 3, 18, 9, 0
14471, 22, 1, 18, 11, 0
14471, 22, 0, 19, 10, 0
14471, 22, 0, 37, 42, 0
14471, 22, 3, 37, 43, 0
14471, 22, 1, 38, 40, 0
14471, 22, 2, 38, 44, 0
14471, 22, 2, 39, 39, 0
14471, 22, 1, 39, 45, 0
14471, 22, 3, 40, 44, 0
14471, 22, 3, 41, 40, 0
14471, 22, 2, 41, 43, 0
14471, 22, 0, 42, 41, 0
14471, 22, 1, 42, 42, 0
14471, 22, 2, 47, 12, 0
14471, 22, 3, 47, 14, 0
14471, 22, 1, 48, 11, 0
14471, 22, 0, 48, 15, 0
14471, 22, 0, 49, 10, 0
14471, 22, 0, 49, 15, 0
14471, 22, 3, 50, 9, 0
14471, 22, 1, 50, 16, 0
14471, 22, 2, 51, 10, 0
14471, 22, 2, 51, 14, 0
14471, 22, 1, 52, 11, 0
14471, 22, 0, 52, 12, 0
14471, 22, 3, 52, 13, 0
14500, 22, 2, 0, 1, 0
14500, 22, 3, 2, 4, 0
14500, 22, 2, 2, 25, 0
14500, 22, 0, 2, 35, 0
14500, 22, 3, 3, 24, 0
14500, 22, 0, 3, 25, 0
14500, 22, 1, 3, 34, 0
14500, 22, 0, 4, 2, 0
14500, 22, 1, 8, 6, 0
14500, 22, 3, 8, 44, 0
14500, 22, 0, 8, 49, 0
14500, 22, 1, 9, 28, 0
14500, 22, 2, 10, 28, 0
14500, 22, 0, 10, 29, 0
14500, 22, 3, 10, 32, 0
14500, 22, 2, 11, 11, 0
14500, 22, 3, 12, 19, 0
14500, 22, 0, 15, 1, 0
14500, 22, 3, 15, 5, 0
14500, 22, 2, 15, 41, 0
14500, 22, 2, 16, 45, 0
14500, 22, 3, 21, 10, 0
14500, 22, 2, 22, 6, 0
14500, 22, 1, 25, 43, 0
14500, 22, 1, 27, 1, 0
14500, 22, 0, 27, 43, 0
14500, 22, 1, 32, 19, 0
14500, 22, 3, 32, 20, 0
14500, 22, 0, 34, 10, 0
14500, 22, 1, 34, 34, 0
14500, 22, 1, 35, 9, 0
14500, 22, 2, 35, 31, 0
14500, 22, 0, 36, 19, 0
14500, 22, 2, 37, 3, 0
14500, 22, 3, 38, 3, 0
14500, 22, 2, 40, 34, 0
14500, 22, 1, 42, 23, 0
14500, 22, 0, 42, 24, 0
14500, 22, 2, 43, 22, 0
14500, 22, 1, 44, 37, 0
14500, 22, 3, 46, 31, 0
14500, 22, 1, 47, 0, 0
14500, 22, 2, 48, 0, 0
14500, 22, 3, 61, 3, 0
14501, 22, 0, 0, 0, 0
14501, 22, 2, 0, 2, 0
14501, 22, 1, 0, 5, 0
14501, 22, 3, 0, 34, 0
14501, 22, 3, 1, 1, 0
14501, 22, 1, 1, 4, 0
14501, 22, 2, 1, 6, 0
14501, 22, 3, 1, 7, 0
14501, 22, 1, 1, 20, 0
14501, 22, 2, 1, 22, 0
14501, 22, 1, 1, 24, 0
14501, 22, 2, 1, 25, 0
14501, 22, 0, 1, 27, 0
14501, 22, 0, 1, 30, 0
14501, 22, 3, 1, 33, 0
14501, 22, 2, 1, 34, 0
14501, 22, 1, 1, 35, 0
14501, 22, 0, 1, 36, 0
14501, 22, 1, 1, 50, 0
14501, 22, 1, 1, 52, 0
14501, 22, 0, 1, 53, 0
14501, 22, 0, 1, 54, 0
14501, 22, 2, 2, 0, 0
14501, 22, 2, 2, 3, 0
14501, 22, 0, 2, 5, 0
14501, 22, 3, 2, 13, 0
14501, 22, 1, 2, 16, 0
14501, 22, 1, 2, 22, 0
14501, 22, 0, 2, 23, 0
14501, 22, 2, 2, 26, 0
14501, 22, 1, 2, 28, 0
14501, 22, 2, 2, 36, 0
14501, 22, 1, 2, 37, 0
14501, 22, 2, 2, 39, 0
14501, 22, 3, 2, 41, 0
14501, 22, 3, 2, 42, 0
14501, 22, 2, 2, 43, 0
14501, 22, 0, 2, 45, 0
14501, 22, 0, 2, 46, 0
14501, 22, 2, 2, 51, 0
14501, 22, 1, 2, 52, 0
14501, 22, 1, 2, 56, 0
14501, 22, 3, 3, 2, 0
14501, 22, 3, 3, 4, 0
14501, 22, 1, 3, 5, 0
14501, 22, 0, 3, 6, 0
14501, 22, 0, 3, 7, 0
14501, 22, 2, 3, 15, 0
14501, 22, 1, 3, 16, 0
14501, 22, 3, 3, 23, 0
14501, 22, 3, 3, 27, 0
14501, 22, 1, 3, 33, 0
14501, 22, 3, 3, 35, 0
14501, 22, 2, 3, 37, 0
14501, 22, 0, 3, 41, 0
14501, 22, 1, 3, 44, 0
14501, 22, 3, 3, 45, 0
14501, 22, 1, 3, 48, 0
14501, 22, 3, 3, 51, 0
14501, 22, 0, 3, 57, 0
14501, 22, 1, 4, 0, 0
14501, 22, 0, 4, 1, 0
14501, 22, 0, 4, 3, 0
14501, 22, 3, 4, 4, 0
14501, 22, 3, 4, 8, 0
14501, 22, 2, 4, 15, 0
14501, 22, 0, 4, 18, 0
14501, 22, 3, 4, 20, 0
14501, 22, 0, 4, 22, 0
14501, 22, 2, 4, 24, 0
14501, 22, 1, 4, 25, 0
14501, 22, 0, 4, 26, 0
14501, 22, 0, 4, 34, 0
14501, 22, 0, 4, 36, 0
14501, 22, 1, 4, 40, 0
14501, 22, 1, 4, 42, 0
14501, 22, 2, 4, 43, 0
14501, 22, 0, 4, 50, 0
14501, 22, 1, 5, 2, 0
14501, 22, 2, 5, 3, 0
14501, 22, 0, 5, 16, 0
14501, 22, 3, 5, 24, 0
14501, 22, 3, 5, 37, 0
14501, 22, 3, 5, 38, 0
14501, 22, 3, 5, 42, 0
14501, 22, 0, 5, 45, 0
14501, 22, 1, 6, 6, 0
14501, 22, 0, 6, 17, 0
14501, 22, 2, 6, 20, 0
14501, 22, 2, 6, 37, 0
14501, 22, 1, 6, 40, 0
14501, 22, 2, 6, 44, 0
14501, 22, 2, 6, 48, 0
14501, 22, 2, 6, 49, 0
14501, 22, 0, 7, 0, 0
14501, 22, 2, 7, 4, 0
14501, 22, 0, 7, 6, 0
14501, 22, 0, 7, 8, 0
14501, 22, 2, 7, 22, 0
14501, 22, 0, 7, 36, 0
14501, 22, 1, 7, 42, 0
14501, 22, 1, 7, 44, 0
14501, 22, 3, 7, 46, 0
14501, 22, 3, 7, 47, 0
14501, 22, 3, 7, 48, 0
14501, 22, 3, 7, 50, 0
14501, 22, 3, 7, 51, 0
14501, 22, 0, 8, 3, 0
14501, 22, 1, 8, 5, 0
14501, 22, 3, 8, 7, 0
14501, 22, 2, 8, 16, 0
14501, 22, 1, 8, 17, 0
14501, 22, 1, 8, 27, 0
14501, 22, 0, 8, 28, 0
14501, 22, 3, 8, 32, 0
14501, 22, 0, 8, 33, 0
14501, 22, 0, 8, 34, 0
14501, 22, 2, 8, 43, 0
14501, 22, 0, 8, 45, 0
14501, 22, 0, 8, 48, 0
14501, 22, 2, 8, 50, 0
14501, 22, 0, 8, 52, 0
14501, 22, 3, 9, 4, 0
14501, 22, 2, 9, 6, 0
14501, 22, 0, 9, 10, 0
14501, 22, 2, 9, 18, 0
14501, 22, 1, 9, 26, 0
14501, 22, 2, 9, 27, 0
14501, 22, 3, 9, 29, 0
14501, 22, 2, 9, 30, 0
14501, 22, 0, 9, 32, 0
14501, 22, 1, 9, 34, 0
14501, 22, 1, 9, 35, 0
14501, 22, 0, 9, 42, 0
14501, 22, 0, 9, 43, 0
14501, 22, 3, 9, 44, 0
14501, 22, 0, 9, 46, 0
14501, 22, 1, 9, 49, 0
14501, 22, 0, 10, 0, 0
14501, 22, 3, 10, 7, 0
14501, 22, 0, 10, 10, 0
14501, 22, 3, 10, 11, 0
14501, 22, 2, 10, 12, 0
14501, 22, 0, 10, 19, 0
14501, 22, 2, 10, 24, 0
14501, 22, 0, 10, 26, 0
14501, 22, 3, 10, 27, 0
14501, 22, 2, 10, 30, 0
14501, 22, 1, 10, 31, 0
14501, 22, 3, 10, 33, 0
14501, 22, 1, 10, 50, 0
14501, 22, 1, 11, 9, 0
14501, 22, 1, 11, 13, 0
14501, 22, 2, 11, 14, 0
14501, 22, 1, 11, 16, 0
14501, 22, 2, 11, 18, 0
14501, 22, 1, 11, 19, 0
14501, 22, 3, 11, 20, 0
14501, 22, 2, 11, 21, 0
14501, 22, 3, 11, 38, 0
14501, 22, 3, 11, 39, 0
14501, 22, 0, 11, 45, 0
14501, 22, 3, 11, 46, 0
14501, 22, 2, 11, 48, 0
14501, 22, 3, 12, 1, 0
14501, 22, 0, 12, 6, 0
14501, 22, 3, 12, 10, 0
14501, 22, 3, 12, 11, 0
14501, 22, 1, 12, 13, 0
14501, 22, 2, 12, 17, 0
14501, 22, 3, 12, 18, 0
14501, 22, 1, 12, 39, 0
14501, 22, 0, 12, 41, 0
14501, 22, 1, 12, 45, 0
14501, 22, 3, 12, 49, 0
14501, 22, 2, 13, 2, 0
14501, 22, 1, 13, 5, 0
14501, 22, 0, 13, 17, 0
14501, 22, 0, 13, 40, 0
14501, 22, 0, 13, 41, 0
14501, 22, 1, 14, 1, 0
14501, 22, 3, 14, 4, 0
14501, 22, 0, 14, 5, 0
14501, 22, 1, 14, 6, 0
14501, 22, 3, 14, 16, 0
14501, 22, 1, 14, 18, 0
14501, 22, 1, 14, 40, 0
14501, 22, 3, 14, 41, 0
14501, 22, 2, 14, 42, 0
14501, 22, 3, 14, 44, 0
14501, 22, 2, 14, 46, 0
14501, 22, 1, 14, 47, 0
14501, 22, 2, 15, 0, 0
14501, 22, 2, 15, 2, 0
14501, 22, 0, 15, 17, 0
14501, 22, 1, 15, 42, 0
14501, 22, 2, 15, 45, 0
14501, 22, 1, 15, 46, 0
14501, 22, 1, 16, 0, 0
14501, 22, 3, 16, 2, 0
14501, 22, 1, 16, 3, 0
14501, 22, 2, 16, 4, 0
14501, 22, 1, 16, 12, 0
14501, 22, 0, 16, 14, 0
14501, 22, 2, 16, 42, 0
14501, 22, 3, 16, 44, 0
14501, 22, 3, 16, 47, 0
14501, 22, 0, 16, 48, 0
14501, 22, 3, 17, 0, 0
14501, 22, 0, 17, 1, 0
14501, 22, 0, 17, 2, 0
14501, 22, 0, 17, 5, 0
14501, 22, 3, 17, 43, 0
14501, 22, 0, 17, 45, 0
14501, 22, 2, 17, 46, 0
14501, 22, 1, 18, 0, 0
14501, 22, 3, 18, 1, 0
14501, 22, 1, 18, 5, 0
14501, 22, 2, 18, 12, 0
14501, 22, 0, 18, 45, 0
14501, 22, 2, 19, 0, 0
14501, 22, 2, 19, 11, 0
14501, 22, 1, 19, 13, 0
14501, 22, 1, 19, 47, 0
14501, 22, 0, 20, 6, 0
14501, 22, 0, 20, 8, 0
14501, 22, 3, 20, 10, 0
14501, 22, 0, 20, 12, 0
14501, 22, 2, 20, 44, 0
14501, 22, 1, 21, 4, 0
14501, 22, 3, 21, 6, 0
14501, 22, 2, 21, 7, 0
14501, 22, 0, 21, 9, 0
14501, 22, 3, 21, 12, 0
14501, 22, 3, 21, 46, 0
14501, 22, 1, 22, 0, 0
14501, 22, 1, 22, 4, 0
14501, 22, 3, 22, 5, 0
14501, 22, 1, 22, 8, 0
14501, 22, 1, 22, 9, 0
14501, 22, 1, 22, 10, 0
14501, 22, 2, 22, 11, 0
14501, 22, 3, 22, 43, 0
14501, 22, 3, 23, 0, 0
14501, 22, 0, 23, 5, 0
14501, 22, 0, 23, 7, 0
14501, 22, 2, 23, 11, 0
14501, 22, 3, 23, 12, 0
14501, 22, 2, 23, 43, 0
14501, 22, 0, 24, 0, 0
14501, 22, 2, 24, 1, 0
14501, 22, 0, 24, 5, 0
14501, 22, 1, 24, 6, 0
14501, 22, 2, 24, 7, 0
14501, 22, 3, 24, 8, 0
14501, 22, 2, 24, 11, 0
14501, 22, 1, 24, 16, 0
14501, 22, 1, 24, 17, 0
14501, 22, 1, 24, 43, 0
14501, 22, 3, 24, 44, 0
14501, 22, 0, 24, 47, 0
14501, 22, 1, 25, 0, 0
14501, 22, 1, 25, 1, 0
14501, 22, 1, 25, 9, 0
14501, 22, 0, 25, 17, 0
14501, 22, 0, 25, 44, 0
14501, 22, 2, 25, 45, 0
14501, 22, 1, 25, 46, 0
14501, 22, 1, 26, 0, 0
14501, 22, 3, 26, 2, 0
14501, 22, 0, 26, 6, 0
14501, 22, 0, 26, 8, 0
14501, 22, 1, 26, 44, 0
14501, 22, 3, 26, 45, 0
14501, 22, 2, 27, 0, 0
14501, 22, 2, 27, 3, 0
14501, 22, 1, 27, 7, 0
14501, 22, 3, 27, 9, 0
14501, 22, 0, 27, 10, 0
14501, 22, 2, 27, 13, 0
14501, 22, 0, 27, 44, 0
14501, 22, 3, 28, 0, 0
14501, 22, 0, 28, 1, 0
14501, 22, 0, 28, 2, 0
14501, 22, 1, 28, 3, 0
14501, 22, 3, 28, 7, 0
14501, 22, 2, 28, 8, 0
14501, 22, 3, 28, 12, 0
14501, 22, 1, 28, 43, 0
14501, 22, 1, 29, 0, 0
14501, 22, 2, 29, 1, 0
14501, 22, 2, 29, 3, 0
14501, 22, 1, 29, 5, 0
14501, 22, 1, 29, 9, 0
14501, 22, 2, 29, 43, 0
14501, 22, 3, 30, 0, 0
14501, 22, 3, 30, 18, 0
14501, 22, 2, 30, 46, 0
14501, 22, 0, 31, 0, 0
14501, 22, 3, 31, 18, 0
14501, 22, 1, 31, 19, 0
14501, 22, 0, 31, 45, 0
14501, 22, 3, 31, 46, 0
14501, 22, 1, 32, 5, 0
14501, 22, 1, 32, 9, 0
14501, 22, 1, 32, 10, 0
14501, 22, 0, 32, 11, 0
14501, 22, 0, 32, 13, 0
14501, 22, 0, 32, 16, 0
14501, 22, 3, 32, 17, 0
14501, 22, 1, 32, 18, 0
14501, 22, 0, 33, 3, 0
14501, 22, 3, 33, 4, 0
14501, 22, 3, 33, 5, 0
14501, 22, 2, 33, 8, 0
14501, 22, 3, 33, 10, 0
14501, 22, 0, 33, 19, 0
14501, 22, 3, 33, 20, 0
14501, 22, 2, 33, 21, 0
14501, 22, 0, 33, 43, 0
14501, 22, 2, 34, 7, 0
14501, 22, 2, 34, 9, 0
14501, 22, 1, 34, 11, 0
14501, 22, 1, 34, 15, 0
14501, 22, 0, 34, 18, 0
14501, 22, 1, 34, 20, 0
14501, 22, 2, 34, 22, 0
14501, 22, 0, 34, 26, 0
14501, 22, 2, 34, 28, 0
14501, 22, 1, 34, 30, 0
14501, 22, 2, 34, 31, 0
14501, 22, 0, 34, 32, 0
14501, 22, 1, 34, 36, 0
14501, 22, 0, 34, 37, 0
14501, 22, 2, 34, 42, 0
14501, 22, 1, 34, 43, 0
14501, 22, 0, 35, 0, 0
14501, 22, 1, 35, 2, 0
14501, 22, 1, 35, 8, 0
14501, 22, 2, 35, 11, 0
14501, 22, 1, 35, 18, 0
14501, 22, 1, 35, 19, 0
14501, 22, 1, 35, 25, 0
14501, 22, 3, 35, 30, 0
14501, 22, 1, 35, 32, 0
14501, 22, 3, 35, 33, 0
14501, 22, 2, 35, 35, 0
14501, 22, 3, 35, 37, 0
14501, 22, 0, 35, 39, 0
14501, 22, 3, 35, 44, 0
14501, 22, 3, 36, 0, 0
14501, 22, 2, 36, 1, 0
14501, 22, 1, 36, 2, 0
14501, 22, 0, 36, 3, 0
14501, 22, 3, 36, 4, 0
14501, 22, 0, 36, 9, 0
14501, 22, 3, 36, 10, 0
14501, 22, 1, 36, 12, 0
14501, 22, 2, 36, 17, 0
14501, 22, 2, 36, 18, 0
14501, 22, 0, 36, 20, 0
14501, 22, 2, 36, 21, 0
14501, 22, 2, 36, 22, 0
14501, 22, 3, 36, 26, 0
14501, 22, 0, 36, 31, 0
14501, 22, 2, 36, 34, 0
14501, 22, 1, 36, 35, 0
14501, 22, 3, 36, 40, 0
14501, 22, 3, 36, 41, 0
14501, 22, 1, 37, 0, 0
14501, 22, 3, 37, 1, 0
14501, 22, 0, 37, 4, 0
14501, 22, 1, 37, 5, 0
14501, 22, 3, 37, 8, 0
14501, 22, 0, 37, 11, 0
14501, 22, 3, 37, 16, 0
14501, 22, 1, 37, 18, 0
14501, 22, 0, 37, 19, 0
14501, 22, 2, 37, 25, 0
14501, 22, 2, 37, 28, 0
14501, 22, 3, 37, 31, 0
14501, 22, 0, 37, 33, 0
14501, 22, 3, 37, 44, 0
14501, 22, 0, 38, 2, 0
14501, 22, 3, 38, 4, 0
14501, 22, 0, 38, 17, 0
14501, 22, 1, 38, 20, 0
14501, 22, 0, 38, 35, 0
14501, 22, 3, 38, 36, 0
14501, 22, 1, 38, 38, 0
14501, 22, 2, 39, 0, 0
14501, 22, 1, 39, 3, 0
14501, 22, 2, 39, 4, 0
14501, 22, 0, 39, 14, 0
14501, 22, 1, 39, 21, 0
14501, 22, 0, 39, 23, 0
14501, 22, 2, 39, 27, 0
14501, 22, 0, 39, 30, 0
14501, 22, 3, 39, 31, 0
14501, 22, 3, 39, 34, 0
14501, 22, 2, 39, 35, 0
14501, 22, 3, 40, 0, 0
14501, 22, 2, 40, 5, 0
14501, 22, 3, 40, 16, 0
14501, 22, 1, 40, 21, 0
14501, 22, 3, 40, 24, 0
14501, 22, 2, 40, 25, 0
14501, 22, 1, 40, 27, 0
14501, 22, 0, 40, 28, 0
14501, 22, 1, 40, 30, 0
14501, 22, 0, 40, 33, 0
14501, 22, 1, 40, 36, 0
14501, 22, 2, 40, 37, 0
14501, 22, 3, 40, 46, 0
14501, 22, 2, 41, 5, 0
14501, 22, 2, 41, 19, 0
14501, 22, 1, 41, 21, 0
14501, 22, 2, 41, 22, 0
14501, 22, 3, 41, 23, 0
14501, 22, 0, 41, 24, 0
14501, 22, 0, 41, 28, 0
14501, 22, 0, 41, 29, 0
14501, 22, 1, 41, 34, 0
14501, 22, 2, 41, 35, 0
14501, 22, 1, 41, 44, 0
14501, 22, 2, 41, 45, 0
14501, 22, 1, 42, 7, 0
14501, 22, 2, 42, 17, 0
14501, 22, 0, 42, 20, 0
14501, 22, 2, 42, 21, 0
14501, 22, 2, 42, 25, 0
14501, 22, 1, 42, 26, 0
14501, 22, 1, 42, 32, 0
14501, 22, 0, 42, 37, 0
14501, 22, 0, 42, 43, 0
14501, 22, 0, 42, 44, 0
14501, 22, 0, 42, 47, 0
14501, 22, 3, 43, 0, 0
14501, 22, 3, 43, 19, 0
14501, 22, 1, 43, 21, 0
14501, 22, 2, 43, 23, 0
14501, 22, 3, 43, 25, 0
14501, 22, 3, 43, 27, 0
14501, 22, 1, 43, 30, 0
14501, 22, 2, 43, 34, 0
14501, 22, 1, 43, 36, 0
14501, 22, 3, 43, 37, 0
14501, 22, 2, 43, 38, 0
14501, 22, 1, 43, 39, 0
14501, 22, 2, 43, 40, 0
14501, 22, 1, 43, 44, 0
14501, 22, 0, 44, 0, 0
14501, 22, 0, 44, 2, 0
14501, 22, 0, 44, 3, 0
14501, 22, 2, 44, 4, 0
14501, 22, 1, 44, 21, 0
14501, 22, 0, 44, 22, 0
14501, 22, 3, 44, 23, 0
14501, 22, 0, 44, 24, 0
14501, 22, 2, 44, 29, 0
14501, 22, 0, 44, 31, 0
14501, 22, 0, 44, 35, 0
14501, 22, 2, 44, 36, 0
14501, 22, 1, 44, 39, 0
14501, 22, 3, 44, 42, 0
14501, 22, 0, 44, 45, 0
14501, 22, 0, 44, 46, 0
14501, 22, 3, 45, 0, 0
14501, 22, 1, 45, 1, 0
14501, 22, 3, 45, 4, 0
14501, 22, 2, 45, 17, 0
14501, 22, 3, 45, 19, 0
14501, 22, 0, 45, 22, 0
14501, 22, 2, 45, 25, 0
14501, 22, 3, 45, 30, 0
14501, 22, 2, 45, 32, 0
14501, 22, 3, 45, 36, 0
14501, 22, 1, 45, 38, 0
14501, 22, 2, 45, 39, 0
14501, 22, 1, 45, 45, 0
14501, 22, 2, 46, 1, 0
14501, 22, 3, 46, 9, 0
14501, 22, 0, 46, 19, 0
14501, 22, 1, 46, 20, 0
14501, 22, 1, 46, 24, 0
14501, 22, 2, 46, 29, 0
14501, 22, 3, 46, 32, 0
14501, 22, 0, 46, 34, 0
14501, 22, 0, 46, 37, 0
14501, 22, 3, 46, 38, 0
14501, 22, 3, 47, 1, 0
14501, 22, 0, 47, 2, 0
14501, 22, 2, 47, 22, 0
14501, 22, 3, 47, 28, 0
14501, 22, 1, 47, 30, 0
14501, 22, 0, 47, 31, 0
14501, 22, 3, 47, 33, 0
14501, 22, 1, 47, 35, 0
14501, 22, 1, 48, 2, 0
14501, 22, 0, 48, 8, 0
14501, 22, 0, 48, 10, 0
14501, 22, 1, 48, 17, 0
14501, 22, 3, 48, 21, 0
14501, 22, 0, 48, 29, 0
14501, 22, 1, 48, 31, 0
14501, 22, 2, 49, 1, 0
14501, 22, 3, 49, 9, 0
14501, 22, 3, 49, 19, 0
14501, 22, 2, 49, 33, 0
14501, 22, 0, 50, 0, 0
14501, 22, 3, 50, 1, 0
14501, 22, 3, 50, 7, 0
14501, 22, 1, 51, 0, 0
14501, 22, 0, 51, 9, 0
14501, 22, 3, 51, 12, 0
14501, 22, 0, 51, 16, 0
14501, 22, 2, 52, 0, 0
14501, 22, 1, 52, 2, 0
14501, 22, 1, 52, 3, 0
14501, 22, 2, 52, 4, 0
14501, 22, 0, 52, 6, 0
14501, 22, 1, 52, 7, 0
14501, 22, 1, 52, 10, 0
14501, 22, 0, 53, 2, 0
14501, 22, 3, 53, 3, 0
14501, 22, 2, 53, 7, 0
14501, 22, 2, 53, 11, 0
14501, 22, 2, 54, 2, 0
14501, 22, 1, 54, 3, 0
14501, 22, 0, 55, 1, 0
14501, 22, 0, 57, 1, 0
14501, 22, 0, 58, 0, 0
14501, 22, 3, 58, 1, 0
14501, 22, 1, 59, 0, 0
14501, 22, 3, 59, 1, 0
14501, 22, 1, 59, 2, 0
14501, 22, 3, 59, 3, 0
14501, 22, 2, 60, 1, 0
14501, 22, 0, 60, 2, 0
14501, 22, 2, 60, 3, 0
14501, 22, 1, 60, 4, 0
14501, 22, 2, 61, 0, 0
14501, 22, 3, 61, 1, 0
14501, 22, 0, 61, 5, 0
14501, 22, 0, 62, 2, 0
14501, 22, 1, 62, 3, 0
14501, 22, 2, 62, 4, 0
14501, 22, 2, 62, 6, 0
14501, 22, 1, 63, 1, 0
14501, 22, 0, 63, 3, 0
14501, 22, 3, 63, 5, 0
14502, 22, 2, 2, 24, 0
14502, 22, 0, 2, 33, 0
14502, 22, 1, 2, 34, 0
14502, 22, 3, 3, 26, 0
14502, 22, 0, 3, 42, 0
14502, 22, 3, 3, 43, 0
14502, 22, 1, 7, 49, 0
14502, 22, 2, 11, 10, 0
14502, 22, 3, 11, 12, 0
14502, 22, 2, 12, 20, 0
14502, 22, 1, 13, 18, 0
14502, 22, 3, 13, 19, 0
14502, 22, 1, 15, 6, 0
14502, 22, 3, 16, 1, 0
14502, 22, 2, 16, 5, 0
14502, 22, 0, 16, 46, 0
14502, 22, 0, 20, 11, 0
14502, 22, 0, 21, 11, 0
14502, 22, 2, 22, 7, 0
14502, 22, 1, 23, 6, 0
14502, 22, 3, 26, 1, 0
14502, 22, 0, 26, 43, 0
14502, 22, 0, 27, 2, 0
14502, 22, 0, 27, 8, 0
14502, 22, 1, 34, 33, 0
14502, 22, 2, 34, 35, 0
14502, 22, 0, 35, 10, 0
14502, 22, 3, 35, 34, 0
14502, 22, 2, 37, 2, 0
14502, 22, 1, 40, 35, 0
14502, 22, 1, 42, 22, 0
14502, 22, 2, 43, 24, 0
14502, 22, 2, 44, 38, 0
14502, 22, 0, 45, 31, 0
14502, 22, 3, 45, 37, 0
14502, 22, 2, 46, 0, 0
14502, 22, 1, 46, 30, 0
14502, 22, 0, 48, 1, 0
14502, 22, 3, 49, 0, 0
14502, 22, 1, 61, 2, 0
14502, 22, 0, 61, 4, 0
14508, 0, 3, 1, 0, 0
14508, 0, 3, 2, 0, 0
14508, 0, 3, 4, 0, 0
14508, 0, 3, 5, 0, 0
14508, 0, 3, 8, 0, 0
14508, 0, 3, 9, 0, 0
14508, 0, 3, 11, 0, 0
14508, 0, 3, 12, 0, 0
14508, 0, 3, 13, 0, 0
14508, 0, 3, 15, 0, 0
14508, 0, 3, 16, 0, 0
14508, 0, 3, 17, 0, 0
14508, 0, 3, 19, 0, 0
14508, 0, 3, 21, 0, 0
14508, 0, 3, 23, 0, 0
14508, 0, 3, 25, 0, 0
14508, 0, 3, 26, 0, 0
14508, 0, 3, 28, 0, 0
14508, 0, 3, 29, 0, 0
14508, 0, 3, 31, 0, 0
14508, 0, 3, 33, 0, 0
14508, 0, 3, 35, 0, 0
14508, 0, 3, 37, 0, 0
14508, 0, 3, 38, 0, 0
14508, 0, 3, 40, 0, 0
14508, 0, 3, 41, 0, 0
14508, 0, 3, 42, 0, 0
14508, 0, 3, 43, 0, 0
14508, 0, 3, 45, 0, 0
14508, 0, 3, 48, 0, 0
14508, 0, 3, 49, 0, 0
14508, 0, 3, 51, 0, 0
14508, 0, 3, 53, 0, 0
14508, 0, 3, 55, 0, 0
14508, 0, 3, 57, 0, 0
14508, 0, 3, 58, 0, 0
14508, 0, 3, 60, 0, 0
14508, 3, 3, 62, 0, 0
14509, 0, 3, 3, 0, 0
14509, 0, 3, 10, 0, 0
14509, 0, 3, 20, 0, 0
14509, 0, 3, 24, 0, 0
14509, 0, 3, 30, 0, 0
14509, 0, 3, 32, 0, 0
14509, 0, 3, 36, 0, 0
14509, 0, 3, 44, 0, 0
14509, 0, 3, 50, 0, 0
14509, 0, 3, 56, 0, 0
14509, 0, 3, 61, 0, 0
14510, 0, 3, 0, 0, 0
14510, 0, 3, 6, 0, 0
14510, 0, 3, 14, 0, 0
14510, 0, 3, 22, 0, 0
14510, 0, 3, 27, 0, 0
14510, 0, 3, 39, 0, 0
14510, 0, 3, 46, 0, 0
14510, 0, 3, 54, 0, 0
14510, 0, 3, 59, 0, 0
14511, 0, 3, 7, 0, 0
14511, 0, 3, 18, 0, 0
14511, 0, 3, 34, 0, 0
14511, 0, 3, 47, 0, 0
14511, 0, 3, 52, 0, 0
14693, 10, 0, 2, 9, 0
14693, 10, 1, 7, 22, 0
14693, 10, 2, 10, 3, 0
14693, 10, 1, 10, 41, 0
14693, 10, 1, 36, 36, 0
14693, 10, 3, 44, 45, 0
14693, 10, 0, 49, 4, 0
14694, 10, 2, 6, 34, 0
14694, 10, 0, 9, 20, 0
14694, 10, 1, 18, 46, 0
14694, 10, 2, 27, 17, 0
14694, 10, 2, 31, 43, 0
14694, 10, 0, 37, 31, 0
14696, 10, 3, 9, 39, 0
14696, 10, 0, 11, 17, 0
14696, 10, 2, 27, 45, 0
14696, 10, 1, 33, 18, 0
14703, 10, 1, 19, 40, 0
14703, 10, 1, 29, 35, 0
14704, 10, 2, 19, 43, 0
14705, 10, 1, 22, 40, 0
14705, 10, 1, 33, 33, 0
14705, 10, 1, 34, 40, 0
14723, 9, 3, 11, 22, 0
14723, 0, 0, 11, 23, 0
14723, 0, 0, 11, 24, 0
14723, 0, 0, 11, 25, 0
14723, 9, 3, 11, 25, 0
14723, 0, 0, 11, 26, 0
14723, 0, 0, 11, 27, 0
14723, 0, 0, 11, 28, 0
14723, 0, 0, 11, 29, 0
14723, 9, 0, 11, 29, 0
14723, 0, 0, 11, 30, 0
14723, 0, 0, 11, 31, 0
14723, 0, 0, 11, 32, 0
14723, 0, 0, 11, 33, 0
14723, 0, 0, 11, 34, 0
14723, 0, 0, 11, 35, 0
14723, 9, 0, 11, 36, 0
14723, 9, 3, 12, 21, 0
14723, 1, 3, 12, 22, 0
14723, 1, 0, 12, 36, 0
14723, 9, 0, 12, 37, 0
14723, 9, 3, 13, 20, 0
14723, 1, 3, 13, 21, 0
14723, 9, 2, 13, 25, 0
14723, 0, 2, 13, 26, 0
14723, 0, 2, 13, 27, 0
14723, 0, 2, 13, 28, 0
14723, 9, 1, 13, 29, 0
14723, 1, 1, 13, 31, 0
14723, 0, 2, 13, 32, 0
14723, 0, 2, 13, 33, 0
14723, 1, 2, 13, 34, 0
14723, 1, 0, 13, 37, 0
14723, 9, 0, 13, 38, 0
14723, 9, 3, 14, 19, 0
14723, 1, 3, 14, 20, 0
14723, 1, 1, 14, 30, 0
14723, 9, 1, 14, 31, 0
14723, 9, 2, 14, 34, 0
14723, 1, 2, 14, 35, 0
14723, 1, 0, 14, 38, 0
14723, 9, 0, 14, 39, 0
14723, 9, 3, 15, 18, 0
14723, 1, 3, 15, 19, 0
14723, 1, 1, 15, 24, 0
14723, 0, 2, 15, 25, 0
14723, 0, 2, 15, 26, 0
14723, 0, 2, 15, 27, 0
14723, 0, 2, 15, 28, 0
14723, 0, 2, 15, 29, 0
14723, 9, 1, 15, 30, 0
14723, 1, 2, 15, 36, 0
14723, 1, 0, 15, 39, 0
14723, 9, 0, 15, 40, 0
14723, 0, 3, 16, 18, 0
14723, 1, 1, 16, 23, 0
14723, 9, 1, 16, 24, 0
14723, 0, 1, 16, 29, 0
14723, 0, 3, 16, 36, 0
14723, 1, 0, 16, 40, 0
14723, 9, 0, 16, 41, 0
14723, 0, 3, 17, 18, 0
14723, 0, 1, 17, 23, 0
14723, 0, 1, 17, 29, 0
14723, 0, 3, 17, 36, 0
14723, 1, 0, 17, 41, 0
14723, 9, 0, 17, 42, 0
14723, 0, 3, 18, 18, 0
14723, 0, 1, 18, 21, 0
14723, 0, 0, 18, 22, 0
14723, 0, 0, 18, 23, 0
14723, 9, 0, 18, 24, 0
14723, 1, 1, 18, 28, 0
14723, 9, 1, 18, 29, 0
14723, 9, 0, 18, 30, 0
14723, 9, 3, 18, 35, 0
14723, 1, 3, 18, 36, 0
14723, 0, 1, 18, 42, 0
14723, 1, 0, 19, 24, 0
14723, 1, 1, 19, 25, 0
14723, 9, 0, 19, 25, 0
14723, 0, 2, 19, 26, 0
14723, 2, 1, 19, 28, 0
14723, 1, 0, 19, 30, 0
14723, 9, 3, 19, 34, 0
14723, 0, 0, 19, 35, 0
14723, 0, 0, 19, 36, 0
14723, 9, 0, 19, 37, 0
14723, 0, 1, 19, 42, 0
14723, 0, 1, 20, 21, 0
14723, 0, 1, 20, 31, 0
14723, 0, 0, 20, 32, 0
14723, 0, 0, 20, 33, 0
14723, 0, 3, 20, 34, 0
14723, 0, 1, 20, 42, 0
14723, 0, 1, 21, 31, 0
14723, 0, 1, 21, 37, 0
14723, 0, 1, 21, 42, 0
14723, 1, 1, 22, 34, 0
14723, 9, 2, 22, 34, 0
14723, 0, 2, 22, 35, 0
14723, 9, 1, 22, 37, 0
14723, 0, 1, 22, 42, 0
14723, 0, 1, 23, 21, 0
14723, 0, 1, 23, 31, 0
14723, 1, 1, 23, 33, 0
14723, 9, 1, 23, 34, 0
14723, 0, 1, 23, 42, 0
14723, 3, 1, 24, 23, 0
14723, 0, 2, 24, 24, 0
14723, 0, 2, 24, 25, 0
14723, 0, 1, 24, 31, 0
14723, 1, 1, 24, 32, 0
14723, 9, 1, 24, 33, 0
14723, 0, 1, 24, 42, 0
14723, 0, 1, 25, 17, 0
14723, 0, 1, 25, 21, 0
14723, 0, 1, 25, 23, 0
14723, 0, 0, 25, 27, 0
14723, 0, 0, 25, 28, 0
14723, 0, 0, 25, 29, 0
14723, 0, 0, 25, 30, 0
14723, 2, 0, 25, 31, 0
14723, 9, 1, 25, 32, 0
14723, 0, 1, 25, 42, 0
14723, 0, 1, 26, 17, 0
14723, 0, 1, 26, 21, 0
14723, 0, 2, 26, 22, 0
14723, 2, 1, 26, 23, 0
14723, 0, 1, 26, 31, 0
14723, 0, 1, 26, 42, 0
14723, 0, 1, 27, 17, 0
14723, 0, 1, 27, 23, 0
14723, 0, 2, 27, 24, 0
14723, 0, 1, 27, 31, 0
14723, 0, 1, 27, 38, 0
14723, 0, 0, 27, 39, 0
14723, 0, 0, 27, 40, 0
14723, 0, 0, 27, 41, 0
14723, 2, 0, 27, 42, 0
14723, 0, 1, 28, 17, 0
14723, 0, 1, 28, 24, 0
14723, 0, 2, 28, 25, 0
14723, 0, 2, 28, 26, 0
14723, 0, 2, 28, 28, 0
14723, 1, 2, 28, 29, 0
14723, 1, 1, 28, 30, 0
14723, 9, 1, 28, 31, 0
14723, 0, 1, 28, 42, 0
14723, 1, 0, 29, 17, 0
14723, 9, 0, 29, 18, 0
14723, 9, 3, 29, 28, 0
14723, 0, 0, 29, 29, 0
14723, 0, 0, 29, 30, 0
14723, 9, 0, 29, 31, 0
14723, 0, 1, 29, 38, 0
14723, 0, 0, 29, 41, 0
14723, 2, 0, 29, 42, 0
14723, 1, 0, 30, 18, 0
14723, 9, 0, 30, 19, 0
14723, 0, 1, 30, 31, 0
14723, 0, 1, 30, 42, 0
14723, 1, 0, 31, 19, 0
14723, 9, 0, 31, 20, 0
14723, 0, 3, 31, 28, 0
14723, 0, 1, 31, 31, 0
14723, 0, 1, 31, 38, 0
14723, 0, 1, 31, 42, 0
14723, 1, 0, 32, 20, 0
14723, 9, 0, 32, 21, 0
14723, 9, 2, 32, 28, 0
14723, 0, 2, 32, 29, 0
14723, 0, 2, 32, 30, 0
14723, 9, 1, 32, 31, 0
14723, 3, 0, 32, 38, 0
14723, 0, 0, 32, 39, 0
14723, 0, 0, 32, 40, 0
14723, 0, 0, 32, 41, 0
14723, 2, 0, 32, 42, 0
14723, 1, 0, 33, 21, 0
14723, 9, 0, 33, 22, 0
14723, 0, 1, 33, 42, 0
14723, 1, 0, 34, 22, 0
14723, 0, 0, 34, 23, 0
14723, 0, 0, 34, 24, 0
14723, 0, 0, 34, 25, 0
14723, 0, 0, 34, 26, 0
14723, 0, 0, 34, 27, 0
14723, 0, 0, 34, 28, 0
14723, 0, 0, 34, 29, 0
14723, 0, 0, 34, 30, 0
14723, 0, 0, 34, 31, 0
14723, 0, 0, 34, 32, 0
14723, 0, 0, 34, 33, 0
14723, 0, 0, 34, 34, 0
14723, 0, 0, 34, 35, 0
14723, 0, 0, 34, 36, 0
14723, 0, 0, 34, 37, 0
14723, 0, 0, 34, 38, 0
14723, 0, 0, 34, 39, 0
14723, 0, 0, 34, 40, 0
14723, 0, 0, 34, 41, 0
14723, 0, 0, 34, 42, 0
14723, 1, 1, 13, 31, 1
14723, 0, 2, 13, 32, 1
14723, 0, 2, 13, 33, 1
14723, 1, 2, 13, 34, 1
14723, 1, 1, 14, 30, 1
14723, 9, 1, 14, 31, 1
14723, 9, 2, 14, 34, 1
14723, 1, 2, 14, 35, 1
14723, 9, 1, 15, 30, 1
14723, 9, 2, 15, 35, 1
14723, 1, 2, 15, 36, 1
14723, 0, 1, 16, 29, 1
14723, 0, 3, 16, 36, 1
14723, 0, 1, 17, 29, 1
14723, 0, 3, 17, 36, 1
14723, 1, 0, 18, 29, 1
14723, 9, 3, 18, 35, 1
14723, 1, 3, 18, 36, 1
14723, 9, 3, 19, 34, 1
14723, 0, 0, 19, 35, 1
14723, 0, 0, 19, 36, 1
14723, 9, 0, 19, 37, 1
14723, 1, 0, 20, 31, 1
14723, 0, 0, 20, 32, 1
14723, 0, 0, 20, 33, 1
14723, 0, 3, 20, 34, 1
14723, 0, 1, 20, 37, 1
14723, 1, 1, 21, 25, 1
14723, 0, 2, 21, 26, 1
14723, 0, 2, 21, 27, 1
14723, 1, 2, 21, 28, 1
14723, 0, 3, 21, 34, 1
14723, 0, 1, 21, 37, 1
14723, 1, 1, 22, 24, 1
14723, 9, 1, 22, 25, 1
14723, 9, 2, 22, 28, 1
14723, 1, 2, 22, 29, 1
14723, 9, 2, 22, 34, 1
14723, 0, 2, 22, 35, 1
14723, 0, 2, 22, 36, 1
14723, 9, 1, 22, 37, 1
14723, 0, 1, 23, 24, 1
14723, 0, 3, 23, 29, 1
14723, 0, 1, 24, 24, 1
14723, 0, 3, 24, 29, 1
14723, 0, 1, 25, 24, 1
14723, 0, 3, 25, 29, 1
14723, 0, 1, 26, 24, 1
14723, 0, 2, 26, 25, 1
14723, 0, 2, 26, 26, 1
14723, 0, 2, 26, 28, 1
14723, 0, 3, 26, 29, 1
14723, 9, 3, 29, 28, 1
14723, 0, 0, 29, 29, 1
14723, 9, 0, 29, 31, 1
14723, 0, 3, 30, 28, 1
14723, 0, 1, 30, 31, 1
14723, 0, 3, 31, 28, 1
14723, 0, 1, 31, 31, 1
14723, 9, 2, 32, 28, 1
14723, 0, 2, 32, 29, 1
14723, 0, 2, 32, 30, 1
14723, 9, 1, 32, 31, 1
14723, 1, 1, 13, 31, 2
14723, 0, 2, 13, 32, 2
14723, 0, 2, 13, 33, 2
14723, 1, 2, 13, 34, 2
14723, 1, 1, 14, 30, 2
14723, 9, 1, 14, 31, 2
14723, 9, 2, 14, 34, 2
14723, 1, 2, 14, 35, 2
14723, 1, 1, 15, 29, 2
14723, 9, 1, 15, 30, 2
14723, 9, 2, 15, 35, 2
14723, 1, 2, 15, 36, 2
14723, 0, 1, 16, 29, 2
14723, 0, 3, 16, 36, 2
14723, 0, 1, 17, 29, 2
14723, 0, 3, 17, 36, 2
14723, 1, 0, 18, 29, 2
14723, 9, 0, 18, 30, 2
14723, 9, 3, 18, 35, 2
14723, 1, 3, 18, 36, 2
14723, 1, 0, 19, 30, 2
14723, 9, 0, 19, 31, 2
14723, 9, 3, 19, 34, 2
14723, 1, 0, 20, 31, 2
14723, 0, 0, 20, 32, 2
14723, 0, 0, 20, 33, 2
14724, 0, 3, 19, 18, 0
14724, 0, 1, 24, 17, 0
14724, 0, 0, 29, 40, 0
14733, 9, 3, 11, 22, 1
14733, 0, 0, 11, 23, 1
14733, 2, 0, 11, 24, 1
14733, 0, 0, 11, 25, 1
14733, 0, 0, 11, 26, 1
14733, 0, 0, 11, 27, 1
14733, 0, 0, 11, 28, 1
14733, 0, 0, 11, 29, 1
14733, 2, 3, 11, 30, 1
14733, 0, 0, 11, 31, 1
14733, 0, 0, 11, 32, 1
14733, 0, 0, 11, 33, 1
14733, 0, 0, 11, 34, 1
14733, 0, 0, 11, 35, 1
14733, 9, 0, 11, 36, 1
14733, 9, 3, 12, 21, 1
14733, 1, 3, 12, 22, 1
14733, 0, 1, 12, 24, 1
14733, 0, 3, 12, 30, 1
14733, 1, 0, 12, 36, 1
14733, 9, 0, 12, 37, 1
14733, 9, 3, 13, 20, 1
14733, 1, 3, 13, 21, 1
14733, 1, 0, 13, 24, 1
14733, 9, 0, 13, 25, 1
14733, 9, 3, 13, 29, 1
14733, 1, 3, 13, 30, 1
14733, 1, 0, 13, 37, 1
14733, 9, 0, 13, 38, 1
14733, 9, 3, 14, 19, 1
14733, 1, 3, 14, 20, 1
14733, 1, 0, 14, 25, 1
14733, 0, 0, 14, 26, 1
14733, 0, 0, 14, 27, 1
14733, 0, 0, 14, 28, 1
14733, 1, 3, 14, 29, 1
14733, 1, 0, 14, 38, 1
14733, 9, 0, 14, 39, 1
14733, 9, 3, 15, 18, 1
14733, 1, 3, 15, 19, 1
14733, 1, 1, 15, 24, 1
14733, 0, 2, 15, 25, 1
14733, 0, 2, 15, 26, 1
14733, 0, 2, 15, 27, 1
14733, 0, 2, 15, 28, 1
14733, 0, 2, 15, 29, 1
14733, 1, 0, 15, 39, 1
14733, 9, 0, 15, 40, 1
14733, 0, 3, 16, 18, 1
14733, 1, 1, 16, 23, 1
14733, 9, 1, 16, 24, 1
14733, 1, 0, 16, 40, 1
14733, 9, 0, 16, 41, 1
14733, 0, 3, 17, 18, 1
14733, 0, 1, 17, 23, 1
14733, 1, 0, 17, 41, 1
14733, 9, 0, 17, 42, 1
14733, 0, 3, 18, 18, 1
14733, 0, 1, 18, 21, 1
14733, 0, 0, 18, 22, 1
14733, 0, 0, 18, 23, 1
14733, 0, 1, 18, 42, 1
14733, 0, 1, 19, 21, 1
14733, 0, 1, 19, 42, 1
14733, 0, 1, 20, 21, 1
14733, 0, 1, 20, 42, 1
14733, 0, 1, 21, 21, 1
14733, 0, 1, 21, 42, 1
14733, 0, 1, 22, 21, 1
14733, 0, 1, 22, 42, 1
14733, 0, 1, 23, 21, 1
14733, 1, 1, 23, 33, 1
14733, 9, 1, 23, 34, 1
14733, 0, 1, 23, 42, 1
14733, 0, 1, 24, 21, 1
14733, 1, 1, 24, 32, 1
14733, 9, 1, 24, 33, 1
14733, 0, 1, 24, 42, 1
14733, 0, 1, 25, 21, 1
14733, 1, 1, 25, 31, 1
14733, 9, 1, 25, 32, 1
14733, 0, 1, 25, 42, 1
14733, 0, 1, 26, 17, 1
14733, 0, 1, 26, 21, 1
14733, 0, 2, 26, 22, 1
14733, 0, 2, 26, 23, 1
14733, 0, 1, 26, 31, 1
14733, 1, 1, 26, 38, 1
14733, 0, 2, 26, 39, 1
14733, 0, 2, 26, 40, 1
14733, 0, 2, 26, 41, 1
14733, 2, 1, 26, 42, 1
14733, 0, 1, 27, 17, 1
14733, 0, 1, 27, 23, 1
14733, 0, 2, 27, 24, 1
14733, 0, 1, 27, 31, 1
14733, 0, 1, 27, 38, 1
14733, 0, 1, 27, 42, 1
14733, 0, 1, 28, 17, 1
14733, 0, 1, 28, 24, 1
14733, 0, 2, 28, 25, 1
14733, 0, 2, 28, 26, 1
14733, 0, 2, 28, 27, 1
14733, 0, 2, 28, 28, 1
14733, 9, 1, 28, 31, 1
14733, 0, 1, 28, 38, 1
14733, 0, 1, 28, 42, 1
14733, 1, 0, 29, 17, 1
14733, 9, 0, 29, 18, 1
14733, 0, 1, 29, 38, 1
14733, 0, 1, 29, 42, 1
14733, 1, 0, 30, 18, 1
14733, 9, 0, 30, 19, 1
14733, 0, 1, 30, 38, 1
14733, 0, 1, 30, 42, 1
14733, 1, 0, 31, 19, 1
14733, 9, 0, 31, 20, 1
14733, 0, 1, 31, 38, 1
14733, 0, 1, 31, 42, 1
14733, 1, 0, 32, 20, 1
14733, 9, 0, 32, 21, 1
14733, 1, 0, 32, 38, 1
14733, 0, 0, 32, 39, 1
14733, 0, 0, 32, 40, 1
14733, 0, 0, 32, 41, 1
14733, 2, 0, 32, 42, 1
14733, 1, 0, 33, 21, 1
14733, 9, 0, 33, 22, 1
14733, 0, 1, 33, 42, 1
14733, 1, 0, 34, 22, 1
14733, 0, 0, 34, 23, 1
14733, 0, 0, 34, 24, 1
14733, 0, 0, 34, 25, 1
14733, 0, 0, 34, 26, 1
14733, 0, 0, 34, 27, 1
14733, 0, 0, 34, 28, 1
14733, 0, 0, 34, 29, 1
14733, 0, 0, 34, 30, 1
14733, 0, 0, 34, 31, 1
14733, 0, 0, 34, 32, 1
14733, 0, 0, 34, 33, 1
14733, 0, 0, 34, 34, 1
14733, 0, 0, 34, 35, 1
14733, 0, 0, 34, 36, 1
14733, 0, 0, 34, 37, 1
14733, 0, 0, 34, 38, 1
14733, 0, 0, 34, 39, 1
14733, 0, 0, 34, 40, 1
14733, 0, 0, 34, 41, 1
14733, 0, 0, 34, 42, 1
14733, 0, 0, 19, 35, 2
14733, 0, 0, 19, 36, 2
14733, 9, 0, 19, 37, 2
14733, 0, 3, 20, 34, 2
14733, 0, 1, 20, 37, 2
14733, 1, 1, 21, 25, 2
14733, 0, 2, 21, 26, 2
14733, 0, 2, 21, 27, 2
14733, 1, 2, 21, 28, 2
14733, 0, 3, 21, 34, 2
14733, 0, 1, 21, 37, 2
14733, 1, 1, 22, 24, 2
14733, 9, 1, 22, 25, 2
14733, 9, 2, 22, 28, 2
14733, 1, 2, 22, 29, 2
14733, 9, 2, 22, 34, 2
14733, 0, 2, 22, 35, 2
14733, 0, 2, 22, 36, 2
14733, 9, 1, 22, 37, 2
14733, 0, 1, 23, 24, 2
14733, 0, 3, 23, 29, 2
14733, 0, 1, 24, 24, 2
14733, 0, 3, 24, 29, 2
14733, 0, 1, 25, 24, 2
14733, 0, 3, 25, 29, 2
14733, 0, 1, 26, 24, 2
14733, 0, 2, 26, 25, 2
14733, 0, 2, 26, 26, 2
14733, 0, 2, 26, 27, 2
14733, 0, 2, 26, 28, 2
14733, 0, 3, 26, 29, 2
14733, 9, 3, 29, 28, 2
14733, 0, 0, 29, 29, 2
14733, 0, 0, 29, 30, 2
14733, 9, 0, 29, 31, 2
14733, 0, 3, 30, 28, 2
14733, 0, 1, 30, 31, 2
14733, 0, 3, 31, 28, 2
14733, 0, 1, 31, 31, 2
14733, 9, 2, 32, 28, 2
14733, 0, 2, 32, 29, 2
14733, 0, 2, 32, 30, 2
14733, 9, 1, 32, 31, 2
14733, 1, 1, 13, 31, 3
14733, 0, 2, 13, 32, 3
14733, 0, 2, 13, 33, 3
14733, 1, 2, 13, 34, 3
14733, 1, 1, 14, 30, 3
14733, 9, 1, 14, 31, 3
14733, 9, 2, 14, 34, 3
14733, 1, 2, 14, 35, 3
14733, 1, 1, 15, 29, 3
14733, 9, 1, 15, 30, 3
14733, 9, 2, 15, 35, 3
14733, 1, 2, 15, 36, 3
14733, 0, 1, 16, 29, 3
14733, 0, 3, 16, 36, 3
14733, 0, 1, 17, 29, 3
14733, 0, 3, 17, 36, 3
14733, 1, 0, 18, 29, 3
14733, 9, 0, 18, 30, 3
14733, 9, 3, 18, 35, 3
14733, 1, 3, 18, 36, 3
14733, 1, 0, 19, 30, 3
14733, 9, 0, 19, 31, 3
14733, 9, 3, 19, 34, 3
14733, 1, 3, 19, 35, 3
14733, 1, 0, 20, 31, 3
14733, 0, 0, 20, 32, 3
14733, 0, 0, 20, 33, 3
14733, 1, 3, 20, 34, 3
14734, 0, 1, 19, 21, 0
14734, 0, 1, 20, 37, 0
14734, 0, 2, 22, 36, 0
14734, 0, 1, 24, 21, 0
14735, 10, 0, 16, 32, 0
14736, 10, 0, 16, 32, 1
14736, 10, 0, 16, 32, 2
14737, 10, 0, 17, 32, 3
14739, 10, 0, 11, 27, 0
14739, 10, 1, 11, 28, 0
14739, 10, 0, 21, 37, 0
14740, 10, 1, 17, 24, 0
14740, 10, 0, 19, 26, 0
14740, 10, 1, 24, 30, 0
14740, 10, 0, 25, 33, 0
14740, 10, 0, 26, 32, 0
14740, 10, 0, 27, 32, 0
14741, 10, 1, 25, 28, 0
14741, 10, 1, 28, 24, 0
14741, 10, 3, 29, 25, 0
14742, 10, 0, 23, 33, 0
14742, 10, 2, 24, 29, 0
14742, 10, 0, 24, 34, 0
14742, 10, 1, 25, 27, 0
14742, 10, 0, 29, 41, 0
14742, 10, 3, 31, 21, 0
14743, 10, 2, 18, 28, 0
14743, 10, 3, 19, 28, 0
14744, 5, 0, 20, 32, 0
14744, 5, 0, 20, 33, 0
14744, 4, 0, 14, 32, 2
14744, 4, 0, 14, 33, 2
14744, 4, 1, 16, 35, 2
14744, 4, 1, 17, 35, 2
14749, 0, 3, 12, 25, 0
14749, 0, 1, 12, 29, 0
14749, 9, 0, 15, 35, 0
14749, 0, 2, 19, 27, 0
14749, 9, 2, 19, 31, 0
14749, 0, 2, 28, 27, 0
14749, 0, 3, 30, 28, 0
14749, 0, 2, 26, 27, 1
14749, 0, 0, 29, 30, 1
14756, 10, 0, 19, 22, 1
14756, 10, 0, 25, 22, 1
14756, 10, 2, 27, 31, 1
14756, 10, 2, 16, 35, 3
14762, 10, 1, 25, 24, 0
14762, 10, 3, 30, 31, 0
14763, 10, 0, 13, 27, 0
14763, 10, 1, 18, 25, 0
14764, 10, 0, 13, 28, 0
14764, 10, 0, 21, 32, 0
14764, 10, 1, 25, 25, 0
14764, 10, 3, 28, 30, 0
14764, 10, 3, 30, 30, 0
14764, 10, 1, 31, 30, 0
14764, 10, 0, 17, 35, 1
14764, 10, 0, 17, 30, 2
14764, 10, 0, 19, 33, 2
14771, 10, 2, 25, 29, 0
14773, 10, 3, 24, 27, 0
14773, 10, 3, 24, 28, 0
14773, 10, 3, 26, 23, 0
14773, 10, 3, 28, 26, 0
14773, 10, 0, 23, 25, 1
14773, 10, 0, 24, 25, 1
14773, 10, 0, 25, 25, 1
14831, 10, 0, 41, 10, 0
14831, 10, 0, 41, 14, 0
14831, 10, 0, 45, 10, 0
14831, 10, 0, 45, 14, 0
