174, 22, 3, 2, 56, 0
174, 22, 1, 4, 57, 0
175, 22, 0, 0, 52, 0
196, 5, 3, 2, 60, 0
196, 5, 3, 5, 60, 0
196, 5, 3, 8, 60, 0
196, 5, 3, 10, 60, 0
196, 4, 0, 17, 58, 0
196, 5, 2, 18, 52, 0
196, 5, 2, 18, 55, 0
196, 4, 1, 18, 56, 0
196, 4, 0, 19, 55, 0
196, 4, 2, 22, 55, 0
196, 4, 2, 22, 58, 0
197, 5, 3, 5, 52, 0
197, 5, 1, 5, 56, 0
197, 5, 1, 9, 56, 0
202, 10, 0, 19, 56, 0
202, 10, 2, 20, 60, 0
205, 4, 0, 11, 60, 0
205, 5, 2, 14, 52, 0
205, 5, 2, 14, 56, 0
319, 22, 2, 15, 31, 0
319, 22, 3, 16, 33, 0
319, 22, 1, 23, 42, 0
320, 22, 3, 14, 32, 0
320, 22, 3, 15, 34, 0
320, 22, 3, 15, 36, 0
320, 22, 2, 16, 31, 0
320, 22, 2, 16, 38, 0
320, 22, 1, 16, 40, 0
320, 22, 0, 17, 31, 0
320, 22, 0, 17, 32, 0
320, 22, 0, 17, 35, 0
320, 22, 0, 17, 39, 0
320, 22, 2, 18, 34, 0
320, 22, 3, 18, 41, 0
320, 22, 0, 19, 35, 0
320, 22, 1, 20, 34, 0
320, 22, 2, 21, 42, 0
320, 22, 1, 22, 42, 0
320, 22, 2, 23, 33, 0
320, 22, 0, 24, 42, 0
320, 22, 2, 25, 37, 0
320, 22, 3, 26, 28, 0
320, 22, 1, 26, 36, 0
320, 22, 0, 26, 40, 0
320, 22, 3, 27, 33, 0
320, 22, 0, 27, 34, 0
320, 22, 3, 28, 29, 0
320, 22, 3, 28, 30, 0
320, 22, 1, 29, 29, 0
320, 22, 0, 30, 29, 0
320, 22, 0, 30, 30, 0
321, 22, 0, 14, 33, 0
321, 22, 2, 15, 33, 0
321, 22, 1, 16, 32, 0
321, 22, 1, 17, 34, 0
321, 22, 3, 17, 38, 0
321, 22, 2, 17, 40, 0
321, 22, 2, 18, 35, 0
321, 22, 3, 19, 32, 0
321, 22, 3, 19, 36, 0
321, 22, 0, 19, 41, 0
321, 22, 1, 20, 42, 0
321, 22, 3, 21, 33, 0
321, 22, 2, 23, 32, 0
321, 22, 1, 24, 34, 0
321, 22, 2, 25, 30, 0
321, 22, 2, 25, 39, 0
321, 22, 0, 26, 29, 0
321, 22, 1, 26, 31, 0
321, 22, 0, 26, 35, 0
321, 22, 1, 26, 41, 0
321, 22, 3, 27, 30, 0
321, 22, 0, 28, 32, 0
321, 22, 2, 29, 30, 0
321, 22, 1, 29, 31, 0
336, 22, 2, 4, 2, 0
336, 22, 3, 5, 3, 0
336, 22, 3, 11, 53, 0
336, 22, 2, 12, 52, 0
336, 22, 2, 12, 57, 0
336, 22, 1, 12, 62, 0
336, 22, 1, 13, 52, 0
336, 22, 1, 13, 61, 0
336, 22, 3, 14, 5, 0
336, 22, 0, 14, 53, 0
336, 22, 3, 14, 54, 0
336, 22, 3, 19, 4, 0
336, 22, 1, 24, 4, 0
336, 22, 2, 26, 7, 0
336, 22, 3, 28, 41, 0
336, 22, 3, 30, 37, 0
336, 22, 2, 33, 6, 0
336, 22, 1, 34, 48, 0
336, 22, 3, 35, 21, 0
336, 22, 0, 35, 29, 0
336, 22, 3, 38, 5, 0
336, 22, 1, 39, 24, 0
336, 22, 0, 51, 8, 0
336, 22, 0, 59, 5, 0
337, 22, 3, 11, 52, 0
337, 22, 0, 14, 52, 0
337, 22, 3, 40, 8, 0
357, 10, 3, 10, 52, 0
362, 10, 3, 15, 57, 0
362, 10, 2, 16, 57, 0
367, 10, 3, 16, 52, 0
374, 10, 1, 10, 56, 0
374, 10, 2, 10, 63, 0
380, 10, 1, 15, 56, 0
381, 10, 3, 19, 52, 0
381, 10, 3, 22, 52, 0
417, 10, 3, 4, 55, 0
424, 10, 0, 20, 54, 0
444, 10, 0, 2, 15, 0
444, 10, 2, 10, 37, 0
444, 10, 3, 43, 8, 0
444, 10, 0, 52, 11, 0
444, 10, 3, 60, 22, 0
445, 10, 1, 13, 38, 0
445, 10, 1, 45, 8, 0
445, 10, 2, 59, 20, 0
446, 10, 2, 44, 10, 0
447, 10, 2, 1, 16, 0
447, 10, 3, 4, 16, 0
447, 10, 1, 10, 39, 0
471, 10, 2, 59, 0, 0
595, 10, 0, 7, 54, 0
598, 10, 3, 2, 62, 0
598, 10, 3, 7, 61, 0
602, 10, 3, 15, 52, 0
604, 10, 2, 4, 56, 0
604, 10, 3, 21, 57, 0
604, 10, 3, 22, 56, 0
893, 5, 2, 18, 53, 0
916, 22, 3, 4, 54, 0
916, 22, 1, 10, 54, 0
917, 22, 3, 6, 52, 0
917, 22, 0, 6, 53, 0
917, 22, 2, 8, 52, 0
917, 22, 1, 8, 53, 0
918, 22, 2, 7, 52, 0
918, 22, 0, 7, 53, 0
925, 22, 3, 4, 61, 0
925, 22, 0, 4, 63, 0
925, 22, 2, 8, 61, 0
925, 22, 1, 8, 63, 0
925, 22, 3, 15, 53, 0
925, 22, 0, 15, 55, 0
925, 22, 2, 18, 53, 0
925, 22, 1, 18, 55, 0
925, 22, 3, 18, 57, 0
925, 22, 0, 18, 59, 0
925, 22, 2, 21, 57, 0
925, 22, 1, 21, 59, 0
926, 22, 3, 4, 62, 0
926, 22, 2, 5, 61, 0
926, 22, 0, 5, 63, 0
926, 22, 2, 6, 61, 0
926, 22, 0, 6, 63, 0
926, 22, 2, 7, 61, 0
926, 22, 0, 7, 63, 0
926, 22, 1, 8, 62, 0
926, 22, 3, 15, 54, 0
926, 22, 2, 16, 53, 0
926, 22, 0, 16, 55, 0
926, 22, 2, 17, 53, 0
926, 22, 0, 17, 55, 0
926, 22, 1, 18, 54, 0
926, 22, 3, 18, 58, 0
926, 22, 2, 19, 57, 0
926, 22, 0, 19, 59, 0
926, 22, 2, 20, 57, 0
926, 22, 0, 20, 59, 0
926, 22, 1, 21, 58, 0
927, 22, 2, 5, 62, 0
927, 22, 2, 6, 62, 0
927, 22, 2, 7, 62, 0
927, 22, 0, 16, 54, 0
927, 22, 0, 17, 54, 0
927, 22, 0, 19, 58, 0
927, 22, 0, 20, 58, 0
980, 0, 3, 0, 2, 0
980, 0, 3, 0, 17, 0
980, 1, 1, 0, 29, 0
980, 9, 1, 0, 30, 0
980, 0, 3, 1, 2, 0
980, 0, 3, 1, 17, 0
980, 1, 1, 1, 28, 0
980, 9, 1, 1, 29, 0
980, 0, 3, 2, 2, 0
980, 0, 3, 2, 17, 0
980, 1, 1, 2, 27, 0
980, 9, 1, 2, 28, 0
980, 0, 3, 3, 17, 0
980, 1, 1, 3, 26, 0
980, 9, 1, 3, 27, 0
980, 0, 3, 4, 17, 0
980, 1, 1, 4, 25, 0
980, 9, 1, 4, 26, 0
980, 9, 2, 5, 17, 0
980, 1, 2, 5, 18, 0
980, 1, 1, 5, 24, 0
980, 9, 1, 5, 25, 0
980, 0, 2, 6, 0, 0
980, 0, 2, 6, 1, 0
980, 3, 2, 6, 2, 0
980, 9, 2, 6, 18, 0
980, 1, 2, 6, 19, 0
980, 1, 1, 6, 23, 0
980, 9, 1, 6, 24, 0
980, 0, 3, 7, 2, 0
980, 0, 0, 7, 19, 0
980, 0, 0, 7, 20, 0
980, 0, 0, 7, 21, 0
980, 0, 0, 7, 22, 0
980, 0, 0, 7, 23, 0
980, 0, 3, 8, 2, 0
980, 0, 3, 9, 2, 0
980, 0, 3, 10, 2, 0
980, 0, 3, 11, 2, 0
980, 0, 3, 12, 2, 0
980, 0, 2, 12, 31, 0
980, 0, 2, 12, 32, 0
980, 0, 2, 12, 33, 0
980, 0, 3, 13, 2, 0
980, 9, 1, 13, 30, 0
980, 9, 2, 13, 34, 0
980, 1, 2, 13, 35, 0
980, 0, 3, 14, 2, 0
980, 0, 1, 14, 29, 0
980, 9, 2, 14, 35, 0
980, 1, 2, 14, 36, 0
980, 0, 1, 15, 29, 0
980, 9, 2, 15, 36, 0
980, 1, 2, 15, 37, 0
980, 0, 1, 16, 29, 0
980, 9, 2, 16, 37, 0
980, 0, 2, 16, 38, 0
980, 0, 2, 16, 39, 0
980, 0, 2, 16, 40, 0
980, 0, 1, 17, 29, 0
980, 1, 0, 18, 29, 0
980, 9, 0, 18, 30, 0
980, 0, 1, 19, 30, 0
980, 0, 1, 20, 30, 0
980, 1, 1, 21, 29, 0
980, 9, 1, 21, 30, 0
980, 0, 3, 22, 2, 0
980, 9, 1, 22, 29, 0
980, 0, 3, 23, 2, 0
980, 0, 1, 23, 28, 0
980, 0, 3, 24, 2, 0
980, 1, 1, 24, 27, 0
980, 9, 1, 24, 28, 0
980, 0, 3, 25, 2, 0
980, 1, 1, 25, 26, 0
980, 9, 1, 25, 27, 0
980, 0, 3, 26, 2, 0
980, 0, 1, 26, 26, 0
980, 0, 3, 27, 2, 0
980, 0, 1, 27, 26, 0
980, 9, 3, 27, 37, 0
980, 0, 0, 27, 38, 0
980, 0, 0, 27, 39, 0
980, 0, 0, 27, 40, 0
980, 0, 0, 27, 41, 0
980, 0, 0, 27, 42, 0
980, 0, 0, 27, 43, 0
980, 0, 3, 28, 2, 0
980, 1, 0, 28, 26, 0
980, 9, 0, 28, 27, 0
980, 9, 3, 28, 34, 0
980, 0, 0, 28, 35, 0
980, 0, 0, 28, 36, 0
980, 1, 3, 28, 37, 0
980, 0, 3, 29, 2, 0
980, 0, 1, 29, 27, 0
980, 9, 3, 29, 33, 0
980, 1, 3, 29, 34, 0
980, 0, 3, 30, 2, 0
980, 9, 0, 30, 28, 0
980, 9, 3, 30, 32, 0
980, 1, 3, 30, 33, 0
980, 0, 3, 31, 2, 0
980, 1, 0, 31, 28, 0
980, 0, 0, 31, 29, 0
980, 0, 0, 31, 30, 0
980, 0, 0, 31, 31, 0
980, 0, 3, 32, 2, 0
980, 9, 3, 32, 56, 0
980, 0, 0, 32, 57, 0
980, 0, 0, 32, 58, 0
980, 0, 0, 32, 59, 0
980, 0, 0, 32, 60, 0
980, 0, 0, 32, 61, 0
980, 0, 0, 32, 62, 0
980, 0, 0, 32, 63, 0
980, 0, 3, 33, 2, 0
980, 0, 3, 33, 56, 0
980, 0, 3, 34, 2, 0
980, 0, 3, 34, 56, 0
980, 0, 3, 35, 2, 0
980, 0, 3, 35, 56, 0
980, 9, 2, 36, 2, 0
980, 0, 3, 36, 56, 0
980, 0, 1, 37, 2, 0
980, 0, 3, 37, 56, 0
980, 0, 1, 38, 2, 0
980, 0, 3, 38, 56, 0
980, 0, 1, 39, 2, 0
980, 9, 3, 39, 55, 0
980, 1, 3, 39, 56, 0
980, 0, 1, 40, 2, 0
980, 9, 3, 40, 32, 0
980, 0, 0, 40, 33, 0
980, 9, 0, 40, 34, 0
980, 9, 3, 40, 37, 0
980, 0, 0, 40, 38, 0
980, 0, 0, 40, 39, 0
980, 0, 0, 40, 40, 0
980, 0, 0, 40, 41, 0
980, 0, 0, 40, 42, 0
980, 0, 0, 40, 43, 0
980, 0, 0, 40, 44, 0
980, 0, 0, 40, 45, 0
980, 0, 0, 40, 46, 0
980, 0, 0, 40, 47, 0
980, 0, 0, 40, 48, 0
980, 0, 0, 40, 49, 0
980, 0, 0, 40, 50, 0
980, 0, 0, 40, 51, 0
980, 0, 0, 40, 52, 0
980, 0, 0, 40, 53, 0
980, 0, 0, 40, 54, 0
980, 1, 3, 40, 55, 0
980, 0, 1, 41, 2, 0
980, 0, 3, 41, 32, 0
980, 1, 0, 41, 34, 0
980, 0, 0, 41, 35, 0
980, 0, 0, 41, 36, 0
980, 1, 3, 41, 37, 0
980, 0, 1, 42, 2, 0
980, 0, 3, 42, 32, 0
980, 0, 1, 43, 2, 0
980, 0, 3, 43, 32, 0
980, 0, 1, 44, 2, 0
980, 0, 3, 44, 32, 0
980, 0, 1, 45, 2, 0
980, 0, 3, 45, 32, 0
980, 0, 1, 46, 2, 0
980, 0, 3, 46, 32, 0
980, 0, 1, 47, 2, 0
980, 9, 3, 47, 31, 0
980, 1, 3, 47, 32, 0
980, 0, 1, 48, 2, 0
980, 0, 0, 48, 5, 0
980, 0, 0, 48, 6, 0
980, 0, 0, 48, 7, 0
980, 0, 0, 48, 8, 0
980, 0, 0, 48, 9, 0
980, 0, 0, 48, 10, 0
980, 0, 0, 48, 11, 0
980, 0, 0, 48, 12, 0
980, 0, 0, 48, 13, 0
980, 0, 0, 48, 14, 0
980, 0, 0, 48, 15, 0
980, 0, 0, 48, 16, 0
980, 0, 0, 48, 17, 0
980, 0, 0, 48, 18, 0
980, 0, 0, 48, 19, 0
980, 0, 0, 48, 20, 0
980, 0, 0, 48, 21, 0
980, 0, 0, 48, 22, 0
980, 0, 0, 48, 23, 0
980, 9, 0, 48, 24, 0
980, 9, 3, 48, 27, 0
980, 0, 0, 48, 28, 0
980, 0, 0, 48, 29, 0
980, 0, 0, 48, 30, 0
980, 1, 3, 48, 31, 0
980, 0, 1, 49, 2, 0
980, 1, 0, 49, 24, 0
980, 0, 0, 49, 25, 0
980, 0, 0, 49, 26, 0
980, 1, 3, 49, 27, 0
980, 0, 1, 50, 2, 0
980, 0, 1, 51, 2, 0
980, 0, 1, 52, 2, 0
980, 0, 1, 53, 2, 0
980, 0, 1, 54, 2, 0
980, 0, 1, 55, 2, 0
980, 0, 1, 56, 2, 0
980, 0, 1, 57, 2, 0
980, 9, 3, 58, 2, 0
980, 0, 3, 59, 2, 0
980, 0, 3, 60, 2, 0
980, 0, 3, 61, 2, 0
980, 0, 3, 62, 2, 0
980, 0, 3, 63, 2, 0
981, 0, 2, 10, 57, 0
981, 0, 2, 10, 58, 0
981, 0, 2, 10, 59, 0
981, 3, 1, 12, 30, 0
981, 3, 2, 12, 34, 0
981, 3, 1, 13, 29, 0
981, 3, 3, 15, 2, 0
981, 3, 2, 16, 41, 0
981, 3, 2, 17, 42, 0
981, 3, 2, 17, 43, 0
981, 3, 2, 20, 43, 0
981, 3, 2, 21, 2, 0
981, 3, 1, 22, 28, 0
981, 3, 3, 27, 44, 0
981, 3, 0, 30, 27, 0
981, 3, 3, 31, 32, 0
1076, 4, 0, 11, 62, 0
1084, 10, 0, 5, 4, 0
1085, 10, 0, 19, 2, 0
1089, 10, 1, 9, 58, 0
1096, 11, 2, 6, 52, 0
1100, 10, 3, 2, 61, 0
1100, 10, 3, 2, 63, 0
1100, 10, 3, 7, 60, 0
1100, 10, 3, 7, 62, 0
1100, 10, 3, 8, 61, 0
1102, 10, 2, 7, 53, 0
1102, 10, 2, 8, 53, 0
1106, 10, 2, 19, 57, 0
1107, 5, 1, 7, 56, 0
1122, 10, 2, 29, 44, 0
1122, 10, 0, 36, 49, 0
1124, 10, 0, 45, 2, 0
1173, 10, 3, 28, 48, 0
1173, 10, 3, 33, 39, 0
1174, 10, 3, 34, 36, 0
1246, 22, 0, 2, 12, 0
1246, 22, 3, 4, 30, 0
1246, 22, 0, 5, 38, 0
1246, 22, 1, 6, 10, 0
1246, 22, 1, 8, 43, 0
1246, 22, 2, 9, 16, 0
1246, 22, 2, 14, 21, 0
1246, 22, 3, 15, 19, 0
1246, 22, 3, 18, 15, 0
1246, 22, 2, 20, 21, 0
1246, 22, 2, 23, 9, 0
1246, 22, 1, 23, 12, 0
1246, 22, 0, 28, 6, 0
1246, 22, 0, 28, 15, 0
1246, 22, 2, 30, 11, 0
1246, 22, 0, 31, 13, 0
1246, 22, 3, 32, 15, 0
1246, 22, 0, 33, 12, 0
1246, 22, 1, 34, 13, 0
1246, 22, 3, 34, 62, 0
1246, 22, 1, 37, 7, 0
1246, 22, 2, 37, 38, 0
1246, 22, 1, 37, 49, 0
1246, 22, 0, 38, 61, 0
1246, 22, 3, 40, 35, 0
1246, 22, 1, 41, 59, 0
1246, 22, 2, 42, 13, 0
1246, 22, 2, 42, 55, 0
1246, 22, 0, 47, 50, 0
1246, 22, 0, 48, 26, 0
1246, 22, 3, 48, 33, 0
1246, 22, 1, 51, 21, 0
1246, 22, 3, 51, 51, 0
1246, 22, 2, 58, 28, 0
1247, 22, 1, 2, 35, 0
1247, 22, 2, 4, 10, 0
1247, 22, 2, 4, 31, 0
1247, 22, 1, 4, 41, 0
1247, 22, 3, 6, 14, 0
1247, 22, 3, 9, 8, 0
1247, 22, 3, 9, 13, 0
1247, 22, 3, 9, 27, 0
1247, 22, 1, 10, 6, 0
1247, 22, 0, 10, 8, 0
1247, 22, 2, 10, 27, 0
1247, 22, 3, 10, 45, 0
1247, 22, 0, 11, 10, 0
1247, 22, 1, 11, 20, 0
1247, 22, 0, 11, 40, 0
1247, 22, 0, 12, 10, 0
1247, 22, 0, 12, 17, 0
1247, 22, 2, 12, 26, 0
1247, 22, 2, 14, 47, 0
1247, 22, 1, 15, 15, 0
1247, 22, 2, 16, 4, 0
1247, 22, 1, 16, 23, 0
1247, 22, 0, 16, 25, 0
1247, 22, 3, 18, 9, 0
1247, 22, 2, 18, 14, 0
1247, 22, 1, 19, 8, 0
1247, 22, 3, 19, 14, 0
1247, 22, 2, 20, 13, 0
1247, 22, 3, 20, 14, 0
1247, 22, 0, 21, 11, 0
1247, 22, 3, 23, 11, 0
1247, 22, 1, 26, 13, 0
1247, 22, 0, 27, 16, 0
1247, 22, 2, 28, 14, 0
1247, 22, 1, 29, 10, 0
1247, 22, 3, 29, 14, 0
1247, 22, 3, 29, 20, 0
1247, 22, 1, 29, 45, 0
1247, 22, 0, 30, 4, 0
1247, 22, 2, 30, 9, 0
1247, 22, 2, 30, 20, 0
1247, 22, 2, 30, 44, 0
1247, 22, 3, 31, 3, 0
1247, 22, 3, 31, 6, 0
1247, 22, 0, 31, 11, 0
1247, 22, 1, 31, 18, 0
1247, 22, 2, 31, 24, 0
1247, 22, 3, 31, 39, 0
1247, 22, 2, 31, 41, 0
1247, 22, 1, 32, 23, 0
1247, 22, 0, 32, 38, 0
1247, 22, 0, 32, 44, 0
1247, 22, 1, 32, 48, 0
1247, 22, 2, 32, 60, 0
1247, 22, 1, 33, 33, 0
1247, 22, 2, 34, 4, 0
1247, 22, 1, 34, 27, 0
1247, 22, 3, 34, 59, 0
1247, 22, 1, 36, 3, 0
1247, 22, 2, 36, 18, 0
1247, 22, 0, 36, 24, 0
1247, 22, 0, 36, 38, 0
1247, 22, 3, 36, 47, 0
1247, 22, 1, 36, 54, 0
1247, 22, 2, 37, 50, 0
1247, 22, 1, 38, 4, 0
1247, 22, 0, 38, 10, 0
1247, 22, 0, 38, 19, 0
1247, 22, 3, 38, 41, 0
1247, 22, 2, 38, 45, 0
1247, 22, 3, 39, 25, 0
1247, 22, 1, 39, 27, 0
1247, 22, 2, 40, 26, 0
1247, 22, 0, 40, 53, 0
1247, 22, 2, 41, 5, 0
1247, 22, 3, 41, 13, 0
1247, 22, 1, 41, 18, 0
1247, 22, 1, 42, 4, 0
1247, 22, 2, 43, 19, 0
1247, 22, 3, 43, 53, 0
1247, 22, 1, 44, 9, 0
1247, 22, 2, 44, 16, 0
1247, 22, 1, 44, 47, 0
1247, 22, 0, 44, 49, 0
1247, 22, 1, 45, 9, 0
1247, 22, 2, 45, 31, 0
1247, 22, 2, 45, 40, 0
1247, 22, 3, 45, 42, 0
1247, 22, 2, 45, 43, 0
1247, 22, 0, 45, 58, 0
1247, 22, 3, 46, 16, 0
1247, 22, 3, 46, 17, 0
1247, 22, 2, 47, 48, 0
1247, 22, 1, 47, 59, 0
1247, 22, 3, 48, 39, 0
1247, 22, 1, 48, 40, 0
1247, 22, 1, 48, 52, 0
1247, 22, 0, 48, 54, 0
1247, 22, 1, 49, 5, 0
1247, 22, 2, 49, 32, 0
1247, 22, 2, 49, 38, 0
1247, 22, 1, 49, 48, 0
1247, 22, 0, 49, 49, 0
1247, 22, 0, 49, 51, 0
1247, 22, 2, 49, 59, 0
1247, 22, 3, 50, 41, 0
1247, 22, 3, 50, 56, 0
1247, 22, 0, 51, 20, 0
1247, 22, 2, 51, 41, 0
1247, 22, 2, 51, 48, 0
1247, 22, 1, 52, 12, 0
1247, 22, 0, 52, 17, 0
1247, 22, 0, 52, 39, 0
1247, 22, 0, 53, 11, 0
1247, 22, 1, 53, 44, 0
1247, 22, 0, 54, 10, 0
1247, 22, 1, 54, 25, 0
1247, 22, 3, 54, 27, 0
1247, 22, 0, 54, 43, 0
1247, 22, 3, 55, 30, 0
1247, 22, 0, 55, 31, 0
1247, 22, 3, 55, 46, 0
1247, 22, 3, 56, 13, 0
1247, 22, 0, 56, 14, 0
1247, 22, 2, 56, 21, 0
1247, 22, 1, 56, 22, 0
1247, 22, 0, 56, 45, 0
1247, 22, 1, 57, 36, 0
1247, 22, 0, 58, 49, 0
1247, 22, 3, 59, 16, 0
1247, 22, 1, 59, 44, 0
1247, 22, 2, 60, 20, 0
1247, 22, 2, 60, 47, 0
1247, 22, 1, 60, 54, 0
1247, 22, 0, 60, 58, 0
1248, 22, 0, 26, 32, 0
1257, 22, 3, 0, 13, 0
1257, 22, 1, 0, 17, 0
1257, 22, 0, 1, 6, 0
1257, 22, 1, 1, 7, 0
1257, 22, 2, 1, 11, 0
1257, 22, 1, 1, 12, 0
1257, 22, 2, 1, 15, 0
1257, 22, 2, 1, 17, 0
1257, 22, 2, 2, 6, 0
1257, 22, 2, 2, 7, 0
1257, 22, 0, 2, 17, 0
1257, 22, 1, 2, 18, 0
1257, 22, 2, 2, 19, 0
1257, 22, 0, 2, 59, 0
1257, 22, 3, 3, 7, 0
1257, 22, 0, 3, 12, 0
1257, 22, 3, 3, 13, 0
1257, 22, 3, 3, 17, 0
1257, 22, 3, 3, 18, 0
1257, 22, 3, 3, 59, 0
1257, 22, 3, 4, 5, 0
1257, 22, 1, 4, 13, 0
1257, 22, 2, 4, 17, 0
1257, 22, 2, 4, 58, 0
1257, 22, 0, 5, 5, 0
1257, 22, 2, 5, 7, 0
1257, 22, 0, 5, 8, 0
1257, 22, 0, 5, 13, 0
1257, 22, 1, 5, 14, 0
1257, 22, 0, 5, 15, 0
1257, 22, 0, 5, 17, 0
1257, 22, 1, 5, 19, 0
1257, 22, 2, 5, 20, 0
1257, 22, 3, 5, 22, 0
1257, 22, 1, 5, 57, 0
1257, 22, 2, 6, 5, 0
1257, 22, 2, 6, 6, 0
1257, 22, 2, 6, 7, 0
1257, 22, 3, 6, 16, 0
1257, 22, 3, 6, 17, 0
1257, 22, 0, 6, 19, 0
1257, 22, 0, 6, 23, 0
1257, 22, 1, 7, 5, 0
1257, 22, 0, 7, 6, 0
1257, 22, 2, 7, 7, 0
1257, 22, 2, 7, 18, 0
1257, 22, 3, 7, 20, 0
1257, 22, 2, 7, 21, 0
1257, 22, 2, 7, 22, 0
1257, 22, 0, 8, 6, 0
1257, 22, 3, 8, 7, 0
1257, 22, 1, 9, 6, 0
1257, 22, 1, 13, 2, 0
1257, 22, 2, 13, 3, 0
1257, 22, 3, 13, 58, 0
1257, 22, 0, 14, 3, 0
1257, 22, 3, 14, 57, 0
1257, 22, 3, 14, 58, 0
1257, 22, 1, 14, 59, 0
1257, 22, 1, 14, 60, 0
1257, 22, 0, 15, 40, 0
1257, 22, 1, 15, 41, 0
1257, 22, 0, 15, 59, 0
1257, 22, 1, 15, 60, 0
1257, 22, 0, 15, 63, 0
1257, 22, 1, 16, 35, 0
1257, 22, 1, 16, 41, 0
1257, 22, 2, 16, 42, 0
1257, 22, 3, 16, 43, 0
1257, 22, 2, 16, 60, 0
1257, 22, 1, 16, 63, 0
1257, 22, 0, 17, 6, 0
1257, 22, 0, 17, 43, 0
1257, 22, 0, 17, 44, 0
1257, 22, 2, 17, 47, 0
1257, 22, 0, 17, 61, 0
1257, 22, 2, 17, 63, 0
1257, 22, 2, 18, 33, 0
1257, 22, 1, 18, 44, 0
1257, 22, 2, 19, 6, 0
1257, 22, 0, 19, 33, 0
1257, 22, 2, 19, 43, 0
1257, 22, 3, 19, 63, 0
1257, 22, 3, 20, 7, 0
1257, 22, 0, 20, 32, 0
1257, 22, 0, 20, 63, 0
1257, 22, 3, 21, 6, 0
1257, 22, 2, 21, 7, 0
1257, 22, 2, 21, 18, 0
1257, 22, 3, 21, 19, 0
1257, 22, 3, 21, 31, 0
1257, 22, 2, 21, 61, 0
1257, 22, 2, 21, 62, 0
1257, 22, 1, 22, 6, 0
1257, 22, 0, 22, 8, 0
1257, 22, 2, 22, 17, 0
1257, 22, 1, 22, 18, 0
1257, 22, 0, 22, 19, 0
1257, 22, 3, 22, 20, 0
1257, 22, 2, 22, 31, 0
1257, 22, 1, 23, 6, 0
1257, 22, 2, 23, 7, 0
1257, 22, 2, 23, 16, 0
1257, 22, 1, 23, 31, 0
1257, 22, 1, 23, 47, 0
1257, 22, 0, 24, 16, 0
1257, 22, 2, 24, 21, 0
1257, 22, 1, 24, 22, 0
1257, 22, 0, 24, 31, 0
1257, 22, 0, 25, 16, 0
1257, 22, 2, 25, 21, 0
1257, 22, 0, 25, 22, 0
1257, 22, 3, 26, 5, 0
1257, 22, 3, 26, 18, 0
1257, 22, 3, 26, 20, 0
1257, 22, 1, 26, 21, 0
1257, 22, 3, 26, 38, 0
1257, 22, 0, 27, 5, 0
1257, 22, 2, 27, 6, 0
1257, 22, 2, 27, 19, 0
1257, 22, 3, 27, 38, 0
1257, 22, 2, 27, 42, 0
1257, 22, 1, 28, 5, 0
1257, 22, 0, 28, 33, 0
1257, 22, 0, 28, 36, 0
1257, 22, 1, 28, 37, 0
1257, 22, 1, 28, 43, 0
1257, 22, 2, 29, 5, 0
1257, 22, 0, 29, 34, 0
1257, 22, 1, 29, 36, 0
1257, 22, 3, 30, 34, 0
1257, 22, 2, 30, 35, 0
1257, 22, 3, 31, 17, 0
1257, 22, 3, 31, 19, 0
1257, 22, 1, 31, 20, 0
1257, 22, 0, 31, 21, 0
1257, 22, 1, 31, 34, 0
1257, 22, 2, 31, 46, 0
1257, 22, 3, 31, 47, 0
1257, 22, 0, 31, 50, 0
1257, 22, 1, 31, 51, 0
1257, 22, 2, 32, 8, 0
1257, 22, 1, 32, 17, 0
1257, 22, 1, 32, 18, 0
1257, 22, 1, 32, 46, 0
1257, 22, 0, 33, 8, 0
1257, 22, 1, 33, 9, 0
1257, 22, 2, 33, 17, 0
1257, 22, 3, 33, 21, 0
1257, 22, 2, 33, 22, 0
1257, 22, 2, 33, 23, 0
1257, 22, 0, 33, 47, 0
1257, 22, 3, 34, 7, 0
1257, 22, 1, 34, 9, 0
1257, 22, 0, 34, 10, 0
1257, 22, 3, 34, 17, 0
1257, 22, 1, 34, 22, 0
1257, 22, 3, 34, 23, 0
1257, 22, 2, 34, 24, 0
1257, 22, 3, 35, 10, 0
1257, 22, 3, 35, 11, 0
1257, 22, 0, 36, 11, 0
1257, 22, 1, 37, 19, 0
1257, 22, 3, 37, 20, 0
1257, 22, 3, 38, 17, 0
1257, 22, 0, 38, 20, 0
1257, 22, 0, 39, 18, 0
1257, 22, 1, 39, 19, 0
1257, 22, 2, 39, 20, 0
1257, 22, 0, 39, 21, 0
1257, 22, 0, 40, 10, 0
1257, 22, 1, 40, 11, 0
1257, 22, 0, 40, 12, 0
1257, 22, 3, 40, 14, 0
1257, 22, 1, 40, 19, 0
1257, 22, 2, 40, 21, 0
1257, 22, 1, 40, 22, 0
1257, 22, 3, 41, 9, 0
1257, 22, 2, 41, 11, 0
1257, 22, 3, 41, 22, 0
1257, 22, 3, 41, 23, 0
1257, 22, 3, 41, 43, 0
1257, 22, 3, 41, 44, 0
1257, 22, 2, 41, 46, 0
1257, 22, 3, 42, 8, 0
1257, 22, 0, 42, 10, 0
1257, 22, 3, 42, 11, 0
1257, 22, 2, 42, 42, 0
1257, 22, 2, 42, 43, 0
1257, 22, 3, 42, 46, 0
1257, 22, 1, 42, 47, 0
1257, 22, 2, 43, 7, 0
1257, 22, 1, 43, 9, 0
1257, 22, 0, 43, 10, 0
1257, 22, 2, 43, 11, 0
1257, 22, 1, 43, 24, 0
1257, 22, 2, 43, 25, 0
1257, 22, 3, 43, 27, 0
1257, 22, 1, 43, 28, 0
1257, 22, 3, 43, 41, 0
1257, 22, 1, 43, 42, 0
1257, 22, 0, 44, 24, 0
1257, 22, 3, 44, 28, 0
1257, 22, 1, 44, 41, 0
1257, 22, 3, 44, 44, 0
1257, 22, 0, 44, 45, 0
1257, 22, 2, 44, 46, 0
1257, 22, 3, 45, 22, 0
1257, 22, 0, 45, 23, 0
1257, 22, 0, 45, 24, 0
1257, 22, 3, 45, 25, 0
1257, 22, 2, 45, 27, 0
1257, 22, 2, 45, 28, 0
1257, 22, 3, 45, 29, 0
1257, 22, 2, 45, 41, 0
1257, 22, 2, 45, 45, 0
1257, 22, 1, 46, 23, 0
1257, 22, 1, 46, 24, 0
1257, 22, 2, 46, 28, 0
1257, 22, 0, 46, 41, 0
1257, 22, 3, 47, 27, 0
1257, 22, 0, 47, 28, 0
1257, 22, 1, 47, 29, 0
1257, 22, 3, 47, 52, 0
1257, 22, 1, 48, 53, 0
1257, 22, 3, 49, 27, 0
1257, 22, 2, 49, 29, 0
1257, 22, 0, 49, 53, 0
1257, 22, 2, 49, 54, 0
1257, 22, 0, 50, 26, 0
1257, 22, 2, 50, 27, 0
1257, 22, 1, 50, 28, 0
1257, 22, 0, 50, 29, 0
1257, 22, 1, 50, 30, 0
1257, 22, 1, 50, 42, 0
1257, 22, 2, 50, 54, 0
1257, 22, 3, 51, 10, 0
1257, 22, 2, 51, 11, 0
1257, 22, 3, 51, 26, 0
1257, 22, 2, 51, 27, 0
1257, 22, 3, 51, 30, 0
1257, 22, 0, 51, 31, 0
1257, 22, 0, 51, 44, 0
1257, 22, 0, 51, 45, 0
1257, 22, 3, 51, 55, 0
1257, 22, 0, 52, 10, 0
1257, 22, 1, 52, 26, 0
1257, 22, 1, 52, 31, 0
1257, 22, 1, 53, 12, 0
1257, 22, 0, 53, 27, 0
1257, 22, 1, 53, 31, 0
1257, 22, 2, 53, 32, 0
1257, 22, 2, 53, 45, 0
1257, 22, 3, 53, 46, 0
1257, 22, 3, 54, 11, 0
1257, 22, 3, 54, 12, 0
1257, 22, 2, 54, 13, 0
1257, 22, 1, 54, 29, 0
1257, 22, 3, 54, 30, 0
1257, 22, 3, 54, 31, 0
1257, 22, 1, 54, 32, 0
1257, 22, 1, 54, 33, 0
1257, 22, 2, 54, 46, 0
1257, 22, 1, 54, 47, 0
1257, 22, 1, 54, 49, 0
1257, 22, 2, 54, 50, 0
1257, 22, 0, 55, 13, 0
1257, 22, 3, 55, 33, 0
1257, 22, 1, 55, 49, 0
1257, 22, 2, 55, 50, 0
1257, 22, 0, 55, 51, 0
1257, 22, 3, 56, 52, 0
1257, 22, 0, 57, 10, 0
1257, 22, 0, 57, 12, 0
1257, 22, 1, 58, 10, 0
1257, 22, 3, 58, 11, 0
1258, 22, 0, 0, 14, 0
1258, 22, 3, 1, 57, 0
1258, 22, 3, 1, 58, 0
1258, 22, 3, 2, 13, 0
1258, 22, 0, 2, 57, 0
1258, 22, 2, 3, 6, 0
1258, 22, 0, 3, 15, 0
1258, 22, 0, 3, 56, 0
1258, 22, 2, 3, 58, 0
1258, 22, 1, 4, 7, 0
1258, 22, 2, 4, 14, 0
1258, 22, 1, 4, 15, 0
1258, 22, 3, 4, 59, 0
1258, 22, 1, 5, 58, 0
1258, 22, 0, 6, 57, 0
1258, 22, 3, 7, 57, 0
1258, 22, 2, 8, 57, 0
1258, 22, 0, 15, 58, 0
1258, 22, 3, 16, 59, 0
1258, 22, 2, 17, 60, 0
1258, 22, 2, 18, 47, 0
1258, 22, 0, 19, 46, 0
1258, 22, 0, 20, 46, 0
1258, 22, 3, 20, 47, 0
1258, 22, 1, 22, 7, 0
1258, 22, 1, 22, 60, 0
1258, 22, 0, 22, 61, 0
1258, 22, 2, 23, 17, 0
1258, 22, 2, 23, 20, 0
1258, 22, 2, 24, 17, 0
1258, 22, 0, 24, 20, 0
1258, 22, 3, 25, 17, 0
1258, 22, 1, 25, 19, 0
1258, 22, 1, 25, 20, 0
1258, 22, 0, 26, 19, 0
1258, 22, 1, 29, 35, 0
1258, 22, 3, 32, 19, 0
1258, 22, 2, 32, 20, 0
1258, 22, 1, 32, 47, 0
1258, 22, 0, 32, 49, 0
1258, 22, 2, 32, 50, 0
1258, 22, 0, 33, 18, 0
1258, 22, 1, 33, 20, 0
1258, 22, 2, 33, 48, 0
1258, 22, 3, 33, 50, 0
1258, 22, 2, 34, 8, 0
1258, 22, 3, 36, 9, 0
1258, 22, 2, 36, 10, 0
1258, 22, 0, 37, 11, 0
1258, 22, 2, 37, 12, 0
1258, 22, 2, 41, 10, 0
1258, 22, 1, 42, 9, 0
1258, 22, 0, 42, 44, 0
1258, 22, 2, 43, 43, 0
1258, 22, 1, 43, 45, 0
1258, 22, 2, 44, 7, 0
1258, 22, 3, 44, 8, 0
1258, 22, 3, 44, 25, 0
1258, 22, 1, 44, 27, 0
1258, 22, 1, 45, 8, 0
1258, 22, 0, 45, 10, 0
1258, 22, 1, 46, 5, 0
1258, 22, 3, 46, 6, 0
1258, 22, 3, 46, 7, 0
1258, 22, 3, 46, 8, 0
1258, 22, 3, 46, 9, 0
1258, 22, 2, 46, 10, 0
1258, 22, 3, 46, 25, 0
1258, 22, 0, 46, 27, 0
1258, 22, 1, 47, 7, 0
1258, 22, 1, 47, 8, 0
1258, 22, 0, 47, 9, 0
1258, 22, 3, 47, 10, 0
1258, 22, 3, 47, 11, 0
1258, 22, 1, 48, 7, 0
1258, 22, 0, 48, 9, 0
1258, 22, 2, 48, 10, 0
1258, 22, 2, 48, 11, 0
1258, 22, 1, 49, 9, 0
1258, 22, 2, 49, 10, 0
1258, 22, 1, 49, 11, 0
1258, 22, 1, 50, 10, 0
1258, 22, 3, 51, 4, 0
1258, 22, 0, 51, 5, 0
1258, 22, 1, 51, 28, 0
1258, 22, 3, 51, 29, 0
1258, 22, 2, 52, 4, 0
1258, 22, 1, 52, 5, 0
1258, 22, 1, 52, 6, 0
1258, 22, 2, 52, 27, 0
1258, 22, 0, 52, 30, 0
1258, 22, 3, 53, 4, 0
1258, 22, 0, 53, 5, 0
1258, 22, 2, 53, 7, 0
1258, 22, 3, 53, 29, 0
1258, 22, 1, 53, 30, 0
1258, 22, 3, 54, 4, 0
1258, 22, 0, 54, 5, 0
1258, 22, 1, 54, 6, 0
1258, 22, 3, 54, 7, 0
1258, 22, 0, 55, 5, 0
1258, 22, 3, 55, 6, 0
1258, 22, 2, 55, 7, 0
1258, 22, 3, 55, 12, 0
1258, 22, 3, 56, 5, 0
1258, 22, 3, 56, 6, 0
1258, 22, 0, 56, 10, 0
1258, 22, 3, 56, 12, 0
1258, 22, 2, 57, 11, 0
1259, 22, 2, 1, 13, 0
1259, 22, 0, 2, 14, 0
1259, 22, 1, 2, 58, 0
1259, 22, 3, 3, 14, 0
1259, 22, 0, 3, 57, 0
1259, 22, 3, 4, 6, 0
1259, 22, 0, 5, 6, 0
1259, 22, 1, 6, 20, 0
1259, 22, 0, 6, 21, 0
1259, 22, 3, 6, 22, 0
1259, 22, 0, 15, 57, 0
1259, 22, 2, 16, 57, 0
1259, 22, 1, 16, 58, 0
1259, 22, 0, 19, 47, 0
1259, 22, 2, 23, 18, 0
1259, 22, 3, 23, 19, 0
1259, 22, 1, 24, 19, 0
1259, 22, 0, 25, 18, 0
1259, 22, 0, 33, 19, 0
1259, 22, 3, 33, 49, 0
1259, 22, 3, 37, 9, 0
1259, 22, 0, 37, 10, 0
1259, 22, 2, 42, 45, 0
1259, 22, 1, 43, 44, 0
1259, 22, 1, 44, 26, 0
1259, 22, 3, 45, 6, 0
1259, 22, 2, 45, 7, 0
1259, 22, 0, 46, 26, 0
1259, 22, 0, 46, 42, 0
1259, 22, 0, 48, 42, 0
1259, 22, 1, 52, 28, 0
1259, 22, 0, 52, 29, 0
1259, 22, 2, 53, 6, 0
1259, 22, 3, 53, 28, 0
1259, 22, 0, 55, 11, 0
1259, 22, 3, 56, 11, 0
1260, 22, 1, 1, 14, 0
1260, 22, 2, 24, 18, 0
1260, 22, 2, 45, 26, 0
1264, 22, 1, 1, 36, 0
1264, 22, 3, 3, 10, 0
1264, 22, 0, 12, 9, 0
1264, 22, 2, 12, 16, 0
1264, 22, 0, 20, 25, 0
1264, 22, 1, 27, 4, 0
1264, 22, 0, 28, 11, 0
1264, 22, 3, 29, 16, 0
1264, 22, 2, 30, 22, 0
1264, 22, 3, 32, 39, 0
1264, 22, 2, 35, 9, 0
1264, 22, 2, 37, 37, 0
1264, 22, 1, 37, 45, 0
1264, 22, 2, 38, 40, 0
1264, 22, 0, 38, 57, 0
1264, 22, 0, 39, 26, 0
1264, 22, 3, 42, 39, 0
1264, 22, 1, 43, 23, 0
1264, 22, 3, 43, 58, 0
1264, 22, 3, 45, 38, 0
1264, 22, 2, 45, 62, 0
1264, 22, 0, 47, 39, 0
1264, 22, 0, 47, 56, 0
1264, 22, 3, 48, 22, 0
1264, 22, 0, 51, 25, 0
1264, 22, 1, 53, 57, 0
1265, 22, 3, 11, 13, 0
1265, 22, 3, 27, 12, 0
1265, 22, 0, 28, 27, 0
1265, 22, 1, 40, 30, 0
1265, 22, 3, 42, 26, 0
1276, 10, 2, 2, 44, 0
1276, 10, 3, 3, 9, 0
1276, 10, 2, 3, 12, 0
1276, 10, 3, 4, 37, 0
1276, 10, 0, 6, 9, 0
1276, 10, 3, 6, 13, 0
1276, 10, 0, 7, 43, 0
1276, 10, 0, 8, 16, 0
1276, 10, 0, 9, 7, 0
1276, 10, 2, 9, 12, 0
1276, 10, 0, 9, 26, 0
1276, 10, 1, 10, 19, 0
1276, 10, 1, 11, 9, 0
1276, 10, 2, 11, 16, 0
1276, 10, 1, 14, 14, 0
1276, 10, 2, 18, 8, 0
1276, 10, 2, 26, 12, 0
1276, 10, 1, 26, 15, 0
1276, 10, 3, 29, 9, 0
1276, 10, 2, 31, 48, 0
1276, 10, 0, 32, 14, 0
1276, 10, 0, 34, 3, 0
1276, 10, 3, 35, 13, 0
1276, 10, 2, 36, 37, 0
1276, 10, 2, 37, 56, 0
1276, 10, 3, 39, 35, 0
1276, 10, 3, 40, 58, 0
1276, 10, 2, 41, 4, 0
1276, 10, 0, 41, 38, 0
1276, 10, 0, 42, 22, 0
1276, 10, 2, 42, 61, 0
1276, 10, 0, 43, 46, 0
1276, 10, 1, 43, 49, 0
1276, 10, 1, 44, 52, 0
1276, 10, 1, 45, 16, 0
1276, 10, 3, 45, 55, 0
1276, 10, 0, 47, 54, 0
1276, 10, 0, 49, 56, 0
1276, 10, 0, 49, 61, 0
1276, 10, 3, 51, 16, 0
1276, 10, 1, 51, 58, 0
1276, 10, 2, 53, 43, 0
1276, 10, 3, 53, 56, 0
1276, 10, 0, 59, 51, 0
1276, 10, 2, 59, 57, 0
1276, 10, 1, 60, 54, 0
1278, 10, 2, 1, 35, 0
1278, 10, 1, 3, 30, 0
1278, 10, 1, 12, 25, 0
1278, 10, 1, 14, 20, 0
1278, 10, 3, 15, 23, 0
1278, 10, 2, 15, 26, 0
1278, 10, 2, 19, 20, 0
1278, 10, 3, 19, 25, 0
1278, 10, 3, 30, 3, 0
1278, 10, 0, 31, 23, 0
1278, 10, 3, 31, 38, 0
1278, 10, 0, 32, 40, 0
1278, 10, 2, 33, 26, 0
1278, 10, 1, 37, 18, 0
1278, 10, 0, 37, 40, 0
1278, 10, 0, 41, 12, 0
1278, 10, 1, 44, 30, 0
1278, 10, 3, 44, 42, 0
1278, 10, 3, 44, 61, 0
1278, 10, 0, 45, 37, 0
1278, 10, 1, 45, 39, 0
1278, 10, 2, 47, 25, 0
1278, 10, 1, 47, 36, 0
1278, 10, 3, 47, 38, 0
1278, 10, 2, 47, 40, 0
1278, 10, 1, 48, 21, 0
1278, 10, 0, 48, 32, 0
1278, 10, 2, 49, 37, 0
1278, 10, 0, 50, 20, 0
1278, 10, 2, 50, 24, 0
1278, 10, 0, 50, 40, 0
1278, 10, 3, 51, 38, 0
1278, 10, 3, 53, 25, 0
1278, 10, 2, 54, 30, 0
1278, 10, 0, 55, 21, 0
1278, 10, 2, 55, 45, 0
1278, 10, 3, 56, 49, 0
1278, 10, 0, 57, 35, 0
1278, 10, 1, 58, 15, 0
1278, 10, 1, 58, 27, 0
1278, 10, 1, 58, 44, 0
1278, 10, 0, 58, 48, 0
1278, 10, 0, 59, 46, 0
1281, 10, 3, 18, 13, 0
1281, 10, 0, 21, 9, 0
1281, 10, 0, 26, 4, 0
1281, 10, 1, 28, 12, 0
1281, 10, 2, 29, 18, 0
1281, 10, 0, 31, 10, 0
1281, 10, 1, 35, 7, 0
1281, 10, 0, 36, 25, 0
1281, 10, 1, 42, 53, 0
1281, 10, 2, 43, 56, 0
1281, 10, 3, 47, 57, 0
1282, 10, 1, 27, 52, 0
1286, 10, 0, 0, 45, 0
1286, 10, 3, 5, 46, 0
1286, 10, 0, 41, 49, 0
1286, 10, 1, 48, 48, 0
1286, 10, 0, 49, 49, 0
1286, 10, 0, 49, 52, 0
1286, 10, 3, 50, 47, 0
1286, 10, 2, 52, 51, 0
1297, 10, 0, 32, 59, 0
1297, 10, 3, 36, 52, 0
1341, 10, 3, 4, 42, 0
1341, 10, 2, 7, 35, 0
1341, 10, 2, 9, 45, 0
1341, 10, 2, 12, 40, 0
1341, 10, 2, 32, 62, 0
1341, 10, 0, 35, 16, 0
1341, 10, 1, 35, 62, 0
1341, 10, 0, 36, 59, 0
1341, 10, 0, 37, 61, 0
1341, 10, 3, 40, 63, 0
1392, 10, 1, 37, 44, 0
1393, 10, 2, 35, 23, 0
1393, 10, 1, 37, 32, 0
1394, 10, 3, 40, 17, 0
1394, 10, 2, 42, 19, 0
1394, 10, 0, 52, 4, 0
1394, 10, 1, 54, 6, 0
1394, 10, 3, 55, 13, 0
1394, 10, 2, 57, 4, 0
1394, 10, 3, 58, 12, 0
1394, 10, 1, 59, 9, 0
1394, 10, 0, 61, 11, 0
1530, 0, 0, 4, 54, 0
1530, 0, 3, 9, 52, 0
1530, 0, 2, 10, 54, 0
1531, 0, 0, 4, 59, 0
1531, 0, 3, 11, 61, 0
1533, 0, 2, 14, 54, 0
1533, 0, 3, 17, 57, 0
1533, 0, 3, 19, 61, 0
1596, 0, 0, 48, 3, 0
1597, 0, 0, 48, 4, 0
1624, 2, 3, 2, 48, 0
1624, 0, 0, 2, 51, 0
1624, 0, 0, 5, 51, 0
1624, 0, 1, 6, 47, 0
1624, 0, 0, 8, 48, 0
1625, 0, 0, 8, 49, 0
1626, 0, 1, 0, 47, 0
1626, 0, 0, 0, 48, 0
1626, 0, 0, 0, 49, 0
1626, 0, 0, 0, 50, 0
1626, 0, 0, 0, 51, 0
1626, 0, 1, 1, 47, 0
1626, 0, 1, 2, 47, 0
1626, 0, 0, 2, 50, 0
1626, 0, 1, 3, 47, 0
1626, 3, 3, 3, 50, 0
1626, 0, 1, 4, 47, 0
1626, 0, 1, 5, 47, 0
1626, 3, 3, 5, 48, 0
1626, 2, 0, 5, 49, 0
1626, 0, 1, 7, 47, 0
1626, 0, 1, 8, 47, 0
1626, 0, 1, 9, 47, 0
1626, 1, 0, 10, 47, 0
1626, 9, 0, 10, 48, 0
1629, 22, 2, 1, 47, 0
1631, 0, 3, 0, 52, 0
1631, 0, 3, 1, 52, 0
1631, 0, 3, 2, 52, 0
1631, 0, 3, 3, 52, 0
1631, 2, 3, 4, 52, 0
1631, 0, 0, 4, 53, 0
1631, 0, 0, 4, 55, 0
1631, 2, 0, 4, 56, 0
1631, 0, 3, 5, 52, 0
1631, 0, 1, 5, 56, 0
1631, 0, 3, 6, 52, 0
1631, 0, 1, 6, 56, 0
1631, 0, 3, 7, 52, 0
1631, 0, 1, 7, 56, 0
1631, 0, 0, 8, 51, 0
1631, 0, 3, 8, 52, 0
1631, 0, 1, 8, 56, 0
1631, 0, 1, 9, 56, 0
1631, 2, 2, 10, 52, 0
1631, 0, 2, 10, 53, 0
1631, 0, 2, 10, 55, 0
1631, 2, 1, 10, 56, 0
1640, 12, 1, 4, 52, 1
1640, 12, 3, 4, 56, 1
1640, 12, 1, 5, 52, 1
1640, 12, 3, 5, 56, 1
1640, 12, 1, 6, 52, 1
1640, 12, 3, 6, 56, 1
1640, 12, 1, 7, 52, 1
1640, 12, 3, 7, 56, 1
1640, 12, 1, 8, 52, 1
1640, 12, 3, 8, 56, 1
1640, 12, 1, 9, 52, 1
1640, 12, 3, 9, 56, 1
1640, 12, 1, 10, 52, 1
1640, 12, 3, 10, 56, 1
1640, 12, 1, 4, 53, 2
1640, 17, 3, 4, 54, 2
1640, 12, 3, 4, 55, 2
1640, 12, 1, 5, 53, 2
1640, 17, 3, 5, 54, 2
1640, 12, 3, 5, 55, 2
1640, 12, 1, 6, 53, 2
1640, 17, 3, 6, 54, 2
1640, 12, 3, 6, 55, 2
1640, 12, 1, 7, 53, 2
1640, 17, 3, 7, 54, 2
1640, 12, 3, 7, 55, 2
1640, 12, 1, 8, 53, 2
1640, 17, 3, 8, 54, 2
1640, 12, 3, 8, 55, 2
1640, 12, 1, 9, 53, 2
1640, 17, 3, 9, 54, 2
1640, 12, 3, 9, 55, 2
1640, 12, 1, 10, 53, 2
1640, 17, 3, 10, 54, 2
1640, 12, 3, 10, 55, 2
1644, 0, 0, 4, 53, 1
1644, 0, 0, 4, 54, 1
1644, 0, 0, 4, 55, 1
1644, 0, 2, 10, 53, 1
1644, 0, 2, 10, 54, 1
1644, 0, 2, 10, 55, 1
1651, 0, 3, 11, 52, 1
1651, 9, 3, 12, 49, 1
1651, 0, 0, 12, 50, 1
1651, 0, 0, 12, 51, 1
1651, 1, 3, 12, 52, 1
1651, 0, 3, 13, 49, 1
1651, 0, 3, 14, 49, 1
1651, 0, 3, 15, 49, 1
1651, 0, 3, 16, 49, 1
1651, 0, 3, 17, 49, 1
1651, 0, 3, 18, 49, 1
1651, 0, 3, 19, 49, 1
1651, 0, 3, 20, 49, 1
1651, 1, 1, 20, 63, 1
1651, 0, 3, 21, 49, 1
1651, 1, 1, 21, 62, 1
1651, 9, 1, 21, 63, 1
1651, 9, 2, 22, 49, 1
1651, 1, 2, 22, 50, 1
1651, 1, 1, 22, 61, 1
1651, 9, 1, 22, 62, 1
1651, 9, 2, 23, 50, 1
1651, 1, 2, 23, 51, 1
1651, 0, 2, 23, 56, 1
1651, 0, 2, 23, 57, 1
1651, 0, 2, 23, 58, 1
1651, 0, 2, 23, 59, 1
1651, 0, 2, 23, 60, 1
1651, 9, 1, 23, 61, 1
1651, 9, 2, 24, 51, 1
1651, 0, 2, 24, 52, 1
1651, 0, 2, 24, 53, 1
1651, 0, 2, 24, 54, 1
1651, 9, 1, 24, 55, 1
1668, 4, 1, 4, 51, 0
1668, 4, 3, 4, 57, 0
1668, 4, 1, 5, 51, 0
1668, 4, 3, 5, 57, 0
1668, 4, 1, 7, 51, 0
1668, 4, 3, 7, 57, 0
1668, 4, 3, 9, 57, 0
1668, 4, 1, 10, 51, 0
1668, 4, 3, 10, 57, 0
1790, 18, 1, 6, 59, 1
1790, 18, 1, 7, 59, 1
1790, 18, 1, 8, 59, 1
1790, 18, 1, 9, 59, 1
1790, 18, 1, 10, 59, 1
1790, 21, 0, 11, 59, 1
1790, 18, 0, 11, 60, 1
1790, 18, 0, 11, 61, 1
1790, 18, 0, 11, 62, 1
1790, 18, 0, 11, 63, 1
1790, 19, 1, 14, 51, 1
1790, 18, 2, 14, 52, 1
1790, 18, 2, 14, 53, 1
1790, 18, 2, 14, 54, 1
1790, 18, 2, 14, 55, 1
1790, 18, 2, 14, 56, 1
1790, 19, 2, 14, 57, 1
1790, 18, 1, 15, 51, 1
1790, 18, 3, 15, 57, 1
1790, 18, 1, 16, 51, 1
1790, 20, 2, 16, 57, 1
1790, 18, 2, 16, 58, 1
1790, 19, 2, 16, 59, 1
1790, 18, 1, 17, 51, 1
1790, 19, 2, 17, 60, 1
1790, 18, 1, 18, 51, 1
1790, 19, 2, 18, 61, 1
1790, 18, 1, 19, 51, 1
1790, 18, 3, 19, 61, 1
1790, 18, 1, 20, 51, 1
1790, 18, 3, 20, 61, 1
1790, 18, 1, 21, 51, 1
1790, 19, 3, 21, 61, 1
1790, 18, 1, 22, 51, 1
1790, 19, 3, 22, 60, 1
1790, 19, 0, 23, 51, 1
1790, 18, 0, 23, 52, 1
1790, 18, 0, 23, 53, 1
1790, 18, 0, 23, 54, 1
1790, 18, 0, 23, 55, 1
1790, 18, 0, 23, 56, 1
1790, 18, 0, 23, 57, 1
1790, 18, 0, 23, 58, 1
1790, 19, 3, 23, 59, 1
1790, 21, 1, 1, 59, 2
1790, 18, 2, 1, 60, 2
1790, 18, 2, 1, 61, 2
1790, 18, 2, 1, 62, 2
1790, 18, 2, 1, 63, 2
1790, 18, 1, 2, 59, 2
1790, 18, 1, 3, 59, 2
1790, 18, 1, 4, 59, 2
1790, 18, 1, 5, 59, 2
1790, 21, 0, 6, 59, 2
1790, 18, 0, 6, 60, 2
1790, 18, 0, 6, 61, 2
1790, 18, 0, 6, 62, 2
1790, 18, 0, 6, 63, 2
1793, 19, 0, 0, 51, 1
1793, 18, 0, 0, 52, 1
1793, 18, 0, 0, 53, 1
1793, 18, 0, 0, 54, 1
1793, 18, 0, 0, 55, 1
1793, 18, 0, 0, 56, 1
1793, 18, 0, 0, 57, 1
1793, 18, 0, 0, 58, 1
1793, 18, 0, 0, 59, 1
1793, 18, 0, 0, 60, 1
1793, 18, 0, 0, 61, 1
1793, 18, 0, 0, 62, 1
1793, 18, 0, 0, 63, 1
1793, 18, 1, 4, 51, 1
1793, 18, 3, 4, 57, 1
1793, 18, 1, 5, 51, 1
1793, 18, 3, 5, 57, 1
1793, 18, 1, 6, 51, 1
1793, 18, 3, 6, 57, 1
1793, 18, 1, 7, 51, 1
1793, 18, 3, 7, 57, 1
1793, 18, 1, 8, 51, 1
1793, 18, 3, 8, 57, 1
1793, 18, 1, 9, 51, 1
1793, 18, 3, 9, 57, 1
1793, 18, 1, 10, 51, 1
1793, 18, 3, 10, 57, 1
1821, 4, 2, 3, 53, 0
1821, 5, 0, 4, 53, 0
1821, 4, 1, 6, 51, 0
1821, 5, 3, 6, 52, 0
1821, 5, 1, 6, 56, 0
1821, 4, 3, 6, 57, 0
1821, 4, 1, 8, 51, 0
1821, 5, 3, 8, 52, 0
1821, 5, 1, 8, 56, 0
1821, 4, 3, 8, 57, 0
1821, 5, 2, 10, 53, 0
1821, 5, 2, 10, 55, 0
1821, 4, 0, 11, 53, 0
1821, 4, 0, 11, 55, 0
1823, 4, 1, 3, 59, 0
1823, 5, 3, 3, 60, 0
1823, 4, 1, 6, 59, 0
1823, 5, 3, 6, 60, 0
1823, 4, 1, 9, 59, 0
1823, 5, 3, 9, 60, 0
1823, 5, 2, 10, 63, 0
1823, 4, 0, 11, 63, 0
1823, 4, 2, 1, 62, 1
1823, 5, 0, 2, 62, 1
1823, 4, 1, 4, 59, 1
1823, 5, 3, 4, 60, 1
1825, 4, 2, 3, 55, 0
1825, 5, 0, 4, 55, 0
1828, 5, 2, 14, 53, 0
1828, 5, 2, 14, 55, 0
1828, 4, 0, 15, 53, 0
1828, 4, 0, 15, 55, 0
1828, 8, 2, 17, 59, 0
1828, 4, 1, 20, 51, 0
1828, 5, 3, 20, 52, 0
1828, 4, 2, 22, 53, 0
1828, 8, 3, 22, 59, 0
1828, 5, 0, 23, 53, 0
1902, 2, 3, 2, 60, 0
1902, 0, 0, 2, 61, 0
1902, 0, 0, 2, 62, 0
1902, 0, 0, 2, 63, 0
1902, 0, 3, 3, 60, 0
1902, 0, 3, 5, 60, 0
1902, 0, 3, 6, 60, 0
1902, 0, 3, 7, 60, 0
1902, 0, 3, 8, 60, 0
1902, 0, 3, 9, 60, 0
1902, 1, 1, 10, 48, 0
1902, 0, 2, 10, 49, 0
1902, 0, 2, 10, 50, 0
1902, 0, 2, 10, 51, 0
1902, 2, 2, 10, 60, 0
1902, 0, 2, 10, 62, 0
1902, 0, 2, 10, 63, 0
1902, 1, 1, 11, 47, 0
1902, 9, 1, 11, 48, 0
1902, 0, 3, 11, 52, 0
1902, 0, 1, 12, 47, 0
1902, 9, 3, 12, 49, 0
1902, 0, 0, 12, 50, 0
1902, 0, 0, 12, 51, 0
1902, 1, 3, 12, 52, 0
1902, 0, 1, 13, 47, 0
1902, 0, 3, 13, 49, 0
1902, 0, 1, 14, 47, 0
1902, 0, 3, 14, 49, 0
1902, 0, 2, 14, 52, 0
1902, 0, 2, 14, 53, 0
1902, 0, 2, 14, 55, 0
1902, 0, 2, 14, 56, 0
1902, 1, 2, 14, 57, 0
1902, 0, 1, 15, 47, 0
1902, 0, 3, 15, 49, 0
1902, 0, 3, 15, 52, 0
1902, 0, 3, 15, 57, 0
1902, 0, 1, 16, 47, 0
1902, 0, 3, 16, 49, 0
1902, 0, 3, 16, 52, 0
1902, 2, 2, 16, 57, 0
1902, 0, 2, 16, 58, 0
1902, 1, 2, 16, 59, 0
1902, 0, 1, 17, 47, 0
1902, 0, 3, 17, 49, 0
1902, 0, 3, 17, 52, 0
1902, 9, 2, 17, 59, 0
1902, 1, 2, 17, 60, 0
1902, 0, 1, 18, 47, 0
1902, 0, 3, 18, 49, 0
1902, 2, 2, 18, 52, 0
1902, 0, 2, 18, 53, 0
1902, 0, 2, 18, 55, 0
1902, 0, 2, 18, 56, 0
1902, 0, 3, 18, 57, 0
1902, 9, 2, 18, 60, 0
1902, 1, 2, 18, 61, 0
1902, 0, 1, 19, 47, 0
1902, 0, 3, 19, 49, 0
1902, 0, 3, 19, 52, 0
1902, 0, 3, 19, 57, 0
1902, 0, 1, 20, 47, 0
1902, 0, 3, 20, 49, 0
1902, 0, 3, 20, 52, 0
1902, 0, 3, 20, 57, 0
1902, 0, 3, 20, 61, 0
1902, 1, 1, 20, 63, 0
1902, 0, 1, 21, 47, 0
1902, 0, 3, 21, 49, 0
1902, 0, 3, 21, 52, 0
1902, 0, 3, 21, 57, 0
1902, 9, 3, 21, 60, 0
1902, 1, 3, 21, 61, 0
1902, 1, 1, 21, 62, 0
1902, 9, 1, 21, 63, 0
1902, 0, 1, 22, 47, 0
1902, 9, 2, 22, 49, 0
1902, 1, 2, 22, 50, 0
1902, 0, 3, 22, 52, 0
1902, 0, 3, 22, 57, 0
1902, 9, 3, 22, 59, 0
1902, 1, 3, 22, 60, 0
1902, 1, 1, 22, 61, 0
1902, 9, 1, 22, 62, 0
1902, 1, 0, 23, 47, 0
1902, 9, 0, 23, 48, 0
1902, 9, 2, 23, 50, 0
1902, 1, 2, 23, 51, 0
1902, 0, 0, 23, 52, 0
1902, 0, 0, 23, 53, 0
1902, 0, 0, 23, 54, 0
1902, 0, 0, 23, 55, 0
1902, 0, 0, 23, 56, 0
1902, 0, 0, 23, 57, 0
1902, 0, 0, 23, 58, 0
1902, 1, 3, 23, 59, 0
1902, 9, 1, 23, 61, 0
1902, 9, 3, 23, 63, 0
1902, 1, 0, 24, 48, 0
1902, 9, 0, 24, 49, 0
1902, 9, 2, 24, 51, 0
1902, 0, 2, 24, 52, 0
1902, 0, 2, 24, 53, 0
1902, 0, 2, 24, 54, 0
1902, 9, 1, 24, 55, 0
1902, 0, 0, 24, 56, 0
1902, 0, 0, 24, 57, 0
1902, 0, 0, 24, 58, 0
1902, 0, 0, 24, 59, 0
1902, 0, 0, 24, 60, 0
1902, 9, 3, 24, 62, 0
1902, 0, 0, 24, 63, 0
1902, 1, 0, 25, 49, 0
1902, 9, 0, 25, 50, 0
1902, 9, 1, 25, 56, 0
1902, 0, 0, 25, 57, 0
1902, 0, 0, 25, 58, 0
1902, 0, 0, 25, 59, 0
1902, 0, 0, 25, 60, 0
1902, 0, 0, 25, 61, 0
1902, 1, 3, 25, 62, 0
1902, 1, 0, 26, 50, 0
1902, 0, 0, 26, 51, 0
1902, 0, 0, 26, 52, 0
1902, 0, 0, 26, 53, 0
1902, 0, 0, 26, 54, 0
1902, 0, 0, 26, 55, 0
1902, 2, 3, 2, 60, 1
1902, 0, 0, 2, 61, 1
1902, 0, 0, 2, 62, 1
1902, 0, 0, 2, 63, 1
1902, 0, 3, 3, 60, 1
1902, 0, 3, 4, 60, 1
1902, 2, 2, 5, 60, 1
1902, 0, 2, 5, 61, 1
1902, 0, 2, 5, 62, 1
1902, 0, 2, 5, 63, 1
1913, 1, 1, 10, 48, 1
1913, 0, 2, 10, 49, 1
1913, 0, 2, 10, 50, 1
1913, 1, 1, 11, 47, 1
1913, 9, 1, 11, 48, 1
1913, 0, 1, 12, 47, 1
1913, 0, 1, 13, 47, 1
1913, 0, 1, 14, 47, 1
1913, 0, 1, 15, 47, 1
1913, 0, 1, 16, 47, 1
1913, 0, 1, 17, 47, 1
1913, 0, 1, 18, 47, 1
1913, 0, 1, 19, 47, 1
1913, 0, 1, 20, 47, 1
1913, 0, 1, 21, 47, 1
1913, 0, 1, 22, 47, 1
1913, 1, 0, 23, 47, 1
1913, 9, 0, 23, 48, 1
1913, 9, 3, 23, 63, 1
1913, 1, 0, 24, 48, 1
1913, 9, 0, 24, 49, 1
1913, 9, 3, 24, 62, 1
1913, 0, 0, 24, 63, 1
1913, 1, 0, 25, 49, 1
1913, 9, 0, 25, 50, 1
1913, 9, 3, 25, 56, 1
1913, 0, 0, 25, 57, 1
1913, 0, 0, 25, 58, 1
1913, 0, 0, 25, 59, 1
1913, 0, 0, 25, 60, 1
1913, 0, 0, 25, 61, 1
1913, 1, 3, 25, 62, 1
1913, 1, 0, 26, 50, 1
1913, 0, 0, 26, 51, 1
1913, 0, 0, 26, 52, 1
1913, 0, 0, 26, 53, 1
1913, 0, 0, 26, 54, 1
1913, 0, 0, 26, 55, 1
1913, 1, 3, 26, 56, 1
1924, 12, 1, 6, 60, 1
1924, 17, 0, 6, 61, 1
1924, 17, 0, 6, 62, 1
1924, 17, 0, 6, 63, 1
1924, 12, 1, 7, 60, 1
1924, 17, 0, 7, 61, 1
1924, 17, 0, 7, 62, 1
1924, 17, 0, 7, 63, 1
1924, 12, 1, 8, 60, 1
1924, 17, 0, 8, 61, 1
1924, 17, 0, 8, 62, 1
1924, 14, 3, 8, 63, 1
1924, 12, 1, 9, 60, 1
1924, 17, 0, 9, 61, 1
1924, 17, 0, 9, 62, 1
1924, 12, 3, 9, 63, 1
1924, 16, 0, 10, 60, 1
1924, 12, 0, 10, 61, 1
1924, 12, 0, 10, 62, 1
1924, 16, 3, 10, 63, 1
1924, 16, 1, 15, 52, 1
1924, 12, 2, 15, 53, 1
1924, 12, 2, 15, 54, 1
1924, 12, 2, 15, 55, 1
1924, 16, 2, 15, 56, 1
1924, 12, 1, 16, 52, 1
1924, 12, 3, 16, 56, 1
1924, 12, 1, 17, 52, 1
1924, 15, 2, 17, 56, 1
1924, 12, 2, 17, 57, 1
1924, 12, 2, 17, 58, 1
1924, 13, 2, 17, 59, 1
1924, 12, 1, 18, 52, 1
1924, 14, 2, 18, 59, 1
1924, 13, 2, 18, 60, 1
1924, 12, 1, 19, 52, 1
1924, 17, 3, 19, 59, 1
1924, 12, 3, 19, 60, 1
1924, 12, 1, 20, 52, 1
1924, 17, 3, 20, 59, 1
1924, 12, 3, 20, 60, 1
1924, 12, 1, 21, 52, 1
1924, 14, 3, 21, 59, 1
1924, 13, 3, 21, 60, 1
1924, 16, 0, 22, 52, 1
1924, 12, 0, 22, 53, 1
1924, 12, 0, 22, 54, 1
1924, 12, 0, 22, 55, 1
1924, 12, 0, 22, 56, 1
1924, 12, 0, 22, 57, 1
1924, 12, 0, 22, 58, 1
1924, 13, 3, 22, 59, 1
1924, 16, 1, 2, 60, 2
1924, 12, 2, 2, 61, 2
1924, 12, 2, 2, 62, 2
1924, 12, 2, 2, 63, 2
1924, 12, 1, 3, 60, 2
1924, 17, 2, 3, 61, 2
1924, 17, 2, 3, 62, 2
1924, 17, 2, 3, 63, 2
1924, 12, 1, 4, 60, 2
1924, 17, 2, 4, 61, 2
1924, 17, 2, 4, 62, 2
1924, 17, 2, 4, 63, 2
1924, 16, 0, 5, 60, 2
1924, 12, 0, 5, 61, 2
1924, 12, 0, 5, 62, 2
1924, 12, 0, 5, 63, 2
1924, 16, 1, 16, 53, 2
1924, 12, 2, 16, 54, 2
1924, 16, 2, 16, 55, 2
1924, 12, 1, 17, 53, 2
1924, 17, 2, 17, 54, 2
1924, 12, 3, 17, 55, 2
1924, 12, 1, 18, 53, 2
1924, 17, 2, 18, 54, 2
1924, 15, 2, 18, 55, 2
1924, 12, 2, 18, 56, 2
1924, 12, 2, 18, 57, 2
1924, 16, 2, 18, 58, 2
1924, 12, 1, 19, 53, 2
1924, 12, 3, 19, 58, 2
1924, 12, 1, 20, 53, 2
1924, 12, 3, 20, 58, 2
1924, 16, 0, 21, 53, 2
1924, 12, 0, 21, 54, 2
1924, 12, 0, 21, 55, 2
1924, 12, 0, 21, 56, 2
1924, 12, 0, 21, 57, 2
1924, 16, 3, 21, 58, 2
1924, 16, 1, 19, 54, 3
1924, 12, 2, 19, 55, 3
1924, 12, 2, 19, 56, 3
1924, 16, 2, 19, 57, 3
1924, 16, 0, 20, 54, 3
1924, 12, 0, 20, 55, 3
1924, 12, 0, 20, 56, 3
1924, 16, 3, 20, 57, 3
1938, 5, 1, 15, 47, 0
1938, 5, 1, 19, 47, 0
1938, 6, 0, 24, 49, 0
1938, 5, 0, 25, 57, 0
1938, 5, 0, 25, 60, 0
1938, 5, 0, 26, 52, 0
1938, 5, 0, 26, 55, 0
2032, 0, 2, 18, 54, 0
2090, 10, 3, 18, 39, 0
2090, 10, 2, 18, 40, 0
2090, 10, 1, 22, 33, 0
2090, 10, 1, 22, 36, 0
2090, 10, 3, 23, 37, 0
2090, 10, 2, 24, 33, 0
2090, 10, 0, 25, 33, 0
2090, 10, 3, 25, 35, 0
2091, 11, 2, 26, 34, 0
2092, 10, 3, 21, 40, 0
2092, 10, 3, 21, 41, 0
2092, 10, 2, 22, 41, 0
2093, 11, 2, 24, 42, 0
2094, 10, 0, 19, 37, 0
2094, 10, 3, 19, 38, 0
2094, 10, 1, 20, 35, 0
2094, 10, 0, 20, 36, 0
2094, 10, 3, 24, 38, 0
2095, 11, 2, 25, 40, 0
2724, 10, 3, 7, 52, 0
2741, 22, 0, 22, 38, 0
