730, 22, 2, 7, 0, 0
730, 22, 2, 11, 2, 0
730, 22, 3, 14, 1, 0
730, 22, 1, 28, 1, 0
730, 22, 0, 35, 1, 0
730, 22, 3, 43, 0, 0
730, 22, 2, 46, 1, 0
730, 22, 0, 53, 2, 0
730, 22, 3, 56, 0, 0
730, 22, 2, 60, 2, 0
1252, 22, 0, 5, 19, 0
1252, 22, 0, 5, 38, 0
1252, 22, 0, 5, 46, 0
1252, 22, 2, 6, 26, 0
1252, 22, 2, 14, 40, 0
1252, 22, 0, 27, 59, 0
1252, 22, 3, 29, 45, 0
1252, 22, 3, 35, 56, 0
1252, 22, 1, 37, 45, 0
1252, 22, 1, 37, 57, 0
1252, 22, 1, 38, 20, 0
1252, 22, 3, 38, 39, 0
1252, 22, 1, 50, 59, 0
1252, 22, 2, 60, 7, 0
1252, 22, 3, 60, 38, 0
1252, 22, 1, 60, 46, 0
1252, 22, 3, 61, 56, 0
3047, 10, 0, 4, 41, 0
3047, 10, 0, 7, 22, 0
3047, 10, 2, 9, 23, 0
3047, 10, 2, 9, 42, 0
3047, 10, 0, 10, 41, 0
3047, 10, 2, 12, 23, 0
3047, 10, 2, 12, 42, 0
3047, 10, 0, 22, 22, 0
3047, 10, 0, 22, 41, 0
3047, 10, 2, 24, 23, 0
3047, 10, 0, 25, 22, 0
3047, 10, 0, 28, 41, 0
3047, 10, 1, 32, 11, 0
3047, 10, 1, 32, 14, 0
3047, 10, 1, 32, 17, 0
3047, 10, 1, 32, 27, 0
3047, 10, 1, 32, 30, 0
3047, 10, 1, 32, 33, 0
3047, 10, 1, 32, 46, 0
3047, 10, 1, 32, 49, 0
3047, 10, 1, 32, 52, 0
3047, 10, 3, 33, 12, 0
3047, 10, 3, 33, 15, 0
3047, 10, 3, 33, 18, 0
3047, 10, 3, 33, 31, 0
3047, 10, 3, 33, 34, 0
3047, 10, 3, 33, 50, 0
3047, 10, 3, 33, 53, 0
3047, 10, 2, 37, 42, 0
3047, 10, 0, 38, 41, 0
3047, 10, 2, 40, 23, 0
3047, 10, 0, 41, 22, 0
3047, 10, 0, 41, 41, 0
3047, 10, 2, 43, 23, 0
3047, 10, 2, 43, 42, 0
3047, 10, 0, 53, 22, 0
3047, 10, 0, 53, 41, 0
3047, 10, 2, 55, 23, 0
3047, 10, 2, 55, 42, 0
3047, 10, 0, 56, 41, 0
3047, 10, 2, 61, 23, 0
3047, 10, 1, 63, 14, 0
3047, 10, 1, 63, 33, 0
3047, 10, 1, 63, 52, 0
3048, 10, 1, 1, 4, 0
3048, 10, 1, 1, 5, 0
3048, 10, 1, 1, 21, 0
3048, 10, 1, 1, 22, 0
3048, 10, 1, 1, 23, 0
3048, 10, 1, 1, 24, 0
3048, 10, 1, 1, 40, 0
3048, 10, 1, 1, 41, 0
3048, 10, 1, 1, 42, 0
3048, 10, 1, 1, 43, 0
3048, 10, 1, 1, 59, 0
3048, 10, 1, 1, 60, 0
3048, 10, 0, 2, 3, 0
3048, 10, 3, 2, 5, 0
3048, 10, 3, 2, 21, 0
3048, 10, 3, 2, 24, 0
3048, 10, 3, 2, 40, 0
3048, 10, 3, 2, 43, 0
3048, 10, 3, 2, 59, 0
3048, 10, 2, 2, 61, 0
3048, 10, 0, 3, 3, 0
3048, 10, 2, 3, 4, 0
3048, 10, 0, 3, 22, 0
3048, 10, 2, 3, 23, 0
3048, 10, 0, 3, 41, 0
3048, 10, 2, 3, 42, 0
3048, 10, 0, 3, 60, 0
3048, 10, 2, 3, 61, 0
3048, 10, 0, 31, 3, 0
3048, 10, 2, 31, 4, 0
3048, 10, 0, 31, 60, 0
3048, 10, 2, 31, 61, 0
3048, 10, 0, 32, 3, 0
3048, 10, 1, 32, 5, 0
3048, 10, 1, 32, 59, 0
3048, 10, 2, 32, 61, 0
3048, 10, 0, 33, 3, 0
3048, 10, 3, 33, 5, 0
3048, 10, 3, 33, 59, 0
3048, 10, 2, 33, 61, 0
3048, 10, 0, 34, 3, 0
3048, 10, 2, 34, 4, 0
3048, 10, 0, 34, 60, 0
3048, 10, 2, 34, 61, 0
3048, 10, 0, 62, 3, 0
3048, 10, 2, 62, 4, 0
3048, 10, 0, 62, 22, 0
3048, 10, 2, 62, 23, 0
3048, 10, 0, 62, 41, 0
3048, 10, 2, 62, 42, 0
3048, 10, 0, 62, 60, 0
3048, 10, 2, 62, 61, 0
3048, 10, 0, 63, 3, 0
3048, 10, 1, 63, 5, 0
3048, 10, 1, 63, 21, 0
3048, 10, 1, 63, 24, 0
3048, 10, 1, 63, 40, 0
3048, 10, 1, 63, 43, 0
3048, 10, 1, 63, 59, 0
3048, 10, 2, 63, 61, 0
3049, 10, 1, 1, 3, 0
3049, 10, 2, 1, 61, 0
3050, 10, 0, 5, 22, 0
3050, 10, 2, 5, 23, 0
3050, 10, 0, 5, 41, 0
3050, 10, 2, 5, 42, 0
3050, 10, 0, 8, 22, 0
3050, 10, 2, 8, 23, 0
3050, 10, 0, 8, 41, 0
3050, 10, 2, 8, 42, 0
3050, 10, 0, 11, 22, 0
3050, 10, 2, 11, 23, 0
3050, 10, 0, 11, 41, 0
3050, 10, 2, 11, 42, 0
3050, 10, 0, 23, 22, 0
3050, 10, 2, 23, 23, 0
3050, 10, 0, 23, 41, 0
3050, 10, 2, 23, 42, 0
3050, 10, 0, 26, 22, 0
3050, 10, 2, 26, 23, 0
3050, 10, 0, 26, 41, 0
3050, 10, 2, 26, 42, 0
3050, 10, 0, 29, 22, 0
3050, 10, 2, 29, 23, 0
3050, 10, 0, 29, 41, 0
3050, 10, 2, 29, 42, 0
3050, 10, 0, 30, 22, 0
3050, 10, 2, 30, 23, 0
3050, 10, 0, 30, 41, 0
3050, 10, 2, 30, 42, 0
3050, 10, 0, 31, 22, 0
3050, 10, 2, 31, 23, 0
3050, 10, 0, 31, 41, 0
3050, 10, 2, 31, 42, 0
3050, 10, 1, 32, 7, 0
3050, 10, 1, 32, 10, 0
3050, 10, 1, 32, 13, 0
3050, 10, 1, 32, 16, 0
3050, 10, 1, 32, 19, 0
3050, 10, 1, 32, 20, 0
3050, 10, 1, 32, 21, 0
3050, 10, 1, 32, 24, 0
3050, 10, 1, 32, 25, 0
3050, 10, 1, 32, 26, 0
3050, 10, 1, 32, 29, 0
3050, 10, 1, 32, 32, 0
3050, 10, 1, 32, 35, 0
3050, 10, 1, 32, 38, 0
3050, 10, 1, 32, 39, 0
3050, 10, 1, 32, 40, 0
3050, 10, 1, 32, 43, 0
3050, 10, 1, 32, 44, 0
3050, 10, 1, 32, 45, 0
3050, 10, 1, 32, 48, 0
3050, 10, 1, 32, 51, 0
3050, 10, 1, 32, 54, 0
3050, 10, 1, 32, 57, 0
3050, 10, 3, 33, 7, 0
3050, 10, 3, 33, 10, 0
3050, 10, 3, 33, 13, 0
3050, 10, 3, 33, 16, 0
3050, 10, 3, 33, 19, 0
3050, 10, 3, 33, 20, 0
3050, 10, 3, 33, 21, 0
3050, 10, 3, 33, 24, 0
3050, 10, 3, 33, 25, 0
3050, 10, 3, 33, 26, 0
3050, 10, 3, 33, 29, 0
3050, 10, 3, 33, 32, 0
3050, 10, 3, 33, 35, 0
3050, 10, 3, 33, 38, 0
3050, 10, 3, 33, 39, 0
3050, 10, 3, 33, 40, 0
3050, 10, 3, 33, 43, 0
3050, 10, 3, 33, 44, 0
3050, 10, 3, 33, 45, 0
3050, 10, 3, 33, 48, 0
3050, 10, 3, 33, 51, 0
3050, 10, 3, 33, 54, 0
3050, 10, 3, 33, 57, 0
3050, 10, 0, 34, 22, 0
3050, 10, 2, 34, 23, 0
3050, 10, 0, 34, 41, 0
3050, 10, 2, 34, 42, 0
3050, 10, 0, 35, 22, 0
3050, 10, 2, 35, 23, 0
3050, 10, 0, 35, 41, 0
3050, 10, 2, 35, 42, 0
3050, 10, 0, 36, 22, 0
3050, 10, 2, 36, 23, 0
3050, 10, 0, 36, 41, 0
3050, 10, 2, 36, 42, 0
3050, 10, 0, 39, 22, 0
3050, 10, 2, 39, 23, 0
3050, 10, 0, 39, 41, 0
3050, 10, 2, 39, 42, 0
3050, 10, 0, 42, 22, 0
3050, 10, 2, 42, 23, 0
3050, 10, 0, 42, 41, 0
3050, 10, 2, 42, 42, 0
3050, 10, 0, 54, 22, 0
3050, 10, 2, 54, 23, 0
3050, 10, 0, 54, 41, 0
3050, 10, 2, 54, 42, 0
3050, 10, 0, 57, 22, 0
3050, 10, 2, 57, 23, 0
3050, 10, 0, 57, 41, 0
3050, 10, 2, 57, 42, 0
3050, 10, 0, 60, 22, 0
3050, 10, 2, 60, 23, 0
3050, 10, 0, 60, 41, 0
3050, 10, 2, 60, 42, 0
3050, 10, 1, 63, 13, 0
3050, 10, 1, 63, 32, 0
3050, 10, 1, 63, 51, 0
3051, 10, 1, 1, 13, 0
3051, 10, 1, 1, 32, 0
3051, 10, 1, 1, 51, 0
3051, 10, 3, 2, 13, 0
3051, 10, 3, 2, 16, 0
3051, 10, 3, 2, 32, 0
3051, 10, 3, 2, 35, 0
3051, 10, 3, 2, 51, 0
3051, 10, 3, 2, 57, 0
3051, 10, 2, 5, 4, 0
3051, 10, 2, 14, 4, 0
3051, 10, 0, 17, 22, 0
3051, 10, 2, 17, 23, 0
3051, 10, 2, 17, 42, 0
3051, 10, 2, 26, 4, 0
3051, 10, 0, 29, 60, 0
3051, 10, 2, 36, 4, 0
3051, 10, 0, 36, 60, 0
3051, 10, 0, 48, 41, 0
3051, 10, 2, 48, 42, 0
3051, 10, 2, 54, 4, 0
3051, 10, 0, 60, 60, 0
3051, 10, 1, 63, 7, 0
3051, 10, 1, 63, 16, 0
3051, 10, 1, 63, 29, 0
3051, 10, 1, 63, 54, 0
3052, 10, 3, 2, 10, 0
3052, 10, 3, 2, 29, 0
3052, 10, 0, 5, 60, 0
3052, 10, 0, 14, 41, 0
3052, 10, 2, 17, 4, 0
3052, 10, 0, 42, 60, 0
3052, 10, 2, 45, 4, 0
3052, 10, 0, 48, 22, 0
3052, 10, 2, 48, 23, 0
3052, 10, 0, 51, 60, 0
3052, 10, 1, 63, 19, 0
3052, 10, 1, 63, 35, 0
3052, 10, 1, 63, 48, 0
3053, 10, 1, 1, 7, 0
3053, 10, 1, 1, 10, 0
3053, 10, 1, 1, 16, 0
3053, 10, 1, 1, 19, 0
3053, 10, 1, 1, 26, 0
3053, 10, 1, 1, 29, 0
3053, 10, 1, 1, 35, 0
3053, 10, 1, 1, 38, 0
3053, 10, 1, 1, 45, 0
3053, 10, 1, 1, 48, 0
3053, 10, 1, 1, 54, 0
3053, 10, 1, 1, 57, 0
3053, 10, 0, 5, 3, 0
3053, 10, 2, 5, 61, 0
3053, 10, 0, 8, 3, 0
3053, 10, 2, 8, 61, 0
3053, 10, 0, 11, 3, 0
3053, 10, 2, 11, 61, 0
3053, 10, 0, 14, 3, 0
3053, 10, 2, 14, 61, 0
3053, 10, 0, 17, 3, 0
3053, 10, 2, 17, 61, 0
3053, 10, 0, 20, 3, 0
3053, 10, 2, 20, 61, 0
3053, 10, 0, 23, 3, 0
3053, 10, 2, 23, 61, 0
3053, 10, 0, 26, 3, 0
3053, 10, 2, 26, 61, 0
3053, 10, 0, 29, 3, 0
3053, 10, 2, 29, 61, 0
3053, 10, 0, 36, 3, 0
3053, 10, 2, 36, 61, 0
3053, 10, 0, 39, 3, 0
3053, 10, 2, 39, 61, 0
3053, 10, 0, 42, 3, 0
3053, 10, 2, 42, 61, 0
3053, 10, 0, 45, 3, 0
3053, 10, 2, 45, 61, 0
3053, 10, 0, 48, 3, 0
3053, 10, 2, 48, 61, 0
3053, 10, 0, 51, 3, 0
3053, 10, 2, 51, 61, 0
3053, 10, 0, 54, 3, 0
3053, 10, 2, 54, 61, 0
3053, 10, 0, 57, 3, 0
3053, 10, 2, 57, 61, 0
3053, 10, 0, 60, 3, 0
3053, 10, 2, 60, 61, 0
3054, 10, 1, 1, 8, 0
3054, 10, 1, 1, 11, 0
3054, 10, 1, 1, 17, 0
3054, 10, 1, 1, 20, 0
3054, 10, 1, 1, 27, 0
3054, 10, 1, 1, 30, 0
3054, 10, 1, 1, 36, 0
3054, 10, 1, 1, 39, 0
3054, 10, 1, 1, 46, 0
3054, 10, 1, 1, 49, 0
3054, 10, 1, 1, 55, 0
3054, 10, 1, 1, 58, 0
3054, 10, 0, 4, 3, 0
3054, 10, 2, 6, 61, 0
3054, 10, 0, 7, 3, 0
3054, 10, 2, 9, 61, 0
3054, 10, 0, 10, 3, 0
3054, 10, 2, 12, 61, 0
3054, 10, 0, 13, 3, 0
3054, 10, 2, 15, 61, 0
3054, 10, 0, 16, 3, 0
3054, 10, 2, 18, 61, 0
3054, 10, 0, 19, 3, 0
3054, 10, 2, 21, 61, 0
3054, 10, 0, 22, 3, 0
3054, 10, 2, 24, 61, 0
3054, 10, 0, 25, 3, 0
3054, 10, 2, 27, 61, 0
3054, 10, 0, 28, 3, 0
3054, 10, 2, 30, 61, 0
3054, 10, 0, 35, 3, 0
3054, 10, 2, 37, 61, 0
3054, 10, 0, 38, 3, 0
3054, 10, 2, 40, 61, 0
3054, 10, 0, 41, 3, 0
3054, 10, 2, 43, 61, 0
3054, 10, 0, 44, 3, 0
3054, 10, 2, 46, 61, 0
3054, 10, 0, 47, 3, 0
3054, 10, 2, 49, 61, 0
3054, 10, 0, 50, 3, 0
3054, 10, 2, 52, 61, 0
3054, 10, 0, 53, 3, 0
3054, 10, 2, 55, 61, 0
3054, 10, 0, 56, 3, 0
3054, 10, 2, 58, 61, 0
3054, 10, 0, 59, 3, 0
3054, 10, 2, 61, 61, 0
3055, 10, 3, 1, 6, 0
3055, 10, 3, 1, 9, 0
3055, 10, 3, 1, 15, 0
3055, 10, 3, 1, 18, 0
3055, 10, 3, 1, 25, 0
3055, 10, 3, 1, 28, 0
3055, 10, 3, 1, 34, 0
3055, 10, 3, 1, 37, 0
3055, 10, 3, 1, 44, 0
3055, 10, 3, 1, 47, 0
3055, 10, 3, 1, 53, 0
3055, 10, 3, 1, 56, 0
3055, 10, 0, 4, 61, 0
3055, 10, 2, 6, 3, 0
3055, 10, 0, 7, 61, 0
3055, 10, 2, 9, 3, 0
3055, 10, 0, 10, 61, 0
3055, 10, 2, 12, 3, 0
3055, 10, 0, 13, 61, 0
3055, 10, 2, 15, 3, 0
3055, 10, 0, 16, 61, 0
3055, 10, 2, 18, 3, 0
3055, 10, 0, 19, 61, 0
3055, 10, 2, 21, 3, 0
3055, 10, 0, 22, 61, 0
3055, 10, 2, 24, 3, 0
3055, 10, 0, 25, 61, 0
3055, 10, 2, 27, 3, 0
3055, 10, 0, 28, 61, 0
3055, 10, 0, 35, 61, 0
3055, 10, 2, 37, 3, 0
3055, 10, 0, 38, 61, 0
3055, 10, 2, 40, 3, 0
3055, 10, 0, 41, 61, 0
3055, 10, 2, 43, 3, 0
3055, 10, 0, 44, 61, 0
3055, 10, 2, 46, 3, 0
3055, 10, 0, 47, 61, 0
3055, 10, 2, 49, 3, 0
3055, 10, 0, 50, 61, 0
3055, 10, 2, 52, 3, 0
3055, 10, 0, 53, 61, 0
3055, 10, 2, 55, 3, 0
3055, 10, 0, 56, 61, 0
3055, 10, 2, 58, 3, 0
3055, 10, 0, 59, 61, 0
3055, 10, 2, 61, 3, 0
3056, 10, 1, 1, 14, 0
3056, 10, 1, 1, 33, 0
3056, 10, 1, 1, 52, 0
3056, 10, 3, 2, 12, 0
3056, 10, 3, 2, 15, 0
3056, 10, 3, 2, 31, 0
3056, 10, 3, 2, 34, 0
3056, 10, 3, 2, 50, 0
3056, 10, 3, 2, 56, 0
3056, 10, 2, 6, 4, 0
3056, 10, 2, 15, 4, 0
3056, 10, 0, 16, 22, 0
3056, 10, 2, 18, 23, 0
3056, 10, 2, 27, 4, 0
3056, 10, 0, 28, 60, 0
3056, 10, 0, 35, 60, 0
3056, 10, 2, 37, 4, 0
3056, 10, 0, 47, 41, 0
3056, 10, 2, 49, 42, 0
3056, 10, 2, 55, 4, 0
3056, 10, 0, 59, 60, 0
3056, 10, 1, 63, 8, 0
3056, 10, 1, 63, 17, 0
3056, 10, 1, 63, 30, 0
3056, 10, 1, 63, 55, 0
3057, 10, 3, 2, 9, 0
3057, 10, 3, 2, 28, 0
3057, 10, 0, 4, 60, 0
3057, 10, 0, 13, 41, 0
3057, 10, 2, 18, 4, 0
3057, 10, 0, 41, 60, 0
3057, 10, 2, 46, 4, 0
3057, 10, 0, 47, 22, 0
3057, 10, 2, 49, 23, 0
3057, 10, 0, 50, 60, 0
3057, 10, 1, 63, 20, 0
3057, 10, 1, 63, 49, 0
3058, 10, 3, 1, 12, 0
3058, 10, 3, 1, 31, 0
3058, 10, 3, 1, 50, 0
3058, 10, 1, 2, 14, 0
3058, 10, 1, 2, 17, 0
3058, 10, 1, 2, 33, 0
3058, 10, 1, 2, 36, 0
3058, 10, 1, 2, 52, 0
3058, 10, 0, 4, 4, 0
3058, 10, 0, 13, 4, 0
3058, 10, 0, 16, 23, 0
3058, 10, 0, 16, 42, 0
3058, 10, 2, 18, 22, 0
3058, 10, 0, 25, 4, 0
3058, 10, 2, 30, 60, 0
3058, 10, 0, 35, 4, 0
3058, 10, 2, 37, 60, 0
3058, 10, 0, 47, 42, 0
3058, 10, 0, 53, 4, 0
3058, 10, 2, 61, 60, 0
3058, 10, 3, 63, 6, 0
3058, 10, 3, 63, 15, 0
3058, 10, 3, 63, 28, 0
3058, 10, 3, 63, 53, 0
3059, 10, 3, 2, 11, 0
3059, 10, 3, 2, 27, 0
3059, 10, 3, 2, 30, 0
3059, 10, 3, 2, 39, 0
3059, 10, 3, 2, 49, 0
3059, 10, 3, 2, 55, 0
3059, 10, 0, 9, 60, 0
3059, 10, 2, 13, 42, 0
3059, 10, 0, 15, 22, 0
3059, 10, 0, 15, 41, 0
3059, 10, 2, 16, 4, 0
3059, 10, 0, 18, 41, 0
3059, 10, 2, 19, 23, 0
3059, 10, 2, 19, 42, 0
3059, 10, 0, 21, 22, 0
3059, 10, 0, 21, 60, 0
3059, 10, 0, 24, 60, 0
3059, 10, 0, 27, 60, 0
3059, 10, 2, 38, 4, 0
3059, 10, 0, 40, 60, 0
3059, 10, 2, 41, 4, 0
3059, 10, 0, 43, 60, 0
3059, 10, 2, 44, 4, 0
3059, 10, 2, 44, 42, 0
3059, 10, 0, 46, 41, 0
3059, 10, 2, 47, 4, 0
3059, 10, 2, 47, 23, 0
3059, 10, 0, 49, 22, 0
3059, 10, 0, 49, 60, 0
3059, 10, 2, 50, 42, 0
3059, 10, 0, 52, 22, 0
3059, 10, 0, 52, 41, 0
3059, 10, 0, 52, 60, 0
3059, 10, 2, 56, 4, 0
3059, 10, 0, 58, 60, 0
3059, 10, 2, 59, 4, 0
3059, 10, 1, 63, 9, 0
3059, 10, 1, 63, 18, 0
3059, 10, 1, 63, 34, 0
3059, 10, 1, 63, 56, 0
3060, 10, 1, 2, 53, 0
3060, 10, 2, 7, 60, 0
3060, 10, 2, 10, 60, 0
3060, 10, 0, 12, 4, 0
3060, 10, 2, 13, 22, 0
3060, 10, 0, 15, 23, 0
3060, 10, 0, 15, 42, 0
3060, 10, 2, 16, 41, 0
3060, 10, 0, 18, 42, 0
3060, 10, 2, 19, 22, 0
3060, 10, 2, 19, 41, 0
3060, 10, 0, 21, 42, 0
3060, 10, 2, 22, 60, 0
3060, 10, 0, 24, 4, 0
3060, 10, 2, 25, 60, 0
3060, 10, 0, 40, 4, 0
3060, 10, 0, 43, 4, 0
3060, 10, 2, 44, 41, 0
3060, 10, 2, 44, 60, 0
3060, 10, 0, 46, 42, 0
3060, 10, 2, 50, 22, 0
3060, 10, 0, 52, 4, 0
3060, 10, 0, 52, 23, 0
3060, 10, 0, 52, 42, 0
3060, 10, 2, 53, 60, 0
3060, 10, 0, 58, 4, 0
3060, 10, 0, 61, 4, 0
3060, 10, 3, 63, 27, 0
3061, 10, 0, 6, 41, 0
3061, 10, 2, 7, 23, 0
3061, 10, 2, 7, 42, 0
3061, 10, 0, 9, 22, 0
3061, 10, 0, 24, 41, 0
3061, 10, 2, 25, 42, 0
3061, 10, 0, 27, 22, 0
3061, 10, 2, 28, 23, 0
3061, 10, 2, 28, 42, 0
3061, 10, 1, 32, 9, 0
3061, 10, 1, 32, 37, 0
3061, 10, 1, 32, 56, 0
3061, 10, 3, 33, 8, 0
3061, 10, 3, 33, 27, 0
3061, 10, 3, 33, 36, 0
3061, 10, 3, 33, 46, 0
3061, 10, 3, 33, 55, 0
3061, 10, 0, 37, 22, 0
3061, 10, 2, 38, 23, 0
3061, 10, 2, 41, 42, 0
3061, 10, 0, 55, 22, 0
3061, 10, 0, 58, 22, 0
3061, 10, 0, 58, 41, 0
3061, 10, 2, 59, 23, 0
3061, 10, 2, 59, 42, 0
3062, 10, 0, 6, 23, 0
3062, 10, 0, 6, 42, 0
3062, 10, 2, 7, 41, 0
3062, 10, 2, 10, 22, 0
3062, 10, 0, 24, 42, 0
3062, 10, 2, 25, 41, 0
3062, 10, 0, 27, 23, 0
3062, 10, 0, 27, 42, 0
3062, 10, 2, 28, 22, 0
3062, 10, 3, 32, 8, 0
3062, 10, 3, 32, 36, 0
3062, 10, 3, 32, 55, 0
3062, 10, 1, 33, 9, 0
3062, 10, 1, 33, 28, 0
3062, 10, 1, 33, 37, 0
3062, 10, 1, 33, 47, 0
3062, 10, 1, 33, 56, 0
3062, 10, 0, 37, 23, 0
3062, 10, 2, 38, 22, 0
3062, 10, 0, 40, 42, 0
3062, 10, 2, 56, 22, 0
3062, 10, 0, 58, 23, 0
3062, 10, 0, 58, 42, 0
3062, 10, 2, 59, 22, 0
3062, 10, 2, 59, 41, 0
3063, 10, 2, 4, 23, 0
3063, 10, 2, 10, 42, 0
3063, 10, 1, 32, 6, 0
3063, 10, 3, 33, 58, 0
3063, 10, 0, 61, 22, 0
3063, 10, 0, 61, 41, 0
3064, 10, 2, 4, 22, 0
3064, 10, 3, 32, 58, 0
3064, 10, 1, 33, 6, 0
3064, 10, 0, 61, 42, 0
3065, 10, 3, 2, 8, 0
3065, 10, 3, 2, 20, 0
3065, 10, 3, 2, 58, 0
3065, 10, 0, 6, 60, 0
3065, 10, 2, 7, 4, 0
3065, 10, 2, 13, 23, 0
3065, 10, 2, 19, 4, 0
3065, 10, 0, 21, 41, 0
3065, 10, 2, 28, 4, 0
3065, 10, 2, 44, 23, 0
3065, 10, 0, 46, 22, 0
3065, 10, 2, 50, 23, 0
3065, 10, 1, 63, 25, 0
3065, 10, 1, 63, 44, 0
3066, 10, 1, 2, 6, 0
3066, 10, 1, 2, 18, 0
3066, 10, 1, 2, 25, 0
3066, 10, 1, 2, 37, 0
3066, 10, 1, 2, 44, 0
3066, 10, 0, 21, 23, 0
3066, 10, 0, 30, 4, 0
3066, 10, 2, 38, 60, 0
3066, 10, 2, 44, 22, 0
3066, 10, 0, 46, 23, 0
3066, 10, 3, 63, 11, 0
3066, 10, 3, 63, 39, 0
3066, 10, 3, 63, 58, 0
3067, 10, 3, 2, 46, 0
3067, 10, 2, 10, 4, 0
3067, 10, 0, 12, 60, 0
3067, 10, 0, 15, 60, 0
3067, 10, 0, 46, 60, 0
3067, 10, 2, 50, 4, 0
3067, 10, 0, 55, 60, 0
3067, 10, 1, 63, 37, 0
3067, 10, 1, 63, 47, 0
3068, 10, 1, 2, 47, 0
3068, 10, 0, 9, 4, 0
3068, 10, 2, 13, 60, 0
3068, 10, 2, 16, 60, 0
3068, 10, 2, 47, 60, 0
3068, 10, 0, 49, 4, 0
3068, 10, 2, 56, 60, 0
3068, 10, 3, 63, 36, 0
3068, 10, 3, 63, 46, 0
3069, 10, 0, 18, 60, 0
3069, 10, 2, 22, 4, 0
3069, 10, 0, 49, 41, 0
3070, 10, 2, 19, 60, 0
3070, 10, 0, 21, 4, 0
3070, 10, 2, 50, 41, 0
3071, 10, 3, 2, 38, 0
3071, 10, 2, 14, 42, 0
3071, 10, 2, 23, 4, 0
3071, 10, 0, 26, 60, 0
3071, 10, 2, 29, 4, 0
3071, 10, 0, 45, 41, 0
3071, 10, 2, 51, 23, 0
3071, 10, 0, 54, 60, 0
3071, 10, 2, 57, 4, 0
3072, 10, 3, 2, 19, 0
3072, 10, 3, 2, 26, 0
3072, 10, 3, 2, 54, 0
3072, 10, 0, 8, 60, 0
3072, 10, 0, 17, 60, 0
3072, 10, 0, 20, 22, 0
3072, 10, 2, 20, 23, 0
3072, 10, 0, 23, 60, 0
3072, 10, 2, 39, 4, 0
3072, 10, 2, 45, 42, 0
3072, 10, 0, 45, 60, 0
3072, 10, 2, 48, 4, 0
3072, 10, 0, 51, 22, 0
3072, 10, 0, 57, 60, 0
3072, 10, 2, 60, 4, 0
3072, 10, 1, 63, 45, 0
3073, 10, 3, 2, 45, 0
3073, 10, 2, 11, 4, 0
3073, 10, 0, 11, 60, 0
3073, 10, 0, 14, 22, 0
3073, 10, 2, 14, 23, 0
3073, 10, 2, 20, 4, 0
3073, 10, 0, 20, 41, 0
3073, 10, 0, 20, 60, 0
3073, 10, 0, 39, 60, 0
3073, 10, 2, 45, 23, 0
3073, 10, 0, 48, 60, 0
3073, 10, 2, 51, 4, 0
3073, 10, 2, 51, 42, 0
3073, 10, 1, 63, 10, 0
3073, 10, 1, 63, 38, 0
3073, 10, 1, 63, 57, 0
3074, 10, 3, 2, 7, 0
3074, 10, 3, 2, 48, 0
3074, 10, 2, 8, 4, 0
3074, 10, 0, 14, 60, 0
3074, 10, 0, 17, 41, 0
3074, 10, 2, 20, 42, 0
3074, 10, 2, 42, 4, 0
3074, 10, 0, 45, 22, 0
3074, 10, 0, 51, 41, 0
3074, 10, 1, 63, 26, 0
3075, 10, 3, 2, 4, 0
3075, 10, 0, 2, 22, 0
3075, 10, 3, 2, 23, 0
3075, 10, 0, 2, 41, 0
3075, 10, 3, 2, 42, 0
3075, 10, 0, 2, 60, 0
3075, 10, 2, 32, 4, 0
3075, 10, 1, 32, 60, 0
3075, 10, 3, 33, 4, 0
3075, 10, 0, 33, 60, 0
3075, 10, 2, 63, 4, 0
3075, 10, 1, 63, 22, 0
3075, 10, 2, 63, 23, 0
3075, 10, 1, 63, 41, 0
3075, 10, 2, 63, 42, 0
3075, 10, 1, 63, 60, 0
3076, 10, 0, 4, 42, 0
3076, 10, 2, 6, 22, 0
3076, 10, 2, 9, 41, 0
3076, 10, 0, 10, 23, 0
3076, 10, 2, 12, 22, 0
3076, 10, 2, 12, 41, 0
3076, 10, 0, 22, 23, 0
3076, 10, 0, 22, 42, 0
3076, 10, 2, 24, 22, 0
3076, 10, 0, 25, 23, 0
3076, 10, 2, 27, 41, 0
3076, 10, 2, 30, 3, 0
3076, 10, 3, 32, 12, 0
3076, 10, 3, 32, 15, 0
3076, 10, 3, 32, 18, 0
3076, 10, 3, 32, 28, 0
3076, 10, 3, 32, 31, 0
3076, 10, 3, 32, 34, 0
3076, 10, 3, 32, 47, 0
3076, 10, 3, 32, 50, 0
3076, 10, 3, 32, 53, 0
3076, 10, 1, 33, 11, 0
3076, 10, 1, 33, 14, 0
3076, 10, 1, 33, 17, 0
3076, 10, 1, 33, 30, 0
3076, 10, 1, 33, 33, 0
3076, 10, 1, 33, 49, 0
3076, 10, 1, 33, 52, 0
3076, 10, 2, 37, 41, 0
3076, 10, 0, 38, 42, 0
3076, 10, 2, 40, 22, 0
3076, 10, 2, 40, 41, 0
3076, 10, 0, 41, 23, 0
3076, 10, 2, 43, 22, 0
3076, 10, 2, 43, 41, 0
3076, 10, 0, 53, 23, 0
3076, 10, 0, 53, 42, 0
3076, 10, 2, 55, 41, 0
3076, 10, 0, 56, 23, 0
3076, 10, 0, 56, 42, 0
3076, 10, 3, 63, 12, 0
3076, 10, 3, 63, 31, 0
3076, 10, 3, 63, 50, 0
3077, 1, 0, 1, 4, 1
3077, 1, 1, 2, 4, 1
3077, 0, 2, 2, 11, 1
3077, 0, 2, 2, 12, 1
3077, 0, 2, 2, 13, 1
3077, 0, 2, 2, 14, 1
3077, 0, 2, 2, 15, 1
3077, 0, 2, 2, 21, 1
3077, 1, 2, 2, 22, 1
3077, 1, 1, 2, 23, 1
3077, 0, 2, 2, 31, 1
3077, 0, 2, 2, 32, 1
3077, 0, 2, 2, 33, 1
3077, 0, 2, 2, 37, 1
3077, 1, 2, 2, 41, 1
3077, 1, 1, 2, 42, 1
3077, 0, 2, 2, 46, 1
3077, 0, 2, 2, 50, 1
3077, 0, 2, 2, 55, 1
3077, 0, 2, 2, 59, 1
3077, 1, 2, 2, 60, 1
3077, 0, 1, 3, 23, 1
3077, 0, 3, 3, 60, 1
3077, 0, 1, 4, 23, 1
3077, 0, 3, 4, 60, 1
3077, 0, 3, 5, 41, 1
3077, 0, 1, 6, 23, 1
3077, 0, 1, 6, 42, 1
3077, 0, 3, 6, 60, 1
3077, 0, 3, 7, 41, 1
3077, 0, 3, 7, 60, 1
3077, 0, 1, 8, 4, 1
3077, 0, 3, 8, 41, 1
3077, 0, 1, 9, 23, 1
3077, 0, 3, 9, 60, 1
3077, 0, 1, 10, 4, 1
3077, 0, 3, 10, 60, 1
3077, 0, 3, 11, 41, 1
3077, 0, 1, 12, 23, 1
3077, 0, 3, 12, 41, 1
3077, 0, 1, 12, 42, 1
3077, 0, 3, 12, 60, 1
3077, 0, 1, 13, 4, 1
3077, 0, 3, 13, 22, 1
3077, 0, 3, 13, 60, 1
3077, 0, 1, 15, 23, 1
3077, 0, 1, 16, 4, 1
3077, 0, 3, 16, 41, 1
3077, 0, 1, 16, 42, 1
3077, 0, 3, 17, 60, 1
3077, 0, 1, 18, 4, 1
3077, 0, 3, 18, 60, 1
3077, 0, 1, 19, 42, 1
3077, 0, 3, 20, 22, 1
3077, 0, 1, 20, 23, 1
3077, 0, 1, 21, 23, 1
3077, 0, 3, 22, 22, 1
3077, 0, 3, 22, 41, 1
3077, 0, 1, 22, 42, 1
3077, 0, 3, 22, 60, 1
3077, 0, 1, 23, 4, 1
3077, 0, 1, 23, 42, 1
3077, 0, 1, 24, 23, 1
3077, 0, 3, 24, 41, 1
3077, 0, 3, 24, 60, 1
3077, 0, 3, 25, 22, 1
3077, 0, 3, 25, 60, 1
3077, 0, 1, 26, 4, 1
3077, 0, 3, 26, 60, 1
3077, 0, 3, 27, 22, 1
3077, 0, 1, 27, 23, 1
3077, 0, 1, 27, 42, 1
3077, 9, 3, 28, 21, 1
3077, 1, 3, 28, 22, 1
3077, 1, 0, 28, 23, 1
3077, 9, 0, 28, 24, 1
3077, 9, 3, 28, 40, 1
3077, 1, 3, 28, 41, 1
3077, 1, 0, 28, 42, 1
3077, 9, 0, 28, 43, 1
3077, 9, 3, 29, 20, 1
3077, 1, 3, 29, 21, 1
3077, 1, 0, 29, 24, 1
3077, 9, 0, 29, 25, 1
3077, 9, 3, 29, 39, 1
3077, 1, 3, 29, 40, 1
3077, 1, 0, 29, 43, 1
3077, 9, 0, 29, 44, 1
3077, 9, 3, 30, 19, 1
3077, 1, 3, 30, 20, 1
3077, 1, 0, 30, 25, 1
3077, 9, 0, 30, 26, 1
3077, 9, 3, 30, 38, 1
3077, 1, 3, 30, 39, 1
3077, 1, 0, 30, 44, 1
3077, 9, 0, 30, 45, 1
3077, 0, 3, 30, 60, 1
3077, 9, 3, 31, 18, 1
3077, 1, 3, 31, 19, 1
3077, 1, 0, 31, 26, 1
3077, 9, 0, 31, 27, 1
3077, 9, 3, 31, 37, 1
3077, 1, 3, 31, 38, 1
3077, 1, 0, 31, 45, 1
3077, 9, 0, 31, 46, 1
3077, 0, 3, 31, 60, 1
3077, 1, 0, 32, 4, 1
3077, 0, 0, 32, 7, 1
3077, 0, 0, 32, 12, 1
3077, 0, 0, 32, 14, 1
3077, 1, 3, 32, 18, 1
3077, 1, 0, 32, 27, 1
3077, 0, 0, 32, 28, 1
3077, 0, 0, 32, 31, 1
3077, 0, 0, 32, 33, 1
3077, 0, 0, 32, 36, 1
3077, 1, 3, 32, 37, 1
3077, 1, 0, 32, 46, 1
3077, 0, 0, 32, 47, 1
3077, 0, 0, 32, 50, 1
3077, 0, 0, 32, 57, 1
3077, 0, 0, 32, 59, 1
3077, 1, 3, 32, 60, 1
3077, 1, 1, 33, 4, 1
3077, 0, 2, 33, 14, 1
3077, 0, 2, 33, 15, 1
3077, 1, 2, 33, 18, 1
3077, 1, 1, 33, 27, 1
3077, 0, 2, 33, 30, 1
3077, 0, 2, 33, 33, 1
3077, 1, 2, 33, 37, 1
3077, 1, 1, 33, 46, 1
3077, 0, 2, 33, 47, 1
3077, 0, 2, 33, 50, 1
3077, 0, 2, 33, 52, 1
3077, 0, 2, 33, 56, 1
3077, 0, 2, 33, 59, 1
3077, 1, 2, 33, 60, 1
3077, 0, 1, 34, 4, 1
3077, 9, 2, 34, 18, 1
3077, 1, 2, 34, 19, 1
3077, 1, 1, 34, 26, 1
3077, 9, 1, 34, 27, 1
3077, 9, 2, 34, 37, 1
3077, 1, 2, 34, 38, 1
3077, 1, 1, 34, 45, 1
3077, 9, 1, 34, 46, 1
3077, 0, 3, 34, 60, 1
3077, 9, 2, 35, 19, 1
3077, 1, 2, 35, 20, 1
3077, 1, 1, 35, 25, 1
3077, 9, 1, 35, 26, 1
3077, 9, 2, 35, 38, 1
3077, 1, 2, 35, 39, 1
3077, 1, 1, 35, 44, 1
3077, 9, 1, 35, 45, 1
3077, 9, 2, 36, 20, 1
3077, 1, 2, 36, 21, 1
3077, 1, 1, 36, 24, 1
3077, 9, 1, 36, 25, 1
3077, 9, 2, 36, 39, 1
3077, 1, 2, 36, 40, 1
3077, 1, 1, 36, 43, 1
3077, 9, 1, 36, 44, 1
3077, 0, 1, 37, 4, 1
3077, 9, 2, 37, 21, 1
3077, 1, 2, 37, 22, 1
3077, 1, 1, 37, 23, 1
3077, 9, 1, 37, 24, 1
3077, 9, 2, 37, 40, 1
3077, 1, 2, 37, 41, 1
3077, 1, 1, 37, 42, 1
3077, 9, 1, 37, 43, 1
3077, 0, 3, 37, 60, 1
3077, 0, 3, 38, 22, 1
3077, 0, 1, 38, 42, 1
3077, 0, 1, 41, 4, 1
3077, 0, 3, 41, 41, 1
3077, 0, 1, 43, 4, 1
3077, 0, 1, 43, 23, 1
3077, 0, 3, 43, 41, 1
3077, 0, 1, 43, 42, 1
3077, 0, 3, 43, 60, 1
3077, 0, 1, 45, 23, 1
3077, 0, 3, 46, 22, 1
3077, 0, 1, 46, 23, 1
3077, 0, 1, 46, 42, 1
3077, 0, 3, 47, 22, 1
3077, 0, 3, 47, 41, 1
3077, 0, 3, 47, 60, 1
3077, 0, 1, 49, 23, 1
3077, 0, 3, 49, 60, 1
3077, 0, 1, 50, 4, 1
3077, 0, 3, 51, 60, 1
3077, 0, 3, 52, 22, 1
3077, 0, 1, 52, 23, 1
3077, 0, 1, 52, 42, 1
3077, 0, 3, 52, 60, 1
3077, 0, 1, 53, 42, 1
3077, 0, 3, 54, 22, 1
3077, 0, 1, 54, 42, 1
3077, 0, 3, 55, 41, 1
3077, 0, 1, 55, 42, 1
3077, 0, 3, 55, 60, 1
3077, 0, 3, 56, 41, 1
3077, 0, 3, 56, 60, 1
3077, 0, 1, 57, 42, 1
3077, 0, 3, 58, 22, 1
3077, 0, 1, 58, 23, 1
3077, 0, 1, 58, 42, 1
3077, 0, 3, 58, 60, 1
3077, 0, 3, 59, 60, 1
3077, 0, 1, 60, 4, 1
3077, 0, 3, 60, 41, 1
3077, 0, 3, 60, 60, 1
3077, 0, 3, 61, 41, 1
3077, 0, 1, 61, 42, 1
3077, 0, 3, 62, 22, 1
3077, 0, 1, 62, 23, 1
3077, 0, 3, 62, 41, 1
3077, 0, 1, 62, 42, 1
3077, 0, 3, 62, 60, 1
3077, 1, 0, 63, 4, 1
3077, 0, 0, 63, 9, 1
3077, 0, 0, 63, 12, 1
3077, 0, 0, 63, 14, 1
3077, 0, 0, 63, 21, 1
3077, 1, 3, 63, 22, 1
3077, 1, 0, 63, 23, 1
3077, 0, 0, 63, 25, 1
3077, 0, 0, 63, 27, 1
3077, 0, 0, 63, 30, 1
3077, 0, 0, 63, 31, 1
3077, 0, 0, 63, 32, 1
3077, 0, 0, 63, 33, 1
3077, 0, 0, 63, 35, 1
3077, 0, 0, 63, 38, 1
3077, 0, 0, 63, 40, 1
3077, 1, 3, 63, 41, 1
3077, 1, 0, 63, 42, 1
3077, 0, 0, 63, 43, 1
3077, 0, 0, 63, 44, 1
3077, 0, 0, 63, 50, 1
3077, 0, 0, 63, 52, 1
3077, 0, 0, 63, 53, 1
3077, 0, 0, 63, 54, 1
3077, 0, 0, 63, 57, 1
3077, 1, 3, 63, 60, 1
3077, 1, 0, 63, 61, 1
3079, 0, 2, 2, 5, 1
3079, 0, 2, 2, 8, 1
3079, 0, 2, 2, 16, 1
3079, 0, 2, 2, 20, 1
3079, 0, 2, 2, 25, 1
3079, 0, 2, 2, 28, 1
3079, 0, 2, 2, 45, 1
3079, 0, 2, 2, 56, 1
3079, 0, 1, 3, 4, 1
3079, 0, 3, 3, 41, 1
3079, 0, 3, 4, 41, 1
3079, 0, 1, 5, 23, 1
3079, 0, 3, 7, 22, 1
3079, 0, 3, 8, 22, 1
3079, 0, 3, 8, 60, 1
3079, 0, 1, 9, 4, 1
3079, 0, 1, 11, 42, 1
3079, 0, 1, 17, 4, 1
3079, 0, 1, 18, 23, 1
3079, 0, 1, 19, 23, 1
3079, 0, 3, 21, 22, 1
3079, 0, 1, 22, 4, 1
3079, 0, 3, 23, 41, 1
3079, 0, 1, 25, 4, 1
3079, 0, 1, 26, 42, 1
3079, 0, 1, 29, 4, 1
3079, 0, 1, 30, 4, 1
3079, 0, 0, 32, 8, 1
3079, 0, 0, 32, 13, 1
3079, 0, 0, 32, 15, 1
3079, 0, 0, 32, 32, 1
3079, 0, 0, 32, 51, 1
3079, 0, 2, 33, 11, 1
3079, 0, 2, 33, 32, 1
3079, 0, 2, 33, 36, 1
3079, 0, 2, 33, 53, 1
3079, 0, 2, 33, 55, 1
3079, 0, 1, 38, 23, 1
3079, 0, 1, 39, 23, 1
3079, 0, 3, 40, 41, 1
3079, 0, 3, 41, 22, 1
3079, 0, 1, 41, 42, 1
3079, 0, 1, 42, 4, 1
3079, 0, 1, 42, 42, 1
3079, 0, 1, 44, 23, 1
3079, 0, 3, 44, 41, 1
3079, 0, 3, 45, 22, 1
3079, 0, 1, 46, 4, 1
3079, 0, 1, 48, 4, 1
3079, 0, 1, 49, 4, 1
3079, 0, 3, 53, 41, 1
3079, 0, 1, 56, 4, 1
3079, 0, 1, 56, 23, 1
3079, 0, 1, 56, 42, 1
3079, 0, 3, 57, 22, 1
3079, 0, 3, 57, 60, 1
3079, 0, 1, 59, 4, 1
3079, 0, 1, 59, 23, 1
3079, 0, 0, 63, 5, 1
3079, 0, 0, 63, 6, 1
3079, 0, 0, 63, 10, 1
3079, 0, 0, 63, 19, 1
3079, 0, 0, 63, 34, 1
3079, 0, 0, 63, 51, 1
3079, 0, 0, 63, 59, 1
3080, 0, 0, 1, 7, 1
3080, 0, 0, 1, 13, 1
3080, 0, 0, 1, 20, 1
3080, 0, 0, 1, 30, 1
3080, 0, 0, 1, 42, 1
3080, 0, 0, 1, 54, 1
3080, 0, 2, 2, 10, 1
3080, 0, 2, 2, 30, 1
3080, 0, 2, 2, 35, 1
3080, 0, 2, 2, 39, 1
3080, 0, 2, 2, 48, 1
3080, 0, 2, 2, 58, 1
3080, 0, 3, 4, 3, 1
3080, 0, 1, 4, 42, 1
3080, 0, 3, 5, 22, 1
3080, 0, 1, 6, 4, 1
3080, 0, 3, 10, 3, 1
3080, 0, 1, 10, 23, 1
3080, 0, 3, 10, 41, 1
3080, 0, 1, 11, 4, 1
3080, 0, 3, 14, 3, 1
3080, 0, 1, 14, 4, 1
3080, 0, 3, 15, 22, 1
3080, 0, 3, 15, 60, 1
3080, 0, 1, 17, 42, 1
3080, 0, 1, 17, 61, 1
3080, 0, 3, 18, 41, 1
3080, 0, 1, 20, 42, 1
3080, 0, 1, 22, 23, 1
3080, 0, 1, 25, 23, 1
3080, 0, 3, 26, 3, 1
3080, 0, 1, 27, 4, 1
3080, 0, 1, 28, 61, 1
3080, 0, 0, 32, 5, 1
3080, 0, 0, 32, 10, 1
3080, 0, 0, 32, 29, 1
3080, 0, 0, 32, 34, 1
3080, 0, 0, 32, 48, 1
3080, 0, 0, 32, 54, 1
3080, 0, 2, 33, 9, 1
3080, 0, 2, 33, 17, 1
3080, 0, 2, 33, 58, 1
3080, 0, 3, 34, 3, 1
3080, 0, 1, 35, 4, 1
3080, 0, 3, 36, 60, 1
3080, 0, 1, 39, 42, 1
3080, 0, 3, 39, 60, 1
3080, 0, 3, 40, 22, 1
3080, 0, 3, 45, 3, 1
3080, 0, 3, 45, 60, 1
3080, 0, 1, 47, 23, 1
3080, 0, 1, 47, 42, 1
3080, 0, 3, 48, 3, 1
3080, 0, 3, 49, 22, 1
3080, 0, 1, 50, 23, 1
3080, 0, 1, 50, 42, 1
3080, 0, 1, 51, 4, 1
3080, 0, 3, 54, 60, 1
3080, 0, 3, 56, 22, 1
3080, 0, 1, 57, 4, 1
3080, 0, 1, 57, 61, 1
3080, 0, 3, 58, 41, 1
3080, 0, 1, 60, 23, 1
3080, 0, 0, 63, 7, 1
3080, 0, 0, 63, 16, 1
3080, 0, 0, 63, 28, 1
3080, 0, 0, 63, 45, 1
3080, 0, 0, 63, 48, 1
3080, 0, 0, 63, 55, 1
3081, 0, 0, 1, 14, 1
3081, 0, 0, 1, 21, 1
3081, 0, 0, 1, 31, 1
3081, 0, 0, 1, 43, 1
3081, 0, 0, 1, 55, 1
3081, 0, 2, 2, 9, 1
3081, 0, 2, 2, 29, 1
3081, 0, 2, 2, 34, 1
3081, 0, 2, 2, 38, 1
3081, 0, 2, 2, 47, 1
3081, 0, 2, 2, 57, 1
3081, 0, 3, 3, 3, 1
3081, 0, 3, 4, 22, 1
3081, 0, 1, 5, 42, 1
3081, 0, 1, 7, 4, 1
3081, 0, 3, 9, 3, 1
3081, 0, 3, 9, 41, 1
3081, 0, 1, 11, 23, 1
3081, 0, 1, 12, 4, 1
3081, 0, 3, 13, 3, 1
3081, 0, 3, 14, 22, 1
3081, 0, 3, 14, 60, 1
3081, 0, 1, 15, 4, 1
3081, 0, 3, 17, 41, 1
3081, 0, 1, 18, 42, 1
3081, 0, 1, 18, 61, 1
3081, 0, 1, 21, 42, 1
3081, 0, 1, 23, 23, 1
3081, 0, 3, 25, 3, 1
3081, 0, 1, 26, 23, 1
3081, 0, 1, 28, 4, 1
3081, 0, 1, 29, 61, 1
3081, 0, 0, 32, 6, 1
3081, 0, 0, 32, 11, 1
3081, 0, 0, 32, 30, 1
3081, 0, 0, 32, 35, 1
3081, 0, 0, 32, 49, 1
3081, 0, 0, 32, 55, 1
3081, 0, 3, 33, 3, 1
3081, 0, 2, 33, 8, 1
3081, 0, 2, 33, 16, 1
3081, 0, 2, 33, 57, 1
3081, 0, 3, 35, 60, 1
3081, 0, 1, 36, 4, 1
3081, 0, 3, 38, 60, 1
3081, 0, 3, 39, 22, 1
3081, 0, 1, 40, 42, 1
3081, 0, 3, 44, 3, 1
3081, 0, 3, 44, 60, 1
3081, 0, 3, 47, 3, 1
3081, 0, 3, 48, 22, 1
3081, 0, 1, 48, 23, 1
3081, 0, 1, 48, 42, 1
3081, 0, 1, 51, 23, 1
3081, 0, 1, 51, 42, 1
3081, 0, 1, 52, 4, 1
3081, 0, 3, 53, 60, 1
3081, 0, 3, 55, 22, 1
3081, 0, 3, 57, 41, 1
3081, 0, 1, 58, 4, 1
3081, 0, 1, 58, 61, 1
3081, 0, 1, 61, 23, 1
3081, 0, 0, 63, 8, 1
3081, 0, 0, 63, 17, 1
3081, 0, 0, 63, 29, 1
3081, 0, 0, 63, 46, 1
3081, 0, 0, 63, 49, 1
3081, 0, 0, 63, 56, 1
3082, 0, 2, 2, 7, 1
3082, 0, 2, 2, 17, 1
3082, 0, 2, 2, 19, 1
3082, 0, 2, 2, 26, 1
3082, 0, 2, 2, 27, 1
3082, 0, 2, 2, 36, 1
3082, 0, 2, 2, 40, 1
3082, 0, 2, 2, 44, 1
3082, 0, 2, 2, 49, 1
3082, 0, 2, 2, 52, 1
3082, 0, 2, 2, 53, 1
3082, 0, 1, 3, 42, 1
3082, 0, 1, 5, 4, 1
3082, 0, 3, 6, 22, 1
3082, 0, 3, 6, 41, 1
3082, 0, 1, 7, 23, 1
3082, 0, 1, 7, 42, 1
3082, 0, 3, 9, 22, 1
3082, 0, 1, 9, 42, 1
3082, 0, 1, 10, 42, 1
3082, 0, 3, 11, 60, 1
3082, 0, 3, 12, 22, 1
3082, 0, 1, 13, 23, 1
3082, 0, 1, 13, 42, 1
3082, 0, 3, 14, 41, 1
3082, 0, 3, 15, 41, 1
3082, 0, 1, 15, 42, 1
3082, 0, 1, 16, 23, 1
3082, 0, 3, 16, 60, 1
3082, 0, 3, 17, 22, 1
3082, 0, 1, 19, 4, 1
3082, 0, 3, 19, 22, 1
3082, 0, 3, 19, 41, 1
3082, 0, 3, 19, 60, 1
3082, 0, 3, 20, 60, 1
3082, 0, 1, 21, 4, 1
3082, 0, 3, 23, 22, 1
3082, 0, 3, 23, 60, 1
3082, 0, 1, 24, 4, 1
3082, 0, 3, 25, 41, 1
3082, 0, 3, 26, 22, 1
3082, 0, 3, 27, 41, 1
3082, 0, 3, 27, 60, 1
3082, 0, 3, 29, 60, 1
3082, 0, 1, 31, 4, 1
3082, 0, 0, 32, 9, 1
3082, 0, 0, 32, 17, 1
3082, 0, 0, 32, 52, 1
3082, 0, 0, 32, 56, 1
3082, 0, 0, 32, 58, 1
3082, 0, 2, 33, 5, 1
3082, 0, 2, 33, 7, 1
3082, 0, 2, 33, 10, 1
3082, 0, 2, 33, 13, 1
3082, 0, 2, 33, 29, 1
3082, 0, 2, 33, 34, 1
3082, 0, 2, 33, 49, 1
3082, 0, 2, 33, 51, 1
3082, 0, 2, 33, 54, 1
3082, 0, 1, 38, 4, 1
3082, 0, 3, 39, 41, 1
3082, 0, 1, 40, 4, 1
3082, 0, 1, 40, 23, 1
3082, 0, 3, 41, 60, 1
3082, 0, 1, 42, 23, 1
3082, 0, 3, 43, 22, 1
3082, 0, 1, 45, 4, 1
3082, 0, 1, 45, 42, 1
3082, 0, 3, 46, 41, 1
3082, 0, 3, 46, 60, 1
3082, 0, 1, 47, 4, 1
3082, 0, 3, 48, 41, 1
3082, 0, 3, 50, 22, 1
3082, 0, 3, 52, 41, 1
3082, 0, 1, 53, 4, 1
3082, 0, 3, 53, 22, 1
3082, 0, 1, 54, 4, 1
3082, 0, 1, 54, 23, 1
3082, 0, 1, 55, 23, 1
3082, 0, 1, 57, 23, 1
3082, 0, 3, 59, 22, 1
3082, 0, 3, 59, 41, 1
3082, 0, 1, 60, 42, 1
3082, 0, 3, 61, 22, 1
3082, 0, 1, 62, 4, 1
3082, 0, 0, 63, 11, 1
3082, 0, 0, 63, 18, 1
3082, 0, 0, 63, 20, 1
3082, 0, 0, 63, 24, 1
3082, 0, 0, 63, 39, 1
3082, 0, 0, 63, 47, 1
3083, 0, 2, 2, 6, 1
3083, 0, 2, 2, 18, 1
3083, 0, 2, 2, 24, 1
3083, 0, 2, 2, 43, 1
3083, 0, 2, 2, 51, 1
3083, 0, 2, 2, 54, 1
3083, 0, 3, 3, 22, 1
3083, 0, 1, 4, 4, 1
3083, 0, 3, 5, 60, 1
3083, 0, 1, 8, 23, 1
3083, 0, 1, 8, 42, 1
3083, 0, 3, 10, 22, 1
3083, 0, 3, 11, 22, 1
3083, 0, 3, 13, 41, 1
3083, 0, 1, 14, 23, 1
3083, 0, 1, 14, 42, 1
3083, 0, 3, 16, 22, 1
3083, 0, 1, 17, 23, 1
3083, 0, 3, 18, 22, 1
3083, 0, 1, 20, 4, 1
3083, 0, 3, 20, 41, 1
3083, 0, 3, 21, 41, 1
3083, 0, 3, 21, 60, 1
3083, 0, 3, 24, 22, 1
3083, 0, 1, 24, 42, 1
3083, 0, 1, 25, 42, 1
3083, 0, 3, 26, 41, 1
3083, 0, 3, 28, 60, 1
3083, 0, 0, 32, 16, 1
3083, 0, 0, 32, 53, 1
3083, 0, 2, 33, 6, 1
3083, 0, 2, 33, 12, 1
3083, 0, 2, 33, 28, 1
3083, 0, 2, 33, 31, 1
3083, 0, 2, 33, 35, 1
3083, 0, 2, 33, 48, 1
3083, 0, 3, 38, 41, 1
3083, 0, 1, 39, 4, 1
3083, 0, 3, 40, 60, 1
3083, 0, 1, 41, 23, 1
3083, 0, 3, 42, 22, 1
3083, 0, 3, 42, 41, 1
3083, 0, 3, 42, 60, 1
3083, 0, 1, 44, 4, 1
3083, 0, 3, 44, 22, 1
3083, 0, 1, 44, 42, 1
3083, 0, 3, 45, 41, 1
3083, 0, 3, 48, 60, 1
3083, 0, 3, 49, 41, 1
3083, 0, 1, 49, 42, 1
3083, 0, 3, 50, 41, 1
3083, 0, 3, 50, 60, 1
3083, 0, 3, 51, 22, 1
3083, 0, 3, 51, 41, 1
3083, 0, 1, 53, 23, 1
3083, 0, 3, 54, 41, 1
3083, 0, 1, 55, 4, 1
3083, 0, 1, 59, 42, 1
3083, 0, 3, 60, 22, 1
3083, 0, 1, 61, 4, 1
3083, 0, 3, 61, 60, 1
3083, 0, 0, 63, 13, 1
3083, 0, 0, 63, 15, 1
3083, 0, 0, 63, 26, 1
3083, 0, 0, 63, 36, 1
3083, 0, 0, 63, 37, 1
3083, 0, 0, 63, 58, 1
3084, 0, 0, 1, 9, 1
3084, 0, 0, 1, 12, 1
3084, 0, 0, 1, 19, 1
3084, 0, 0, 1, 22, 1
3084, 0, 0, 1, 24, 1
3084, 0, 0, 1, 28, 1
3084, 0, 0, 1, 37, 1
3084, 0, 0, 1, 41, 1
3084, 0, 0, 1, 51, 1
3084, 0, 0, 1, 58, 1
3084, 0, 3, 2, 3, 1
3084, 0, 1, 4, 61, 1
3084, 0, 3, 6, 3, 1
3084, 0, 1, 9, 61, 1
3084, 0, 3, 12, 3, 1
3084, 0, 1, 14, 61, 1
3084, 0, 3, 23, 3, 1
3084, 0, 1, 25, 61, 1
3084, 0, 3, 30, 3, 1
3084, 0, 3, 31, 3, 1
3084, 0, 1, 33, 61, 1
3084, 0, 3, 40, 3, 1
3084, 0, 3, 41, 3, 1
3084, 0, 3, 43, 3, 1
3084, 0, 1, 48, 61, 1
3084, 0, 3, 54, 3, 1
3084, 0, 1, 56, 61, 1
3084, 0, 3, 59, 3, 1
3084, 0, 1, 62, 61, 1
3085, 0, 0, 1, 10, 1
3085, 0, 0, 1, 11, 1
3085, 0, 0, 1, 25, 1
3085, 0, 0, 1, 29, 1
3085, 0, 0, 1, 35, 1
3085, 0, 0, 1, 36, 1
3085, 0, 0, 1, 40, 1
3085, 0, 0, 1, 47, 1
3085, 0, 0, 1, 52, 1
3085, 0, 0, 1, 53, 1
3085, 0, 0, 1, 59, 1
3085, 0, 1, 3, 61, 1
3085, 0, 3, 7, 3, 1
3085, 0, 3, 8, 3, 1
3085, 0, 1, 10, 61, 1
3085, 0, 3, 11, 3, 1
3085, 0, 1, 15, 61, 1
3085, 0, 1, 16, 61, 1
3085, 0, 3, 22, 3, 1
3085, 0, 1, 22, 61, 1
3085, 0, 3, 24, 3, 1
3085, 0, 1, 26, 61, 1
3085, 0, 1, 27, 61, 1
3085, 0, 3, 32, 3, 1
3085, 0, 3, 35, 3, 1
3085, 0, 1, 36, 61, 1
3085, 0, 3, 39, 3, 1
3085, 0, 1, 39, 61, 1
3085, 0, 1, 40, 61, 1
3085, 0, 3, 42, 3, 1
3085, 0, 1, 43, 61, 1
3085, 0, 3, 46, 3, 1
3085, 0, 1, 46, 61, 1
3085, 0, 1, 47, 61, 1
3085, 0, 3, 49, 3, 1
3085, 0, 1, 52, 61, 1
3085, 0, 3, 57, 3, 1
3085, 0, 3, 58, 3, 1
3085, 0, 1, 61, 61, 1
3085, 0, 3, 63, 3, 1
3086, 0, 3, 1, 3, 1
3086, 0, 0, 1, 6, 1
3086, 0, 0, 1, 8, 1
3086, 0, 0, 1, 15, 1
3086, 0, 0, 1, 18, 1
3086, 0, 0, 1, 23, 1
3086, 0, 0, 1, 27, 1
3086, 0, 0, 1, 34, 1
3086, 0, 0, 1, 39, 1
3086, 0, 0, 1, 45, 1
3086, 0, 0, 1, 46, 1
3086, 0, 0, 1, 49, 1
3086, 0, 0, 1, 50, 1
3086, 0, 0, 1, 57, 1
3086, 0, 3, 5, 3, 1
3086, 0, 1, 5, 61, 1
3086, 0, 1, 8, 61, 1
3086, 0, 1, 13, 61, 1
3086, 0, 3, 15, 3, 1
3086, 0, 3, 18, 3, 1
3086, 0, 1, 20, 61, 1
3086, 0, 3, 21, 3, 1
3086, 0, 1, 21, 61, 1
3086, 0, 1, 24, 61, 1
3086, 0, 3, 29, 3, 1
3086, 0, 1, 31, 61, 1
3086, 0, 1, 32, 61, 1
3086, 0, 1, 35, 61, 1
3086, 0, 3, 36, 3, 1
3086, 0, 3, 38, 3, 1
3086, 0, 1, 38, 61, 1
3086, 0, 1, 41, 61, 1
3086, 0, 1, 44, 61, 1
3086, 0, 1, 49, 61, 1
3086, 0, 3, 50, 3, 1
3086, 0, 3, 52, 3, 1
3086, 0, 3, 55, 3, 1
3086, 0, 1, 55, 61, 1
3086, 0, 1, 59, 61, 1
3086, 0, 3, 60, 3, 1
3086, 0, 3, 62, 3, 1
3087, 0, 0, 1, 5, 1
3087, 0, 0, 1, 16, 1
3087, 0, 0, 1, 17, 1
3087, 0, 0, 1, 26, 1
3087, 0, 0, 1, 32, 1
3087, 0, 0, 1, 33, 1
3087, 0, 0, 1, 38, 1
3087, 0, 0, 1, 44, 1
3087, 0, 0, 1, 48, 1
3087, 0, 0, 1, 56, 1
3087, 0, 1, 6, 61, 1
3087, 0, 1, 7, 61, 1
3087, 0, 1, 11, 61, 1
3087, 0, 1, 12, 61, 1
3087, 0, 3, 16, 3, 1
3087, 0, 3, 17, 3, 1
3087, 0, 3, 19, 3, 1
3087, 0, 1, 19, 61, 1
3087, 0, 3, 20, 3, 1
3087, 0, 1, 23, 61, 1
3087, 0, 3, 27, 3, 1
3087, 0, 3, 28, 3, 1
3087, 0, 1, 30, 61, 1
3087, 0, 1, 34, 61, 1
3087, 0, 3, 37, 3, 1
3087, 0, 1, 37, 61, 1
3087, 0, 1, 42, 61, 1
3087, 0, 1, 45, 61, 1
3087, 0, 1, 50, 61, 1
3087, 0, 3, 51, 3, 1
3087, 0, 1, 51, 61, 1
3087, 0, 3, 53, 3, 1
3087, 0, 1, 53, 61, 1
3087, 0, 1, 54, 61, 1
3087, 0, 3, 56, 3, 1
3087, 0, 1, 60, 61, 1
3087, 0, 3, 61, 3, 1
3088, 3, 0, 1, 61, 1
3090, 10, 0, 3, 55, 1
3090, 10, 1, 6, 59, 1
3090, 10, 3, 9, 43, 1
3090, 10, 1, 9, 59, 1
3090, 10, 3, 12, 43, 1
3090, 10, 1, 12, 59, 1
3090, 10, 3, 15, 43, 1
3090, 10, 1, 18, 59, 1
3090, 10, 3, 21, 43, 1
3090, 10, 1, 21, 59, 1
3090, 10, 3, 24, 43, 1
3090, 10, 1, 27, 59, 1
3091, 10, 1, 37, 59, 1
3091, 10, 3, 40, 43, 1
3091, 10, 3, 43, 43, 1
3091, 10, 1, 46, 59, 1
3091, 10, 3, 49, 43, 1
3091, 10, 1, 49, 59, 1
3091, 10, 1, 52, 59, 1
3091, 10, 3, 55, 43, 1
3091, 10, 3, 58, 43, 1
3091, 10, 1, 58, 59, 1
3091, 10, 2, 62, 55, 1
3092, 10, 1, 15, 59, 1
3093, 10, 0, 34, 55, 1
3093, 10, 3, 52, 43, 1
3093, 10, 1, 55, 59, 1
3094, 10, 0, 3, 46, 1
3094, 10, 3, 18, 43, 1
3094, 10, 1, 24, 59, 1
3094, 10, 1, 43, 59, 1
3095, 10, 3, 6, 43, 1
3095, 10, 2, 31, 55, 1
3095, 10, 1, 40, 59, 1
3095, 10, 3, 46, 43, 1
3095, 10, 2, 62, 46, 1
3096, 10, 1, 40, 40, 1
3096, 10, 3, 43, 24, 1
3096, 10, 3, 46, 24, 1
3096, 10, 1, 46, 40, 1
3096, 10, 1, 49, 40, 1
3096, 10, 3, 52, 24, 1
3096, 10, 1, 55, 40, 1
3096, 10, 3, 58, 24, 1
3096, 10, 1, 58, 40, 1
3097, 10, 3, 6, 24, 1
3097, 10, 1, 6, 40, 1
3097, 10, 3, 12, 24, 1
3097, 10, 1, 12, 40, 1
3097, 10, 3, 15, 24, 1
3097, 10, 1, 15, 40, 1
3097, 10, 1, 18, 40, 1
3097, 10, 3, 21, 24, 1
3097, 10, 3, 24, 24, 1
3097, 10, 1, 24, 40, 1
3098, 10, 1, 43, 40, 1
3098, 10, 3, 55, 24, 1
3099, 10, 0, 3, 36, 1
3099, 10, 1, 21, 40, 1
3099, 10, 3, 49, 24, 1
3099, 10, 2, 62, 27, 1
3100, 10, 0, 3, 27, 1
3100, 10, 3, 9, 24, 1
3100, 10, 1, 9, 40, 1
3100, 10, 1, 52, 40, 1
3100, 10, 2, 62, 36, 1
3101, 10, 3, 18, 24, 1
3101, 10, 3, 40, 24, 1
3102, 10, 0, 3, 17, 1
3102, 10, 3, 6, 5, 1
3102, 10, 1, 6, 21, 1
3102, 10, 1, 12, 21, 1
3102, 10, 3, 15, 5, 1
3102, 10, 1, 15, 21, 1
3102, 10, 3, 18, 5, 1
3102, 10, 1, 21, 21, 1
3102, 10, 3, 24, 5, 1
3102, 10, 1, 24, 21, 1
3102, 10, 3, 27, 5, 1
3102, 10, 2, 31, 8, 1
3103, 10, 3, 40, 5, 1
3103, 10, 1, 40, 21, 1
3103, 10, 3, 43, 5, 1
3103, 10, 3, 46, 5, 1
3103, 10, 1, 46, 21, 1
3103, 10, 1, 49, 21, 1
3103, 10, 3, 52, 5, 1
3103, 10, 1, 55, 21, 1
3103, 10, 3, 58, 5, 1
3103, 10, 1, 58, 21, 1
3104, 10, 3, 21, 5, 1
3105, 10, 1, 9, 21, 1
3105, 10, 1, 52, 21, 1
3105, 10, 3, 55, 5, 1
3105, 10, 2, 62, 17, 1
3106, 10, 0, 3, 8, 1
3106, 10, 3, 9, 5, 1
3106, 10, 0, 34, 8, 1
3106, 10, 3, 49, 5, 1
3106, 10, 2, 62, 8, 1
3107, 10, 3, 12, 5, 1
3107, 10, 1, 18, 21, 1
3107, 10, 3, 37, 5, 1
3107, 10, 1, 43, 21, 1
3110, 5, 0, 1, 26, 1
3110, 5, 0, 1, 29, 1
3110, 5, 0, 1, 32, 1
3110, 5, 0, 1, 35, 1
3110, 5, 0, 1, 38, 1
3110, 5, 2, 2, 12, 1
3110, 5, 2, 2, 14, 1
3110, 5, 2, 2, 31, 1
3110, 5, 2, 2, 33, 1
3110, 5, 2, 2, 50, 1
3110, 5, 2, 2, 52, 1
3110, 5, 0, 32, 12, 1
3110, 5, 0, 32, 14, 1
3110, 5, 0, 32, 31, 1
3110, 5, 0, 32, 33, 1
3110, 5, 0, 32, 50, 1
3110, 5, 0, 32, 52, 1
3110, 5, 2, 33, 12, 1
3110, 5, 2, 33, 14, 1
3110, 5, 2, 33, 31, 1
3110, 5, 2, 33, 33, 1
3110, 5, 2, 33, 50, 1
3110, 5, 2, 33, 52, 1
3110, 5, 0, 63, 12, 1
3110, 5, 0, 63, 14, 1
3110, 5, 0, 63, 31, 1
3110, 5, 0, 63, 33, 1
3110, 5, 0, 63, 50, 1
3110, 5, 0, 63, 52, 1
3111, 10, 0, 3, 12, 1
3111, 10, 0, 3, 31, 1
3111, 10, 0, 3, 50, 1
3111, 10, 0, 34, 12, 1
3111, 10, 0, 34, 31, 1
3111, 10, 0, 34, 50, 1
3112, 10, 2, 30, 14, 1
3112, 10, 2, 30, 33, 1
3112, 10, 2, 30, 52, 1
3112, 10, 2, 61, 14, 1
3112, 10, 2, 61, 33, 1
3112, 10, 2, 61, 52, 1
3113, 10, 0, 3, 14, 1
3113, 10, 0, 3, 33, 1
3113, 10, 0, 3, 52, 1
3113, 10, 0, 34, 14, 1
3113, 10, 0, 34, 33, 1
3113, 10, 0, 34, 52, 1
3114, 10, 2, 30, 12, 1
3114, 10, 2, 30, 31, 1
3114, 10, 2, 30, 50, 1
3114, 10, 2, 61, 12, 1
3114, 10, 2, 61, 31, 1
3114, 10, 2, 61, 50, 1
3115, 3, 2, 4, 63, 0
3115, 3, 3, 61, 63, 0
3116, 3, 2, 6, 63, 0
3116, 3, 3, 59, 63, 0
3117, 3, 2, 8, 63, 0
3117, 3, 3, 57, 63, 0
3118, 3, 2, 10, 63, 0
3118, 3, 3, 55, 63, 0
3119, 3, 2, 12, 63, 0
3119, 3, 3, 53, 63, 0
3120, 3, 2, 14, 63, 0
3120, 3, 3, 51, 63, 0
3121, 3, 2, 16, 63, 0
3121, 3, 3, 49, 63, 0
3122, 3, 2, 0, 3, 0
3122, 3, 1, 0, 4, 0
3122, 3, 2, 0, 60, 0
3122, 3, 1, 0, 61, 0
3122, 3, 3, 1, 62, 0
3122, 3, 0, 1, 63, 0
3122, 3, 2, 2, 62, 0
3122, 3, 1, 2, 63, 0
3122, 3, 3, 63, 62, 0
3122, 3, 0, 63, 63, 0
3123, 22, 1, 0, 3, 1
3123, 22, 1, 0, 4, 1
3123, 22, 3, 0, 60, 1
3123, 22, 3, 0, 61, 1
3123, 22, 3, 1, 62, 1
3123, 22, 3, 1, 63, 1
3123, 22, 3, 2, 62, 1
3123, 22, 3, 2, 63, 1
3123, 22, 3, 3, 63, 1
3123, 22, 3, 4, 63, 1
3123, 22, 3, 5, 63, 1
3123, 22, 3, 6, 63, 1
3123, 22, 3, 7, 63, 1
3123, 22, 3, 8, 63, 1
3123, 22, 3, 9, 63, 1
3123, 22, 3, 10, 63, 1
3123, 22, 3, 11, 63, 1
3123, 22, 3, 12, 63, 1
3123, 22, 3, 13, 63, 1
3123, 22, 3, 14, 63, 1
3123, 22, 3, 15, 63, 1
3123, 22, 3, 16, 63, 1
3123, 22, 3, 17, 63, 1
3123, 22, 3, 18, 63, 1
3123, 22, 3, 19, 63, 1
3123, 22, 3, 20, 63, 1
3123, 22, 3, 45, 63, 1
3123, 22, 3, 46, 63, 1
3123, 22, 3, 47, 63, 1
3123, 22, 3, 48, 63, 1
3123, 22, 3, 49, 63, 1
3123, 22, 3, 50, 63, 1
3123, 22, 3, 51, 63, 1
3123, 22, 3, 52, 63, 1
3123, 22, 3, 53, 63, 1
3123, 22, 3, 54, 63, 1
3123, 22, 3, 55, 63, 1
3123, 22, 3, 56, 63, 1
3123, 22, 3, 57, 63, 1
3123, 22, 3, 58, 63, 1
3123, 22, 3, 59, 63, 1
3123, 22, 3, 60, 63, 1
3123, 22, 3, 61, 63, 1
3123, 22, 3, 62, 63, 1
3123, 22, 3, 63, 62, 1
3123, 22, 3, 63, 63, 1
3125, 3, 3, 21, 63, 0
3125, 3, 3, 45, 63, 0
3125, 0, 3, 0, 3, 1
3125, 0, 1, 0, 4, 1
3125, 0, 3, 0, 60, 1
3125, 0, 1, 0, 61, 1
3125, 3, 3, 1, 60, 1
3125, 0, 0, 1, 62, 1
3125, 0, 0, 1, 63, 1
3125, 3, 1, 2, 61, 1
3125, 0, 2, 2, 62, 1
3125, 3, 2, 2, 63, 1
3125, 0, 3, 3, 63, 1
3125, 0, 3, 4, 63, 1
3125, 0, 3, 5, 63, 1
3125, 0, 3, 6, 63, 1
3125, 0, 3, 7, 63, 1
3125, 0, 3, 8, 63, 1
3125, 0, 3, 9, 63, 1
3125, 0, 3, 10, 63, 1
3125, 0, 3, 11, 63, 1
3125, 0, 3, 12, 63, 1
3125, 0, 3, 13, 63, 1
3125, 0, 3, 14, 63, 1
3125, 0, 3, 15, 63, 1
3125, 0, 3, 16, 63, 1
3125, 0, 3, 17, 63, 1
3125, 0, 3, 18, 63, 1
3125, 0, 3, 19, 63, 1
3125, 0, 3, 20, 63, 1
3125, 0, 3, 45, 63, 1
3125, 0, 3, 46, 63, 1
3125, 0, 3, 47, 63, 1
3125, 0, 3, 48, 63, 1
3125, 0, 3, 49, 63, 1
3125, 0, 3, 50, 63, 1
3125, 0, 3, 51, 63, 1
3125, 0, 3, 52, 63, 1
3125, 0, 3, 53, 63, 1
3125, 0, 3, 54, 63, 1
3125, 0, 3, 55, 63, 1
3125, 0, 3, 56, 63, 1
3125, 0, 3, 57, 63, 1
3125, 0, 3, 58, 63, 1
3125, 0, 3, 59, 63, 1
3125, 0, 3, 60, 63, 1
3125, 0, 3, 61, 63, 1
3125, 0, 3, 62, 63, 1
3125, 0, 0, 63, 62, 1
3128, 10, 0, 4, 63, 0
3128, 10, 2, 61, 63, 0
3129, 10, 0, 3, 63, 0
3129, 10, 2, 62, 63, 0
3130, 10, 0, 6, 63, 0
3130, 10, 2, 59, 63, 0
3131, 10, 0, 5, 63, 0
3131, 10, 2, 60, 63, 0
3132, 10, 0, 8, 63, 0
3132, 10, 2, 57, 63, 0
3133, 10, 0, 7, 63, 0
3133, 10, 2, 58, 63, 0
3134, 10, 0, 10, 63, 0
3134, 10, 2, 55, 63, 0
3135, 10, 0, 9, 63, 0
3135, 10, 2, 56, 63, 0
3136, 10, 0, 12, 63, 0
3136, 10, 2, 53, 63, 0
3137, 10, 0, 11, 63, 0
3137, 10, 2, 54, 63, 0
3138, 10, 0, 14, 63, 0
3138, 10, 2, 51, 63, 0
3139, 10, 0, 13, 63, 0
3139, 10, 2, 52, 63, 0
3140, 10, 0, 16, 63, 0
3140, 10, 2, 49, 63, 0
3141, 10, 0, 15, 63, 0
3141, 10, 2, 50, 63, 0
3142, 10, 3, 0, 4, 0
3142, 10, 1, 0, 60, 0
3142, 10, 0, 2, 62, 0
3142, 10, 0, 2, 63, 0
3142, 10, 2, 63, 63, 0
3143, 10, 3, 0, 3, 0
3143, 10, 1, 0, 61, 0
3143, 10, 0, 1, 62, 0
3143, 10, 0, 1, 63, 0
3144, 0, 0, 3, 39, 1
3144, 0, 1, 4, 2, 1
3144, 0, 3, 4, 43, 1
3144, 0, 1, 5, 21, 1
3144, 0, 3, 6, 5, 1
3144, 0, 3, 14, 5, 1
3144, 0, 1, 15, 59, 1
3144, 0, 1, 18, 40, 1
3144, 0, 3, 20, 43, 1
3144, 0, 1, 26, 2, 1
3144, 0, 3, 28, 62, 1
3144, 0, 2, 31, 34, 1
3144, 0, 2, 31, 48, 1
3144, 0, 1, 39, 59, 1
3144, 0, 1, 45, 2, 1
3144, 0, 3, 47, 24, 1
3144, 0, 1, 49, 21, 1
3144, 0, 3, 51, 5, 1
3144, 0, 3, 60, 24, 1
3144, 0, 2, 62, 7, 1
3144, 0, 2, 62, 28, 1
3144, 0, 2, 62, 45, 1
3144, 0, 2, 62, 55, 1
3145, 0, 1, 3, 2, 1
3145, 0, 0, 3, 38, 1
3145, 0, 1, 4, 21, 1
3145, 0, 3, 5, 43, 1
3145, 0, 3, 7, 5, 1
3145, 0, 1, 14, 59, 1
3145, 0, 3, 15, 5, 1
3145, 0, 1, 17, 40, 1
3145, 0, 3, 21, 43, 1
3145, 0, 1, 25, 2, 1
3145, 0, 3, 29, 62, 1
3145, 0, 2, 31, 35, 1
3145, 0, 2, 31, 49, 1
3145, 0, 1, 38, 59, 1
3145, 0, 1, 44, 2, 1
3145, 0, 1, 48, 21, 1
3145, 0, 3, 48, 24, 1
3145, 0, 3, 52, 5, 1
3145, 0, 3, 61, 24, 1
3145, 0, 2, 62, 8, 1
3145, 0, 2, 62, 29, 1
3145, 0, 2, 62, 46, 1
3145, 0, 2, 62, 56, 1
3146, 0, 0, 4, 13, 0
3146, 0, 0, 4, 32, 0
3146, 0, 0, 4, 51, 0
3146, 0, 0, 5, 11, 0
3146, 0, 0, 5, 15, 0
3146, 0, 0, 5, 30, 0
3146, 0, 0, 5, 34, 0
3146, 0, 0, 5, 49, 0
3146, 0, 0, 5, 53, 0
3146, 9, 3, 6, 8, 0
3146, 9, 0, 6, 18, 0
3146, 9, 3, 6, 27, 0
3146, 9, 0, 6, 37, 0
3146, 9, 3, 6, 46, 0
3146, 9, 0, 6, 56, 0
3146, 0, 3, 11, 6, 0
3146, 0, 1, 11, 20, 0
3146, 0, 3, 11, 25, 0
3146, 0, 1, 11, 39, 0
3146, 0, 3, 11, 44, 0
3146, 0, 1, 11, 58, 0
3146, 0, 3, 12, 6, 0
3146, 0, 1, 12, 20, 0
3146, 0, 3, 12, 25, 0
3146, 0, 1, 12, 39, 0
3146, 0, 3, 12, 44, 0
3146, 0, 1, 12, 58, 0
3146, 0, 3, 13, 6, 0
3146, 0, 1, 13, 20, 0
3146, 0, 3, 13, 25, 0
3146, 0, 1, 13, 39, 0
3146, 0, 3, 13, 44, 0
3146, 0, 1, 13, 58, 0
3146, 0, 3, 14, 6, 0
3146, 0, 1, 14, 20, 0
3146, 0, 3, 14, 25, 0
3146, 0, 1, 14, 39, 0
3146, 0, 3, 14, 44, 0
3146, 0, 1, 14, 58, 0
3146, 0, 3, 15, 6, 0
3146, 0, 1, 15, 20, 0
3146, 0, 3, 15, 25, 0
3146, 0, 1, 15, 39, 0
3146, 0, 3, 15, 44, 0
3146, 0, 1, 15, 58, 0
3146, 0, 3, 16, 6, 0
3146, 0, 1, 16, 20, 0
3146, 0, 3, 16, 25, 0
3146, 0, 1, 16, 39, 0
3146, 0, 3, 16, 44, 0
3146, 0, 1, 16, 58, 0
3146, 0, 3, 17, 6, 0
3146, 0, 1, 17, 20, 0
3146, 0, 3, 17, 25, 0
3146, 0, 1, 17, 39, 0
3146, 0, 3, 17, 44, 0
3146, 0, 1, 17, 58, 0
3146, 0, 3, 18, 6, 0
3146, 0, 1, 18, 20, 0
3146, 0, 3, 18, 25, 0
3146, 0, 1, 18, 39, 0
3146, 0, 3, 18, 44, 0
3146, 0, 1, 18, 58, 0
3146, 0, 3, 19, 6, 0
3146, 0, 1, 19, 20, 0
3146, 0, 3, 19, 25, 0
3146, 0, 1, 19, 39, 0
3146, 0, 3, 19, 44, 0
3146, 0, 1, 19, 58, 0
3146, 0, 3, 20, 6, 0
3146, 0, 1, 20, 20, 0
3146, 0, 3, 20, 25, 0
3146, 0, 1, 20, 39, 0
3146, 0, 3, 20, 44, 0
3146, 0, 1, 20, 58, 0
3146, 0, 3, 21, 6, 0
3146, 0, 1, 21, 20, 0
3146, 0, 3, 21, 25, 0
3146, 0, 1, 21, 39, 0
3146, 0, 3, 21, 44, 0
3146, 0, 1, 21, 58, 0
3146, 0, 3, 22, 6, 0
3146, 0, 1, 22, 20, 0
3146, 0, 3, 22, 25, 0
3146, 0, 1, 22, 39, 0
3146, 0, 3, 22, 44, 0
3146, 0, 1, 22, 58, 0
3146, 0, 3, 23, 6, 0
3146, 0, 1, 23, 20, 0
3146, 0, 3, 23, 25, 0
3146, 0, 1, 23, 39, 0
3146, 0, 3, 23, 44, 0
3146, 0, 1, 23, 58, 0
3146, 9, 2, 28, 8, 0
3146, 9, 1, 28, 18, 0
3146, 9, 2, 28, 27, 0
3146, 9, 1, 28, 37, 0
3146, 9, 2, 28, 46, 0
3146, 9, 1, 28, 56, 0
3146, 0, 2, 29, 11, 0
3146, 0, 2, 29, 15, 0
3146, 0, 2, 29, 30, 0
3146, 0, 2, 29, 34, 0
3146, 0, 2, 29, 49, 0
3146, 0, 2, 29, 53, 0
3146, 0, 2, 30, 13, 0
3146, 0, 2, 30, 32, 0
3146, 0, 2, 30, 51, 0
3146, 0, 0, 35, 13, 0
3146, 0, 0, 35, 32, 0
3146, 0, 0, 35, 51, 0
3146, 0, 0, 36, 11, 0
3146, 0, 0, 36, 15, 0
3146, 0, 0, 36, 30, 0
3146, 0, 0, 36, 34, 0
3146, 0, 0, 36, 49, 0
3146, 0, 0, 36, 53, 0
3146, 9, 3, 37, 8, 0
3146, 9, 0, 37, 18, 0
3146, 9, 3, 37, 27, 0
3146, 9, 0, 37, 37, 0
3146, 9, 3, 37, 46, 0
3146, 9, 0, 37, 56, 0
3146, 0, 3, 42, 6, 0
3146, 0, 1, 42, 20, 0
3146, 0, 3, 42, 25, 0
3146, 0, 1, 42, 39, 0
3146, 0, 3, 42, 44, 0
3146, 0, 1, 42, 58, 0
3146, 0, 3, 43, 6, 0
3146, 0, 1, 43, 20, 0
3146, 0, 3, 43, 25, 0
3146, 0, 1, 43, 39, 0
3146, 0, 3, 43, 44, 0
3146, 0, 1, 43, 58, 0
3146, 0, 3, 44, 6, 0
3146, 0, 1, 44, 20, 0
3146, 0, 3, 44, 25, 0
3146, 0, 1, 44, 39, 0
3146, 0, 3, 44, 44, 0
3146, 0, 1, 44, 58, 0
3146, 0, 3, 45, 6, 0
3146, 0, 1, 45, 20, 0
3146, 0, 3, 45, 25, 0
3146, 0, 1, 45, 39, 0
3146, 0, 3, 45, 44, 0
3146, 0, 1, 45, 58, 0
3146, 0, 3, 46, 6, 0
3146, 0, 1, 46, 20, 0
3146, 0, 3, 46, 25, 0
3146, 0, 1, 46, 39, 0
3146, 0, 3, 46, 44, 0
3146, 0, 1, 46, 58, 0
3146, 0, 3, 47, 6, 0
3146, 0, 1, 47, 20, 0
3146, 0, 3, 47, 25, 0
3146, 0, 1, 47, 39, 0
3146, 0, 3, 47, 44, 0
3146, 0, 1, 47, 58, 0
3146, 0, 3, 48, 6, 0
3146, 0, 1, 48, 20, 0
3146, 0, 3, 48, 25, 0
3146, 0, 1, 48, 39, 0
3146, 0, 3, 48, 44, 0
3146, 0, 1, 48, 58, 0
3146, 0, 3, 49, 6, 0
3146, 0, 1, 49, 20, 0
3146, 0, 3, 49, 25, 0
3146, 0, 1, 49, 39, 0
3146, 0, 3, 49, 44, 0
3146, 0, 1, 49, 58, 0
3146, 0, 3, 50, 6, 0
3146, 0, 1, 50, 20, 0
3146, 0, 3, 50, 25, 0
3146, 0, 1, 50, 39, 0
3146, 0, 3, 50, 44, 0
3146, 0, 1, 50, 58, 0
3146, 0, 3, 51, 6, 0
3146, 0, 1, 51, 20, 0
3146, 0, 3, 51, 25, 0
3146, 0, 1, 51, 39, 0
3146, 0, 3, 51, 44, 0
3146, 0, 1, 51, 58, 0
3146, 0, 3, 52, 6, 0
3146, 0, 1, 52, 20, 0
3146, 0, 3, 52, 25, 0
3146, 0, 1, 52, 39, 0
3146, 0, 3, 52, 44, 0
3146, 0, 1, 52, 58, 0
3146, 0, 3, 53, 6, 0
3146, 0, 1, 53, 20, 0
3146, 0, 3, 53, 25, 0
3146, 0, 1, 53, 39, 0
3146, 0, 3, 53, 44, 0
3146, 0, 1, 53, 58, 0
3146, 0, 3, 54, 6, 0
3146, 0, 1, 54, 20, 0
3146, 0, 3, 54, 25, 0
3146, 0, 1, 54, 39, 0
3146, 0, 3, 54, 44, 0
3146, 0, 1, 54, 58, 0
3146, 9, 2, 59, 8, 0
3146, 9, 1, 59, 18, 0
3146, 9, 2, 59, 27, 0
3146, 9, 1, 59, 37, 0
3146, 9, 2, 59, 46, 0
3146, 9, 1, 59, 56, 0
3146, 0, 2, 60, 11, 0
3146, 0, 2, 60, 15, 0
3146, 0, 2, 60, 30, 0
3146, 0, 2, 60, 34, 0
3146, 0, 2, 60, 49, 0
3146, 0, 2, 60, 53, 0
3146, 0, 2, 61, 13, 0
3146, 0, 2, 61, 32, 0
3146, 0, 2, 61, 51, 0
3147, 10, 0, 4, 12, 0
3147, 10, 1, 4, 14, 0
3147, 10, 0, 4, 31, 0
3147, 10, 1, 4, 33, 0
3147, 10, 0, 4, 50, 0
3147, 10, 1, 4, 52, 0
3147, 10, 3, 30, 12, 0
3147, 10, 2, 30, 14, 0
3147, 10, 3, 30, 31, 0
3147, 10, 2, 30, 33, 0
3147, 10, 3, 30, 50, 0
3147, 10, 2, 30, 52, 0
3147, 10, 0, 35, 12, 0
3147, 10, 1, 35, 14, 0
3147, 10, 0, 35, 31, 0
3147, 10, 1, 35, 33, 0
3147, 10, 0, 35, 50, 0
3147, 10, 1, 35, 52, 0
3147, 10, 3, 61, 12, 0
3147, 10, 2, 61, 14, 0
3147, 10, 3, 61, 31, 0
3147, 10, 2, 61, 33, 0
3147, 10, 3, 61, 50, 0
3147, 10, 2, 61, 52, 0
3148, 10, 0, 5, 16, 0
3148, 10, 0, 5, 35, 0
3148, 10, 0, 5, 54, 0
3148, 10, 3, 8, 7, 0
3148, 10, 3, 8, 26, 0
3148, 10, 3, 8, 45, 0
3148, 10, 3, 10, 6, 0
3148, 10, 3, 10, 25, 0
3148, 10, 3, 10, 44, 0
3148, 10, 1, 24, 20, 0
3148, 10, 1, 24, 39, 0
3148, 10, 1, 24, 58, 0
3148, 10, 1, 26, 19, 0
3148, 10, 1, 26, 38, 0
3148, 10, 1, 26, 57, 0
3148, 10, 2, 29, 10, 0
3148, 10, 2, 29, 29, 0
3148, 10, 2, 29, 48, 0
3148, 10, 0, 36, 16, 0
3148, 10, 0, 36, 35, 0
3148, 10, 0, 36, 54, 0
3148, 10, 3, 39, 7, 0
3148, 10, 3, 39, 26, 0
3148, 10, 3, 39, 45, 0
3148, 10, 3, 41, 6, 0
3148, 10, 3, 41, 25, 0
3148, 10, 3, 41, 44, 0
3148, 10, 1, 55, 20, 0
3148, 10, 1, 55, 39, 0
3148, 10, 1, 55, 58, 0
3148, 10, 1, 57, 19, 0
3148, 10, 1, 57, 38, 0
3148, 10, 1, 57, 57, 0
3148, 10, 2, 60, 10, 0
3148, 10, 2, 60, 29, 0
3148, 10, 2, 60, 48, 0
3149, 10, 0, 5, 10, 0
3149, 10, 0, 5, 29, 0
3149, 10, 0, 5, 48, 0
3149, 10, 1, 8, 19, 0
3149, 10, 1, 8, 38, 0
3149, 10, 1, 8, 57, 0
3149, 10, 1, 10, 20, 0
3149, 10, 1, 10, 39, 0
3149, 10, 1, 10, 58, 0
3149, 10, 3, 24, 6, 0
3149, 10, 3, 24, 25, 0
3149, 10, 3, 24, 44, 0
3149, 10, 3, 26, 7, 0
3149, 10, 3, 26, 26, 0
3149, 10, 3, 26, 45, 0
3149, 10, 2, 29, 16, 0
3149, 10, 2, 29, 35, 0
3149, 10, 2, 29, 54, 0
3149, 10, 0, 36, 10, 0
3149, 10, 0, 36, 29, 0
3149, 10, 0, 36, 48, 0
3149, 10, 1, 39, 19, 0
3149, 10, 1, 39, 38, 0
3149, 10, 1, 39, 57, 0
3149, 10, 1, 41, 20, 0
3149, 10, 1, 41, 39, 0
3149, 10, 1, 41, 58, 0
3149, 10, 3, 55, 6, 0
3149, 10, 3, 55, 25, 0
3149, 10, 3, 55, 44, 0
3149, 10, 3, 57, 7, 0
3149, 10, 3, 57, 26, 0
3149, 10, 3, 57, 45, 0
3149, 10, 2, 60, 16, 0
3149, 10, 2, 60, 35, 0
3149, 10, 2, 60, 54, 0
3150, 10, 0, 5, 17, 0
3150, 10, 0, 5, 36, 0
3150, 10, 0, 5, 55, 0
3150, 10, 3, 7, 7, 0
3150, 10, 3, 7, 26, 0
3150, 10, 3, 7, 45, 0
3150, 10, 3, 9, 6, 0
3150, 10, 3, 9, 25, 0
3150, 10, 3, 9, 44, 0
3150, 10, 1, 25, 20, 0
3150, 10, 1, 25, 39, 0
3150, 10, 1, 25, 58, 0
3150, 10, 1, 27, 19, 0
3150, 10, 1, 27, 38, 0
3150, 10, 1, 27, 57, 0
3150, 10, 2, 29, 9, 0
3150, 10, 2, 29, 28, 0
3150, 10, 2, 29, 47, 0
3150, 10, 0, 36, 17, 0
3150, 10, 0, 36, 36, 0
3150, 10, 0, 36, 55, 0
3150, 10, 3, 38, 7, 0
3150, 10, 3, 38, 26, 0
3150, 10, 3, 38, 45, 0
3150, 10, 3, 40, 6, 0
3150, 10, 3, 40, 25, 0
3150, 10, 3, 40, 44, 0
3150, 10, 1, 56, 20, 0
3150, 10, 1, 56, 39, 0
3150, 10, 1, 56, 58, 0
3150, 10, 1, 58, 19, 0
3150, 10, 1, 58, 38, 0
3150, 10, 1, 58, 57, 0
3150, 10, 2, 60, 9, 0
3150, 10, 2, 60, 28, 0
3150, 10, 2, 60, 47, 0
3151, 10, 0, 5, 9, 0
3151, 10, 0, 5, 28, 0
3151, 10, 0, 5, 47, 0
3151, 10, 1, 7, 19, 0
3151, 10, 1, 7, 38, 0
3151, 10, 1, 7, 57, 0
3151, 10, 1, 9, 20, 0
3151, 10, 1, 9, 39, 0
3151, 10, 1, 9, 58, 0
3151, 10, 3, 25, 6, 0
3151, 10, 3, 25, 25, 0
3151, 10, 3, 25, 44, 0
3151, 10, 3, 27, 7, 0
3151, 10, 3, 27, 26, 0
3151, 10, 3, 27, 45, 0
3151, 10, 2, 29, 17, 0
3151, 10, 2, 29, 36, 0
3151, 10, 2, 29, 55, 0
3151, 10, 0, 36, 9, 0
3151, 10, 0, 36, 28, 0
3151, 10, 0, 36, 47, 0
3151, 10, 1, 38, 19, 0
3151, 10, 1, 38, 38, 0
3151, 10, 1, 38, 57, 0
3151, 10, 1, 40, 20, 0
3151, 10, 1, 40, 39, 0
3151, 10, 1, 40, 58, 0
3151, 10, 3, 56, 6, 0
3151, 10, 3, 56, 25, 0
3151, 10, 3, 56, 44, 0
3151, 10, 3, 58, 7, 0
3151, 10, 3, 58, 26, 0
3151, 10, 3, 58, 45, 0
3151, 10, 2, 60, 17, 0
3151, 10, 2, 60, 36, 0
3151, 10, 2, 60, 55, 0
3154, 0, 2, 9, 31, 1
3154, 0, 2, 12, 34, 1
3154, 0, 2, 18, 30, 1
3154, 0, 1, 19, 30, 1
3154, 0, 0, 21, 34, 1
3154, 0, 0, 21, 36, 1
3154, 0, 0, 25, 33, 1
3154, 0, 2, 40, 10, 1
3154, 0, 2, 42, 15, 1
3154, 0, 1, 42, 47, 1
3154, 0, 2, 42, 48, 1
3154, 0, 2, 46, 17, 1
3154, 0, 2, 48, 11, 1
3154, 0, 1, 51, 11, 1
3154, 0, 2, 52, 14, 1
3154, 0, 2, 54, 13, 1
3154, 0, 0, 54, 51, 1
3154, 0, 3, 55, 56, 1
3154, 0, 2, 57, 12, 1
3155, 0, 2, 9, 32, 1
3155, 0, 3, 11, 28, 1
3155, 0, 2, 12, 33, 1
3155, 0, 3, 16, 37, 1
3155, 0, 2, 18, 31, 1
3155, 0, 1, 20, 30, 1
3155, 0, 0, 21, 35, 1
3155, 0, 0, 25, 32, 1
3155, 0, 2, 42, 14, 1
3155, 0, 2, 42, 49, 1
3155, 0, 2, 42, 55, 1
3155, 0, 1, 43, 55, 1
3155, 0, 1, 45, 14, 1
3155, 0, 2, 45, 51, 1
3155, 0, 2, 48, 10, 1
3155, 0, 1, 50, 11, 1
3155, 0, 3, 53, 17, 1
3155, 0, 2, 54, 12, 1
3155, 0, 0, 54, 52, 1
3155, 0, 3, 54, 56, 1
3155, 0, 3, 55, 11, 1
3155, 0, 3, 57, 56, 1
3156, 0, 2, 9, 29, 1
3156, 0, 2, 9, 30, 1
3156, 0, 1, 10, 30, 1
3156, 0, 3, 11, 35, 1
3156, 0, 2, 12, 27, 1
3156, 0, 2, 12, 32, 1
3156, 0, 3, 13, 28, 1
3156, 0, 1, 13, 33, 1
3156, 0, 3, 14, 37, 1
3156, 0, 2, 15, 36, 1
3156, 0, 3, 17, 37, 1
3156, 0, 2, 18, 29, 1
3156, 0, 3, 19, 29, 1
3156, 0, 1, 20, 35, 1
3156, 0, 1, 21, 30, 1
3156, 0, 3, 21, 37, 1
3156, 0, 3, 23, 32, 1
3156, 0, 0, 25, 34, 1
3156, 0, 2, 40, 12, 1
3156, 0, 1, 42, 10, 1
3156, 0, 2, 42, 16, 1
3156, 0, 2, 42, 54, 1
3156, 0, 2, 42, 56, 1
3156, 0, 1, 43, 14, 1
3156, 0, 1, 44, 14, 1
3156, 0, 2, 45, 50, 1
3156, 0, 2, 45, 53, 1
3156, 0, 3, 46, 50, 1
3156, 0, 1, 47, 18, 1
3156, 0, 3, 47, 50, 1
3156, 0, 2, 47, 55, 1
3156, 0, 2, 47, 56, 1
3156, 0, 0, 48, 48, 1
3156, 0, 0, 48, 49, 1
3156, 0, 3, 48, 50, 1
3156, 0, 1, 49, 11, 1
3156, 0, 3, 49, 50, 1
3156, 0, 0, 50, 12, 1
3156, 0, 1, 51, 52, 1
3156, 0, 2, 52, 16, 1
3156, 0, 3, 52, 17, 1
3156, 0, 1, 52, 52, 1
3156, 0, 2, 53, 9, 1
3156, 0, 2, 53, 50, 1
3156, 0, 1, 53, 52, 1
3156, 0, 2, 53, 56, 1
3156, 0, 2, 54, 11, 1
3156, 0, 1, 54, 50, 1
3156, 0, 0, 54, 53, 1
3156, 0, 1, 55, 50, 1
3156, 0, 3, 56, 11, 1
3156, 0, 0, 56, 48, 1
3156, 0, 1, 56, 50, 1
3156, 0, 3, 56, 56, 1
3156, 0, 2, 57, 14, 1
3156, 0, 2, 57, 15, 1
3157, 0, 2, 9, 33, 1
3157, 0, 1, 11, 30, 1
3157, 0, 2, 12, 26, 1
3157, 0, 3, 12, 28, 1
3157, 0, 3, 12, 35, 1
3157, 0, 1, 14, 33, 1
3157, 0, 1, 15, 33, 1
3157, 0, 3, 15, 37, 1
3157, 0, 2, 18, 32, 1
3157, 0, 1, 19, 35, 1
3157, 0, 1, 21, 33, 1
3157, 0, 3, 22, 37, 1
3157, 0, 3, 24, 32, 1
3157, 0, 0, 25, 31, 1
3157, 0, 2, 40, 9, 1
3157, 0, 2, 40, 11, 1
3157, 0, 3, 40, 13, 1
3157, 0, 1, 41, 10, 1
3157, 0, 1, 41, 47, 1
3157, 0, 2, 42, 13, 1
3157, 0, 2, 42, 17, 1
3157, 0, 1, 43, 10, 1
3157, 0, 1, 44, 55, 1
3157, 0, 2, 45, 52, 1
3157, 0, 2, 46, 18, 1
3157, 0, 2, 48, 9, 1
3157, 0, 1, 48, 18, 1
3157, 0, 0, 50, 13, 1
3157, 0, 3, 51, 17, 1
3157, 0, 2, 52, 15, 1
3157, 0, 2, 53, 8, 1
3157, 0, 1, 54, 9, 1
3157, 0, 2, 54, 10, 1
3157, 0, 0, 55, 55, 1
3157, 0, 0, 56, 47, 1
3157, 0, 2, 57, 13, 1
3158, 10, 1, 3, 5, 0
3158, 10, 0, 3, 7, 0
3158, 10, 3, 3, 19, 0
3158, 10, 2, 3, 20, 0
3158, 10, 3, 3, 21, 0
3158, 10, 1, 3, 24, 0
3158, 10, 3, 3, 25, 0
3158, 10, 2, 3, 26, 0
3158, 10, 0, 3, 39, 0
3158, 10, 1, 3, 40, 0
3158, 10, 0, 3, 43, 0
3158, 10, 2, 3, 44, 0
3158, 10, 3, 3, 58, 0
3158, 10, 1, 3, 59, 0
3158, 10, 0, 4, 1, 0
3158, 10, 3, 4, 2, 0
3158, 10, 0, 4, 5, 0
3158, 10, 2, 4, 6, 0
3158, 10, 2, 4, 20, 0
3158, 10, 1, 4, 21, 0
3158, 10, 3, 4, 25, 0
3158, 10, 2, 4, 30, 0
3158, 10, 3, 4, 34, 0
3158, 10, 0, 4, 59, 0
3158, 10, 1, 5, 0, 0
3158, 10, 0, 5, 2, 0
3158, 10, 1, 5, 5, 0
3158, 10, 0, 5, 24, 0
3158, 10, 1, 5, 40, 0
3158, 10, 2, 5, 43, 0
3158, 10, 0, 6, 59, 0
3158, 10, 3, 20, 2, 0
3158, 10, 2, 21, 1, 0
3158, 10, 0, 21, 2, 0
3158, 10, 1, 27, 40, 0
3158, 10, 3, 27, 43, 0
3158, 10, 3, 27, 62, 0
3158, 10, 0, 28, 5, 0
3158, 10, 1, 28, 24, 0
3158, 10, 0, 28, 43, 0
3158, 10, 0, 28, 44, 0
3158, 10, 2, 29, 24, 0
3158, 10, 0, 29, 25, 0
3158, 10, 2, 29, 40, 0
3158, 10, 2, 30, 2, 0
3158, 10, 2, 30, 5, 0
3158, 10, 0, 30, 18, 0
3158, 10, 3, 30, 57, 0
3158, 10, 1, 30, 59, 0
3158, 10, 0, 31, 5, 0
3158, 10, 1, 31, 8, 0
3158, 10, 1, 31, 37, 0
3158, 10, 2, 31, 43, 0
3158, 10, 0, 31, 58, 0
3158, 10, 2, 31, 59, 0
3158, 10, 2, 32, 62, 0
3158, 10, 1, 33, 62, 0
3158, 10, 2, 34, 5, 0
3158, 10, 0, 34, 6, 0
3158, 10, 1, 34, 36, 0
3158, 10, 3, 34, 37, 0
3158, 10, 1, 34, 46, 0
3158, 10, 1, 34, 57, 0
3158, 10, 2, 34, 59, 0
3158, 10, 2, 35, 5, 0
3158, 10, 2, 35, 38, 0
3158, 10, 3, 35, 59, 0
3158, 10, 3, 36, 5, 0
3158, 10, 0, 37, 59, 0
3158, 10, 0, 37, 62, 0
3158, 10, 3, 38, 62, 0
3158, 10, 3, 38, 63, 0
3158, 10, 2, 39, 2, 0
3158, 10, 1, 40, 1, 0
3158, 10, 3, 41, 2, 0
3158, 10, 0, 45, 2, 0
3158, 10, 2, 46, 62, 0
3158, 10, 1, 47, 62, 0
3158, 10, 2, 48, 62, 0
3158, 10, 3, 54, 21, 0
3158, 10, 2, 56, 2, 0
3158, 10, 0, 59, 1, 0
3158, 10, 2, 59, 5, 0
3158, 10, 2, 59, 21, 0
3158, 10, 1, 59, 24, 0
3158, 10, 1, 59, 40, 0
3158, 10, 3, 59, 43, 0
3158, 10, 0, 60, 59, 0
3158, 10, 0, 61, 2, 0
3158, 10, 3, 61, 21, 0
3158, 10, 3, 61, 24, 0
3158, 10, 3, 61, 40, 0
3158, 10, 0, 61, 43, 0
3158, 10, 2, 61, 59, 0
3158, 10, 3, 62, 5, 0
3158, 10, 2, 62, 19, 0
3158, 10, 1, 62, 20, 0
3158, 10, 0, 62, 21, 0
3158, 10, 1, 62, 24, 0
3158, 10, 2, 62, 25, 0
3158, 10, 0, 62, 27, 0
3158, 10, 2, 62, 37, 0
3158, 10, 0, 62, 39, 0
3158, 10, 2, 62, 40, 0
3158, 10, 1, 62, 43, 0
3158, 10, 3, 62, 44, 0
3158, 10, 2, 62, 46, 0
3158, 10, 1, 62, 58, 0
3158, 10, 3, 62, 59, 0
3158, 10, 0, 1, 15, 1
3158, 10, 0, 1, 46, 1
3158, 10, 1, 1, 53, 1
3158, 10, 2, 2, 58, 1
3158, 10, 3, 19, 60, 1
3158, 10, 3, 23, 22, 1
3158, 10, 0, 32, 49, 1
3158, 10, 0, 32, 58, 1
3158, 10, 2, 33, 29, 1
3158, 10, 3, 39, 3, 1
3158, 10, 1, 51, 4, 1
3158, 10, 0, 63, 11, 1
3158, 10, 0, 63, 28, 1
3158, 10, 0, 63, 38, 1
3158, 10, 0, 63, 57, 1
3169, 22, 1, 3, 16, 0
3169, 22, 3, 4, 39, 0
3169, 22, 1, 5, 25, 0
3169, 22, 0, 6, 43, 0
3169, 22, 3, 8, 21, 0
3169, 22, 1, 13, 5, 0
3169, 22, 1, 29, 26, 0
3169, 22, 2, 29, 59, 0
3169, 22, 1, 31, 39, 0
3169, 22, 2, 31, 44, 0
3169, 22, 0, 31, 57, 0
3169, 22, 2, 34, 25, 0
3169, 22, 0, 54, 43, 0
3169, 22, 0, 60, 58, 0
3169, 22, 1, 61, 6, 0
3169, 22, 2, 7, 15, 1
3169, 22, 2, 10, 32, 1
3169, 22, 0, 11, 54, 1
3169, 22, 1, 12, 14, 1
3169, 22, 3, 12, 18, 1
3169, 22, 0, 12, 53, 1
3169, 22, 0, 16, 55, 1
3169, 22, 2, 20, 31, 1
3169, 22, 2, 20, 36, 1
3169, 22, 2, 20, 48, 1
3169, 22, 1, 20, 52, 1
3169, 22, 0, 21, 8, 1
3169, 22, 1, 40, 31, 1
3169, 22, 0, 42, 37, 1
3169, 22, 3, 43, 28, 1
3169, 22, 1, 43, 54, 1
3169, 22, 0, 46, 36, 1
3169, 22, 1, 47, 19, 1
3169, 22, 3, 47, 49, 1
3169, 22, 0, 48, 50, 1
3169, 22, 0, 49, 12, 1
3169, 22, 0, 51, 16, 1
3169, 22, 2, 51, 32, 1
3169, 22, 2, 58, 13, 1
3170, 22, 2, 3, 8, 0
3170, 22, 0, 3, 10, 0
3170, 22, 0, 3, 15, 0
3170, 22, 1, 3, 17, 0
3170, 22, 1, 3, 29, 0
3170, 22, 3, 3, 34, 0
3170, 22, 3, 3, 37, 0
3170, 22, 3, 4, 7, 0
3170, 22, 1, 4, 9, 0
3170, 22, 0, 4, 17, 0
3170, 22, 1, 4, 27, 0
3170, 22, 0, 4, 28, 0
3170, 22, 2, 4, 35, 0
3170, 22, 0, 4, 38, 0
3170, 22, 1, 4, 44, 0
3170, 22, 3, 4, 57, 0
3170, 22, 0, 5, 6, 0
3170, 22, 3, 5, 20, 0
3170, 22, 3, 5, 26, 0
3170, 22, 2, 5, 58, 0
3170, 22, 2, 6, 21, 0
3170, 22, 3, 6, 39, 0
3170, 22, 3, 6, 58, 0
3170, 22, 1, 7, 5, 0
3170, 22, 1, 7, 24, 0
3170, 22, 2, 7, 40, 0
3170, 22, 3, 7, 43, 0
3170, 22, 1, 8, 20, 0
3170, 22, 0, 12, 5, 0
3170, 22, 2, 14, 5, 0
3170, 22, 3, 27, 21, 0
3170, 22, 2, 27, 40, 0
3170, 22, 3, 28, 20, 0
3170, 22, 1, 28, 39, 0
3170, 22, 0, 29, 6, 0
3170, 22, 2, 29, 18, 0
3170, 22, 2, 29, 19, 0
3170, 22, 2, 29, 27, 0
3170, 22, 0, 29, 40, 0
3170, 22, 0, 29, 43, 0
3170, 22, 2, 30, 7, 0
3170, 22, 1, 30, 17, 0
3170, 22, 2, 30, 20, 0
3170, 22, 0, 30, 24, 0
3170, 22, 3, 30, 26, 0
3170, 22, 3, 30, 39, 0
3170, 22, 2, 30, 44, 0
3170, 22, 3, 30, 47, 0
3170, 22, 1, 30, 49, 0
3170, 22, 3, 31, 7, 0
3170, 22, 1, 31, 45, 0
3170, 22, 0, 31, 46, 0
3170, 22, 0, 31, 48, 0
3170, 22, 3, 34, 18, 0
3170, 22, 2, 34, 24, 0
3170, 22, 0, 34, 26, 0
3170, 22, 3, 34, 28, 0
3170, 22, 2, 35, 7, 0
3170, 22, 3, 35, 18, 0
3170, 22, 1, 35, 25, 0
3170, 22, 1, 35, 26, 0
3170, 22, 2, 35, 29, 0
3170, 22, 2, 35, 39, 0
3170, 22, 1, 35, 58, 0
3170, 22, 0, 36, 6, 0
3170, 22, 0, 36, 18, 0
3170, 22, 3, 36, 20, 0
3170, 22, 0, 36, 24, 0
3170, 22, 0, 36, 27, 0
3170, 22, 3, 36, 37, 0
3170, 22, 2, 37, 20, 0
3170, 22, 0, 37, 21, 0
3170, 22, 0, 37, 26, 0
3170, 22, 3, 37, 38, 0
3170, 22, 3, 37, 39, 0
3170, 22, 3, 38, 5, 0
3170, 22, 1, 39, 5, 0
3170, 22, 1, 39, 40, 0
3170, 22, 0, 42, 43, 0
3170, 22, 0, 42, 59, 0
3170, 22, 1, 44, 21, 0
3170, 22, 0, 45, 40, 0
3170, 22, 0, 48, 21, 0
3170, 22, 3, 48, 40, 0
3170, 22, 0, 48, 43, 0
3170, 22, 1, 51, 40, 0
3170, 22, 2, 56, 59, 0
3170, 22, 3, 58, 21, 0
3170, 22, 0, 58, 24, 0
3170, 22, 1, 58, 43, 0
3170, 22, 0, 59, 58, 0
3170, 22, 1, 60, 6, 0
3170, 22, 0, 60, 25, 0
3170, 22, 3, 60, 39, 0
3170, 22, 2, 60, 44, 0
3170, 22, 3, 60, 57, 0
3170, 22, 0, 61, 7, 0
3170, 22, 0, 61, 19, 0
3170, 22, 0, 61, 26, 0
3170, 22, 0, 61, 38, 0
3170, 22, 2, 61, 39, 0
3170, 22, 3, 61, 45, 0
3170, 22, 2, 61, 47, 0
3170, 22, 3, 61, 57, 0
3170, 22, 0, 62, 8, 0
3170, 22, 0, 62, 48, 0
3170, 22, 2, 6, 15, 1
3170, 22, 0, 6, 32, 1
3170, 22, 0, 6, 47, 1
3170, 22, 1, 6, 52, 1
3170, 22, 3, 6, 54, 1
3170, 22, 0, 6, 55, 1
3170, 22, 3, 7, 14, 1
3170, 22, 1, 7, 33, 1
3170, 22, 1, 7, 48, 1
3170, 22, 0, 7, 50, 1
3170, 22, 3, 7, 51, 1
3170, 22, 1, 8, 10, 1
3170, 22, 0, 8, 14, 1
3170, 22, 2, 8, 15, 1
3170, 22, 1, 8, 16, 1
3170, 22, 0, 9, 9, 1
3170, 22, 2, 9, 11, 1
3170, 22, 3, 10, 10, 1
3170, 22, 1, 10, 14, 1
3170, 22, 0, 10, 33, 1
3170, 22, 3, 10, 54, 1
3170, 22, 0, 11, 13, 1
3170, 22, 1, 11, 15, 1
3170, 22, 1, 11, 18, 1
3170, 22, 2, 11, 29, 1
3170, 22, 1, 11, 32, 1
3170, 22, 2, 11, 38, 1
3170, 22, 0, 11, 53, 1
3170, 22, 2, 11, 57, 1
3170, 22, 2, 12, 8, 1
3170, 22, 3, 12, 13, 1
3170, 22, 2, 12, 15, 1
3170, 22, 2, 12, 17, 1
3170, 22, 0, 12, 19, 1
3170, 22, 3, 12, 37, 1
3170, 22, 1, 12, 39, 1
3170, 22, 2, 12, 55, 1
3170, 22, 1, 13, 7, 1
3170, 22, 3, 13, 8, 1
3170, 22, 3, 13, 9, 1
3170, 22, 0, 13, 14, 1
3170, 22, 3, 13, 17, 1
3170, 22, 3, 13, 18, 1
3170, 22, 0, 13, 26, 1
3170, 22, 2, 13, 35, 1
3170, 22, 0, 13, 38, 1
3170, 22, 0, 13, 53, 1
3170, 22, 1, 13, 54, 1
3170, 22, 0, 14, 8, 1
3170, 22, 2, 14, 10, 1
3170, 22, 3, 14, 27, 1
3170, 22, 3, 14, 29, 1
3170, 22, 3, 14, 34, 1
3170, 22, 0, 14, 44, 1
3170, 22, 3, 14, 50, 1
3170, 22, 3, 14, 57, 1
3170, 22, 1, 15, 9, 1
3170, 22, 2, 15, 19, 1
3170, 22, 2, 15, 28, 1
3170, 22, 1, 15, 30, 1
3170, 22, 2, 15, 45, 1
3170, 22, 3, 15, 46, 1
3170, 22, 0, 15, 49, 1
3170, 22, 3, 16, 13, 1
3170, 22, 3, 16, 18, 1
3170, 22, 1, 16, 20, 1
3170, 22, 2, 16, 30, 1
3170, 22, 0, 16, 36, 1
3170, 22, 0, 17, 12, 1
3170, 22, 0, 17, 19, 1
3170, 22, 2, 17, 44, 1
3170, 22, 2, 18, 14, 1
3170, 22, 3, 19, 30, 1
3170, 22, 1, 19, 32, 1
3170, 22, 1, 19, 36, 1
3170, 22, 3, 19, 47, 1
3170, 22, 0, 19, 55, 1
3170, 22, 0, 20, 8, 1
3170, 22, 2, 20, 15, 1
3170, 22, 2, 20, 18, 1
3170, 22, 0, 20, 37, 1
3170, 22, 2, 20, 46, 1
3170, 22, 2, 20, 51, 1
3170, 22, 1, 20, 54, 1
3170, 22, 3, 20, 56, 1
3170, 22, 1, 21, 7, 1
3170, 22, 3, 21, 9, 1
3170, 22, 2, 21, 12, 1
3170, 22, 3, 21, 14, 1
3170, 22, 1, 21, 16, 1
3170, 22, 1, 21, 46, 1
3170, 22, 0, 21, 48, 1
3170, 22, 1, 21, 52, 1
3170, 22, 2, 21, 55, 1
3170, 22, 2, 22, 8, 1
3170, 22, 0, 22, 11, 1
3170, 22, 1, 22, 13, 1
3170, 22, 0, 22, 15, 1
3170, 22, 3, 22, 47, 1
3170, 22, 1, 22, 56, 1
3170, 22, 0, 23, 12, 1
3170, 22, 3, 23, 33, 1
3170, 22, 3, 23, 53, 1
3170, 22, 0, 24, 32, 1
3170, 22, 2, 24, 34, 1
3170, 22, 2, 24, 47, 1
3170, 22, 2, 24, 52, 1
3170, 22, 0, 24, 54, 1
3170, 22, 1, 25, 28, 1
3170, 22, 3, 25, 35, 1
3170, 22, 1, 25, 50, 1
3170, 22, 1, 25, 53, 1
3170, 22, 1, 26, 15, 1
3170, 22, 2, 26, 27, 1
3170, 22, 0, 26, 29, 1
3170, 22, 1, 26, 34, 1
3170, 22, 2, 26, 36, 1
3170, 22, 3, 26, 46, 1
3170, 22, 1, 26, 49, 1
3170, 22, 2, 26, 50, 1
3170, 22, 3, 27, 11, 1
3170, 22, 2, 27, 28, 1
3170, 22, 1, 27, 35, 1
3170, 22, 1, 27, 55, 1
3170, 22, 0, 28, 10, 1
3170, 22, 2, 28, 12, 1
3170, 22, 0, 28, 54, 1
3170, 22, 1, 29, 11, 1
3170, 22, 0, 36, 50, 1
3170, 22, 2, 37, 11, 1
3170, 22, 1, 37, 15, 1
3170, 22, 1, 37, 29, 1
3170, 22, 2, 37, 35, 1
3170, 22, 1, 37, 48, 1
3170, 22, 1, 37, 53, 1
3170, 22, 1, 38, 10, 1
3170, 22, 3, 38, 12, 1
3170, 22, 0, 38, 14, 1
3170, 22, 2, 38, 16, 1
3170, 22, 2, 38, 47, 1
3170, 22, 1, 38, 49, 1
3170, 22, 1, 39, 11, 1
3170, 22, 3, 39, 15, 1
3170, 22, 3, 39, 31, 1
3170, 22, 2, 39, 34, 1
3170, 22, 0, 39, 48, 1
3170, 22, 0, 40, 30, 1
3170, 22, 2, 40, 32, 1
3170, 22, 1, 40, 33, 1
3170, 22, 3, 40, 35, 1
3170, 22, 1, 41, 32, 1
3170, 22, 0, 41, 34, 1
3170, 22, 0, 41, 37, 1
3170, 22, 0, 42, 7, 1
3170, 22, 3, 42, 19, 1
3170, 22, 0, 42, 28, 1
3170, 22, 3, 42, 36, 1
3170, 22, 1, 42, 38, 1
3170, 22, 1, 42, 45, 1
3170, 22, 2, 42, 49, 1
3170, 22, 3, 43, 8, 1
3170, 22, 1, 43, 16, 1
3170, 22, 1, 43, 27, 1
3170, 22, 3, 43, 29, 1
3170, 22, 2, 43, 37, 1
3170, 22, 1, 43, 53, 1
3170, 22, 3, 43, 56, 1
3170, 22, 2, 44, 7, 1
3170, 22, 0, 44, 15, 1
3170, 22, 2, 44, 28, 1
3170, 22, 0, 44, 55, 1
3170, 22, 0, 45, 11, 1
3170, 22, 0, 45, 36, 1
3170, 22, 0, 45, 44, 1
3170, 22, 2, 45, 47, 1
3170, 22, 1, 46, 6, 1
3170, 22, 0, 46, 11, 1
3170, 22, 2, 46, 19, 1
3170, 22, 3, 46, 32, 1
3170, 22, 1, 46, 35, 1
3170, 22, 3, 46, 37, 1
3170, 22, 3, 46, 49, 1
3170, 22, 0, 46, 51, 1
3170, 22, 2, 47, 10, 1
3170, 22, 3, 47, 12, 1
3170, 22, 3, 47, 20, 1
3170, 22, 0, 47, 31, 1
3170, 22, 3, 47, 33, 1
3170, 22, 2, 47, 36, 1
3170, 22, 2, 47, 48, 1
3170, 22, 2, 47, 50, 1
3170, 22, 2, 47, 55, 1
3170, 22, 2, 48, 11, 1
3170, 22, 0, 48, 19, 1
3170, 22, 0, 48, 27, 1
3170, 22, 1, 48, 32, 1
3170, 22, 2, 48, 49, 1
3170, 22, 1, 48, 51, 1
3170, 22, 1, 48, 54, 1
3170, 22, 1, 49, 9, 1
3170, 22, 1, 49, 26, 1
3170, 22, 3, 49, 28, 1
3170, 22, 0, 49, 50, 1
3170, 22, 2, 49, 58, 1
3170, 22, 2, 50, 8, 1
3170, 22, 0, 50, 10, 1
3170, 22, 1, 50, 16, 1
3170, 22, 2, 50, 27, 1
3170, 22, 0, 50, 32, 1
3170, 22, 0, 50, 39, 1
3170, 22, 3, 51, 9, 1
3170, 22, 3, 51, 15, 1
3170, 22, 3, 51, 33, 1
3170, 22, 3, 51, 36, 1
3170, 22, 2, 52, 32, 1
3170, 22, 2, 52, 37, 1
3170, 22, 2, 52, 46, 1
3170, 22, 3, 52, 52, 1
3170, 22, 0, 53, 15, 1
3170, 22, 2, 53, 29, 1
3170, 22, 1, 53, 35, 1
3170, 22, 3, 53, 48, 1
3170, 22, 1, 53, 54, 1
3170, 22, 3, 54, 16, 1
3170, 22, 1, 54, 35, 1
3170, 22, 1, 54, 37, 1
3170, 22, 3, 54, 45, 1
3170, 22, 2, 54, 47, 1
3170, 22, 0, 54, 50, 1
3170, 22, 0, 54, 54, 1
3170, 22, 3, 55, 9, 1
3170, 22, 2, 55, 18, 1
3170, 22, 3, 55, 28, 1
3170, 22, 0, 55, 29, 1
3170, 22, 0, 55, 35, 1
3170, 22, 2, 55, 48, 1
3170, 22, 0, 55, 56, 1
3170, 22, 1, 56, 10, 1
3170, 22, 1, 56, 14, 1
3170, 22, 1, 57, 28, 1
3170, 22, 3, 57, 31, 1
3170, 22, 0, 57, 35, 1
3170, 22, 1, 57, 52, 1
3170, 22, 0, 58, 12, 1
3170, 22, 2, 58, 14, 1
3170, 22, 2, 58, 32, 1
3170, 22, 3, 58, 33, 1
3170, 22, 0, 58, 46, 1
3170, 22, 3, 59, 13, 1
3170, 22, 1, 59, 30, 1
3170, 22, 2, 59, 48, 1
3170, 22, 0, 59, 53, 1
3171, 22, 0, 3, 6, 0
3171, 22, 2, 3, 9, 0
3171, 22, 2, 3, 18, 0
3171, 22, 0, 3, 35, 0
3171, 22, 1, 3, 36, 0
3171, 22, 0, 3, 38, 0
3171, 22, 2, 3, 45, 0
3171, 22, 2, 3, 57, 0
3171, 22, 0, 4, 19, 0
3171, 22, 1, 4, 24, 0
3171, 22, 0, 4, 26, 0
3171, 22, 2, 4, 40, 0
3171, 22, 3, 4, 43, 0
3171, 22, 2, 4, 58, 0
3171, 22, 0, 5, 21, 0
3171, 22, 1, 5, 59, 0
3171, 22, 2, 6, 5, 0
3171, 22, 2, 6, 24, 0
3171, 22, 1, 6, 40, 0
3171, 22, 3, 28, 19, 0
3171, 22, 1, 28, 25, 0
3171, 22, 1, 28, 40, 0
3171, 22, 3, 28, 59, 0
3171, 22, 2, 29, 5, 0
3171, 22, 3, 30, 6, 0
3171, 22, 0, 30, 25, 0
3171, 22, 0, 30, 40, 0
3171, 22, 2, 30, 43, 0
3171, 22, 1, 30, 46, 0
3171, 22, 3, 30, 48, 0
3171, 22, 0, 30, 58, 0
3171, 22, 0, 31, 6, 0
3171, 22, 2, 31, 38, 0
3171, 22, 3, 31, 40, 0
3171, 22, 1, 34, 7, 0
3171, 22, 3, 34, 58, 0
3171, 22, 1, 35, 6, 0
3171, 22, 2, 35, 24, 0
3171, 22, 3, 35, 28, 0
3171, 22, 2, 35, 44, 0
3171, 22, 0, 36, 19, 0
3171, 22, 2, 36, 21, 0
3171, 22, 1, 36, 26, 0
3171, 22, 1, 36, 38, 0
3171, 22, 2, 36, 59, 0
3171, 22, 1, 37, 5, 0
3171, 22, 0, 51, 43, 0
3171, 22, 0, 51, 59, 0
3171, 22, 2, 54, 59, 0
3171, 22, 3, 57, 59, 0
3171, 22, 3, 58, 59, 0
3171, 22, 1, 60, 5, 0
3171, 22, 2, 60, 21, 0
3171, 22, 3, 60, 24, 0
3171, 22, 2, 60, 40, 0
3171, 22, 0, 60, 43, 0
3171, 22, 1, 61, 5, 0
3171, 22, 3, 61, 20, 0
3171, 22, 0, 61, 25, 0
3171, 22, 1, 61, 44, 0
3171, 22, 3, 61, 58, 0
3171, 22, 2, 62, 6, 0
3171, 22, 1, 62, 7, 0
3171, 22, 2, 62, 18, 0
3171, 22, 3, 62, 26, 0
3171, 22, 3, 62, 38, 0
3171, 22, 0, 62, 45, 0
3171, 22, 0, 62, 57, 0
3171, 22, 2, 6, 48, 1
3171, 22, 2, 7, 16, 1
3171, 22, 1, 8, 46, 1
3171, 22, 2, 9, 10, 1
3171, 22, 0, 9, 36, 1
3171, 22, 2, 10, 31, 1
3171, 22, 0, 10, 49, 1
3171, 22, 0, 11, 14, 1
3171, 22, 3, 12, 7, 1
3171, 22, 0, 12, 38, 1
3171, 22, 0, 12, 54, 1
3171, 22, 1, 13, 27, 1
3171, 22, 1, 13, 34, 1
3171, 22, 0, 14, 9, 1
3171, 22, 2, 15, 29, 1
3171, 22, 3, 16, 19, 1
3171, 22, 3, 17, 55, 1
3171, 22, 0, 19, 31, 1
3171, 22, 2, 19, 52, 1
3171, 22, 2, 20, 47, 1
3171, 22, 1, 20, 55, 1
3171, 22, 2, 21, 15, 1
3171, 22, 2, 21, 36, 1
3171, 22, 3, 21, 38, 1
3171, 22, 3, 21, 47, 1
3171, 22, 1, 22, 12, 1
3171, 22, 1, 24, 33, 1
3171, 22, 1, 24, 53, 1
3171, 22, 1, 25, 18, 1
3171, 22, 0, 25, 45, 1
3171, 22, 1, 26, 28, 1
3171, 22, 0, 26, 35, 1
3171, 22, 3, 26, 47, 1
3171, 22, 2, 26, 55, 1
3171, 22, 0, 26, 56, 1
3171, 22, 2, 27, 48, 1
3171, 22, 1, 28, 11, 1
3171, 22, 1, 38, 11, 1
3171, 22, 2, 38, 15, 1
3171, 22, 2, 39, 52, 1
3171, 22, 2, 40, 34, 1
3171, 22, 3, 41, 11, 1
3171, 22, 1, 41, 31, 1
3171, 22, 1, 42, 48, 1
3171, 22, 0, 43, 7, 1
3171, 22, 1, 43, 15, 1
3171, 22, 3, 43, 55, 1
3171, 22, 0, 45, 37, 1
3171, 22, 3, 46, 50, 1
3171, 22, 0, 47, 11, 1
3171, 22, 3, 47, 32, 1
3171, 22, 3, 48, 45, 1
3171, 22, 2, 48, 55, 1
3171, 22, 3, 49, 27, 1
3171, 22, 1, 50, 9, 1
3171, 22, 3, 53, 16, 1
3171, 22, 2, 53, 36, 1
3171, 22, 2, 53, 52, 1
3171, 22, 0, 54, 29, 1
3171, 22, 2, 54, 36, 1
3171, 22, 0, 54, 48, 1
3171, 22, 2, 54, 55, 1
3171, 22, 1, 54, 56, 1
3171, 22, 2, 55, 10, 1
3171, 22, 1, 55, 55, 1
3171, 22, 1, 58, 31, 1
3172, 22, 1, 1, 44, 1
3172, 22, 2, 5, 42, 1
3172, 22, 0, 14, 23, 1
3172, 22, 3, 21, 41, 1
3172, 22, 1, 26, 23, 1
3172, 22, 3, 30, 42, 1
3172, 22, 0, 32, 44, 1
3172, 22, 0, 32, 61, 1
3172, 22, 3, 33, 31, 1
3172, 22, 3, 35, 60, 1
3172, 22, 2, 39, 42, 1
3172, 22, 1, 47, 41, 1
3172, 22, 1, 57, 23, 1
3172, 22, 1, 59, 3, 1
3173, 22, 3, 3, 54, 0
3173, 22, 0, 4, 55, 0
3173, 22, 3, 4, 56, 0
3173, 22, 2, 5, 57, 0
3173, 22, 1, 6, 57, 0
3173, 22, 0, 7, 58, 0
3173, 22, 3, 8, 59, 0
3173, 22, 3, 11, 59, 0
3173, 22, 1, 17, 43, 0
3173, 22, 1, 17, 59, 0
3173, 22, 1, 20, 59, 0
3173, 22, 1, 35, 8, 0
3173, 22, 0, 35, 9, 0
3173, 22, 3, 35, 57, 0
3173, 22, 3, 36, 8, 0
3173, 22, 2, 36, 57, 0
3173, 22, 1, 36, 58, 0
3173, 22, 1, 37, 6, 0
3173, 22, 0, 37, 58, 0
3173, 22, 0, 39, 59, 0
3173, 22, 2, 1, 6, 1
3173, 22, 2, 1, 7, 1
3173, 22, 0, 1, 8, 1
3173, 22, 0, 1, 18, 1
3173, 22, 2, 1, 19, 1
3173, 22, 3, 1, 21, 1
3173, 22, 3, 1, 22, 1
3173, 22, 2, 1, 24, 1
3173, 22, 3, 1, 28, 1
3173, 22, 3, 1, 33, 1
3173, 22, 1, 1, 36, 1
3173, 22, 0, 1, 41, 1
3173, 22, 1, 1, 42, 1
3173, 22, 3, 1, 52, 1
3173, 22, 0, 1, 56, 1
3173, 22, 3, 2, 3, 1
3173, 22, 1, 2, 7, 1
3173, 22, 1, 2, 19, 1
3173, 22, 0, 2, 21, 1
3173, 22, 1, 2, 23, 1
3173, 22, 2, 2, 32, 1
3173, 22, 0, 2, 34, 1
3173, 22, 2, 2, 42, 1
3173, 22, 1, 2, 43, 1
3173, 22, 1, 2, 44, 1
3173, 22, 1, 2, 46, 1
3173, 22, 2, 2, 47, 1
3173, 22, 0, 2, 48, 1
3173, 22, 2, 2, 51, 1
3173, 22, 2, 2, 53, 1
3173, 22, 0, 2, 60, 1
3173, 22, 2, 3, 3, 1
3173, 22, 2, 3, 4, 1
3173, 22, 0, 3, 23, 1
3173, 22, 0, 3, 61, 1
3173, 22, 1, 4, 3, 1
3173, 22, 3, 4, 42, 1
3173, 22, 3, 4, 60, 1
3173, 22, 0, 5, 4, 1
3173, 22, 2, 5, 41, 1
3173, 22, 2, 5, 60, 1
3173, 22, 3, 6, 3, 1
3173, 22, 3, 6, 4, 1
3173, 22, 3, 6, 42, 1
3173, 22, 2, 7, 4, 1
3173, 22, 3, 7, 61, 1
3173, 22, 1, 8, 3, 1
3173, 22, 3, 8, 23, 1
3173, 22, 3, 9, 3, 1
3173, 22, 2, 9, 22, 1
3173, 22, 2, 10, 42, 1
3173, 22, 2, 11, 60, 1
3173, 22, 3, 12, 61, 1
3173, 22, 2, 13, 23, 1
3173, 22, 1, 13, 41, 1
3173, 22, 1, 14, 22, 1
3173, 22, 0, 14, 42, 1
3173, 22, 1, 14, 60, 1
3173, 22, 0, 15, 23, 1
3173, 22, 0, 15, 41, 1
3173, 22, 0, 17, 61, 1
3173, 22, 2, 18, 3, 1
3173, 22, 3, 18, 4, 1
3173, 22, 1, 18, 41, 1
3173, 22, 0, 19, 3, 1
3173, 22, 1, 20, 4, 1
3173, 22, 1, 20, 41, 1
3173, 22, 2, 21, 3, 1
3173, 22, 1, 21, 22, 1
3173, 22, 3, 21, 42, 1
3173, 22, 3, 21, 61, 1
3173, 22, 3, 22, 4, 1
3173, 22, 0, 22, 41, 1
3173, 22, 0, 23, 3, 1
3173, 22, 2, 23, 61, 1
3173, 22, 3, 25, 23, 1
3173, 22, 0, 26, 22, 1
3173, 22, 0, 27, 42, 1
3173, 22, 3, 27, 60, 1
3173, 22, 3, 28, 4, 1
3173, 22, 3, 28, 41, 1
3173, 22, 1, 28, 61, 1
3173, 22, 0, 29, 3, 1
3173, 22, 1, 29, 60, 1
3173, 22, 2, 30, 4, 1
3173, 22, 1, 31, 3, 1
3173, 22, 3, 31, 39, 1
3173, 22, 2, 32, 4, 1
3173, 22, 3, 32, 6, 1
3173, 22, 2, 32, 10, 1
3173, 22, 0, 32, 12, 1
3173, 22, 2, 32, 15, 1
3173, 22, 0, 32, 23, 1
3173, 22, 0, 32, 25, 1
3173, 22, 0, 32, 31, 1
3173, 22, 2, 32, 35, 1
3173, 22, 2, 32, 43, 1
3173, 22, 0, 32, 52, 1
3173, 22, 3, 32, 53, 1
3173, 22, 0, 32, 56, 1
3173, 22, 2, 32, 57, 1
3173, 22, 3, 33, 3, 1
3173, 22, 1, 33, 5, 1
3173, 22, 0, 33, 7, 1
3173, 22, 1, 33, 11, 1
3173, 22, 3, 33, 14, 1
3173, 22, 1, 33, 17, 1
3173, 22, 1, 33, 24, 1
3173, 22, 0, 33, 30, 1
3173, 22, 2, 33, 32, 1
3173, 22, 3, 33, 34, 1
3173, 22, 1, 33, 37, 1
3173, 22, 1, 33, 44, 1
3173, 22, 1, 33, 51, 1
3173, 22, 0, 33, 56, 1
3173, 22, 1, 33, 58, 1
3173, 22, 1, 34, 23, 1
3173, 22, 1, 34, 38, 1
3173, 22, 1, 34, 39, 1
3173, 22, 2, 34, 60, 1
3173, 22, 2, 35, 21, 1
3173, 22, 3, 35, 42, 1
3173, 22, 3, 35, 61, 1
3173, 22, 2, 36, 23, 1
3173, 22, 0, 36, 60, 1
3173, 22, 1, 38, 42, 1
3173, 22, 2, 39, 41, 1
3173, 22, 0, 39, 61, 1
3173, 22, 1, 40, 4, 1
3173, 22, 0, 40, 23, 1
3173, 22, 3, 40, 42, 1
3173, 22, 2, 40, 60, 1
3173, 22, 1, 41, 3, 1
3173, 22, 3, 41, 42, 1
3173, 22, 3, 41, 61, 1
3173, 22, 0, 42, 3, 1
3173, 22, 0, 42, 4, 1
3173, 22, 2, 43, 22, 1
3173, 22, 2, 44, 3, 1
3173, 22, 3, 45, 61, 1
3173, 22, 1, 46, 41, 1
3173, 22, 2, 46, 60, 1
3173, 22, 3, 47, 3, 1
3173, 22, 2, 47, 42, 1
3173, 22, 1, 47, 61, 1
3173, 22, 3, 48, 22, 1
3173, 22, 1, 48, 41, 1
3173, 22, 0, 49, 4, 1
3173, 22, 0, 51, 22, 1
3173, 22, 1, 51, 61, 1
3173, 22, 1, 52, 4, 1
3173, 22, 1, 52, 23, 1
3173, 22, 0, 52, 42, 1
3173, 22, 2, 53, 3, 1
3173, 22, 2, 53, 22, 1
3173, 22, 3, 53, 41, 1
3173, 22, 3, 54, 4, 1
3173, 22, 2, 54, 42, 1
3173, 22, 2, 54, 60, 1
3173, 22, 1, 55, 61, 1
3173, 22, 2, 56, 4, 1
3173, 22, 0, 56, 60, 1
3173, 22, 1, 57, 3, 1
3173, 22, 3, 58, 3, 1
3173, 22, 0, 58, 4, 1
3173, 22, 1, 58, 22, 1
3173, 22, 1, 58, 41, 1
3173, 22, 0, 59, 4, 1
3173, 22, 3, 59, 23, 1
3173, 22, 0, 59, 42, 1
3173, 22, 1, 60, 3, 1
3173, 22, 2, 60, 4, 1
3173, 22, 3, 60, 22, 1
3173, 22, 2, 60, 41, 1
3173, 22, 3, 60, 61, 1
3173, 22, 1, 61, 41, 1
3173, 22, 2, 61, 60, 1
3173, 22, 0, 62, 4, 1
3173, 22, 3, 63, 6, 1
3173, 22, 2, 63, 8, 1
3173, 22, 1, 63, 10, 1
3173, 22, 0, 63, 19, 1
3173, 22, 3, 63, 23, 1
3173, 22, 2, 63, 24, 1
3173, 22, 2, 63, 25, 1
3173, 22, 1, 63, 32, 1
3173, 22, 1, 63, 34, 1
3173, 22, 0, 63, 37, 1
3173, 22, 2, 63, 42, 1
3174, 22, 3, 14, 43, 0
3174, 22, 3, 29, 46, 0
3174, 22, 3, 36, 56, 0
3174, 22, 3, 1, 20, 1
3174, 22, 2, 1, 23, 1
3174, 22, 2, 1, 43, 1
3174, 22, 0, 1, 47, 1
3174, 22, 2, 1, 57, 1
3174, 22, 2, 2, 12, 1
3174, 22, 3, 2, 52, 1
3174, 22, 1, 4, 61, 1
3174, 22, 3, 7, 3, 1
3174, 22, 1, 12, 60, 1
3174, 22, 0, 14, 41, 1
3174, 22, 0, 19, 4, 1
3174, 22, 1, 22, 3, 1
3174, 22, 0, 22, 61, 1
3174, 22, 3, 28, 60, 1
3174, 22, 2, 29, 4, 1
3174, 22, 2, 30, 22, 1
3174, 22, 0, 32, 3, 1
3174, 22, 0, 32, 11, 1
3174, 22, 3, 32, 20, 1
3174, 22, 0, 32, 48, 1
3174, 22, 1, 33, 6, 1
3174, 22, 1, 33, 36, 1
3174, 22, 1, 33, 52, 1
3174, 22, 3, 33, 57, 1
3174, 22, 2, 33, 61, 1
3174, 22, 3, 40, 61, 1
3174, 22, 1, 41, 4, 1
3174, 22, 2, 43, 3, 1
3174, 22, 0, 43, 23, 1
3174, 22, 2, 46, 61, 1
3174, 22, 2, 52, 22, 1
3174, 22, 3, 53, 4, 1
3174, 22, 1, 53, 42, 1
3174, 22, 1, 55, 60, 1
3174, 22, 3, 57, 4, 1
3174, 22, 1, 58, 23, 1
3174, 22, 2, 59, 41, 1
3174, 22, 3, 61, 22, 1
3174, 22, 3, 63, 54, 1
3201, 22, 0, 3, 8, 1
3201, 22, 0, 3, 9, 1
3201, 22, 0, 3, 12, 1
3201, 22, 0, 3, 13, 1
3201, 22, 0, 3, 14, 1
3201, 22, 0, 3, 17, 1
3201, 22, 0, 3, 18, 1
3201, 22, 0, 3, 27, 1
3201, 22, 0, 3, 28, 1
3201, 22, 0, 3, 31, 1
3201, 22, 0, 3, 32, 1
3201, 22, 0, 3, 33, 1
3201, 22, 0, 3, 36, 1
3201, 22, 0, 3, 37, 1
3201, 22, 0, 3, 46, 1
3201, 22, 0, 3, 47, 1
3201, 22, 0, 3, 50, 1
3201, 22, 0, 3, 51, 1
3201, 22, 0, 3, 52, 1
3201, 22, 0, 3, 55, 1
3201, 22, 0, 3, 56, 1
3201, 22, 2, 5, 9, 1
3201, 22, 2, 5, 10, 1
3201, 22, 2, 5, 16, 1
3201, 22, 2, 5, 17, 1
3201, 22, 2, 5, 28, 1
3201, 22, 2, 5, 29, 1
3201, 22, 2, 5, 35, 1
3201, 22, 2, 5, 36, 1
3201, 22, 0, 5, 47, 1
3201, 22, 0, 5, 48, 1
3201, 22, 0, 5, 54, 1
3201, 22, 0, 5, 55, 1
3201, 22, 0, 6, 5, 1
3201, 22, 2, 6, 8, 1
3201, 22, 2, 6, 18, 1
3201, 22, 0, 6, 21, 1
3201, 22, 0, 6, 24, 1
3201, 22, 2, 6, 27, 1
3201, 22, 2, 6, 37, 1
3201, 22, 0, 6, 40, 1
3201, 22, 0, 6, 43, 1
3201, 22, 0, 6, 46, 1
3201, 22, 0, 6, 56, 1
3201, 22, 0, 6, 59, 1
3201, 22, 0, 7, 5, 1
3201, 22, 2, 7, 7, 1
3201, 22, 2, 7, 19, 1
3201, 22, 0, 7, 21, 1
3201, 22, 0, 7, 24, 1
3201, 22, 2, 7, 26, 1
3201, 22, 2, 7, 38, 1
3201, 22, 0, 7, 40, 1
3201, 22, 0, 7, 43, 1
3201, 22, 0, 7, 45, 1
3201, 22, 0, 7, 57, 1
3201, 22, 0, 7, 59, 1
3201, 22, 2, 8, 7, 1
3201, 22, 2, 8, 19, 1
3201, 22, 2, 8, 26, 1
3201, 22, 2, 8, 38, 1
3201, 22, 0, 8, 45, 1
3201, 22, 0, 8, 57, 1
3201, 22, 0, 9, 5, 1
3201, 22, 2, 9, 6, 1
3201, 22, 2, 9, 20, 1
3201, 22, 0, 9, 21, 1
3201, 22, 0, 9, 24, 1
3201, 22, 2, 9, 25, 1
3201, 22, 2, 9, 39, 1
3201, 22, 0, 9, 40, 1
3201, 22, 0, 9, 43, 1
3201, 22, 0, 9, 44, 1
3201, 22, 0, 9, 58, 1
3201, 22, 0, 9, 59, 1
3201, 22, 0, 10, 5, 1
3201, 22, 2, 10, 6, 1
3201, 22, 2, 10, 20, 1
3201, 22, 0, 10, 21, 1
3201, 22, 0, 10, 24, 1
3201, 22, 2, 10, 25, 1
3201, 22, 2, 10, 39, 1
3201, 22, 0, 10, 40, 1
3201, 22, 0, 10, 43, 1
3201, 22, 0, 10, 44, 1
3201, 22, 0, 10, 58, 1
3201, 22, 0, 10, 59, 1
3201, 22, 0, 12, 5, 1
3201, 22, 0, 12, 21, 1
3201, 22, 0, 12, 24, 1
3201, 22, 0, 12, 40, 1
3201, 22, 0, 12, 43, 1
3201, 22, 0, 12, 59, 1
3201, 22, 0, 13, 5, 1
3201, 22, 0, 13, 21, 1
3201, 22, 0, 13, 24, 1
3201, 22, 0, 13, 40, 1
3201, 22, 0, 13, 43, 1
3201, 22, 0, 13, 59, 1
3201, 22, 0, 15, 5, 1
3201, 22, 0, 15, 21, 1
3201, 22, 0, 15, 24, 1
3201, 22, 0, 15, 40, 1
3201, 22, 0, 15, 43, 1
3201, 22, 0, 15, 59, 1
3201, 22, 0, 16, 5, 1
3201, 22, 0, 16, 21, 1
3201, 22, 0, 16, 24, 1
3201, 22, 0, 16, 40, 1
3201, 22, 0, 16, 43, 1
3201, 22, 0, 16, 59, 1
3201, 22, 0, 18, 5, 1
3201, 22, 0, 18, 21, 1
3201, 22, 0, 18, 24, 1
3201, 22, 0, 18, 40, 1
3201, 22, 0, 18, 43, 1
3201, 22, 0, 18, 59, 1
3201, 22, 0, 19, 5, 1
3201, 22, 0, 19, 21, 1
3201, 22, 0, 19, 24, 1
3201, 22, 0, 19, 40, 1
3201, 22, 0, 19, 43, 1
3201, 22, 0, 19, 59, 1
3201, 22, 0, 21, 5, 1
3201, 22, 0, 21, 21, 1
3201, 22, 0, 21, 24, 1
3201, 22, 0, 21, 40, 1
3201, 22, 0, 21, 43, 1
3201, 22, 0, 21, 59, 1
3201, 22, 0, 22, 5, 1
3201, 22, 0, 22, 21, 1
3201, 22, 0, 22, 24, 1
3201, 22, 0, 22, 40, 1
3201, 22, 0, 22, 43, 1
3201, 22, 0, 22, 59, 1
3201, 22, 0, 24, 5, 1
3201, 22, 2, 24, 6, 1
3201, 22, 2, 24, 20, 1
3201, 22, 0, 24, 21, 1
3201, 22, 0, 24, 24, 1
3201, 22, 2, 24, 25, 1
3201, 22, 2, 24, 39, 1
3201, 22, 0, 24, 40, 1
3201, 22, 0, 24, 43, 1
3201, 22, 0, 24, 44, 1
3201, 22, 0, 24, 58, 1
3201, 22, 0, 24, 59, 1
3201, 22, 0, 25, 5, 1
3201, 22, 2, 25, 6, 1
3201, 22, 2, 25, 20, 1
3201, 22, 0, 25, 21, 1
3201, 22, 0, 25, 24, 1
3201, 22, 2, 25, 25, 1
3201, 22, 2, 25, 39, 1
3201, 22, 0, 25, 40, 1
3201, 22, 0, 25, 43, 1
3201, 22, 0, 25, 44, 1
3201, 22, 0, 25, 58, 1
3201, 22, 0, 25, 59, 1
3201, 22, 2, 26, 7, 1
3201, 22, 2, 26, 19, 1
3201, 22, 2, 26, 26, 1
3201, 22, 2, 26, 38, 1
3201, 22, 0, 26, 45, 1
3201, 22, 0, 26, 57, 1
3201, 22, 0, 27, 5, 1
3201, 22, 2, 27, 7, 1
3201, 22, 2, 27, 19, 1
3201, 22, 2, 27, 26, 1
3201, 22, 2, 27, 38, 1
3201, 22, 0, 27, 45, 1
3201, 22, 0, 27, 57, 1
3201, 22, 0, 27, 59, 1
3201, 22, 0, 28, 5, 1
3201, 22, 2, 28, 8, 1
3201, 22, 2, 28, 18, 1
3201, 22, 2, 28, 21, 1
3201, 22, 2, 28, 24, 1
3201, 22, 2, 28, 27, 1
3201, 22, 2, 28, 37, 1
3201, 22, 2, 28, 40, 1
3201, 22, 2, 28, 43, 1
3201, 22, 0, 28, 46, 1
3201, 22, 0, 28, 56, 1
3201, 22, 0, 28, 59, 1
3201, 22, 2, 29, 9, 1
3201, 22, 2, 29, 10, 1
3201, 22, 2, 29, 16, 1
3201, 22, 2, 29, 17, 1
3201, 22, 2, 29, 20, 1
3201, 22, 2, 29, 25, 1
3201, 22, 2, 29, 28, 1
3201, 22, 2, 29, 29, 1
3201, 22, 2, 29, 35, 1
3201, 22, 2, 29, 36, 1
3201, 22, 2, 29, 39, 1
3201, 22, 2, 29, 44, 1
3201, 22, 0, 29, 47, 1
3201, 22, 0, 29, 48, 1
3201, 22, 0, 29, 54, 1
3201, 22, 0, 29, 55, 1
3201, 22, 2, 30, 19, 1
3201, 22, 2, 30, 26, 1
3201, 22, 2, 30, 38, 1
3201, 22, 2, 30, 45, 1
3201, 22, 0, 31, 8, 1
3201, 22, 0, 31, 9, 1
3201, 22, 0, 31, 12, 1
3201, 22, 0, 31, 13, 1
3201, 22, 0, 31, 14, 1
3201, 22, 2, 31, 18, 1
3201, 22, 2, 31, 27, 1
3201, 22, 0, 31, 31, 1
3201, 22, 0, 31, 32, 1
3201, 22, 0, 31, 33, 1
3201, 22, 2, 31, 37, 1
3201, 22, 2, 31, 46, 1
3201, 22, 0, 31, 50, 1
3201, 22, 0, 31, 51, 1
3201, 22, 0, 31, 52, 1
3201, 22, 0, 31, 55, 1
3201, 22, 0, 31, 56, 1
3201, 22, 0, 34, 8, 1
3201, 22, 0, 34, 9, 1
3201, 22, 0, 34, 12, 1
3201, 22, 0, 34, 13, 1
3201, 22, 0, 34, 14, 1
3201, 22, 2, 34, 18, 1
3201, 22, 2, 34, 27, 1
3201, 22, 0, 34, 31, 1
3201, 22, 0, 34, 32, 1
3201, 22, 0, 34, 33, 1
3201, 22, 2, 34, 37, 1
3201, 22, 2, 34, 46, 1
3201, 22, 0, 34, 50, 1
3201, 22, 0, 34, 51, 1
3201, 22, 0, 34, 52, 1
3201, 22, 0, 34, 55, 1
3201, 22, 0, 34, 56, 1
3201, 22, 2, 35, 19, 1
3201, 22, 2, 35, 26, 1
3201, 22, 2, 35, 38, 1
3201, 22, 2, 35, 45, 1
3201, 22, 2, 36, 9, 1
3201, 22, 2, 36, 10, 1
3201, 22, 2, 36, 16, 1
3201, 22, 2, 36, 17, 1
3201, 22, 2, 36, 20, 1
3201, 22, 2, 36, 25, 1
3201, 22, 2, 36, 28, 1
3201, 22, 2, 36, 29, 1
3201, 22, 2, 36, 35, 1
3201, 22, 2, 36, 36, 1
3201, 22, 2, 36, 39, 1
3201, 22, 2, 36, 44, 1
3201, 22, 2, 36, 47, 1
3201, 22, 2, 36, 48, 1
3201, 22, 2, 36, 54, 1
3201, 22, 2, 36, 55, 1
3201, 22, 0, 37, 5, 1
3201, 22, 2, 37, 8, 1
3201, 22, 2, 37, 18, 1
3201, 22, 2, 37, 21, 1
3201, 22, 2, 37, 24, 1
3201, 22, 2, 37, 27, 1
3201, 22, 2, 37, 37, 1
3201, 22, 2, 37, 40, 1
3201, 22, 2, 37, 43, 1
3201, 22, 2, 37, 46, 1
3201, 22, 2, 37, 56, 1
3201, 22, 0, 37, 59, 1
3201, 22, 0, 38, 5, 1
3201, 22, 2, 38, 7, 1
3201, 22, 2, 38, 19, 1
3201, 22, 2, 38, 26, 1
3201, 22, 2, 38, 38, 1
3201, 22, 2, 38, 45, 1
3201, 22, 2, 38, 57, 1
3201, 22, 0, 38, 59, 1
3201, 22, 2, 39, 7, 1
3201, 22, 2, 39, 19, 1
3201, 22, 2, 39, 26, 1
3201, 22, 2, 39, 38, 1
3201, 22, 2, 39, 45, 1
3201, 22, 2, 39, 57, 1
3201, 22, 0, 39, 59, 1
3201, 22, 0, 40, 5, 1
3201, 22, 2, 40, 6, 1
3201, 22, 2, 40, 20, 1
3201, 22, 0, 40, 21, 1
3201, 22, 0, 40, 24, 1
3201, 22, 2, 40, 25, 1
3201, 22, 2, 40, 39, 1
3201, 22, 0, 40, 40, 1
3201, 22, 0, 40, 43, 1
3201, 22, 2, 40, 44, 1
3201, 22, 2, 40, 58, 1
3201, 22, 0, 40, 59, 1
3201, 22, 0, 41, 5, 1
3201, 22, 2, 41, 6, 1
3201, 22, 2, 41, 20, 1
3201, 22, 0, 41, 21, 1
3201, 22, 0, 41, 24, 1
3201, 22, 2, 41, 25, 1
3201, 22, 2, 41, 39, 1
3201, 22, 0, 41, 40, 1
3201, 22, 0, 41, 43, 1
3201, 22, 2, 41, 44, 1
3201, 22, 2, 41, 58, 1
3201, 22, 0, 41, 59, 1
3201, 22, 0, 43, 5, 1
3201, 22, 0, 43, 21, 1
3201, 22, 0, 43, 24, 1
3201, 22, 0, 43, 40, 1
3201, 22, 0, 43, 43, 1
3201, 22, 0, 43, 59, 1
3201, 22, 0, 44, 5, 1
3201, 22, 0, 44, 21, 1
3201, 22, 0, 44, 24, 1
3201, 22, 0, 44, 40, 1
3201, 22, 0, 44, 43, 1
3201, 22, 0, 44, 59, 1
3201, 22, 0, 46, 5, 1
3201, 22, 0, 46, 21, 1
3201, 22, 0, 46, 24, 1
3201, 22, 0, 46, 40, 1
3201, 22, 0, 46, 43, 1
3201, 22, 0, 46, 59, 1
3201, 22, 0, 47, 5, 1
3201, 22, 0, 47, 21, 1
3201, 22, 0, 47, 24, 1
3201, 22, 0, 47, 40, 1
3201, 22, 0, 47, 43, 1
3201, 22, 0, 47, 59, 1
3201, 22, 0, 49, 5, 1
3201, 22, 0, 49, 21, 1
3201, 22, 0, 49, 24, 1
3201, 22, 0, 49, 40, 1
3201, 22, 0, 49, 43, 1
3201, 22, 0, 49, 59, 1
3201, 22, 0, 50, 5, 1
3201, 22, 0, 50, 21, 1
3201, 22, 0, 50, 24, 1
3201, 22, 0, 50, 40, 1
3201, 22, 0, 50, 43, 1
3201, 22, 0, 50, 59, 1
3201, 22, 0, 52, 5, 1
3201, 22, 0, 52, 21, 1
3201, 22, 0, 52, 24, 1
3201, 22, 0, 52, 40, 1
3201, 22, 0, 52, 43, 1
3201, 22, 0, 52, 59, 1
3201, 22, 0, 53, 5, 1
3201, 22, 0, 53, 21, 1
3201, 22, 0, 53, 24, 1
3201, 22, 0, 53, 40, 1
3201, 22, 0, 53, 43, 1
3201, 22, 0, 53, 59, 1
3201, 22, 0, 55, 5, 1
3201, 22, 2, 55, 6, 1
3201, 22, 2, 55, 20, 1
3201, 22, 0, 55, 21, 1
3201, 22, 0, 55, 24, 1
3201, 22, 2, 55, 25, 1
3201, 22, 2, 55, 39, 1
3201, 22, 0, 55, 40, 1
3201, 22, 0, 55, 43, 1
3201, 22, 2, 55, 44, 1
3201, 22, 2, 55, 58, 1
3201, 22, 0, 55, 59, 1
3201, 22, 0, 56, 5, 1
3201, 22, 2, 56, 6, 1
3201, 22, 2, 56, 20, 1
3201, 22, 0, 56, 21, 1
3201, 22, 0, 56, 24, 1
3201, 22, 2, 56, 25, 1
3201, 22, 2, 56, 39, 1
3201, 22, 0, 56, 40, 1
3201, 22, 0, 56, 43, 1
3201, 22, 2, 56, 44, 1
3201, 22, 2, 56, 58, 1
3201, 22, 0, 56, 59, 1
3201, 22, 2, 57, 7, 1
3201, 22, 2, 57, 19, 1
3201, 22, 2, 57, 26, 1
3201, 22, 2, 57, 38, 1
3201, 22, 2, 57, 45, 1
3201, 22, 2, 57, 57, 1
3201, 22, 0, 58, 5, 1
3201, 22, 2, 58, 7, 1
3201, 22, 2, 58, 19, 1
3201, 22, 0, 58, 21, 1
3201, 22, 0, 58, 24, 1
3201, 22, 2, 58, 26, 1
3201, 22, 2, 58, 38, 1
3201, 22, 0, 58, 40, 1
3201, 22, 0, 58, 43, 1
3201, 22, 2, 58, 45, 1
3201, 22, 2, 58, 57, 1
3201, 22, 0, 58, 59, 1
3201, 22, 0, 59, 5, 1
3201, 22, 2, 59, 8, 1
3201, 22, 2, 59, 18, 1
3201, 22, 0, 59, 21, 1
3201, 22, 0, 59, 24, 1
3201, 22, 2, 59, 27, 1
3201, 22, 2, 59, 37, 1
3201, 22, 0, 59, 40, 1
3201, 22, 0, 59, 43, 1
3201, 22, 2, 59, 46, 1
3201, 22, 2, 59, 56, 1
3201, 22, 0, 59, 59, 1
3201, 22, 2, 60, 9, 1
3201, 22, 2, 60, 10, 1
3201, 22, 2, 60, 16, 1
3201, 22, 2, 60, 17, 1
3201, 22, 2, 60, 28, 1
3201, 22, 2, 60, 29, 1
3201, 22, 2, 60, 35, 1
3201, 22, 2, 60, 36, 1
3201, 22, 2, 60, 47, 1
3201, 22, 2, 60, 48, 1
3201, 22, 2, 60, 54, 1
3201, 22, 2, 60, 55, 1
3201, 22, 0, 62, 8, 1
3201, 22, 0, 62, 9, 1
3201, 22, 0, 62, 12, 1
3201, 22, 0, 62, 13, 1
3201, 22, 0, 62, 14, 1
3201, 22, 0, 62, 17, 1
3201, 22, 0, 62, 18, 1
3201, 22, 0, 62, 27, 1
3201, 22, 0, 62, 28, 1
3201, 22, 0, 62, 31, 1
3201, 22, 0, 62, 32, 1
3201, 22, 0, 62, 33, 1
3201, 22, 0, 62, 36, 1
3201, 22, 0, 62, 37, 1
3201, 22, 0, 62, 46, 1
3201, 22, 0, 62, 47, 1
3201, 22, 0, 62, 50, 1
3201, 22, 0, 62, 51, 1
3201, 22, 0, 62, 52, 1
3201, 22, 0, 62, 55, 1
3201, 22, 0, 62, 56, 1
3202, 22, 0, 1, 3, 1
3202, 22, 0, 1, 4, 1
3202, 22, 0, 1, 5, 1
3202, 22, 0, 1, 9, 1
3202, 22, 0, 1, 10, 1
3202, 22, 0, 1, 11, 1
3202, 22, 0, 1, 12, 1
3202, 22, 0, 1, 13, 1
3202, 22, 0, 1, 14, 1
3202, 22, 0, 1, 15, 1
3202, 22, 0, 1, 16, 1
3202, 22, 0, 1, 17, 1
3202, 22, 0, 1, 25, 1
3202, 22, 0, 1, 26, 1
3202, 22, 0, 1, 27, 1
3202, 22, 0, 1, 29, 1
3202, 22, 0, 1, 30, 1
3202, 22, 0, 1, 31, 1
3202, 22, 0, 1, 32, 1
3202, 22, 0, 1, 34, 1
3202, 22, 0, 1, 35, 1
3202, 22, 0, 1, 37, 1
3202, 22, 0, 1, 38, 1
3202, 22, 0, 1, 39, 1
3202, 22, 0, 1, 40, 1
3202, 22, 0, 1, 45, 1
3202, 22, 0, 1, 46, 1
3202, 22, 0, 1, 48, 1
3202, 22, 0, 1, 49, 1
3202, 22, 0, 1, 50, 1
3202, 22, 0, 1, 51, 1
3202, 22, 0, 1, 53, 1
3202, 22, 0, 1, 54, 1
3202, 22, 0, 1, 55, 1
3202, 22, 0, 1, 58, 1
3202, 22, 0, 1, 59, 1
3202, 22, 0, 1, 60, 1
3202, 22, 0, 1, 61, 1
3202, 22, 0, 2, 4, 1
3202, 22, 0, 2, 5, 1
3202, 22, 0, 2, 6, 1
3202, 22, 0, 2, 8, 1
3202, 22, 0, 2, 9, 1
3202, 22, 0, 2, 10, 1
3202, 22, 0, 2, 11, 1
3202, 22, 0, 2, 13, 1
3202, 22, 0, 2, 14, 1
3202, 22, 0, 2, 15, 1
3202, 22, 0, 2, 16, 1
3202, 22, 0, 2, 17, 1
3202, 22, 0, 2, 18, 1
3202, 22, 0, 2, 20, 1
3202, 22, 0, 2, 22, 1
3202, 22, 0, 2, 24, 1
3202, 22, 0, 2, 25, 1
3202, 22, 0, 2, 26, 1
3202, 22, 0, 2, 27, 1
3202, 22, 0, 2, 28, 1
3202, 22, 0, 2, 29, 1
3202, 22, 0, 2, 30, 1
3202, 22, 0, 2, 31, 1
3202, 22, 0, 2, 33, 1
3202, 22, 0, 2, 35, 1
3202, 22, 0, 2, 36, 1
3202, 22, 0, 2, 37, 1
3202, 22, 0, 2, 38, 1
3202, 22, 0, 2, 39, 1
3202, 22, 0, 2, 40, 1
3202, 22, 0, 2, 41, 1
3202, 22, 0, 2, 45, 1
3202, 22, 0, 2, 49, 1
3202, 22, 0, 2, 50, 1
3202, 22, 0, 2, 54, 1
3202, 22, 0, 2, 55, 1
3202, 22, 0, 2, 56, 1
3202, 22, 0, 2, 57, 1
3202, 22, 0, 2, 58, 1
3202, 22, 0, 2, 59, 1
3202, 22, 0, 2, 61, 1
3202, 22, 0, 3, 22, 1
3202, 22, 0, 3, 41, 1
3202, 22, 0, 3, 42, 1
3202, 22, 0, 3, 60, 1
3202, 22, 0, 4, 4, 1
3202, 22, 0, 4, 22, 1
3202, 22, 0, 4, 23, 1
3202, 22, 0, 4, 41, 1
3202, 22, 0, 5, 3, 1
3202, 22, 0, 5, 22, 1
3202, 22, 0, 5, 23, 1
3202, 22, 0, 5, 61, 1
3202, 22, 0, 6, 22, 1
3202, 22, 0, 6, 23, 1
3202, 22, 0, 6, 41, 1
3202, 22, 0, 6, 60, 1
3202, 22, 0, 6, 61, 1
3202, 22, 0, 7, 22, 1
3202, 22, 0, 7, 23, 1
3202, 22, 0, 7, 41, 1
3202, 22, 0, 7, 42, 1
3202, 22, 0, 7, 60, 1
3202, 22, 0, 8, 4, 1
3202, 22, 0, 8, 22, 1
3202, 22, 0, 8, 41, 1
3202, 22, 0, 8, 42, 1
3202, 22, 0, 8, 60, 1
3202, 22, 0, 8, 61, 1
3202, 22, 0, 9, 4, 1
3202, 22, 0, 9, 23, 1
3202, 22, 0, 9, 41, 1
3202, 22, 0, 9, 42, 1
3202, 22, 0, 9, 60, 1
3202, 22, 0, 9, 61, 1
3202, 22, 0, 10, 3, 1
3202, 22, 0, 10, 4, 1
3202, 22, 0, 10, 22, 1
3202, 22, 0, 10, 23, 1
3202, 22, 0, 10, 41, 1
3202, 22, 0, 10, 60, 1
3202, 22, 0, 10, 61, 1
3202, 22, 0, 11, 3, 1
3202, 22, 0, 11, 4, 1
3202, 22, 0, 11, 22, 1
3202, 22, 0, 11, 23, 1
3202, 22, 0, 11, 41, 1
3202, 22, 0, 11, 42, 1
3202, 22, 0, 11, 61, 1
3202, 22, 0, 12, 3, 1
3202, 22, 0, 12, 4, 1
3202, 22, 0, 12, 22, 1
3202, 22, 0, 12, 23, 1
3202, 22, 0, 12, 41, 1
3202, 22, 0, 12, 42, 1
3202, 22, 0, 13, 3, 1
3202, 22, 0, 13, 4, 1
3202, 22, 0, 13, 22, 1
3202, 22, 0, 13, 42, 1
3202, 22, 0, 13, 60, 1
3202, 22, 0, 13, 61, 1
3202, 22, 0, 14, 3, 1
3202, 22, 0, 14, 4, 1
3202, 22, 0, 14, 61, 1
3202, 22, 0, 15, 3, 1
3202, 22, 0, 15, 4, 1
3202, 22, 0, 15, 22, 1
3202, 22, 0, 15, 42, 1
3202, 22, 0, 15, 60, 1
3202, 22, 0, 15, 61, 1
3202, 22, 0, 16, 3, 1
3202, 22, 0, 16, 4, 1
3202, 22, 0, 16, 22, 1
3202, 22, 0, 16, 23, 1
3202, 22, 0, 16, 41, 1
3202, 22, 0, 16, 42, 1
3202, 22, 0, 16, 60, 1
3202, 22, 0, 16, 61, 1
3202, 22, 0, 17, 3, 1
3202, 22, 0, 17, 4, 1
3202, 22, 0, 17, 22, 1
3202, 22, 0, 17, 23, 1
3202, 22, 0, 17, 41, 1
3202, 22, 0, 17, 42, 1
3202, 22, 0, 17, 60, 1
3202, 22, 0, 18, 22, 1
3202, 22, 0, 18, 23, 1
3202, 22, 0, 18, 42, 1
3202, 22, 0, 18, 60, 1
3202, 22, 0, 18, 61, 1
3202, 22, 0, 19, 22, 1
3202, 22, 0, 19, 23, 1
3202, 22, 0, 19, 41, 1
3202, 22, 0, 19, 42, 1
3202, 22, 0, 19, 60, 1
3202, 22, 0, 19, 61, 1
3202, 22, 0, 20, 3, 1
3202, 22, 0, 20, 22, 1
3202, 22, 0, 20, 23, 1
3202, 22, 0, 20, 42, 1
3202, 22, 0, 20, 60, 1
3202, 22, 0, 20, 61, 1
3202, 22, 0, 21, 4, 1
3202, 22, 0, 21, 23, 1
3202, 22, 0, 21, 60, 1
3202, 22, 0, 22, 22, 1
3202, 22, 0, 22, 23, 1
3202, 22, 0, 22, 42, 1
3202, 22, 0, 22, 60, 1
3202, 22, 0, 23, 4, 1
3202, 22, 0, 23, 22, 1
3202, 22, 0, 23, 23, 1
3202, 22, 0, 23, 41, 1
3202, 22, 0, 23, 42, 1
3202, 22, 0, 23, 60, 1
3202, 22, 0, 24, 3, 1
3202, 22, 0, 24, 4, 1
3202, 22, 0, 24, 22, 1
3202, 22, 0, 24, 23, 1
3202, 22, 0, 24, 41, 1
3202, 22, 0, 24, 42, 1
3202, 22, 0, 24, 60, 1
3202, 22, 0, 24, 61, 1
3202, 22, 0, 25, 3, 1
3202, 22, 0, 25, 4, 1
3202, 22, 0, 25, 22, 1
3202, 22, 0, 25, 41, 1
3202, 22, 0, 25, 42, 1
3202, 22, 0, 25, 60, 1
3202, 22, 0, 25, 61, 1
3202, 22, 0, 26, 3, 1
3202, 22, 0, 26, 4, 1
3202, 22, 0, 26, 41, 1
3202, 22, 0, 26, 42, 1
3202, 22, 0, 26, 60, 1
3202, 22, 0, 26, 61, 1
3202, 22, 0, 27, 3, 1
3202, 22, 0, 27, 4, 1
3202, 22, 0, 27, 22, 1
3202, 22, 0, 27, 23, 1
3202, 22, 0, 27, 41, 1
3202, 22, 0, 27, 61, 1
3202, 22, 0, 28, 3, 1
3202, 22, 0, 28, 62, 1
3202, 22, 0, 29, 61, 1
3202, 22, 0, 29, 62, 1
3202, 22, 0, 30, 3, 1
3202, 22, 0, 30, 60, 1
3202, 22, 0, 30, 61, 1
3202, 22, 0, 31, 4, 1
3202, 22, 0, 31, 60, 1
3202, 22, 0, 31, 61, 1
3202, 22, 0, 32, 5, 1
3202, 22, 0, 32, 7, 1
3202, 22, 0, 32, 8, 1
3202, 22, 0, 32, 9, 1
3202, 22, 0, 32, 13, 1
3202, 22, 0, 32, 14, 1
3202, 22, 0, 32, 16, 1
3202, 22, 0, 32, 17, 1
3202, 22, 0, 32, 28, 1
3202, 22, 0, 32, 29, 1
3202, 22, 0, 32, 30, 1
3202, 22, 0, 32, 32, 1
3202, 22, 0, 32, 33, 1
3202, 22, 0, 32, 34, 1
3202, 22, 0, 32, 36, 1
3202, 22, 0, 32, 47, 1
3202, 22, 0, 32, 49, 1
3202, 22, 0, 32, 50, 1
3202, 22, 0, 32, 51, 1
3202, 22, 0, 32, 54, 1
3202, 22, 0, 32, 55, 1
3202, 22, 0, 32, 58, 1
3202, 22, 0, 32, 59, 1
3202, 22, 0, 32, 60, 1
3202, 22, 0, 33, 4, 1
3202, 22, 0, 33, 8, 1
3202, 22, 0, 33, 9, 1
3202, 22, 0, 33, 10, 1
3202, 22, 0, 33, 12, 1
3202, 22, 0, 33, 13, 1
3202, 22, 0, 33, 15, 1
3202, 22, 0, 33, 16, 1
3202, 22, 0, 33, 28, 1
3202, 22, 0, 33, 29, 1
3202, 22, 0, 33, 33, 1
3202, 22, 0, 33, 35, 1
3202, 22, 0, 33, 47, 1
3202, 22, 0, 33, 48, 1
3202, 22, 0, 33, 49, 1
3202, 22, 0, 33, 50, 1
3202, 22, 0, 33, 53, 1
3202, 22, 0, 33, 54, 1
3202, 22, 0, 33, 55, 1
3202, 22, 0, 33, 59, 1
3202, 22, 0, 33, 60, 1
3202, 22, 0, 34, 3, 1
3202, 22, 0, 34, 4, 1
3202, 22, 0, 34, 61, 1
3202, 22, 0, 35, 3, 1
3202, 22, 0, 35, 4, 1
3202, 22, 0, 36, 3, 1
3202, 22, 0, 36, 4, 1
3202, 22, 0, 36, 61, 1
3202, 22, 0, 37, 3, 1
3202, 22, 0, 37, 4, 1
3202, 22, 0, 37, 60, 1
3202, 22, 0, 37, 61, 1
3202, 22, 0, 38, 3, 1
3202, 22, 0, 38, 4, 1
3202, 22, 0, 38, 22, 1
3202, 22, 0, 38, 23, 1
3202, 22, 0, 38, 41, 1
3202, 22, 0, 38, 60, 1
3202, 22, 0, 38, 61, 1
3202, 22, 0, 39, 3, 1
3202, 22, 0, 39, 4, 1
3202, 22, 0, 39, 22, 1
3202, 22, 0, 39, 23, 1
3202, 22, 0, 39, 51, 1
3202, 22, 0, 39, 60, 1
3202, 22, 0, 40, 3, 1
3202, 22, 0, 40, 22, 1
3202, 22, 0, 40, 41, 1
3202, 22, 0, 41, 22, 1
3202, 22, 0, 41, 23, 1
3202, 22, 0, 41, 41, 1
3202, 22, 0, 41, 60, 1
3202, 22, 0, 42, 22, 1
3202, 22, 0, 42, 23, 1
3202, 22, 0, 42, 41, 1
3202, 22, 0, 42, 42, 1
3202, 22, 0, 42, 60, 1
3202, 22, 0, 42, 61, 1
3202, 22, 0, 43, 4, 1
3202, 22, 0, 43, 41, 1
3202, 22, 0, 43, 42, 1
3202, 22, 0, 43, 60, 1
3202, 22, 0, 43, 61, 1
3202, 22, 0, 44, 4, 1
3202, 22, 0, 44, 22, 1
3202, 22, 0, 44, 23, 1
3202, 22, 0, 44, 41, 1
3202, 22, 0, 44, 42, 1
3202, 22, 0, 44, 60, 1
3202, 22, 0, 44, 61, 1
3202, 22, 0, 45, 3, 1
3202, 22, 0, 45, 4, 1
3202, 22, 0, 45, 22, 1
3202, 22, 0, 45, 23, 1
3202, 22, 0, 45, 41, 1
3202, 22, 0, 45, 42, 1
3202, 22, 0, 45, 60, 1
3202, 22, 0, 46, 3, 1
3202, 22, 0, 46, 4, 1
3202, 22, 0, 46, 22, 1
3202, 22, 0, 46, 23, 1
3202, 22, 0, 46, 42, 1
3202, 22, 0, 47, 4, 1
3202, 22, 0, 47, 22, 1
3202, 22, 0, 47, 23, 1
3202, 22, 0, 47, 60, 1
3202, 22, 0, 48, 3, 1
3202, 22, 0, 48, 4, 1
3202, 22, 0, 48, 23, 1
3202, 22, 0, 48, 42, 1
3202, 22, 0, 48, 60, 1
3202, 22, 0, 48, 61, 1
3202, 22, 0, 49, 3, 1
3202, 22, 0, 49, 22, 1
3202, 22, 0, 49, 23, 1
3202, 22, 0, 49, 41, 1
3202, 22, 0, 49, 42, 1
3202, 22, 0, 49, 60, 1
3202, 22, 0, 49, 61, 1
3202, 22, 0, 50, 3, 1
3202, 22, 0, 50, 4, 1
3202, 22, 0, 50, 22, 1
3202, 22, 0, 50, 23, 1
3202, 22, 0, 50, 41, 1
3202, 22, 0, 50, 42, 1
3202, 22, 0, 50, 60, 1
3202, 22, 0, 50, 61, 1
3202, 22, 0, 51, 3, 1
3202, 22, 0, 51, 4, 1
3202, 22, 0, 51, 23, 1
3202, 22, 0, 51, 41, 1
3202, 22, 0, 51, 42, 1
3202, 22, 0, 51, 60, 1
3202, 22, 0, 52, 3, 1
3202, 22, 0, 52, 41, 1
3202, 22, 0, 52, 60, 1
3202, 22, 0, 52, 61, 1
3202, 22, 0, 53, 23, 1
3202, 22, 0, 53, 60, 1
3202, 22, 0, 53, 61, 1
3202, 22, 0, 54, 3, 1
3202, 22, 0, 54, 22, 1
3202, 22, 0, 54, 23, 1
3202, 22, 0, 54, 41, 1
3202, 22, 0, 54, 61, 1
3202, 22, 0, 55, 3, 1
3202, 22, 0, 55, 4, 1
3202, 22, 0, 55, 22, 1
3202, 22, 0, 55, 23, 1
3202, 22, 0, 55, 41, 1
3202, 22, 0, 55, 42, 1
3202, 22, 0, 56, 3, 1
3202, 22, 0, 56, 22, 1
3202, 22, 0, 56, 23, 1
3202, 22, 0, 56, 41, 1
3202, 22, 0, 56, 42, 1
3202, 22, 0, 56, 61, 1
3202, 22, 0, 57, 22, 1
3202, 22, 0, 57, 41, 1
3202, 22, 0, 57, 42, 1
3202, 22, 0, 57, 60, 1
3202, 22, 0, 57, 61, 1
3202, 22, 0, 58, 42, 1
3202, 22, 0, 58, 60, 1
3202, 22, 0, 58, 61, 1
3202, 22, 0, 59, 22, 1
3202, 22, 0, 59, 60, 1
3202, 22, 0, 59, 61, 1
3202, 22, 0, 60, 23, 1
3202, 22, 0, 60, 42, 1
3202, 22, 0, 60, 60, 1
3202, 22, 0, 61, 3, 1
3202, 22, 0, 61, 4, 1
3202, 22, 0, 61, 23, 1
3202, 22, 0, 61, 42, 1
3202, 22, 0, 61, 61, 1
3202, 22, 0, 62, 3, 1
3202, 22, 0, 62, 22, 1
3202, 22, 0, 62, 23, 1
3202, 22, 0, 62, 41, 1
3202, 22, 0, 62, 42, 1
3202, 22, 0, 62, 60, 1
3202, 22, 0, 62, 61, 1
3202, 22, 0, 63, 3, 1
3202, 22, 0, 63, 4, 1
3202, 22, 2, 63, 5, 1
3202, 22, 0, 63, 7, 1
3202, 22, 0, 63, 9, 1
3202, 22, 0, 63, 11, 1
3202, 22, 0, 63, 12, 1
3202, 22, 0, 63, 13, 1
3202, 22, 0, 63, 14, 1
3202, 22, 2, 63, 15, 1
3202, 22, 0, 63, 16, 1
3202, 22, 0, 63, 17, 1
3202, 22, 0, 63, 18, 1
3202, 22, 0, 63, 20, 1
3202, 22, 0, 63, 21, 1
3202, 22, 0, 63, 22, 1
3202, 22, 0, 63, 26, 1
3202, 22, 0, 63, 27, 1
3202, 22, 0, 63, 28, 1
3202, 22, 0, 63, 29, 1
3202, 22, 0, 63, 30, 1
3202, 22, 0, 63, 31, 1
3202, 22, 0, 63, 33, 1
3202, 22, 0, 63, 35, 1
3202, 22, 0, 63, 36, 1
3202, 22, 0, 63, 38, 1
3202, 22, 0, 63, 39, 1
3202, 22, 0, 63, 40, 1
3202, 22, 0, 63, 41, 1
3202, 22, 0, 63, 43, 1
3202, 22, 0, 63, 44, 1
3202, 22, 0, 63, 45, 1
3202, 22, 0, 63, 46, 1
3202, 22, 0, 63, 47, 1
3202, 22, 0, 63, 48, 1
3202, 22, 0, 63, 49, 1
3202, 22, 0, 63, 50, 1
3202, 22, 0, 63, 51, 1
3202, 22, 0, 63, 52, 1
3202, 22, 0, 63, 53, 1
3202, 22, 0, 63, 55, 1
3202, 22, 0, 63, 56, 1
3202, 22, 0, 63, 57, 1
3202, 22, 0, 63, 58, 1
3202, 22, 0, 63, 59, 1
3202, 22, 0, 63, 60, 1
3202, 22, 0, 63, 61, 1
3203, 10, 1, 5, 13, 1
3203, 10, 1, 5, 32, 1
3203, 10, 1, 5, 51, 1
3203, 10, 3, 29, 13, 1
3203, 10, 3, 29, 32, 1
3203, 10, 3, 29, 51, 1
3203, 10, 1, 36, 13, 1
3203, 10, 1, 36, 32, 1
3203, 10, 1, 36, 51, 1
3203, 10, 3, 60, 13, 1
3203, 10, 3, 60, 32, 1
3203, 10, 3, 60, 51, 1
