477, 10, 0, 10, 10, 0
477, 10, 2, 18, 32, 0
477, 10, 0, 30, 55, 0
477, 10, 0, 33, 24, 0
477, 10, 3, 34, 16, 0
477, 10, 0, 53, 37, 0
478, 10, 1, 13, 14, 0
478, 10, 3, 13, 51, 0
478, 10, 0, 14, 10, 0
478, 10, 2, 16, 43, 0
478, 10, 2, 22, 28, 0
478, 10, 3, 39, 44, 0
478, 10, 3, 43, 11, 0
478, 10, 3, 47, 57, 0
478, 10, 0, 51, 36, 0
478, 10, 2, 59, 21, 0
684, 10, 2, 5, 9, 0
684, 10, 3, 5, 11, 0
684, 10, 0, 6, 10, 0
684, 10, 3, 6, 11, 0
684, 10, 3, 9, 25, 0
684, 10, 3, 11, 12, 0
684, 10, 2, 11, 22, 0
684, 10, 2, 11, 41, 0
684, 10, 1, 12, 4, 0
684, 10, 3, 12, 41, 0
684, 10, 2, 12, 43, 0
684, 10, 1, 13, 24, 0
684, 10, 1, 13, 25, 0
684, 10, 0, 16, 45, 0
684, 10, 3, 16, 50, 0
684, 10, 3, 17, 49, 0
684, 10, 1, 18, 44, 0
684, 10, 0, 19, 28, 0
684, 10, 3, 19, 30, 0
684, 10, 2, 21, 29, 0
684, 10, 2, 21, 30, 0
684, 10, 2, 21, 47, 0
684, 10, 0, 23, 13, 0
684, 10, 0, 24, 2, 0
684, 10, 1, 24, 11, 0
684, 10, 2, 26, 10, 0
684, 10, 3, 27, 1, 0
684, 10, 3, 30, 58, 0
684, 10, 3, 31, 43, 0
684, 10, 1, 32, 4, 0
684, 10, 3, 32, 37, 0
684, 10, 0, 32, 54, 0
684, 10, 1, 33, 3, 0
684, 10, 3, 33, 21, 0
684, 10, 0, 33, 41, 0
684, 10, 1, 33, 42, 0
684, 10, 2, 33, 44, 0
684, 10, 1, 33, 57, 0
684, 10, 2, 34, 1, 0
684, 10, 0, 34, 20, 0
684, 10, 0, 34, 31, 0
684, 10, 2, 34, 57, 0
684, 10, 2, 35, 42, 0
684, 10, 1, 35, 55, 0
684, 10, 2, 40, 10, 0
684, 10, 1, 40, 12, 0
684, 10, 2, 41, 7, 0
684, 10, 0, 44, 12, 0
684, 10, 1, 47, 58, 0
684, 10, 2, 48, 25, 0
684, 10, 1, 49, 23, 0
684, 10, 1, 49, 32, 0
684, 10, 1, 49, 33, 0
684, 10, 0, 49, 57, 0
684, 10, 0, 50, 22, 0
684, 10, 0, 50, 29, 0
684, 10, 3, 51, 23, 0
684, 10, 2, 53, 35, 0
684, 10, 0, 53, 49, 0
684, 10, 1, 55, 34, 0
684, 10, 0, 55, 36, 0
684, 10, 2, 55, 52, 0
684, 10, 1, 56, 8, 0
684, 10, 2, 56, 35, 0
684, 10, 3, 56, 36, 0
684, 10, 2, 57, 9, 0
684, 10, 3, 57, 22, 0
1173, 10, 0, 2, 16, 0
1173, 10, 0, 4, 19, 0
1173, 10, 0, 7, 47, 0
1173, 10, 0, 8, 32, 0
1173, 10, 0, 12, 17, 0
1173, 10, 0, 14, 7, 0
1173, 10, 0, 19, 20, 0
1173, 10, 0, 21, 37, 0
1173, 10, 0, 22, 54, 0
1173, 10, 0, 26, 48, 0
1173, 10, 0, 32, 50, 0
1173, 10, 0, 34, 11, 0
1173, 10, 0, 40, 22, 0
1173, 10, 0, 46, 3, 0
1173, 10, 0, 46, 16, 0
1173, 10, 0, 46, 49, 0
1173, 10, 0, 48, 6, 0
1173, 10, 0, 48, 19, 0
1173, 10, 0, 49, 16, 0
1173, 10, 0, 50, 16, 0
1173, 10, 0, 53, 18, 0
1173, 10, 0, 55, 17, 0
1173, 10, 0, 56, 58, 0
1173, 10, 0, 58, 1, 0
1173, 10, 0, 58, 30, 0
1173, 10, 0, 60, 51, 0
1173, 10, 0, 62, 24, 0
1173, 10, 0, 63, 50, 0
1245, 22, 2, 5, 47, 0
1245, 22, 1, 18, 38, 0
1245, 22, 3, 22, 6, 0
1245, 22, 0, 38, 29, 0
1245, 22, 1, 41, 34, 0
1245, 22, 2, 49, 53, 0
1245, 22, 0, 61, 24, 0
1249, 22, 1, 0, 18, 0
1249, 22, 1, 15, 20, 0
1249, 22, 0, 15, 37, 0
1249, 22, 2, 30, 32, 0
1249, 22, 0, 37, 7, 0
1249, 22, 3, 44, 38, 0
1249, 22, 0, 50, 42, 0
1249, 22, 2, 55, 15, 0
1249, 22, 3, 63, 34, 0
1250, 22, 3, 2, 45, 0
1250, 22, 3, 24, 19, 0
1250, 22, 0, 27, 40, 0
1250, 22, 1, 35, 49, 0
1250, 22, 2, 40, 29, 0
1250, 22, 2, 43, 1, 0
1250, 22, 1, 50, 40, 0
1272, 22, 3, 2, 2, 0
1272, 22, 2, 2, 4, 0
1272, 22, 3, 2, 24, 0
1272, 22, 3, 3, 0, 0
1272, 22, 2, 3, 17, 0
1272, 22, 3, 3, 23, 0
1272, 22, 2, 3, 30, 0
1272, 22, 2, 3, 31, 0
1272, 22, 1, 3, 47, 0
1272, 22, 3, 3, 58, 0
1272, 22, 0, 4, 0, 0
1272, 22, 1, 4, 1, 0
1272, 22, 2, 4, 26, 0
1272, 22, 2, 4, 28, 0
1272, 22, 1, 4, 29, 0
1272, 22, 1, 4, 31, 0
1272, 22, 1, 4, 32, 0
1272, 22, 2, 4, 34, 0
1272, 22, 3, 4, 35, 0
1272, 22, 0, 4, 36, 0
1272, 22, 1, 4, 40, 0
1272, 22, 1, 4, 44, 0
1272, 22, 3, 4, 57, 0
1272, 22, 0, 4, 59, 0
1272, 22, 1, 5, 2, 0
1272, 22, 1, 5, 3, 0
1272, 22, 1, 5, 30, 0
1272, 22, 3, 5, 34, 0
1272, 22, 2, 5, 35, 0
1272, 22, 1, 5, 36, 0
1272, 22, 0, 5, 37, 0
1272, 22, 0, 5, 39, 0
1272, 22, 2, 5, 44, 0
1272, 22, 0, 5, 56, 0
1272, 22, 2, 6, 2, 0
1272, 22, 1, 6, 18, 0
1272, 22, 0, 6, 33, 0
1272, 22, 1, 6, 34, 0
1272, 22, 3, 6, 36, 0
1272, 22, 2, 6, 51, 0
1272, 22, 1, 6, 56, 0
1272, 22, 0, 6, 58, 0
1272, 22, 0, 7, 20, 0
1272, 22, 3, 7, 42, 0
1272, 22, 1, 7, 52, 0
1272, 22, 3, 7, 56, 0
1272, 22, 1, 7, 57, 0
1272, 22, 0, 8, 33, 0
1272, 22, 3, 8, 51, 0
1272, 22, 0, 8, 59, 0
1272, 22, 3, 9, 1, 0
1272, 22, 2, 9, 56, 0
1272, 22, 0, 10, 0, 0
1272, 22, 3, 10, 37, 0
1272, 22, 1, 11, 1, 0
1272, 22, 3, 11, 18, 0
1272, 22, 0, 11, 37, 0
1272, 22, 0, 12, 36, 0
1272, 22, 1, 12, 37, 0
1272, 22, 0, 12, 54, 0
1272, 22, 3, 14, 30, 0
1272, 22, 2, 14, 31, 0
1272, 22, 0, 14, 58, 0
1272, 22, 1, 14, 59, 0
1272, 22, 3, 15, 17, 0
1272, 22, 3, 15, 30, 0
1272, 22, 2, 15, 61, 0
1272, 22, 2, 17, 0, 0
1272, 22, 3, 17, 2, 0
1272, 22, 3, 17, 56, 0
1272, 22, 0, 18, 1, 0
1272, 22, 0, 18, 20, 0
1272, 22, 2, 18, 57, 0
1272, 22, 1, 19, 1, 0
1272, 22, 3, 19, 2, 0
1272, 22, 0, 19, 4, 0
1272, 22, 0, 19, 7, 0
1272, 22, 1, 19, 8, 0
1272, 22, 2, 19, 10, 0
1272, 22, 3, 19, 15, 0
1272, 22, 0, 19, 54, 0
1272, 22, 3, 20, 2, 0
1272, 22, 2, 20, 3, 0
1272, 22, 1, 20, 5, 0
1272, 22, 3, 20, 9, 0
1272, 22, 2, 20, 16, 0
1272, 22, 2, 20, 39, 0
1272, 22, 0, 20, 54, 0
1272, 22, 1, 21, 6, 0
1272, 22, 1, 21, 21, 0
1272, 22, 2, 22, 17, 0
1272, 22, 2, 23, 38, 0
1272, 22, 2, 25, 22, 0
1272, 22, 3, 26, 5, 0
1272, 22, 0, 27, 6, 0
1272, 22, 0, 27, 20, 0
1272, 22, 1, 28, 19, 0
1272, 22, 0, 29, 17, 0
1272, 22, 1, 29, 23, 0
1272, 22, 1, 30, 8, 0
1272, 22, 3, 30, 17, 0
1272, 22, 3, 30, 48, 0
1272, 22, 3, 33, 62, 0
1272, 22, 1, 36, 51, 0
1272, 22, 2, 37, 48, 0
1272, 22, 1, 37, 50, 0
1272, 22, 0, 38, 18, 0
1272, 22, 3, 38, 19, 0
1272, 22, 1, 39, 5, 0
1272, 22, 2, 39, 19, 0
1272, 22, 2, 39, 20, 0
1272, 22, 0, 39, 24, 0
1272, 22, 3, 39, 26, 0
1272, 22, 2, 39, 62, 0
1272, 22, 2, 40, 4, 0
1272, 22, 0, 40, 17, 0
1272, 22, 2, 40, 19, 0
1272, 22, 0, 40, 40, 0
1272, 22, 0, 41, 26, 0
1272, 22, 1, 41, 56, 0
1272, 22, 3, 42, 3, 0
1272, 22, 0, 42, 39, 0
1272, 22, 3, 43, 3, 0
1272, 22, 2, 43, 32, 0
1272, 22, 1, 43, 35, 0
1272, 22, 0, 44, 17, 0
1272, 22, 1, 44, 19, 0
1272, 22, 2, 44, 20, 0
1272, 22, 3, 44, 22, 0
1272, 22, 3, 44, 43, 0
1272, 22, 0, 44, 55, 0
1272, 22, 0, 45, 17, 0
1272, 22, 3, 47, 18, 0
1272, 22, 2, 50, 4, 0
1272, 22, 1, 50, 5, 0
1272, 22, 1, 50, 6, 0
1272, 22, 0, 50, 8, 0
1272, 22, 2, 50, 11, 0
1272, 22, 2, 50, 14, 0
1272, 22, 3, 51, 4, 0
1272, 22, 1, 51, 11, 0
1272, 22, 3, 52, 8, 0
1272, 22, 1, 52, 10, 0
1272, 22, 0, 52, 11, 0
1272, 22, 3, 52, 13, 0
1272, 22, 0, 52, 17, 0
1272, 22, 0, 52, 18, 0
1272, 22, 1, 52, 29, 0
1272, 22, 1, 52, 31, 0
1272, 22, 2, 52, 42, 0
1272, 22, 1, 52, 59, 0
1272, 22, 0, 52, 61, 0
1272, 22, 0, 53, 5, 0
1272, 22, 3, 53, 29, 0
1272, 22, 2, 53, 31, 0
1272, 22, 2, 53, 43, 0
1272, 22, 2, 54, 4, 0
1272, 22, 0, 54, 17, 0
1272, 22, 0, 54, 27, 0
1272, 22, 3, 54, 29, 0
1272, 22, 2, 54, 30, 0
1272, 22, 3, 54, 45, 0
1272, 22, 3, 54, 57, 0
1272, 22, 1, 55, 30, 0
1272, 22, 1, 55, 41, 0
1272, 22, 2, 55, 60, 0
1272, 22, 3, 56, 28, 0
1272, 22, 2, 56, 30, 0
1272, 22, 3, 56, 62, 0
1272, 22, 2, 57, 13, 0
1272, 22, 2, 57, 27, 0
1272, 22, 3, 57, 30, 0
1272, 22, 0, 57, 42, 0
1272, 22, 1, 57, 54, 0
1272, 22, 0, 57, 58, 0
1272, 22, 3, 57, 60, 0
1272, 22, 0, 58, 4, 0
1272, 22, 0, 58, 6, 0
1272, 22, 0, 58, 28, 0
1272, 22, 0, 58, 29, 0
1272, 22, 0, 58, 31, 0
1272, 22, 3, 58, 43, 0
1272, 22, 2, 58, 54, 0
1272, 22, 0, 58, 58, 0
1272, 22, 0, 58, 59, 0
1272, 22, 2, 58, 61, 0
1272, 22, 0, 59, 7, 0
1272, 22, 1, 59, 14, 0
1272, 22, 2, 59, 43, 0
1272, 22, 3, 59, 49, 0
1272, 22, 2, 59, 57, 0
1272, 22, 2, 59, 59, 0
1272, 22, 1, 59, 60, 0
1272, 22, 1, 59, 61, 0
1272, 22, 0, 60, 17, 0
1272, 22, 3, 60, 30, 0
1272, 22, 1, 60, 33, 0
1272, 22, 2, 60, 36, 0
1272, 22, 1, 60, 38, 0
1272, 22, 0, 60, 41, 0
1272, 22, 3, 60, 42, 0
1272, 22, 3, 60, 45, 0
1272, 22, 0, 60, 47, 0
1272, 22, 3, 60, 53, 0
1272, 22, 2, 60, 54, 0
1272, 22, 3, 60, 56, 0
1272, 22, 0, 60, 62, 0
1272, 22, 1, 60, 63, 0
1272, 22, 0, 61, 17, 0
1272, 22, 0, 61, 19, 0
1272, 22, 0, 61, 20, 0
1272, 22, 2, 61, 22, 0
1272, 22, 1, 61, 27, 0
1272, 22, 1, 61, 34, 0
1272, 22, 2, 61, 35, 0
1272, 22, 2, 61, 44, 0
1272, 22, 1, 61, 54, 0
1272, 22, 0, 61, 56, 0
1272, 22, 0, 61, 58, 0
1272, 22, 0, 61, 62, 0
1272, 22, 1, 61, 63, 0
1272, 22, 3, 62, 18, 0
1272, 22, 1, 62, 20, 0
1272, 22, 2, 62, 21, 0
1272, 22, 1, 62, 22, 0
1272, 22, 2, 62, 23, 0
1272, 22, 2, 62, 30, 0
1272, 22, 0, 62, 35, 0
1272, 22, 0, 62, 37, 0
1272, 22, 3, 62, 38, 0
1272, 22, 0, 62, 41, 0
1272, 22, 0, 62, 47, 0
1272, 22, 1, 62, 59, 0
1272, 22, 2, 62, 60, 0
1272, 22, 2, 62, 61, 0
1272, 22, 2, 62, 62, 0
1272, 22, 1, 62, 63, 0
1272, 22, 3, 63, 19, 0
1272, 22, 2, 63, 28, 0
1272, 22, 2, 63, 56, 0
1272, 22, 3, 63, 57, 0
1272, 22, 2, 63, 62, 0
1273, 22, 2, 3, 1, 0
1273, 22, 0, 3, 3, 0
1273, 22, 3, 4, 2, 0
1273, 22, 3, 5, 1, 0
1273, 22, 2, 5, 33, 0
1273, 22, 3, 8, 16, 0
1273, 22, 2, 10, 1, 0
1273, 22, 1, 14, 0, 0
1273, 22, 1, 15, 0, 0
1273, 22, 0, 19, 0, 0
1273, 22, 3, 21, 5, 0
1273, 22, 0, 29, 18, 0
1273, 22, 3, 30, 18, 0
1273, 22, 2, 38, 20, 0
1273, 22, 0, 40, 18, 0
1273, 22, 3, 51, 6, 0
1273, 22, 3, 51, 7, 0
1273, 22, 2, 51, 9, 0
1273, 22, 1, 51, 12, 0
1273, 22, 1, 52, 5, 0
1273, 22, 0, 53, 30, 0
1273, 22, 1, 54, 28, 0
1273, 22, 2, 55, 5, 0
1273, 22, 2, 55, 28, 0
1273, 22, 3, 55, 29, 0
1273, 22, 3, 56, 63, 0
1273, 22, 2, 59, 62, 0
1273, 22, 1, 60, 59, 0
1273, 22, 0, 61, 57, 0
1273, 22, 2, 61, 60, 0
1273, 22, 3, 62, 58, 0
1363, 10, 0, 10, 26, 0
1363, 10, 1, 13, 46, 0
1363, 10, 2, 26, 12, 0
1363, 10, 1, 34, 36, 0
1363, 10, 3, 45, 26, 0
1364, 10, 0, 14, 26, 0
1364, 10, 3, 29, 11, 0
1366, 10, 0, 8, 10, 0
1366, 10, 3, 11, 7, 0
1366, 10, 0, 11, 24, 0
1366, 10, 0, 14, 42, 0
1366, 10, 0, 35, 34, 0
1366, 10, 0, 48, 33, 0
1367, 10, 3, 9, 8, 0
1367, 10, 3, 16, 47, 0
1367, 10, 3, 28, 10, 0
1367, 10, 0, 30, 14, 0
1367, 10, 0, 42, 12, 0
1367, 10, 3, 42, 46, 0
1367, 10, 1, 47, 24, 0
1367, 10, 1, 49, 35, 0
1368, 10, 3, 9, 9, 0
1368, 10, 3, 15, 25, 0
1368, 10, 3, 17, 47, 0
1368, 10, 2, 37, 35, 0
1368, 10, 2, 42, 10, 0
1368, 10, 0, 45, 58, 0
1368, 10, 2, 47, 29, 0
3501, 10, 3, 0, 0, 0
3501, 10, 2, 0, 1, 0
3501, 10, 0, 0, 2, 0
3501, 10, 2, 0, 3, 0
3501, 10, 3, 0, 4, 0
3501, 10, 1, 0, 6, 0
3501, 10, 1, 0, 7, 0
3501, 10, 3, 1, 0, 0
3501, 10, 1, 1, 2, 0
3501, 10, 0, 1, 3, 0
3501, 10, 0, 1, 4, 0
3501, 10, 2, 1, 6, 0
3501, 10, 2, 1, 8, 0
3501, 10, 3, 1, 9, 0
3501, 10, 0, 1, 56, 0
3501, 10, 1, 2, 0, 0
3501, 10, 3, 2, 3, 0
3501, 10, 2, 2, 4, 0
3501, 10, 2, 2, 7, 0
3501, 10, 0, 2, 8, 0
3501, 10, 1, 2, 30, 0
3501, 10, 1, 2, 31, 0
3501, 10, 0, 2, 36, 0
3501, 10, 3, 2, 57, 0
3501, 10, 2, 2, 58, 0
3501, 10, 1, 2, 59, 0
3501, 10, 1, 2, 61, 0
3501, 10, 0, 3, 0, 0
3501, 10, 1, 3, 1, 0
3501, 10, 0, 3, 2, 0
3501, 10, 0, 3, 5, 0
3501, 10, 3, 3, 29, 0
3501, 10, 3, 3, 33, 0
3501, 10, 2, 3, 34, 0
3501, 10, 0, 3, 36, 0
3501, 10, 0, 3, 37, 0
3501, 10, 1, 3, 56, 0
3501, 10, 1, 3, 57, 0
3501, 10, 0, 3, 61, 0
3501, 10, 0, 4, 0, 0
3501, 10, 3, 4, 3, 0
3501, 10, 0, 4, 4, 0
3501, 10, 1, 4, 6, 0
3501, 10, 2, 4, 30, 0
3501, 10, 3, 4, 32, 0
3501, 10, 3, 4, 36, 0
3501, 10, 3, 4, 37, 0
3501, 10, 2, 4, 39, 0
3501, 10, 0, 4, 55, 0
3501, 10, 2, 4, 56, 0
3501, 10, 2, 4, 57, 0
3501, 10, 2, 4, 59, 0
3501, 10, 2, 5, 0, 0
3501, 10, 1, 5, 2, 0
3501, 10, 3, 5, 4, 0
3501, 10, 3, 5, 6, 0
3501, 10, 1, 5, 30, 0
3501, 10, 1, 5, 31, 0
3501, 10, 0, 5, 32, 0
3501, 10, 3, 5, 33, 0
3501, 10, 2, 5, 34, 0
3501, 10, 3, 5, 36, 0
3501, 10, 3, 5, 37, 0
3501, 10, 1, 5, 39, 0
3501, 10, 0, 5, 40, 0
3501, 10, 3, 5, 41, 0
3501, 10, 3, 5, 53, 0
3501, 10, 3, 5, 54, 0
3501, 10, 1, 5, 55, 0
3501, 10, 2, 5, 56, 0
3501, 10, 0, 5, 57, 0
3501, 10, 0, 5, 58, 0
3501, 10, 1, 5, 59, 0
3501, 10, 0, 5, 60, 0
3501, 10, 0, 5, 61, 0
3501, 10, 3, 6, 0, 0
3501, 10, 0, 6, 3, 0
3501, 10, 3, 6, 4, 0
3501, 10, 2, 6, 5, 0
3501, 10, 2, 6, 6, 0
3501, 10, 0, 6, 33, 0
3501, 10, 1, 6, 34, 0
3501, 10, 2, 6, 38, 0
3501, 10, 1, 6, 40, 0
3501, 10, 1, 6, 52, 0
3501, 10, 0, 6, 53, 0
3501, 10, 2, 6, 54, 0
3501, 10, 2, 6, 55, 0
3501, 10, 3, 6, 59, 0
3501, 10, 0, 6, 60, 0
3501, 10, 3, 7, 0, 0
3501, 10, 1, 7, 1, 0
3501, 10, 2, 7, 2, 0
3501, 10, 2, 7, 4, 0
3501, 10, 1, 7, 5, 0
3501, 10, 0, 7, 6, 0
3501, 10, 3, 7, 15, 0
3501, 10, 3, 7, 16, 0
3501, 10, 3, 7, 35, 0
3501, 10, 3, 7, 36, 0
3501, 10, 1, 7, 37, 0
3501, 10, 1, 7, 38, 0
3501, 10, 2, 7, 55, 0
3501, 10, 0, 7, 56, 0
3501, 10, 0, 7, 57, 0
3501, 10, 3, 7, 58, 0
3501, 10, 2, 7, 60, 0
3501, 10, 1, 8, 1, 0
3501, 10, 2, 8, 16, 0
3501, 10, 1, 8, 33, 0
3501, 10, 2, 8, 34, 0
3501, 10, 3, 8, 35, 0
3501, 10, 2, 8, 55, 0
3501, 10, 1, 8, 56, 0
3501, 10, 0, 8, 57, 0
3501, 10, 2, 8, 58, 0
3501, 10, 0, 8, 60, 0
3501, 10, 1, 8, 61, 0
3501, 10, 0, 9, 0, 0
3501, 10, 2, 9, 1, 0
3501, 10, 1, 9, 33, 0
3501, 10, 3, 9, 56, 0
3501, 10, 2, 9, 57, 0
3501, 10, 3, 9, 58, 0
3501, 10, 1, 9, 60, 0
3501, 10, 0, 10, 0, 0
3501, 10, 1, 10, 57, 0
3501, 10, 2, 10, 59, 0
3501, 10, 1, 10, 60, 0
3501, 10, 3, 11, 0, 0
3501, 10, 2, 11, 1, 0
3501, 10, 2, 11, 59, 0
3501, 10, 3, 11, 60, 0
3501, 10, 2, 11, 61, 0
3501, 10, 1, 12, 1, 0
3501, 10, 2, 12, 31, 0
3501, 10, 2, 12, 59, 0
3501, 10, 0, 12, 60, 0
3501, 10, 2, 13, 0, 0
3501, 10, 1, 13, 1, 0
3501, 10, 1, 13, 31, 0
3501, 10, 1, 13, 60, 0
3501, 10, 0, 14, 32, 0
3501, 10, 2, 15, 0, 0
3501, 10, 3, 15, 2, 0
3501, 10, 0, 15, 29, 0
3501, 10, 0, 16, 0, 0
3501, 10, 0, 16, 3, 0
3501, 10, 0, 16, 4, 0
3501, 10, 1, 16, 5, 0
3501, 10, 1, 16, 30, 0
3501, 10, 3, 17, 0, 0
3501, 10, 2, 17, 5, 0
3501, 10, 2, 18, 0, 0
3501, 10, 1, 18, 5, 0
3501, 10, 0, 18, 6, 0
3501, 10, 2, 18, 8, 0
3501, 10, 0, 19, 0, 0
3501, 10, 2, 19, 1, 0
3501, 10, 0, 19, 2, 0
3501, 10, 3, 19, 6, 0
3501, 10, 3, 19, 7, 0
3501, 10, 1, 19, 8, 0
3501, 10, 0, 19, 10, 0
3501, 10, 0, 19, 11, 0
3501, 10, 0, 19, 12, 0
3501, 10, 0, 19, 13, 0
3501, 10, 0, 20, 0, 0
3501, 10, 3, 20, 1, 0
3501, 10, 1, 20, 2, 0
3501, 10, 0, 20, 3, 0
3501, 10, 0, 20, 4, 0
3501, 10, 0, 20, 5, 0
3501, 10, 2, 20, 6, 0
3501, 10, 0, 20, 14, 0
3501, 10, 0, 20, 15, 0
3501, 10, 2, 21, 4, 0
3501, 10, 1, 21, 5, 0
3501, 10, 0, 21, 16, 0
3501, 10, 0, 21, 17, 0
3501, 10, 0, 21, 18, 0
3501, 10, 3, 22, 5, 0
3501, 10, 0, 22, 19, 0
3501, 10, 0, 22, 59, 0
3501, 10, 0, 23, 20, 0
3501, 10, 0, 23, 57, 0
3501, 10, 0, 23, 58, 0
3501, 10, 0, 23, 60, 0
3501, 10, 0, 24, 21, 0
3501, 10, 0, 24, 22, 0
3501, 10, 0, 24, 23, 0
3501, 10, 0, 24, 56, 0
3501, 10, 0, 24, 61, 0
3501, 10, 0, 24, 62, 0
3501, 10, 0, 24, 63, 0
3501, 10, 0, 25, 24, 0
3501, 10, 0, 25, 41, 0
3501, 10, 0, 25, 55, 0
3501, 10, 0, 26, 25, 0
3501, 10, 0, 26, 33, 0
3501, 10, 0, 26, 34, 0
3501, 10, 0, 26, 52, 0
3501, 10, 0, 26, 53, 0
3501, 10, 0, 26, 54, 0
3501, 10, 0, 27, 25, 0
3501, 10, 0, 27, 32, 0
3501, 10, 0, 27, 35, 0
3501, 10, 0, 27, 36, 0
3501, 10, 0, 27, 37, 0
3501, 10, 0, 27, 38, 0
3501, 10, 0, 27, 51, 0
3501, 10, 0, 28, 26, 0
3501, 10, 0, 28, 31, 0
3501, 10, 0, 28, 49, 0
3501, 10, 0, 28, 50, 0
3501, 10, 1, 29, 17, 0
3501, 10, 2, 29, 18, 0
3501, 10, 0, 29, 27, 0
3501, 10, 0, 29, 28, 0
3501, 10, 0, 29, 29, 0
3501, 10, 0, 29, 30, 0
3501, 10, 3, 30, 17, 0
3501, 10, 1, 30, 19, 0
3501, 10, 1, 31, 18, 0
3501, 10, 0, 37, 18, 0
3501, 10, 3, 37, 19, 0
3501, 10, 1, 38, 17, 0
3501, 10, 3, 38, 19, 0
3501, 10, 0, 38, 22, 0
3501, 10, 3, 39, 19, 0
3501, 10, 1, 40, 17, 0
3501, 10, 0, 40, 18, 0
3501, 10, 3, 41, 17, 0
3501, 10, 2, 41, 18, 0
3501, 10, 3, 42, 17, 0
3501, 10, 1, 50, 5, 0
3501, 10, 0, 50, 6, 0
3501, 10, 3, 50, 11, 0
3501, 10, 2, 50, 12, 0
3501, 10, 0, 50, 13, 0
3501, 10, 3, 50, 14, 0
3501, 10, 3, 51, 3, 0
3501, 10, 2, 51, 6, 0
3501, 10, 3, 51, 8, 0
3501, 10, 1, 51, 11, 0
3501, 10, 2, 51, 14, 0
3501, 10, 1, 52, 5, 0
3501, 10, 2, 52, 6, 0
3501, 10, 2, 52, 8, 0
3501, 10, 3, 52, 9, 0
3501, 10, 0, 52, 10, 0
3501, 10, 2, 52, 12, 0
3501, 10, 1, 52, 13, 0
3501, 10, 2, 52, 30, 0
3501, 10, 2, 52, 31, 0
3501, 10, 1, 53, 6, 0
3501, 10, 2, 53, 11, 0
3501, 10, 1, 53, 12, 0
3501, 10, 3, 53, 28, 0
3501, 10, 2, 53, 29, 0
3501, 10, 2, 54, 27, 0
3501, 10, 2, 54, 30, 0
3501, 10, 3, 54, 31, 0
3501, 10, 1, 54, 63, 0
3501, 10, 1, 55, 30, 0
3501, 10, 0, 55, 31, 0
3501, 10, 3, 55, 61, 0
3501, 10, 1, 55, 63, 0
3501, 10, 1, 56, 28, 0
3501, 10, 3, 56, 29, 0
3501, 10, 0, 56, 31, 0
3501, 10, 3, 56, 60, 0
3501, 10, 2, 56, 62, 0
3501, 10, 2, 56, 63, 0
3501, 10, 3, 57, 26, 0
3501, 10, 2, 57, 27, 0
3501, 10, 3, 57, 32, 0
3501, 10, 0, 57, 60, 0
3501, 10, 3, 57, 61, 0
3501, 10, 1, 57, 62, 0
3501, 10, 3, 57, 63, 0
3501, 10, 2, 58, 26, 0
3501, 10, 0, 58, 59, 0
3501, 10, 0, 58, 60, 0
3501, 10, 1, 58, 61, 0
3501, 10, 0, 58, 62, 0
3501, 10, 3, 58, 63, 0
3501, 10, 2, 59, 7, 0
3501, 10, 2, 59, 57, 0
3501, 10, 1, 59, 58, 0
3501, 10, 3, 59, 59, 0
3501, 10, 0, 59, 60, 0
3501, 10, 3, 59, 62, 0
3501, 10, 3, 59, 63, 0
3501, 10, 0, 60, 57, 0
3501, 10, 0, 60, 58, 0
3501, 10, 2, 60, 59, 0
3501, 10, 1, 60, 60, 0
3501, 10, 0, 60, 61, 0
3501, 10, 1, 60, 62, 0
3501, 10, 2, 60, 63, 0
3501, 10, 3, 61, 55, 0
3501, 10, 1, 61, 56, 0
3501, 10, 3, 61, 57, 0
3501, 10, 1, 61, 58, 0
3501, 10, 2, 61, 59, 0
3501, 10, 0, 61, 60, 0
3501, 10, 0, 61, 61, 0
3501, 10, 1, 61, 62, 0
3501, 10, 3, 61, 63, 0
3501, 10, 1, 62, 52, 0
3501, 10, 3, 62, 54, 0
3501, 10, 0, 62, 55, 0
3501, 10, 0, 62, 56, 0
3501, 10, 0, 62, 57, 0
3501, 10, 0, 62, 58, 0
3501, 10, 3, 62, 59, 0
3501, 10, 3, 62, 60, 0
3501, 10, 1, 62, 61, 0
3501, 10, 3, 62, 62, 0
3501, 10, 1, 62, 63, 0
3501, 10, 2, 63, 52, 0
3501, 10, 2, 63, 53, 0
3501, 10, 3, 63, 54, 0
3501, 10, 0, 63, 55, 0
3501, 10, 1, 63, 56, 0
3501, 10, 1, 63, 57, 0
3501, 10, 1, 63, 58, 0
3501, 10, 0, 63, 59, 0
3501, 10, 3, 63, 60, 0
3501, 10, 2, 63, 61, 0
3501, 10, 2, 63, 62, 0
3501, 10, 0, 63, 63, 0
3502, 10, 0, 0, 5, 0
3502, 10, 2, 1, 1, 0
3502, 10, 3, 2, 1, 0
3502, 10, 3, 2, 5, 0
3502, 10, 3, 3, 3, 0
3502, 10, 3, 3, 4, 0
3502, 10, 0, 3, 30, 0
3502, 10, 0, 3, 32, 0
3502, 10, 3, 3, 35, 0
3502, 10, 0, 4, 1, 0
3502, 10, 0, 4, 5, 0
3502, 10, 3, 4, 33, 0
3502, 10, 2, 4, 58, 0
3502, 10, 3, 5, 1, 0
3502, 10, 0, 5, 5, 0
3502, 10, 0, 5, 35, 0
3502, 10, 2, 5, 38, 0
3502, 10, 2, 6, 1, 0
3502, 10, 1, 6, 2, 0
3502, 10, 3, 6, 35, 0
3502, 10, 1, 6, 37, 0
3502, 10, 1, 6, 57, 0
3502, 10, 3, 6, 61, 0
3502, 10, 2, 7, 3, 0
3502, 10, 3, 7, 33, 0
3502, 10, 1, 8, 2, 0
3502, 10, 1, 8, 15, 0
3502, 10, 0, 8, 59, 0
3502, 10, 0, 10, 61, 0
3502, 10, 3, 12, 0, 0
3502, 10, 2, 14, 1, 0
3502, 10, 1, 14, 31, 0
3502, 10, 1, 15, 1, 0
3502, 10, 0, 15, 30, 0
3502, 10, 3, 15, 31, 0
3502, 10, 1, 17, 1, 0
3502, 10, 2, 17, 2, 0
3502, 10, 3, 17, 3, 0
3502, 10, 1, 18, 3, 0
3502, 10, 3, 18, 4, 0
3502, 10, 3, 18, 7, 0
3502, 10, 0, 19, 3, 0
3502, 10, 0, 19, 4, 0
3502, 10, 3, 19, 14, 0
3502, 10, 1, 20, 8, 0
3502, 10, 1, 20, 9, 0
3502, 10, 1, 20, 10, 0
3502, 10, 1, 20, 11, 0
3502, 10, 1, 20, 12, 0
3502, 10, 1, 20, 13, 0
3502, 10, 3, 20, 16, 0
3502, 10, 1, 21, 7, 0
3502, 10, 1, 21, 14, 0
3502, 10, 1, 21, 15, 0
3502, 10, 3, 21, 19, 0
3502, 10, 1, 22, 16, 0
3502, 10, 1, 22, 17, 0
3502, 10, 1, 22, 18, 0
3502, 10, 3, 22, 20, 0
3502, 10, 3, 22, 58, 0
3502, 10, 3, 22, 60, 0
3502, 10, 1, 23, 18, 0
3502, 10, 1, 23, 19, 0
3502, 10, 3, 23, 21, 0
3502, 10, 3, 23, 56, 0
3502, 10, 1, 23, 59, 0
3502, 10, 3, 23, 61, 0
3502, 10, 1, 24, 19, 0
3502, 10, 1, 24, 20, 0
3502, 10, 3, 24, 24, 0
3502, 10, 3, 24, 55, 0
3502, 10, 1, 24, 57, 0
3502, 10, 1, 24, 58, 0
3502, 10, 1, 24, 60, 0
3502, 10, 1, 25, 21, 0
3502, 10, 1, 25, 22, 0
3502, 10, 1, 25, 23, 0
3502, 10, 3, 25, 25, 0
3502, 10, 3, 25, 43, 0
3502, 10, 3, 25, 54, 0
3502, 10, 1, 25, 56, 0
3502, 10, 1, 25, 61, 0
3502, 10, 1, 25, 62, 0
3502, 10, 1, 25, 63, 0
3502, 10, 1, 26, 24, 0
3502, 10, 3, 26, 32, 0
3502, 10, 3, 26, 51, 0
3502, 10, 1, 26, 55, 0
3502, 10, 1, 27, 24, 0
3502, 10, 3, 27, 26, 0
3502, 10, 3, 27, 31, 0
3502, 10, 1, 27, 33, 0
3502, 10, 1, 27, 34, 0
3502, 10, 1, 27, 40, 0
3502, 10, 1, 27, 43, 0
3502, 10, 1, 27, 44, 0
3502, 10, 3, 27, 50, 0
3502, 10, 1, 27, 52, 0
3502, 10, 1, 27, 53, 0
3502, 10, 1, 27, 54, 0
3502, 10, 1, 28, 25, 0
3502, 10, 3, 28, 27, 0
3502, 10, 3, 28, 30, 0
3502, 10, 1, 28, 32, 0
3502, 10, 1, 28, 45, 0
3502, 10, 1, 28, 46, 0
3502, 10, 1, 28, 51, 0
3502, 10, 1, 29, 26, 0
3502, 10, 1, 29, 31, 0
3502, 10, 1, 29, 47, 0
3502, 10, 1, 29, 49, 0
3502, 10, 1, 29, 50, 0
3502, 10, 3, 30, 18, 0
3502, 10, 0, 31, 17, 0
3502, 10, 1, 36, 19, 0
3502, 10, 2, 37, 20, 0
3502, 10, 0, 38, 20, 0
3502, 10, 3, 38, 21, 0
3502, 10, 1, 39, 17, 0
3502, 10, 2, 50, 4, 0
3502, 10, 1, 51, 7, 0
3502, 10, 0, 51, 9, 0
3502, 10, 3, 51, 10, 0
3502, 10, 3, 51, 13, 0
3502, 10, 3, 53, 5, 0
3502, 10, 3, 54, 5, 0
3502, 10, 2, 54, 28, 0
3502, 10, 0, 54, 29, 0
3502, 10, 1, 55, 29, 0
3502, 10, 3, 56, 26, 0
3503, 10, 2, 1, 5, 0
3503, 10, 3, 1, 7, 0
3503, 10, 1, 2, 2, 0
3503, 10, 3, 2, 6, 0
3503, 10, 0, 3, 6, 0
3503, 10, 0, 3, 31, 0
3503, 10, 0, 3, 59, 0
3503, 10, 0, 3, 60, 0
3503, 10, 1, 4, 2, 0
3503, 10, 0, 4, 31, 0
3503, 10, 3, 4, 34, 0
3503, 10, 1, 4, 35, 0
3503, 10, 2, 4, 38, 0
3503, 10, 1, 4, 61, 0
3503, 10, 3, 5, 3, 0
3503, 10, 2, 6, 56, 0
3503, 10, 1, 6, 58, 0
3503, 10, 2, 7, 59, 0
3503, 10, 2, 9, 15, 0
3503, 10, 3, 9, 59, 0
3503, 10, 0, 10, 1, 0
3503, 10, 2, 14, 30, 0
3503, 10, 3, 16, 1, 0
3503, 10, 2, 16, 2, 0
3503, 10, 3, 17, 4, 0
3503, 10, 3, 17, 9, 0
3503, 10, 1, 18, 1, 0
3503, 10, 2, 18, 2, 0
3503, 10, 3, 18, 9, 0
3503, 10, 3, 18, 11, 0
3503, 10, 3, 18, 13, 0
3503, 10, 0, 19, 5, 0
3503, 10, 3, 19, 15, 0
3503, 10, 3, 20, 17, 0
3503, 10, 3, 21, 59, 0
3503, 10, 3, 22, 57, 0
3503, 10, 3, 23, 22, 0
3503, 10, 3, 23, 23, 0
3503, 10, 3, 23, 62, 0
3503, 10, 3, 24, 41, 0
3503, 10, 3, 24, 42, 0
3503, 10, 3, 25, 44, 0
3503, 10, 3, 25, 52, 0
3503, 10, 3, 25, 53, 0
3503, 10, 0, 26, 26, 0
3503, 10, 3, 26, 35, 0
3503, 10, 3, 26, 36, 0
3503, 10, 3, 26, 37, 0
3503, 10, 3, 26, 38, 0
3503, 10, 3, 26, 46, 0
3503, 10, 3, 27, 48, 0
3503, 10, 3, 27, 49, 0
3503, 10, 3, 28, 28, 0
3503, 10, 3, 28, 29, 0
3503, 10, 0, 38, 18, 0
3503, 10, 3, 39, 18, 0
3503, 10, 1, 51, 5, 0
3503, 10, 2, 51, 12, 0
3503, 10, 0, 52, 7, 0
3503, 10, 3, 52, 11, 0
3503, 10, 3, 53, 30, 0
3503, 10, 2, 53, 31, 0
3503, 10, 2, 55, 5, 0
3503, 10, 1, 55, 27, 0
3503, 10, 0, 55, 28, 0
3503, 10, 1, 56, 27, 0
3504, 10, 1, 1, 31, 0
3504, 10, 2, 1, 58, 0
3504, 10, 1, 2, 34, 0
3504, 10, 0, 4, 42, 0
3504, 10, 1, 6, 16, 0
3504, 10, 1, 6, 31, 0
3504, 10, 0, 6, 36, 0
3504, 10, 2, 6, 51, 0
3504, 10, 3, 7, 14, 0
3504, 10, 2, 7, 32, 0
3504, 10, 1, 8, 18, 0
3504, 10, 1, 9, 16, 0
3504, 10, 2, 9, 54, 0
3504, 10, 2, 11, 56, 0
3504, 10, 2, 11, 58, 0
3504, 10, 2, 12, 30, 0
3504, 10, 2, 15, 6, 0
3504, 10, 0, 16, 7, 0
3504, 10, 2, 17, 6, 0
3504, 10, 3, 21, 57, 0
3504, 10, 3, 21, 58, 0
3504, 10, 3, 21, 60, 0
3504, 10, 1, 22, 14, 0
3504, 10, 1, 22, 15, 0
3504, 10, 3, 22, 21, 0
3504, 10, 3, 22, 56, 0
3504, 10, 3, 22, 61, 0
3504, 10, 3, 22, 62, 0
3504, 10, 3, 22, 63, 0
3504, 10, 1, 23, 16, 0
3504, 10, 3, 23, 41, 0
3504, 10, 3, 23, 42, 0
3504, 10, 3, 23, 54, 0
3504, 10, 3, 23, 55, 0
3504, 10, 3, 23, 63, 0
3504, 10, 1, 24, 17, 0
3504, 10, 1, 24, 18, 0
3504, 10, 3, 24, 33, 0
3504, 10, 3, 24, 39, 0
3504, 10, 3, 24, 43, 0
3504, 10, 3, 24, 52, 0
3504, 10, 3, 24, 53, 0
3504, 10, 3, 25, 26, 0
3504, 10, 3, 25, 31, 0
3504, 10, 3, 25, 37, 0
3504, 10, 3, 25, 45, 0
3504, 10, 3, 25, 46, 0
3504, 10, 3, 25, 50, 0
3504, 10, 1, 25, 57, 0
3504, 10, 1, 25, 59, 0
3504, 10, 1, 25, 60, 0
3504, 10, 1, 26, 21, 0
3504, 10, 1, 26, 22, 0
3504, 10, 1, 26, 23, 0
3504, 10, 3, 26, 30, 0
3504, 10, 3, 26, 47, 0
3504, 10, 3, 26, 49, 0
3504, 10, 1, 26, 62, 0
3504, 10, 3, 27, 27, 0
3504, 10, 1, 27, 41, 0
3504, 10, 1, 27, 56, 0
3504, 10, 1, 28, 42, 0
3504, 10, 1, 28, 44, 0
3504, 10, 1, 28, 52, 0
3504, 10, 0, 29, 16, 0
3504, 10, 0, 29, 20, 0
3504, 10, 1, 29, 36, 0
3504, 10, 1, 29, 37, 0
3504, 10, 1, 30, 26, 0
3504, 10, 1, 30, 49, 0
3504, 10, 1, 31, 29, 0
3504, 10, 0, 32, 18, 0
3504, 10, 0, 38, 23, 0
3504, 10, 0, 39, 21, 0
3504, 10, 0, 40, 16, 0
3504, 10, 0, 40, 20, 0
3504, 10, 0, 43, 17, 0
3504, 10, 3, 49, 6, 0
3504, 10, 3, 49, 10, 0
3504, 10, 3, 49, 15, 0
3504, 10, 3, 50, 9, 0
3504, 10, 2, 52, 2, 0
3504, 10, 2, 52, 32, 0
3504, 10, 1, 53, 63, 0
3504, 10, 3, 54, 26, 0
3504, 10, 0, 54, 62, 0
3504, 10, 3, 55, 25, 0
3504, 10, 2, 55, 33, 0
3504, 10, 3, 55, 60, 0
3504, 10, 2, 57, 31, 0
3504, 10, 2, 57, 58, 0
3504, 10, 1, 58, 57, 0
3504, 10, 2, 59, 8, 0
3504, 10, 2, 59, 25, 0
3504, 10, 2, 60, 7, 0
3504, 10, 0, 60, 55, 0
3504, 10, 3, 61, 52, 0
3505, 10, 3, 0, 55, 0
3505, 10, 3, 1, 10, 0
3505, 10, 3, 1, 30, 0
3505, 10, 3, 1, 36, 0
3505, 10, 3, 1, 57, 0
3505, 10, 3, 1, 59, 0
3505, 10, 3, 2, 32, 0
3505, 10, 3, 2, 37, 0
3505, 10, 0, 2, 60, 0
3505, 10, 0, 2, 62, 0
3505, 10, 3, 3, 38, 0
3505, 10, 3, 3, 55, 0
3505, 10, 2, 4, 29, 0
3505, 10, 0, 4, 40, 0
3505, 10, 3, 4, 54, 0
3505, 10, 0, 4, 60, 0
3505, 10, 0, 5, 42, 0
3505, 10, 3, 5, 52, 0
3505, 10, 3, 6, 15, 0
3505, 10, 2, 6, 30, 0
3505, 10, 2, 6, 32, 0
3505, 10, 2, 6, 39, 0
3505, 10, 0, 6, 41, 0
3505, 10, 2, 6, 62, 0
3505, 10, 3, 7, 7, 0
3505, 10, 1, 7, 17, 0
3505, 10, 2, 7, 34, 0
3505, 10, 2, 7, 54, 0
3505, 10, 0, 8, 17, 0
3505, 10, 2, 8, 36, 0
3505, 10, 2, 9, 34, 0
3505, 10, 2, 9, 55, 0
3505, 10, 1, 10, 15, 0
3505, 10, 2, 10, 56, 0
3505, 10, 2, 10, 58, 0
3505, 10, 1, 11, 31, 0
3505, 10, 3, 13, 2, 0
3505, 10, 3, 13, 30, 0
3505, 10, 2, 13, 32, 0
3505, 10, 2, 13, 59, 0
3505, 10, 1, 14, 29, 0
3505, 10, 2, 15, 5, 0
3505, 10, 0, 16, 6, 0
3505, 10, 3, 16, 29, 0
3505, 10, 2, 17, 8, 0
3505, 10, 1, 18, 10, 0
3505, 10, 1, 18, 12, 0
3505, 10, 1, 18, 14, 0
3505, 10, 0, 19, 9, 0
3505, 10, 1, 19, 16, 0
3505, 10, 0, 20, 7, 0
3505, 10, 1, 20, 18, 0
3505, 10, 0, 21, 6, 0
3505, 10, 1, 21, 20, 0
3505, 10, 1, 22, 22, 0
3505, 10, 1, 23, 24, 0
3505, 10, 1, 24, 25, 0
3505, 10, 1, 25, 33, 0
3505, 10, 1, 25, 34, 0
3505, 10, 1, 25, 35, 0
3505, 10, 1, 25, 38, 0
3505, 10, 1, 25, 40, 0
3505, 10, 1, 25, 42, 0
3505, 10, 1, 26, 27, 0
3505, 10, 1, 26, 31, 0
3505, 10, 1, 27, 29, 0
3505, 10, 2, 28, 17, 0
3505, 10, 2, 29, 19, 0
3505, 10, 1, 30, 16, 0
3505, 10, 3, 30, 20, 0
3505, 10, 0, 31, 16, 0
3505, 10, 0, 31, 19, 0
3505, 10, 0, 32, 17, 0
3505, 10, 0, 35, 19, 0
3505, 10, 2, 36, 18, 0
3505, 10, 0, 36, 20, 0
3505, 10, 2, 37, 17, 0
3505, 10, 0, 37, 21, 0
3505, 10, 1, 39, 16, 0
3505, 10, 0, 39, 20, 0
3505, 10, 0, 40, 19, 0
3505, 10, 1, 41, 16, 0
3505, 10, 0, 49, 3, 0
3505, 10, 0, 49, 5, 0
3505, 10, 0, 49, 11, 0
3505, 10, 0, 49, 13, 0
3505, 10, 0, 50, 2, 0
3505, 10, 0, 50, 3, 0
3505, 10, 0, 50, 7, 0
3505, 10, 0, 50, 10, 0
3505, 10, 0, 50, 15, 0
3505, 10, 0, 51, 31, 0
3505, 10, 0, 52, 4, 0
3505, 10, 2, 52, 14, 0
3505, 10, 3, 52, 29, 0
3505, 10, 2, 53, 7, 0
3505, 10, 2, 53, 10, 0
3505, 10, 3, 53, 27, 0
3505, 10, 2, 54, 4, 0
3505, 10, 2, 54, 6, 0
3505, 10, 2, 55, 26, 0
3505, 10, 0, 55, 32, 0
3505, 10, 2, 55, 62, 0
3505, 10, 2, 56, 25, 0
3505, 10, 1, 56, 30, 0
3505, 10, 2, 56, 61, 0
3505, 10, 1, 57, 28, 0
3505, 10, 0, 57, 59, 0
3505, 10, 2, 58, 5, 0
3505, 10, 2, 58, 25, 0
3505, 10, 1, 58, 27, 0
3505, 10, 3, 58, 58, 0
3505, 10, 2, 59, 6, 0
3505, 10, 1, 59, 26, 0
3505, 10, 1, 59, 56, 0
3505, 10, 3, 60, 54, 0
3505, 10, 2, 60, 56, 0
3505, 10, 0, 61, 54, 0
3505, 10, 2, 62, 51, 0
3505, 10, 1, 62, 53, 0
3505, 10, 3, 63, 51, 0
3508, 10, 1, 0, 12, 0
3508, 10, 2, 0, 16, 0
3508, 10, 2, 0, 20, 0
3508, 10, 2, 0, 25, 0
3508, 10, 2, 0, 40, 0
3508, 10, 2, 0, 53, 0
3508, 10, 2, 1, 32, 0
3508, 10, 1, 1, 38, 0
3508, 10, 1, 2, 18, 0
3508, 10, 3, 2, 26, 0
3508, 10, 0, 2, 28, 0
3508, 10, 0, 2, 43, 0
3508, 10, 0, 2, 50, 0
3508, 10, 3, 3, 50, 0
3508, 10, 1, 3, 54, 0
3508, 10, 0, 4, 15, 0
3508, 10, 2, 4, 48, 0
3508, 10, 3, 5, 50, 0
3508, 10, 0, 6, 19, 0
3508, 10, 0, 6, 23, 0
3508, 10, 3, 6, 45, 0
3508, 10, 3, 7, 28, 0
3508, 10, 2, 7, 49, 0
3508, 10, 1, 8, 20, 0
3508, 10, 3, 9, 40, 0
3508, 10, 0, 9, 63, 0
3508, 10, 0, 10, 17, 0
3508, 10, 0, 10, 21, 0
3508, 10, 2, 10, 32, 0
3508, 10, 3, 10, 35, 0
3508, 10, 1, 10, 46, 0
3508, 10, 3, 10, 53, 0
3508, 10, 0, 11, 52, 0
3508, 10, 1, 12, 16, 0
3508, 10, 1, 12, 19, 0
3508, 10, 2, 12, 57, 0
3508, 10, 2, 13, 61, 0
3508, 10, 3, 14, 19, 0
3508, 10, 0, 14, 36, 0
3508, 10, 2, 15, 21, 0
3508, 10, 3, 15, 56, 0
3508, 10, 2, 15, 58, 0
3508, 10, 2, 16, 18, 0
3508, 10, 0, 17, 14, 0
3508, 10, 1, 17, 61, 0
3508, 10, 3, 18, 16, 0
3508, 10, 1, 18, 22, 0
3508, 10, 2, 19, 40, 0
3508, 10, 1, 19, 61, 0
3508, 10, 0, 19, 62, 0
3508, 10, 3, 21, 8, 0
3508, 10, 2, 21, 23, 0
3508, 10, 1, 21, 53, 0
3508, 10, 2, 23, 6, 0
3508, 10, 0, 23, 33, 0
3508, 10, 2, 23, 51, 0
3508, 10, 0, 24, 26, 0
3508, 10, 0, 25, 49, 0
3508, 10, 1, 26, 6, 0
3508, 10, 2, 26, 20, 0
3508, 10, 0, 26, 57, 0
3508, 10, 1, 26, 60, 0
3508, 10, 2, 27, 30, 0
3508, 10, 0, 29, 7, 0
3508, 10, 0, 29, 25, 0
3508, 10, 3, 29, 35, 0
3508, 10, 0, 29, 38, 0
3508, 10, 1, 30, 47, 0
3508, 10, 3, 30, 51, 0
3508, 10, 2, 31, 62, 0
3508, 10, 1, 32, 33, 0
3508, 10, 2, 32, 47, 0
3508, 10, 3, 33, 9, 0
3508, 10, 0, 33, 51, 0
3508, 10, 2, 34, 51, 0
3508, 10, 1, 34, 61, 0
3508, 10, 1, 35, 47, 0
3508, 10, 1, 36, 4, 0
3508, 10, 2, 36, 8, 0
3508, 10, 2, 37, 27, 0
3508, 10, 3, 38, 25, 0
3508, 10, 2, 38, 51, 0
3508, 10, 3, 39, 7, 0
3508, 10, 1, 39, 39, 0
3508, 10, 3, 39, 49, 0
3508, 10, 1, 40, 30, 0
3508, 10, 0, 40, 38, 0
3508, 10, 1, 41, 20, 0
3508, 10, 0, 41, 23, 0
3508, 10, 2, 41, 24, 0
3508, 10, 2, 41, 32, 0
3508, 10, 3, 41, 35, 0
3508, 10, 2, 41, 60, 0
3508, 10, 2, 42, 2, 0
3508, 10, 0, 42, 22, 0
3508, 10, 3, 42, 38, 0
3508, 10, 2, 42, 41, 0
3508, 10, 1, 42, 62, 0
3508, 10, 3, 43, 20, 0
3508, 10, 0, 43, 43, 0
3508, 10, 1, 43, 55, 0
3508, 10, 1, 44, 0, 0
3508, 10, 1, 44, 25, 0
3508, 10, 0, 45, 15, 0
3508, 10, 3, 45, 19, 0
3508, 10, 0, 45, 37, 0
3508, 10, 2, 45, 42, 0
3508, 10, 3, 46, 17, 0
3508, 10, 3, 46, 44, 0
3508, 10, 1, 47, 39, 0
3508, 10, 2, 48, 40, 0
3508, 10, 3, 48, 52, 0
3508, 10, 1, 49, 17, 0
3508, 10, 0, 49, 19, 0
3508, 10, 1, 49, 42, 0
3508, 10, 0, 50, 62, 0
3508, 10, 2, 51, 55, 0
3508, 10, 2, 52, 16, 0
3508, 10, 0, 52, 44, 0
3508, 10, 1, 53, 42, 0
3508, 10, 3, 53, 56, 0
3508, 10, 3, 53, 62, 0
3508, 10, 2, 54, 2, 0
3508, 10, 1, 54, 16, 0
3508, 10, 3, 54, 19, 0
3508, 10, 2, 54, 58, 0
3508, 10, 2, 55, 44, 0
3508, 10, 0, 56, 15, 0
3508, 10, 2, 56, 32, 0
3508, 10, 2, 60, 30, 0
3508, 10, 0, 61, 4, 0
3508, 10, 0, 61, 16, 0
3508, 10, 1, 61, 33, 0
3508, 10, 3, 61, 39, 0
3508, 10, 3, 61, 50, 0
3508, 10, 2, 62, 19, 0
3508, 10, 1, 62, 26, 0
3508, 10, 1, 62, 29, 0
3508, 10, 1, 62, 48, 0
3508, 10, 3, 63, 1, 0
3508, 10, 3, 63, 9, 0
3508, 10, 0, 63, 12, 0
3508, 10, 0, 63, 15, 0
3508, 10, 1, 63, 21, 0
3508, 10, 3, 63, 31, 0
3508, 10, 1, 63, 38, 0
3510, 10, 2, 0, 28, 0
3510, 10, 1, 0, 34, 0
3510, 10, 1, 1, 22, 0
3510, 10, 0, 2, 10, 0
3510, 10, 1, 2, 14, 0
3510, 10, 0, 2, 20, 0
3510, 10, 0, 2, 40, 0
3510, 10, 2, 2, 52, 0
3510, 10, 3, 3, 24, 0
3510, 10, 2, 4, 17, 0
3510, 10, 3, 4, 20, 0
3510, 10, 2, 4, 22, 0
3510, 10, 2, 4, 24, 0
3510, 10, 2, 4, 45, 0
3510, 10, 1, 4, 62, 0
3510, 10, 3, 5, 28, 0
3510, 10, 3, 6, 25, 0
3510, 10, 3, 6, 48, 0
3510, 10, 0, 8, 19, 0
3510, 10, 0, 8, 30, 0
3510, 10, 1, 8, 38, 0
3510, 10, 1, 8, 43, 0
3510, 10, 0, 9, 51, 0
3510, 10, 1, 10, 16, 0
3510, 10, 0, 11, 38, 0
3510, 10, 0, 11, 62, 0
3510, 10, 3, 12, 34, 0
3510, 10, 2, 13, 19, 0
3510, 10, 1, 13, 55, 0
3510, 10, 3, 14, 17, 0
3510, 10, 3, 15, 62, 0
3510, 10, 0, 16, 12, 0
3510, 10, 1, 16, 15, 0
3510, 10, 3, 16, 19, 0
3510, 10, 2, 16, 38, 0
3510, 10, 2, 16, 59, 0
3510, 10, 0, 17, 16, 0
3510, 10, 2, 19, 18, 0
3510, 10, 3, 19, 37, 0
3510, 10, 3, 20, 21, 0
3510, 10, 0, 20, 23, 0
3510, 10, 0, 21, 10, 0
3510, 10, 0, 22, 25, 0
3510, 10, 1, 22, 40, 0
3510, 10, 0, 22, 44, 0
3510, 10, 3, 23, 7, 0
3510, 10, 0, 23, 36, 0
3510, 10, 2, 24, 5, 0
3510, 10, 2, 25, 7, 0
3510, 10, 2, 25, 28, 0
3510, 10, 1, 25, 30, 0
3510, 10, 3, 25, 32, 0
3510, 10, 1, 27, 23, 0
3510, 10, 0, 29, 6, 0
3510, 10, 1, 29, 8, 0
3510, 10, 2, 31, 47, 0
3510, 10, 2, 32, 9, 0
3510, 10, 3, 33, 7, 0
3510, 10, 1, 33, 13, 0
3510, 10, 3, 34, 49, 0
3510, 10, 0, 35, 11, 0
3510, 10, 0, 35, 28, 0
3510, 10, 1, 36, 6, 0
3510, 10, 3, 36, 9, 0
3510, 10, 0, 37, 48, 0
3510, 10, 2, 38, 8, 0
3510, 10, 3, 38, 57, 0
3510, 10, 0, 39, 2, 0
3510, 10, 2, 39, 23, 0
3510, 10, 2, 39, 52, 0
3510, 10, 1, 40, 2, 0
3510, 10, 0, 40, 25, 0
3510, 10, 2, 40, 50, 0
3510, 10, 3, 40, 62, 0
3510, 10, 2, 41, 4, 0
3510, 10, 1, 41, 29, 0
3510, 10, 0, 41, 58, 0
3510, 10, 0, 42, 0, 0
3510, 10, 3, 43, 5, 0
3510, 10, 1, 43, 18, 0
3510, 10, 3, 43, 24, 0
3510, 10, 2, 43, 31, 0
3510, 10, 3, 44, 31, 0
3510, 10, 1, 44, 53, 0
3510, 10, 0, 45, 7, 0
3510, 10, 0, 45, 21, 0
3510, 10, 0, 45, 51, 0
3510, 10, 0, 45, 62, 0
3510, 10, 3, 46, 1, 0
3510, 10, 2, 46, 4, 0
3510, 10, 3, 47, 14, 0
3510, 10, 2, 47, 16, 0
3510, 10, 1, 47, 63, 0
3510, 10, 3, 48, 0, 0
3510, 10, 1, 48, 9, 0
3510, 10, 2, 48, 12, 0
3510, 10, 2, 48, 54, 0
3510, 10, 2, 48, 62, 0
3510, 10, 0, 50, 1, 0
3510, 10, 3, 51, 18, 0
3510, 10, 1, 52, 55, 0
3510, 10, 2, 53, 0, 0
3510, 10, 3, 53, 60, 0
3510, 10, 1, 55, 1, 0
3510, 10, 2, 55, 3, 0
3510, 10, 0, 55, 55, 0
3510, 10, 0, 56, 16, 0
3510, 10, 2, 59, 4, 0
3510, 10, 2, 59, 28, 0
3510, 10, 3, 59, 34, 0
3510, 10, 3, 60, 0, 0
3510, 10, 1, 60, 36, 0
3510, 10, 1, 61, 18, 0
3510, 10, 0, 62, 3, 0
3510, 10, 1, 62, 7, 0
3510, 10, 2, 62, 10, 0
3510, 10, 1, 62, 23, 0
3510, 10, 3, 63, 17, 0
3510, 10, 2, 63, 25, 0
3510, 10, 0, 63, 36, 0
3510, 10, 3, 63, 41, 0
3512, 10, 1, 0, 11, 0
3512, 10, 1, 1, 26, 0
3512, 10, 2, 1, 34, 0
3512, 10, 2, 2, 21, 0
3512, 10, 3, 3, 41, 0
3512, 10, 3, 6, 27, 0
3512, 10, 2, 10, 18, 0
3512, 10, 2, 11, 33, 0
3512, 10, 1, 14, 37, 0
3512, 10, 3, 18, 21, 0
3512, 10, 0, 19, 38, 0
3512, 10, 3, 22, 41, 0
3512, 10, 0, 23, 25, 0
3512, 10, 0, 24, 6, 0
3512, 10, 2, 24, 37, 0
3512, 10, 1, 27, 62, 0
3512, 10, 1, 28, 7, 0
3512, 10, 2, 28, 22, 0
3512, 10, 1, 29, 39, 0
3512, 10, 0, 30, 62, 0
3512, 10, 0, 31, 31, 0
3512, 10, 2, 33, 48, 0
3512, 10, 2, 35, 8, 0
3512, 10, 3, 38, 4, 0
3512, 10, 0, 38, 28, 0
3512, 10, 3, 38, 53, 0
3512, 10, 3, 39, 27, 0
3512, 10, 1, 40, 32, 0
3512, 10, 2, 41, 22, 0
3512, 10, 2, 41, 36, 0
3512, 10, 3, 43, 39, 0
3512, 10, 1, 43, 62, 0
3512, 10, 0, 44, 4, 0
3512, 10, 1, 45, 1, 0
3512, 10, 2, 45, 52, 0
3512, 10, 1, 46, 20, 0
3512, 10, 0, 46, 41, 0
3512, 10, 3, 47, 13, 0
3512, 10, 3, 47, 53, 0
3512, 10, 2, 48, 7, 0
3512, 10, 0, 48, 17, 0
3512, 10, 1, 48, 44, 0
3514, 10, 1, 9, 48, 0
3514, 10, 1, 18, 55, 0
3514, 10, 1, 27, 28, 0
3514, 10, 1, 34, 9, 0
3514, 10, 1, 37, 47, 0
3514, 10, 1, 47, 50, 0
3515, 10, 1, 8, 47, 1
3515, 10, 1, 17, 54, 1
3515, 10, 1, 26, 27, 1
3515, 10, 1, 33, 8, 1
3515, 10, 1, 36, 46, 1
3515, 10, 1, 46, 49, 1
3547, 22, 3, 3, 9, 0
3547, 22, 2, 4, 14, 0
3547, 22, 0, 9, 14, 0
3547, 22, 1, 9, 43, 0
3547, 22, 2, 11, 39, 0
3547, 22, 1, 13, 7, 0
3547, 22, 3, 14, 8, 0
3547, 22, 0, 15, 12, 0
3547, 22, 1, 17, 41, 0
3547, 22, 2, 18, 41, 0
3547, 22, 2, 19, 51, 0
3547, 22, 2, 23, 46, 0
3548, 22, 2, 2, 10, 0
3548, 22, 3, 3, 8, 0
3548, 22, 1, 3, 10, 0
3548, 22, 0, 3, 13, 0
3548, 22, 0, 3, 14, 0
3548, 22, 0, 4, 7, 0
3548, 22, 2, 4, 8, 0
3548, 22, 0, 4, 9, 0
3548, 22, 3, 4, 13, 0
3548, 22, 3, 4, 15, 0
3548, 22, 1, 5, 14, 0
3548, 22, 2, 5, 15, 0
3548, 22, 1, 6, 14, 0
3548, 22, 1, 8, 14, 0
3548, 22, 2, 8, 22, 0
3548, 22, 3, 8, 42, 0
3548, 22, 2, 9, 13, 0
3548, 22, 0, 9, 41, 0
3548, 22, 3, 9, 42, 0
3548, 22, 1, 9, 44, 0
3548, 22, 3, 10, 14, 0
3548, 22, 0, 10, 15, 0
3548, 22, 1, 10, 39, 0
3548, 22, 2, 10, 40, 0
3548, 22, 2, 10, 44, 0
3548, 22, 3, 10, 45, 0
3548, 22, 1, 11, 21, 0
3548, 22, 3, 12, 7, 0
3548, 22, 0, 12, 39, 0
3548, 22, 2, 13, 6, 0
3548, 22, 0, 13, 8, 0
3548, 22, 0, 14, 5, 0
3548, 22, 1, 14, 7, 0
3548, 22, 0, 14, 13, 0
3548, 22, 3, 15, 8, 0
3548, 22, 2, 15, 11, 0
3548, 22, 0, 15, 13, 0
3548, 22, 3, 16, 11, 0
3548, 22, 0, 16, 23, 0
3548, 22, 0, 16, 40, 0
3548, 22, 1, 16, 41, 0
3548, 22, 0, 17, 40, 0
3548, 22, 2, 17, 42, 0
3548, 22, 3, 18, 40, 0
3548, 22, 3, 18, 42, 0
3548, 22, 1, 18, 51, 0
3548, 22, 2, 18, 52, 0
3548, 22, 2, 19, 41, 0
3548, 22, 3, 19, 42, 0
3548, 22, 0, 19, 50, 0
3548, 22, 3, 20, 25, 0
3548, 22, 2, 20, 51, 0
3548, 22, 2, 22, 45, 0
3548, 22, 3, 22, 46, 0
3548, 22, 2, 22, 50, 0
3548, 22, 1, 23, 45, 0
3548, 22, 2, 24, 28, 0
3548, 22, 0, 24, 46, 0
3548, 22, 1, 24, 47, 0
3549, 22, 1, 1, 12, 0
3549, 22, 3, 2, 9, 0
3549, 22, 0, 2, 11, 0
3549, 22, 1, 2, 13, 0
3549, 22, 2, 3, 7, 0
3549, 22, 0, 3, 15, 0
3549, 22, 2, 4, 12, 0
3549, 22, 3, 4, 16, 0
3549, 22, 0, 5, 7, 0
3549, 22, 0, 5, 8, 0
3549, 22, 2, 5, 13, 0
3549, 22, 2, 5, 16, 0
3549, 22, 1, 6, 15, 0
3549, 22, 1, 7, 22, 0
3549, 22, 3, 7, 23, 0
3549, 22, 3, 8, 13, 0
3549, 22, 0, 8, 23, 0
3549, 22, 0, 8, 41, 0
3549, 22, 3, 8, 43, 0
3549, 22, 3, 9, 21, 0
3549, 22, 0, 9, 45, 0
3549, 22, 0, 10, 13, 0
3549, 22, 0, 10, 21, 0
3549, 22, 2, 10, 38, 0
3549, 22, 0, 10, 41, 0
3549, 22, 1, 10, 42, 0
3549, 22, 0, 10, 43, 0
3549, 22, 0, 10, 46, 0
3549, 22, 0, 11, 15, 0
3549, 22, 2, 11, 20, 0
3549, 22, 3, 11, 38, 0
3549, 22, 1, 11, 40, 0
3549, 22, 2, 11, 45, 0
3549, 22, 3, 11, 46, 0
3549, 22, 1, 12, 6, 0
3549, 22, 2, 12, 8, 0
3549, 22, 1, 12, 15, 0
3549, 22, 1, 12, 21, 0
3549, 22, 0, 12, 38, 0
3549, 22, 3, 12, 40, 0
3549, 22, 1, 12, 47, 0
3549, 22, 2, 13, 5, 0
3549, 22, 0, 13, 15, 0
3549, 22, 2, 13, 20, 0
3549, 22, 1, 13, 38, 0
3549, 22, 2, 13, 39, 0
3549, 22, 0, 14, 6, 0
3549, 22, 2, 14, 12, 0
3549, 22, 3, 14, 14, 0
3549, 22, 2, 14, 21, 0
3549, 22, 2, 14, 39, 0
3549, 22, 3, 15, 4, 0
3549, 22, 0, 15, 5, 0
3549, 22, 0, 15, 6, 0
3549, 22, 0, 15, 7, 0
3549, 22, 2, 15, 9, 0
3549, 22, 3, 15, 10, 0
3549, 22, 0, 15, 22, 0
3549, 22, 3, 15, 23, 0
3549, 22, 0, 15, 40, 0
3549, 22, 1, 15, 41, 0
3549, 22, 2, 16, 8, 0
3549, 22, 0, 16, 10, 0
3549, 22, 1, 16, 12, 0
3549, 22, 2, 16, 13, 0
3549, 22, 2, 16, 22, 0
3549, 22, 3, 16, 39, 0
3549, 22, 2, 16, 42, 0
3549, 22, 1, 17, 22, 0
3549, 22, 0, 17, 23, 0
3549, 22, 1, 17, 39, 0
3549, 22, 3, 17, 51, 0
3549, 22, 0, 17, 52, 0
3549, 22, 1, 17, 53, 0
3549, 22, 0, 18, 39, 0
3549, 22, 2, 18, 50, 0
3549, 22, 3, 19, 23, 0
3549, 22, 0, 19, 24, 0
3549, 22, 0, 19, 25, 0
3549, 22, 3, 19, 40, 0
3549, 22, 1, 19, 43, 0
3549, 22, 2, 20, 24, 0
3549, 22, 0, 20, 27, 0
3549, 22, 2, 20, 41, 0
3549, 22, 0, 20, 42, 0
3549, 22, 0, 20, 50, 0
3549, 22, 1, 20, 52, 0
3549, 22, 1, 21, 25, 0
3549, 22, 2, 21, 26, 0
3549, 22, 3, 21, 42, 0
3549, 22, 1, 21, 44, 0
3549, 22, 2, 21, 45, 0
3549, 22, 3, 21, 50, 0
3549, 22, 2, 22, 24, 0
3549, 22, 2, 22, 25, 0
3549, 22, 1, 22, 26, 0
3549, 22, 0, 22, 44, 0
3549, 22, 0, 23, 26, 0
3549, 22, 0, 23, 27, 0
3549, 22, 3, 23, 28, 0
3549, 22, 2, 23, 29, 0
3549, 22, 3, 23, 30, 0
3549, 22, 3, 23, 44, 0
3549, 22, 2, 23, 47, 0
3549, 22, 3, 24, 27, 0
3549, 22, 1, 24, 29, 0
3549, 22, 1, 24, 45, 0
3549, 22, 3, 24, 48, 0
3549, 22, 3, 25, 28, 0
3549, 22, 1, 25, 47, 0
3549, 22, 0, 25, 48, 0
4055, 10, 0, 5, 43, 0
4055, 10, 1, 9, 62, 0
4055, 10, 1, 17, 7, 0
4055, 10, 1, 43, 29, 0
4055, 10, 1, 59, 5, 0
4056, 10, 0, 4, 23, 0
4056, 10, 3, 23, 40, 0
4056, 10, 1, 32, 61, 0
4056, 10, 1, 33, 11, 0
4056, 10, 1, 38, 37, 0
4056, 10, 1, 48, 16, 0
4056, 10, 1, 54, 42, 0
4057, 10, 1, 0, 10, 0
4057, 10, 1, 13, 34, 0
4057, 10, 1, 36, 47, 0
4057, 10, 1, 52, 62, 0
4057, 10, 1, 62, 27, 0
6970, 11, 2, 42, 49, 0
7389, 22, 2, 43, 52, 0
