816, 10, 0, 1, 40, 0
816, 10, 0, 1, 41, 0
816, 10, 0, 1, 42, 0
816, 10, 0, 1, 43, 0
816, 10, 0, 1, 44, 0
816, 10, 0, 1, 45, 0
816, 10, 0, 2, 40, 0
816, 10, 0, 2, 41, 0
816, 10, 0, 2, 42, 0
816, 10, 0, 2, 43, 0
816, 10, 0, 2, 44, 0
816, 10, 0, 2, 45, 0
816, 10, 0, 3, 36, 0
816, 10, 0, 3, 37, 0
816, 10, 0, 3, 38, 0
816, 10, 0, 3, 39, 0
816, 10, 0, 3, 40, 0
816, 10, 0, 3, 41, 0
816, 10, 0, 3, 42, 0
816, 10, 0, 3, 43, 0
816, 10, 0, 3, 44, 0
816, 10, 0, 3, 45, 0
816, 10, 0, 4, 36, 0
816, 10, 0, 4, 37, 0
816, 10, 0, 4, 38, 0
816, 10, 0, 4, 39, 0
816, 10, 0, 4, 40, 0
816, 10, 0, 4, 41, 0
816, 10, 0, 4, 42, 0
816, 10, 0, 4, 43, 0
816, 10, 0, 4, 44, 0
816, 10, 0, 4, 45, 0
816, 10, 0, 5, 34, 0
816, 10, 0, 5, 40, 0
816, 10, 0, 5, 41, 0
816, 10, 0, 5, 42, 0
816, 10, 0, 5, 43, 0
816, 10, 0, 5, 44, 0
816, 10, 0, 5, 45, 0
816, 10, 0, 6, 34, 0
816, 10, 0, 6, 40, 0
816, 10, 0, 6, 41, 0
816, 10, 0, 6, 42, 0
816, 10, 0, 6, 43, 0
816, 10, 0, 6, 44, 0
816, 10, 0, 6, 45, 0
816, 10, 0, 7, 34, 0
816, 10, 0, 8, 34, 0
816, 10, 0, 9, 30, 0
816, 10, 0, 9, 31, 0
816, 10, 0, 9, 32, 0
816, 10, 0, 9, 33, 0
816, 10, 0, 9, 34, 0
816, 10, 0, 9, 35, 0
816, 10, 0, 9, 36, 0
816, 10, 0, 10, 30, 0
816, 10, 0, 10, 31, 0
816, 10, 0, 10, 32, 0
816, 10, 0, 10, 33, 0
816, 10, 0, 10, 34, 0
816, 10, 0, 10, 35, 0
816, 10, 0, 10, 36, 0
2759, 22, 0, 9, 28, 0
2759, 22, 0, 18, 41, 0
2759, 22, 0, 26, 43, 0
2759, 22, 0, 34, 41, 0
2759, 22, 0, 40, 37, 0
2759, 22, 0, 45, 38, 0
5236, 3, 3, 1, 42, 0
5236, 3, 1, 2, 36, 0
5236, 3, 3, 2, 41, 0
5236, 3, 3, 3, 41, 0
5236, 3, 2, 4, 41, 0
5236, 3, 0, 5, 33, 0
5236, 3, 3, 5, 35, 0
5236, 3, 0, 5, 36, 0
5236, 3, 2, 5, 41, 0
5236, 3, 2, 6, 42, 0
5236, 3, 2, 8, 30, 0
5236, 3, 1, 8, 33, 0
5236, 3, 2, 8, 35, 0
5236, 3, 1, 8, 36, 0
5236, 3, 3, 11, 30, 0
5236, 3, 3, 11, 32, 0
5236, 3, 3, 11, 35, 0
5236, 3, 0, 11, 36, 0
5236, 3, 1, 2, 41, 1
5236, 3, 2, 2, 43, 1
5236, 3, 0, 5, 41, 1
5236, 3, 3, 5, 43, 1
5237, 3, 3, 1, 40, 0
5237, 3, 3, 1, 41, 0
5237, 3, 1, 2, 38, 0
5237, 3, 3, 2, 40, 0
5237, 3, 3, 3, 40, 0
5237, 3, 2, 4, 40, 0
5237, 3, 0, 5, 38, 0
5237, 3, 2, 5, 40, 0
5237, 3, 2, 6, 40, 0
5237, 3, 2, 6, 41, 0
5238, 22, 0, 9, 30, 1
5238, 22, 0, 9, 33, 1
5239, 22, 3, 6, 34, 1
5239, 22, 3, 8, 34, 1
5239, 22, 0, 9, 34, 1
5239, 22, 0, 10, 31, 1
5239, 22, 0, 10, 33, 1
5331, 10, 2, 25, 59, 0
5331, 10, 2, 27, 55, 0
5331, 10, 0, 33, 51, 0
5331, 10, 3, 41, 59, 0
5331, 10, 1, 48, 55, 0
5332, 10, 3, 37, 50, 0
5332, 10, 3, 43, 46, 0
5332, 10, 2, 45, 57, 0
5332, 10, 3, 46, 53, 0
5332, 10, 2, 50, 60, 0
5332, 10, 2, 51, 61, 0
5332, 10, 2, 53, 48, 0
5332, 10, 2, 57, 55, 0
5332, 10, 1, 57, 59, 0
5332, 10, 3, 57, 61, 0
5332, 10, 0, 58, 54, 0
5333, 10, 3, 42, 49, 0
5333, 10, 0, 42, 55, 0
5333, 10, 3, 48, 52, 0
5333, 10, 1, 50, 57, 0
5333, 10, 1, 54, 59, 0
5333, 10, 2, 59, 57, 0
5334, 10, 3, 25, 57, 0
5334, 10, 3, 26, 49, 0
5334, 10, 0, 27, 53, 0
5334, 10, 0, 31, 56, 0
5334, 10, 3, 33, 53, 0
5334, 10, 2, 38, 53, 0
5334, 10, 0, 43, 51, 0
5334, 10, 0, 44, 49, 0
5334, 10, 1, 50, 50, 0
5334, 10, 0, 56, 54, 0
5334, 10, 1, 58, 56, 0
5334, 10, 0, 61, 54, 0
5335, 22, 1, 0, 44, 0
5335, 22, 3, 0, 45, 0
5335, 22, 2, 0, 53, 0
5335, 22, 0, 0, 54, 0
5335, 22, 2, 1, 57, 0
5335, 22, 1, 1, 58, 0
5335, 22, 2, 1, 60, 0
5335, 22, 1, 2, 51, 0
5335, 22, 0, 2, 56, 0
5335, 22, 2, 3, 46, 0
5335, 22, 3, 3, 52, 0
5335, 22, 0, 3, 61, 0
5335, 22, 2, 4, 61, 0
5335, 22, 2, 5, 47, 0
5335, 22, 0, 5, 48, 0
5335, 22, 1, 5, 61, 0
5335, 22, 3, 6, 54, 0
5335, 22, 0, 7, 45, 0
5335, 22, 3, 7, 53, 0
5335, 22, 3, 8, 39, 0
5335, 22, 3, 9, 39, 0
5335, 22, 1, 9, 47, 0
5335, 22, 0, 9, 59, 0
5335, 22, 2, 10, 43, 0
5335, 22, 3, 11, 41, 0
5335, 22, 0, 11, 42, 0
5335, 22, 0, 11, 60, 0
5335, 22, 2, 11, 62, 0
5335, 22, 2, 12, 62, 0
5335, 22, 0, 13, 60, 0
5335, 22, 2, 14, 62, 0
5335, 22, 1, 15, 45, 0
5335, 22, 3, 15, 61, 0
5335, 22, 1, 19, 46, 0
5335, 22, 2, 19, 47, 0
5335, 22, 2, 20, 46, 0
5335, 22, 0, 20, 47, 0
5335, 22, 2, 20, 48, 0
5335, 22, 1, 21, 48, 0
5335, 22, 2, 21, 51, 0
5335, 22, 0, 21, 62, 0
5335, 22, 2, 22, 52, 0
5335, 22, 3, 22, 62, 0
5335, 22, 1, 22, 63, 0
5335, 22, 0, 23, 62, 0
5335, 22, 3, 24, 62, 0
5335, 22, 1, 25, 53, 0
5335, 22, 2, 25, 54, 0
5335, 22, 1, 25, 62, 0
5335, 22, 3, 26, 55, 0
5335, 22, 0, 26, 62, 0
5335, 22, 3, 27, 51, 0
5335, 22, 2, 27, 53, 0
5335, 22, 0, 27, 55, 0
5335, 22, 0, 27, 56, 0
5335, 22, 0, 28, 50, 0
5335, 22, 1, 28, 52, 0
5335, 22, 3, 28, 54, 0
5335, 22, 0, 28, 55, 0
5335, 22, 3, 28, 58, 0
5335, 22, 2, 28, 62, 0
5335, 22, 1, 29, 50, 0
5335, 22, 1, 29, 62, 0
5335, 22, 1, 30, 61, 0
5335, 22, 0, 31, 56, 0
5335, 22, 1, 31, 57, 0
5335, 22, 0, 31, 59, 0
5335, 22, 1, 31, 61, 0
5335, 22, 0, 35, 50, 0
5335, 22, 0, 35, 52, 0
5335, 22, 2, 35, 53, 0
5335, 22, 0, 36, 52, 0
5335, 22, 2, 37, 51, 0
5335, 22, 0, 38, 51, 0
5335, 22, 2, 38, 53, 0
5335, 22, 3, 38, 57, 0
5335, 22, 3, 38, 58, 0
5335, 22, 1, 38, 59, 0
5335, 22, 2, 38, 60, 0
5335, 22, 0, 39, 51, 0
5335, 22, 0, 39, 55, 0
5335, 22, 3, 39, 58, 0
5335, 22, 3, 39, 59, 0
5335, 22, 3, 39, 60, 0
5335, 22, 1, 39, 62, 0
5335, 22, 1, 40, 51, 0
5335, 22, 1, 40, 52, 0
5335, 22, 2, 40, 62, 0
5335, 22, 2, 41, 60, 0
5335, 22, 0, 42, 55, 0
5335, 22, 1, 42, 56, 0
5335, 22, 1, 43, 52, 0
5335, 22, 1, 44, 59, 0
5335, 22, 2, 46, 54, 0
5335, 22, 3, 46, 60, 0
5335, 22, 3, 47, 53, 0
5335, 22, 2, 47, 60, 0
5335, 22, 3, 48, 54, 0
5335, 22, 3, 49, 58, 0
5335, 22, 3, 49, 59, 0
5335, 22, 2, 52, 46, 0
5335, 22, 0, 52, 51, 0
5335, 22, 2, 52, 52, 0
5335, 22, 1, 52, 53, 0
5335, 22, 2, 52, 57, 0
5335, 22, 3, 53, 51, 0
5335, 22, 1, 53, 52, 0
5335, 22, 0, 53, 54, 0
5335, 22, 1, 53, 62, 0
5335, 22, 1, 54, 52, 0
5335, 22, 3, 54, 55, 0
5335, 22, 1, 54, 57, 0
5335, 22, 1, 55, 47, 0
5335, 22, 3, 55, 50, 0
5335, 22, 0, 56, 60, 0
5335, 22, 1, 56, 61, 0
5335, 22, 0, 57, 51, 0
5335, 22, 2, 57, 53, 0
5335, 22, 0, 57, 54, 0
5335, 22, 0, 57, 58, 0
5335, 22, 3, 57, 60, 0
5335, 22, 0, 57, 61, 0
5335, 22, 3, 58, 50, 0
5335, 22, 0, 58, 59, 0
5335, 22, 3, 60, 56, 0
5335, 22, 1, 60, 57, 0
5335, 22, 1, 61, 49, 0
5335, 22, 0, 61, 51, 0
5335, 22, 3, 61, 52, 0
5335, 22, 1, 61, 54, 0
5336, 22, 0, 2, 62, 0
5336, 22, 1, 9, 62, 0
5336, 22, 2, 10, 40, 0
5336, 22, 2, 12, 58, 0
5336, 22, 2, 13, 43, 0
5336, 22, 1, 13, 61, 0
5336, 22, 2, 14, 45, 0
5336, 22, 1, 14, 46, 0
5336, 22, 0, 15, 63, 0
5336, 22, 3, 16, 61, 0
5336, 22, 2, 20, 60, 0
5336, 22, 1, 20, 63, 0
5336, 22, 3, 22, 47, 0
5336, 22, 0, 23, 58, 0
5336, 22, 0, 24, 60, 0
5336, 22, 2, 27, 47, 0
5336, 22, 2, 28, 48, 0
5336, 22, 2, 33, 49, 0
5336, 22, 0, 33, 61, 0
5336, 22, 3, 34, 46, 0
5336, 22, 0, 34, 49, 0
5336, 22, 2, 34, 54, 0
5336, 22, 0, 34, 62, 0
5336, 22, 3, 35, 45, 0
5336, 22, 3, 35, 54, 0
5336, 22, 2, 37, 54, 0
5336, 22, 1, 37, 62, 0
5336, 22, 3, 39, 44, 0
5336, 22, 1, 39, 49, 0
5336, 22, 3, 40, 53, 0
5336, 22, 0, 40, 61, 0
5336, 22, 3, 41, 43, 0
5336, 22, 0, 41, 49, 0
5336, 22, 2, 42, 43, 0
5336, 22, 2, 43, 44, 0
5336, 22, 0, 45, 50, 0
5336, 22, 3, 45, 52, 0
5336, 22, 0, 47, 62, 0
5336, 22, 2, 52, 45, 0
5336, 22, 1, 54, 58, 0
5336, 22, 2, 55, 46, 0
5336, 22, 2, 55, 59, 0
5336, 22, 2, 56, 48, 0
5336, 22, 1, 56, 56, 0
5336, 22, 2, 57, 62, 0
5336, 22, 2, 58, 49, 0
5336, 22, 2, 59, 50, 0
5336, 22, 1, 59, 55, 0
5337, 22, 3, 1, 51, 0
5337, 22, 3, 1, 52, 0
5337, 22, 3, 1, 53, 0
5337, 22, 3, 1, 54, 0
5337, 22, 3, 1, 55, 0
5337, 22, 3, 1, 56, 0
5337, 22, 3, 2, 57, 0
5337, 22, 3, 2, 58, 0
5337, 22, 3, 2, 59, 0
5337, 22, 3, 2, 60, 0
5337, 22, 3, 2, 61, 0
5337, 22, 0, 3, 62, 0
5337, 22, 0, 4, 62, 0
5337, 22, 0, 5, 62, 0
5337, 22, 0, 6, 62, 0
5337, 22, 2, 7, 40, 0
5337, 22, 1, 7, 47, 0
5337, 22, 1, 7, 48, 0
5337, 22, 1, 7, 49, 0
5337, 22, 1, 7, 50, 0
5337, 22, 1, 7, 51, 0
5337, 22, 1, 7, 52, 0
5337, 22, 0, 7, 62, 0
5337, 22, 2, 8, 40, 0
5337, 22, 0, 8, 46, 0
5337, 22, 1, 8, 54, 0
5337, 22, 1, 8, 55, 0
5337, 22, 1, 8, 56, 0
5337, 22, 1, 8, 57, 0
5337, 22, 2, 8, 58, 0
5337, 22, 0, 8, 62, 0
5337, 22, 2, 9, 40, 0
5337, 22, 0, 9, 46, 0
5337, 22, 2, 9, 58, 0
5337, 22, 0, 9, 61, 0
5337, 22, 1, 10, 41, 0
5337, 22, 1, 10, 42, 0
5337, 22, 0, 10, 46, 0
5337, 22, 2, 10, 58, 0
5337, 22, 0, 10, 61, 0
5337, 22, 2, 11, 43, 0
5337, 22, 0, 11, 46, 0
5337, 22, 2, 11, 58, 0
5337, 22, 0, 11, 61, 0
5337, 22, 2, 12, 43, 0
5337, 22, 0, 12, 46, 0
5337, 22, 1, 12, 59, 0
5337, 22, 1, 12, 60, 0
5337, 22, 1, 12, 61, 0
5337, 22, 0, 13, 46, 0
5337, 22, 3, 15, 62, 0
5337, 22, 0, 16, 63, 0
5337, 22, 2, 17, 60, 0
5337, 22, 0, 17, 63, 0
5337, 22, 2, 18, 60, 0
5337, 22, 0, 18, 63, 0
5337, 22, 2, 19, 60, 0
5337, 22, 0, 19, 63, 0
5337, 22, 1, 20, 61, 0
5337, 22, 1, 20, 62, 0
5337, 22, 3, 22, 48, 0
5337, 22, 3, 22, 49, 0
5337, 22, 3, 22, 50, 0
5337, 22, 2, 23, 47, 0
5337, 22, 3, 23, 51, 0
5337, 22, 3, 23, 52, 0
5337, 22, 3, 23, 53, 0
5337, 22, 3, 23, 54, 0
5337, 22, 3, 23, 55, 0
5337, 22, 3, 23, 56, 0
5337, 22, 3, 23, 57, 0
5337, 22, 2, 24, 47, 0
5337, 22, 0, 24, 59, 0
5337, 22, 2, 25, 47, 0
5337, 22, 0, 25, 60, 0
5337, 22, 2, 26, 47, 0
5337, 22, 0, 26, 60, 0
5337, 22, 0, 27, 60, 0
5337, 22, 2, 28, 49, 0
5337, 22, 0, 28, 60, 0
5337, 22, 2, 29, 49, 0
5337, 22, 0, 29, 60, 0
5337, 22, 2, 30, 49, 0
5337, 22, 0, 30, 60, 0
5337, 22, 2, 31, 49, 0
5337, 22, 0, 31, 60, 0
5337, 22, 2, 32, 49, 0
5337, 22, 0, 32, 60, 0
5337, 22, 1, 33, 50, 0
5337, 22, 1, 33, 51, 0
5337, 22, 1, 33, 52, 0
5337, 22, 1, 33, 53, 0
5337, 22, 2, 33, 54, 0
5337, 22, 0, 33, 60, 0
5337, 22, 3, 34, 47, 0
5337, 22, 3, 34, 48, 0
5337, 22, 2, 34, 55, 0
5337, 22, 3, 34, 61, 0
5337, 22, 0, 35, 49, 0
5337, 22, 0, 35, 62, 0
5337, 22, 0, 36, 49, 0
5337, 22, 2, 36, 54, 0
5337, 22, 0, 36, 62, 0
5337, 22, 3, 37, 45, 0
5337, 22, 0, 37, 49, 0
5337, 22, 1, 37, 55, 0
5337, 22, 1, 37, 56, 0
5337, 22, 1, 37, 57, 0
5337, 22, 1, 37, 58, 0
5337, 22, 1, 37, 59, 0
5337, 22, 1, 37, 60, 0
5337, 22, 1, 37, 61, 0
5337, 22, 0, 38, 49, 0
5337, 22, 0, 40, 48, 0
5337, 22, 3, 40, 54, 0
5337, 22, 3, 40, 55, 0
5337, 22, 3, 40, 56, 0
5337, 22, 3, 40, 57, 0
5337, 22, 3, 40, 58, 0
5337, 22, 3, 40, 59, 0
5337, 22, 3, 40, 60, 0
5337, 22, 2, 41, 53, 0
5337, 22, 0, 41, 61, 0
5337, 22, 0, 42, 49, 0
5337, 22, 2, 42, 53, 0
5337, 22, 0, 42, 61, 0
5337, 22, 0, 43, 49, 0
5337, 22, 2, 43, 53, 0
5337, 22, 0, 43, 61, 0
5337, 22, 2, 44, 45, 0
5337, 22, 0, 44, 49, 0
5337, 22, 2, 44, 53, 0
5337, 22, 0, 44, 61, 0
5337, 22, 2, 45, 45, 0
5337, 22, 0, 45, 49, 0
5337, 22, 0, 45, 61, 0
5337, 22, 2, 46, 45, 0
5337, 22, 3, 46, 51, 0
5337, 22, 3, 46, 52, 0
5337, 22, 0, 46, 61, 0
5337, 22, 2, 47, 45, 0
5337, 22, 2, 48, 45, 0
5337, 22, 0, 48, 62, 0
5337, 22, 2, 49, 45, 0
5337, 22, 0, 49, 60, 0
5337, 22, 3, 49, 63, 0
5337, 22, 2, 50, 45, 0
5337, 22, 0, 50, 60, 0
5337, 22, 2, 51, 45, 0
5337, 22, 0, 51, 60, 0
5337, 22, 1, 52, 59, 0
5337, 22, 0, 52, 60, 0
5337, 22, 2, 53, 46, 0
5337, 22, 1, 53, 59, 0
5337, 22, 2, 54, 46, 0
5337, 22, 1, 55, 57, 0
5337, 22, 1, 55, 60, 0
5337, 22, 1, 55, 61, 0
5337, 22, 2, 56, 62, 0
5337, 22, 0, 57, 55, 0
5337, 22, 1, 57, 63, 0
5337, 22, 0, 58, 55, 0
5337, 22, 1, 59, 51, 0
5337, 22, 1, 59, 52, 0
5337, 22, 1, 59, 53, 0
5337, 22, 1, 59, 54, 0
5338, 22, 0, 2, 50, 0
5338, 22, 1, 2, 52, 0
5338, 22, 3, 2, 53, 0
5338, 22, 3, 2, 54, 0
5338, 22, 1, 2, 55, 0
5338, 22, 1, 3, 47, 0
5338, 22, 0, 3, 48, 0
5338, 22, 0, 3, 49, 0
5338, 22, 2, 3, 50, 0
5338, 22, 2, 3, 51, 0
5338, 22, 3, 3, 53, 0
5338, 22, 1, 3, 54, 0
5338, 22, 1, 3, 55, 0
5338, 22, 3, 3, 56, 0
5338, 22, 0, 3, 57, 0
5338, 22, 0, 3, 58, 0
5338, 22, 1, 3, 59, 0
5338, 22, 0, 3, 60, 0
5338, 22, 0, 4, 46, 0
5338, 22, 3, 4, 47, 0
5338, 22, 2, 4, 48, 0
5338, 22, 3, 4, 49, 0
5338, 22, 2, 4, 50, 0
5338, 22, 1, 4, 51, 0
5338, 22, 0, 4, 52, 0
5338, 22, 2, 4, 53, 0
5338, 22, 2, 4, 54, 0
5338, 22, 2, 4, 55, 0
5338, 22, 2, 4, 56, 0
5338, 22, 0, 4, 57, 0
5338, 22, 2, 4, 58, 0
5338, 22, 3, 4, 59, 0
5338, 22, 1, 4, 60, 0
5338, 22, 1, 5, 46, 0
5338, 22, 2, 5, 49, 0
5338, 22, 3, 5, 50, 0
5338, 22, 3, 5, 51, 0
5338, 22, 2, 5, 52, 0
5338, 22, 0, 5, 53, 0
5338, 22, 2, 5, 54, 0
5338, 22, 1, 5, 55, 0
5338, 22, 3, 5, 56, 0
5338, 22, 2, 5, 57, 0
5338, 22, 0, 5, 58, 0
5338, 22, 1, 5, 59, 0
5338, 22, 3, 5, 60, 0
5338, 22, 3, 6, 46, 0
5338, 22, 0, 6, 47, 0
5338, 22, 0, 6, 48, 0
5338, 22, 0, 6, 49, 0
5338, 22, 1, 6, 50, 0
5338, 22, 0, 6, 52, 0
5338, 22, 1, 6, 53, 0
5338, 22, 3, 6, 55, 0
5338, 22, 2, 6, 56, 0
5338, 22, 2, 6, 57, 0
5338, 22, 0, 6, 58, 0
5338, 22, 2, 6, 59, 0
5338, 22, 0, 6, 60, 0
5338, 22, 2, 6, 61, 0
5338, 22, 3, 7, 41, 0
5338, 22, 1, 7, 42, 0
5338, 22, 0, 7, 43, 0
5338, 22, 3, 7, 44, 0
5338, 22, 1, 7, 46, 0
5338, 22, 3, 7, 54, 0
5338, 22, 1, 7, 55, 0
5338, 22, 0, 7, 56, 0
5338, 22, 0, 7, 57, 0
5338, 22, 3, 7, 58, 0
5338, 22, 0, 7, 59, 0
5338, 22, 0, 7, 60, 0
5338, 22, 3, 7, 61, 0
5338, 22, 2, 8, 41, 0
5338, 22, 0, 8, 42, 0
5338, 22, 1, 8, 43, 0
5338, 22, 3, 8, 44, 0
5338, 22, 2, 8, 45, 0
5338, 22, 2, 8, 59, 0
5338, 22, 0, 8, 60, 0
5338, 22, 1, 8, 61, 0
5338, 22, 1, 9, 41, 0
5338, 22, 3, 9, 42, 0
5338, 22, 1, 9, 43, 0
5338, 22, 2, 9, 44, 0
5338, 22, 3, 9, 45, 0
5338, 22, 0, 9, 60, 0
5338, 22, 0, 10, 44, 0
5338, 22, 2, 10, 45, 0
5338, 22, 2, 10, 59, 0
5338, 22, 3, 10, 60, 0
5338, 22, 2, 11, 44, 0
5338, 22, 2, 11, 45, 0
5338, 22, 0, 11, 59, 0
5338, 22, 3, 12, 44, 0
5338, 22, 1, 12, 45, 0
5338, 22, 0, 13, 44, 0
5338, 22, 0, 13, 45, 0
5338, 22, 1, 16, 62, 0
5338, 22, 1, 17, 61, 0
5338, 22, 1, 17, 62, 0
5338, 22, 2, 18, 61, 0
5338, 22, 2, 18, 62, 0
5338, 22, 0, 19, 61, 0
5338, 22, 1, 19, 62, 0
5338, 22, 2, 23, 48, 0
5338, 22, 2, 23, 49, 0
5338, 22, 1, 23, 50, 0
5338, 22, 3, 24, 48, 0
5338, 22, 3, 24, 49, 0
5338, 22, 3, 24, 51, 0
5338, 22, 3, 24, 52, 0
5338, 22, 0, 24, 53, 0
5338, 22, 3, 24, 54, 0
5338, 22, 0, 24, 55, 0
5338, 22, 1, 24, 56, 0
5338, 22, 2, 24, 57, 0
5338, 22, 1, 24, 58, 0
5338, 22, 3, 25, 48, 0
5338, 22, 2, 25, 49, 0
5338, 22, 2, 25, 50, 0
5338, 22, 3, 25, 51, 0
5338, 22, 3, 25, 52, 0
5338, 22, 0, 25, 55, 0
5338, 22, 0, 25, 57, 0
5338, 22, 2, 26, 48, 0
5338, 22, 2, 26, 49, 0
5338, 22, 2, 26, 50, 0
5338, 22, 0, 26, 51, 0
5338, 22, 3, 26, 52, 0
5338, 22, 0, 26, 53, 0
5338, 22, 2, 26, 54, 0
5338, 22, 0, 26, 56, 0
5338, 22, 2, 26, 57, 0
5338, 22, 2, 26, 58, 0
5338, 22, 1, 26, 59, 0
5338, 22, 0, 27, 48, 0
5338, 22, 1, 27, 49, 0
5338, 22, 2, 27, 50, 0
5338, 22, 1, 27, 52, 0
5338, 22, 1, 27, 54, 0
5338, 22, 2, 27, 58, 0
5338, 22, 0, 27, 59, 0
5338, 22, 2, 28, 53, 0
5338, 22, 3, 28, 56, 0
5338, 22, 0, 28, 57, 0
5338, 22, 0, 28, 59, 0
5338, 22, 3, 29, 51, 0
5338, 22, 3, 29, 55, 0
5338, 22, 0, 29, 56, 0
5338, 22, 1, 29, 58, 0
5338, 22, 3, 29, 59, 0
5338, 22, 0, 30, 50, 0
5338, 22, 3, 30, 51, 0
5338, 22, 3, 30, 52, 0
5338, 22, 1, 30, 53, 0
5338, 22, 3, 30, 56, 0
5338, 22, 2, 30, 57, 0
5338, 22, 2, 30, 58, 0
5338, 22, 1, 30, 59, 0
5338, 22, 0, 31, 50, 0
5338, 22, 1, 31, 51, 0
5338, 22, 1, 31, 52, 0
5338, 22, 2, 31, 53, 0
5338, 22, 0, 31, 54, 0
5338, 22, 1, 31, 55, 0
5338, 22, 1, 31, 58, 0
5338, 22, 3, 32, 50, 0
5338, 22, 3, 32, 51, 0
5338, 22, 0, 32, 52, 0
5338, 22, 0, 32, 53, 0
5338, 22, 3, 32, 54, 0
5338, 22, 2, 32, 55, 0
5338, 22, 1, 32, 56, 0
5338, 22, 2, 32, 57, 0
5338, 22, 2, 32, 58, 0
5338, 22, 0, 32, 59, 0
5338, 22, 3, 33, 55, 0
5338, 22, 2, 33, 56, 0
5338, 22, 3, 33, 57, 0
5338, 22, 1, 33, 58, 0
5338, 22, 2, 33, 59, 0
5338, 22, 3, 34, 56, 0
5338, 22, 1, 34, 57, 0
5338, 22, 3, 34, 58, 0
5338, 22, 1, 34, 59, 0
5338, 22, 1, 34, 60, 0
5338, 22, 3, 35, 46, 0
5338, 22, 0, 35, 47, 0
5338, 22, 1, 35, 48, 0
5338, 22, 2, 35, 55, 0
5338, 22, 2, 35, 56, 0
5338, 22, 3, 35, 57, 0
5338, 22, 1, 35, 58, 0
5338, 22, 1, 35, 59, 0
5338, 22, 0, 35, 60, 0
5338, 22, 3, 35, 61, 0
5338, 22, 3, 36, 45, 0
5338, 22, 2, 36, 46, 0
5338, 22, 0, 36, 47, 0
5338, 22, 2, 36, 48, 0
5338, 22, 0, 36, 55, 0
5338, 22, 1, 36, 56, 0
5338, 22, 0, 36, 57, 0
5338, 22, 1, 36, 58, 0
5338, 22, 3, 36, 59, 0
5338, 22, 0, 36, 60, 0
5338, 22, 0, 36, 61, 0
5338, 22, 0, 37, 46, 0
5338, 22, 0, 37, 47, 0
5338, 22, 1, 37, 48, 0
5338, 22, 2, 38, 45, 0
5338, 22, 0, 38, 46, 0
5338, 22, 2, 38, 47, 0
5338, 22, 2, 38, 48, 0
5338, 22, 0, 39, 45, 0
5338, 22, 3, 39, 46, 0
5338, 22, 2, 39, 47, 0
5338, 22, 3, 39, 48, 0
5338, 22, 2, 40, 44, 0
5338, 22, 0, 40, 45, 0
5338, 22, 0, 40, 46, 0
5338, 22, 2, 40, 47, 0
5338, 22, 0, 41, 44, 0
5338, 22, 1, 41, 45, 0
5338, 22, 2, 41, 46, 0
5338, 22, 3, 41, 47, 0
5338, 22, 3, 41, 48, 0
5338, 22, 0, 41, 54, 0
5338, 22, 2, 41, 55, 0
5338, 22, 1, 41, 56, 0
5338, 22, 0, 41, 57, 0
5338, 22, 0, 41, 58, 0
5338, 22, 2, 41, 59, 0
5338, 22, 2, 42, 44, 0
5338, 22, 2, 42, 45, 0
5338, 22, 2, 42, 46, 0
5338, 22, 2, 42, 47, 0
5338, 22, 2, 42, 48, 0
5338, 22, 3, 42, 54, 0
5338, 22, 0, 42, 57, 0
5338, 22, 0, 42, 58, 0
5338, 22, 1, 42, 59, 0
5338, 22, 2, 43, 45, 0
5338, 22, 2, 43, 46, 0
5338, 22, 3, 43, 47, 0
5338, 22, 2, 43, 48, 0
5338, 22, 3, 43, 54, 0
5338, 22, 2, 43, 55, 0
5338, 22, 2, 43, 58, 0
5338, 22, 2, 43, 59, 0
5338, 22, 0, 43, 60, 0
5338, 22, 3, 44, 46, 0
5338, 22, 3, 44, 47, 0
5338, 22, 0, 44, 48, 0
5338, 22, 0, 44, 55, 0
5338, 22, 0, 44, 56, 0
5338, 22, 3, 44, 57, 0
5338, 22, 1, 44, 58, 0
5338, 22, 1, 44, 60, 0
5338, 22, 2, 45, 46, 0
5338, 22, 2, 45, 47, 0
5338, 22, 3, 45, 48, 0
5338, 22, 3, 45, 53, 0
5338, 22, 0, 45, 54, 0
5338, 22, 2, 45, 56, 0
5338, 22, 2, 45, 58, 0
5338, 22, 0, 45, 59, 0
5338, 22, 3, 45, 60, 0
5338, 22, 0, 46, 46, 0
5338, 22, 3, 46, 47, 0
5338, 22, 3, 46, 48, 0
5338, 22, 2, 46, 49, 0
5338, 22, 3, 46, 50, 0
5338, 22, 1, 46, 53, 0
5338, 22, 1, 46, 55, 0
5338, 22, 2, 46, 56, 0
5338, 22, 1, 46, 57, 0
5338, 22, 2, 46, 58, 0
5338, 22, 3, 46, 59, 0
5338, 22, 3, 47, 46, 0
5338, 22, 0, 47, 47, 0
5338, 22, 0, 47, 48, 0
5338, 22, 2, 47, 49, 0
5338, 22, 2, 47, 50, 0
5338, 22, 0, 47, 51, 0
5338, 22, 0, 47, 52, 0
5338, 22, 0, 47, 54, 0
5338, 22, 3, 47, 55, 0
5338, 22, 1, 47, 56, 0
5338, 22, 0, 47, 57, 0
5338, 22, 3, 47, 58, 0
5338, 22, 2, 47, 61, 0
5338, 22, 1, 48, 46, 0
5338, 22, 0, 48, 47, 0
5338, 22, 3, 48, 48, 0
5338, 22, 2, 48, 49, 0
5338, 22, 2, 48, 50, 0
5338, 22, 1, 48, 51, 0
5338, 22, 1, 48, 52, 0
5338, 22, 3, 48, 53, 0
5338, 22, 2, 48, 55, 0
5338, 22, 0, 48, 56, 0
5338, 22, 1, 48, 57, 0
5338, 22, 1, 48, 58, 0
5338, 22, 1, 48, 60, 0
5338, 22, 3, 48, 61, 0
5338, 22, 2, 49, 46, 0
5338, 22, 3, 49, 47, 0
5338, 22, 0, 49, 48, 0
5338, 22, 0, 49, 49, 0
5338, 22, 1, 49, 50, 0
5338, 22, 1, 49, 51, 0
5338, 22, 3, 49, 52, 0
5338, 22, 2, 49, 53, 0
5338, 22, 3, 49, 54, 0
5338, 22, 1, 49, 55, 0
5338, 22, 2, 49, 56, 0
5338, 22, 1, 49, 61, 0
5338, 22, 1, 49, 62, 0
5338, 22, 0, 50, 46, 0
5338, 22, 2, 50, 47, 0
5338, 22, 2, 50, 48, 0
5338, 22, 3, 50, 49, 0
5338, 22, 3, 50, 50, 0
5338, 22, 3, 50, 51, 0
5338, 22, 2, 50, 52, 0
5338, 22, 0, 50, 53, 0
5338, 22, 2, 50, 54, 0
5338, 22, 3, 50, 55, 0
5338, 22, 3, 50, 56, 0
5338, 22, 1, 50, 57, 0
5338, 22, 3, 50, 58, 0
5338, 22, 0, 50, 59, 0
5338, 22, 2, 50, 61, 0
5338, 22, 2, 50, 62, 0
5338, 22, 1, 50, 63, 0
5338, 22, 0, 51, 46, 0
5338, 22, 1, 51, 47, 0
5338, 22, 3, 51, 48, 0
5338, 22, 2, 51, 49, 0
5338, 22, 0, 51, 50, 0
5338, 22, 1, 51, 51, 0
5338, 22, 1, 51, 52, 0
5338, 22, 0, 51, 54, 0
5338, 22, 1, 51, 55, 0
5338, 22, 2, 51, 56, 0
5338, 22, 2, 51, 57, 0
5338, 22, 2, 51, 58, 0
5338, 22, 1, 51, 59, 0
5338, 22, 3, 51, 61, 0
5338, 22, 2, 51, 62, 0
5338, 22, 2, 51, 63, 0
5338, 22, 2, 52, 47, 0
5338, 22, 1, 52, 48, 0
5338, 22, 0, 52, 49, 0
5338, 22, 1, 52, 50, 0
5338, 22, 0, 52, 54, 0
5338, 22, 3, 52, 55, 0
5338, 22, 2, 52, 56, 0
5338, 22, 1, 52, 58, 0
5338, 22, 2, 52, 61, 0
5338, 22, 2, 52, 62, 0
5338, 22, 2, 52, 63, 0
5338, 22, 0, 53, 47, 0
5338, 22, 2, 53, 48, 0
5338, 22, 3, 53, 49, 0
5338, 22, 2, 53, 50, 0
5338, 22, 2, 53, 53, 0
5338, 22, 1, 53, 55, 0
5338, 22, 2, 53, 56, 0
5338, 22, 3, 53, 57, 0
5338, 22, 1, 53, 58, 0
5338, 22, 0, 53, 60, 0
5338, 22, 3, 53, 61, 0
5338, 22, 3, 53, 63, 0
5338, 22, 1, 54, 47, 0
5338, 22, 2, 54, 48, 0
5338, 22, 1, 54, 49, 0
5338, 22, 0, 54, 50, 0
5338, 22, 2, 54, 51, 0
5338, 22, 3, 54, 53, 0
5338, 22, 3, 54, 54, 0
5338, 22, 2, 54, 56, 0
5338, 22, 3, 54, 59, 0
5338, 22, 3, 54, 60, 0
5338, 22, 3, 54, 61, 0
5338, 22, 1, 54, 62, 0
5338, 22, 0, 54, 63, 0
5338, 22, 3, 55, 48, 0
5338, 22, 1, 55, 49, 0
5338, 22, 0, 55, 51, 0
5338, 22, 1, 55, 52, 0
5338, 22, 0, 55, 53, 0
5338, 22, 0, 55, 54, 0
5338, 22, 3, 55, 55, 0
5338, 22, 1, 55, 56, 0
5338, 22, 3, 55, 62, 0
5338, 22, 2, 55, 63, 0
5338, 22, 3, 56, 49, 0
5338, 22, 1, 56, 50, 0
5338, 22, 2, 56, 51, 0
5338, 22, 3, 56, 52, 0
5338, 22, 2, 56, 53, 0
5338, 22, 3, 56, 54, 0
5338, 22, 2, 56, 55, 0
5338, 22, 1, 56, 63, 0
5338, 22, 1, 57, 49, 0
5338, 22, 3, 57, 50, 0
5338, 22, 3, 57, 52, 0
5338, 22, 0, 58, 51, 0
5338, 22, 2, 58, 52, 0
5338, 22, 3, 58, 53, 0
5455, 22, 3, 7, 34, 1
5455, 22, 0, 10, 32, 1
5455, 22, 0, 10, 35, 1
5455, 22, 0, 10, 37, 1
5456, 22, 3, 5, 34, 1
5456, 22, 0, 10, 30, 1
5456, 22, 0, 10, 36, 1
12821, 2, 3, 1, 40, 1
12821, 0, 0, 1, 42, 1
12821, 2, 0, 1, 45, 1
12821, 0, 1, 3, 45, 1
12821, 2, 1, 6, 45, 1
12822, 0, 0, 1, 41, 1
12822, 0, 1, 4, 45, 1
12822, 0, 2, 6, 43, 1
12823, 0, 2, 6, 42, 1
12824, 0, 3, 2, 40, 1
12825, 0, 2, 6, 41, 1
12829, 0, 1, 5, 45, 1
12832, 0, 0, 1, 43, 1
12833, 0, 0, 1, 44, 1
12833, 0, 3, 5, 40, 1
12894, 10, 3, 23, 57, 0
12894, 10, 2, 24, 50, 0
12894, 10, 3, 25, 48, 0
12894, 10, 1, 25, 53, 0
12894, 10, 0, 26, 57, 0
12894, 10, 1, 52, 46, 0
12894, 10, 2, 56, 48, 0
12894, 10, 3, 59, 51, 0
12895, 10, 1, 22, 60, 0
12895, 10, 3, 27, 50, 0
12895, 10, 1, 29, 49, 0
12895, 10, 0, 29, 54, 0
12895, 10, 2, 32, 48, 0
12895, 10, 2, 46, 52, 0
12895, 10, 0, 47, 58, 0
12895, 10, 3, 48, 48, 0
12895, 10, 0, 50, 53, 0
12895, 10, 0, 52, 51, 0
12895, 10, 3, 52, 55, 0
12895, 10, 0, 56, 56, 0
12896, 10, 2, 22, 59, 0
12896, 10, 2, 25, 58, 0
12896, 10, 0, 29, 53, 0
12896, 10, 3, 29, 57, 0
12896, 10, 1, 29, 59, 0
12896, 10, 1, 31, 49, 0
12896, 10, 3, 31, 51, 0
12896, 10, 0, 31, 54, 0
12896, 10, 2, 44, 52, 0
12896, 10, 2, 44, 56, 0
12896, 10, 0, 44, 58, 0
12896, 10, 0, 45, 50, 0
12896, 10, 0, 51, 52, 0
12896, 10, 2, 52, 60, 0
12896, 10, 2, 53, 58, 0
12896, 10, 2, 56, 61, 0
12896, 10, 1, 59, 54, 0
12896, 10, 2, 59, 60, 0
12898, 22, 2, 2, 41, 1
12898, 22, 2, 2, 42, 1
12898, 22, 2, 2, 43, 1
12898, 22, 2, 3, 42, 1
12898, 22, 2, 3, 44, 1
12898, 22, 2, 4, 40, 1
12898, 22, 2, 4, 42, 1
12898, 22, 2, 4, 44, 1
12898, 22, 2, 5, 42, 1
12898, 22, 2, 5, 44, 1
12900, 22, 0, 1, 40, 1
12901, 22, 2, 5, 41, 1
12905, 22, 2, 2, 44, 1
12905, 22, 2, 5, 43, 1
12910, 22, 0, 0, 50, 0
12911, 22, 0, 1, 48, 0
12911, 22, 2, 1, 49, 0
12911, 22, 2, 2, 46, 0
12912, 22, 3, 2, 47, 0
12922, 0, 2, 6, 44, 1
12924, 10, 1, 15, 55, 0
12925, 10, 1, 15, 53, 0
12926, 10, 2, 13, 53, 0
12926, 10, 1, 15, 51, 0
12926, 10, 3, 15, 57, 0
12926, 10, 0, 17, 55, 0
12927, 10, 2, 13, 55, 0
12927, 10, 0, 17, 53, 0
12928, 22, 1, 11, 54, 0
12928, 22, 1, 11, 55, 0
12928, 22, 1, 12, 55, 0
12928, 22, 0, 12, 56, 0
12928, 22, 3, 13, 57, 0
12928, 22, 3, 14, 57, 0
12928, 22, 1, 14, 59, 0
12928, 22, 1, 15, 55, 0
12928, 22, 1, 16, 54, 0
12928, 22, 3, 16, 59, 0
12928, 22, 0, 17, 51, 0
12928, 22, 1, 17, 52, 0
12928, 22, 2, 17, 57, 0
12928, 22, 1, 17, 58, 0
12928, 22, 3, 18, 51, 0
12928, 22, 3, 18, 52, 0
12928, 22, 2, 18, 57, 0
12928, 22, 0, 19, 56, 0
12928, 22, 0, 19, 57, 0
12928, 22, 2, 20, 54, 0
12928, 22, 0, 20, 55, 0
12929, 22, 0, 12, 53, 0
12929, 22, 2, 12, 54, 0
12929, 22, 2, 13, 51, 0
12929, 22, 1, 13, 52, 0
12929, 22, 0, 14, 51, 0
12929, 22, 2, 14, 52, 0
12929, 22, 2, 14, 58, 0
12929, 22, 2, 15, 50, 0
12929, 22, 3, 15, 54, 0
12929, 22, 3, 15, 59, 0
12929, 22, 2, 16, 55, 0
12929, 22, 2, 19, 53, 0
12929, 22, 2, 19, 54, 0
12929, 22, 2, 19, 55, 0
12930, 22, 2, 11, 52, 0
12930, 22, 0, 12, 51, 0
12930, 22, 3, 14, 49, 0
12930, 22, 0, 14, 50, 0
12930, 22, 0, 14, 54, 0
12930, 22, 1, 14, 55, 0
12930, 22, 2, 15, 53, 0
12930, 22, 1, 16, 50, 0
12930, 22, 0, 16, 53, 0
12930, 22, 1, 16, 56, 0
12930, 22, 2, 17, 53, 0
12930, 22, 0, 17, 55, 0
12930, 22, 2, 19, 52, 0
12930, 22, 1, 20, 56, 0
12931, 22, 3, 8, 50, 0
12931, 22, 2, 8, 52, 0
12931, 22, 3, 9, 49, 0
12931, 22, 3, 9, 50, 0
12931, 22, 1, 9, 51, 0
12931, 22, 0, 9, 53, 0
12931, 22, 0, 9, 54, 0
12931, 22, 1, 9, 56, 0
12931, 22, 2, 9, 57, 0
12931, 22, 3, 10, 49, 0
12931, 22, 3, 10, 50, 0
12931, 22, 1, 10, 51, 0
12931, 22, 2, 10, 52, 0
12931, 22, 0, 10, 53, 0
12931, 22, 1, 10, 55, 0
12931, 22, 1, 10, 56, 0
12931, 22, 1, 10, 57, 0
12931, 22, 3, 11, 49, 0
12931, 22, 3, 11, 50, 0
12931, 22, 2, 11, 51, 0
12931, 22, 1, 11, 57, 0
12931, 22, 1, 12, 48, 0
12931, 22, 0, 12, 49, 0
12931, 22, 1, 12, 50, 0
12931, 22, 3, 12, 57, 0
12931, 22, 0, 13, 48, 0
12931, 22, 2, 13, 49, 0
12931, 22, 1, 13, 53, 0
12931, 22, 0, 13, 54, 0
12931, 22, 1, 13, 55, 0
12931, 22, 2, 13, 56, 0
12931, 22, 1, 13, 58, 0
12931, 22, 2, 13, 59, 0
12931, 22, 1, 14, 48, 0
12931, 22, 1, 14, 53, 0
12931, 22, 2, 14, 56, 0
12931, 22, 3, 14, 60, 0
12931, 22, 3, 14, 61, 0
12931, 22, 2, 15, 48, 0
12931, 22, 1, 15, 49, 0
12931, 22, 2, 15, 51, 0
12931, 22, 0, 15, 52, 0
12931, 22, 1, 15, 56, 0
12931, 22, 2, 15, 57, 0
12931, 22, 0, 15, 58, 0
12931, 22, 2, 15, 60, 0
12931, 22, 3, 16, 47, 0
12931, 22, 1, 16, 48, 0
12931, 22, 3, 16, 49, 0
12931, 22, 1, 16, 51, 0
12931, 22, 2, 16, 52, 0
12931, 22, 0, 16, 57, 0
12931, 22, 0, 16, 58, 0
12931, 22, 3, 16, 60, 0
12931, 22, 0, 17, 48, 0
12931, 22, 3, 17, 49, 0
12931, 22, 0, 17, 54, 0
12931, 22, 3, 17, 56, 0
12931, 22, 2, 17, 59, 0
12931, 22, 3, 18, 48, 0
12931, 22, 2, 18, 49, 0
12931, 22, 3, 18, 50, 0
12931, 22, 1, 18, 53, 0
12931, 22, 1, 18, 54, 0
12931, 22, 2, 18, 55, 0
12931, 22, 3, 18, 56, 0
12931, 22, 2, 18, 59, 0
12931, 22, 3, 19, 48, 0
12931, 22, 2, 19, 49, 0
12931, 22, 0, 19, 50, 0
12931, 22, 1, 19, 51, 0
12931, 22, 1, 19, 58, 0
12931, 22, 1, 19, 59, 0
12931, 22, 2, 20, 50, 0
12931, 22, 0, 20, 51, 0
12931, 22, 3, 20, 52, 0
12931, 22, 3, 20, 57, 0
12931, 22, 2, 20, 58, 0
12931, 22, 3, 21, 52, 0
12931, 22, 3, 21, 53, 0
12931, 22, 1, 21, 54, 0
12931, 22, 1, 21, 55, 0
12931, 22, 0, 21, 56, 0
12931, 22, 2, 21, 57, 0
12931, 22, 0, 21, 58, 0
12931, 22, 2, 22, 55, 0
12931, 22, 0, 22, 56, 0
12932, 22, 3, 10, 54, 0
12932, 22, 1, 11, 53, 0
12932, 22, 2, 11, 56, 0
12932, 22, 0, 12, 52, 0
12932, 22, 2, 13, 50, 0
12932, 22, 3, 17, 50, 0
12932, 22, 1, 18, 58, 0
12932, 22, 2, 20, 53, 0
12936, 22, 0, 9, 35, 1
12936, 22, 0, 9, 37, 1
12937, 22, 0, 9, 36, 1
12938, 22, 2, 10, 34, 1
12939, 22, 0, 9, 32, 1
12940, 22, 0, 9, 31, 1
12944, 10, 0, 3, 41, 1
12945, 10, 0, 3, 33, 0
12946, 22, 0, 3, 36, 1
12946, 22, 0, 3, 37, 1
12946, 22, 0, 3, 38, 1
12946, 22, 2, 4, 36, 1
12946, 22, 2, 4, 37, 1
12946, 22, 2, 4, 38, 1
12946, 22, 2, 4, 39, 1
12947, 22, 0, 3, 39, 1
12948, 22, 2, 2, 40, 1
12948, 22, 2, 3, 40, 1
12949, 22, 2, 6, 42, 1
12949, 22, 2, 6, 43, 1
12949, 22, 2, 6, 44, 1
12950, 22, 2, 1, 41, 1
12950, 22, 2, 1, 42, 1
12950, 22, 2, 1, 43, 1
12950, 22, 2, 1, 44, 1
12951, 22, 2, 2, 45, 1
12951, 22, 2, 3, 45, 1
12951, 22, 2, 4, 45, 1
12951, 22, 2, 5, 45, 1
12952, 22, 2, 6, 45, 1
12953, 22, 2, 1, 45, 1
12954, 10, 2, 1, 40, 2
12954, 10, 2, 1, 44, 2
12954, 10, 2, 1, 45, 2
12954, 10, 0, 6, 44, 2
12954, 10, 0, 6, 45, 2
12954, 10, 2, 2, 44, 3
12954, 10, 2, 2, 45, 3
12954, 10, 0, 5, 45, 3
12955, 10, 0, 2, 44, 2
12955, 10, 0, 2, 45, 2
12955, 10, 0, 3, 45, 2
12955, 10, 0, 4, 45, 2
12955, 10, 0, 5, 44, 2
12955, 10, 0, 5, 45, 2
12955, 10, 0, 3, 45, 3
12955, 10, 0, 4, 45, 3
12956, 10, 2, 0, 40, 2
12956, 10, 2, 0, 45, 2
12956, 10, 0, 7, 43, 2
12956, 10, 0, 7, 44, 2
12956, 10, 0, 7, 45, 2
12957, 22, 2, 3, 41, 1
12958, 22, 2, 4, 41, 1
12959, 22, 2, 3, 43, 1
12960, 22, 2, 4, 43, 1
14882, 22, 0, 7, 33, 0
14882, 22, 0, 8, 31, 0
14882, 22, 0, 8, 36, 0
14882, 22, 0, 9, 29, 0
14882, 22, 0, 10, 29, 0
14882, 22, 0, 11, 31, 0
14882, 22, 0, 11, 33, 0
14882, 22, 0, 11, 36, 0
14882, 22, 0, 14, 39, 0
14882, 22, 0, 16, 41, 0
14882, 22, 0, 18, 43, 0
14882, 22, 0, 20, 42, 0
14882, 22, 0, 23, 44, 0
14882, 22, 0, 25, 45, 0
14882, 22, 0, 26, 45, 0
14882, 22, 0, 30, 45, 0
14882, 22, 0, 32, 44, 0
14882, 22, 0, 36, 42, 0
14882, 22, 0, 39, 40, 0
14882, 22, 0, 42, 38, 0
14882, 22, 0, 45, 40, 0
14882, 22, 0, 49, 40, 0
