3547, 22, 2, 1, 6, 0
3547, 22, 3, 1, 14, 0
3547, 22, 2, 2, 1, 0
3547, 22, 3, 5, 5, 0
3547, 22, 0, 6, 1, 0
3547, 22, 0, 14, 5, 0
3547, 22, 2, 16, 3, 0
3547, 22, 3, 18, 2, 0
3547, 22, 0, 19, 0, 0
3547, 22, 2, 22, 3, 0
3547, 22, 2, 26, 1, 0
3547, 22, 2, 32, 1, 0
3547, 22, 2, 33, 0, 0
3547, 22, 1, 34, 0, 0
3547, 22, 3, 35, 1, 0
3547, 22, 1, 41, 3, 0
3547, 22, 1, 41, 4, 0
3547, 22, 1, 41, 5, 0
3547, 22, 1, 41, 6, 0
3547, 22, 2, 56, 17, 0
3548, 22, 0, 0, 6, 0
3548, 22, 3, 0, 14, 0
3548, 22, 0, 1, 0, 0
3548, 22, 3, 1, 5, 0
3548, 22, 1, 1, 7, 0
3548, 22, 2, 1, 13, 0
3548, 22, 0, 1, 15, 0
3548, 22, 2, 2, 2, 0
3548, 22, 1, 2, 14, 0
3548, 22, 1, 4, 1, 0
3548, 22, 3, 5, 4, 0
3548, 22, 1, 5, 6, 0
3548, 22, 2, 6, 0, 0
3548, 22, 0, 6, 5, 0
3548, 22, 3, 9, 10, 0
3548, 22, 2, 10, 9, 0
3548, 22, 1, 11, 10, 0
3548, 22, 1, 13, 2, 0
3548, 22, 2, 13, 5, 0
3548, 22, 1, 14, 4, 0
3548, 22, 0, 14, 6, 0
3548, 22, 1, 15, 3, 0
3548, 22, 0, 15, 5, 0
3548, 22, 0, 16, 2, 0
3548, 22, 3, 16, 4, 0
3548, 22, 0, 17, 2, 0
3548, 22, 3, 17, 3, 0
3548, 22, 3, 18, 0, 0
3548, 22, 3, 18, 1, 0
3548, 22, 1, 18, 3, 0
3548, 22, 0, 19, 1, 0
3548, 22, 2, 19, 2, 0
3548, 22, 0, 21, 3, 0
3548, 22, 2, 22, 2, 0
3548, 22, 1, 22, 4, 0
3548, 22, 1, 23, 3, 0
3548, 22, 2, 25, 1, 0
3548, 22, 2, 26, 0, 0
3548, 22, 2, 26, 2, 0
3548, 22, 0, 32, 0, 0
3548, 22, 1, 35, 0, 0
3548, 22, 3, 36, 0, 0
3548, 22, 2, 36, 1, 0
3548, 22, 0, 40, 4, 0
3548, 22, 3, 40, 5, 0
3548, 22, 0, 50, 6, 0
3548, 22, 2, 53, 4, 0
3548, 22, 2, 55, 2, 0
3548, 22, 3, 55, 17, 0
3548, 22, 2, 56, 12, 0
3548, 22, 2, 56, 16, 0
3548, 22, 0, 56, 18, 0
3548, 22, 2, 57, 13, 0
3548, 22, 1, 57, 17, 0
3548, 22, 2, 59, 12, 0
3548, 22, 3, 59, 15, 0
3548, 22, 3, 60, 13, 0
3548, 22, 0, 60, 17, 0
3548, 22, 0, 61, 15, 0
3548, 22, 3, 62, 14, 0
3548, 22, 0, 62, 18, 0
3548, 22, 0, 63, 18, 0
3549, 22, 3, 0, 0, 0
3549, 22, 1, 0, 1, 0
3549, 22, 1, 0, 5, 0
3549, 22, 3, 0, 7, 0
3549, 22, 2, 0, 13, 0
3549, 22, 0, 0, 15, 0
3549, 22, 2, 1, 1, 0
3549, 22, 3, 1, 3, 0
3549, 22, 0, 1, 4, 0
3549, 22, 3, 1, 8, 0
3549, 22, 2, 1, 12, 0
3549, 22, 0, 1, 16, 0
3549, 22, 0, 2, 0, 0
3549, 22, 3, 2, 5, 0
3549, 22, 1, 2, 6, 0
3549, 22, 0, 2, 7, 0
3549, 22, 2, 2, 13, 0
3549, 22, 0, 2, 15, 0
3549, 22, 2, 3, 0, 0
3549, 22, 2, 3, 2, 0
3549, 22, 1, 3, 14, 0
3549, 22, 3, 4, 3, 0
3549, 22, 0, 4, 5, 0
3549, 22, 2, 4, 6, 0
3549, 22, 3, 4, 15, 0
3549, 22, 3, 5, 0, 0
3549, 22, 0, 5, 1, 0
3549, 22, 1, 5, 7, 0
3549, 22, 3, 5, 14, 0
3549, 22, 3, 5, 15, 0
3549, 22, 3, 5, 16, 0
3549, 22, 0, 6, 3, 0
3549, 22, 0, 6, 6, 0
3549, 22, 2, 6, 13, 0
3549, 22, 0, 6, 17, 0
3549, 22, 2, 7, 1, 0
3549, 22, 3, 7, 5, 0
3549, 22, 3, 7, 10, 0
3549, 22, 3, 7, 11, 0
3549, 22, 2, 7, 14, 0
3549, 22, 0, 7, 17, 0
3549, 22, 0, 7, 18, 0
3549, 22, 1, 8, 3, 0
3549, 22, 3, 8, 9, 0
3549, 22, 3, 8, 10, 0
3549, 22, 3, 8, 11, 0
3549, 22, 3, 8, 12, 0
3549, 22, 2, 8, 14, 0
3549, 22, 0, 8, 17, 0
3549, 22, 2, 9, 8, 0
3549, 22, 2, 9, 9, 0
3549, 22, 3, 9, 11, 0
3549, 22, 0, 9, 13, 0
3549, 22, 1, 9, 15, 0
3549, 22, 1, 9, 16, 0
3549, 22, 1, 9, 17, 0
3549, 22, 0, 10, 3, 0
3549, 22, 2, 10, 7, 0
3549, 22, 2, 10, 8, 0
3549, 22, 0, 10, 14, 0
3549, 22, 1, 10, 16, 0
3549, 22, 3, 11, 3, 0
3549, 22, 2, 11, 4, 0
3549, 22, 0, 11, 5, 0
3549, 22, 2, 11, 8, 0
3549, 22, 2, 11, 9, 0
3549, 22, 0, 11, 13, 0
3549, 22, 0, 11, 14, 0
3549, 22, 1, 12, 3, 0
3549, 22, 1, 12, 4, 0
3549, 22, 3, 12, 5, 0
3549, 22, 2, 12, 9, 0
3549, 22, 1, 12, 11, 0
3549, 22, 0, 12, 12, 0
3549, 22, 0, 12, 13, 0
3549, 22, 2, 13, 3, 0
3549, 22, 2, 13, 4, 0
3549, 22, 0, 13, 6, 0
3549, 22, 1, 13, 9, 0
3549, 22, 1, 13, 10, 0
3549, 22, 1, 13, 11, 0
3549, 22, 2, 14, 1, 0
3549, 22, 3, 14, 2, 0
3549, 22, 0, 14, 3, 0
3549, 22, 1, 14, 7, 0
3549, 22, 1, 14, 10, 0
3549, 22, 0, 15, 0, 0
3549, 22, 0, 15, 1, 0
3549, 22, 3, 15, 2, 0
3549, 22, 1, 15, 4, 0
3549, 22, 0, 15, 6, 0
3549, 22, 1, 16, 0, 0
3549, 22, 1, 16, 1, 0
3549, 22, 3, 16, 5, 0
3549, 22, 2, 17, 0, 0
3549, 22, 0, 17, 1, 0
3549, 22, 2, 17, 4, 0
3549, 22, 1, 18, 4, 0
3549, 22, 1, 19, 3, 0
3549, 22, 1, 20, 0, 0
3549, 22, 1, 20, 1, 0
3549, 22, 0, 20, 2, 0
3549, 22, 3, 20, 3, 0
3549, 22, 0, 21, 0, 0
3549, 22, 2, 21, 2, 0
3549, 22, 2, 21, 4, 0
3549, 22, 1, 22, 5, 0
3549, 22, 3, 23, 1, 0
3549, 22, 1, 23, 2, 0
3549, 22, 3, 23, 4, 0
3549, 22, 0, 24, 1, 0
3549, 22, 2, 24, 3, 0
3549, 22, 3, 25, 0, 0
3549, 22, 1, 25, 2, 0
3549, 22, 2, 31, 2, 0
3549, 22, 1, 36, 2, 0
3549, 22, 3, 40, 3, 0
3549, 22, 3, 40, 6, 0
3549, 22, 3, 41, 7, 0
3549, 22, 0, 51, 6, 0
3549, 22, 0, 53, 6, 0
3549, 22, 3, 54, 2, 0
3549, 22, 1, 54, 5, 0
3549, 22, 3, 54, 17, 0
3549, 22, 2, 55, 1, 0
3549, 22, 1, 55, 4, 0
3549, 22, 1, 55, 5, 0
3549, 22, 3, 55, 12, 0
3549, 22, 2, 55, 16, 0
3549, 22, 3, 55, 18, 0
3549, 22, 1, 56, 2, 0
3549, 22, 1, 56, 4, 0
3549, 22, 3, 56, 11, 0
3549, 22, 3, 56, 13, 0
3549, 22, 2, 56, 15, 0
3549, 22, 2, 57, 10, 0
3549, 22, 2, 57, 11, 0
3549, 22, 0, 57, 14, 0
3549, 22, 2, 57, 15, 0
3549, 22, 1, 57, 16, 0
3549, 22, 0, 57, 18, 0
3549, 22, 2, 58, 12, 0
3549, 22, 1, 58, 16, 0
3549, 22, 1, 58, 17, 0
3549, 22, 2, 59, 10, 0
3549, 22, 0, 59, 16, 0
3549, 22, 1, 60, 14, 0
3549, 22, 0, 60, 15, 0
3549, 22, 2, 60, 16, 0
3549, 22, 2, 61, 12, 0
3549, 22, 3, 61, 14, 0
3549, 22, 0, 61, 18, 0
3549, 22, 2, 62, 11, 0
3549, 22, 2, 62, 12, 0
3549, 22, 2, 62, 13, 0
3549, 22, 0, 62, 15, 0
3549, 22, 2, 63, 10, 0
3549, 22, 3, 63, 13, 0
3549, 22, 1, 63, 16, 0
4051, 10, 0, 6, 14, 0
4051, 10, 3, 8, 15, 0
4051, 10, 2, 10, 13, 0
4053, 10, 2, 10, 10, 0
4339, 22, 2, 45, 11, 0
4339, 22, 2, 49, 4, 0
4340, 22, 3, 39, 8, 0
4340, 22, 2, 40, 7, 0
4340, 22, 1, 42, 10, 0
4340, 22, 1, 43, 10, 0
4340, 22, 0, 43, 11, 0
4340, 22, 1, 44, 8, 0
4340, 22, 2, 44, 10, 0
4340, 22, 2, 44, 11, 0
4340, 22, 0, 45, 8, 0
4340, 22, 3, 45, 9, 0
4340, 22, 1, 45, 10, 0
4340, 22, 1, 46, 9, 0
4340, 22, 1, 46, 10, 0
4340, 22, 0, 46, 11, 0
4340, 22, 3, 47, 7, 0
4340, 22, 0, 47, 8, 0
4340, 22, 3, 47, 10, 0
4340, 22, 0, 48, 4, 0
4340, 22, 2, 48, 8, 0
4340, 22, 3, 49, 5, 0
4341, 22, 2, 42, 11, 0
4341, 22, 1, 44, 9, 0
4341, 22, 3, 46, 8, 0
4341, 22, 3, 47, 11, 0
4342, 22, 1, 26, 5, 0
4342, 22, 3, 27, 9, 0
4342, 22, 0, 28, 3, 0
4342, 22, 0, 32, 9, 0
4342, 22, 1, 35, 8, 0
4342, 22, 3, 37, 3, 0
4342, 22, 2, 39, 6, 0
4342, 22, 0, 41, 11, 0
4343, 22, 0, 25, 5, 0
4343, 22, 3, 25, 6, 0
4343, 22, 3, 26, 4, 0
4343, 22, 2, 26, 6, 0
4343, 22, 3, 26, 8, 0
4343, 22, 0, 26, 9, 0
4343, 22, 1, 26, 10, 0
4343, 22, 2, 27, 3, 0
4343, 22, 3, 27, 4, 0
4343, 22, 0, 27, 5, 0
4343, 22, 1, 27, 6, 0
4343, 22, 2, 27, 8, 0
4343, 22, 2, 27, 10, 0
4343, 22, 1, 28, 4, 0
4343, 22, 1, 28, 5, 0
4343, 22, 2, 28, 6, 0
4343, 22, 2, 28, 7, 0
4343, 22, 1, 28, 8, 0
4343, 22, 3, 28, 9, 0
4343, 22, 3, 29, 3, 0
4343, 22, 0, 29, 4, 0
4343, 22, 0, 29, 5, 0
4343, 22, 0, 29, 7, 0
4343, 22, 3, 30, 5, 0
4343, 22, 2, 30, 6, 0
4343, 22, 1, 30, 7, 0
4343, 22, 1, 31, 8, 0
4343, 22, 3, 31, 9, 0
4343, 22, 2, 31, 10, 0
4343, 22, 2, 32, 8, 0
4343, 22, 2, 32, 10, 0
4343, 22, 3, 33, 3, 0
4343, 22, 3, 33, 4, 0
4343, 22, 1, 33, 5, 0
4343, 22, 3, 33, 8, 0
4343, 22, 0, 33, 9, 0
4343, 22, 1, 33, 10, 0
4343, 22, 1, 34, 3, 0
4343, 22, 1, 34, 5, 0
4343, 22, 3, 34, 7, 0
4343, 22, 3, 34, 8, 0
4343, 22, 0, 34, 9, 0
4343, 22, 1, 35, 3, 0
4343, 22, 3, 35, 4, 0
4343, 22, 2, 35, 5, 0
4343, 22, 0, 35, 7, 0
4343, 22, 3, 35, 9, 0
4343, 22, 0, 36, 3, 0
4343, 22, 2, 36, 4, 0
4343, 22, 2, 36, 7, 0
4343, 22, 1, 36, 8, 0
4343, 22, 0, 36, 9, 0
4343, 22, 2, 36, 10, 0
4343, 22, 2, 37, 4, 0
4343, 22, 1, 37, 8, 0
4343, 22, 1, 37, 10, 0
4343, 22, 3, 38, 3, 0
4343, 22, 1, 38, 4, 0
4343, 22, 1, 38, 5, 0
4343, 22, 1, 38, 6, 0
4343, 22, 2, 38, 7, 0
4343, 22, 2, 38, 8, 0
4343, 22, 3, 38, 9, 0
4343, 22, 0, 38, 10, 0
4343, 22, 0, 39, 5, 0
4343, 22, 1, 39, 10, 0
4343, 22, 1, 40, 8, 0
4343, 22, 3, 40, 9, 0
4343, 22, 2, 40, 10, 0
4343, 22, 3, 40, 11, 0
4343, 22, 2, 41, 9, 0
4343, 22, 2, 41, 10, 0
4344, 22, 2, 29, 6, 0
4344, 22, 1, 34, 4, 0
4344, 22, 0, 37, 9, 0
4344, 22, 0, 37, 11, 0
4344, 22, 2, 41, 8, 0
5240, 0, 2, 41, 4, 0
5240, 0, 2, 41, 5, 0
5240, 0, 2, 41, 6, 0
5240, 0, 2, 41, 7, 0
5240, 0, 1, 42, 3, 0
5240, 0, 3, 42, 8, 0
5240, 0, 1, 44, 3, 0
5240, 0, 3, 44, 8, 0
5240, 0, 1, 46, 3, 0
5240, 0, 3, 46, 8, 0
5240, 0, 0, 47, 4, 0
5240, 0, 0, 47, 7, 0
5241, 0, 1, 43, 3, 0
5241, 0, 3, 43, 8, 0
5241, 0, 1, 45, 3, 0
5241, 0, 3, 45, 8, 0
5241, 0, 0, 47, 6, 0
5244, 0, 2, 31, 23, 1
5265, 10, 3, 25, 23, 0
5265, 10, 1, 29, 23, 0
5265, 10, 1, 31, 21, 1
5265, 10, 1, 31, 25, 1
5266, 10, 3, 25, 23, 1
5266, 10, 1, 29, 23, 1
5266, 10, 1, 31, 21, 2
5266, 10, 1, 31, 25, 2
5269, 10, 0, 11, 34, 1
5269, 10, 0, 11, 36, 1
5269, 10, 0, 13, 32, 1
5269, 10, 0, 13, 39, 1
5269, 10, 0, 13, 41, 1
5269, 10, 0, 15, 32, 1
5269, 10, 0, 15, 44, 1
5269, 10, 0, 17, 44, 1
5269, 10, 0, 18, 30, 1
5269, 10, 0, 20, 30, 1
5270, 10, 1, 18, 23, 0
5270, 10, 2, 19, 24, 0
5270, 10, 2, 31, 24, 0
5270, 10, 2, 35, 24, 0
5270, 10, 2, 36, 24, 0
5270, 10, 3, 37, 23, 0
5270, 10, 2, 35, 25, 1
5270, 10, 0, 34, 21, 2
5270, 10, 2, 35, 25, 2
5272, 10, 0, 19, 22, 0
5272, 10, 0, 34, 22, 0
5272, 10, 3, 22, 44, 1
5272, 10, 2, 33, 25, 2
5272, 10, 0, 36, 21, 2
5273, 10, 0, 35, 22, 0
5274, 10, 3, 35, 23, 2
5285, 22, 3, 21, 26, 1
5286, 22, 3, 21, 27, 1
5287, 10, 1, 38, 23, 1
5308, 10, 2, 8, 24, 0
5308, 10, 1, 10, 23, 0
5308, 10, 3, 11, 28, 0
5308, 10, 2, 13, 28, 0
5308, 10, 0, 15, 20, 0
5308, 10, 2, 16, 19, 0
5308, 10, 0, 16, 25, 0
5308, 10, 2, 18, 20, 0
5308, 10, 3, 23, 19, 0
5308, 10, 0, 7, 41, 1
5308, 10, 2, 9, 40, 1
5308, 10, 2, 16, 48, 1
5308, 10, 1, 21, 42, 1
5308, 10, 3, 21, 46, 1
5308, 10, 2, 23, 43, 1
5308, 10, 1, 23, 46, 1
5308, 10, 0, 26, 48, 1
5308, 10, 3, 30, 46, 1
5309, 10, 3, 11, 24, 0
5309, 10, 3, 14, 26, 0
5309, 10, 3, 23, 44, 1
5314, 9, 3, 8, 31, 0
5314, 9, 0, 8, 32, 0
5314, 9, 2, 9, 31, 0
5314, 9, 1, 9, 32, 0
5314, 9, 3, 10, 36, 0
5314, 0, 0, 10, 37, 0
5314, 9, 0, 10, 38, 0
5314, 0, 3, 11, 36, 0
5314, 0, 1, 11, 38, 0
5314, 9, 2, 12, 36, 0
5314, 1, 2, 12, 37, 0
5314, 1, 0, 12, 38, 0
5314, 9, 0, 12, 39, 0
5314, 9, 3, 12, 46, 0
5314, 9, 0, 12, 47, 0
5314, 0, 3, 13, 37, 0
5314, 0, 1, 13, 39, 0
5314, 9, 2, 13, 46, 0
5314, 9, 1, 13, 47, 0
5314, 9, 2, 14, 37, 0
5314, 0, 2, 14, 38, 0
5314, 9, 1, 14, 39, 0
5314, 9, 3, 17, 43, 0
5314, 0, 0, 17, 44, 0
5314, 9, 0, 17, 45, 0
5314, 9, 3, 17, 51, 0
5314, 9, 0, 17, 52, 0
5314, 0, 3, 18, 43, 0
5314, 0, 1, 18, 45, 0
5314, 9, 2, 18, 51, 0
5314, 9, 1, 18, 52, 0
5314, 9, 3, 19, 42, 0
5314, 1, 3, 19, 43, 0
5314, 1, 0, 19, 45, 0
5314, 9, 0, 19, 46, 0
5314, 9, 3, 20, 27, 0
5314, 9, 0, 20, 28, 0
5314, 0, 3, 20, 42, 0
5314, 0, 1, 20, 46, 0
5314, 9, 3, 21, 19, 0
5314, 9, 0, 21, 20, 0
5314, 0, 3, 21, 27, 0
5314, 0, 1, 21, 28, 0
5314, 9, 3, 21, 41, 0
5314, 1, 3, 21, 42, 0
5314, 1, 0, 21, 46, 0
5314, 9, 0, 21, 47, 0
5314, 9, 2, 22, 19, 0
5314, 9, 1, 22, 20, 0
5314, 9, 2, 22, 27, 0
5314, 9, 1, 22, 28, 0
5314, 0, 3, 22, 41, 0
5314, 0, 1, 22, 47, 0
5314, 9, 2, 23, 41, 0
5314, 0, 2, 23, 42, 0
5314, 1, 2, 23, 43, 0
5314, 1, 1, 23, 46, 0
5314, 9, 1, 23, 47, 0
5314, 9, 2, 24, 43, 0
5314, 0, 2, 24, 44, 0
5314, 0, 2, 24, 45, 0
5314, 9, 1, 24, 46, 0
5315, 9, 3, 8, 35, 0
5315, 9, 0, 8, 36, 0
5315, 9, 3, 8, 44, 0
5315, 9, 0, 8, 45, 0
5315, 9, 3, 9, 29, 0
5315, 9, 0, 9, 30, 0
5315, 9, 2, 9, 35, 0
5315, 9, 1, 9, 36, 0
5315, 9, 2, 9, 44, 0
5315, 9, 1, 9, 45, 0
5315, 9, 2, 10, 29, 0
5315, 9, 1, 10, 30, 0
5315, 9, 3, 10, 33, 0
5315, 9, 0, 10, 34, 0
5315, 9, 3, 11, 31, 0
5315, 0, 0, 11, 32, 0
5315, 1, 3, 11, 33, 0
5315, 0, 1, 11, 34, 0
5315, 0, 3, 12, 31, 0
5315, 1, 1, 12, 33, 0
5315, 9, 1, 12, 34, 0
5315, 9, 2, 13, 31, 0
5315, 0, 2, 13, 32, 0
5315, 9, 1, 13, 33, 0
5315, 9, 3, 16, 26, 0
5315, 9, 0, 16, 27, 0
5315, 9, 2, 17, 26, 0
5315, 9, 1, 17, 27, 0
5315, 9, 3, 20, 29, 0
5315, 9, 0, 20, 30, 0
5315, 9, 3, 20, 33, 0
5315, 9, 0, 20, 34, 0
5315, 0, 3, 21, 29, 0
5315, 1, 0, 21, 30, 0
5315, 9, 0, 21, 31, 0
5315, 9, 2, 21, 33, 0
5315, 9, 1, 21, 34, 0
5315, 9, 2, 22, 29, 0
5315, 0, 2, 22, 30, 0
5315, 9, 1, 22, 31, 0
5315, 9, 3, 25, 41, 0
5315, 9, 0, 25, 42, 0
5315, 9, 3, 25, 47, 0
5315, 0, 0, 25, 48, 0
5315, 9, 0, 25, 49, 0
5315, 9, 2, 26, 41, 0
5315, 9, 1, 26, 42, 0
5315, 0, 3, 26, 47, 0
5315, 0, 1, 26, 49, 0
5315, 9, 3, 27, 46, 0
5315, 1, 3, 27, 47, 0
5315, 1, 1, 27, 48, 0
5315, 9, 1, 27, 49, 0
5315, 9, 2, 28, 46, 0
5315, 0, 2, 28, 47, 0
5315, 9, 1, 28, 48, 0
5316, 9, 3, 15, 31, 0
5316, 0, 0, 15, 32, 0
5316, 9, 0, 15, 33, 0
5316, 9, 3, 16, 29, 0
5316, 0, 0, 16, 30, 0
5316, 1, 3, 16, 31, 0
5316, 0, 1, 16, 33, 0
5316, 0, 3, 17, 29, 0
5316, 1, 1, 17, 31, 0
5316, 0, 2, 17, 32, 0
5316, 9, 1, 17, 33, 0
5316, 9, 2, 18, 29, 0
5316, 0, 2, 18, 30, 0
5316, 9, 1, 18, 31, 0
5316, 9, 3, 24, 39, 0
5316, 9, 0, 24, 40, 0
5316, 9, 2, 25, 39, 0
5316, 9, 1, 25, 40, 0
5316, 9, 3, 29, 45, 0
5316, 0, 0, 29, 46, 0
5316, 9, 0, 29, 47, 0
5316, 0, 3, 30, 45, 0
5316, 0, 1, 30, 47, 0
5316, 9, 2, 31, 45, 0
5316, 0, 2, 31, 46, 0
5316, 9, 1, 31, 47, 0
5317, 9, 3, 6, 29, 0
5317, 9, 0, 6, 30, 0
5317, 9, 3, 6, 40, 0
5317, 0, 0, 6, 41, 0
5317, 9, 0, 6, 42, 0
5317, 9, 2, 7, 29, 0
5317, 9, 1, 7, 30, 0
5317, 0, 3, 7, 40, 0
5317, 0, 1, 7, 42, 0
5317, 9, 3, 8, 39, 0
5317, 1, 3, 8, 40, 0
5317, 1, 1, 8, 41, 0
5317, 9, 1, 8, 42, 0
5317, 0, 3, 9, 39, 0
5317, 0, 1, 9, 41, 0
5317, 9, 2, 10, 39, 0
5317, 0, 2, 10, 40, 0
5317, 9, 1, 10, 41, 0
5317, 9, 3, 13, 29, 0
5317, 9, 0, 13, 30, 0
5317, 9, 3, 13, 34, 0
5317, 9, 0, 13, 35, 0
5317, 9, 2, 14, 29, 0
5317, 9, 1, 14, 30, 0
5317, 9, 2, 14, 34, 0
5317, 9, 1, 14, 35, 0
5317, 9, 3, 15, 47, 0
5317, 0, 0, 15, 48, 0
5317, 9, 0, 15, 49, 0
5317, 9, 3, 16, 35, 0
5317, 9, 0, 16, 36, 0
5317, 0, 3, 16, 47, 0
5317, 0, 1, 16, 49, 0
5317, 0, 3, 17, 35, 0
5317, 0, 1, 17, 36, 0
5317, 9, 2, 17, 47, 0
5317, 0, 2, 17, 48, 0
5317, 9, 1, 17, 49, 0
5317, 9, 3, 18, 27, 0
5317, 9, 0, 18, 28, 0
5317, 9, 2, 18, 35, 0
5317, 9, 1, 18, 36, 0
5317, 9, 2, 19, 27, 0
5317, 9, 1, 19, 28, 0
5317, 9, 3, 19, 31, 0
5317, 9, 0, 19, 32, 0
5317, 9, 2, 20, 31, 0
5317, 9, 1, 20, 32, 0
5317, 9, 3, 22, 34, 0
5317, 9, 0, 22, 35, 0
5317, 9, 3, 23, 30, 0
5317, 9, 0, 23, 31, 0
5317, 9, 2, 23, 34, 0
5317, 9, 1, 23, 35, 0
5317, 9, 3, 24, 27, 0
5317, 9, 0, 24, 28, 0
5317, 9, 2, 24, 30, 0
5317, 9, 1, 24, 31, 0
5317, 9, 3, 25, 19, 0
5317, 9, 0, 25, 20, 0
5317, 9, 2, 25, 27, 0
5317, 9, 1, 25, 28, 0
5317, 0, 3, 26, 19, 0
5317, 0, 1, 26, 20, 0
5317, 9, 2, 27, 19, 0
5317, 9, 1, 27, 20, 0
5317, 9, 3, 27, 29, 0
5317, 9, 0, 27, 30, 0
5317, 9, 2, 28, 29, 0
5317, 9, 1, 28, 30, 0
5318, 9, 3, 11, 42, 0
5318, 9, 0, 11, 43, 0
5318, 9, 3, 12, 41, 0
5318, 1, 3, 12, 42, 0
5318, 1, 0, 12, 43, 0
5318, 9, 0, 12, 44, 0
5318, 0, 3, 13, 41, 0
5318, 0, 1, 13, 44, 0
5318, 9, 2, 14, 41, 0
5318, 0, 2, 14, 42, 0
5318, 1, 2, 14, 43, 0
5318, 1, 0, 14, 44, 0
5318, 9, 0, 14, 45, 0
5318, 9, 2, 15, 43, 0
5318, 0, 2, 15, 44, 0
5318, 9, 1, 15, 45, 0
5318, 9, 3, 19, 49, 0
5318, 9, 0, 19, 50, 0
5318, 9, 2, 20, 49, 0
5318, 9, 1, 20, 50, 0
5318, 9, 3, 27, 40, 0
5318, 9, 0, 27, 41, 0
5318, 9, 2, 28, 40, 0
5318, 9, 1, 28, 41, 0
5319, 10, 0, 11, 37, 0
5319, 10, 0, 13, 38, 0
5319, 10, 0, 18, 44, 0
5319, 10, 0, 19, 44, 0
5319, 10, 0, 20, 43, 0
5319, 10, 0, 20, 44, 0
5319, 10, 0, 20, 45, 0
5319, 10, 0, 21, 43, 0
5319, 10, 0, 21, 44, 0
5319, 10, 0, 21, 45, 0
5319, 10, 0, 22, 42, 0
5319, 10, 0, 22, 43, 0
5319, 10, 0, 22, 44, 0
5319, 10, 0, 22, 45, 0
5319, 10, 0, 22, 46, 0
5319, 10, 0, 23, 44, 0
5319, 10, 0, 23, 45, 0
5320, 10, 0, 12, 32, 0
5320, 10, 3, 26, 48, 0
5321, 10, 1, 16, 32, 0
5321, 10, 1, 17, 30, 0
5321, 10, 3, 30, 46, 0
5322, 10, 3, 13, 42, 0
5322, 10, 3, 13, 43, 0
5323, 10, 0, 7, 41, 0
5323, 10, 0, 9, 40, 0
5323, 10, 0, 16, 48, 0
5324, 22, 0, 6, 24, 0
5324, 22, 3, 10, 25, 0
5324, 22, 1, 12, 22, 0
5324, 22, 3, 14, 14, 0
5324, 22, 2, 16, 10, 0
5324, 22, 3, 17, 19, 0
5324, 22, 0, 19, 12, 0
5324, 22, 2, 19, 17, 0
5324, 22, 1, 24, 14, 0
5324, 22, 0, 25, 17, 0
5324, 22, 1, 28, 14, 0
5324, 22, 3, 29, 17, 0
5324, 22, 0, 31, 13, 0
5324, 22, 1, 34, 16, 0
5324, 22, 3, 35, 14, 0
5324, 22, 2, 40, 13, 0
5324, 22, 1, 42, 15, 0
5324, 22, 0, 46, 13, 0
5324, 22, 2, 47, 5, 0
5324, 22, 3, 49, 15, 0
5324, 22, 3, 51, 8, 0
5324, 22, 2, 53, 11, 0
5324, 22, 2, 54, 14, 0
5324, 22, 1, 59, 7, 0
5324, 22, 0, 63, 4, 0
5324, 22, 1, 8, 41, 1
5324, 22, 2, 11, 33, 1
5324, 22, 0, 11, 37, 1
5324, 22, 2, 12, 42, 1
5324, 22, 3, 14, 44, 1
5324, 22, 3, 16, 31, 1
5324, 22, 3, 16, 48, 1
5324, 22, 1, 17, 30, 1
5324, 22, 0, 18, 44, 1
5324, 22, 1, 20, 42, 1
5324, 22, 3, 22, 46, 1
5324, 22, 2, 23, 44, 1
5324, 22, 2, 26, 48, 1
5324, 22, 0, 30, 46, 1
5325, 22, 1, 3, 21, 0
5325, 22, 0, 4, 20, 0
5325, 22, 0, 4, 21, 0
5325, 22, 3, 4, 22, 0
5325, 22, 1, 5, 19, 0
5325, 22, 2, 5, 20, 0
5325, 22, 3, 5, 22, 0
5325, 22, 0, 5, 23, 0
5325, 22, 0, 5, 24, 0
5325, 22, 1, 6, 20, 0
5325, 22, 1, 6, 23, 0
5325, 22, 1, 7, 21, 0
5325, 22, 3, 7, 22, 0
5325, 22, 3, 7, 24, 0
5325, 22, 0, 7, 25, 0
5325, 22, 3, 8, 23, 0
5325, 22, 1, 8, 26, 0
5325, 22, 2, 9, 22, 0
5325, 22, 0, 9, 23, 0
5325, 22, 0, 9, 24, 0
5325, 22, 1, 9, 25, 0
5325, 22, 0, 9, 26, 0
5325, 22, 1, 9, 27, 0
5325, 22, 1, 10, 21, 0
5325, 22, 3, 10, 24, 0
5325, 22, 0, 10, 26, 0
5325, 22, 2, 11, 19, 0
5325, 22, 0, 11, 21, 0
5325, 22, 0, 11, 22, 0
5325, 22, 0, 11, 23, 0
5325, 22, 2, 11, 26, 0
5325, 22, 2, 11, 27, 0
5325, 22, 2, 12, 21, 0
5325, 22, 1, 12, 23, 0
5325, 22, 3, 12, 26, 0
5325, 22, 0, 12, 27, 0
5325, 22, 2, 12, 28, 0
5325, 22, 0, 13, 13, 0
5325, 22, 0, 13, 14, 0
5325, 22, 1, 13, 15, 0
5325, 22, 0, 13, 21, 0
5325, 22, 1, 13, 22, 0
5325, 22, 2, 13, 23, 0
5325, 22, 3, 13, 24, 0
5325, 22, 0, 13, 25, 0
5325, 22, 1, 13, 27, 0
5325, 22, 3, 14, 13, 0
5325, 22, 0, 14, 15, 0
5325, 22, 0, 14, 20, 0
5325, 22, 0, 14, 22, 0
5325, 22, 2, 14, 23, 0
5325, 22, 2, 14, 25, 0
5325, 22, 0, 15, 9, 0
5325, 22, 1, 15, 10, 0
5325, 22, 2, 15, 11, 0
5325, 22, 2, 15, 13, 0
5325, 22, 1, 15, 14, 0
5325, 22, 3, 15, 15, 0
5325, 22, 0, 15, 18, 0
5325, 22, 2, 15, 19, 0
5325, 22, 3, 15, 21, 0
5325, 22, 1, 15, 25, 0
5325, 22, 3, 16, 9, 0
5325, 22, 2, 16, 11, 0
5325, 22, 1, 16, 13, 0
5325, 22, 2, 16, 14, 0
5325, 22, 0, 16, 15, 0
5325, 22, 3, 16, 17, 0
5325, 22, 2, 16, 20, 0
5325, 22, 2, 16, 21, 0
5325, 22, 2, 17, 9, 0
5325, 22, 1, 17, 10, 0
5325, 22, 1, 17, 11, 0
5325, 22, 1, 17, 13, 0
5325, 22, 0, 17, 15, 0
5325, 22, 3, 17, 18, 0
5325, 22, 1, 17, 20, 0
5325, 22, 2, 18, 11, 0
5325, 22, 0, 18, 12, 0
5325, 22, 0, 18, 13, 0
5325, 22, 1, 18, 14, 0
5325, 22, 1, 18, 15, 0
5325, 22, 2, 18, 16, 0
5325, 22, 2, 18, 17, 0
5325, 22, 0, 18, 19, 0
5325, 22, 3, 19, 11, 0
5325, 22, 2, 19, 13, 0
5325, 22, 1, 19, 16, 0
5325, 22, 3, 19, 18, 0
5325, 22, 3, 19, 19, 0
5325, 22, 3, 19, 20, 0
5325, 22, 1, 20, 9, 0
5325, 22, 1, 20, 10, 0
5325, 22, 2, 20, 11, 0
5325, 22, 0, 20, 12, 0
5325, 22, 3, 20, 13, 0
5325, 22, 0, 20, 16, 0
5325, 22, 3, 20, 17, 0
5325, 22, 2, 20, 18, 0
5325, 22, 2, 20, 19, 0
5325, 22, 3, 20, 20, 0
5325, 22, 3, 21, 9, 0
5325, 22, 3, 21, 11, 0
5325, 22, 3, 21, 17, 0
5325, 22, 3, 22, 9, 0
5325, 22, 2, 22, 10, 0
5325, 22, 1, 22, 11, 0
5325, 22, 3, 22, 12, 0
5325, 22, 2, 22, 13, 0
5325, 22, 1, 22, 14, 0
5325, 22, 0, 22, 17, 0
5325, 22, 1, 22, 18, 0
5325, 22, 0, 23, 12, 0
5325, 22, 0, 23, 14, 0
5325, 22, 3, 23, 15, 0
5325, 22, 0, 23, 17, 0
5325, 22, 1, 23, 18, 0
5325, 22, 2, 24, 12, 0
5325, 22, 3, 24, 13, 0
5325, 22, 2, 24, 15, 0
5325, 22, 1, 24, 17, 0
5325, 22, 1, 24, 18, 0
5325, 22, 2, 24, 19, 0
5325, 22, 0, 25, 13, 0
5325, 22, 1, 25, 14, 0
5325, 22, 1, 25, 15, 0
5325, 22, 0, 25, 16, 0
5325, 22, 2, 25, 18, 0
5325, 22, 1, 26, 11, 0
5325, 22, 1, 26, 12, 0
5325, 22, 2, 26, 13, 0
5325, 22, 1, 26, 16, 0
5325, 22, 3, 26, 17, 0
5325, 22, 3, 26, 18, 0
5325, 22, 0, 27, 11, 0
5325, 22, 3, 27, 13, 0
5325, 22, 0, 27, 15, 0
5325, 22, 3, 27, 17, 0
5325, 22, 3, 28, 11, 0
5325, 22, 3, 28, 12, 0
5325, 22, 1, 28, 13, 0
5325, 22, 0, 28, 15, 0
5325, 22, 1, 28, 16, 0
5325, 22, 3, 28, 17, 0
5325, 22, 2, 29, 13, 0
5325, 22, 3, 29, 14, 0
5325, 22, 3, 29, 16, 0
5325, 22, 2, 29, 18, 0
5325, 22, 2, 30, 12, 0
5325, 22, 2, 30, 13, 0
5325, 22, 1, 30, 14, 0
5325, 22, 0, 30, 16, 0
5325, 22, 1, 30, 17, 0
5325, 22, 3, 31, 12, 0
5325, 22, 2, 31, 14, 0
5325, 22, 1, 31, 15, 0
5325, 22, 1, 31, 17, 0
5325, 22, 2, 31, 18, 0
5325, 22, 0, 32, 12, 0
5325, 22, 1, 32, 13, 0
5325, 22, 0, 32, 15, 0
5325, 22, 3, 32, 16, 0
5325, 22, 2, 33, 13, 0
5325, 22, 3, 33, 15, 0
5325, 22, 2, 33, 16, 0
5325, 22, 2, 33, 17, 0
5325, 22, 2, 34, 13, 0
5325, 22, 0, 34, 14, 0
5325, 22, 2, 34, 15, 0
5325, 22, 0, 34, 17, 0
5325, 22, 2, 35, 12, 0
5325, 22, 2, 35, 16, 0
5325, 22, 0, 36, 13, 0
5325, 22, 1, 36, 14, 0
5325, 22, 3, 37, 16, 0
5325, 22, 1, 38, 13, 0
5325, 22, 2, 38, 15, 0
5325, 22, 0, 38, 17, 0
5325, 22, 0, 39, 13, 0
5325, 22, 0, 39, 14, 0
5325, 22, 3, 39, 15, 0
5325, 22, 1, 39, 16, 0
5325, 22, 3, 40, 12, 0
5325, 22, 3, 40, 15, 0
5325, 22, 0, 41, 13, 0
5325, 22, 2, 41, 14, 0
5325, 22, 2, 41, 15, 0
5325, 22, 0, 41, 17, 0
5325, 22, 1, 41, 18, 0
5325, 22, 3, 42, 12, 0
5325, 22, 1, 42, 18, 0
5325, 22, 2, 42, 19, 0
5325, 22, 2, 43, 13, 0
5325, 22, 0, 43, 14, 0
5325, 22, 0, 43, 15, 0
5325, 22, 1, 43, 16, 0
5325, 22, 2, 43, 17, 0
5325, 22, 3, 43, 18, 0
5325, 22, 3, 43, 19, 0
5325, 22, 1, 44, 12, 0
5325, 22, 1, 44, 13, 0
5325, 22, 3, 44, 14, 0
5325, 22, 2, 44, 16, 0
5325, 22, 1, 44, 17, 0
5325, 22, 3, 45, 12, 0
5325, 22, 0, 45, 13, 0
5325, 22, 1, 45, 14, 0
5325, 22, 2, 45, 15, 0
5325, 22, 0, 45, 16, 0
5325, 22, 1, 46, 14, 0
5325, 22, 3, 47, 12, 0
5325, 22, 3, 47, 13, 0
5325, 22, 2, 47, 14, 0
5325, 22, 2, 48, 6, 0
5325, 22, 1, 48, 7, 0
5325, 22, 0, 48, 13, 0
5325, 22, 0, 48, 14, 0
5325, 22, 1, 48, 15, 0
5325, 22, 1, 48, 16, 0
5325, 22, 0, 48, 18, 0
5325, 22, 0, 49, 8, 0
5325, 22, 1, 49, 12, 0
5325, 22, 3, 49, 14, 0
5325, 22, 2, 49, 16, 0
5325, 22, 3, 50, 8, 0
5325, 22, 1, 50, 12, 0
5325, 22, 2, 50, 13, 0
5325, 22, 3, 50, 14, 0
5325, 22, 3, 50, 15, 0
5325, 22, 0, 50, 18, 0
5325, 22, 2, 51, 18, 0
5325, 22, 2, 52, 8, 0
5325, 22, 0, 52, 10, 0
5325, 22, 0, 52, 11, 0
5325, 22, 1, 52, 12, 0
5325, 22, 1, 53, 8, 0
5325, 22, 2, 53, 12, 0
5325, 22, 2, 53, 13, 0
5325, 22, 3, 53, 14, 0
5325, 22, 3, 54, 10, 0
5325, 22, 2, 54, 11, 0
5325, 22, 1, 54, 12, 0
5325, 22, 0, 54, 15, 0
5325, 22, 0, 55, 8, 0
5325, 22, 0, 55, 13, 0
5325, 22, 3, 55, 14, 0
5325, 22, 1, 55, 15, 0
5325, 22, 3, 57, 7, 0
5325, 22, 2, 58, 7, 0
5325, 22, 0, 60, 6, 0
5325, 22, 1, 60, 7, 0
5325, 22, 2, 62, 5, 0
5325, 22, 3, 62, 6, 0
5325, 22, 1, 63, 3, 0
5325, 22, 3, 7, 41, 1
5325, 22, 0, 9, 40, 1
5325, 22, 3, 11, 32, 1
5325, 22, 0, 11, 38, 1
5325, 22, 2, 12, 33, 1
5325, 22, 1, 12, 38, 1
5325, 22, 0, 12, 43, 1
5325, 22, 2, 13, 37, 1
5325, 22, 3, 13, 42, 1
5325, 22, 2, 14, 43, 1
5325, 22, 2, 16, 30, 1
5325, 22, 1, 17, 31, 1
5325, 22, 0, 17, 32, 1
5325, 22, 0, 18, 43, 1
5325, 22, 2, 18, 45, 1
5325, 22, 3, 19, 43, 1
5325, 22, 1, 19, 44, 1
5325, 22, 3, 19, 45, 1
5325, 22, 0, 20, 43, 1
5325, 22, 2, 20, 44, 1
5325, 22, 1, 20, 46, 1
5325, 22, 1, 21, 30, 1
5325, 22, 0, 21, 42, 1
5325, 22, 1, 21, 44, 1
5325, 22, 0, 21, 45, 1
5325, 22, 2, 21, 46, 1
5325, 22, 3, 22, 41, 1
5325, 22, 1, 22, 42, 1
5325, 22, 3, 22, 43, 1
5325, 22, 3, 22, 45, 1
5325, 22, 3, 22, 47, 1
5325, 22, 2, 23, 43, 1
5325, 22, 2, 23, 46, 1
5325, 22, 0, 24, 44, 1
5325, 22, 1, 24, 45, 1
5326, 22, 0, 5, 21, 0
5326, 22, 1, 10, 22, 0
5326, 22, 3, 10, 27, 0
5326, 22, 3, 11, 20, 0
5326, 22, 2, 13, 26, 0
5326, 22, 0, 14, 21, 0
5326, 22, 2, 14, 24, 0
5326, 22, 2, 16, 18, 0
5326, 22, 0, 17, 14, 0
5326, 22, 1, 21, 10, 0
5326, 22, 1, 21, 18, 0
5326, 22, 0, 23, 13, 0
5326, 22, 3, 27, 12, 0
5326, 22, 0, 27, 16, 0
5326, 22, 1, 32, 14, 0
5326, 22, 3, 32, 17, 0
5326, 22, 0, 35, 13, 0
5326, 22, 2, 38, 16, 0
5326, 22, 0, 40, 14, 0
5326, 22, 1, 42, 17, 0
5326, 22, 0, 43, 12, 0
5326, 22, 1, 44, 15, 0
5326, 22, 2, 49, 13, 0
5326, 22, 0, 54, 8, 0
5326, 22, 1, 61, 6, 0
5326, 22, 0, 8, 40, 1
5326, 22, 0, 12, 32, 1
5326, 22, 2, 12, 37, 1
5326, 22, 0, 13, 38, 1
5326, 22, 3, 13, 43, 1
5326, 22, 3, 16, 32, 1
5326, 22, 2, 20, 45, 1
5326, 22, 1, 21, 29, 1
5326, 22, 0, 21, 43, 1
5326, 22, 1, 23, 42, 1
5326, 22, 0, 23, 45, 1
5326, 22, 2, 27, 47, 1
5327, 22, 1, 42, 4, 0
5327, 22, 2, 43, 7, 0
5327, 22, 0, 45, 4, 0
5327, 22, 3, 45, 18, 0
5327, 22, 3, 46, 6, 0
5327, 22, 0, 53, 19, 0
5327, 22, 1, 56, 20, 0
5327, 22, 2, 58, 20, 0
5327, 22, 3, 62, 21, 0
5328, 22, 1, 42, 5, 0
5328, 22, 3, 42, 7, 0
5328, 22, 0, 43, 4, 0
5328, 22, 2, 43, 6, 0
5328, 22, 3, 44, 4, 0
5328, 22, 2, 44, 6, 0
5328, 22, 0, 44, 18, 0
5328, 22, 1, 44, 19, 0
5328, 22, 1, 45, 7, 0
5328, 22, 3, 45, 17, 0
5328, 22, 2, 45, 19, 0
5328, 22, 0, 46, 5, 0
5328, 22, 3, 46, 17, 0
5328, 22, 3, 46, 18, 0
5328, 22, 1, 52, 18, 0
5328, 22, 2, 52, 19, 0
5328, 22, 1, 53, 18, 0
5328, 22, 0, 54, 18, 0
5328, 22, 3, 54, 19, 0
5328, 22, 0, 55, 19, 0
5328, 22, 1, 55, 20, 0
5328, 22, 0, 56, 19, 0
5328, 22, 3, 56, 21, 0
5328, 22, 2, 57, 19, 0
5328, 22, 2, 57, 20, 0
5328, 22, 0, 57, 21, 0
5328, 22, 0, 58, 19, 0
5328, 22, 1, 58, 21, 0
5328, 22, 2, 59, 19, 0
5328, 22, 2, 59, 20, 0
5328, 22, 0, 59, 21, 0
5328, 22, 3, 60, 20, 0
5328, 22, 0, 60, 21, 0
5328, 22, 3, 60, 22, 0
5328, 22, 1, 61, 17, 0
5328, 22, 0, 61, 20, 0
5328, 22, 1, 61, 21, 0
5328, 22, 2, 61, 22, 0
5328, 22, 1, 62, 17, 0
5328, 22, 3, 62, 22, 0
5328, 22, 2, 63, 15, 0
5328, 22, 0, 63, 17, 0
5328, 22, 1, 63, 20, 0
5328, 22, 3, 63, 21, 0
5328, 22, 3, 63, 22, 0
5328, 22, 2, 63, 23, 0
5329, 22, 0, 43, 5, 0
5329, 22, 1, 45, 6, 0
5329, 22, 2, 46, 4, 0
5329, 22, 0, 62, 16, 0
5330, 10, 2, 18, 22, 0
5330, 11, 0, 36, 22, 0
5330, 10, 1, 37, 22, 0
5330, 10, 3, 37, 24, 0
5330, 10, 3, 46, 7, 0
5330, 11, 0, 47, 4, 0
5330, 11, 0, 37, 24, 2
5330, 11, 2, 38, 23, 2
5331, 10, 1, 6, 15, 0
5331, 10, 1, 10, 11, 0
5331, 10, 3, 58, 13, 0
5331, 10, 1, 61, 16, 0
5332, 10, 3, 50, 5, 0
5332, 10, 1, 54, 4, 0
5332, 10, 0, 58, 15, 0
5332, 10, 3, 60, 12, 0
5333, 10, 0, 51, 4, 0
5334, 10, 3, 7, 13, 0
5334, 10, 1, 8, 16, 0
5334, 10, 0, 9, 12, 0
5334, 10, 2, 12, 10, 0
5334, 10, 0, 50, 4, 0
5334, 10, 1, 50, 10, 0
5334, 10, 3, 53, 5, 0
5334, 10, 2, 57, 12, 0
5334, 10, 2, 63, 14, 0
5347, 10, 2, 36, 22, 1
5347, 10, 0, 36, 25, 1
5348, 10, 3, 42, 6, 0
5348, 10, 2, 34, 22, 1
5352, 10, 0, 48, 9, 0
5353, 10, 1, 42, 8, 0
5354, 10, 2, 28, 10, 0
5354, 10, 0, 33, 1, 0
5354, 10, 2, 35, 11, 0
5354, 10, 0, 38, 11, 0
5355, 10, 2, 18, 24, 0
5355, 10, 2, 18, 25, 1
5355, 10, 1, 20, 25, 1
5355, 10, 3, 23, 21, 1
5355, 10, 1, 34, 25, 2
5356, 10, 2, 17, 23, 0
5356, 10, 0, 19, 25, 1
5356, 10, 0, 22, 21, 1
5356, 10, 0, 36, 25, 2
5356, 10, 3, 37, 22, 2
5359, 10, 0, 44, 7, 0
5363, 18, 1, 42, 3, 1
5363, 12, 1, 42, 4, 1
5363, 12, 3, 42, 7, 1
5363, 18, 3, 42, 8, 1
5363, 18, 1, 43, 3, 1
5363, 12, 1, 43, 4, 1
5363, 12, 3, 43, 7, 1
5363, 18, 3, 43, 8, 1
5363, 18, 1, 44, 3, 1
5363, 12, 1, 44, 4, 1
5363, 12, 3, 44, 7, 1
5363, 18, 3, 44, 8, 1
5363, 18, 1, 45, 3, 1
5363, 12, 1, 45, 4, 1
5363, 12, 3, 45, 7, 1
5363, 18, 3, 45, 8, 1
5363, 18, 1, 46, 3, 1
5363, 12, 1, 46, 4, 1
5363, 12, 3, 46, 7, 1
5363, 18, 3, 46, 8, 1
5364, 12, 1, 42, 5, 1
5364, 12, 3, 42, 6, 1
5364, 12, 1, 43, 5, 1
5364, 12, 3, 43, 6, 1
5364, 12, 1, 44, 5, 1
5364, 12, 3, 44, 6, 1
5364, 12, 1, 45, 5, 1
5364, 12, 3, 45, 6, 1
5364, 12, 1, 46, 5, 1
5364, 12, 3, 46, 6, 1
5369, 18, 1, 41, 3, 1
5369, 18, 3, 47, 8, 1
5371, 18, 3, 41, 8, 1
5371, 18, 1, 47, 3, 1
5373, 18, 2, 41, 4, 1
5373, 18, 0, 47, 7, 1
5374, 18, 2, 41, 5, 1
5374, 18, 0, 47, 6, 1
5375, 18, 2, 41, 7, 1
5375, 18, 0, 47, 4, 1
5376, 18, 2, 41, 6, 1
5376, 18, 0, 47, 5, 1
5385, 10, 3, 18, 21, 0
5385, 10, 1, 18, 25, 0
5385, 10, 1, 20, 25, 0
5385, 10, 1, 21, 25, 0
5385, 10, 3, 22, 21, 0
5385, 10, 3, 24, 21, 0
5385, 10, 1, 26, 25, 0
5385, 10, 3, 30, 21, 0
5385, 10, 3, 32, 21, 0
5385, 10, 3, 34, 21, 0
5385, 10, 1, 34, 25, 0
5385, 10, 3, 36, 21, 0
5385, 10, 1, 36, 25, 0
5385, 10, 2, 38, 22, 0
5385, 10, 2, 38, 23, 0
5385, 10, 2, 38, 24, 0
5386, 10, 1, 19, 25, 0
5386, 10, 3, 23, 20, 0
5386, 10, 3, 31, 20, 0
5386, 10, 3, 33, 20, 0
5386, 10, 1, 33, 25, 0
5386, 10, 3, 35, 20, 0
5386, 10, 1, 35, 25, 0
5386, 10, 3, 37, 20, 0
5386, 10, 1, 37, 25, 0
5387, 10, 3, 17, 21, 0
5387, 10, 0, 17, 25, 0
5387, 10, 2, 38, 21, 0
5387, 10, 1, 38, 25, 0
5388, 10, 3, 17, 22, 0
5388, 10, 0, 17, 24, 0
5389, 22, 3, 17, 23, 0
5389, 22, 3, 16, 23, 1
5389, 22, 3, 17, 22, 1
5389, 22, 1, 17, 23, 1
5389, 22, 3, 18, 21, 1
5389, 22, 3, 18, 23, 1
5389, 22, 3, 18, 24, 1
5389, 22, 3, 18, 25, 1
5389, 22, 3, 19, 22, 1
5389, 22, 1, 19, 23, 1
5389, 22, 3, 19, 25, 1
5389, 22, 3, 20, 23, 1
5389, 22, 1, 20, 24, 1
5389, 22, 3, 20, 25, 1
5389, 22, 3, 21, 22, 1
5389, 22, 3, 21, 24, 1
5389, 22, 3, 21, 25, 1
5389, 22, 3, 22, 21, 1
5389, 22, 3, 22, 22, 1
5389, 22, 3, 22, 23, 1
5389, 22, 3, 23, 21, 1
5389, 22, 3, 23, 23, 1
5389, 22, 3, 24, 21, 1
5389, 22, 3, 24, 22, 1
5389, 22, 3, 24, 23, 1
5389, 22, 3, 25, 22, 1
5389, 22, 3, 25, 24, 1
5389, 22, 1, 26, 24, 1
5389, 22, 3, 26, 25, 1
5389, 22, 3, 27, 23, 1
5389, 22, 3, 27, 24, 1
5389, 22, 1, 29, 22, 1
5389, 22, 1, 30, 21, 1
5389, 22, 3, 30, 23, 1
5389, 22, 3, 31, 22, 1
5389, 22, 3, 32, 23, 1
5389, 22, 1, 33, 21, 1
5389, 22, 3, 33, 22, 1
5389, 22, 3, 33, 24, 1
5389, 22, 3, 34, 21, 1
5389, 22, 3, 34, 23, 1
5389, 22, 3, 34, 25, 1
5389, 22, 1, 35, 22, 1
5389, 22, 1, 35, 24, 1
5389, 22, 1, 36, 23, 1
5389, 22, 3, 36, 25, 1
5389, 22, 3, 37, 21, 1
5389, 22, 1, 37, 24, 1
5389, 22, 3, 38, 22, 1
5389, 22, 1, 38, 24, 1
5389, 22, 3, 32, 21, 2
5389, 22, 3, 32, 22, 2
5389, 22, 3, 32, 24, 2
5389, 22, 1, 32, 25, 2
5389, 22, 1, 33, 23, 2
5389, 22, 1, 33, 24, 2
5389, 22, 1, 34, 22, 2
5389, 22, 1, 34, 24, 2
5389, 22, 3, 34, 25, 2
5389, 22, 1, 35, 21, 2
5389, 22, 1, 35, 22, 2
5389, 22, 3, 35, 23, 2
5389, 22, 1, 35, 25, 2
5389, 22, 3, 36, 21, 2
5389, 22, 1, 36, 23, 2
5389, 22, 1, 36, 24, 2
5389, 22, 3, 37, 22, 2
5389, 22, 1, 37, 23, 2
5389, 22, 3, 37, 25, 2
5389, 22, 3, 38, 24, 2
5390, 22, 1, 17, 24, 1
5390, 22, 3, 18, 22, 1
5390, 22, 3, 19, 24, 1
5390, 22, 1, 21, 23, 1
5390, 22, 3, 22, 24, 1
5390, 22, 3, 23, 22, 1
5390, 22, 3, 26, 23, 1
5390, 22, 1, 28, 23, 1
5390, 22, 1, 30, 22, 1
5390, 22, 3, 31, 21, 1
5390, 22, 3, 31, 23, 1
5390, 22, 1, 32, 21, 1
5390, 22, 3, 32, 22, 1
5390, 22, 1, 32, 24, 1
5390, 22, 3, 33, 23, 1
5390, 22, 1, 33, 25, 1
5390, 22, 1, 34, 22, 1
5390, 22, 3, 34, 24, 1
5390, 22, 3, 35, 21, 1
5390, 22, 3, 35, 23, 1
5390, 22, 1, 35, 25, 1
5390, 22, 3, 36, 21, 1
5390, 22, 3, 36, 22, 1
5390, 22, 1, 36, 24, 1
5390, 22, 1, 37, 22, 1
5390, 22, 3, 37, 23, 1
5390, 22, 1, 37, 25, 1
5390, 22, 1, 38, 23, 1
5390, 22, 3, 32, 23, 2
5390, 22, 3, 33, 21, 2
5390, 22, 1, 33, 22, 2
5390, 22, 3, 33, 25, 2
5390, 22, 1, 34, 21, 2
5390, 22, 1, 34, 23, 2
5390, 22, 3, 35, 24, 2
5390, 22, 3, 36, 22, 2
5390, 22, 3, 36, 25, 2
5390, 22, 1, 37, 21, 2
5390, 22, 3, 37, 24, 2
5390, 22, 3, 38, 22, 2
5390, 22, 1, 38, 23, 2
5391, 22, 3, 16, 22, 1
5391, 22, 3, 17, 21, 1
5391, 22, 1, 38, 25, 1
5391, 22, 1, 38, 25, 2
5392, 22, 1, 16, 24, 1
5392, 22, 1, 17, 25, 1
5392, 22, 3, 38, 21, 1
5392, 22, 3, 38, 21, 2
5393, 22, 3, 25, 23, 1
5393, 22, 1, 29, 23, 1
5395, 10, 0, 15, 24, 0
5396, 10, 0, 15, 22, 0
5397, 10, 0, 15, 23, 0
5398, 1, 1, 16, 21, 1
5398, 9, 1, 16, 22, 1
5398, 9, 2, 16, 24, 1
5398, 1, 2, 16, 25, 1
5398, 1, 1, 17, 20, 1
5398, 9, 1, 17, 21, 1
5398, 9, 2, 17, 25, 1
5398, 1, 2, 17, 26, 1
5398, 0, 1, 18, 20, 1
5398, 0, 3, 18, 26, 1
5398, 0, 3, 19, 26, 1
5398, 0, 3, 20, 26, 1
5398, 0, 1, 22, 20, 1
5398, 0, 1, 23, 20, 1
5398, 0, 1, 24, 20, 1
5398, 0, 3, 26, 26, 1
5398, 0, 1, 30, 20, 1
5398, 0, 1, 31, 20, 1
5398, 0, 1, 32, 20, 2
5398, 0, 3, 32, 26, 2
5398, 0, 1, 33, 20, 2
5398, 0, 3, 33, 26, 2
5398, 0, 1, 34, 20, 2
5398, 0, 3, 34, 26, 2
5398, 0, 1, 35, 20, 2
5398, 0, 3, 35, 26, 2
5398, 0, 1, 36, 20, 2
5398, 0, 3, 36, 26, 2
5398, 0, 1, 37, 20, 2
5398, 0, 3, 37, 26, 2
5398, 1, 0, 38, 20, 2
5398, 9, 0, 38, 21, 2
5398, 9, 3, 38, 25, 2
5398, 1, 3, 38, 26, 2
5398, 1, 0, 39, 21, 2
5398, 0, 0, 39, 22, 2
5398, 0, 0, 39, 23, 2
5398, 0, 0, 39, 24, 2
5398, 1, 3, 39, 25, 2
5403, 10, 2, 32, 23, 2
5405, 10, 3, 19, 23, 1
5405, 10, 3, 23, 23, 1
5405, 10, 3, 27, 23, 1
5406, 10, 3, 19, 23, 2
5406, 10, 3, 23, 23, 2
5406, 10, 3, 27, 23, 2
5407, 10, 3, 19, 23, 3
5407, 10, 3, 23, 23, 3
5407, 10, 3, 27, 23, 3
5408, 10, 0, 9, 23, 1
5409, 10, 0, 19, 20, 2
5409, 10, 0, 23, 20, 2
5409, 10, 0, 27, 20, 2
5410, 10, 0, 19, 24, 2
5410, 10, 0, 23, 24, 2
5410, 10, 0, 27, 24, 2
5411, 10, 0, 19, 20, 3
5411, 10, 0, 23, 20, 3
5411, 10, 0, 27, 20, 3
5412, 10, 0, 19, 24, 3
5412, 10, 0, 23, 24, 3
5412, 10, 0, 27, 24, 3
5413, 10, 2, 35, 23, 3
5414, 10, 0, 9, 23, 2
5417, 0, 2, 31, 22, 2
5417, 0, 2, 31, 23, 2
5417, 0, 2, 31, 24, 2
5418, 10, 1, 23, 25, 0
5418, 10, 1, 24, 25, 0
5418, 10, 3, 26, 21, 0
5418, 10, 3, 27, 21, 0
5418, 10, 3, 28, 21, 0
5418, 10, 1, 28, 25, 0
5418, 10, 1, 29, 25, 0
5418, 10, 1, 30, 25, 0
5418, 10, 1, 31, 25, 0
5419, 10, 3, 21, 21, 0
5419, 10, 1, 22, 25, 0
5419, 10, 1, 27, 25, 0
5419, 10, 3, 29, 21, 0
5420, 10, 3, 19, 21, 0
5420, 10, 3, 25, 21, 0
5420, 10, 1, 25, 25, 0
5420, 10, 1, 32, 25, 0
5421, 22, 3, 18, 22, 0
5421, 22, 3, 18, 23, 0
5421, 22, 1, 19, 23, 0
5421, 22, 1, 19, 24, 0
5421, 22, 1, 20, 22, 0
5421, 22, 1, 21, 23, 0
5421, 22, 3, 21, 24, 0
5421, 22, 3, 22, 22, 0
5421, 22, 3, 22, 23, 0
5421, 22, 1, 23, 22, 0
5421, 22, 3, 23, 23, 0
5421, 22, 3, 23, 24, 0
5421, 22, 1, 24, 24, 0
5421, 22, 1, 25, 22, 0
5421, 22, 3, 25, 23, 0
5421, 22, 3, 26, 23, 0
5421, 22, 1, 26, 24, 0
5421, 22, 3, 27, 22, 0
5421, 22, 3, 27, 23, 0
5421, 22, 3, 28, 22, 0
5421, 22, 3, 29, 23, 0
5421, 22, 1, 29, 24, 0
5421, 22, 1, 30, 24, 0
5421, 22, 3, 31, 22, 0
5421, 22, 1, 31, 23, 0
5421, 22, 1, 32, 22, 0
5421, 22, 1, 32, 23, 0
5421, 22, 3, 32, 24, 0
5421, 22, 1, 33, 22, 0
5421, 22, 3, 33, 24, 0
5421, 22, 3, 34, 23, 0
5421, 22, 1, 34, 24, 0
5421, 22, 1, 35, 22, 0
5421, 22, 1, 36, 23, 0
5421, 22, 1, 37, 22, 0
5422, 22, 1, 18, 24, 0
5422, 22, 1, 19, 22, 0
5422, 22, 3, 20, 23, 0
5422, 22, 3, 20, 24, 0
5422, 22, 1, 21, 22, 0
5422, 22, 1, 22, 24, 0
5422, 22, 3, 24, 22, 0
5422, 22, 1, 24, 23, 0
5422, 22, 3, 25, 24, 0
5422, 22, 1, 26, 22, 0
5422, 22, 3, 27, 24, 0
5422, 22, 3, 28, 23, 0
5422, 22, 1, 28, 24, 0
5422, 22, 1, 29, 22, 0
5422, 22, 3, 30, 22, 0
5422, 22, 1, 30, 23, 0
5422, 22, 3, 31, 24, 0
5422, 22, 3, 33, 23, 0
5422, 22, 1, 34, 22, 0
5422, 22, 3, 35, 23, 0
5422, 22, 1, 35, 24, 0
5422, 22, 1, 36, 22, 0
5422, 22, 3, 36, 24, 0
5422, 22, 1, 37, 23, 0
5422, 22, 3, 37, 24, 0
5423, 22, 1, 19, 21, 1
5423, 22, 1, 25, 21, 1
5423, 22, 3, 25, 25, 1
5423, 22, 3, 32, 25, 1
5424, 22, 1, 21, 21, 1
5424, 22, 3, 22, 25, 1
5424, 22, 3, 27, 25, 1
5424, 22, 1, 29, 21, 1
5425, 22, 1, 20, 22, 1
5425, 22, 3, 24, 24, 1
5425, 22, 1, 27, 22, 1
5425, 22, 3, 28, 24, 1
5425, 22, 3, 30, 24, 1
5426, 22, 3, 23, 24, 1
5426, 22, 1, 26, 22, 1
5426, 22, 1, 28, 22, 1
5426, 22, 3, 29, 24, 1
5426, 22, 3, 31, 24, 1
5428, 2, 3, 32, 21, 1
5428, 0, 0, 32, 22, 1
5428, 0, 0, 32, 24, 1
5428, 2, 0, 32, 25, 1
5428, 0, 3, 33, 21, 1
5428, 0, 1, 33, 25, 1
5428, 0, 3, 34, 21, 1
5428, 0, 1, 34, 25, 1
5428, 0, 3, 35, 21, 1
5428, 0, 1, 35, 25, 1
5428, 0, 3, 36, 21, 1
5428, 0, 1, 36, 25, 1
5428, 0, 3, 37, 21, 1
5428, 0, 1, 37, 25, 1
5428, 9, 2, 38, 21, 1
5428, 0, 2, 38, 22, 1
5428, 0, 2, 38, 23, 1
5428, 0, 2, 38, 24, 1
5428, 9, 1, 38, 25, 1
5429, 10, 3, 34, 23, 1
5432, 1, 1, 24, 4, 0
5432, 0, 2, 24, 5, 0
5432, 0, 2, 24, 9, 0
5432, 1, 2, 24, 10, 0
5432, 1, 1, 25, 3, 0
5432, 9, 1, 25, 4, 0
5432, 9, 2, 25, 10, 0
5432, 1, 2, 25, 11, 0
5432, 1, 1, 26, 2, 0
5432, 9, 1, 26, 3, 0
5432, 0, 3, 26, 11, 0
5432, 0, 3, 29, 11, 0
5432, 1, 1, 30, 1, 0
5432, 9, 1, 30, 2, 0
5432, 1, 1, 31, 0, 0
5432, 9, 1, 31, 1, 0
5432, 0, 3, 31, 11, 0
5432, 0, 1, 32, 0, 0
5432, 9, 2, 34, 11, 0
5432, 1, 2, 34, 12, 0
5432, 0, 3, 35, 12, 0
5432, 0, 1, 36, 0, 0
5432, 1, 2, 36, 2, 0
5432, 9, 2, 37, 2, 0
5432, 1, 2, 37, 3, 0
5432, 0, 3, 40, 12, 0
5432, 2, 2, 41, 3, 0
5432, 0, 2, 41, 9, 0
5432, 0, 2, 41, 11, 0
5432, 0, 3, 41, 12, 0
5432, 0, 3, 42, 12, 0
5432, 0, 3, 46, 12, 0
5432, 0, 1, 47, 3, 0
5432, 0, 3, 48, 12, 0
5432, 0, 1, 49, 3, 0
5432, 0, 3, 49, 12, 0
5432, 1, 0, 50, 3, 0
5432, 0, 0, 50, 4, 0
5432, 1, 3, 50, 12, 0
5433, 0, 2, 24, 6, 0
5433, 0, 1, 27, 2, 0
5433, 0, 3, 28, 11, 0
5433, 0, 1, 33, 0, 0
5433, 0, 3, 33, 11, 0
5433, 0, 2, 36, 1, 0
5433, 0, 3, 36, 12, 0
5433, 0, 3, 39, 3, 0
5433, 0, 3, 39, 12, 0
5433, 0, 3, 43, 12, 0
5433, 0, 0, 50, 6, 0
5434, 0, 2, 24, 8, 0
5434, 0, 1, 29, 2, 0
5434, 0, 3, 30, 11, 0
5434, 0, 1, 35, 0, 0
5434, 0, 3, 37, 12, 0
5434, 0, 3, 38, 3, 0
5434, 0, 3, 44, 12, 0
5434, 0, 3, 47, 12, 0
5434, 0, 1, 48, 3, 0
5434, 0, 0, 50, 10, 0
5435, 0, 0, 50, 9, 0
5436, 0, 0, 50, 7, 0
5438, 0, 2, 24, 7, 0
5438, 0, 3, 27, 11, 0
5438, 0, 1, 28, 2, 0
5438, 0, 3, 32, 11, 0
5438, 0, 1, 34, 0, 0
5438, 0, 3, 38, 12, 0
5438, 0, 3, 40, 3, 0
5438, 0, 2, 41, 8, 0
5438, 0, 3, 45, 12, 0
5438, 0, 0, 50, 5, 0
5438, 0, 0, 50, 11, 0
5439, 10, 3, 44, 5, 0
